pcd,pcd2,pcds,dointr,doterm,oscty,ced,oslaua,osward,parish,usertype,oseast1m,osnrth1m,osgrdind,oshlthau,nhser,ctry,rgn,streg,pcon,eer,teclec,ttwa,pct,itl,statsward,oa01,casward,npark,lsoa01,msoa01,ur01ind,oac01,oa11,lsoa11,msoa11,wz11,sicbl,bua24,ru11ind,oac11,lat,long,lep1,lep2,pfa,imd,calncv,icb,oa21,lsoa21,msoa21
"AL1 1AA","AL1  1AA","AL1 1AA","199002","199405","E10000015","E58000666","E07000240","E05013966","E43000290","1","514600","0206900","8","E18000006","E40000007","E92000001","E12000006","5","E14001507","E15000006","E24000005","E30000237","E16000150","E07000240","26UGGR","E00120568","26UGGR","E65000001","E01023743","E02004937","5","2B2","E00120568","E01023743","E02004937","E33024349","E38000079","E63011552","C1","5A3",51.749084,-0.341337,"E37000048","","E23000027",30564,"E56000035","E54000025","E00120568","E01023743","E02004937"
"AL1 1AB","AL1  1AB","AL1 1AB","200401","200401","E10000015","E58000664","E07000240","E05013956","E43000290","1","517328","0206823","1","E18000006","E40000007","E92000001","E12000006","5","E14001507","E15000006","E24000005","E30000237","E16000150","E07000240","26UGFX","E00120196","26UGFX","E65000001","E01023667","E02004936","5","6D1","E00120196","E01023667","E02004936","E33027453","E38000079","E63011552","C1","5A2",51.747828,-0.301865,"E37000048","","E23000027",30628,"E56000035","E54000025","E00120196","E01023667","E02004936"
"AL1 1AD","AL1  1AD","AL1 1AD","199208","200803","E10000015","E58000664","E07000240","E05013956","E43000290","1","517328","0206823","1","E18000006","E40000007","E92000001","E12000006","5","E14001507","E15000006","E24000005","E30000237","E16000150","E07000240","26UGFX","E00120196","26UGFX","E65000001","E01023667","E02004936","5","6D1","E00120196","E01023667","E02004936","E33027453","E38000079","E63011552","C1","5A2",51.747828,-0.301865,"E37000048","","E23000027",30628,"E56000035","E54000025","E00120196","E01023667","E02004936"
"AL1 1AE","AL1  1AE","AL1 1AE","200711","201507","E10000015","E58000664","E07000240","E05013956","E43000290","1","517328","0206823","1","E18000006","E40000007","E92000001","E12000006","5","E14001507","E15000006","E24000005","E30000237","E16000150","E07000240","26UGFX","E00120196","26UGFX","E65000001","E01023667","E02004936","5","6D1","E00120196","E01023667","E02004936","E33027453","E38000079","E63011552","C1","5A2",51.747828,-0.301865,"E37000048","","E23000027",30628,"E56000035","E54000025","E00120196","E01023667","E02004936"
"AL1 1AF","AL1  1AF","AL1 1AF","199507","199612","E10000015","E58000666","E07000240","E05013966","E43000290","1","514600","0206900","8","E18000006","E40000007","E92000001","E12000006","5","E14001507","E15000006","E24000005","E30000237","E16000150","E07000240","26UGGR","E00120568","26UGGR","E65000001","E01023743","E02004937","5","2B2","E00120568","E01023743","E02004937","E33024349","E38000079","E63011552","C1","5A3",51.749084,-0.341337,"E37000048","","E23000027",30564,"E56000035","E54000025","E00120568","E01023743","E02004937"
"AL1 1AG","AL1  1AG","AL1 1AG","199612","","E10000015","E58000666","E07000240","E05013963","E43000290","0","515487","0206498","1","E18000006","E40000007","E92000001","E12000006","5","E14001507","E15000006","E24000005","E30000237","E16000150","E07000240","26UGGQ","E00120543","26UGGQ","E65000001","E01023741","E02004940","5","6D1","E00120543","E01023741","E02004940","E33027473","E38000079","E63011552","C1","5A2",51.745290,-0.328628,"E37000048","","E23000027",30070,"E56000035","E54000025","E00120543","E01023741","E02004940"
"AL1 1AH","AL1  1AH","AL1 1AH","199612","199912","E10000015","E58000666","E07000240","E05013963","E43000290","0","515562","0206455","3","E18000006","E40000007","E92000001","E12000006","5","E14001507","E15000006","E24000005","E30000237","E16000150","E07000240","26UGGQ","E00120543","26UGGQ","E65000001","E01023741","E02004940","5","6D1","E00120543","E01023741","E02004940","E33027473","E38000079","E63011552","C1","5A2",51.744888,-0.327556,"E37000048","","E23000027",30070,"E56000035","E54000025","E00120543","E01023741","E02004940"
"AL1 1AJ","AL1  1AJ","AL1 1AJ","199612","","E10000015","E58000666","E07000240","E05013963","E43000290","0","515491","0206410","1","E18000006","E40000007","E92000001","E12000006","5","E14001507","E15000006","E24000005","E30000237","E16000150","E07000240","26UGGQ","E00120543","26UGGQ","E65000001","E01023741","E02004940","5","6D1","E00120543","E01023741","E02004940","E33027473","E38000079","E63011552","C1","5A2",51.744498,-0.328599,"E37000048","","E23000027",30070,"E56000035","E54000025","E00120543","E01023741","E02004940"
"AL1 1AL","AL1  1AL","AL1 1AL","199612","200509","E10000015","E58000664","E07000240","E05013956","E43000290","1","517328","0206823","1","E18000006","E40000007","E92000001","E12000006","5","E14001507","E15000006","E24000005","E30000237","E16000150","E07000240","26UGFX","E00120196","26UGFX","E65000001","E01023667","E02004936","5","6D1","E00120196","E01023667","E02004936","E33027453","E38000079","E63011552","C1","5A2",51.747828,-0.301865,"E37000048","","E23000027",30628,"E56000035","E54000025","E00120196","E01023667","E02004936"
"AL1 1AN","AL1  1AN","AL1 1AN","199706","199912","E10000015","E58000666","E07000240","E05013963","E43000290","1","515429","0206407","6","E18000006","E40000007","E92000001","E12000006","5","E14001507","E15000006","E24000005","E30000237","E16000150","E07000240","26UGGQ","E00120543","26UGGQ","E65000001","E01023741","E02004940","5","6D1","E00120543","E01023741","E02004940","E33027473","E38000079","E63011552","C1","5A2",51.744484,-0.329498,"E37000048","","E23000027",30070,"E56000035","E54000025","E00120543","E01023741","E02004940"
"AL1 1AP","AL1  1AP","AL1 1AP","199706","199912","E10000015","E58000666","E07000240","E05013963","E43000290","1","515429","0206407","6","E18000006","E40000007","E92000001","E12000006","5","E14001507","E15000006","E24000005","E30000237","E16000150","E07000240","26UGGQ","E00120543","26UGGQ","E65000001","E01023741","E02004940","5","6D1","E00120543","E01023741","E02004940","E33027473","E38000079","E63011552","C1","5A2",51.744484,-0.329498,"E37000048","","E23000027",30070,"E56000035","E54000025","E00120543","E01023741","E02004940"
"AL1 1AQ","AL1  1AQ","AL1 1AQ","199712","200308","E10000015","E58000666","E07000240","E05013963","E43000290","1","515713","0206312","1","E18000006","E40000007","E92000001","E12000006","5","E14001507","E15000006","E24000005","E30000237","E16000150","E07000240","26UGGQ","E00120543","26UGGQ","E65000001","E01023741","E02004940","5","6D1","E00120543","E01023741","E02004940","E33027473","E38000079","E63011552","C1","5A2",51.743571,-0.325418,"E37000048","","E23000027",30070,"E56000035","E54000025","E00120543","E01023741","E02004940"
"AL1 1AR","AL1  1AR","AL1 1AR","200804","","E10000015","E58000664","E07000240","E05013951","E43000290","0","516270","0205897","1","E18000006","E40000007","E92000001","E12000006","5","E14001507","E15000006","E24000005","E30000237","E16000150","E07000240","26UGGB","E00120276","26UGGB","E65000001","E01023684","E02004939","5","6D2","E00120276","E01023684","E02004939","E33027469","E38000079","E63011552","C1","5A2",51.739727,-0.317492,"E37000048","","E23000027",28935,"E56000035","E54000025","E00120276","E01023684","E02004939"
"AL1 1AS","AL1  1AS","AL1 1AS","200804","","E10000015","E58000663","E07000240","E05013964","E43000290","0","515005","0206908","1","E18000006","E40000007","E92000001","E12000006","5","E14001507","E15000006","E24000005","E30000237","E16000150","E07000240","26UGGM","E00120492","26UGGM","E65000001","E01023726","E02004935","5","2B2","E00120492","E01023726","E02004935","E33027448","E38000079","E63011552","C1","2D2",51.749073,-0.335471,"E37000048","","E23000027",29172,"E56000035","E54000025","E00120492","E01023726","E02004935"
"AL1 1AT","AL1  1AT","AL1 1AT","201409","","E10000015","E58000664","E07000240","E05013951","E43000290","0","516131","0206148","1","E18000006","E40000007","E92000001","E12000006","5","E14001507","E15000006","E24000005","E30000237","E16000150","E07000240","26UGGB","E00120267","26UGGB","E65000001","E01023682","E02004939","5","2B2","E00120267","E01023682","E02004939","E33027467","E38000079","E63011552","C1","5B2",51.742011,-0.319421,"E37000048","","E23000027",20975,"E56000035","E54000025","E00120267","E01023682","E02004939"
"AL1 1AU","AL1  1AU","AL1 1AU","201612","","E10000015","E58000664","E07000240","E05013951","E43000290","0","516141","0206088","1","E18000006","E40000007","E92000001","E12000006","5","E14001507","E15000006","E24000005","E30000237","E16000150","E07000240","26UGGB","E00120267","26UGGB","E65000001","E01023682","E02004939","5","2B2","E00120267","E01023682","E02004939","E33027467","E38000079","E63011552","C1","5B2",51.741475,-0.319273,"E37000048","","E23000027",20975,"E56000035","E54000025","E00120267","E01023682","E02004939"
"AL1 1AW","AL1  1AW","AL1 1AW","201906","","E10000015","E58000664","E07000240","E05013951","E43000290","0","515937","0206118","1","E18000006","E40000007","E92000001","E12000006","5","E14001507","E15000006","E24000005","E30000237","E16000150","E07000240","26UGGB","E00120267","26UGGB","E65000001","E01023682","E02004939","5","2B2","E00120267","E01023682","E02004939","E33027467","E38000079","E63011552","C1","5B2",51.741787,-0.322216,"E37000048","","E23000027",20975,"E56000035","E54000025","E00120267","E01023682","E02004939"
"AL1 1AX","AL1  1AX","AL1 1AX","202409","","E10000015","E58000666","E07000240","E05013963","E43000290","0","515538","0206387","1","E18000006","E40000007","E92000001","E12000006","5","E14001507","E15000006","E24000005","E30000237","E16000150","E07000240","26UGGQ","E00120543","26UGGQ","E65000001","E01023741","E02004940","5","6D1","E00120543","E01023741","E02004940","E33027473","E38000079","E63011552","C1","5A2",51.744287,-0.327903,"E37000048","","E23000027",30070,"E56000035","E54000025","E00120543","E01023741","E02004940"
"AL1 1AZ","AL1  1AZ","AL1 1AZ","199501","200102","E10000015","E58000664","E07000240","E05013951","E43000290","1","516270","0205372","1","E18000006","E40000007","E92000001","E12000006","5","E14001507","E15000006","E24000005","E30000237","E16000150","E07000240","26UGGB","E00120277","26UGGB","E65000001","E01023684","E02004939","5","4D1","E00120277","E01023684","E02004939","E33027469","E38000079","E63011552","C1","5A2",51.735008,-0.317668,"E37000048","","E23000027",28935,"E56000035","E54000025","E00120277","E01023684","E02004939"
"AL1 1BA","AL1  1BA","AL1 1BA","200106","200203","E10000015","E58000664","E07000240","E05013956","E43000290","1","517328","0206823","1","E18000006","E40000007","E92000001","E12000006","5","E14001507","E15000006","E24000005","E30000237","E16000150","E07000240","26UGFX","E00120196","26UGFX","E65000001","E01023667","E02004936","5","6D1","E00120196","E01023667","E02004936","E33027453","E38000079","E63011552","C1","5A2",51.747828,-0.301865,"E37000048","","E23000027",30628,"E56000035","E54000025","E00120196","E01023667","E02004936"
"AL1 1BB","AL1  1BB","AL1 1BB","198604","199012","E10000015","E58000663","E07000240","E05013964","E43000290","1","514700","0207000","8","E18000006","E40000007","E92000001","E12000006","5","E14001507","E15000006","E24000005","E30000237","E16000150","E07000240","26UGGM","E00120491","26UGGM","E65000001","E01023726","E02004935","5","2B2","E00120491","E01023726","E02004935","E33024341","E38000079","E63011552","C1","5A3",51.749963,-0.339856,"E37000048","","E23000027",29172,"E56000035","E54000025","E00120491","E01023726","E02004935"
"AL1 1BE","AL1  1BE","AL1 1BE","199208","199507","E10000015","E58000663","E07000240","E05013964","E43000290","1","514700","0206800","8","E18000006","E40000007","E92000001","E12000006","5","E14001507","E15000006","E24000005","E30000237","E16000150","E07000240","26UGGM","E00120497","26UGGM","E65000001","E01023727","E02004935","5","2B2","E00120497","E01023727","E02004935","E33027448","E38000079","E63011552","C1","3D2",51.748165,-0.339922,"E37000048","","E23000027",15120,"E56000035","E54000025","E00120497","E01023727","E02004935"
"AL1 1BF","AL1  1BF","AL1 1BF","199702","200009","E10000015","E58000666","E07000240","E05013963","E43000290","1","514700","0206600","8","E18000006","E40000007","E92000001","E12000006","5","E14001507","E15000006","E24000005","E30000237","E16000150","E07000240","26UGGQ","E00120561","26UGGQ","E65000001","E01023740","E02004940","5","2B2","E00120561","E01023740","E02004940","E33027472","E38000079","E63011552","C1","5A3",51.746368,-0.339988,"E37000048","","E23000027",27694,"E56000035","E54000025","E00120561","E01023740","E02004940"
"AL1 1BH","AL1  1BH","AL1 1BH","199101","","E10000015","E58000666","E07000240","E05013963","E43000290","0","514836","0206657","1","E18000006","E40000007","E92000001","E12000006","5","E14001507","E15000006","E24000005","E30000237","E16000150","E07000240","26UGGQ","E00120559","26UGGQ","E65000001","E01023740","E02004940","5","7A2","E00120559","E01023740","E02004940","E33027472","E38000079","E63011552","C1","4A1",51.746852,-0.338000,"E37000048","","E23000027",27694,"E56000035","E54000025","E00120559","E01023740","E02004940"
"AL1 1BT","AL1  1BT","AL1 1BT","198001","201408","E10000015","E58000666","E07000240","E05013966","E43000290","1","514646","0206977","1","E18000006","E40000007","E92000001","E12000006","5","E14001507","E15000006","E24000005","E30000237","E16000150","E07000240","26UGGR","E00120568","26UGGR","E65000001","E01023743","E02004937","5","2B2","E00120568","E01023743","E02004937","E33024349","E38000079","E63011552","C1","5A3",51.749767,-0.340646,"E37000048","","E23000027",30564,"E56000035","E54000025","E00120568","E01023743","E02004937"
"AL1 1BU","AL1  1BU","AL1 1BU","198307","202411","E10000015","E58000666","E07000240","E05013966","E43000290","1","514643","0206972","1","E18000006","E40000007","E92000001","E12000006","5","E14001507","E15000006","E24000005","E30000237","E16000150","E07000240","26UGGR","E00120568","26UGGR","E65000001","E01023743","E02004937","5","2B2","E00120568","E01023743","E02004937","E33024349","E38000079","E63011552","C1","5A3",51.749723,-0.340691,"E37000048","","E23000027",30564,"E56000035","E54000025","E00120568","E01023743","E02004937"
"AL1 1BX","AL1  1BX","AL1 1BX","198001","","E10000015","E58000666","E07000240","E05013966","E43000290","0","514621","0206900","1","E18000006","E40000007","E92000001","E12000006","5","E14001507","E15000006","E24000005","E30000237","E16000150","E07000240","26UGGR","E00120568","26UGGR","E65000001","E01023743","E02004937","5","2B2","E00120568","E01023743","E02004937","E33024349","E38000079","E63011552","C1","5A3",51.749086,-0.341010,"E37000048","","E23000027",30564,"E56000035","E54000025","E00120568","E01023743","E02004937"
"AL1 1BY","AL1  1BY","AL1 1BY","198001","","E10000015","E58000666","E07000240","E05013966","E43000290","0","514582","0206986","1","E18000006","E40000007","E92000001","E12000006","5","E14001507","E15000006","E24000005","E30000237","E16000150","E07000240","26UGGR","E00120568","26UGGR","E65000001","E01023743","E02004937","5","2B2","E00120568","E01023743","E02004937","E33024349","E38000079","E63011552","C1","5A3",51.749861,-0.341570,"E37000048","","E23000027",30564,"E56000035","E54000025","E00120568","E01023743","E02004937"
"AL1 1BZ","AL1  1BZ","AL1 1BZ","198001","","E10000015","E58000666","E07000240","E05013966","E43000290","0","514667","0207047","1","E18000006","E40000007","E92000001","E12000006","5","E14001507","E15000006","E24000005","E30000237","E16000150","E07000240","26UGGR","E00120568","26UGGR","E65000001","E01023743","E02004937","5","2B2","E00120568","E01023743","E02004937","E33024349","E38000079","E63011552","C1","5A3",51.750392,-0.340319,"E37000048","","E23000027",30564,"E56000035","E54000025","E00120568","E01023743","E02004937"
"AL1 1DA","AL1  1DA","AL1 1DA","199612","200011","E10000015","E58000666","E07000240","E05013966","E43000290","0","514600","0207000","8","E18000006","E40000007","E92000001","E12000006","5","E14001507","E15000006","E24000005","E30000237","E16000150","E07000240","26UGGR","E00120568","26UGGR","E65000001","E01023743","E02004937","5","2B2","E00120568","E01023743","E02004937","E33024349","E38000079","E63011552","C1","5A3",51.749983,-0.341304,"E37000048","","E23000027",30564,"E56000035","E54000025","E00120568","E01023743","E02004937"
"AL1 1DB","AL1  1DB","AL1 1DB","199208","200602","E10000015","E58000664","E07000240","E05013956","E43000290","1","517328","0206823","1","E18000006","E40000007","E92000001","E12000006","5","E14001507","E15000006","E24000005","E30000237","E16000150","E07000240","26UGFX","E00120196","26UGFX","E65000001","E01023667","E02004936","5","6D1","E00120196","E01023667","E02004936","E33027453","E38000079","E63011552","C1","5A2",51.747828,-0.301865,"E37000048","","E23000027",30628,"E56000035","E54000025","E00120196","E01023667","E02004936"
"AL1 1DD","AL1  1DD","AL1 1DD","198001","201701","E10000015","E58000666","E07000240","E05013966","E43000290","1","514658","0207037","1","E18000006","E40000007","E92000001","E12000006","5","E14001507","E15000006","E24000005","E30000237","E16000150","E07000240","26UGGR","E00120568","26UGGR","E65000001","E01023743","E02004937","5","2B2","E00120568","E01023743","E02004937","E33024349","E38000079","E63011552","C1","5A3",51.750304,-0.340452,"E37000048","","E23000027",30564,"E56000035","E54000025","E00120568","E01023743","E02004937"
"AL1 1DE","AL1  1DE","AL1 1DE","198001","200901","E10000015","E58000666","E07000240","E05013966","E43000290","1","514654","0206997","1","E18000006","E40000007","E92000001","E12000006","5","E14001507","E15000006","E24000005","E30000237","E16000150","E07000240","26UGGR","E00120568","26UGGR","E65000001","E01023743","E02004937","5","2B2","E00120568","E01023743","E02004937","E33024349","E38000079","E63011552","C1","5A3",51.749945,-0.340524,"E37000048","","E23000027",30564,"E56000035","E54000025","E00120568","E01023743","E02004937"
"AL1 1DF","AL1  1DF","AL1 1DF","199412","199912","E10000015","E58000666","E07000240","E05013963","E43000290","1","515429","0206407","6","E18000006","E40000007","E92000001","E12000006","5","E14001507","E15000006","E24000005","E30000237","E16000150","E07000240","26UGGQ","E00120543","26UGGQ","E65000001","E01023741","E02004940","5","6D1","E00120543","E01023741","E02004940","E33027473","E38000079","E63011552","C1","5A2",51.744484,-0.329498,"E37000048","","E23000027",30070,"E56000035","E54000025","E00120543","E01023741","E02004940"
"AL1 1DG","AL1  1DG","AL1 1DG","198001","","E10000015","E58000666","E07000240","E05013966","E43000290","0","514450","0206754","1","E18000006","E40000007","E92000001","E12000006","5","E14001507","E15000006","E24000005","E30000237","E16000150","E07000240","26UGGR","E00120563","26UGGR","E65000001","E01023743","E02004937","5","2B1","E00120563","E01023743","E02004937","E33027457","E38000079","E63011552","C1","5B1",51.747809,-0.343534,"E37000048","","E23000027",30564,"E56000035","E54000025","E00120563","E01023743","E02004937"
"AL1 1DH","AL1  1DH","AL1 1DH","198001","","E10000015","E58000666","E07000240","E05013966","E43000290","0","514562","0206730","1","E18000006","E40000007","E92000001","E12000006","5","E14001507","E15000006","E24000005","E30000237","E16000150","E07000240","26UGGR","E00120568","26UGGR","E65000001","E01023743","E02004937","5","2B2","E00120568","E01023743","E02004937","E33024349","E38000079","E63011552","C1","5A3",51.747564,-0.341943,"E37000048","","E23000027",30564,"E56000035","E54000025","E00120568","E01023743","E02004937"
"AL1 1DJ","AL1  1DJ","AL1 1DJ","198001","198512","E10000015","E58000666","E07000240","E05013966","E43000290","1","514600","0207000","8","E18000006","E40000007","E92000001","E12000006","5","E14001507","E15000006","E24000005","E30000237","E16000150","E07000240","26UGGR","E00120568","26UGGR","E65000001","E01023743","E02004937","5","2B2","E00120568","E01023743","E02004937","E33024349","E38000079","E63011552","C1","5A3",51.749983,-0.341304,"E37000048","","E23000027",30564,"E56000035","E54000025","E00120568","E01023743","E02004937"
"AL1 1DL","AL1  1DL","AL1 1DL","198001","199507","E10000015","E58000666","E07000240","E05013966","E43000290","1","514600","0206900","8","E18000006","E40000007","E92000001","E12000006","5","E14001507","E15000006","E24000005","E30000237","E16000150","E07000240","26UGGR","E00120568","26UGGR","E65000001","E01023743","E02004937","5","2B2","E00120568","E01023743","E02004937","E33024349","E38000079","E63011552","C1","5A3",51.749084,-0.341337,"E37000048","","E23000027",30564,"E56000035","E54000025","E00120568","E01023743","E02004937"
"AL1 1DN","AL1  1DN","AL1 1DN","199301","199412","E10000015","E58000666","E07000240","E05013963","E43000290","1","515400","0206000","8","E18000006","E40000007","E92000001","E12000006","5","E14001507","E15000006","E24000005","E30000237","E16000150","E07000240","26UGGQ","E00120547","26UGGQ","E65000001","E01023741","E02004940","5","7A2","E00120547","E01023741","E02004940","E33027473","E38000079","","C1","4A1",51.740832,-0.330052,"E37000048","","E23000027",30070,"E56000035","E54000025","E00120547","E01023741","E02004940"
"AL1 1DQ","AL1  1DQ","AL1 1DQ","198001","","E10000015","E58000666","E07000240","E05013966","E43000290","0","514535","0206712","1","E18000006","E40000007","E92000001","E12000006","5","E14001507","E15000006","E24000005","E30000237","E16000150","E07000240","26UGGR","E00120563","26UGGR","E65000001","E01023743","E02004937","5","2B1","E00120563","E01023743","E02004937","E33027457","E38000079","E63011552","C1","5B1",51.747408,-0.342340,"E37000048","","E23000027",30564,"E56000035","E54000025","E00120563","E01023743","E02004937"
"AL1 1DR","AL1  1DR","AL1 1DR","199612","200009","E10000015","E58000666","E07000240","E05013963","E43000290","1","515429","0206407","6","E18000006","E40000007","E92000001","E12000006","5","E14001507","E15000006","E24000005","E30000237","E16000150","E07000240","26UGGQ","E00120543","26UGGQ","E65000001","E01023741","E02004940","5","6D1","E00120543","E01023741","E02004940","E33027473","E38000079","E63011552","C1","5A2",51.744484,-0.329498,"E37000048","","E23000027",30070,"E56000035","E54000025","E00120543","E01023741","E02004940"
"AL1 1DS","AL1  1DS","AL1 1DS","198001","","E10000015","E58000664","E07000240","E05013951","E43000290","0","516206","0205060","1","E18000006","E40000007","E92000001","E12000006","5","E14001507","E15000006","E24000005","E30000237","E16000150","E07000240","26UGGB","E00120279","26UGGB","E65000001","E01023684","E02004939","5","6D2","E00120279","E01023684","E02004939","E33027469","E38000079","E63011552","C1","5A2",51.732223,-0.318675,"E37000048","","E23000027",28935,"E56000035","E54000025","E00120279","E01023684","E02004939"
"AL1 1DT","AL1  1DT","AL1 1DT","200206","","E10000015","E58000663","E07000240","E05013964","E43000290","1","514683","0207009","1","E18000006","E40000007","E92000001","E12000006","5","E14001507","E15000006","E24000005","E30000237","E16000150","E07000240","26UGGM","E00120481","26UGGM","E65000001","E01023727","E02004935","5","2B2","E00120481","E01023727","E02004935","E33024335","E38000079","E63011552","C1","2D1",51.750047,-0.340100,"E37000048","","E23000027",15120,"E56000035","E54000025","E00120481","E01023727","E02004935"
"AL1 1DU","AL1  1DU","AL1 1DU","198001","","E10000015","E58000664","E07000240","E05013951","E43000290","0","516406","0204949","1","E18000006","E40000007","E92000001","E12000006","5","E14001507","E15000006","E24000005","E30000237","E16000150","E07000240","26UGGB","E00120279","26UGGB","E65000001","E01023684","E02004939","5","6D2","E00120279","E01023684","E02004939","E33027469","E38000079","E63011552","C1","5A2",51.731178,-0.315840,"E37000048","","E23000027",28935,"E56000035","E54000025","E00120279","E01023684","E02004939"
"AL1 1DW","AL1  1DW","AL1 1DW","199301","","E10000015","E58000666","E07000240","E05013966","E43000290","0","514574","0206924","1","E18000006","E40000007","E92000001","E12000006","5","E14001507","E15000006","E24000005","E30000237","E16000150","E07000240","26UGGR","E00120568","26UGGR","E65000001","E01023743","E02004937","5","2B2","E00120568","E01023743","E02004937","E33024349","E38000079","E63011552","C1","5A3",51.749305,-0.341706,"E37000048","","E23000027",30564,"E56000035","E54000025","E00120568","E01023743","E02004937"
"AL1 1DX","AL1  1DX","AL1 1DX","198001","","E10000015","E58000664","E07000240","E05013951","E43000290","0","517369","0205031","1","E18000006","E40000007","E92000001","E12000006","5","E14001507","E15000006","E24000005","E30000237","E16000150","E07000240","26UGGB","E00120279","26UGGB","E65000001","E01023684","E02004939","5","6D2","E00120279","E01023684","E02004939","E33027469","E38000079","E63011616","C1","5A2",51.731715,-0.301875,"E37000048","","E23000027",28935,"E56000035","E54000025","E00120279","E01023684","E02004939"
"AL1 1DY","AL1  1DY","AL1 1DY","199712","200006","E10000015","E58000666","E07000240","E05013963","E43000290","1","515429","0206407","6","E18000006","E40000007","E92000001","E12000006","5","E14001507","E15000006","E24000005","E30000237","E16000150","E07000240","26UGGQ","E00120543","26UGGQ","E65000001","E01023741","E02004940","5","6D1","E00120543","E01023741","E02004940","E33027473","E38000079","E63011552","C1","5A2",51.744484,-0.329498,"E37000048","","E23000027",30070,"E56000035","E54000025","E00120543","E01023741","E02004940"
"AL1 1DZ","AL1  1DZ","AL1 1DZ","198001","","E10000015","E58000664","E07000240","E05013951","E43000290","0","517178","0204999","1","E18000006","E40000007","E92000001","E12000006","5","E14001507","E15000006","E24000005","E30000237","E16000150","E07000240","26UGGB","E00120279","26UGGB","E65000001","E01023684","E02004939","5","6D2","E00120279","E01023684","E02004939","E33027469","E38000079","E63011616","C1","5A2",51.731467,-0.304650,"E37000048","","E23000027",28935,"E56000035","E54000025","E00120279","E01023684","E02004939"
"AL1 1EA","AL1  1EA","AL1 1EA","198001","","E10000015","E58000664","E07000240","E05013951","E43000290","0","517049","0205034","1","E18000006","E40000007","E92000001","E12000006","5","E14001507","E15000006","E24000005","E30000237","E16000150","E07000240","26UGGB","E00120279","26UGGB","E65000001","E01023684","E02004939","5","6D2","E00120279","E01023684","E02004939","E33027469","E38000079","E63011616","C1","5A2",51.731809,-0.306505,"E37000048","","E23000027",28935,"E56000035","E54000025","E00120279","E01023684","E02004939"
"AL1 1EB","AL1  1EB","AL1 1EB","198001","","E10000015","E58000664","E07000240","E05013951","E43000290","0","516955","0205198","1","E18000006","E40000007","E92000001","E12000006","5","E14001507","E15000006","E24000005","E30000237","E16000150","E07000240","26UGGB","E00120279","26UGGB","E65000001","E01023684","E02004939","5","6D2","E00120279","E01023684","E02004939","E33027469","E38000079","E63011552","C1","5A2",51.733302,-0.307811,"E37000048","","E23000027",28935,"E56000035","E54000025","E00120279","E01023684","E02004939"
"AL1 1ED","AL1  1ED","AL1 1ED","199301","199405","E10000015","E58000664","E07000240","E05013951","E43000290","1","516900","0205100","8","E18000006","E40000007","E92000001","E12000006","5","E14001507","E15000006","E24000005","E30000237","E16000150","E07000240","26UGGB","E00120279","26UGGB","E65000001","E01023684","E02004939","5","6D2","E00120279","E01023684","E02004939","E33027469","E38000079","E63011616","C1","5A2",51.732433,-0.308640,"E37000048","","E23000027",28935,"E56000035","E54000025","E00120279","E01023684","E02004939"
"AL1 1EE","AL1  1EE","AL1 1EE","198001","","E10000015","E58000664","E07000240","E05013951","E43000290","0","516924","0205062","1","E18000006","E40000007","E92000001","E12000006","5","E14001507","E15000006","E24000005","E30000237","E16000150","E07000240","26UGGB","E00120279","26UGGB","E65000001","E01023684","E02004939","5","6D2","E00120279","E01023684","E02004939","E33027469","E38000079","E63011616","C1","5A2",51.732086,-0.308305,"E37000048","","E23000027",28935,"E56000035","E54000025","E00120279","E01023684","E02004939"
"AL1 1EF","AL1  1EF","AL1 1EF","198001","199912","E10000015","E58000664","E07000240","E05013951","E43000290","0","516906","0204911","1","E18000006","E40000007","E92000001","E12000006","5","E14001507","E15000006","E24000005","E30000237","E16000150","E07000240","26UGGB","E00120279","26UGGB","E65000001","E01023684","E02004939","5","6D2","E00120279","E01023684","E02004939","E33027469","E38000079","E63011616","C1","5A2",51.730733,-0.308616,"E37000048","","E23000027",28935,"E56000035","E54000025","E00120279","E01023684","E02004939"
"AL1 1EG","AL1  1EG","AL1 1EG","198001","","E10000015","E58000664","E07000240","E05013951","E43000290","0","516919","0204898","1","E18000006","E40000007","E92000001","E12000006","5","E14001507","E15000006","E24000005","E30000237","E16000150","E07000240","26UGGB","E00120279","26UGGB","E65000001","E01023684","E02004939","5","6D2","E00120279","E01023684","E02004939","E33027469","E38000079","E63011616","C1","5A2",51.730613,-0.308433,"E37000048","","E23000027",28935,"E56000035","E54000025","E00120279","E01023684","E02004939"
"AL1 1EP","AL1  1EP","AL1 1EP","198001","199012","E10000015","E58000666","E07000240","E05013966","E43000290","1","514600","0207000","8","E18000006","E40000007","E92000001","E12000006","5","E14001507","E15000006","E24000005","E30000237","E16000150","E07000240","26UGGR","E00120568","26UGGR","E65000001","E01023743","E02004937","5","2B2","E00120568","E01023743","E02004937","E33024349","E38000079","E63011552","C1","5A3",51.749983,-0.341304,"E37000048","","E23000027",30564,"E56000035","E54000025","E00120568","E01023743","E02004937"
"AL1 1EQ","AL1  1EQ","AL1 1EQ","198001","","E10000015","E58000664","E07000240","E05013951","E43000290","0","516850","0204963","1","E18000006","E40000007","E92000001","E12000006","5","E14001507","E15000006","E24000005","E30000237","E16000150","E07000240","26UGGB","E00120279","26UGGB","E65000001","E01023684","E02004939","5","6D2","E00120279","E01023684","E02004939","E33027469","E38000079","E63011616","C1","5A2",51.731212,-0.309409,"E37000048","","E23000027",28935,"E56000035","E54000025","E00120279","E01023684","E02004939"
"AL1 1ER","AL1  1ER","AL1 1ER","198001","","E10000015","E58000663","E07000240","E05013964","E43000290","0","514725","0207048","1","E18000006","E40000007","E92000001","E12000006","5","E14001507","E15000006","E24000005","E30000237","E16000150","E07000240","26UGGM","E00120481","26UGGM","E65000001","E01023727","E02004935","5","2B2","E00120481","E01023727","E02004935","E33024331","E38000079","E63011552","C1","2D1",51.750389,-0.339479,"E37000048","","E23000027",15120,"E56000035","E54000025","E00120481","E01023727","E02004935"
"AL1 1ES","AL1  1ES","AL1 1ES","199208","199212","E10000015","E58000663","E07000240","E05013964","E43000290","1","514700","0207000","8","E18000006","E40000007","E92000001","E12000006","5","E14001507","E15000006","E24000005","E30000237","E16000150","E07000240","26UGGM","E00120491","26UGGM","E65000001","E01023726","E02004935","5","2B2","E00120491","E01023726","E02004935","E33024341","E38000079","E63011552","C1","5A3",51.749963,-0.339856,"E37000048","","E23000027",29172,"E56000035","E54000025","E00120491","E01023726","E02004935"
"AL1 1ET","AL1  1ET","AL1 1ET","198001","200102","E10000015","E58000663","E07000240","E05013964","E43000290","1","514710","0207046","1","E18000006","E40000007","E92000001","E12000006","5","E14001507","E15000006","E24000005","E30000237","E16000150","E07000240","26UGGM","E00120481","26UGGM","E65000001","E01023727","E02004935","5","2B2","E00120481","E01023727","E02004935","E33024335","E38000079","E63011552","C1","2D1",51.750374,-0.339697,"E37000048","","E23000027",15120,"E56000035","E54000025","E00120481","E01023727","E02004935"
"AL1 1EU","AL1  1EU","AL1 1EU","198001","","E10000015","E58000663","E07000240","E05013964","E43000290","0","514696","0207032","1","E18000006","E40000007","E92000001","E12000006","5","E14001507","E15000006","E24000005","E30000237","E16000150","E07000240","26UGGM","E00120481","26UGGM","E65000001","E01023727","E02004935","5","2B2","E00120481","E01023727","E02004935","E33024335","E38000079","E63011552","C1","2D1",51.750251,-0.339904,"E37000048","","E23000027",15120,"E56000035","E54000025","E00120481","E01023727","E02004935"
"AL1 1EX","AL1  1EX","AL1 1EX","198001","","E10000015","E58000663","E07000240","E05013964","E43000290","0","514732","0207015","1","E18000006","E40000007","E92000001","E12000006","5","E14001507","E15000006","E24000005","E30000237","E16000150","E07000240","26UGGM","E00120491","26UGGM","E65000001","E01023726","E02004935","5","2B2","E00120491","E01023726","E02004935","E33024341","E38000079","E63011552","C1","5A3",51.750097,-0.339365,"E37000048","","E23000027",29172,"E56000035","E54000025","E00120491","E01023726","E02004935"
"AL1 1EY","AL1  1EY","AL1 1EY","198001","201408","E10000015","E58000663","E07000240","E05013964","E43000290","0","514743","0207012","1","E18000006","E40000007","E92000001","E12000006","5","E14001507","E15000006","E24000005","E30000237","E16000150","E07000240","26UGGM","E00120491","26UGGM","E65000001","E01023726","E02004935","5","2B2","E00120491","E01023726","E02004935","E33024341","E38000079","E63011552","C1","5A3",51.750062,-0.339230,"E37000048","","E23000027",29172,"E56000035","E54000025","E00120491","E01023726","E02004935"
"AL1 1EZ","AL1  1EZ","AL1 1EZ","198001","","E10000015","E58000663","E07000240","E05013964","E43000290","0","514683","0207003","1","E18000006","E40000007","E92000001","E12000006","5","E14001507","E15000006","E24000005","E30000237","E16000150","E07000240","26UGGM","E00120481","26UGGM","E65000001","E01023727","E02004935","5","2B2","E00120481","E01023727","E02004935","E33024335","E38000079","E63011552","C1","2D1",51.749993,-0.340102,"E37000048","","E23000027",15120,"E56000035","E54000025","E00120481","E01023727","E02004935"
"AL1 1FH","AL1  1FH","AL1 1FH","200012","200602","E10000015","E58000664","E07000240","E05013956","E43000290","1","517328","0206823","1","E18000006","E40000007","E92000001","E12000006","5","E14001507","E15000006","E24000005","E30000237","E16000150","E07000240","26UGFX","E00120196","26UGFX","E65000001","E01023667","E02004936","5","6D1","E00120196","E01023667","E02004936","E33027453","E38000079","E63011552","C1","5A2",51.747828,-0.301865,"E37000048","","E23000027",30628,"E56000035","E54000025","E00120196","E01023667","E02004936"
"AL1 1FP","AL1  1FP","AL1 1FP","199512","200110","E10000015","E58000666","E07000240","E05013966","E43000290","1","514661","0207056","1","E18000006","E40000007","E92000001","E12000006","5","E14001507","E15000006","E24000005","E30000237","E16000150","E07000240","26UGGR","E00120568","26UGGR","E65000001","E01023743","E02004937","5","2B2","E00120568","E01023743","E02004937","E33024349","E38000079","E63011552","C1","5A3",51.750474,-0.340403,"E37000048","","E23000027",30564,"E56000035","E54000025","E00120568","E01023743","E02004937"
"AL1 1HA","AL1  1HA","AL1 1HA","198001","","E10000015","E58000663","E07000240","E05013964","E43000290","0","514664","0206915","1","E18000006","E40000007","E92000001","E12000006","5","E14001507","E15000006","E24000005","E30000237","E16000150","E07000240","26UGGM","E00120481","26UGGM","E65000001","E01023727","E02004935","5","2B2","E00120481","E01023727","E02004935","E33024335","E38000079","E63011552","C1","2D1",51.749206,-0.340406,"E37000048","","E23000027",15120,"E56000035","E54000025","E00120481","E01023727","E02004935"
"AL1 1HB","AL1  1HB","AL1 1HB","198001","","E10000015","E58000663","E07000240","E05013964","E43000290","0","514642","0206886","1","E18000006","E40000007","E92000001","E12000006","5","E14001507","E15000006","E24000005","E30000237","E16000150","E07000240","26UGGM","E00120481","26UGGM","E65000001","E01023727","E02004935","5","2B2","E00120481","E01023727","E02004935","E33024335","E38000079","E63011552","C1","2D1",51.748956,-0.340711,"E37000048","","E23000027",15120,"E56000035","E54000025","E00120481","E01023727","E02004935"
"AL1 1HD","AL1  1HD","AL1 1HD","198001","","E10000015","E58000663","E07000240","E05013964","E43000290","0","514637","0206875","1","E18000006","E40000007","E92000001","E12000006","5","E14001507","E15000006","E24000005","E30000237","E16000150","E07000240","26UGGM","E00120481","26UGGM","E65000001","E01023727","E02004935","5","2B2","E00120481","E01023727","E02004935","E33024335","E38000079","E63011552","C1","2D1",51.748858,-0.340787,"E37000048","","E23000027",15120,"E56000035","E54000025","E00120481","E01023727","E02004935"
"AL1 1HE","AL1  1HE","AL1 1HE","198001","","E10000015","E58000663","E07000240","E05013964","E43000290","1","514637","0206875","1","E18000006","E40000007","E92000001","E12000006","5","E14001507","E15000006","E24000005","E30000237","E16000150","E07000240","26UGGM","E00120481","26UGGM","E65000001","E01023727","E02004935","5","2B2","E00120481","E01023727","E02004935","E33024335","E38000079","E63011552","C1","2D1",51.748858,-0.340787,"E37000048","","E23000027",15120,"E56000035","E54000025","E00120481","E01023727","E02004935"
"AL1 1HF","AL1  1HF","AL1 1HF","198001","","E10000015","E58000666","E07000240","E05013963","E43000290","0","514567","0206672","1","E18000006","E40000007","E92000001","E12000006","5","E14001507","E15000006","E24000005","E30000237","E16000150","E07000240","26UGGQ","E00120561","26UGGQ","E65000001","E01023740","E02004940","5","2B2","E00120561","E01023740","E02004940","E33027472","E38000079","E63011552","C1","5A3",51.747042,-0.341890,"E37000048","","E23000027",27694,"E56000035","E54000025","E00120561","E01023740","E02004940"
"AL1 1HG","AL1  1HG","AL1 1HG","199812","","E10000015","E58000663","E07000240","E05013964","E43000290","0","514690","0206958","1","E18000006","E40000007","E92000001","E12000006","5","E14001507","E15000006","E24000005","E30000237","E16000150","E07000240","26UGGM","E00120481","26UGGM","E65000001","E01023727","E02004935","5","2B2","E00120481","E01023727","E02004935","E33024335","E38000079","E63011552","C1","2D1",51.749587,-0.340015,"E37000048","","E23000027",15120,"E56000035","E54000025","E00120481","E01023727","E02004935"
"AL1 1HH","AL1  1HH","AL1 1HH","198001","","E10000015","E58000666","E07000240","E05013963","E43000290","0","514933","0206378","1","E18000006","E40000007","E92000001","E12000006","5","E14001507","E15000006","E24000005","E30000237","E16000150","E07000240","26UGGQ","E00120542","26UGGQ","E65000001","E01023741","E02004940","5","6D1","E00120542","E01023741","E02004940","E33027472","E38000079","E63011552","C1","5A2",51.744331,-0.336665,"E37000048","","E23000027",30070,"E56000035","E54000025","E00120542","E01023741","E02004940"
"AL1 1HJ","AL1  1HJ","AL1 1HJ","198001","","E10000015","E58000666","E07000240","E05013963","E43000290","0","514971","0206612","1","E18000006","E40000007","E92000001","E12000006","5","E14001507","E15000006","E24000005","E30000237","E16000150","E07000240","26UGGQ","E00120559","26UGGQ","E65000001","E01023740","E02004940","5","7A2","E00120559","E01023740","E02004940","E33027472","E38000079","E63011552","C1","4A1",51.746426,-0.336037,"E37000048","","E23000027",27694,"E56000035","E54000025","E00120559","E01023740","E02004940"
"AL1 1HL","AL1  1HL","AL1 1HL","198001","","E10000015","E58000666","E07000240","E05013963","E43000290","0","515016","0206665","1","E18000006","E40000007","E92000001","E12000006","5","E14001507","E15000006","E24000005","E30000237","E16000150","E07000240","26UGGQ","E00120560","26UGGQ","E65000001","E01023740","E02004940","5","7B1","E00120560","E01023740","E02004940","E33027472","E38000079","E63011552","C1","3D2",51.746893,-0.335368,"E37000048","","E23000027",27694,"E56000035","E54000025","E00120560","E01023740","E02004940"
"AL1 1HN","AL1  1HN","AL1 1HN","198001","","E10000015","E58000666","E07000240","E05013963","E43000290","0","514988","0206707","1","E18000006","E40000007","E92000001","E12000006","5","E14001507","E15000006","E24000005","E30000237","E16000150","E07000240","26UGGQ","E00120559","26UGGQ","E65000001","E01023740","E02004940","5","7A2","E00120559","E01023740","E02004940","E33027472","E38000079","E63011552","C1","4A1",51.747270,-0.335783,"E37000048","","E23000027",27694,"E56000035","E54000025","E00120559","E01023740","E02004940"
"AL1 1HP","AL1  1HP","AL1 1HP","199109","","E10000015","E58000666","E07000240","E05013963","E43000290","0","514596","0206747","1","E18000006","E40000007","E92000001","E12000006","5","E14001507","E15000006","E24000005","E30000237","E16000150","E07000240","26UGGQ","E00120561","26UGGQ","E65000001","E01023740","E02004940","5","2B2","E00120561","E01023740","E02004940","E33027472","E38000079","E63011552","C1","5A3",51.747716,-0.341422,"E37000048","","E23000027",27694,"E56000035","E54000025","E00120561","E01023740","E02004940"
"AL1 1HQ","AL1  1HQ","AL1 1HQ","198001","","E10000015","E58000666","E07000240","E05013963","E43000290","0","514524","0206540","1","E18000006","E40000007","E92000001","E12000006","5","E14001507","E15000006","E24000005","E30000237","E16000150","E07000240","26UGGQ","E00120545","26UGGQ","E65000001","E01023740","E02004940","5","2B2","E00120545","E01023740","E02004940","E33024346","E38000079","E63011552","C1","5A3",51.745865,-0.342556,"E37000048","","E23000027",27694,"E56000035","E54000025","E00120545","E01023740","E02004940"
"AL1 1HR","AL1  1HR","AL1 1HR","200504","","E10000015","E58000666","E07000240","E05013963","E43000290","0","514543","0206562","1","E18000006","E40000007","E92000001","E12000006","5","E14001507","E15000006","E24000005","E30000237","E16000150","E07000240","26UGGQ","E00120545","26UGGQ","E65000001","E01023740","E02004940","5","2B2","E00120545","E01023740","E02004940","E33024346","E38000079","E63011552","C1","5A3",51.746058,-0.342274,"E37000048","","E23000027",27694,"E56000035","E54000025","E00120545","E01023740","E02004940"
"AL1 1HS","AL1  1HS","AL1 1HS","198109","199405","E10000015","E58000666","E07000240","E05013963","E43000290","1","514500","0206500","8","E18000006","E40000007","E92000001","E12000006","5","E14001507","E15000006","E24000005","E30000237","E16000150","E07000240","26UGGQ","E00120545","26UGGQ","E65000001","E01023740","E02004940","5","2B2","E00120545","E01023740","E02004940","E33024346","E38000079","E63011552","C1","5A3",51.745510,-0.342917,"E37000048","","E23000027",27694,"E56000035","E54000025","E00120545","E01023740","E02004940"
"AL1 1HT","AL1  1HT","AL1 1HT","198803","199405","E10000015","E58000664","E07000240","E05013951","E43000290","1","516200","0205300","8","E18000006","E40000007","E92000001","E12000006","5","E14001507","E15000006","E24000005","E30000237","E16000150","E07000240","26UGGB","E00120277","26UGGB","E65000001","E01023684","E02004939","5","4D1","E00120277","E01023684","E02004939","E33027469","E38000079","E63011552","C1","5A2",51.734376,-0.318705,"E37000048","","E23000027",28935,"E56000035","E54000025","E00120277","E01023684","E02004939"
"AL1 1HU","AL1  1HU","AL1 1HU","200608","","E10000015","E58000664","E07000240","E05013951","E43000290","0","516560","0205635","1","E18000006","E40000007","E92000001","E12000006","5","E14001507","E15000006","E24000005","E30000237","E16000150","E07000240","26UGGB","E00120260","26UGGB","E65000001","E01023683","E02004939","5","6B2","E00120260","E01023683","E02004939","E33027468","E38000079","E63011552","C1","5A2",51.737312,-0.313382,"E37000048","","E23000027",17955,"E56000035","E54000025","E00120260","E01023683","E02004939"
"AL1 1HW","AL1  1HW","AL1 1HW","198001","","E10000015","E58000666","E07000240","E05013963","E43000290","0","514936","0206689","1","E18000006","E40000007","E92000001","E12000006","5","E14001507","E15000006","E24000005","E30000237","E16000150","E07000240","26UGGQ","E00120559","26UGGQ","E65000001","E01023740","E02004940","5","7A2","E00120559","E01023740","E02004940","E33027472","E38000079","E63011552","C1","4A1",51.747125,-0.336519,"E37000048","","E23000027",27694,"E56000035","E54000025","E00120559","E01023740","E02004940"
"AL1 1HY","AL1  1HY","AL1 1HY","198001","","E10000015","E58000664","E07000240","E05013951","E43000290","0","516484","0205693","1","E18000006","E40000007","E92000001","E12000006","5","E14001507","E15000006","E24000005","E30000237","E16000150","E07000240","26UGGB","E00120260","26UGGB","E65000001","E01023683","E02004939","5","6B2","E00120260","E01023683","E02004939","E33027468","E38000079","E63011552","C1","5A2",51.737854,-0.314440,"E37000048","","E23000027",17955,"E56000035","E54000025","E00120260","E01023683","E02004939"
"AL1 1JA","AL1  1JA","AL1 1JA","198504","","E10000015","E58000664","E07000240","E05013951","E43000290","0","515765","0206412","1","E18000006","E40000007","E92000001","E12000006","5","E14001507","E15000006","E24000005","E30000237","E16000150","E07000240","26UGGB","E00120264","26UGGB","E65000001","E01023682","E02004939","5","6D2","E00120264","E01023682","E02004939","E33027467","E38000079","E63011552","C1","5B1",51.744465,-0.324608,"E37000048","","E23000027",20975,"E56000035","E54000025","E00120264","E01023682","E02004939"
"AL1 1JB","AL1  1JB","AL1 1JB","198307","","E10000015","E58000666","E07000240","E05013963","E43000290","0","515713","0206312","1","E18000006","E40000007","E92000001","E12000006","5","E14001507","E15000006","E24000005","E30000237","E16000150","E07000240","26UGGQ","E00120543","26UGGQ","E65000001","E01023741","E02004940","5","6D1","E00120543","E01023741","E02004940","E33027473","E38000079","E63011552","C1","5A2",51.743571,-0.325418,"E37000048","","E23000027",30070,"E56000035","E54000025","E00120543","E01023741","E02004940"
"AL1 1JD","AL1  1JD","AL1 1JD","198001","","E10000015","E58000666","E07000240","E05013963","E43000290","0","515546","0206478","1","E18000006","E40000007","E92000001","E12000006","5","E14001507","E15000006","E24000005","E30000237","E16000150","E07000240","26UGGQ","E00120543","26UGGQ","E65000001","E01023741","E02004940","5","6D1","E00120543","E01023741","E02004940","E33027473","E38000079","E63011552","C1","5A2",51.745103,-0.327757,"E37000048","","E23000027",30070,"E56000035","E54000025","E00120543","E01023741","E02004940"
"AL1 1JE","AL1  1JE","AL1 1JE","199101","","E10000015","E58000664","E07000240","E05013951","E43000290","0","516421","0205737","1","E18000006","E40000007","E92000001","E12000006","5","E14001507","E15000006","E24000005","E30000237","E16000150","E07000240","26UGGB","E00120276","26UGGB","E65000001","E01023684","E02004939","5","6D2","E00120276","E01023684","E02004939","E33027469","E38000079","E63011552","C1","5A2",51.738257,-0.315360,"E37000048","","E23000027",28935,"E56000035","E54000025","E00120276","E01023684","E02004939"
"AL1 1JF","AL1  1JF","AL1 1JF","198001","200110","E10000015","E58000666","E07000240","E05013963","E43000290","1","515713","0206312","1","E18000006","E40000007","E92000001","E12000006","5","E14001507","E15000006","E24000005","E30000237","E16000150","E07000240","26UGGQ","E00120543","26UGGQ","E65000001","E01023741","E02004940","5","6D1","E00120543","E01023741","E02004940","E33027473","E38000079","E63011552","C1","5A2",51.743571,-0.325418,"E37000048","","E23000027",30070,"E56000035","E54000025","E00120543","E01023741","E02004940"
"AL1 1JG","AL1  1JG","AL1 1JG","198001","","E10000015","E58000666","E07000240","E05013963","E43000290","0","515636","0206257","1","E18000006","E40000007","E92000001","E12000006","5","E14001507","E15000006","E24000005","E30000237","E16000150","E07000240","26UGGQ","E00120543","26UGGQ","E65000001","E01023741","E02004940","5","6D1","E00120543","E01023741","E02004940","E33027473","E38000079","E63011552","C1","5A2",51.743093,-0.326551,"E37000048","","E23000027",30070,"E56000035","E54000025","E00120543","E01023741","E02004940"
"AL1 1JH","AL1  1JH","AL1 1JH","198001","","E10000015","E58000664","E07000240","E05013951","E43000290","0","515870","0206308","1","E18000006","E40000007","E92000001","E12000006","5","E14001507","E15000006","E24000005","E30000237","E16000150","E07000240","26UGGB","E00120264","26UGGB","E65000001","E01023682","E02004939","5","6D2","E00120264","E01023682","E02004939","E33027467","E38000079","E63011552","C1","5B1",51.743503,-0.323146,"E37000048","","E23000027",20975,"E56000035","E54000025","E00120264","E01023682","E02004939"
"AL1 1JJ","AL1  1JJ","AL1 1JJ","198001","","E10000015","E58000664","E07000240","E05013951","E43000290","0","515928","0206418","1","E18000006","E40000007","E92000001","E12000006","5","E14001507","E15000006","E24000005","E30000237","E16000150","E07000240","26UGGB","E00120264","26UGGB","E65000001","E01023682","E02004939","5","6D2","E00120264","E01023682","E02004939","E33027467","E38000079","E63011552","C1","5B1",51.744480,-0.322270,"E37000048","","E23000027",20975,"E56000035","E54000025","E00120264","E01023682","E02004939"
"AL1 1JL","AL1  1JL","AL1 1JL","198001","","E10000015","E58000664","E07000240","E05013951","E43000290","0","515883","0206430","1","E18000006","E40000007","E92000001","E12000006","5","E14001507","E15000006","E24000005","E30000237","E16000150","E07000240","26UGGB","E00120264","26UGGB","E65000001","E01023682","E02004939","5","6D2","E00120264","E01023682","E02004939","E33027467","E38000079","E63011552","C1","5B1",51.744597,-0.322917,"E37000048","","E23000027",20975,"E56000035","E54000025","E00120264","E01023682","E02004939"
"AL1 1JN","AL1  1JN","AL1 1JN","198001","","E10000015","E58000664","E07000240","E05013951","E43000290","0","515752","0206465","1","E18000006","E40000007","E92000001","E12000006","5","E14001507","E15000006","E24000005","E30000237","E16000150","E07000240","26UGGB","E00120264","26UGGB","E65000001","E01023682","E02004939","5","6D2","E00120264","E01023682","E02004939","E33027467","E38000079","E63011552","C1","5B1",51.744938,-0.324802,"E37000048","","E23000027",20975,"E56000035","E54000025","E00120264","E01023682","E02004939"
"AL1 1JP","AL1  1JP","AL1 1JP","198001","","E10000015","E58000664","E07000240","E05013951","E43000290","0","515834","0206592","1","E18000006","E40000007","E92000001","E12000006","5","E14001507","E15000006","E24000005","E30000237","E16000150","E07000240","26UGGB","E00120264","26UGGB","E65000001","E01023682","E02004939","5","6D2","E00120264","E01023682","E02004939","E33027467","E38000079","E63011552","C1","5B1",51.746063,-0.323573,"E37000048","","E23000027",20975,"E56000035","E54000025","E00120264","E01023682","E02004939"
"AL1 1JQ","AL1  1JQ","AL1 1JQ","198001","","E10000015","E58000664","E07000240","E05013951","E43000290","0","515861","0206233","1","E18000006","E40000007","E92000001","E12000006","5","E14001507","E15000006","E24000005","E30000237","E16000150","E07000240","26UGGB","E00120267","26UGGB","E65000001","E01023682","E02004939","5","2B2","E00120267","E01023682","E02004939","E33027467","E38000079","E63011552","C1","5B2",51.742836,-0.323278,"E37000048","","E23000027",20975,"E56000035","E54000025","E00120267","E01023682","E02004939"
"AL1 1JR","AL1  1JR","AL1 1JR","198001","","E10000015","E58000664","E07000240","E05013951","E43000290","0","515736","0206522","1","E18000006","E40000007","E92000001","E12000006","5","E14001507","E15000006","E24000005","E30000237","E16000150","E07000240","26UGGB","E00120264","26UGGB","E65000001","E01023682","E02004939","5","6D2","E00120264","E01023682","E02004939","E33027467","E38000079","E63011552","C1","5B1",51.745454,-0.325015,"E37000048","","E23000027",20975,"E56000035","E54000025","E00120264","E01023682","E02004939"
"AL1 1JS","AL1  1JS","AL1 1JS","198001","","E10000015","E58000664","E07000240","E05013951","E43000290","0","515714","0206549","1","E18000006","E40000007","E92000001","E12000006","5","E14001507","E15000006","E24000005","E30000237","E16000150","E07000240","26UGGB","E00120264","26UGGB","E65000001","E01023682","E02004939","5","6D2","E00120264","E01023682","E02004939","E33027467","E38000079","E63011552","C1","5B1",51.745707,-0.325301,"E37000048","","E23000027",20975,"E56000035","E54000025","E00120264","E01023682","E02004939"
"AL1 1JT","AL1  1JT","AL1 1JT","199812","","E10000015","E58000664","E07000240","E05013951","E43000290","0","516236","0206062","1","E18000006","E40000007","E92000001","E12000006","5","E14001507","E15000006","E24000005","E30000237","E16000150","E07000240","26UGGB","E00120272","26UGGB","E65000001","E01023684","E02004939","5","4D1","E00120272","E01023684","E02004939","E33027467","E38000079","E63011552","C1","5B1",51.741216,-0.317929,"E37000048","","E23000027",28935,"E56000035","E54000025","E00120272","E01023684","E02004939"
"AL1 1JU","AL1  1JU","AL1 1JU","198001","","E10000015","E58000664","E07000240","E05013951","E43000290","0","515881","0206219","1","E18000006","E40000007","E92000001","E12000006","5","E14001507","E15000006","E24000005","E30000237","E16000150","E07000240","26UGGB","E00120267","26UGGB","E65000001","E01023682","E02004939","5","2B2","E00120267","E01023682","E02004939","E33027467","E38000079","E63011552","C1","5B2",51.742701,-0.323016,"E37000048","","E23000027",20975,"E56000035","E54000025","E00120267","E01023682","E02004939"
"AL1 1JW","AL1  1JW","AL1 1JW","198001","","E10000015","E58000664","E07000240","E05013951","E43000290","0","515787","0206497","1","E18000006","E40000007","E92000001","E12000006","5","E14001507","E15000006","E24000005","E30000237","E16000150","E07000240","26UGGB","E00120264","26UGGB","E65000001","E01023682","E02004939","5","6D2","E00120264","E01023682","E02004939","E33027467","E38000079","E63011552","C1","5B1",51.745224,-0.324261,"E37000048","","E23000027",20975,"E56000035","E54000025","E00120264","E01023682","E02004939"
"AL1 1JX","AL1  1JX","AL1 1JX","198001","198512","E10000015","E58000666","E07000240","E05013963","E43000290","1","515700","0206300","8","E18000006","E40000007","E92000001","E12000006","5","E14001507","E15000006","E24000005","E30000237","E16000150","E07000240","26UGGQ","E00120543","26UGGQ","E65000001","E01023741","E02004940","5","6D1","E00120543","E01023741","E02004940","E33027473","E38000079","E63011552","C1","5A2",51.743466,-0.325610,"E37000048","","E23000027",30070,"E56000035","E54000025","E00120543","E01023741","E02004940"
"AL1 1JZ","AL1  1JZ","AL1 1JZ","199810","200009","E10000015","E58000666","E07000240","E05013963","E43000290","1","515800","0206200","8","E18000006","E40000007","E92000001","E12000006","5","E14001507","E15000006","E24000005","E30000237","E16000150","E07000240","26UGGQ","E00120543","26UGGQ","E65000001","E01023741","E02004940","5","6D1","E00120543","E01023741","E02004940","E33027473","E38000079","E63011552","C1","5A2",51.742547,-0.324195,"E37000048","","E23000027",30070,"E56000035","E54000025","E00120543","E01023741","E02004940"
"AL1 1LA","AL1  1LA","AL1 1LA","198001","","E10000015","E58000663","E07000240","E05013964","E43000290","0","514832","0207080","1","E18000006","E40000007","E92000001","E12000006","5","E14001507","E15000006","E24000005","E30000237","E16000150","E07000240","26UGGM","E00120481","26UGGM","E65000001","E01023727","E02004935","5","2B2","E00120481","E01023727","E02004935","E33024331","E38000079","E63011552","C1","2D1",51.750655,-0.337919,"E37000048","","E23000027",15120,"E56000035","E54000025","E00120481","E01023727","E02004935"
"AL1 1LB","AL1  1LB","AL1 1LB","200405","","E10000015","E58000663","E07000240","E05013964","E43000290","0","514954","0207029","1","E18000006","E40000007","E92000001","E12000006","5","E14001507","E15000006","E24000005","E30000237","E16000150","E07000240","26UGGM","E00120482","26UGGM","E65000001","E01023727","E02004935","5","2B2","E00120482","E01023727","E02004935","E33024338","E38000079","E63011552","C1","2D2",51.750171,-0.336169,"E37000048","","E23000027",15120,"E56000035","E54000025","E00120482","E01023727","E02004935"
"AL1 1LD","AL1  1LD","AL1 1LD","198001","201601","E10000015","E58000663","E07000240","E05013964","E43000290","1","514864","0207064","1","E18000006","E40000007","E92000001","E12000006","5","E14001507","E15000006","E24000005","E30000237","E16000150","E07000240","26UGGM","E00120481","26UGGM","E65000001","E01023727","E02004935","5","2B2","E00120481","E01023727","E02004935","E33024331","E38000079","E63011552","C1","2D1",51.750504,-0.337461,"E37000048","","E23000027",15120,"E56000035","E54000025","E00120481","E01023727","E02004935"
"AL1 1LE","AL1  1LE","AL1 1LE","198001","","E10000015","E58000663","E07000240","E05013964","E43000290","0","514890","0207057","1","E18000006","E40000007","E92000001","E12000006","5","E14001507","E15000006","E24000005","E30000237","E16000150","E07000240","26UGGM","E00120481","26UGGM","E65000001","E01023727","E02004935","5","2B2","E00120481","E01023727","E02004935","E33024331","E38000079","E63011552","C1","2D1",51.750436,-0.337087,"E37000048","","E23000027",15120,"E56000035","E54000025","E00120481","E01023727","E02004935"
"AL1 1LF","AL1  1LF","AL1 1LF","198001","199405","E10000015","E58000663","E07000240","E05013964","E43000290","1","514800","0207000","8","E18000006","E40000007","E92000001","E12000006","5","E14001507","E15000006","E24000005","E30000237","E16000150","E07000240","26UGGM","E00120491","26UGGM","E65000001","E01023726","E02004935","5","2B2","E00120491","E01023726","E02004935","E33024341","E38000079","E63011552","C1","5A3",51.749942,-0.338409,"E37000048","","E23000027",29172,"E56000035","E54000025","E00120491","E01023726","E02004935"
"AL1 1LG","AL1  1LG","AL1 1LG","198001","200408","E10000015","E58000663","E07000240","E05013964","E43000290","0","514930","0207067","1","E18000006","E40000007","E92000001","E12000006","5","E14001507","E15000006","E24000005","E30000237","E16000150","E07000240","26UGGM","E00120491","26UGGM","E65000001","E01023726","E02004935","5","2B2","E00120491","E01023726","E02004935","E33024341","E38000079","E63011552","C1","5A3",51.750518,-0.336504,"E37000048","","E23000027",29172,"E56000035","E54000025","E00120491","E01023726","E02004935"
"AL1 1LH","AL1  1LH","AL1 1LH","198001","199405","E10000015","E58000663","E07000240","E05013964","E43000290","1","514900","0207000","8","E18000006","E40000007","E92000001","E12000006","5","E14001507","E15000006","E24000005","E30000237","E16000150","E07000240","26UGGM","E00120491","26UGGM","E65000001","E01023726","E02004935","5","2B2","E00120491","E01023726","E02004935","E33024341","E38000079","E63011552","C1","5A3",51.749922,-0.336961,"E37000048","","E23000027",29172,"E56000035","E54000025","E00120491","E01023726","E02004935"
"AL1 1LJ","AL1  1LJ","AL1 1LJ","198001","","E10000015","E58000663","E07000240","E05013964","E43000290","0","515074","0206961","1","E18000006","E40000007","E92000001","E12000006","5","E14001507","E15000006","E24000005","E30000237","E16000150","E07000240","26UGGM","E00120477","26UGGM","E65000001","E01023727","E02004935","5","2A2","E00120477","E01023727","E02004935","E33027448","E38000079","E63011552","C1","2D2",51.749541,-0.334431,"E37000048","","E23000027",15120,"E56000035","E54000025","E00120477","E01023727","E02004935"
"AL1 1LL","AL1  1LL","AL1 1LL","198607","199806","E10000015","E58000666","E07000240","E05013963","E43000290","1","515429","0206407","6","E18000006","E40000007","E92000001","E12000006","5","E14001507","E15000006","E24000005","E30000237","E16000150","E07000240","26UGGQ","E00120543","26UGGQ","E65000001","E01023741","E02004940","5","6D1","E00120543","E01023741","E02004940","E33027473","E38000079","E63011552","C1","5A2",51.744484,-0.329498,"E37000048","","E23000027",30070,"E56000035","E54000025","E00120543","E01023741","E02004940"
"AL1 1LN","AL1  1LN","AL1 1LN","198001","","E10000015","E58000663","E07000240","E05013964","E43000290","0","515162","0206876","1","E18000006","E40000007","E92000001","E12000006","5","E14001507","E15000006","E24000005","E30000237","E16000150","E07000240","26UGGM","E00120493","26UGGM","E65000001","E01023726","E02004935","5","2B2","E00120493","E01023726","E02004935","E33027447","E38000079","E63011552","C1","2D2",51.748754,-0.333208,"E37000048","","E23000027",29172,"E56000035","E54000025","E00120493","E01023726","E02004935"
"AL1 1LP","AL1  1LP","AL1 1LP","198001","200905","E10000015","E58000663","E07000240","E05013964","E43000290","1","515215","0206842","1","E18000006","E40000007","E92000001","E12000006","5","E14001507","E15000006","E24000005","E30000237","E16000150","E07000240","26UGGM","E00120493","26UGGM","E65000001","E01023726","E02004935","5","2B2","E00120493","E01023726","E02004935","E33027447","E38000079","E63011552","C1","2D2",51.748437,-0.332452,"E37000048","","E23000027",29172,"E56000035","E54000025","E00120493","E01023726","E02004935"
"AL1 1LQ","AL1  1LQ","AL1 1LQ","198001","200404","E10000015","E58000663","E07000240","E05013964","E43000290","0","514930","0207067","1","E18000006","E40000007","E92000001","E12000006","5","E14001507","E15000006","E24000005","E30000237","E16000150","E07000240","26UGGM","E00120491","26UGGM","E65000001","E01023726","E02004935","5","2B2","E00120491","E01023726","E02004935","E33024341","E38000079","E63011552","C1","5A3",51.750518,-0.336504,"E37000048","","E23000027",29172,"E56000035","E54000025","E00120491","E01023726","E02004935"
"AL1 1LR","AL1  1LR","AL1 1LR","198001","","E10000015","E58000663","E07000240","E05013964","E43000290","0","515239","0206818","1","E18000006","E40000007","E92000001","E12000006","5","E14001507","E15000006","E24000005","E30000237","E16000150","E07000240","26UGGM","E00120493","26UGGM","E65000001","E01023726","E02004935","5","2B2","E00120493","E01023726","E02004935","E33027447","E38000079","E63011552","C1","2D2",51.748222,-0.332089,"E37000048","","E23000027",29172,"E56000035","E54000025","E00120493","E01023726","E02004935"
"AL1 1LS","AL1  1LS","AL1 1LS","199101","","E10000015","E58000663","E07000240","E05013964","E43000290","0","514779","0207123","1","E18000006","E40000007","E92000001","E12000006","5","E14001507","E15000006","E24000005","E30000237","E16000150","E07000240","26UGGM","E00120481","26UGGM","E65000001","E01023727","E02004935","5","2B2","E00120481","E01023727","E02004935","E33024331","E38000079","E63011552","C1","2D1",51.751052,-0.338672,"E37000048","","E23000027",15120,"E56000035","E54000025","E00120481","E01023727","E02004935"
"AL1 1LT","AL1  1LT","AL1 1LT","199208","","E10000015","E58000664","E07000240","E05013951","E43000290","0","516452","0205715","1","E18000006","E40000007","E92000001","E12000006","5","E14001507","E15000006","E24000005","E30000237","E16000150","E07000240","26UGGB","E00120260","26UGGB","E65000001","E01023683","E02004939","5","6B2","E00120260","E01023683","E02004939","E33027468","E38000079","E63011552","C1","5A2",51.738058,-0.314895,"E37000048","","E23000027",17955,"E56000035","E54000025","E00120260","E01023683","E02004939"
"AL1 1LU","AL1  1LU","AL1 1LU","199301","199405","E10000015","E58000663","E07000240","E05013964","E43000290","1","514700","0207100","8","E18000006","E40000007","E92000001","E12000006","5","E14001507","E15000006","E24000005","E30000237","E16000150","E07000240","26UGGM","E00120481","26UGGM","E65000001","E01023727","E02004935","5","2B2","E00120481","E01023727","E02004935","E33024331","E38000079","E63011552","C1","2D1",51.750861,-0.339824,"E37000048","","E23000027",15120,"E56000035","E54000025","E00120481","E01023727","E02004935"
"AL1 1LW","AL1  1LW","AL1 1LW","198001","199507","E10000015","E58000663","E07000240","E05013964","E43000290","1","515000","0206900","8","E18000006","E40000007","E92000001","E12000006","5","E14001507","E15000006","E24000005","E30000237","E16000150","E07000240","26UGGM","E00120492","26UGGM","E65000001","E01023726","E02004935","5","2B2","E00120492","E01023726","E02004935","E33027448","E38000079","E63011552","C1","2D2",51.749003,-0.335546,"E37000048","","E23000027",29172,"E56000035","E54000025","E00120492","E01023726","E02004935"
"AL1 1LX","AL1  1LX","AL1 1LX","200504","","E10000015","E58000664","E07000240","E05013951","E43000290","0","517081","0205240","1","E18000006","E40000007","E92000001","E12000006","5","E14001507","E15000006","E24000005","E30000237","E16000150","E07000240","26UGGB","E00120279","26UGGB","E65000001","E01023684","E02004939","5","6D2","E00120279","E01023684","E02004939","E33027469","E38000079","","C1","5A2",51.733653,-0.305973,"E37000048","","E23000027",28935,"E56000035","E54000025","E00120279","E01023684","E02004939"
"AL1 1LY","AL1  1LY","AL1 1LY","199501","200408","E10000015","E58000664","E07000240","E05013956","E43000290","1","517328","0206823","1","E18000006","E40000007","E92000001","E12000006","5","E14001507","E15000006","E24000005","E30000237","E16000150","E07000240","26UGFX","E00120196","26UGFX","E65000001","E01023667","E02004936","5","6D1","E00120196","E01023667","E02004936","E33027453","E38000079","E63011552","C1","5A2",51.747828,-0.301865,"E37000048","","E23000027",30628,"E56000035","E54000025","E00120196","E01023667","E02004936"
"AL1 1LZ","AL1  1LZ","AL1 1LZ","200506","","E10000015","E58000663","E07000240","E05013964","E43000290","0","514744","0207101","1","E18000006","E40000007","E92000001","E12000006","5","E14001507","E15000006","E24000005","E30000237","E16000150","E07000240","26UGGM","E00120481","26UGGM","E65000001","E01023727","E02004935","5","2B2","E00120481","E01023727","E02004935","E33024331","E38000079","E63011552","C1","2D1",51.750867,-0.339163,"E37000048","","E23000027",15120,"E56000035","E54000025","E00120481","E01023727","E02004935"
"AL1 1NA","AL1  1NA","AL1 1NA","198001","199606","E10000015","E58000663","E07000240","E05013964","E43000290","1","514800","0206900","8","E18000006","E40000007","E92000001","E12000006","5","E14001507","E15000006","E24000005","E30000237","E16000150","E07000240","26UGGM","E00120491","26UGGM","E65000001","E01023726","E02004935","5","2B2","E00120491","E01023726","E02004935","E33024341","E38000079","E63011552","C1","5A3",51.749044,-0.338442,"E37000048","","E23000027",29172,"E56000035","E54000025","E00120491","E01023726","E02004935"
"AL1 1NB","AL1  1NB","AL1 1NB","198001","","E10000015","E58000663","E07000240","E05013964","E43000290","0","514858","0206891","1","E18000006","E40000007","E92000001","E12000006","5","E14001507","E15000006","E24000005","E30000237","E16000150","E07000240","26UGGM","E00120491","26UGGM","E65000001","E01023726","E02004935","5","2B2","E00120491","E01023726","E02004935","E33024341","E38000079","E63011552","C1","5A3",51.748951,-0.337605,"E37000048","","E23000027",29172,"E56000035","E54000025","E00120491","E01023726","E02004935"
"AL1 1ND","AL1  1ND","AL1 1ND","198001","","E10000015","E58000663","E07000240","E05013964","E43000290","0","514752","0206994","1","E18000006","E40000007","E92000001","E12000006","5","E14001507","E15000006","E24000005","E30000237","E16000150","E07000240","26UGGM","E00120491","26UGGM","E65000001","E01023726","E02004935","5","2B2","E00120491","E01023726","E02004935","E33024341","E38000079","E63011552","C1","5A3",51.749904,-0.339082,"E37000048","","E23000027",29172,"E56000035","E54000025","E00120491","E01023726","E02004935"
"AL1 1NE","AL1  1NE","AL1 1NE","198001","","E10000015","E58000663","E07000240","E05013964","E43000290","0","514875","0206917","1","E18000006","E40000007","E92000001","E12000006","5","E14001507","E15000006","E24000005","E30000237","E16000150","E07000240","26UGGM","E00120491","26UGGM","E65000001","E01023726","E02004935","5","2B2","E00120491","E01023726","E02004935","E33024341","E38000079","E63011552","C1","5A3",51.749181,-0.337350,"E37000048","","E23000027",29172,"E56000035","E54000025","E00120491","E01023726","E02004935"
"AL1 1NF","AL1  1NF","AL1 1NF","198001","","E10000015","E58000663","E07000240","E05013964","E43000290","0","514904","0206953","1","E18000006","E40000007","E92000001","E12000006","5","E14001507","E15000006","E24000005","E30000237","E16000150","E07000240","26UGGM","E00120492","26UGGM","E65000001","E01023726","E02004935","5","2B2","E00120492","E01023726","E02004935","E33027448","E38000079","E63011552","C1","2D2",51.749499,-0.336918,"E37000048","","E23000027",29172,"E56000035","E54000025","E00120492","E01023726","E02004935"
"AL1 1NG","AL1  1NG","AL1 1NG","198001","","E10000015","E58000663","E07000240","E05013964","E43000290","0","514829","0207041","1","E18000006","E40000007","E92000001","E12000006","5","E14001507","E15000006","E24000005","E30000237","E16000150","E07000240","26UGGM","E00120491","26UGGM","E65000001","E01023726","E02004935","5","2B2","E00120491","E01023726","E02004935","E33024341","E38000079","E63011552","C1","5A3",51.750305,-0.337975,"E37000048","","E23000027",29172,"E56000035","E54000025","E00120491","E01023726","E02004935"
"AL1 1NH","AL1  1NH","AL1 1NH","199812","","E10000015","E58000663","E07000240","E05013964","E43000290","0","514808","0206973","1","E18000006","E40000007","E92000001","E12000006","5","E14001507","E15000006","E24000005","E30000237","E16000150","E07000240","26UGGM","E00120491","26UGGM","E65000001","E01023726","E02004935","5","2B2","E00120491","E01023726","E02004935","E33024341","E38000079","E63011552","C1","5A3",51.749704,-0.338278,"E37000048","","E23000027",29172,"E56000035","E54000025","E00120491","E01023726","E02004935"
"AL1 1NJ","AL1  1NJ","AL1 1NJ","199812","","E10000015","E58000663","E07000240","E05013964","E43000290","0","514734","0206963","1","E18000006","E40000007","E92000001","E12000006","5","E14001507","E15000006","E24000005","E30000237","E16000150","E07000240","26UGGM","E00120491","26UGGM","E65000001","E01023726","E02004935","5","2B2","E00120491","E01023726","E02004935","E33024341","E38000079","E63011552","C1","5A3",51.749623,-0.339376,"E37000048","","E23000027",29172,"E56000035","E54000025","E00120491","E01023726","E02004935"
"AL1 1NL","AL1  1NL","AL1 1NL","199812","","E10000015","E58000663","E07000240","E05013964","E43000290","0","514724","0206927","1","E18000006","E40000007","E92000001","E12000006","5","E14001507","E15000006","E24000005","E30000237","E16000150","E07000240","26UGGM","E00120491","26UGGM","E65000001","E01023726","E02004935","5","2B2","E00120491","E01023726","E02004935","E33024341","E38000079","E63011552","C1","5A3",51.749302,-0.339533,"E37000048","","E23000027",29172,"E56000035","E54000025","E00120491","E01023726","E02004935"
"AL1 1NN","AL1  1NN","AL1 1NN","198307","","E10000015","E58000663","E07000240","E05013964","E43000290","0","514827","0206899","1","E18000006","E40000007","E92000001","E12000006","5","E14001507","E15000006","E24000005","E30000237","E16000150","E07000240","26UGGM","E00120491","26UGGM","E65000001","E01023726","E02004935","5","2B2","E00120491","E01023726","E02004935","E33024341","E38000079","E63011552","C1","5A3",51.749029,-0.338051,"E37000048","","E23000027",29172,"E56000035","E54000025","E00120491","E01023726","E02004935"
"AL1 1NP","AL1  1NP","AL1 1NP","198504","201603","E10000015","E58000663","E07000240","E05013964","E43000290","1","514748","0207076","1","E18000006","E40000007","E92000001","E12000006","5","E14001507","E15000006","E24000005","E30000237","E16000150","E07000240","26UGGM","E00120491","26UGGM","E65000001","E01023726","E02004935","5","2B2","E00120491","E01023726","E02004935","E33024341","E38000079","E63011552","C1","5A3",51.750636,-0.339136,"E37000048","","E23000027",29172,"E56000035","E54000025","E00120491","E01023726","E02004935"
"AL1 1NQ","AL1  1NQ","AL1 1NQ","198001","","E10000015","E58000663","E07000240","E05013964","E43000290","1","514733","0207081","1","E18000006","E40000007","E92000001","E12000006","5","E14001507","E15000006","E24000005","E30000237","E16000150","E07000240","26UGGM","E00120491","26UGGM","E65000001","E01023726","E02004935","5","2B2","E00120491","E01023726","E02004935","E33024341","E38000079","E63011552","C1","5A3",51.750684,-0.339352,"E37000048","","E23000027",29172,"E56000035","E54000025","E00120491","E01023726","E02004935"
"AL1 1NR","AL1  1NR","AL1 1NR","201708","","E10000015","E58000664","E07000240","E05013951","E43000290","0","515908","0206182","1","E18000006","E40000007","E92000001","E12000006","5","E14001507","E15000006","E24000005","E30000237","E16000150","E07000240","26UGGB","E00120267","26UGGB","E65000001","E01023682","E02004939","5","2B2","E00120267","E01023682","E02004939","E33027467","E38000079","E63011552","C1","5B2",51.742368,-0.322615,"E37000048","","E23000027",20975,"E56000035","E54000025","E00120267","E01023682","E02004939"
"AL1 1NS","AL1  1NS","AL1 1NS","198001","","E10000015","E58000663","E07000240","E05013964","E43000290","1","514943","0206998","1","E18000006","E40000007","E92000001","E12000006","5","E14001507","E15000006","E24000005","E30000237","E16000150","E07000240","26UGGM","E00120491","26UGGM","E65000001","E01023726","E02004935","5","2B2","E00120491","E01023726","E02004935","E33024341","E38000079","E63011552","C1","5A3",51.749895,-0.336339,"E37000048","","E23000027",29172,"E56000035","E54000025","E00120491","E01023726","E02004935"
"AL1 1NT","AL1  1NT","AL1 1NT","198607","198812","E10000015","E58000663","E07000240","E05013964","E43000290","1","515000","0207000","8","E18000006","E40000007","E92000001","E12000006","5","E14001507","E15000006","E24000005","E30000237","E16000150","E07000240","26UGGM","E00120482","26UGGM","E65000001","E01023727","E02004935","5","2B2","E00120482","E01023727","E02004935","E33024338","E38000079","E63011552","C1","2D2",51.749901,-0.335513,"E37000048","","E23000027",15120,"E56000035","E54000025","E00120482","E01023727","E02004935"
"AL1 1NU","AL1  1NU","AL1 1NU","200704","","E10000015","E58000663","E07000240","E05013964","E43000290","0","515405","0206630","1","E18000006","E40000007","E92000001","E12000006","5","E14001507","E15000006","E24000005","E30000237","E16000150","E07000240","26UGGM","E00120496","26UGGM","E65000001","E01023729","E02004935","5","2B1","E00120496","E01023729","E02004935","E33024342","E38000079","E63011552","C1","2D1",51.746493,-0.329771,"E37000048","","E23000027",27026,"E56000035","E54000025","E00189404","E01035567","E02004935"
"AL1 1NW","AL1  1NW","AL1 1NW","198001","","E10000015","E58000663","E07000240","E05013964","E43000290","1","514907","0207014","1","E18000006","E40000007","E92000001","E12000006","5","E14001507","E15000006","E24000005","E30000237","E16000150","E07000240","26UGGM","E00120491","26UGGM","E65000001","E01023726","E02004935","5","2B2","E00120491","E01023726","E02004935","E33024341","E38000079","E63011552","C1","5A3",51.750046,-0.336855,"E37000048","","E23000027",29172,"E56000035","E54000025","E00120491","E01023726","E02004935"
"AL1 1NX","AL1  1NX","AL1 1NX","198001","","E10000015","E58000663","E07000240","E05013964","E43000290","0","515045","0206935","1","E18000006","E40000007","E92000001","E12000006","5","E14001507","E15000006","E24000005","E30000237","E16000150","E07000240","26UGGM","E00120492","26UGGM","E65000001","E01023726","E02004935","5","2B2","E00120492","E01023726","E02004935","E33027448","E38000079","E63011552","C1","2D2",51.749308,-0.334883,"E37000048","","E23000027",29172,"E56000035","E54000025","E00120492","E01023726","E02004935"
"AL1 1NY","AL1  1NY","AL1 1NY","198001","199612","E10000015","E58000663","E07000240","E05013964","E43000290","1","515000","0206900","8","E18000006","E40000007","E92000001","E12000006","5","E14001507","E15000006","E24000005","E30000237","E16000150","E07000240","26UGGM","E00120492","26UGGM","E65000001","E01023726","E02004935","5","2B2","E00120492","E01023726","E02004935","E33027448","E38000079","E63011552","C1","2D2",51.749003,-0.335546,"E37000048","","E23000027",29172,"E56000035","E54000025","E00120492","E01023726","E02004935"
"AL1 1NZ","AL1  1NZ","AL1 1NZ","198504","199507","E10000015","E58000663","E07000240","E05013964","E43000290","1","515000","0206900","8","E18000006","E40000007","E92000001","E12000006","5","E14001507","E15000006","E24000005","E30000237","E16000150","E07000240","26UGGM","E00120492","26UGGM","E65000001","E01023726","E02004935","5","2B2","E00120492","E01023726","E02004935","E33027448","E38000079","E63011552","C1","2D2",51.749003,-0.335546,"E37000048","","E23000027",29172,"E56000035","E54000025","E00120492","E01023726","E02004935"
"AL1 1PA","AL1  1PA","AL1 1PA","198001","","E10000015","E58000663","E07000240","E05013964","E43000290","0","515081","0206860","1","E18000006","E40000007","E92000001","E12000006","5","E14001507","E15000006","E24000005","E30000237","E16000150","E07000240","26UGGM","E00120492","26UGGM","E65000001","E01023726","E02004935","5","2B2","E00120492","E01023726","E02004935","E33027448","E38000079","E63011552","C1","2D2",51.748626,-0.334386,"E37000048","","E23000027",29172,"E56000035","E54000025","E00120492","E01023726","E02004935"
"AL1 1PB","AL1  1PB","AL1 1PB","198001","","E10000015","E58000663","E07000240","E05013964","E43000290","0","514990","0206863","1","E18000006","E40000007","E92000001","E12000006","5","E14001507","E15000006","E24000005","E30000237","E16000150","E07000240","26UGGM","E00120492","26UGGM","E65000001","E01023726","E02004935","5","2B2","E00120492","E01023726","E02004935","E33027448","E38000079","E63011552","C1","2D2",51.748678,-0.335679,"E37000048","","E23000027",29172,"E56000035","E54000025","E00120492","E01023726","E02004935"
"AL1 1PD","AL1  1PD","AL1 1PD","198001","","E10000015","E58000663","E07000240","E05013964","E43000290","0","515026","0206815","1","E18000006","E40000007","E92000001","E12000006","5","E14001507","E15000006","E24000005","E30000237","E16000150","E07000240","26UGGM","E00120492","26UGGM","E65000001","E01023726","E02004935","5","2B2","E00120492","E01023726","E02004935","E33027448","E38000079","E63011552","C1","2D2",51.748239,-0.335174,"E37000048","","E23000027",29172,"E56000035","E54000025","E00120492","E01023726","E02004935"
"AL1 1PE","AL1  1PE","AL1 1PE","199906","199912","E10000015","E58000666","E07000240","E05013963","E43000290","1","515429","0206407","6","E18000006","E40000007","E92000001","E12000006","5","E14001507","E15000006","E24000005","E30000237","E16000150","E07000240","26UGGQ","E00120543","26UGGQ","E65000001","E01023741","E02004940","5","6D1","E00120543","E01023741","E02004940","E33027473","E38000079","E63011552","C1","5A2",51.744484,-0.329498,"E37000048","","E23000027",30070,"E56000035","E54000025","E00120543","E01023741","E02004940"
"AL1 1PF","AL1  1PF","AL1 1PF","198001","","E10000015","E58000663","E07000240","E05013964","E43000290","0","515125","0206815","1","E18000006","E40000007","E92000001","E12000006","5","E14001507","E15000006","E24000005","E30000237","E16000150","E07000240","26UGGM","E00120495","26UGGM","E65000001","E01023726","E02004935","5","6D1","E00120495","E01023726","E02004935","E33027447","E38000079","E63011552","C1","5A3",51.748213,-0.333764,"E37000048","","E23000027",29172,"E56000035","E54000025","E00120495","E01023726","E02004935"
"AL1 1PG","AL1  1PG","AL1 1PG","198001","","E10000015","E58000663","E07000240","E05013964","E43000290","0","515194","0206752","1","E18000006","E40000007","E92000001","E12000006","5","E14001507","E15000006","E24000005","E30000237","E16000150","E07000240","26UGGM","E00120495","26UGGM","E65000001","E01023726","E02004935","5","6D1","E00120495","E01023726","E02004935","E33027447","E38000079","E63011552","C1","5A3",51.747633,-0.332786,"E37000048","","E23000027",29172,"E56000035","E54000025","E00120495","E01023726","E02004935"
"AL1 1PH","AL1  1PH","AL1 1PH","198001","200701","E10000015","E58000663","E07000240","E05013964","E43000290","1","514899","0207059","1","E18000006","E40000007","E92000001","E12000006","5","E14001507","E15000006","E24000005","E30000237","E16000150","E07000240","26UGGM","E00120481","26UGGM","E65000001","E01023727","E02004935","5","2B2","E00120481","E01023727","E02004935","E33024331","E38000079","E63011552","C1","2D1",51.750452,-0.336956,"E37000048","","E23000027",15120,"E56000035","E54000025","E00120481","E01023727","E02004935"
"AL1 1PJ","AL1  1PJ","AL1 1PJ","198001","","E10000015","E58000663","E07000240","E05013964","E43000290","0","515267","0206739","1","E18000006","E40000007","E92000001","E12000006","5","E14001507","E15000006","E24000005","E30000237","E16000150","E07000240","26UGGM","E00120495","26UGGM","E65000001","E01023726","E02004935","5","6D1","E00120495","E01023726","E02004935","E33027447","E38000079","E63011552","C1","5A3",51.747506,-0.331710,"E37000048","","E23000027",29172,"E56000035","E54000025","E00120495","E01023726","E02004935"
"AL1 1PL","AL1  1PL","AL1 1PL","198001","","E10000015","E58000663","E07000240","E05013964","E43000290","0","515325","0206692","1","E18000006","E40000007","E92000001","E12000006","5","E14001507","E15000006","E24000005","E30000237","E16000150","E07000240","26UGGM","E00120495","26UGGM","E65000001","E01023726","E02004935","5","6D1","E00120495","E01023726","E02004935","E33027447","E38000079","E63011552","C1","5A3",51.747066,-0.330909,"E37000048","","E23000027",29172,"E56000035","E54000025","E00120495","E01023726","E02004935"
"AL1 1PN","AL1  1PN","AL1 1PN","198001","202409","E10000015","E58000666","E07000240","E05013963","E43000290","0","515541","0206387","1","E18000006","E40000007","E92000001","E12000006","5","E14001507","E15000006","E24000005","E30000237","E16000150","E07000240","26UGGQ","E00120543","26UGGQ","E65000001","E01023741","E02004940","5","6D1","E00120543","E01023741","E02004940","E33027473","E38000079","E63011552","C1","5A2",51.744281,-0.327883,"E37000048","","E23000027",30070,"E56000035","E54000025","E00120543","E01023741","E02004940"
"AL1 1PP","AL1  1PP","AL1 1PP","198001","","E10000015","E58000666","E07000240","E05013963","E43000290","0","515350","0206619","1","E18000006","E40000007","E92000001","E12000006","5","E14001507","E15000006","E24000005","E30000237","E16000150","E07000240","26UGGQ","E00120539","26UGGQ","E65000001","E01023740","E02004940","5","2B2","E00120539","E01023740","E02004940","E33027472","E38000079","E63011552","C1","2D1",51.746405,-0.330571,"E37000048","","E23000027",27694,"E56000035","E54000025","E00120539","E01023740","E02004940"
"AL1 1PQ","AL1  1PQ","AL1 1PQ","198001","","E10000015","E58000663","E07000240","E05013964","E43000290","0","515145","0206844","1","E18000006","E40000007","E92000001","E12000006","5","E14001507","E15000006","E24000005","E30000237","E16000150","E07000240","26UGGM","E00120493","26UGGM","E65000001","E01023726","E02004935","5","2B2","E00120493","E01023726","E02004935","E33027447","E38000079","E63011552","C1","2D2",51.748475,-0.333441,"E37000048","","E23000027",29172,"E56000035","E54000025","E00120493","E01023726","E02004935"
"AL1 1PR","AL1  1PR","AL1 1PR","202011","","E10000015","E58000663","E07000240","E05013964","E43000290","0","515353","0206659","1","E18000006","E40000007","E92000001","E12000006","5","E14001507","E15000006","E24000005","E30000237","E16000150","E07000240","26UGGM","E00120496","26UGGM","E65000001","E01023729","E02004935","5","2B1","E00120496","E01023729","E02004935","E33024342","E38000079","E63011552","C1","2D1",51.746770,-0.330491,"E37000048","","E23000027",27026,"E56000035","E54000025","E00189404","E01035567","E02004935"
"AL1 1PS","AL1  1PS","AL1 1PS","198001","","E10000015","E58000663","E07000240","E05013964","E43000290","0","515316","0206667","1","E18000006","E40000007","E92000001","E12000006","5","E14001507","E15000006","E24000005","E30000237","E16000150","E07000240","26UGGM","E00120495","26UGGM","E65000001","E01023726","E02004935","5","6D1","E00120495","E01023726","E02004935","E33027447","E38000079","E63011552","C1","5A3",51.746849,-0.331024,"E37000048","","E23000027",29172,"E56000035","E54000025","E00120495","E01023726","E02004935"
"AL1 1PT","AL1  1PT","AL1 1PT","198001","","E10000015","E58000663","E07000240","E05013964","E43000290","0","515265","0206690","1","E18000006","E40000007","E92000001","E12000006","5","E14001507","E15000006","E24000005","E30000237","E16000150","E07000240","26UGGM","E00120495","26UGGM","E65000001","E01023726","E02004935","5","6D1","E00120495","E01023726","E02004935","E33027447","E38000079","E63011552","C1","5A3",51.747066,-0.331755,"E37000048","","E23000027",29172,"E56000035","E54000025","E00120495","E01023726","E02004935"
"AL1 1PU","AL1  1PU","AL1 1PU","198001","","E10000015","E58000666","E07000240","E05013963","E43000290","0","515239","0206661","1","E18000006","E40000007","E92000001","E12000006","5","E14001507","E15000006","E24000005","E30000237","E16000150","E07000240","26UGGQ","E00120539","26UGGQ","E65000001","E01023740","E02004940","5","2B2","E00120539","E01023740","E02004940","E33027472","E38000079","E63011552","C1","2D1",51.746811,-0.332141,"E37000048","","E23000027",27694,"E56000035","E54000025","E00120539","E01023740","E02004940"
"AL1 1PW","AL1  1PW","AL1 1PW","198001","","E10000015","E58000666","E07000240","E05013963","E43000290","0","515386","0206607","1","E18000006","E40000007","E92000001","E12000006","5","E14001507","E15000006","E24000005","E30000237","E16000150","E07000240","26UGGQ","E00120539","26UGGQ","E65000001","E01023740","E02004940","5","2B2","E00120539","E01023740","E02004940","E33027472","E38000079","E63011552","C1","2D1",51.746296,-0.330031,"E37000048","","E23000027",27694,"E56000035","E54000025","E00120539","E01023740","E02004940"
"AL1 1PX","AL1  1PX","AL1 1PX","200602","","E10000015","E58000663","E07000240","E05013964","E43000290","0","514920","0207067","1","E18000006","E40000007","E92000001","E12000006","5","E14001507","E15000006","E24000005","E30000237","E16000150","E07000240","26UGGM","E00120491","26UGGM","E65000001","E01023726","E02004935","5","2B2","E00120491","E01023726","E02004935","E33024341","E38000079","E63011552","C1","5A3",51.750520,-0.336649,"E37000048","","E23000027",29172,"E56000035","E54000025","E00120491","E01023726","E02004935"
"AL1 1PY","AL1  1PY","AL1 1PY","198001","200806","E10000015","E58000666","E07000240","E05013963","E43000290","0","515036","0206749","1","E18000006","E40000007","E92000001","E12000006","5","E14001507","E15000006","E24000005","E30000237","E16000150","E07000240","26UGGQ","E00120560","26UGGQ","E65000001","E01023740","E02004940","5","7B1","E00120560","E01023740","E02004940","E33027472","E38000079","E63011552","C1","3D2",51.747638,-0.335074,"E37000048","","E23000027",27694,"E56000035","E54000025","E00120560","E01023740","E02004940"
"AL1 1PZ","AL1  1PZ","AL1 1PZ","199208","200408","E10000015","E58000664","E07000240","E05013956","E43000290","1","517328","0206823","1","E18000006","E40000007","E92000001","E12000006","5","E14001507","E15000006","E24000005","E30000237","E16000150","E07000240","26UGFX","E00120196","26UGFX","E65000001","E01023667","E02004936","5","6D1","E00120196","E01023667","E02004936","E33027453","E38000079","E63011552","C1","5A2",51.747828,-0.301865,"E37000048","","E23000027",30628,"E56000035","E54000025","E00120196","E01023667","E02004936"
"AL1 1QA","AL1  1QA","AL1 1QA","198001","","E10000015","E58000663","E07000240","E05013964","E43000290","0","515248","0206687","1","E18000006","E40000007","E92000001","E12000006","5","E14001507","E15000006","E24000005","E30000237","E16000150","E07000240","26UGGM","E00120495","26UGGM","E65000001","E01023726","E02004935","5","6D1","E00120495","E01023726","E02004935","E33027447","E38000079","E63011552","C1","5A3",51.747043,-0.332002,"E37000048","","E23000027",29172,"E56000035","E54000025","E00120495","E01023726","E02004935"
"AL1 1QB","AL1  1QB","AL1 1QB","198001","","E10000015","E58000663","E07000240","E05013964","E43000290","0","515229","0206733","1","E18000006","E40000007","E92000001","E12000006","5","E14001507","E15000006","E24000005","E30000237","E16000150","E07000240","26UGGM","E00120495","26UGGM","E65000001","E01023726","E02004935","5","6D1","E00120495","E01023726","E02004935","E33027447","E38000079","E63011552","C1","5A3",51.747460,-0.332262,"E37000048","","E23000027",29172,"E56000035","E54000025","E00120495","E01023726","E02004935"
"AL1 1QD","AL1  1QD","AL1 1QD","198001","","E10000015","E58000663","E07000240","E05013964","E43000290","0","515132","0206740","1","E18000006","E40000007","E92000001","E12000006","5","E14001507","E15000006","E24000005","E30000237","E16000150","E07000240","26UGGM","E00120495","26UGGM","E65000001","E01023726","E02004935","5","6D1","E00120495","E01023726","E02004935","E33027447","E38000079","E63011552","C1","5A3",51.747538,-0.333687,"E37000048","","E23000027",29172,"E56000035","E54000025","E00120495","E01023726","E02004935"
"AL1 1QE","AL1  1QE","AL1 1QE","198001","","E10000015","E58000663","E07000240","E05013964","E43000290","0","514994","0206795","1","E18000006","E40000007","E92000001","E12000006","5","E14001507","E15000006","E24000005","E30000237","E16000150","E07000240","26UGGM","E00120495","26UGGM","E65000001","E01023726","E02004935","5","6D1","E00120495","E01023726","E02004935","E33027447","E38000079","E63011552","C1","5A3",51.748060,-0.335667,"E37000048","","E23000027",29172,"E56000035","E54000025","E00120495","E01023726","E02004935"
"AL1 1QF","AL1  1QF","AL1 1QF","199912","","E10000015","E58000666","E07000240","E05013963","E43000290","0","515082","0206722","1","E18000006","E40000007","E92000001","E12000006","5","E14001507","E15000006","E24000005","E30000237","E16000150","E07000240","26UGGQ","E00120560","26UGGQ","E65000001","E01023740","E02004940","5","7B1","E00120560","E01023740","E02004940","E33027472","E38000079","E63011552","C1","3D2",51.747386,-0.334417,"E37000048","","E23000027",27694,"E56000035","E54000025","E00120560","E01023740","E02004940"
"AL1 1QH","AL1  1QH","AL1 1QH","198001","","E10000015","E58000663","E07000240","E05013964","E43000290","0","514934","0206848","1","E18000006","E40000007","E92000001","E12000006","5","E14001507","E15000006","E24000005","E30000237","E16000150","E07000240","26UGGM","E00120492","26UGGM","E65000001","E01023726","E02004935","5","2B2","E00120492","E01023726","E02004935","E33027448","E38000079","E63011552","C1","2D2",51.748549,-0.336518,"E37000048","","E23000027",29172,"E56000035","E54000025","E00120492","E01023726","E02004935"
"AL1 1QJ","AL1  1QJ","AL1 1QJ","198001","","E10000015","E58000663","E07000240","E05013964","E43000290","0","514940","0206884","1","E18000006","E40000007","E92000001","E12000006","5","E14001507","E15000006","E24000005","E30000237","E16000150","E07000240","26UGGM","E00120492","26UGGM","E65000001","E01023726","E02004935","5","2B2","E00120492","E01023726","E02004935","E33027448","E38000079","E63011552","C1","2D2",51.748877,-0.336397,"E37000048","","E23000027",29172,"E56000035","E54000025","E00120492","E01023726","E02004935"
"AL1 1QL","AL1  1QL","AL1 1QL","198001","","E10000015","E58000663","E07000240","E05013964","E43000290","0","514993","0206968","1","E18000006","E40000007","E92000001","E12000006","5","E14001507","E15000006","E24000005","E30000237","E16000150","E07000240","26UGGM","E00120492","26UGGM","E65000001","E01023726","E02004935","5","2B2","E00120492","E01023726","E02004935","E33027448","E38000079","E63011552","C1","2D2",51.749615,-0.335625,"E37000048","","E23000027",29172,"E56000035","E54000025","E00120492","E01023726","E02004935"
"AL1 1QN","AL1  1QN","AL1 1QN","198704","","E10000015","E58000666","E07000240","E05013966","E43000290","0","514603","0206898","1","E18000006","E40000007","E92000001","E12000006","5","E14001507","E15000006","E24000005","E30000237","E16000150","E07000240","26UGGR","E00120568","26UGGR","E65000001","E01023743","E02004937","5","2B2","E00120568","E01023743","E02004937","E33024349","E38000079","E63011552","C1","5A3",51.749072,-0.341271,"E37000048","","E23000027",30564,"E56000035","E54000025","E00120568","E01023743","E02004937"
"AL1 1QP","AL1  1QP","AL1 1QP","199208","199412","E10000015","E58000666","E07000240","E05013963","E43000290","1","515200","0206600","8","E18000006","E40000007","E92000001","E12000006","5","E14001507","E15000006","E24000005","E30000237","E16000150","E07000240","26UGGQ","E00120539","26UGGQ","E65000001","E01023740","E02004940","5","2B2","E00120539","E01023740","E02004940","E33027472","E38000079","E63011552","C1","2D1",51.746265,-0.332749,"E37000048","","E23000027",27694,"E56000035","E54000025","E00120539","E01023740","E02004940"
"AL1 1QQ","AL1  1QQ","AL1 1QQ","198001","","E10000015","E58000666","E07000240","E05013963","E43000290","0","514981","0206757","1","E18000006","E40000007","E92000001","E12000006","5","E14001507","E15000006","E24000005","E30000237","E16000150","E07000240","26UGGQ","E00120559","26UGGQ","E65000001","E01023740","E02004940","5","7A2","E00120559","E01023740","E02004940","E33027472","E38000079","E63011552","C1","4A1",51.747721,-0.335868,"E37000048","","E23000027",27694,"E56000035","E54000025","E00120559","E01023740","E02004940"
"AL1 1QR","AL1  1QR","AL1 1QR","199412","199512","E10000015","E58000666","E07000240","E05013963","E43000290","1","515200","0206600","8","E18000006","E40000007","E92000001","E12000006","5","E14001507","E15000006","E24000005","E30000237","E16000150","E07000240","26UGGQ","E00120539","26UGGQ","E65000001","E01023740","E02004940","5","2B2","E00120539","E01023740","E02004940","E33027472","E38000079","E63011552","C1","2D1",51.746265,-0.332749,"E37000048","","E23000027",27694,"E56000035","E54000025","E00120539","E01023740","E02004940"
"AL1 1QS","AL1  1QS","AL1 1QS","199301","199512","E10000015","E58000666","E07000240","E05013963","E43000290","1","515200","0206600","8","E18000006","E40000007","E92000001","E12000006","5","E14001507","E15000006","E24000005","E30000237","E16000150","E07000240","26UGGQ","E00120539","26UGGQ","E65000001","E01023740","E02004940","5","2B2","E00120539","E01023740","E02004940","E33027472","E38000079","E63011552","C1","2D1",51.746265,-0.332749,"E37000048","","E23000027",27694,"E56000035","E54000025","E00120539","E01023740","E02004940"
"AL1 1QU","AL1  1QU","AL1 1QU","200106","","E10000015","E58000663","E07000240","E05013964","E43000290","0","515273","0206679","1","E18000006","E40000007","E92000001","E12000006","5","E14001507","E15000006","E24000005","E30000237","E16000150","E07000240","26UGGM","E00120495","26UGGM","E65000001","E01023726","E02004935","5","6D1","E00120495","E01023726","E02004935","E33027447","E38000079","E63011552","C1","5A3",51.746966,-0.331643,"E37000048","","E23000027",29172,"E56000035","E54000025","E00120495","E01023726","E02004935"
"AL1 1QW","AL1  1QW","AL1 1QW","199101","","E10000015","E58000666","E07000240","E05013963","E43000290","0","515186","0206615","1","E18000006","E40000007","E92000001","E12000006","5","E14001507","E15000006","E24000005","E30000237","E16000150","E07000240","26UGGQ","E00120539","26UGGQ","E65000001","E01023740","E02004940","5","2B2","E00120539","E01023740","E02004940","E33027472","E38000079","E63011552","C1","2D1",51.746403,-0.332947,"E37000048","","E23000027",27694,"E56000035","E54000025","E00120539","E01023740","E02004940"
"AL1 1QY","AL1  1QY","AL1 1QY","199308","199501","E10000015","E58000666","E07000240","E05013963","E43000290","1","515200","0206600","8","E18000006","E40000007","E92000001","E12000006","5","E14001507","E15000006","E24000005","E30000237","E16000150","E07000240","26UGGQ","E00120539","26UGGQ","E65000001","E01023740","E02004940","5","2B2","E00120539","E01023740","E02004940","E33027472","E38000079","E63011552","C1","2D1",51.746265,-0.332749,"E37000048","","E23000027",27694,"E56000035","E54000025","E00120539","E01023740","E02004940"
"AL1 1QZ","AL1  1QZ","AL1 1QZ","199507","199912","E10000015","E58000666","E07000240","E05013963","E43000290","1","515429","0206407","6","E18000006","E40000007","E92000001","E12000006","5","E14001507","E15000006","E24000005","E30000237","E16000150","E07000240","26UGGQ","E00120543","26UGGQ","E65000001","E01023741","E02004940","5","6D1","E00120543","E01023741","E02004940","E33027473","E38000079","E63011552","C1","5A2",51.744484,-0.329498,"E37000048","","E23000027",30070,"E56000035","E54000025","E00120543","E01023741","E02004940"
"AL1 1RA","AL1  1RA","AL1 1RA","200106","200903","E10000015","E58000664","E07000240","E05013956","E43000290","1","517328","0206823","1","E18000006","E40000007","E92000001","E12000006","5","E14001507","E15000006","E24000005","E30000237","E16000150","E07000240","26UGFX","E00120196","26UGFX","E65000001","E01023667","E02004936","5","6D1","E00120196","E01023667","E02004936","E33027453","E38000079","E63011552","C1","5A2",51.747828,-0.301865,"E37000048","","E23000027",30628,"E56000035","E54000025","E00120196","E01023667","E02004936"
"AL1 1RB","AL1  1RB","AL1 1RB","198001","","E10000015","E58000663","E07000240","E05013964","E43000290","0","514664","0206781","1","E18000006","E40000007","E92000001","E12000006","5","E14001507","E15000006","E24000005","E30000237","E16000150","E07000240","26UGGM","E00120497","26UGGM","E65000001","E01023727","E02004935","5","2B2","E00120497","E01023727","E02004935","E33027448","E38000079","E63011552","C1","3D2",51.748002,-0.340450,"E37000048","","E23000027",15120,"E56000035","E54000025","E00120497","E01023727","E02004935"
"AL1 1RD","AL1  1RD","AL1 1RD","198001","","E10000015","E58000663","E07000240","E05013964","E43000290","0","514761","0206738","1","E18000006","E40000007","E92000001","E12000006","5","E14001507","E15000006","E24000005","E30000237","E16000150","E07000240","26UGGM","E00120497","26UGGM","E65000001","E01023727","E02004935","5","2B2","E00120497","E01023727","E02004935","E33027448","E38000079","E63011552","C1","3D2",51.747601,-0.339036,"E37000048","","E23000027",15120,"E56000035","E54000025","E00120497","E01023727","E02004935"
"AL1 1RE","AL1  1RE","AL1 1RE","199512","199806","E10000015","E58000666","E07000240","E05013963","E43000290","1","515429","0206407","6","E18000006","E40000007","E92000001","E12000006","5","E14001507","E15000006","E24000005","E30000237","E16000150","E07000240","26UGGQ","E00120543","26UGGQ","E65000001","E01023741","E02004940","5","6D1","E00120543","E01023741","E02004940","E33027473","E38000079","E63011552","C1","5A2",51.744484,-0.329498,"E37000048","","E23000027",30070,"E56000035","E54000025","E00120543","E01023741","E02004940"
"AL1 1RF","AL1  1RF","AL1 1RF","198001","","E10000015","E58000666","E07000240","E05013963","E43000290","0","514860","0206722","1","E18000006","E40000007","E92000001","E12000006","5","E14001507","E15000006","E24000005","E30000237","E16000150","E07000240","26UGGQ","E00120559","26UGGQ","E65000001","E01023740","E02004940","5","7A2","E00120559","E01023740","E02004940","E33027472","E38000079","E63011552","C1","4A1",51.747432,-0.337631,"E37000048","","E23000027",27694,"E56000035","E54000025","E00120559","E01023740","E02004940"
"AL1 1RG","AL1  1RG","AL1 1RG","198001","","E10000015","E58000663","E07000240","E05013964","E43000290","0","514844","0206734","1","E18000006","E40000007","E92000001","E12000006","5","E14001507","E15000006","E24000005","E30000237","E16000150","E07000240","26UGGM","E00120497","26UGGM","E65000001","E01023727","E02004935","5","2B2","E00120497","E01023727","E02004935","E33027448","E38000079","E63011552","C1","3D2",51.747543,-0.337859,"E37000048","","E23000027",15120,"E56000035","E54000025","E00120497","E01023727","E02004935"
"AL1 1RH","AL1  1RH","AL1 1RH","198001","","E10000015","E58000663","E07000240","E05013964","E43000290","0","514733","0206803","1","E18000006","E40000007","E92000001","E12000006","5","E14001507","E15000006","E24000005","E30000237","E16000150","E07000240","26UGGM","E00120497","26UGGM","E65000001","E01023727","E02004935","5","2B2","E00120497","E01023727","E02004935","E33027448","E38000079","E63011552","C1","3D2",51.748185,-0.339444,"E37000048","","E23000027",15120,"E56000035","E54000025","E00120497","E01023727","E02004935"
"AL1 1RJ","AL1  1RJ","AL1 1RJ","198001","","E10000015","E58000663","E07000240","E05013964","E43000290","0","514827","0206778","1","E18000006","E40000007","E92000001","E12000006","5","E14001507","E15000006","E24000005","E30000237","E16000150","E07000240","26UGGM","E00120494","26UGGM","E65000001","E01023726","E02004935","5","6D1","E00120494","E01023726","E02004935","E33027448","E38000079","E63011552","C1","5A3",51.747947,-0.338068,"E37000048","","E23000027",29172,"E56000035","E54000025","E00120494","E01023726","E02004935"
"AL1 1RL","AL1  1RL","AL1 1RL","198001","","E10000015","E58000666","E07000240","E05013963","E43000290","0","514897","0206769","1","E18000006","E40000007","E92000001","E12000006","5","E14001507","E15000006","E24000005","E30000237","E16000150","E07000240","26UGGQ","E00120559","26UGGQ","E65000001","E01023740","E02004940","5","7A2","E00120559","E01023740","E02004940","E33027472","E38000079","E63011552","C1","4A1",51.747852,-0.337057,"E37000048","","E23000027",27694,"E56000035","E54000025","E00120559","E01023740","E02004940"
"AL1 1RN","AL1  1RN","AL1 1RN","198001","","E10000015","E58000663","E07000240","E05013964","E43000290","0","514842","0206823","1","E18000006","E40000007","E92000001","E12000006","5","E14001507","E15000006","E24000005","E30000237","E16000150","E07000240","26UGGM","E00120494","26UGGM","E65000001","E01023726","E02004935","5","6D1","E00120494","E01023726","E02004935","E33027448","E38000079","E63011552","C1","5A3",51.748343,-0.337859,"E37000048","","E23000027",29172,"E56000035","E54000025","E00120494","E01023726","E02004935"
"AL1 1RP","AL1  1RP","AL1 1RP","198001","","E10000015","E58000663","E07000240","E05013964","E43000290","0","514775","0206839","1","E18000006","E40000007","E92000001","E12000006","5","E14001507","E15000006","E24000005","E30000237","E16000150","E07000240","26UGGM","E00120497","26UGGM","E65000001","E01023727","E02004935","5","2B2","E00120497","E01023727","E02004935","E33027448","E38000079","E63011552","C1","3D2",51.748500,-0.338824,"E37000048","","E23000027",15120,"E56000035","E54000025","E00120497","E01023727","E02004935"
"AL1 1RQ","AL1  1RQ","AL1 1RQ","198001","","E10000015","E58000663","E07000240","E05013964","E43000290","0","514812","0206763","1","E18000006","E40000007","E92000001","E12000006","5","E14001507","E15000006","E24000005","E30000237","E16000150","E07000240","26UGGM","E00120497","26UGGM","E65000001","E01023727","E02004935","5","2B2","E00120497","E01023727","E02004935","E33027448","E38000079","E63011552","C1","3D2",51.747810,-0.338313,"E37000048","","E23000027",15120,"E56000035","E54000025","E00120497","E01023727","E02004935"
"AL1 1RR","AL1  1RR","AL1 1RR","198001","","E10000015","E58000663","E07000240","E05013964","E43000290","0","514711","0206867","1","E18000006","E40000007","E92000001","E12000006","5","E14001507","E15000006","E24000005","E30000237","E16000150","E07000240","26UGGM","E00120481","26UGGM","E65000001","E01023727","E02004935","5","2B2","E00120481","E01023727","E02004935","E33024335","E38000079","E63011552","C1","2D1",51.748765,-0.339741,"E37000048","","E23000027",15120,"E56000035","E54000025","E00120481","E01023727","E02004935"
"AL1 1RS","AL1  1RS","AL1 1RS","198001","","E10000015","E58000663","E07000240","E05013964","E43000290","0","514688","0206896","1","E18000006","E40000007","E92000001","E12000006","5","E14001507","E15000006","E24000005","E30000237","E16000150","E07000240","26UGGM","E00120494","26UGGM","E65000001","E01023726","E02004935","5","6D1","E00120494","E01023726","E02004935","E33027448","E38000079","E63011552","C1","5A3",51.749030,-0.340064,"E37000048","","E23000027",29172,"E56000035","E54000025","E00120494","E01023726","E02004935"
"AL1 1RT","AL1  1RT","AL1 1RT","198001","","E10000015","E58000663","E07000240","E05013964","E43000290","0","514878","0206863","1","E18000006","E40000007","E92000001","E12000006","5","E14001507","E15000006","E24000005","E30000237","E16000150","E07000240","26UGGM","E00120494","26UGGM","E65000001","E01023726","E02004935","5","6D1","E00120494","E01023726","E02004935","E33027448","E38000079","E63011552","C1","5A3",51.748701,-0.337301,"E37000048","","E23000027",29172,"E56000035","E54000025","E00120494","E01023726","E02004935"
"AL1 1RU","AL1  1RU","AL1 1RU","198001","","E10000015","E58000663","E07000240","E05013964","E43000290","0","514815","0206878","1","E18000006","E40000007","E92000001","E12000006","5","E14001507","E15000006","E24000005","E30000237","E16000150","E07000240","26UGGM","E00120494","26UGGM","E65000001","E01023726","E02004935","5","6D1","E00120494","E01023726","E02004935","E33027448","E38000079","E63011552","C1","5A3",51.748843,-0.338232,"E37000048","","E23000027",29172,"E56000035","E54000025","E00120494","E01023726","E02004935"
"AL1 1RW","AL1  1RW","AL1 1RW","198001","","E10000015","E58000663","E07000240","E05013964","E43000290","0","514840","0206798","1","E18000006","E40000007","E92000001","E12000006","5","E14001507","E15000006","E24000005","E30000237","E16000150","E07000240","26UGGM","E00120494","26UGGM","E65000001","E01023726","E02004935","5","6D1","E00120494","E01023726","E02004935","E33027448","E38000079","E63011552","C1","5A3",51.748119,-0.337896,"E37000048","","E23000027",29172,"E56000035","E54000025","E00120494","E01023726","E02004935"
"AL1 1RX","AL1  1RX","AL1 1RX","198001","","E10000015","E58000666","E07000240","E05013963","E43000290","0","515064","0206685","1","E18000006","E40000007","E92000001","E12000006","5","E14001507","E15000006","E24000005","E30000237","E16000150","E07000240","26UGGQ","E00120560","26UGGQ","E65000001","E01023740","E02004940","5","7B1","E00120560","E01023740","E02004940","E33027472","E38000079","E63011552","C1","3D2",51.747063,-0.334667,"E37000048","","E23000027",27694,"E56000035","E54000025","E00120560","E01023740","E02004940"
"AL1 1RY","AL1  1RY","AL1 1RY","199208","","E10000015","E58000666","E07000240","E05013963","E43000290","0","515111","0206667","1","E18000006","E40000007","E92000001","E12000006","5","E14001507","E15000006","E24000005","E30000237","E16000150","E07000240","26UGGQ","E00120560","26UGGQ","E65000001","E01023740","E02004940","5","7B1","E00120560","E01023740","E02004940","E33027472","E38000079","E63011552","C1","3D2",51.746886,-0.334016,"E37000048","","E23000027",27694,"E56000035","E54000025","E00120560","E01023740","E02004940"
"AL1 1RZ","AL1  1RZ","AL1 1RZ","198001","","E10000015","E58000666","E07000240","E05013963","E43000290","0","515284","0206486","1","E18000006","E40000007","E92000001","E12000006","5","E14001507","E15000006","E24000005","E30000237","E16000150","E07000240","26UGGQ","E00120541","26UGGQ","E65000001","E01023741","E02004940","5","6D1","E00120541","E01023741","E02004940","E33027472","E38000079","E63011552","C1","5A2",51.745224,-0.331571,"E37000048","","E23000027",30070,"E56000035","E54000025","E00120541","E01023741","E02004940"
"AL1 1SA","AL1  1SA","AL1 1SA","198803","200210","E10000015","E58000663","E07000240","E05013964","E43000290","1","515122","0206861","1","E18000006","E40000007","E92000001","E12000006","5","E14001507","E15000006","E24000005","E30000237","E16000150","E07000240","26UGGM","E00120493","26UGGM","E65000001","E01023726","E02004935","5","2B2","E00120493","E01023726","E02004935","E33027447","E38000079","E63011552","C1","2D2",51.748627,-0.333792,"E37000048","","E23000027",29172,"E56000035","E54000025","E00120493","E01023726","E02004935"
"AL1 1SD","AL1  1SD","AL1 1SD","198001","","E10000015","E58000666","E07000240","E05013963","E43000290","0","515131","0206602","1","E18000006","E40000007","E92000001","E12000006","5","E14001507","E15000006","E24000005","E30000237","E16000150","E07000240","26UGGQ","E00120560","26UGGQ","E65000001","E01023740","E02004940","5","7B1","E00120560","E01023740","E02004940","E33027472","E38000079","E63011552","C1","3D2",51.746297,-0.333747,"E37000048","","E23000027",27694,"E56000035","E54000025","E00120560","E01023740","E02004940"
"AL1 1SE","AL1  1SE","AL1 1SE","198001","","E10000015","E58000666","E07000240","E05013963","E43000290","0","515177","0206503","1","E18000006","E40000007","E92000001","E12000006","5","E14001507","E15000006","E24000005","E30000237","E16000150","E07000240","26UGGQ","E00120560","26UGGQ","E65000001","E01023740","E02004940","5","7B1","E00120560","E01023740","E02004940","E33027472","E38000079","E63011552","C1","3D2",51.745398,-0.333114,"E37000048","","E23000027",27694,"E56000035","E54000025","E00120560","E01023740","E02004940"
"AL1 1SF","AL1  1SF","AL1 1SF","198001","","E10000015","E58000666","E07000240","E05013963","E43000290","0","515314","0206398","1","E18000006","E40000007","E92000001","E12000006","5","E14001507","E15000006","E24000005","E30000237","E16000150","E07000240","26UGGQ","E00120541","26UGGQ","E65000001","E01023741","E02004940","5","6D1","E00120541","E01023741","E02004940","E33027472","E38000079","E63011552","C1","5A2",51.744426,-0.331166,"E37000048","","E23000027",30070,"E56000035","E54000025","E00120541","E01023741","E02004940"
"AL1 1SG","AL1  1SG","AL1 1SG","198001","","E10000015","E58000666","E07000240","E05013963","E43000290","0","515236","0206474","1","E18000006","E40000007","E92000001","E12000006","5","E14001507","E15000006","E24000005","E30000237","E16000150","E07000240","26UGGQ","E00120560","26UGGQ","E65000001","E01023740","E02004940","5","7B1","E00120560","E01023740","E02004940","E33027472","E38000079","E63011552","C1","3D2",51.745126,-0.332270,"E37000048","","E23000027",27694,"E56000035","E54000025","E00120560","E01023740","E02004940"
"AL1 1SH","AL1  1SH","AL1 1SH","198001","","E10000015","E58000666","E07000240","E05013963","E43000290","0","515356","0206441","1","E18000006","E40000007","E92000001","E12000006","5","E14001507","E15000006","E24000005","E30000237","E16000150","E07000240","26UGGQ","E00120543","26UGGQ","E65000001","E01023741","E02004940","5","6D1","E00120543","E01023741","E02004940","E33027473","E38000079","E63011552","C1","5A2",51.744804,-0.330543,"E37000048","","E23000027",30070,"E56000035","E54000025","E00120543","E01023741","E02004940"
"AL1 1SJ","AL1  1SJ","AL1 1SJ","198001","","E10000015","E58000666","E07000240","E05013963","E43000290","0","515440","0206486","1","E18000006","E40000007","E92000001","E12000006","5","E14001507","E15000006","E24000005","E30000237","E16000150","E07000240","26UGGQ","E00120543","26UGGQ","E65000001","E01023741","E02004940","5","6D1","E00120543","E01023741","E02004940","E33027473","E38000079","E63011552","C1","5A2",51.745191,-0.329312,"E37000048","","E23000027",30070,"E56000035","E54000025","E00120543","E01023741","E02004940"
"AL1 1SL","AL1  1SL","AL1 1SL","198001","","E10000015","E58000666","E07000240","E05013963","E43000290","0","515476","0206516","1","E18000006","E40000007","E92000001","E12000006","5","E14001507","E15000006","E24000005","E30000237","E16000150","E07000240","26UGGQ","E00120543","26UGGQ","E65000001","E01023741","E02004940","5","6D1","E00120543","E01023741","E02004940","E33027473","E38000079","E63011552","C1","5A2",51.745459,-0.328758,"E37000048","","E23000027",30070,"E56000035","E54000025","E00120543","E01023741","E02004940"
"AL1 1SN","AL1  1SN","AL1 1SN","198001","","E10000015","E58000666","E07000240","E05013963","E43000290","0","515331","0206542","1","E18000006","E40000007","E92000001","E12000006","5","E14001507","E15000006","E24000005","E30000237","E16000150","E07000240","26UGGQ","E00120541","26UGGQ","E65000001","E01023741","E02004940","5","6D1","E00120541","E01023741","E02004940","E33027472","E38000079","E63011552","C1","5A2",51.745717,-0.330872,"E37000048","","E23000027",30070,"E56000035","E54000025","E00120541","E01023741","E02004940"
"AL1 1SP","AL1  1SP","AL1 1SP","198001","","E10000015","E58000666","E07000240","E05013963","E43000290","0","515458","0206556","1","E18000006","E40000007","E92000001","E12000006","5","E14001507","E15000006","E24000005","E30000237","E16000150","E07000240","26UGGQ","E00120543","26UGGQ","E65000001","E01023741","E02004940","5","6D1","E00120543","E01023741","E02004940","E33027473","E38000079","E63011552","C1","5A2",51.745817,-0.329028,"E37000048","","E23000027",30070,"E56000035","E54000025","E00120543","E01023741","E02004940"
"AL1 1SQ","AL1  1SQ","AL1 1SQ","198001","","E10000015","E58000666","E07000240","E05013963","E43000290","0","515385","0206426","1","E18000006","E40000007","E92000001","E12000006","5","E14001507","E15000006","E24000005","E30000237","E16000150","E07000240","26UGGQ","E00120543","26UGGQ","E65000001","E01023741","E02004940","5","6D1","E00120543","E01023741","E02004940","E33027473","E38000079","E63011552","C1","5A2",51.744664,-0.330128,"E37000048","","E23000027",30070,"E56000035","E54000025","E00120543","E01023741","E02004940"
"AL1 1SR","AL1  1SR","AL1 1SR","198001","","E10000015","E58000666","E07000240","E05013963","E43000290","0","515424","0206574","1","E18000006","E40000007","E92000001","E12000006","5","E14001507","E15000006","E24000005","E30000237","E16000150","E07000240","26UGGQ","E00120543","26UGGQ","E65000001","E01023741","E02004940","5","6D1","E00120543","E01023741","E02004940","E33027473","E38000079","E63011552","C1","5A2",51.745986,-0.329515,"E37000048","","E23000027",30070,"E56000035","E54000025","E00120543","E01023741","E02004940"
"AL1 1SS","AL1  1SS","AL1 1SS","198001","","E10000015","E58000666","E07000240","E05013963","E43000290","0","515255","0206620","1","E18000006","E40000007","E92000001","E12000006","5","E14001507","E15000006","E24000005","E30000237","E16000150","E07000240","26UGGQ","E00120539","26UGGQ","E65000001","E01023740","E02004940","5","2B2","E00120539","E01023740","E02004940","E33027472","E38000079","E63011552","C1","2D1",51.746434,-0.331946,"E37000048","","E23000027",27694,"E56000035","E54000025","E00120539","E01023740","E02004940"
"AL1 1ST","AL1  1ST","AL1 1ST","198307","","E10000015","E58000666","E07000240","E05013963","E43000290","0","515264","0206408","1","E18000006","E40000007","E92000001","E12000006","5","E14001507","E15000006","E24000005","E30000237","E16000150","E07000240","26UGGQ","E00120541","26UGGQ","E65000001","E01023741","E02004940","5","6D1","E00120541","E01023741","E02004940","E33027472","E38000079","E63011552","C1","5A2",51.744527,-0.331886,"E37000048","","E23000027",30070,"E56000035","E54000025","E00120541","E01023741","E02004940"
"AL1 1SU","AL1  1SU","AL1 1SU","199101","","E10000015","E58000666","E07000240","E05013963","E43000290","0","515461","0206569","1","E18000006","E40000007","E92000001","E12000006","5","E14001507","E15000006","E24000005","E30000237","E16000150","E07000240","26UGGQ","E00120543","26UGGQ","E65000001","E01023741","E02004940","5","6D1","E00120543","E01023741","E02004940","E33027473","E38000079","E63011552","C1","5A2",51.745933,-0.328981,"E37000048","","E23000027",30070,"E56000035","E54000025","E00120543","E01023741","E02004940"
"AL1 1SW","AL1  1SW","AL1 1SW","198001","","E10000015","E58000666","E07000240","E05013963","E43000290","0","515334","0206582","1","E18000006","E40000007","E92000001","E12000006","5","E14001507","E15000006","E24000005","E30000237","E16000150","E07000240","26UGGQ","E00120539","26UGGQ","E65000001","E01023740","E02004940","5","2B2","E00120539","E01023740","E02004940","E33027472","E38000079","E63011552","C1","2D1",51.746076,-0.330815,"E37000048","","E23000027",27694,"E56000035","E54000025","E00120539","E01023740","E02004940"
"AL1 1SX","AL1  1SX","AL1 1SX","200112","","E10000015","E58000664","E07000240","E05013951","E43000290","0","516067","0206160","1","E18000006","E40000007","E92000001","E12000006","5","E14001507","E15000006","E24000005","E30000237","E16000150","E07000240","26UGGB","E00120267","26UGGB","E65000001","E01023682","E02004939","5","2B2","E00120267","E01023682","E02004939","E33027467","E38000079","E63011552","C1","5B2",51.742138,-0.320320,"E37000048","","E23000027",20975,"E56000035","E54000025","E00120267","E01023682","E02004939"
"AL1 1SZ","AL1  1SZ","AL1 1SZ","200607","","E10000015","E58000664","E07000240","E05013951","E43000290","0","515952","0206094","1","E18000006","E40000007","E92000001","E12000006","5","E14001507","E15000006","E24000005","E30000237","E16000150","E07000240","26UGGB","E00120267","26UGGB","E65000001","E01023682","E02004939","5","2B2","E00120267","E01023682","E02004939","E33027467","E38000079","E63011552","C1","5B2",51.741563,-0.322030,"E37000048","","E23000027",20975,"E56000035","E54000025","E00120267","E01023682","E02004939"
"AL1 1TA","AL1  1TA","AL1 1TA","198001","","E10000015","E58000664","E07000240","E05013951","E43000290","0","516049","0206167","1","E18000006","E40000007","E92000001","E12000006","5","E14001507","E15000006","E24000005","E30000237","E16000150","E07000240","26UGGB","E00120267","26UGGB","E65000001","E01023682","E02004939","5","2B2","E00120267","E01023682","E02004939","E33027467","E38000079","E63011552","C1","5B2",51.742204,-0.320578,"E37000048","","E23000027",20975,"E56000035","E54000025","E00120267","E01023682","E02004939"
"AL1 1TB","AL1  1TB","AL1 1TB","198001","","E10000015","E58000664","E07000240","E05013951","E43000290","0","516215","0205799","1","E18000006","E40000007","E92000001","E12000006","5","E14001507","E15000006","E24000005","E30000237","E16000150","E07000240","26UGGB","E00120272","26UGGB","E65000001","E01023684","E02004939","5","4D1","E00120272","E01023684","E02004939","E33027467","E38000079","E63011552","C1","5B1",51.738857,-0.318321,"E37000048","","E23000027",28935,"E56000035","E54000025","E00120272","E01023684","E02004939"
"AL1 1TD","AL1  1TD","AL1 1TD","198001","","E10000015","E58000664","E07000240","E05013951","E43000290","0","516120","0205855","1","E18000006","E40000007","E92000001","E12000006","5","E14001507","E15000006","E24000005","E30000237","E16000150","E07000240","26UGGB","E00120272","26UGGB","E65000001","E01023684","E02004939","5","4D1","E00120272","E01023684","E02004939","E33027467","E38000079","E63011552","C1","5B1",51.739386,-0.319655,"E37000048","","E23000027",28935,"E56000035","E54000025","E00120272","E01023684","E02004939"
"AL1 1TE","AL1  1TE","AL1 1TE","198001","","E10000015","E58000664","E07000240","E05013951","E43000290","0","516187","0205857","1","E18000006","E40000007","E92000001","E12000006","5","E14001507","E15000006","E24000005","E30000237","E16000150","E07000240","26UGGB","E00120272","26UGGB","E65000001","E01023684","E02004939","5","4D1","E00120272","E01023684","E02004939","E33027467","E38000079","E63011552","C1","5B1",51.739384,-0.318707,"E37000048","","E23000027",28935,"E56000035","E54000025","E00120272","E01023684","E02004939"
"AL1 1TF","AL1  1TF","AL1 1TF","198001","","E10000015","E58000664","E07000240","E05013951","E43000290","0","516204","0205709","1","E18000006","E40000007","E92000001","E12000006","5","E14001507","E15000006","E24000005","E30000237","E16000150","E07000240","26UGGB","E00120277","26UGGB","E65000001","E01023684","E02004939","5","4D1","E00120277","E01023684","E02004939","E33027469","E38000079","E63011552","C1","5A2",51.738051,-0.318510,"E37000048","","E23000027",28935,"E56000035","E54000025","E00120277","E01023684","E02004939"
"AL1 1TG","AL1  1TG","AL1 1TG","198001","","E10000015","E58000664","E07000240","E05013951","E43000290","0","516203","0205595","1","E18000006","E40000007","E92000001","E12000006","5","E14001507","E15000006","E24000005","E30000237","E16000150","E07000240","26UGGB","E00120277","26UGGB","E65000001","E01023684","E02004939","5","4D1","E00120277","E01023684","E02004939","E33027469","E38000079","E63011552","C1","5A2",51.737026,-0.318563,"E37000048","","E23000027",28935,"E56000035","E54000025","E00120277","E01023684","E02004939"
"AL1 1TH","AL1  1TH","AL1 1TH","198001","","E10000015","E58000664","E07000240","E05013951","E43000290","0","516281","0205811","1","E18000006","E40000007","E92000001","E12000006","5","E14001507","E15000006","E24000005","E30000237","E16000150","E07000240","26UGGB","E00120276","26UGGB","E65000001","E01023684","E02004939","5","6D2","E00120276","E01023684","E02004939","E33027469","E38000079","E63011552","C1","5A2",51.738951,-0.317362,"E37000048","","E23000027",28935,"E56000035","E54000025","E00120276","E01023684","E02004939"
"AL1 1TJ","AL1  1TJ","AL1 1TJ","198001","","E10000015","E58000664","E07000240","E05013951","E43000290","0","516196","0205939","1","E18000006","E40000007","E92000001","E12000006","5","E14001507","E15000006","E24000005","E30000237","E16000150","E07000240","26UGGB","E00120272","26UGGB","E65000001","E01023684","E02004939","5","4D1","E00120272","E01023684","E02004939","E33027467","E38000079","E63011552","C1","5B1",51.740125,-0.318526,"E37000048","","E23000027",28935,"E56000035","E54000025","E00120272","E01023684","E02004939"
"AL1 1TL","AL1  1TL","AL1 1TL","198001","200403","E10000015","E58000664","E07000240","E05013951","E43000290","0","516269","0205883","1","E18000006","E40000007","E92000001","E12000006","5","E14001507","E15000006","E24000005","E30000237","E16000150","E07000240","26UGGB","E00120276","26UGGB","E65000001","E01023684","E02004939","5","6D2","E00120276","E01023684","E02004939","E33027469","E38000079","E63011552","C1","5A2",51.739601,-0.317511,"E37000048","","E23000027",28935,"E56000035","E54000025","E00120276","E01023684","E02004939"
"AL1 1TN","AL1  1TN","AL1 1TN","198001","","E10000015","E58000664","E07000240","E05013951","E43000290","0","515993","0206065","1","E18000006","E40000007","E92000001","E12000006","5","E14001507","E15000006","E24000005","E30000237","E16000150","E07000240","26UGGB","E00120267","26UGGB","E65000001","E01023682","E02004939","5","2B2","E00120267","E01023682","E02004939","E33027467","E38000079","E63011552","C1","5B2",51.741294,-0.321446,"E37000048","","E23000027",20975,"E56000035","E54000025","E00120267","E01023682","E02004939"
"AL1 1TP","AL1  1TP","AL1 1TP","198001","","E10000015","E58000664","E07000240","E05013951","E43000290","0","516139","0205944","1","E18000006","E40000007","E92000001","E12000006","5","E14001507","E15000006","E24000005","E30000237","E16000150","E07000240","26UGGB","E00120272","26UGGB","E65000001","E01023684","E02004939","5","4D1","E00120272","E01023684","E02004939","E33027467","E38000079","E63011552","C1","5B1",51.740176,-0.319373,"E37000048","","E23000027",28935,"E56000035","E54000025","E00120272","E01023684","E02004939"
"AL1 1TQ","AL1  1TQ","AL1 1TQ","200507","","E10000015","E58000664","E07000240","E05013951","E43000290","0","516642","0205679","1","E18000006","E40000007","E92000001","E12000006","5","E14001507","E15000006","E24000005","E30000237","E16000150","E07000240","26UGGB","E00120275","26UGGB","E65000001","E01023683","E02004939","5","7A2","E00120275","E01023683","E02004939","E33027468","E38000079","E63011552","C1","4A3",51.737690,-0.312180,"E37000048","","E23000027",17955,"E56000035","E54000025","E00120275","E01023683","E02004939"
"AL1 1TR","AL1  1TR","AL1 1TR","199101","","E10000015","E58000663","E07000240","E05013964","E43000290","0","514968","0206987","1","E18000006","E40000007","E92000001","E12000006","5","E14001507","E15000006","E24000005","E30000237","E16000150","E07000240","26UGGM","E00120491","26UGGM","E65000001","E01023726","E02004935","5","2B2","E00120491","E01023726","E02004935","E33024341","E38000079","E63011552","C1","5A3",51.749791,-0.335980,"E37000048","","E23000027",29172,"E56000035","E54000025","E00120491","E01023726","E02004935"
"AL1 1TS","AL1  1TS","AL1 1TS","199101","","E10000015","E58000664","E07000240","E05013951","E43000290","0","516839","0205291","1","E18000006","E40000007","E92000001","E12000006","5","E14001507","E15000006","E24000005","E30000237","E16000150","E07000240","26UGGB","E00120279","26UGGB","E65000001","E01023684","E02004939","5","6D2","E00120279","E01023684","E02004939","E33027469","E38000079","E63011552","C1","5A2",51.734162,-0.309459,"E37000048","","E23000027",28935,"E56000035","E54000025","E00120279","E01023684","E02004939"
"AL1 1TT","AL1  1TT","AL1 1TT","198803","","E10000015","E58000666","E07000240","E05013963","E43000290","0","514747","0206697","1","E18000006","E40000007","E92000001","E12000006","5","E14001507","E15000006","E24000005","E30000237","E16000150","E07000240","26UGGQ","E00120561","26UGGQ","E65000001","E01023740","E02004940","5","2B2","E00120561","E01023740","E02004940","E33027472","E38000079","E63011552","C1","5A3",51.747236,-0.339253,"E37000048","","E23000027",27694,"E56000035","E54000025","E00120561","E01023740","E02004940"
"AL1 1TU","AL1  1TU","AL1 1TU","198803","","E10000015","E58000666","E07000240","E05013963","E43000290","0","514726","0206641","1","E18000006","E40000007","E92000001","E12000006","5","E14001507","E15000006","E24000005","E30000237","E16000150","E07000240","26UGGQ","E00120561","26UGGQ","E65000001","E01023740","E02004940","5","2B2","E00120561","E01023740","E02004940","E33027472","E38000079","E63011552","C1","5A3",51.746737,-0.339575,"E37000048","","E23000027",27694,"E56000035","E54000025","E00120561","E01023740","E02004940"
"AL1 1TW","AL1  1TW","AL1 1TW","198001","","E10000015","E58000664","E07000240","E05013951","E43000290","0","516059","0206021","1","E18000006","E40000007","E92000001","E12000006","5","E14001507","E15000006","E24000005","E30000237","E16000150","E07000240","26UGGB","E00120267","26UGGB","E65000001","E01023682","E02004939","5","2B2","E00120267","E01023682","E02004939","E33027467","E38000079","E63011552","C1","5B2",51.740885,-0.320505,"E37000048","","E23000027",20975,"E56000035","E54000025","E00120267","E01023682","E02004939"
"AL1 1TX","AL1  1TX","AL1 1TX","198803","","E10000015","E58000666","E07000240","E05013963","E43000290","0","514652","0206693","1","E18000006","E40000007","E92000001","E12000006","5","E14001507","E15000006","E24000005","E30000237","E16000150","E07000240","26UGGQ","E00120561","26UGGQ","E65000001","E01023740","E02004940","5","2B2","E00120561","E01023740","E02004940","E33027472","E38000079","E63011552","C1","5A3",51.747213,-0.340653,"E37000048","","E23000027",27694,"E56000035","E54000025","E00120561","E01023740","E02004940"
"AL1 1TY","AL1  1TY","AL1 1TY","199512","","E10000015","E58000664","E07000240","E05013951","E43000290","0","516141","0205689","1","E18000006","E40000007","E92000001","E12000006","5","E14001507","E15000006","E24000005","E30000237","E16000150","E07000240","26UGGB","E00120277","26UGGB","E65000001","E01023684","E02004939","5","4D1","E00120277","E01023684","E02004939","E33027469","E38000079","E63011552","C1","5A2",51.737884,-0.319429,"E37000048","","E23000027",28935,"E56000035","E54000025","E00120277","E01023684","E02004939"
"AL1 1TZ","AL1  1TZ","AL1 1TZ","198001","","E10000015","E58000666","E07000240","E05013963","E43000290","0","515123","0206710","1","E18000006","E40000007","E92000001","E12000006","5","E14001507","E15000006","E24000005","E30000237","E16000150","E07000240","26UGGQ","E00120560","26UGGQ","E65000001","E01023740","E02004940","5","7B1","E00120560","E01023740","E02004940","E33027472","E38000079","E63011552","C1","3D2",51.747270,-0.333828,"E37000048","","E23000027",27694,"E56000035","E54000025","E00120560","E01023740","E02004940"
"AL1 1UA","AL1  1UA","AL1 1UA","198001","","E10000015","E58000664","E07000240","E05013951","E43000290","0","516382","0205674","1","E18000006","E40000007","E92000001","E12000006","5","E14001507","E15000006","E24000005","E30000237","E16000150","E07000240","26UGGB","E00120276","26UGGB","E65000001","E01023684","E02004939","5","6D2","E00120276","E01023684","E02004939","E33027469","E38000079","E63011552","C1","5A2",51.737699,-0.315945,"E37000048","","E23000027",28935,"E56000035","E54000025","E00120276","E01023684","E02004939"
"AL1 1UB","AL1  1UB","AL1 1UB","198001","","E10000015","E58000664","E07000240","E05013951","E43000290","0","516339","0205646","1","E18000006","E40000007","E92000001","E12000006","5","E14001507","E15000006","E24000005","E30000237","E16000150","E07000240","26UGGB","E00120277","26UGGB","E65000001","E01023684","E02004939","5","4D1","E00120277","E01023684","E02004939","E33027469","E38000079","E63011552","C1","5A2",51.737456,-0.316577,"E37000048","","E23000027",28935,"E56000035","E54000025","E00120277","E01023684","E02004939"
"AL1 1UD","AL1  1UD","AL1 1UD","198001","","E10000015","E58000664","E07000240","E05013951","E43000290","0","516447","0205415","1","E18000006","E40000007","E92000001","E12000006","5","E14001507","E15000006","E24000005","E30000237","E16000150","E07000240","26UGGB","E00120277","26UGGB","E65000001","E01023684","E02004939","5","4D1","E00120277","E01023684","E02004939","E33027469","E38000079","E63011552","C1","5A2",51.735358,-0.315091,"E37000048","","E23000027",28935,"E56000035","E54000025","E00120277","E01023684","E02004939"
"AL1 1UE","AL1  1UE","AL1 1UE","198001","","E10000015","E58000664","E07000240","E05013951","E43000290","0","516403","0205462","1","E18000006","E40000007","E92000001","E12000006","5","E14001507","E15000006","E24000005","E30000237","E16000150","E07000240","26UGGB","E00120277","26UGGB","E65000001","E01023684","E02004939","5","4D1","E00120277","E01023684","E02004939","E33027469","E38000079","E63011552","C1","5A2",51.735790,-0.315712,"E37000048","","E23000027",28935,"E56000035","E54000025","E00120277","E01023684","E02004939"
"AL1 1UF","AL1  1UF","AL1 1UF","198001","","E10000015","E58000664","E07000240","E05013951","E43000290","0","516351","0205459","1","E18000006","E40000007","E92000001","E12000006","5","E14001507","E15000006","E24000005","E30000237","E16000150","E07000240","26UGGB","E00120277","26UGGB","E65000001","E01023684","E02004939","5","4D1","E00120277","E01023684","E02004939","E33027469","E38000079","E63011552","C1","5A2",51.735773,-0.316466,"E37000048","","E23000027",28935,"E56000035","E54000025","E00120277","E01023684","E02004939"
"AL1 1UG","AL1  1UG","AL1 1UG","198001","","E10000015","E58000664","E07000240","E05013951","E43000290","0","516336","0205564","1","E18000006","E40000007","E92000001","E12000006","5","E14001507","E15000006","E24000005","E30000237","E16000150","E07000240","26UGGB","E00120277","26UGGB","E65000001","E01023684","E02004939","5","4D1","E00120277","E01023684","E02004939","E33027469","E38000079","E63011552","C1","5A2",51.736720,-0.316648,"E37000048","","E23000027",28935,"E56000035","E54000025","E00120277","E01023684","E02004939"
"AL1 1UH","AL1  1UH","AL1 1UH","198001","","E10000015","E58000664","E07000240","E05013951","E43000290","0","516622","0205431","1","E18000006","E40000007","E92000001","E12000006","5","E14001507","E15000006","E24000005","E30000237","E16000150","E07000240","26UGGB","E00120276","26UGGB","E65000001","E01023684","E02004939","5","6D2","E00120276","E01023684","E02004939","E33027469","E38000079","E63011552","C1","5A2",51.735465,-0.312553,"E37000048","","E23000027",28935,"E56000035","E54000025","E00120276","E01023684","E02004939"
"AL1 1UJ","AL1  1UJ","AL1 1UJ","198001","","E10000015","E58000664","E07000240","E05013951","E43000290","0","516559","0205429","1","E18000006","E40000007","E92000001","E12000006","5","E14001507","E15000006","E24000005","E30000237","E16000150","E07000240","26UGGB","E00120276","26UGGB","E65000001","E01023684","E02004939","5","6D2","E00120276","E01023684","E02004939","E33027469","E38000079","E63011552","C1","5A2",51.735461,-0.313465,"E37000048","","E23000027",28935,"E56000035","E54000025","E00120276","E01023684","E02004939"
"AL1 1UL","AL1  1UL","AL1 1UL","198001","","E10000015","E58000664","E07000240","E05013951","E43000290","0","516554","0205384","1","E18000006","E40000007","E92000001","E12000006","5","E14001507","E15000006","E24000005","E30000237","E16000150","E07000240","26UGGB","E00120276","26UGGB","E65000001","E01023684","E02004939","5","6D2","E00120276","E01023684","E02004939","E33027469","E38000079","E63011552","C1","5A2",51.735057,-0.313553,"E37000048","","E23000027",28935,"E56000035","E54000025","E00120276","E01023684","E02004939"
"AL1 1UN","AL1  1UN","AL1 1UN","198001","","E10000015","E58000664","E07000240","E05013951","E43000290","0","516603","0205296","1","E18000006","E40000007","E92000001","E12000006","5","E14001507","E15000006","E24000005","E30000237","E16000150","E07000240","26UGGB","E00120278","26UGGB","E65000001","E01023684","E02004939","5","6A2","E00120278","E01023684","E02004939","E33027469","E38000079","E63011552","C1","5A2",51.734256,-0.312873,"E37000048","","E23000027",28935,"E56000035","E54000025","E00120278","E01023684","E02004939"
"AL1 1UP","AL1  1UP","AL1 1UP","198001","","E10000015","E58000664","E07000240","E05013951","E43000290","0","516751","0205344","1","E18000006","E40000007","E92000001","E12000006","5","E14001507","E15000006","E24000005","E30000237","E16000150","E07000240","26UGGB","E00120278","26UGGB","E65000001","E01023684","E02004939","5","6A2","E00120278","E01023684","E02004939","E33027469","E38000079","E63011552","C1","5A2",51.734657,-0.310715,"E37000048","","E23000027",28935,"E56000035","E54000025","E00120278","E01023684","E02004939"
"AL1 1UQ","AL1  1UQ","AL1 1UQ","198001","","E10000015","E58000664","E07000240","E05013951","E43000290","0","516479","0205533","1","E18000006","E40000007","E92000001","E12000006","5","E14001507","E15000006","E24000005","E30000237","E16000150","E07000240","26UGGB","E00120276","26UGGB","E65000001","E01023684","E02004939","5","6D2","E00120276","E01023684","E02004939","E33027469","E38000079","E63011552","C1","5A2",51.736412,-0.314589,"E37000048","","E23000027",28935,"E56000035","E54000025","E00120276","E01023684","E02004939"
"AL1 1UR","AL1  1UR","AL1 1UR","198001","","E10000015","E58000664","E07000240","E05013951","E43000290","0","516804","0205406","1","E18000006","E40000007","E92000001","E12000006","5","E14001507","E15000006","E24000005","E30000237","E16000150","E07000240","26UGGB","E00120278","26UGGB","E65000001","E01023684","E02004939","5","6A2","E00120278","E01023684","E02004939","E33027469","E38000079","E63011552","C1","5A2",51.735203,-0.309927,"E37000048","","E23000027",28935,"E56000035","E54000025","E00120278","E01023684","E02004939"
"AL1 1US","AL1  1US","AL1 1US","199707","199707","E10000015","E58000664","E07000240","E05013951","E43000290","1","516600","0205300","8","E18000006","E40000007","E92000001","E12000006","5","E14001507","E15000006","E24000005","E30000237","E16000150","E07000240","26UGGB","E00120278","26UGGB","E65000001","E01023684","E02004939","5","6A2","E00120278","E01023684","E02004939","E33027469","E38000079","E63011552","C1","5A2",51.734293,-0.312915,"E37000048","","E23000027",28935,"E56000035","E54000025","E00120278","E01023684","E02004939"
"AL1 1UT","AL1  1UT","AL1 1UT","198001","","E10000015","E58000664","E07000240","E05013951","E43000290","0","516712","0205419","1","E18000006","E40000007","E92000001","E12000006","5","E14001507","E15000006","E24000005","E30000237","E16000150","E07000240","26UGGB","E00120278","26UGGB","E65000001","E01023684","E02004939","5","6A2","E00120278","E01023684","E02004939","E33027469","E38000079","E63011552","C1","5A2",51.735339,-0.311254,"E37000048","","E23000027",28935,"E56000035","E54000025","E00120278","E01023684","E02004939"
"AL1 1UU","AL1  1UU","AL1 1UU","198001","","E10000015","E58000664","E07000240","E05013951","E43000290","0","516669","0205516","1","E18000006","E40000007","E92000001","E12000006","5","E14001507","E15000006","E24000005","E30000237","E16000150","E07000240","26UGGB","E00120278","26UGGB","E65000001","E01023684","E02004939","5","6A2","E00120278","E01023684","E02004939","E33027469","E38000079","E63011552","C1","5A2",51.736220,-0.311844,"E37000048","","E23000027",28935,"E56000035","E54000025","E00120278","E01023684","E02004939"
"AL1 1UW","AL1  1UW","AL1 1UW","198001","","E10000015","E58000664","E07000240","E05013951","E43000290","0","516660","0205251","1","E18000006","E40000007","E92000001","E12000006","5","E14001507","E15000006","E24000005","E30000237","E16000150","E07000240","26UGGB","E00120278","26UGGB","E65000001","E01023684","E02004939","5","6A2","E00120278","E01023684","E02004939","E33027469","E38000079","E63011552","C1","5A2",51.733840,-0.312063,"E37000048","","E23000027",28935,"E56000035","E54000025","E00120278","E01023684","E02004939"
"AL1 1UX","AL1  1UX","AL1 1UX","198001","","E10000015","E58000664","E07000240","E05013951","E43000290","0","516561","0205580","1","E18000006","E40000007","E92000001","E12000006","5","E14001507","E15000006","E24000005","E30000237","E16000150","E07000240","26UGGB","E00120276","26UGGB","E65000001","E01023684","E02004939","5","6D2","E00120276","E01023684","E02004939","E33027469","E38000079","E63011552","C1","5A2",51.736817,-0.313386,"E37000048","","E23000027",28935,"E56000035","E54000025","E00120276","E01023684","E02004939"
"AL1 1UY","AL1  1UY","AL1 1UY","198001","199405","E10000015","E58000664","E07000240","E05013951","E43000290","1","516400","0205300","8","E18000006","E40000007","E92000001","E12000006","5","E14001507","E15000006","E24000005","E30000237","E16000150","E07000240","26UGGB","E00120277","26UGGB","E65000001","E01023684","E02004939","5","4D1","E00120277","E01023684","E02004939","E33027469","E38000079","","C1","5A2",51.734334,-0.315810,"E37000048","","E23000027",28935,"E56000035","E54000025","E00120277","E01023684","E02004939"
"AL1 1UZ","AL1  1UZ","AL1 1UZ","199405","","E10000015","E58000664","E07000240","E05013951","E43000290","0","516653","0205189","1","E18000006","E40000007","E92000001","E12000006","5","E14001507","E15000006","E24000005","E30000237","E16000150","E07000240","26UGGB","E00120279","26UGGB","E65000001","E01023684","E02004939","5","6D2","E00120279","E01023684","E02004939","E33027469","E38000079","E63011552","C1","5A2",51.733289,-0.312162,"E37000048","","E23000027",28935,"E56000035","E54000025","E00120279","E01023684","E02004939"
"AL1 1WA","AL1  1WA","AL1 1WA","200112","200602","E10000015","E58000664","E07000240","E05013956","E43000290","1","517328","0206823","1","E18000006","E40000007","E92000001","E12000006","5","E14001507","E15000006","E24000005","E30000237","E16000150","E07000240","26UGFX","E00120196","26UGFX","E65000001","E01023667","E02004936","5","6D1","E00120196","E01023667","E02004936","E33027453","E38000079","E63011552","C1","5A2",51.747828,-0.301865,"E37000048","","E23000027",30628,"E56000035","E54000025","E00120196","E01023667","E02004936"
"AL1 1WB","AL1  1WB","AL1 1WB","200112","201106","E10000015","E58000664","E07000240","E05013956","E43000290","1","517328","0206823","1","E18000006","E40000007","E92000001","E12000006","5","E14001507","E15000006","E24000005","E30000237","E16000150","E07000240","26UGFX","E00120196","26UGFX","E65000001","E01023667","E02004936","5","6D1","E00120196","E01023667","E02004936","E33027453","E38000079","E63011552","C1","5A2",51.747828,-0.301865,"E37000048","","E23000027",30628,"E56000035","E54000025","E00120196","E01023667","E02004936"
"AL1 1WD","AL1  1WD","AL1 1WD","200112","200402","E10000015","E58000664","E07000240","E05013951","E43000290","1","516655","0205188","5","E18000006","E40000007","E92000001","E12000006","5","E14001507","E15000006","E24000005","E30000237","E16000150","E07000240","26UGGB","E00120279","26UGGB","E65000001","E01023684","E02004939","5","6D2","E00120279","E01023684","E02004939","E33027469","E38000079","E63011552","C1","5A2",51.733275,-0.312156,"E37000048","","E23000027",28935,"E56000035","E54000025","E00120279","E01023684","E02004939"
"AL1 1WE","AL1  1WE","AL1 1WE","200702","201501","E10000015","E58000664","E07000240","E05013956","E43000290","1","517328","0206823","1","E18000006","E40000007","E92000001","E12000006","5","E14001507","E15000006","E24000005","E30000237","E16000150","E07000240","26UGFX","E00120196","26UGFX","E65000001","E01023667","E02004936","5","6D1","E00120196","E01023667","E02004936","E33027453","E38000079","E63011552","C1","5A2",51.747828,-0.301865,"E37000048","","E23000027",30628,"E56000035","E54000025","E00120196","E01023667","E02004936"
"AL1 1WF","AL1  1WF","AL1 1WF","200206","200305","E10000015","E58000664","E07000240","E05013951","E43000290","1","516655","0205188","5","E18000006","E40000007","E92000001","E12000006","5","E14001507","E15000006","E24000005","E30000237","E16000150","E07000240","26UGGB","E00120279","26UGGB","E65000001","E01023684","E02004939","5","6D2","E00120279","E01023684","E02004939","E33027469","E38000079","E63011552","C1","5A2",51.733275,-0.312156,"E37000048","","E23000027",28935,"E56000035","E54000025","E00120279","E01023684","E02004939"
"AL1 1WG","AL1  1WG","AL1 1WG","200206","200310","E10000015","E58000664","E07000240","E05013951","E43000290","1","516655","0205188","5","E18000006","E40000007","E92000001","E12000006","5","E14001507","E15000006","E24000005","E30000237","E16000150","E07000240","26UGGB","E00120279","26UGGB","E65000001","E01023684","E02004939","5","6D2","E00120279","E01023684","E02004939","E33027469","E38000079","E63011552","C1","5A2",51.733275,-0.312156,"E37000048","","E23000027",28935,"E56000035","E54000025","E00120279","E01023684","E02004939"
"AL1 1WH","AL1  1WH","AL1 1WH","200408","200510","E10000015","E58000664","E07000240","E05013951","E43000290","1","516655","0205188","5","E18000006","E40000007","E92000001","E12000006","5","E14001507","E15000006","E24000005","E30000237","E16000150","E07000240","26UGGB","E00120279","26UGGB","E65000001","E01023684","E02004939","5","6D2","E00120279","E01023684","E02004939","E33027469","E38000079","E63011552","C1","5A2",51.733275,-0.312156,"E37000048","","E23000027",28935,"E56000035","E54000025","E00120279","E01023684","E02004939"
"AL1 1WJ","AL1  1WJ","AL1 1WJ","200405","200509","E10000015","E58000664","E07000240","E05013951","E43000290","1","516655","0205188","5","E18000006","E40000007","E92000001","E12000006","5","E14001507","E15000006","E24000005","E30000237","E16000150","E07000240","26UGGB","E00120279","26UGGB","E65000001","E01023684","E02004939","5","6D2","E00120279","E01023684","E02004939","E33027469","E38000079","E63011552","C1","5A2",51.733275,-0.312156,"E37000048","","E23000027",28935,"E56000035","E54000025","E00120279","E01023684","E02004939"
"AL1 1WN","AL1  1WN","AL1 1WN","200303","200408","E10000015","E58000664","E07000240","E05013956","E43000290","1","517328","0206823","5","E18000006","E40000007","E92000001","E12000006","5","E14001507","E15000006","E24000005","E30000237","E16000150","E07000240","26UGFX","E00120196","26UGFX","E65000001","E01023667","E02004936","5","6D1","E00120196","E01023667","E02004936","E33027453","E38000079","E63011552","C1","5A2",51.747828,-0.301865,"E37000048","","E23000027",30628,"E56000035","E54000025","E00120196","E01023667","E02004936"
"AL1 1WQ","AL1  1WQ","AL1 1WQ","200309","200408","E10000015","E58000664","E07000240","E05013956","E43000290","1","517328","0206823","5","E18000006","E40000007","E92000001","E12000006","5","E14001507","E15000006","E24000005","E30000237","E16000150","E07000240","26UGFX","E00120196","26UGFX","E65000001","E01023667","E02004936","5","6D1","E00120196","E01023667","E02004936","E33027453","E38000079","E63011552","C1","5A2",51.747828,-0.301865,"E37000048","","E23000027",30628,"E56000035","E54000025","E00120196","E01023667","E02004936"
"AL1 1WW","AL1  1WW","AL1 1WW","200710","200908","E10000015","E58000664","E07000240","E05013956","E43000290","1","517328","0206823","1","E18000006","E40000007","E92000001","E12000006","5","E14001507","E15000006","E24000005","E30000237","E16000150","E07000240","26UGFX","E00120196","26UGFX","E65000001","E01023667","E02004936","5","6D1","E00120196","E01023667","E02004936","E33027453","E38000079","E63011552","C1","5A2",51.747828,-0.301865,"E37000048","","E23000027",30628,"E56000035","E54000025","E00120196","E01023667","E02004936"
"AL1 1WX","AL1  1WX","AL1 1WX","200210","200311","E10000015","E58000664","E07000240","E05013956","E43000290","1","517328","0206823","1","E18000006","E40000007","E92000001","E12000006","5","E14001507","E15000006","E24000005","E30000237","E16000150","E07000240","26UGFX","E00120196","26UGFX","E65000001","E01023667","E02004936","5","6D1","E00120196","E01023667","E02004936","E33027453","E38000079","E63011552","C1","5A2",51.747828,-0.301865,"E37000048","","E23000027",30628,"E56000035","E54000025","E00120196","E01023667","E02004936"
"AL1 1WY","AL1  1WY","AL1 1WY","200408","200803","E10000015","E58000664","E07000240","E05013956","E43000290","1","517328","0206823","1","E18000006","E40000007","E92000001","E12000006","5","E14001507","E15000006","E24000005","E30000237","E16000150","E07000240","26UGFX","E00120196","26UGFX","E65000001","E01023667","E02004936","5","6D1","E00120196","E01023667","E02004936","E33027453","E38000079","E63011552","C1","5A2",51.747828,-0.301865,"E37000048","","E23000027",30628,"E56000035","E54000025","E00120196","E01023667","E02004936"
"AL1 1WZ","AL1  1WZ","AL1 1WZ","200603","","E10000015","E58000664","E07000240","E05013956","E43000290","1","517321","0206803","1","E18000006","E40000007","E92000001","E12000006","5","E14001507","E15000006","E24000005","E30000237","E16000150","E07000240","26UGFX","E00120196","26UGFX","E65000001","E01023667","E02004936","5","6D1","E00120196","E01023667","E02004936","E33027453","E38000079","E63011552","C1","5A2",51.747650,-0.301973,"E37000048","","E23000027",30628,"E56000035","E54000025","E00120196","E01023667","E02004936"
"AL1 1XA","AL1  1XA","AL1 1XA","198109","199405","E10000015","E58000664","E07000240","E05013951","E43000290","1","516200","0205400","8","E18000006","E40000007","E92000001","E12000006","5","E14001507","E15000006","E24000005","E30000237","E16000150","E07000240","26UGGB","E00120277","26UGGB","E65000001","E01023684","E02004939","5","4D1","E00120277","E01023684","E02004939","E33027469","E38000079","E63011552","C1","5A2",51.735274,-0.318671,"E37000048","","E23000027",28935,"E56000035","E54000025","E00120277","E01023684","E02004939"
"AL1 1XB","AL1  1XB","AL1 1XB","198109","","E10000015","E58000664","E07000240","E05013951","E43000290","0","516270","0205372","1","E18000006","E40000007","E92000001","E12000006","5","E14001507","E15000006","E24000005","E30000237","E16000150","E07000240","26UGGB","E00120277","26UGGB","E65000001","E01023684","E02004939","5","4D1","E00120277","E01023684","E02004939","E33027469","E38000079","E63011552","C1","5A2",51.735008,-0.317668,"E37000048","","E23000027",28935,"E56000035","E54000025","E00120277","E01023684","E02004939"
"AL1 1XD","AL1  1XD","AL1 1XD","199308","199412","E10000015","E58000664","E07000240","E05013951","E43000290","1","516400","0205200","8","E18000006","E40000007","E92000001","E12000006","5","E14001507","E15000006","E24000005","E30000237","E16000150","E07000240","26UGGB","E00120277","26UGGB","E65000001","E01023684","E02004939","5","4D1","E00120277","E01023684","E02004939","E33027469","E38000079","","C1","5A2",51.733435,-0.315843,"E37000048","","E23000027",28935,"E56000035","E54000025","E00120277","E01023684","E02004939"
"AL1 1XE","AL1  1XE","AL1 1XE","198109","199012","E10000015","E58000664","E07000240","E05013951","E43000290","1","516500","0205000","8","E18000006","E40000007","E92000001","E12000006","5","E14001507","E15000006","E24000005","E30000237","E16000150","E07000240","26UGGB","E00120279","26UGGB","E65000001","E01023684","E02004939","5","6D2","E00120279","E01023684","E02004939","E33027469","E38000079","E63011552","C1","5A2",51.731617,-0.314463,"E37000048","","E23000027",28935,"E56000035","E54000025","E00120279","E01023684","E02004939"
"AL1 1XF","AL1  1XF","AL1 1XF","198109","199405","E10000015","E58000664","E07000240","E05013951","E43000290","1","516200","0205400","8","E18000006","E40000007","E92000001","E12000006","5","E14001507","E15000006","E24000005","E30000237","E16000150","E07000240","26UGGB","E00120277","26UGGB","E65000001","E01023684","E02004939","5","4D1","E00120277","E01023684","E02004939","E33027469","E38000079","E63011552","C1","5A2",51.735274,-0.318671,"E37000048","","E23000027",28935,"E56000035","E54000025","E00120277","E01023684","E02004939"
"AL1 1XG","AL1  1XG","AL1 1XG","198109","199405","E10000015","E58000664","E07000240","E05013951","E43000290","1","516200","0205300","8","E18000006","E40000007","E92000001","E12000006","5","E14001507","E15000006","E24000005","E30000237","E16000150","E07000240","26UGGB","E00120277","26UGGB","E65000001","E01023684","E02004939","5","4D1","E00120277","E01023684","E02004939","E33027469","E38000079","E63011552","C1","5A2",51.734376,-0.318705,"E37000048","","E23000027",28935,"E56000035","E54000025","E00120277","E01023684","E02004939"
"AL1 1XH","AL1  1XH","AL1 1XH","198607","199405","E10000015","E58000664","E07000240","E05013951","E43000290","1","516300","0205300","8","E18000006","E40000007","E92000001","E12000006","5","E14001507","E15000006","E24000005","E30000237","E16000150","E07000240","26UGGB","E00120277","26UGGB","E65000001","E01023684","E02004939","5","4D1","E00120277","E01023684","E02004939","E33027469","E38000079","E63011552","C1","5A2",51.734355,-0.317257,"E37000048","","E23000027",28935,"E56000035","E54000025","E00120277","E01023684","E02004939"
"AL1 1XJ","AL1  1XJ","AL1 1XJ","200404","200507","E10000015","E58000663","E07000240","E05013964","E43000290","1","514747","0206743","5","E18000006","E40000007","E92000001","E12000006","5","E14001507","E15000006","E24000005","E30000237","E16000150","E07000240","26UGGM","E00120497","26UGGM","E65000001","E01023727","E02004935","5","2B2","E00120497","E01023727","E02004935","E33027448","E38000079","E63011552","C1","3D2",51.747643,-0.339261,"E37000048","","E23000027",15120,"E56000035","E54000025","E00120497","E01023727","E02004935"
"AL1 1XL","AL1  1XL","AL1 1XL","198803","","E10000015","E58000663","E07000240","E05013964","E43000290","0","514744","0206738","1","E18000006","E40000007","E92000001","E12000006","5","E14001507","E15000006","E24000005","E30000237","E16000150","E07000240","26UGGM","E00120497","26UGGM","E65000001","E01023727","E02004935","5","2B2","E00120497","E01023727","E02004935","E33027448","E38000079","E63011552","C1","3D2",51.747599,-0.339306,"E37000048","","E23000027",15120,"E56000035","E54000025","E00120497","E01023727","E02004935"
"AL1 1XN","AL1  1XN","AL1 1XN","199201","201111","E10000015","E58000664","E07000240","E05013956","E43000290","1","517328","0206823","1","E18000006","E40000007","E92000001","E12000006","5","E14001507","E15000006","E24000005","E30000237","E16000150","E07000240","26UGFX","E00120196","26UGFX","E65000001","E01023667","E02004936","5","6D1","E00120196","E01023667","E02004936","E33027453","E38000079","E63011552","C1","5A2",51.747828,-0.301865,"E37000048","","E23000027",30628,"E56000035","E54000025","E00120196","E01023667","E02004936"
"AL1 1XP","AL1  1XP","AL1 1XP","199208","199405","E10000015","E58000666","E07000240","E05013963","E43000290","1","514700","0206700","8","E18000006","E40000007","E92000001","E12000006","5","E14001507","E15000006","E24000005","E30000237","E16000150","E07000240","26UGGQ","E00120561","26UGGQ","E65000001","E01023740","E02004940","5","2B2","E00120561","E01023740","E02004940","E33027472","E38000079","E63011552","C1","5A3",51.747267,-0.339955,"E37000048","","E23000027",27694,"E56000035","E54000025","E00120561","E01023740","E02004940"
"AL1 1XQ","AL1  1XQ","AL1 1XQ","200207","200307","E10000015","E58000663","E07000240","E05013964","E43000290","1","514747","0206743","5","E18000006","E40000007","E92000001","E12000006","5","E14001507","E15000006","E24000005","E30000237","E16000150","E07000240","26UGGM","E00120497","26UGGM","E65000001","E01023727","E02004935","5","2B2","E00120497","E01023727","E02004935","E33027448","E38000079","E63011552","C1","3D2",51.747643,-0.339261,"E37000048","","E23000027",15120,"E56000035","E54000025","E00120497","E01023727","E02004935"
"AL1 1XR","AL1  1XR","AL1 1XR","199208","199405","E10000015","E58000666","E07000240","E05013963","E43000290","1","514700","0206700","8","E18000006","E40000007","E92000001","E12000006","5","E14001507","E15000006","E24000005","E30000237","E16000150","E07000240","26UGGQ","E00120561","26UGGQ","E65000001","E01023740","E02004940","5","2B2","E00120561","E01023740","E02004940","E33027472","E38000079","E63011552","C1","5A3",51.747267,-0.339955,"E37000048","","E23000027",27694,"E56000035","E54000025","E00120561","E01023740","E02004940"
"AL1 1XS","AL1  1XS","AL1 1XS","199208","199405","E10000015","E58000666","E07000240","E05013963","E43000290","1","514700","0206700","8","E18000006","E40000007","E92000001","E12000006","5","E14001507","E15000006","E24000005","E30000237","E16000150","E07000240","26UGGQ","E00120561","26UGGQ","E65000001","E01023740","E02004940","5","2B2","E00120561","E01023740","E02004940","E33027472","E38000079","E63011552","C1","5A3",51.747267,-0.339955,"E37000048","","E23000027",27694,"E56000035","E54000025","E00120561","E01023740","E02004940"
"AL1 1XT","AL1  1XT","AL1 1XT","199308","","E10000015","E58000666","E07000240","E05013963","E43000290","0","514611","0206765","1","E18000006","E40000007","E92000001","E12000006","5","E14001507","E15000006","E24000005","E30000237","E16000150","E07000240","26UGGQ","E00120561","26UGGQ","E65000001","E01023740","E02004940","5","2B2","E00120561","E01023740","E02004940","E33027472","E38000079","E63011552","C1","5A3",51.747869,-0.341223,"E37000048","","E23000027",27694,"E56000035","E54000025","E00120561","E01023740","E02004940"
"AL1 1XU","AL1  1XU","AL1 1XU","199405","","E10000015","E58000666","E07000240","E05013963","E43000290","0","514601","0206553","1","E18000006","E40000007","E92000001","E12000006","5","E14001507","E15000006","E24000005","E30000237","E16000150","E07000240","26UGGQ","E00120561","26UGGQ","E65000001","E01023740","E02004940","5","2B2","E00120561","E01023740","E02004940","E33027472","E38000079","E63011552","C1","5A3",51.745966,-0.341437,"E37000048","","E23000027",27694,"E56000035","E54000025","E00120561","E01023740","E02004940"
"AL1 1XY","AL1  1XY","AL1 1XY","200302","200408","E10000015","E58000664","E07000240","E05013956","E43000290","1","517328","0206823","5","E18000006","E40000007","E92000001","E12000006","5","E14001507","E15000006","E24000005","E30000237","E16000150","E07000240","26UGFX","E00120196","26UGFX","E65000001","E01023667","E02004936","5","6D1","E00120196","E01023667","E02004936","E33027453","E38000079","E63011552","C1","5A2",51.747828,-0.301865,"E37000048","","E23000027",30628,"E56000035","E54000025","E00120196","E01023667","E02004936"
"AL1 1XZ","AL1  1XZ","AL1 1XZ","200210","200409","E10000015","E58000664","E07000240","E05013956","E43000290","1","517328","0206823","1","E18000006","E40000007","E92000001","E12000006","5","E14001507","E15000006","E24000005","E30000237","E16000150","E07000240","26UGFX","E00120196","26UGFX","E65000001","E01023667","E02004936","5","6D1","E00120196","E01023667","E02004936","E33027453","E38000079","E63011552","C1","5A2",51.747828,-0.301865,"E37000048","","E23000027",30628,"E56000035","E54000025","E00120196","E01023667","E02004936"
"AL1 1YG","AL1  1YG","AL1 1YG","200307","200601","E10000015","E58000664","E07000240","E05013956","E43000290","1","517328","0206823","5","E18000006","E40000007","E92000001","E12000006","5","E14001507","E15000006","E24000005","E30000237","E16000150","E07000240","26UGFX","E00120196","26UGFX","E65000001","E01023667","E02004936","5","6D1","E00120196","E01023667","E02004936","E33027453","E38000079","E63011552","C1","5A2",51.747828,-0.301865,"E37000048","","E23000027",30628,"E56000035","E54000025","E00120196","E01023667","E02004936"
"AL1 1YL","AL1  1YL","AL1 1YL","199512","200408","E10000015","E58000664","E07000240","E05013956","E43000290","1","517328","0206823","1","E18000006","E40000007","E92000001","E12000006","5","E14001507","E15000006","E24000005","E30000237","E16000150","E07000240","26UGFX","E00120196","26UGFX","E65000001","E01023667","E02004936","5","6D1","E00120196","E01023667","E02004936","E33027453","E38000079","E63011552","C1","5A2",51.747828,-0.301865,"E37000048","","E23000027",30628,"E56000035","E54000025","E00120196","E01023667","E02004936"
"AL1 1YX","AL1  1YX","AL1 1YX","200302","200602","E10000015","E58000664","E07000240","E05013956","E43000290","1","517328","0206823","1","E18000006","E40000007","E92000001","E12000006","5","E14001507","E15000006","E24000005","E30000237","E16000150","E07000240","26UGFX","E00120196","26UGFX","E65000001","E01023667","E02004936","5","6D1","E00120196","E01023667","E02004936","E33027453","E38000079","E63011552","C1","5A2",51.747828,-0.301865,"E37000048","","E23000027",30628,"E56000035","E54000025","E00120196","E01023667","E02004936"
"AL1 1YY","AL1  1YY","AL1 1YY","200012","200408","E10000015","E58000664","E07000240","E05013956","E43000290","1","517328","0206823","1","E18000006","E40000007","E92000001","E12000006","5","E14001507","E15000006","E24000005","E30000237","E16000150","E07000240","26UGFX","E00120196","26UGFX","E65000001","E01023667","E02004936","5","6D1","E00120196","E01023667","E02004936","E33027453","E38000079","E63011552","C1","5A2",51.747828,-0.301865,"E37000048","","E23000027",30628,"E56000035","E54000025","E00120196","E01023667","E02004936"
"AL1 1YZ","AL1  1YZ","AL1 1YZ","200012","200402","E10000015","E58000664","E07000240","E05013956","E43000290","1","517328","0206823","1","E18000006","E40000007","E92000001","E12000006","5","E14001507","E15000006","E24000005","E30000237","E16000150","E07000240","26UGFX","E00120196","26UGFX","E65000001","E01023667","E02004936","5","6D1","E00120196","E01023667","E02004936","E33027453","E38000079","E63011552","C1","5A2",51.747828,-0.301865,"E37000048","","E23000027",30628,"E56000035","E54000025","E00120196","E01023667","E02004936"
"AL1 1ZD","AL1  1ZD","AL1 1ZD","200006","200105","E10000015","E58000666","E07000240","E05013963","E43000290","1","515429","0206407","6","E18000006","E40000007","E92000001","E12000006","5","E14001507","E15000006","E24000005","E30000237","E16000150","E07000240","26UGGQ","E00120543","26UGGQ","E65000001","E01023741","E02004940","5","6D1","E00120543","E01023741","E02004940","E33027473","E38000079","E63011552","C1","5A2",51.744484,-0.329498,"E37000048","","E23000027",30070,"E56000035","E54000025","E00120543","E01023741","E02004940"
"AL1 1ZE","AL1  1ZE","AL1 1ZE","199806","199812","E10000015","E58000666","E07000240","E05013963","E43000290","1","515429","0206407","6","E18000006","E40000007","E92000001","E12000006","5","E14001507","E15000006","E24000005","E30000237","E16000150","E07000240","26UGGQ","E00120543","26UGGQ","E65000001","E01023741","E02004940","5","6D1","E00120543","E01023741","E02004940","E33027473","E38000079","E63011552","C1","5A2",51.744484,-0.329498,"E37000048","","E23000027",30070,"E56000035","E54000025","E00120543","E01023741","E02004940"
"AL1 1ZF","AL1  1ZF","AL1 1ZF","199806","199906","E10000015","E58000666","E07000240","E05013963","E43000290","1","515429","0206407","6","E18000006","E40000007","E92000001","E12000006","5","E14001507","E15000006","E24000005","E30000237","E16000150","E07000240","26UGGQ","E00120543","26UGGQ","E65000001","E01023741","E02004940","5","6D1","E00120543","E01023741","E02004940","E33027473","E38000079","E63011552","C1","5A2",51.744484,-0.329498,"E37000048","","E23000027",30070,"E56000035","E54000025","E00120543","E01023741","E02004940"
"AL1 1ZG","AL1  1ZG","AL1 1ZG","199806","199912","E10000015","E58000666","E07000240","E05013963","E43000290","1","515429","0206407","6","E18000006","E40000007","E92000001","E12000006","5","E14001507","E15000006","E24000005","E30000237","E16000150","E07000240","26UGGQ","E00120543","26UGGQ","E65000001","E01023741","E02004940","5","6D1","E00120543","E01023741","E02004940","E33027473","E38000079","E63011552","C1","5A2",51.744484,-0.329498,"E37000048","","E23000027",30070,"E56000035","E54000025","E00120543","E01023741","E02004940"
"AL1 1ZH","AL1  1ZH","AL1 1ZH","199806","200006","E10000015","E58000666","E07000240","E05013963","E43000290","1","515429","0206407","6","E18000006","E40000007","E92000001","E12000006","5","E14001507","E15000006","E24000005","E30000237","E16000150","E07000240","26UGGQ","E00120543","26UGGQ","E65000001","E01023741","E02004940","5","6D1","E00120543","E01023741","E02004940","E33027473","E38000079","E63011552","C1","5A2",51.744484,-0.329498,"E37000048","","E23000027",30070,"E56000035","E54000025","E00120543","E01023741","E02004940"
"AL1 1ZJ","AL1  1ZJ","AL1 1ZJ","199812","200408","E10000015","E58000664","E07000240","E05013956","E43000290","1","517328","0206823","1","E18000006","E40000007","E92000001","E12000006","5","E14001507","E15000006","E24000005","E30000237","E16000150","E07000240","26UGFX","E00120196","26UGFX","E65000001","E01023667","E02004936","5","6D1","E00120196","E01023667","E02004936","E33027453","E38000079","E63011552","C1","5A2",51.747828,-0.301865,"E37000048","","E23000027",30628,"E56000035","E54000025","E00120196","E01023667","E02004936"
"AL1 1ZL","AL1  1ZL","AL1 1ZL","199906","200602","E10000015","E58000664","E07000240","E05013956","E43000290","1","517328","0206823","1","E18000006","E40000007","E92000001","E12000006","5","E14001507","E15000006","E24000005","E30000237","E16000150","E07000240","26UGFX","E00120196","26UGFX","E65000001","E01023667","E02004936","5","6D1","E00120196","E01023667","E02004936","E33027453","E38000079","E63011552","C1","5A2",51.747828,-0.301865,"E37000048","","E23000027",30628,"E56000035","E54000025","E00120196","E01023667","E02004936"
"AL1 1ZN","AL1  1ZN","AL1 1ZN","199912","200601","E10000015","E58000664","E07000240","E05013956","E43000290","1","517328","0206823","1","E18000006","E40000007","E92000001","E12000006","5","E14001507","E15000006","E24000005","E30000237","E16000150","E07000240","26UGFX","E00120196","26UGFX","E65000001","E01023667","E02004936","5","6D1","E00120196","E01023667","E02004936","E33027453","E38000079","E63011552","C1","5A2",51.747828,-0.301865,"E37000048","","E23000027",30628,"E56000035","E54000025","E00120196","E01023667","E02004936"
"AL1 1ZP","AL1  1ZP","AL1 1ZP","199912","200107","E10000015","E58000666","E07000240","E05013963","E43000290","1","515429","0206407","6","E18000006","E40000007","E92000001","E12000006","5","E14001507","E15000006","E24000005","E30000237","E16000150","E07000240","26UGGQ","E00120543","26UGGQ","E65000001","E01023741","E02004940","5","6D1","E00120543","E01023741","E02004940","E33027473","E38000079","E63011552","C1","5A2",51.744484,-0.329498,"E37000048","","E23000027",30070,"E56000035","E54000025","E00120543","E01023741","E02004940"
"AL1 1ZQ","AL1  1ZQ","AL1 1ZQ","200006","200104","E10000015","E58000666","E07000240","E05013963","E43000290","1","515429","0206407","6","E18000006","E40000007","E92000001","E12000006","5","E14001507","E15000006","E24000005","E30000237","E16000150","E07000240","26UGGQ","E00120543","26UGGQ","E65000001","E01023741","E02004940","5","6D1","E00120543","E01023741","E02004940","E33027473","E38000079","E63011552","C1","5A2",51.744484,-0.329498,"E37000048","","E23000027",30070,"E56000035","E54000025","E00120543","E01023741","E02004940"
"AL1 1ZR","AL1  1ZR","AL1 1ZR","199912","200107","E10000015","E58000666","E07000240","E05013963","E43000290","1","515429","0206407","6","E18000006","E40000007","E92000001","E12000006","5","E14001507","E15000006","E24000005","E30000237","E16000150","E07000240","26UGGQ","E00120543","26UGGQ","E65000001","E01023741","E02004940","5","6D1","E00120543","E01023741","E02004940","E33027473","E38000079","E63011552","C1","5A2",51.744484,-0.329498,"E37000048","","E23000027",30070,"E56000035","E54000025","E00120543","E01023741","E02004940"
"AL1 1ZS","AL1  1ZS","AL1 1ZS","199912","200408","E10000015","E58000664","E07000240","E05013956","E43000290","1","517328","0206823","1","E18000006","E40000007","E92000001","E12000006","5","E14001507","E15000006","E24000005","E30000237","E16000150","E07000240","26UGFX","E00120196","26UGFX","E65000001","E01023667","E02004936","5","6D1","E00120196","E01023667","E02004936","E33027453","E38000079","E63011552","C1","5A2",51.747828,-0.301865,"E37000048","","E23000027",30628,"E56000035","E54000025","E00120196","E01023667","E02004936"
"AL1 1ZT","AL1  1ZT","AL1 1ZT","199912","200602","E10000015","E58000664","E07000240","E05013956","E43000290","1","517328","0206823","1","E18000006","E40000007","E92000001","E12000006","5","E14001507","E15000006","E24000005","E30000237","E16000150","E07000240","26UGFX","E00120196","26UGFX","E65000001","E01023667","E02004936","5","6D1","E00120196","E01023667","E02004936","E33027453","E38000079","E63011552","C1","5A2",51.747828,-0.301865,"E37000048","","E23000027",30628,"E56000035","E54000025","E00120196","E01023667","E02004936"
"AL1 1ZU","AL1  1ZU","AL1 1ZU","199906","200101","E10000015","E58000666","E07000240","E05013963","E43000290","1","515429","0206407","6","E18000006","E40000007","E92000001","E12000006","5","E14001507","E15000006","E24000005","E30000237","E16000150","E07000240","26UGGQ","E00120543","26UGGQ","E65000001","E01023741","E02004940","5","6D1","E00120543","E01023741","E02004940","E33027473","E38000079","E63011552","C1","5A2",51.744484,-0.329498,"E37000048","","E23000027",30070,"E56000035","E54000025","E00120543","E01023741","E02004940"
"AL1 1ZW","AL1  1ZW","AL1 1ZW","199906","200006","E10000015","E58000666","E07000240","E05013963","E43000290","1","515429","0206407","6","E18000006","E40000007","E92000001","E12000006","5","E14001507","E15000006","E24000005","E30000237","E16000150","E07000240","26UGGQ","E00120543","26UGGQ","E65000001","E01023741","E02004940","5","6D1","E00120543","E01023741","E02004940","E33027473","E38000079","E63011552","C1","5A2",51.744484,-0.329498,"E37000048","","E23000027",30070,"E56000035","E54000025","E00120543","E01023741","E02004940"
"AL1 1ZX","AL1  1ZX","AL1 1ZX","199809","200009","E10000015","E58000664","E07000240","E05013951","E43000290","1","516500","0205000","8","E18000006","E40000007","E92000001","E12000006","5","E14001507","E15000006","E24000005","E30000237","E16000150","E07000240","26UGGB","E00120279","26UGGB","E65000001","E01023684","E02004939","5","6D2","E00120279","E01023684","E02004939","E33027469","E38000079","E63011552","C1","5A2",51.731617,-0.314463,"E37000048","","E23000027",28935,"E56000035","E54000025","E00120279","E01023684","E02004939"
"AL1 1ZY","AL1  1ZY","AL1 1ZY","199712","199812","E10000015","E58000666","E07000240","E05013963","E43000290","1","515429","0206407","6","E18000006","E40000007","E92000001","E12000006","5","E14001507","E15000006","E24000005","E30000237","E16000150","E07000240","26UGGQ","E00120543","26UGGQ","E65000001","E01023741","E02004940","5","6D1","E00120543","E01023741","E02004940","E33027473","E38000079","E63011552","C1","5A2",51.744484,-0.329498,"E37000048","","E23000027",30070,"E56000035","E54000025","E00120543","E01023741","E02004940"
"AL1 1ZZ","AL1  1ZZ","AL1 1ZZ","199706","200306","E10000015","E58000664","E07000240","E05013956","E43000290","1","517328","0206823","1","E18000006","E40000007","E92000001","E12000006","5","E14001507","E15000006","E24000005","E30000237","E16000150","E07000240","26UGFX","E00120196","26UGFX","E65000001","E01023667","E02004936","5","6D1","E00120196","E01023667","E02004936","E33027453","E38000079","E63011552","C1","5A2",51.747828,-0.301865,"E37000048","","E23000027",30628,"E56000035","E54000025","E00120196","E01023667","E02004936"
"AL1 2AA","AL1  2AA","AL1 2AA","198001","","E10000015","E58000666","E07000240","E05013966","E43000290","0","514016","0205964","1","E18000006","E40000007","E92000001","E12000006","5","E14001507","E15000006","E24000005","E30000237","E16000150","E07000240","26UGGR","E00120578","26UGGR","E65000001","E01023744","E02004937","5","4D2","E00120578","E01023744","E02004937","E33027456","E38000079","E63011552","C1","6A4",51.740797,-0.350077,"E37000048","","E23000027",31807,"E56000035","E54000025","E00120578","E01023744","E02004937"
"AL1 2AB","AL1  2AB","AL1 2AB","199208","199405","E10000015","E58000666","E07000240","E05013966","E43000290","1","514000","0206000","8","E18000006","E40000007","E92000001","E12000006","5","E14001507","E15000006","E24000005","E30000237","E16000150","E07000240","26UGGR","E00120578","26UGGR","E65000001","E01023744","E02004937","5","4D2","E00120578","E01023744","E02004937","E33027456","E38000079","E63011552","C1","6A4",51.741118,-0.350320,"E37000048","","E23000027",31807,"E56000035","E54000025","E00120578","E01023744","E02004937"
"AL1 2AD","AL1  2AD","AL1 2AD","198001","","E10000015","E58000666","E07000240","E05013966","E43000290","0","513966","0205859","1","E18000006","E40000007","E92000001","E12000006","5","E14001507","E15000006","E24000005","E30000237","E16000150","E07000240","26UGGR","E00120578","26UGGR","E65000001","E01023744","E02004937","5","4D2","E00120578","E01023744","E02004937","E33027456","E38000079","E63011552","C1","6A4",51.739858,-0.350858,"E37000048","","E23000027",31807,"E56000035","E54000025","E00120578","E01023744","E02004937"
"AL1 2AE","AL1  2AE","AL1 2AE","198001","","E10000015","E58000666","E07000240","E05013966","E43000290","0","513889","0205650","1","E18000006","E40000007","E92000001","E12000006","5","E14001507","E15000006","E24000005","E30000237","E16000150","E07000240","26UGGR","E00120579","26UGGR","E65000001","E01023744","E02004937","5","4B3","E00120579","E01023744","E02004937","E33027459","E38000079","E63011552","C1","6A1",51.737995,-0.352041,"E37000048","","E23000027",31807,"E56000035","E54000025","E00120579","E01023744","E02004937"
"AL1 2AF","AL1  2AF","AL1 2AF","198001","","E10000015","E58000666","E07000240","E05013966","E43000290","0","513784","0205594","1","E18000006","E40000007","E92000001","E12000006","5","E14001507","E15000006","E24000005","E30000237","E16000150","E07000240","26UGGR","E00120579","26UGGR","E65000001","E01023744","E02004937","5","4B3","E00120579","E01023744","E02004937","E33027459","E38000079","E63011552","C1","6A1",51.737513,-0.353579,"E37000048","","E23000027",31807,"E56000035","E54000025","E00120579","E01023744","E02004937"
"AL1 2AG","AL1  2AG","AL1 2AG","199501","199806","E10000015","E58000666","E07000240","E05013963","E43000290","1","514701","0205799","6","E18000006","E40000007","E92000001","E12000006","5","E14001507","E15000006","E24000005","E30000237","E16000150","E07000240","26UGGQ","E00120540","26UGGQ","E65000001","E01023737","E02004940","5","5B3","E00120540","E01023737","E02004940","E33027471","E38000079","E63011552","C1","4A1",51.739169,-0.340238,"E37000048","","E23000027",12653,"E56000035","E54000025","E00120540","E01023737","E02004940"
"AL1 2AH","AL1  2AH","AL1 2AH","198001","","E10000015","E58000666","E07000240","E05013966","E43000290","0","513893","0205785","1","E18000006","E40000007","E92000001","E12000006","5","E14001507","E15000006","E24000005","E30000237","E16000150","E07000240","26UGGR","E00120579","26UGGR","E65000001","E01023744","E02004937","5","4B3","E00120579","E01023744","E02004937","E33027459","E38000079","E63011552","C1","6A1",51.739208,-0.351939,"E37000048","","E23000027",31807,"E56000035","E54000025","E00120579","E01023744","E02004937"
"AL1 2AJ","AL1  2AJ","AL1 2AJ","198001","","E10000015","E58000666","E07000240","E05013966","E43000290","0","513975","0205983","1","E18000006","E40000007","E92000001","E12000006","5","E14001507","E15000006","E24000005","E30000237","E16000150","E07000240","26UGGR","E00120578","26UGGR","E65000001","E01023744","E02004937","5","4D2","E00120578","E01023744","E02004937","E33027456","E38000079","E63011552","C1","6A4",51.740970,-0.350687,"E37000048","","E23000027",31807,"E56000035","E54000025","E00120578","E01023744","E02004937"
"AL1 2AL","AL1  2AL","AL1 2AL","198001","","E10000015","E58000666","E07000240","E05013966","E43000290","0","514054","0205898","1","E18000006","E40000007","E92000001","E12000006","5","E14001507","E15000006","E24000005","E30000237","E16000150","E07000240","26UGGR","E00120578","26UGGR","E65000001","E01023744","E02004937","5","4D2","E00120578","E01023744","E02004937","E33027456","E38000079","E63011552","C1","6A4",51.740190,-0.349571,"E37000048","","E23000027",31807,"E56000035","E54000025","E00120578","E01023744","E02004937"
"AL1 2AN","AL1  2AN","AL1 2AN","200704","","E10000015","E58000666","E07000240","E05013966","E43000290","0","513947","0205721","1","E18000006","E40000007","E92000001","E12000006","5","E14001507","E15000006","E24000005","E30000237","E16000150","E07000240","26UGGR","E00120579","26UGGR","E65000001","E01023744","E02004937","5","4B3","E00120579","E01023744","E02004937","E33027459","E38000079","E63011552","C1","6A1",51.738627,-0.351155,"E37000048","","E23000027",31807,"E56000035","E54000025","E00120579","E01023744","E02004937"
"AL1 2AP","AL1  2AP","AL1 2AP","199501","","E10000015","E58000666","E07000240","E05013963","E43000290","0","514937","0205775","1","E18000006","E40000007","E92000001","E12000006","5","E14001507","E15000006","E24000005","E30000237","E16000150","E07000240","26UGGQ","E00120550","26UGGQ","E65000001","E01023738","E02004940","5","7B1","E00120550","E01023738","E02004940","E33027471","E38000079","E63011552","C1","4A3",51.738905,-0.336829,"E37000048","","E23000027",9980,"E56000035","E54000025","E00120550","E01023738","E02004940"
"AL1 2AQ","AL1  2AQ","AL1 2AQ","198001","","E10000015","E58000666","E07000240","E05013966","E43000290","0","513807","0205760","1","E18000006","E40000007","E92000001","E12000006","5","E14001507","E15000006","E24000005","E30000237","E16000150","E07000240","26UGGR","E00120579","26UGGR","E65000001","E01023744","E02004937","5","4B3","E00120579","E01023744","E02004937","E33027459","E38000079","E63011552","C1","6A1",51.739006,-0.353169,"E37000048","","E23000027",31807,"E56000035","E54000025","E00120579","E01023744","E02004937"
"AL1 2AR","AL1  2AR","AL1 2AR","200206","","E10000015","E58000666","E07000240","E05013963","E43000290","0","514622","0206456","1","E18000006","E40000007","E92000001","E12000006","5","E14001507","E15000006","E24000005","E30000237","E16000150","E07000240","26UGGQ","E00120545","26UGGQ","E65000001","E01023740","E02004940","5","2B2","E00120545","E01023740","E02004940","E33024346","E38000079","E63011552","C1","5A3",51.745090,-0.341165,"E37000048","","E23000027",27694,"E56000035","E54000025","E00120545","E01023740","E02004940"
"AL1 2AS","AL1  2AS","AL1 2AS","198301","","E10000015","E58000666","E07000240","E05013963","E43000290","0","514923","0206430","1","E18000006","E40000007","E92000001","E12000006","5","E14001507","E15000006","E24000005","E30000237","E16000150","E07000240","26UGGQ","E00120542","26UGGQ","E65000001","E01023741","E02004940","5","6D1","E00120542","E01023741","E02004940","E33027472","E38000079","E63011552","C1","5A2",51.744794,-0.336816,"E37000048","","E23000027",30070,"E56000035","E54000025","E00120542","E01023741","E02004940"
"AL1 2AT","AL1  2AT","AL1 2AT","198001","","E10000015","E58000666","E07000240","E05013963","E43000290","0","514666","0206480","1","E18000006","E40000007","E92000001","E12000006","5","E14001507","E15000006","E24000005","E30000237","E16000150","E07000240","26UGGQ","E00120545","26UGGQ","E65000001","E01023740","E02004940","5","2B2","E00120545","E01023740","E02004940","E33024346","E38000079","E63011552","C1","5A3",51.745296,-0.340520,"E37000048","","E23000027",27694,"E56000035","E54000025","E00120545","E01023740","E02004940"
"AL1 2AU","AL1  2AU","AL1 2AU","198001","","E10000015","E58000666","E07000240","E05013963","E43000290","0","514847","0206409","1","E18000006","E40000007","E92000001","E12000006","5","E14001507","E15000006","E24000005","E30000237","E16000150","E07000240","26UGGQ","E00120542","26UGGQ","E65000001","E01023741","E02004940","5","6D1","E00120542","E01023741","E02004940","E33027472","E38000079","E63011552","C1","5A2",51.744621,-0.337923,"E37000048","","E23000027",30070,"E56000035","E54000025","E00120542","E01023741","E02004940"
"AL1 2AW","AL1  2AW","AL1 2AW","199208","","E10000015","E58000666","E07000240","E05013963","E43000290","0","514610","0206497","1","E18000006","E40000007","E92000001","E12000006","5","E14001507","E15000006","E24000005","E30000237","E16000150","E07000240","26UGGQ","E00120545","26UGGQ","E65000001","E01023740","E02004940","5","2B2","E00120545","E01023740","E02004940","E33024346","E38000079","E63011552","C1","5A3",51.745461,-0.341325,"E37000048","","E23000027",27694,"E56000035","E54000025","E00120545","E01023740","E02004940"
"AL1 2AX","AL1  2AX","AL1 2AX","198001","","E10000015","E58000666","E07000240","E05013963","E43000290","0","514657","0206439","1","E18000006","E40000007","E92000001","E12000006","5","E14001507","E15000006","E24000005","E30000237","E16000150","E07000240","26UGGQ","E00120545","26UGGQ","E65000001","E01023740","E02004940","5","2B2","E00120545","E01023740","E02004940","E33024346","E38000079","E63011552","C1","5A3",51.744930,-0.340664,"E37000048","","E23000027",27694,"E56000035","E54000025","E00120545","E01023740","E02004940"
"AL1 2AY","AL1  2AY","AL1 2AY","200106","","E10000015","E58000666","E07000240","E05013963","E43000290","0","514614","0206404","1","E18000006","E40000007","E92000001","E12000006","5","E14001507","E15000006","E24000005","E30000237","E16000150","E07000240","26UGGQ","E00120545","26UGGQ","E65000001","E01023740","E02004940","5","2B2","E00120545","E01023740","E02004940","E33024346","E38000079","E63011552","C1","5A3",51.744624,-0.341298,"E37000048","","E23000027",27694,"E56000035","E54000025","E00120545","E01023740","E02004940"
"AL1 2AZ","AL1  2AZ","AL1 2AZ","198001","","E10000015","E58000666","E07000240","E05013963","E43000290","0","514741","0206337","1","E18000006","E40000007","E92000001","E12000006","5","E14001507","E15000006","E24000005","E30000237","E16000150","E07000240","26UGGQ","E00120542","26UGGQ","E65000001","E01023741","E02004940","5","6D1","E00120542","E01023741","E02004940","E33027472","E38000079","E63011552","C1","5A2",51.744001,-0.339458,"E37000048","","E23000027",30070,"E56000035","E54000025","E00120542","E01023741","E02004940"
"AL1 2BA","AL1  2BA","AL1 2BA","198001","","E10000015","E58000666","E07000240","E05013963","E43000290","0","514829","0206382","1","E18000006","E40000007","E92000001","E12000006","5","E14001507","E15000006","E24000005","E30000237","E16000150","E07000240","26UGGQ","E00120542","26UGGQ","E65000001","E01023741","E02004940","5","6D1","E00120542","E01023741","E02004940","E33027472","E38000079","E63011552","C1","5A2",51.744382,-0.338192,"E37000048","","E23000027",30070,"E56000035","E54000025","E00120542","E01023741","E02004940"
"AL1 2BB","AL1  2BB","AL1 2BB","198001","","E10000015","E58000666","E07000240","E05013963","E43000290","0","514906","0206296","1","E18000006","E40000007","E92000001","E12000006","5","E14001507","E15000006","E24000005","E30000237","E16000150","E07000240","26UGGQ","E00120542","26UGGQ","E65000001","E01023741","E02004940","5","6D1","E00120542","E01023741","E02004940","E33027472","E38000079","E63011552","C1","5A2",51.743593,-0.337106,"E37000048","","E23000027",30070,"E56000035","E54000025","E00120542","E01023741","E02004940"
"AL1 2BD","AL1  2BD","AL1 2BD","198001","","E10000015","E58000666","E07000240","E05013963","E43000290","0","514823","0206214","1","E18000006","E40000007","E92000001","E12000006","5","E14001507","E15000006","E24000005","E30000237","E16000150","E07000240","26UGGQ","E00120544","26UGGQ","E65000001","E01023741","E02004940","5","6A2","E00120544","E01023741","E02004940","E33027472","E38000079","E63011552","C1","5A3",51.742879,-0.338312,"E37000048","","E23000027",30070,"E56000035","E54000025","E00120544","E01023741","E02004940"
"AL1 2BE","AL1  2BE","AL1 2BE","198001","","E10000015","E58000666","E07000240","E05013963","E43000290","0","514855","0206250","1","E18000006","E40000007","E92000001","E12000006","5","E14001507","E15000006","E24000005","E30000237","E16000150","E07000240","26UGGQ","E00120542","26UGGQ","E65000001","E01023741","E02004940","5","6D1","E00120542","E01023741","E02004940","E33027472","E38000079","E63011552","C1","5A2",51.743191,-0.337860,"E37000048","","E23000027",30070,"E56000035","E54000025","E00120542","E01023741","E02004940"
"AL1 2BG","AL1  2BG","AL1 2BG","198001","","E10000015","E58000666","E07000240","E05013963","E43000290","0","515036","0206261","1","E18000006","E40000007","E92000001","E12000006","5","E14001507","E15000006","E24000005","E30000237","E16000150","E07000240","26UGGQ","E00120544","26UGGQ","E65000001","E01023741","E02004940","5","6A2","E00120544","E01023741","E02004940","E33027472","E38000079","E63011552","C1","5A3",51.743252,-0.335236,"E37000048","","E23000027",30070,"E56000035","E54000025","E00120544","E01023741","E02004940"
"AL1 2BH","AL1  2BH","AL1 2BH","198001","","E10000015","E58000666","E07000240","E05013963","E43000290","0","515016","0206312","1","E18000006","E40000007","E92000001","E12000006","5","E14001507","E15000006","E24000005","E30000237","E16000150","E07000240","26UGGQ","E00120544","26UGGQ","E65000001","E01023741","E02004940","5","6A2","E00120544","E01023741","E02004940","E33027472","E38000079","E63011552","C1","5A3",51.743715,-0.335508,"E37000048","","E23000027",30070,"E56000035","E54000025","E00120544","E01023741","E02004940"
"AL1 2BJ","AL1  2BJ","AL1 2BJ","198001","","E10000015","E58000666","E07000240","E05013963","E43000290","0","515024","0206222","1","E18000006","E40000007","E92000001","E12000006","5","E14001507","E15000006","E24000005","E30000237","E16000150","E07000240","26UGGQ","E00120544","26UGGQ","E65000001","E01023741","E02004940","5","6A2","E00120544","E01023741","E02004940","E33027472","E38000079","E63011552","C1","5A3",51.742904,-0.335422,"E37000048","","E23000027",30070,"E56000035","E54000025","E00120544","E01023741","E02004940"
"AL1 2BL","AL1  2BL","AL1 2BL","198001","","E10000015","E58000666","E07000240","E05013963","E43000290","0","515108","0206223","1","E18000006","E40000007","E92000001","E12000006","5","E14001507","E15000006","E24000005","E30000237","E16000150","E07000240","26UGGQ","E00120541","26UGGQ","E65000001","E01023741","E02004940","5","6D1","E00120541","E01023741","E02004940","E33027472","E38000079","E63011552","C1","5A2",51.742902,-0.334182,"E37000048","","E23000027",30070,"E56000035","E54000025","E00120541","E01023741","E02004940"
"AL1 2BN","AL1  2BN","AL1 2BN","198001","","E10000015","E58000666","E07000240","E05013963","E43000290","0","515087","0206294","1","E18000006","E40000007","E92000001","E12000006","5","E14001507","E15000006","E24000005","E30000237","E16000150","E07000240","26UGGQ","E00120544","26UGGQ","E65000001","E01023741","E02004940","5","6A2","E00120544","E01023741","E02004940","E33027472","E38000079","E63011552","C1","5A3",51.743538,-0.334486,"E37000048","","E23000027",30070,"E56000035","E54000025","E00120544","E01023741","E02004940"
"AL1 2BP","AL1  2BP","AL1 2BP","198001","","E10000015","E58000666","E07000240","E05013963","E43000290","0","515014","0206183","1","E18000006","E40000007","E92000001","E12000006","5","E14001507","E15000006","E24000005","E30000237","E16000150","E07000240","26UGGQ","E00120544","26UGGQ","E65000001","E01023741","E02004940","5","6A2","E00120544","E01023741","E02004940","E33027472","E38000079","E63011552","C1","5A3",51.742556,-0.335580,"E37000048","","E23000027",30070,"E56000035","E54000025","E00120544","E01023741","E02004940"
"AL1 2BQ","AL1  2BQ","AL1 2BQ","198001","","E10000015","E58000666","E07000240","E05013963","E43000290","0","514950","0206226","1","E18000006","E40000007","E92000001","E12000006","5","E14001507","E15000006","E24000005","E30000237","E16000150","E07000240","26UGGQ","E00120544","26UGGQ","E65000001","E01023741","E02004940","5","6A2","E00120544","E01023741","E02004940","E33027472","E38000079","E63011552","C1","5A3",51.742961,-0.336469,"E37000048","","E23000027",30070,"E56000035","E54000025","E00120544","E01023741","E02004940"
"AL1 2BS","AL1  2BS","AL1 2BS","198001","","E10000015","E58000666","E07000240","E05013963","E43000290","0","515010","0206154","1","E18000006","E40000007","E92000001","E12000006","5","E14001507","E15000006","E24000005","E30000237","E16000150","E07000240","26UGGQ","E00120547","26UGGQ","E65000001","E01023741","E02004940","5","7A2","E00120547","E01023741","E02004940","E33027473","E38000079","E63011552","C1","4A1",51.742302,-0.335624,"E37000048","","E23000027",30070,"E56000035","E54000025","E00120547","E01023741","E02004940"
"AL1 2BT","AL1  2BT","AL1 2BT","198001","","E10000015","E58000666","E07000240","E05013963","E43000290","0","514953","0206305","1","E18000006","E40000007","E92000001","E12000006","5","E14001507","E15000006","E24000005","E30000237","E16000150","E07000240","26UGGQ","E00120544","26UGGQ","E65000001","E01023741","E02004940","5","6A2","E00120544","E01023741","E02004940","E33027472","E38000079","E63011552","C1","5A3",51.743665,-0.336423,"E37000048","","E23000027",30070,"E56000035","E54000025","E00120544","E01023741","E02004940"
"AL1 2BU","AL1  2BU","AL1 2BU","201809","","E10000015","E58000666","E07000240","E05013963","E43000290","0","514766","0206249","1","E18000006","E40000007","E92000001","E12000006","5","E14001507","E15000006","E24000005","E30000237","E16000150","E07000240","26UGGQ","E00120544","26UGGQ","E65000001","E01023741","E02004940","5","6A2","E00120544","E01023741","E02004940","E33027472","E38000079","E63011552","C1","5A3",51.743205,-0.339125,"E37000048","","E23000027",30070,"E56000035","E54000025","E00120544","E01023741","E02004940"
"AL1 2BW","AL1  2BW","AL1 2BW","198001","","E10000015","E58000666","E07000240","E05013963","E43000290","0","515073","0206209","1","E18000006","E40000007","E92000001","E12000006","5","E14001507","E15000006","E24000005","E30000237","E16000150","E07000240","26UGGQ","E00120544","26UGGQ","E65000001","E01023741","E02004940","5","6A2","E00120544","E01023741","E02004940","E33027472","E38000079","E63011552","C1","5A3",51.742783,-0.334694,"E37000048","","E23000027",30070,"E56000035","E54000025","E00120544","E01023741","E02004940"
"AL1 2BX","AL1  2BX","AL1 2BX","198106","","E10000015","E58000666","E07000240","E05013963","E43000290","0","514564","0206477","1","E18000006","E40000007","E92000001","E12000006","5","E14001507","E15000006","E24000005","E30000237","E16000150","E07000240","26UGGQ","E00120545","26UGGQ","E65000001","E01023740","E02004940","5","2B2","E00120545","E01023740","E02004940","E33024346","E38000079","E63011552","C1","5A3",51.745290,-0.341998,"E37000048","","E23000027",27694,"E56000035","E54000025","E00120545","E01023740","E02004940"
"AL1 2BY","AL1  2BY","AL1 2BY","198109","","E10000015","E58000666","E07000240","E05013963","E43000290","0","515023","0206458","1","E18000006","E40000007","E92000001","E12000006","5","E14001507","E15000006","E24000005","E30000237","E16000150","E07000240","26UGGQ","E00120542","26UGGQ","E65000001","E01023741","E02004940","5","6D1","E00120542","E01023741","E02004940","E33027472","E38000079","E63011552","C1","5A2",51.745025,-0.335359,"E37000048","","E23000027",30070,"E56000035","E54000025","E00120542","E01023741","E02004940"
"AL1 2BZ","AL1  2BZ","AL1 2BZ","201803","","E10000015","E58000666","E07000240","E05013963","E43000290","0","514453","0206364","1","E18000006","E40000007","E92000001","E12000006","5","E14001507","E15000006","E24000005","E30000237","E16000150","E07000240","26UGGQ","E00120545","26UGGQ","E65000001","E01023740","E02004940","5","2B2","E00120545","E01023740","E02004940","E33024346","E38000079","E63011552","C1","5A3",51.744303,-0.343619,"E37000048","","E23000027",27694,"E56000035","E54000025","E00120545","E01023740","E02004940"
"AL1 2DA","AL1  2DA","AL1 2DA","199512","200708","E10000015","E58000664","E07000240","E05013956","E43000290","1","517328","0206823","1","E18000006","E40000007","E92000001","E12000006","5","E14001507","E15000006","E24000005","E30000237","E16000150","E07000240","26UGFX","E00120196","26UGFX","E65000001","E01023667","E02004936","5","6D1","E00120196","E01023667","E02004936","E33027453","E38000079","E63011552","C1","5A2",51.747828,-0.301865,"E37000048","","E23000027",30628,"E56000035","E54000025","E00120196","E01023667","E02004936"
"AL1 2DB","AL1  2DB","AL1 2DB","199812","201101","E10000015","E58000666","E07000240","E05013966","E43000290","0","514236","0206467","1","E18000006","E40000007","E92000001","E12000006","5","E14001507","E15000006","E24000005","E30000237","E16000150","E07000240","26UGGR","E00120563","26UGGR","E65000001","E01023743","E02004937","5","2B1","E00120563","E01023743","E02004937","E33027457","E38000079","E63011552","C1","5B1",51.745267,-0.346750,"E37000048","","E23000027",30564,"E56000035","E54000025","E00120563","E01023743","E02004937"
"AL1 2DD","AL1  2DD","AL1 2DD","201906","","E10000015","E58000666","E07000240","E05013963","E43000290","0","515063","0205519","1","E18000006","E40000007","E92000001","E12000006","5","E14001507","E15000006","E24000005","E30000237","E16000150","E07000240","26UGGQ","E00120555","26UGGQ","E65000001","E01023738","E02004940","5","7A2","E00120555","E01023738","E02004940","E33027470","E38000079","E63011552","C1","4A3",51.736584,-0.335066,"E37000048","","E23000027",9980,"E56000035","E54000025","E00120555","E01023738","E02004940"
"AL1 2DE","AL1  2DE","AL1 2DE","201909","","E10000015","E58000666","E07000240","E05013963","E43000290","0","514517","0206322","1","E18000006","E40000007","E92000001","E12000006","5","E14001507","E15000006","E24000005","E30000237","E16000150","E07000240","26UGGQ","E00120545","26UGGQ","E65000001","E01023740","E02004940","5","2B2","E00120545","E01023740","E02004940","E33024346","E38000079","E63011552","C1","5A3",51.743912,-0.342706,"E37000048","","E23000027",27694,"E56000035","E54000025","E00120545","E01023740","E02004940"
"AL1 2DF","AL1  2DF","AL1 2DF","202004","","E10000015","E58000666","E07000240","E05013963","E43000290","0","514735","0206045","1","E18000006","E40000007","E92000001","E12000006","5","E14001507","E15000006","E24000005","E30000237","E16000150","E07000240","26UGGQ","E00120540","26UGGQ","E65000001","E01023737","E02004940","5","5B3","E00120540","E01023737","E02004940","E33027471","E38000079","E63011552","C1","4A1",51.741378,-0.339641,"E37000048","","E23000027",12653,"E56000035","E54000025","E00120540","E01023737","E02004940"
"AL1 2DG","AL1  2DG","AL1 2DG","202301","","E10000015","E58000666","E07000240","E05013963","E43000290","0","514891","0206167","1","E18000006","E40000007","E92000001","E12000006","5","E14001507","E15000006","E24000005","E30000237","E16000150","E07000240","26UGGQ","E00120544","26UGGQ","E65000001","E01023741","E02004940","5","6A2","E00120544","E01023741","E02004940","E33027472","E38000079","E63011552","C1","5A3",51.742443,-0.337343,"E37000048","","E23000027",30070,"E56000035","E54000025","E00120544","E01023741","E02004940"
"AL1 2DH","AL1  2DH","AL1 2DH","198001","199405","E10000015","E58000666","E07000240","E05013966","E43000290","0","514200","0206400","8","E18000006","E40000007","E92000001","E12000006","5","E14001507","E15000006","E24000005","E30000237","E16000150","E07000240","26UGGR","E00120563","26UGGR","E65000001","E01023743","E02004937","5","2B1","E00120563","E01023743","E02004937","E33027457","E38000079","E63011552","C1","5B1",51.744672,-0.347293,"E37000048","","E23000027",30564,"E56000035","E54000025","E00120563","E01023743","E02004937"
"AL1 2DJ","AL1  2DJ","AL1 2DJ","198504","","E10000015","E58000666","E07000240","E05013966","E43000290","0","514209","0206498","1","E18000006","E40000007","E92000001","E12000006","5","E14001507","E15000006","E24000005","E30000237","E16000150","E07000240","26UGGR","E00120563","26UGGR","E65000001","E01023743","E02004937","5","2B1","E00120563","E01023743","E02004937","E33027457","E38000079","E63011552","C1","5B1",51.745551,-0.347131,"E37000048","","E23000027",30564,"E56000035","E54000025","E00120563","E01023743","E02004937"
"AL1 2DL","AL1  2DL","AL1 2DL","198001","","E10000015","E58000666","E07000240","E05013966","E43000290","1","514350","0206449","1","E18000006","E40000007","E92000001","E12000006","5","E14001507","E15000006","E24000005","E30000237","E16000150","E07000240","26UGGR","E00120563","26UGGR","E65000001","E01023743","E02004937","5","2B1","E00120563","E01023743","E02004937","E33027457","E38000079","E63011552","C1","5B1",51.745082,-0.345105,"E37000048","","E23000027",30564,"E56000035","E54000025","E00120563","E01023743","E02004937"
"AL1 2DN","AL1  2DN","AL1 2DN","198504","","E10000015","E58000666","E07000240","E05013963","E43000290","0","514508","0206486","1","E18000006","E40000007","E92000001","E12000006","5","E14001507","E15000006","E24000005","E30000237","E16000150","E07000240","26UGGQ","E00120545","26UGGQ","E65000001","E01023740","E02004940","5","2B2","E00120545","E01023740","E02004940","E33024346","E38000079","E63011552","C1","5A3",51.745388,-0.342783,"E37000048","","E23000027",27694,"E56000035","E54000025","E00120545","E01023740","E02004940"
"AL1 2DP","AL1  2DP","AL1 2DP","199301","","E10000015","E58000666","E07000240","E05013963","E43000290","0","514665","0206379","1","E18000006","E40000007","E92000001","E12000006","5","E14001507","E15000006","E24000005","E30000237","E16000150","E07000240","26UGGQ","E00120545","26UGGQ","E65000001","E01023740","E02004940","5","2B2","E00120545","E01023740","E02004940","E33024346","E38000079","E63011552","C1","5A3",51.744389,-0.340568,"E37000048","","E23000027",27694,"E56000035","E54000025","E00120545","E01023740","E02004940"
"AL1 2DQ","AL1  2DQ","AL1 2DQ","198001","199906","E10000015","E58000666","E07000240","E05013966","E43000290","0","514413","0206440","1","E18000006","E40000007","E92000001","E12000006","5","E14001507","E15000006","E24000005","E30000237","E16000150","E07000240","26UGGR","E00120563","26UGGR","E65000001","E01023743","E02004937","5","2B1","E00120563","E01023743","E02004937","E33027457","E38000079","E63011552","C1","5B1",51.744988,-0.344196,"E37000048","","E23000027",30564,"E56000035","E54000025","E00120563","E01023743","E02004937"
"AL1 2DR","AL1  2DR","AL1 2DR","200106","201105","E10000015","E58000666","E07000240","E05013966","E43000290","0","514413","0206440","1","E18000006","E40000007","E92000001","E12000006","5","E14001507","E15000006","E24000005","E30000237","E16000150","E07000240","26UGGR","E00120563","26UGGR","E65000001","E01023743","E02004937","5","2B1","E00120563","E01023743","E02004937","E33027457","E38000079","E63011552","C1","5B1",51.744988,-0.344196,"E37000048","","E23000027",30564,"E56000035","E54000025","E00120563","E01023743","E02004937"
"AL1 2DS","AL1  2DS","AL1 2DS","198001","","E10000015","E58000666","E07000240","E05013966","E43000290","0","514357","0206381","1","E18000006","E40000007","E92000001","E12000006","5","E14001507","E15000006","E24000005","E30000237","E16000150","E07000240","26UGGR","E00120563","26UGGR","E65000001","E01023743","E02004937","5","2B1","E00120563","E01023743","E02004937","E33027457","E38000079","E63011552","C1","5B1",51.744470,-0.345026,"E37000048","","E23000027",30564,"E56000035","E54000025","E00120563","E01023743","E02004937"
"AL1 2DT","AL1  2DT","AL1 2DT","200207","","E10000015","E58000666","E07000240","E05013966","E43000290","0","514237","0206271","1","E18000006","E40000007","E92000001","E12000006","5","E14001507","E15000006","E24000005","E30000237","E16000150","E07000240","26UGGR","E00120563","26UGGR","E65000001","E01023743","E02004937","5","2B1","E00120563","E01023743","E02004937","E33027457","E38000079","E63011552","C1","5B1",51.743511,-0.346777,"E37000048","","E23000027",30564,"E56000035","E54000025","E00120563","E01023743","E02004937"
"AL1 2DU","AL1  2DU","AL1 2DU","198001","","E10000015","E58000666","E07000240","E05013966","E43000290","0","514259","0206364","1","E18000006","E40000007","E92000001","E12000006","5","E14001507","E15000006","E24000005","E30000237","E16000150","E07000240","26UGGR","E00120563","26UGGR","E65000001","E01023743","E02004937","5","2B1","E00120563","E01023743","E02004937","E33027457","E38000079","E63011552","C1","5B1",51.744337,-0.346451,"E37000048","","E23000027",30564,"E56000035","E54000025","E00120563","E01023743","E02004937"
"AL1 2DW","AL1  2DW","AL1 2DW","198001","199012","E10000015","E58000666","E07000240","E05013963","E43000290","1","514400","0206300","8","E18000006","E40000007","E92000001","E12000006","5","E14001507","E15000006","E24000005","E30000237","E16000150","E07000240","26UGGQ","E00120546","26UGGQ","E65000001","E01023737","E02004940","5","7A1","E00120546","E01023737","E02004940","E33024347","E38000079","E63011552","C1","4B1",51.743733,-0.344430,"E37000048","","E23000027",12653,"E56000035","E54000025","E00120546","E01023737","E02004940"
"AL1 2DX","AL1  2DX","AL1 2DX","198001","","E10000015","E58000666","E07000240","E05013966","E43000290","0","514284","0206407","1","E18000006","E40000007","E92000001","E12000006","5","E14001507","E15000006","E24000005","E30000237","E16000150","E07000240","26UGGR","E00120563","26UGGR","E65000001","E01023743","E02004937","5","2B1","E00120563","E01023743","E02004937","E33027457","E38000079","E63011552","C1","5B1",51.744718,-0.346075,"E37000048","","E23000027",30564,"E56000035","E54000025","E00120563","E01023743","E02004937"
"AL1 2DY","AL1  2DY","AL1 2DY","198001","200110","E10000015","E58000666","E07000240","E05013966","E43000290","1","514237","0206276","1","E18000006","E40000007","E92000001","E12000006","5","E14001507","E15000006","E24000005","E30000237","E16000150","E07000240","26UGGR","E00120563","26UGGR","E65000001","E01023743","E02004937","5","2B1","E00120563","E01023743","E02004937","E33027457","E38000079","E63011552","C1","5B1",51.743550,-0.346798,"E37000048","","E23000027",30564,"E56000035","E54000025","E00120563","E01023743","E02004937"
"AL1 2DZ","AL1  2DZ","AL1 2DZ","198001","200407","E10000015","E58000666","E07000240","E05013966","E43000290","0","514265","0206238","1","E18000006","E40000007","E92000001","E12000006","5","E14001507","E15000006","E24000005","E30000237","E16000150","E07000240","26UGGR","E00120563","26UGGR","E65000001","E01023743","E02004937","5","2B1","E00120563","E01023743","E02004937","E33027457","E38000079","E63011552","C1","5B1",51.743203,-0.346405,"E37000048","","E23000027",30564,"E56000035","E54000025","E00120563","E01023743","E02004937"
"AL1 2EA","AL1  2EA","AL1 2EA","198001","","E10000015","E58000666","E07000240","E05013966","E43000290","0","514169","0206178","1","E18000006","E40000007","E92000001","E12000006","5","E14001507","E15000006","E24000005","E30000237","E16000150","E07000240","26UGGR","E00120563","26UGGR","E65000001","E01023743","E02004937","5","2B1","E00120563","E01023743","E02004937","E33027457","E38000079","E63011552","C1","5B1",51.742683,-0.347815,"E37000048","","E23000027",30564,"E56000035","E54000025","E00120563","E01023743","E02004937"
"AL1 2EB","AL1  2EB","AL1 2EB","198001","199712","E10000015","E58000666","E07000240","E05013966","E43000290","1","514059","0206256","8","E18000006","E40000007","E92000001","E12000006","5","E14001507","E15000006","E24000005","E30000237","E16000150","E07000240","26UGGR","E00120563","26UGGR","E65000001","E01023743","E02004937","5","2B1","E00120563","E01023743","E02004937","E33027457","E38000079","E63011552","C1","5B1",51.743407,-0.349382,"E37000048","","E23000027",30564,"E56000035","E54000025","E00120563","E01023743","E02004937"
"AL1 2ED","AL1  2ED","AL1 2ED","198704","","E10000015","E58000666","E07000240","E05013963","E43000290","0","514906","0205978","1","E18000006","E40000007","E92000001","E12000006","5","E14001507","E15000006","E24000005","E30000237","E16000150","E07000240","26UGGQ","E00120550","26UGGQ","E65000001","E01023738","E02004940","5","7B1","E00120550","E01023738","E02004940","E33027471","E38000079","E63011552","C1","4A3",51.740736,-0.337211,"E37000048","","E23000027",9980,"E56000035","E54000025","E00120550","E01023738","E02004940"
"AL1 2EE","AL1  2EE","AL1 2EE","199208","199405","E10000015","E58000666","E07000240","E05013963","E43000290","1","515000","0206000","8","E18000006","E40000007","E92000001","E12000006","5","E14001507","E15000006","E24000005","E30000237","E16000150","E07000240","26UGGQ","E00120547","26UGGQ","E65000001","E01023741","E02004940","5","7A2","E00120547","E01023741","E02004940","E33027473","E38000079","E63011552","C1","4A1",51.740914,-0.335843,"E37000048","","E23000027",30070,"E56000035","E54000025","E00120547","E01023741","E02004940"
"AL1 2EF","AL1  2EF","AL1 2EF","199301","","E10000015","E58000666","E07000240","E05013963","E43000290","0","515284","0205724","1","E18000006","E40000007","E92000001","E12000006","5","E14001507","E15000006","E24000005","E30000237","E16000150","E07000240","26UGGQ","E00120553","26UGGQ","E65000001","E01023738","E02004940","5","7A2","E00120553","E01023738","E02004940","E33027473","E38000079","E63011552","C1","4A1",51.738381,-0.331800,"E37000048","","E23000027",9980,"E56000035","E54000025","E00120553","E01023738","E02004940"
"AL1 2EG","AL1  2EG","AL1 2EG","199308","199912","E10000015","E58000666","E07000240","E05013963","E43000290","1","514701","0205799","6","E18000006","E40000007","E92000001","E12000006","5","E14001507","E15000006","E24000005","E30000237","E16000150","E07000240","26UGGQ","E00120540","26UGGQ","E65000001","E01023737","E02004940","5","5B3","E00120540","E01023737","E02004940","E33027471","E38000079","E63011552","C1","4A1",51.739169,-0.340238,"E37000048","","E23000027",12653,"E56000035","E54000025","E00120540","E01023737","E02004940"
"AL1 2EH","AL1  2EH","AL1 2EH","199501","199812","E10000015","E58000666","E07000240","E05013963","E43000290","1","514701","0205799","6","E18000006","E40000007","E92000001","E12000006","5","E14001507","E15000006","E24000005","E30000237","E16000150","E07000240","26UGGQ","E00120540","26UGGQ","E65000001","E01023737","E02004940","5","5B3","E00120540","E01023737","E02004940","E33027471","E38000079","E63011552","C1","4A1",51.739169,-0.340238,"E37000048","","E23000027",12653,"E56000035","E54000025","E00120540","E01023737","E02004940"
"AL1 2EN","AL1  2EN","AL1 2EN","200604","","E10000015","E58000666","E07000240","E05013963","E43000290","0","515032","0206102","1","E18000006","E40000007","E92000001","E12000006","5","E14001507","E15000006","E24000005","E30000237","E16000150","E07000240","26UGGQ","E00120547","26UGGQ","E65000001","E01023741","E02004940","5","7A2","E00120547","E01023741","E02004940","E33027473","E38000079","E63011552","C1","4A1",51.741830,-0.335323,"E37000048","","E23000027",30070,"E56000035","E54000025","E00120547","E01023741","E02004940"
"AL1 2EP","AL1  2EP","AL1 2EP","198001","","E10000015","E58000666","E07000240","E05013963","E43000290","0","515146","0205901","1","E18000006","E40000007","E92000001","E12000006","5","E14001507","E15000006","E24000005","E30000237","E16000150","E07000240","26UGGQ","E00120547","26UGGQ","E65000001","E01023741","E02004940","5","7A2","E00120547","E01023741","E02004940","E33027473","E38000079","E63011552","C1","4A1",51.739994,-0.333762,"E37000048","","E23000027",30070,"E56000035","E54000025","E00120547","E01023741","E02004940"
"AL1 2EQ","AL1  2EQ","AL1 2EQ","199412","201607","E10000015","E58000664","E07000240","E05013956","E43000290","1","517321","0206803","1","E18000006","E40000007","E92000001","E12000006","5","E14001507","E15000006","E24000005","E30000237","E16000150","E07000240","26UGFX","E00120196","26UGFX","E65000001","E01023667","E02004936","5","6D1","E00120196","E01023667","E02004936","E33027453","E38000079","E63011552","C1","5A2",51.747650,-0.301973,"E37000048","","E23000027",30628,"E56000035","E54000025","E00120196","E01023667","E02004936"
"AL1 2ER","AL1  2ER","AL1 2ER","198001","","E10000015","E58000666","E07000240","E05013963","E43000290","0","515130","0206009","1","E18000006","E40000007","E92000001","E12000006","5","E14001507","E15000006","E24000005","E30000237","E16000150","E07000240","26UGGQ","E00120547","26UGGQ","E65000001","E01023741","E02004940","5","7A2","E00120547","E01023741","E02004940","E33027473","E38000079","E63011552","C1","4A1",51.740968,-0.333958,"E37000048","","E23000027",30070,"E56000035","E54000025","E00120547","E01023741","E02004940"
"AL1 2ES","AL1  2ES","AL1 2ES","198001","","E10000015","E58000666","E07000240","E05013963","E43000290","0","515281","0206054","1","E18000006","E40000007","E92000001","E12000006","5","E14001507","E15000006","E24000005","E30000237","E16000150","E07000240","26UGGQ","E00120547","26UGGQ","E65000001","E01023741","E02004940","5","7A2","E00120547","E01023741","E02004940","E33027473","E38000079","E63011552","C1","4A1",51.741347,-0.331734,"E37000048","","E23000027",30070,"E56000035","E54000025","E00120547","E01023741","E02004940"
"AL1 2ET","AL1  2ET","AL1 2ET","198001","","E10000015","E58000666","E07000240","E05013963","E43000290","0","515210","0205863","1","E18000006","E40000007","E92000001","E12000006","5","E14001507","E15000006","E24000005","E30000237","E16000150","E07000240","26UGGQ","E00120547","26UGGQ","E65000001","E01023741","E02004940","5","7A2","E00120547","E01023741","E02004940","E33027473","E38000079","E63011552","C1","4A1",51.739640,-0.332848,"E37000048","","E23000027",30070,"E56000035","E54000025","E00120547","E01023741","E02004940"
"AL1 2EU","AL1  2EU","AL1 2EU","198504","199512","E10000015","E58000666","E07000240","E05013963","E43000290","0","515300","0205700","8","E18000006","E40000007","E92000001","E12000006","5","E14001507","E15000006","E24000005","E30000237","E16000150","E07000240","26UGGQ","E00120553","26UGGQ","E65000001","E01023738","E02004940","5","7A2","E00120553","E01023738","E02004940","E33027473","E38000079","E63011552","C1","4A1",51.738156,-0.331599,"E37000048","","E23000027",9980,"E56000035","E54000025","E00120553","E01023738","E02004940"
"AL1 2EW","AL1  2EW","AL1 2EW","198001","","E10000015","E58000666","E07000240","E05013963","E43000290","0","515098","0206072","1","E18000006","E40000007","E92000001","E12000006","5","E14001507","E15000006","E24000005","E30000237","E16000150","E07000240","26UGGQ","E00120547","26UGGQ","E65000001","E01023741","E02004940","5","7A2","E00120547","E01023741","E02004940","E33027473","E38000079","E63011552","C1","4A1",51.741541,-0.334400,"E37000048","","E23000027",30070,"E56000035","E54000025","E00120547","E01023741","E02004940"
"AL1 2EX","AL1  2EX","AL1 2EX","198001","","E10000015","E58000666","E07000240","E05013963","E43000290","0","515377","0205610","1","E18000006","E40000007","E92000001","E12000006","5","E14001507","E15000006","E24000005","E30000237","E16000150","E07000240","26UGGQ","E00120553","26UGGQ","E65000001","E01023738","E02004940","5","7A2","E00120553","E01023738","E02004940","E33027473","E38000079","E63011552","C1","4A1",51.737332,-0.330514,"E37000048","","E23000027",9980,"E56000035","E54000025","E00120553","E01023738","E02004940"
"AL1 2EY","AL1  2EY","AL1 2EY","198001","","E10000015","E58000666","E07000240","E05013963","E43000290","0","515246","0205718","1","E18000006","E40000007","E92000001","E12000006","5","E14001507","E15000006","E24000005","E30000237","E16000150","E07000240","26UGGQ","E00120553","26UGGQ","E65000001","E01023738","E02004940","5","7A2","E00120553","E01023738","E02004940","E33027473","E38000079","E63011552","C1","4A1",51.738329,-0.332375,"E37000048","","E23000027",9980,"E56000035","E54000025","E00120553","E01023738","E02004940"
"AL1 2EZ","AL1  2EZ","AL1 2EZ","198001","","E10000015","E58000666","E07000240","E05013963","E43000290","0","515373","0205557","1","E18000006","E40000007","E92000001","E12000006","5","E14001507","E15000006","E24000005","E30000237","E16000150","E07000240","26UGGQ","E00120558","26UGGQ","E65000001","E01023738","E02004940","5","1C1","E00120558","E01023738","E02004940","E33027473","E38000079","E63011552","C1","8D2",51.736856,-0.330590,"E37000048","","E23000027",9980,"E56000035","E54000025","E00120558","E01023738","E02004940"
"AL1 2FZ","AL1  2FZ","AL1 2FZ","200012","200203","E10000015","E58000664","E07000240","E05013956","E43000290","1","517328","0206823","1","E18000006","E40000007","E92000001","E12000006","5","E14001507","E15000006","E24000005","E30000237","E16000150","E07000240","26UGFX","E00120196","26UGFX","E65000001","E01023667","E02004936","5","6D1","E00120196","E01023667","E02004936","E33027453","E38000079","E63011552","C1","5A2",51.747828,-0.301865,"E37000048","","E23000027",30628,"E56000035","E54000025","E00120196","E01023667","E02004936"
"AL1 2GA","AL1  2GA","AL1 2GA","199712","199812","E10000015","E58000666","E07000240","E05013963","E43000290","1","514701","0205799","6","E18000006","E40000007","E92000001","E12000006","5","E14001507","E15000006","E24000005","E30000237","E16000150","E07000240","26UGGQ","E00120540","26UGGQ","E65000001","E01023737","E02004940","5","5B3","E00120540","E01023737","E02004940","E33027471","E38000079","E63011552","C1","4A1",51.739169,-0.340238,"E37000048","","E23000027",12653,"E56000035","E54000025","E00120540","E01023737","E02004940"
"AL1 2GB","AL1  2GB","AL1 2GB","200106","200203","E10000015","E58000664","E07000240","E05013956","E43000290","1","517328","0206823","1","E18000006","E40000007","E92000001","E12000006","5","E14001507","E15000006","E24000005","E30000237","E16000150","E07000240","26UGFX","E00120196","26UGFX","E65000001","E01023667","E02004936","5","6D1","E00120196","E01023667","E02004936","E33027453","E38000079","E63011552","C1","5A2",51.747828,-0.301865,"E37000048","","E23000027",30628,"E56000035","E54000025","E00120196","E01023667","E02004936"
"AL1 2HA","AL1  2HA","AL1 2HA","198001","","E10000015","E58000666","E07000240","E05013963","E43000290","0","515559","0205465","1","E18000006","E40000007","E92000001","E12000006","5","E14001507","E15000006","E24000005","E30000237","E16000150","E07000240","26UGGQ","E00120543","26UGGQ","E65000001","E01023741","E02004940","5","6D1","E00120543","E01023741","E02004940","E33027473","E38000079","E63011552","C1","5A2",51.735991,-0.327928,"E37000048","","E23000027",30070,"E56000035","E54000025","E00120543","E01023741","E02004940"
"AL1 2HB","AL1  2HB","AL1 2HB","199612","200006","E10000015","E58000666","E07000240","E05013963","E43000290","1","514701","0205799","6","E18000006","E40000007","E92000001","E12000006","5","E14001507","E15000006","E24000005","E30000237","E16000150","E07000240","26UGGQ","E00120540","26UGGQ","E65000001","E01023737","E02004940","5","5B3","E00120540","E01023737","E02004940","E33027471","E38000079","E63011552","C1","4A1",51.739169,-0.340238,"E37000048","","E23000027",12653,"E56000035","E54000025","E00120540","E01023737","E02004940"
"AL1 2HD","AL1  2HD","AL1 2HD","199208","199912","E10000015","E58000666","E07000240","E05013963","E43000290","1","514701","0205799","6","E18000006","E40000007","E92000001","E12000006","5","E14001507","E15000006","E24000005","E30000237","E16000150","E07000240","26UGGQ","E00120540","26UGGQ","E65000001","E01023737","E02004940","5","5B3","E00120540","E01023737","E02004940","E33027471","E38000079","E63011552","C1","4A1",51.739169,-0.340238,"E37000048","","E23000027",12653,"E56000035","E54000025","E00120540","E01023737","E02004940"
"AL1 2HE","AL1  2HE","AL1 2HE","198001","","E10000015","E58000666","E07000240","E05013963","E43000290","0","515508","0205421","1","E18000006","E40000007","E92000001","E12000006","5","E14001507","E15000006","E24000005","E30000237","E16000150","E07000240","26UGGQ","E00120558","26UGGQ","E65000001","E01023738","E02004940","5","1C1","E00120558","E01023738","E02004940","E33027473","E38000079","E63011552","C1","8D2",51.735611,-0.328658,"E37000048","","E23000027",9980,"E56000035","E54000025","E00120558","E01023738","E02004940"
"AL1 2HF","AL1  2HF","AL1 2HF","198001","199507","E10000015","E58000666","E07000240","E05013963","E43000290","0","515500","0205400","8","E18000006","E40000007","E92000001","E12000006","5","E14001507","E15000006","E24000005","E30000237","E16000150","E07000240","26UGGQ","E00120558","26UGGQ","E65000001","E01023738","E02004940","5","1C1","E00120558","E01023738","E02004940","E33027473","E38000079","E63011552","C1","8D2",51.735419,-0.328804,"E37000048","","E23000027",9980,"E56000035","E54000025","E00120558","E01023738","E02004940"
"AL1 2HG","AL1  2HG","AL1 2HG","198001","199912","E10000015","E58000666","E07000240","E05013963","E43000290","0","515580","0205397","1","E18000006","E40000007","E92000001","E12000006","5","E14001507","E15000006","E24000005","E30000237","E16000150","E07000240","26UGGQ","E00120558","26UGGQ","E65000001","E01023738","E02004940","5","1C1","E00120558","E01023738","E02004940","E33027473","E38000079","E63011552","C1","8D2",51.735375,-0.327647,"E37000048","","E23000027",9980,"E56000035","E54000025","E00120558","E01023738","E02004940"
"AL1 2HH","AL1  2HH","AL1 2HH","198001","","E10000015","E58000666","E07000240","E05013963","E43000290","0","515796","0205443","1","E18000006","E40000007","E92000001","E12000006","5","E14001507","E15000006","E24000005","E30000237","E16000150","E07000240","26UGGQ","E00120558","26UGGQ","E65000001","E01023738","E02004940","5","1C1","E00120558","E01023738","E02004940","E33027473","E38000079","","C1","8D2",51.735744,-0.324505,"E37000048","","E23000027",9980,"E56000035","E54000025","E00120558","E01023738","E02004940"
"AL1 2HJ","AL1  2HJ","AL1 2HJ","198001","","E10000015","E58000666","E07000240","E05013963","E43000290","0","515342","0205422","1","E18000006","E40000007","E92000001","E12000006","5","E14001507","E15000006","E24000005","E30000237","E16000150","E07000240","26UGGQ","E00120558","26UGGQ","E65000001","E01023738","E02004940","5","1C1","E00120558","E01023738","E02004940","E33027473","E38000079","E63011552","C1","8D2",51.735649,-0.331083,"E37000048","","E23000027",9980,"E56000035","E54000025","E00120558","E01023738","E02004940"
"AL1 2HL","AL1  2HL","AL1 2HL","198001","","E10000015","E58000666","E07000240","E05013963","E43000290","0","515080","0205258","1","E18000006","E40000007","E92000001","E12000006","5","E14001507","E15000006","E24000005","E30000237","E16000150","E07000240","26UGGQ","E00120558","26UGGQ","E65000001","E01023738","E02004940","5","1C1","E00120558","E01023738","E02004940","E33027473","E38000079","E63011552","C1","8D2",51.734229,-0.334930,"E37000048","","E23000027",9980,"E56000035","E54000025","E00120558","E01023738","E02004940"
"AL1 2HN","AL1  2HN","AL1 2HN","198001","","E10000015","E58000666","E07000240","E05013963","E43000290","0","515162","0205320","1","E18000006","E40000007","E92000001","E12000006","5","E14001507","E15000006","E24000005","E30000237","E16000150","E07000240","26UGGQ","E00120558","26UGGQ","E65000001","E01023738","E02004940","5","1C1","E00120558","E01023738","E02004940","E33027473","E38000079","E63011552","C1","8D2",51.734769,-0.333723,"E37000048","","E23000027",9980,"E56000035","E54000025","E00120558","E01023738","E02004940"
"AL1 2HP","AL1  2HP","AL1 2HP","198001","","E10000015","E58000666","E07000240","E05013963","E43000290","0","515183","0205521","1","E18000006","E40000007","E92000001","E12000006","5","E14001507","E15000006","E24000005","E30000237","E16000150","E07000240","26UGGQ","E00120552","26UGGQ","E65000001","E01023738","E02004940","5","7A2","E00120552","E01023738","E02004940","E33027473","E38000079","E63011552","C1","4A3",51.736577,-0.333329,"E37000048","","E23000027",9980,"E56000035","E54000025","E00120552","E01023738","E02004940"
"AL1 2HQ","AL1  2HQ","AL1 2HQ","198001","","E10000015","E58000666","E07000240","E05013963","E43000290","1","515621","0205351","1","E18000006","E40000007","E92000001","E12000006","5","E14001507","E15000006","E24000005","E30000237","E16000150","E07000240","26UGGQ","E00120558","26UGGQ","E65000001","E01023738","E02004940","5","1C1","E00120558","E01023738","E02004940","E33027473","E38000079","E63011552","C1","8D2",51.734954,-0.327068,"E37000048","","E23000027",9980,"E56000035","E54000025","E00120558","E01023738","E02004940"
"AL1 2HR","AL1  2HR","AL1 2HR","198001","","E10000015","E58000666","E07000240","E05013963","E43000290","0","515274","0205564","1","E18000006","E40000007","E92000001","E12000006","5","E14001507","E15000006","E24000005","E30000237","E16000150","E07000240","26UGGQ","E00120558","26UGGQ","E65000001","E01023738","E02004940","5","1C1","E00120558","E01023738","E02004940","E33027473","E38000079","E63011552","C1","8D2",51.736939,-0.332021,"E37000048","","E23000027",9980,"E56000035","E54000025","E00120558","E01023738","E02004940"
"AL1 2HS","AL1  2HS","AL1 2HS","198001","","E10000015","E58000666","E07000240","E05013963","E43000290","0","515318","0205507","1","E18000006","E40000007","E92000001","E12000006","5","E14001507","E15000006","E24000005","E30000237","E16000150","E07000240","26UGGQ","E00120558","26UGGQ","E65000001","E01023738","E02004940","5","1C1","E00120558","E01023738","E02004940","E33027473","E38000079","E63011552","C1","8D2",51.736418,-0.331403,"E37000048","","E23000027",9980,"E56000035","E54000025","E00120558","E01023738","E02004940"
"AL1 2HT","AL1  2HT","AL1 2HT","198001","","E10000015","E58000666","E07000240","E05013963","E43000290","0","515360","0205476","1","E18000006","E40000007","E92000001","E12000006","5","E14001507","E15000006","E24000005","E30000237","E16000150","E07000240","26UGGQ","E00120558","26UGGQ","E65000001","E01023738","E02004940","5","1C1","E00120558","E01023738","E02004940","E33027473","E38000079","E63011552","C1","8D2",51.736131,-0.330805,"E37000048","","E23000027",9980,"E56000035","E54000025","E00120558","E01023738","E02004940"
"AL1 2HU","AL1  2HU","AL1 2HU","198001","","E10000015","E58000666","E07000240","E05013963","E43000290","0","515219","0205589","1","E18000006","E40000007","E92000001","E12000006","5","E14001507","E15000006","E24000005","E30000237","E16000150","E07000240","26UGGQ","E00120553","26UGGQ","E65000001","E01023738","E02004940","5","7A2","E00120553","E01023738","E02004940","E33027473","E38000079","E63011552","C1","4A1",51.737175,-0.332809,"E37000048","","E23000027",9980,"E56000035","E54000025","E00120553","E01023738","E02004940"
"AL1 2HW","AL1  2HW","AL1 2HW","198001","","E10000015","E58000666","E07000240","E05013963","E43000290","0","515228","0205362","1","E18000006","E40000007","E92000001","E12000006","5","E14001507","E15000006","E24000005","E30000237","E16000150","E07000240","26UGGQ","E00120558","26UGGQ","E65000001","E01023738","E02004940","5","1C1","E00120558","E01023738","E02004940","E33027473","E38000079","E63011552","C1","8D2",51.735139,-0.332730,"E37000048","","E23000027",9980,"E56000035","E54000025","E00120558","E01023738","E02004940"
"AL1 2HX","AL1  2HX","AL1 2HX","198001","","E10000015","E58000666","E07000240","E05013963","E43000290","0","515159","0205779","1","E18000006","E40000007","E92000001","E12000006","5","E14001507","E15000006","E24000005","E30000237","E16000150","E07000240","26UGGQ","E00120553","26UGGQ","E65000001","E01023738","E02004940","5","7A2","E00120553","E01023738","E02004940","E33027473","E38000079","E63011552","C1","4A1",51.738895,-0.333614,"E37000048","","E23000027",9980,"E56000035","E54000025","E00120553","E01023738","E02004940"
"AL1 2HY","AL1  2HY","AL1 2HY","198001","","E10000015","E58000666","E07000240","E05013963","E43000290","0","515213","0205720","1","E18000006","E40000007","E92000001","E12000006","5","E14001507","E15000006","E24000005","E30000237","E16000150","E07000240","26UGGQ","E00120553","26UGGQ","E65000001","E01023738","E02004940","5","7A2","E00120553","E01023738","E02004940","E33027473","E38000079","E63011552","C1","4A1",51.738354,-0.332852,"E37000048","","E23000027",9980,"E56000035","E54000025","E00120553","E01023738","E02004940"
"AL1 2HZ","AL1  2HZ","AL1 2HZ","198001","","E10000015","E58000666","E07000240","E05013963","E43000290","0","515105","0205871","1","E18000006","E40000007","E92000001","E12000006","5","E14001507","E15000006","E24000005","E30000237","E16000150","E07000240","26UGGQ","E00120553","26UGGQ","E65000001","E01023738","E02004940","5","7A2","E00120553","E01023738","E02004940","E33027473","E38000079","E63011552","C1","4A1",51.739733,-0.334366,"E37000048","","E23000027",9980,"E56000035","E54000025","E00120553","E01023738","E02004940"
"AL1 2JA","AL1  2JA","AL1 2JA","198001","","E10000015","E58000666","E07000240","E05013963","E43000290","0","515051","0205999","1","E18000006","E40000007","E92000001","E12000006","5","E14001507","E15000006","E24000005","E30000237","E16000150","E07000240","26UGGQ","E00120547","26UGGQ","E65000001","E01023741","E02004940","5","7A2","E00120547","E01023741","E02004940","E33027473","E38000079","E63011552","C1","4A1",51.740895,-0.335105,"E37000048","","E23000027",30070,"E56000035","E54000025","E00120547","E01023741","E02004940"
"AL1 2JB","AL1  2JB","AL1 2JB","198001","","E10000015","E58000666","E07000240","E05013963","E43000290","0","515002","0206020","1","E18000006","E40000007","E92000001","E12000006","5","E14001507","E15000006","E24000005","E30000237","E16000150","E07000240","26UGGQ","E00120547","26UGGQ","E65000001","E01023741","E02004940","5","7A2","E00120547","E01023741","E02004940","E33027473","E38000079","E63011552","C1","4A1",51.741093,-0.335807,"E37000048","","E23000027",30070,"E56000035","E54000025","E00120547","E01023741","E02004940"
"AL1 2JD","AL1  2JD","AL1 2JD","198106","","E10000015","E58000666","E07000240","E05013963","E43000290","0","515102","0205809","1","E18000006","E40000007","E92000001","E12000006","5","E14001507","E15000006","E24000005","E30000237","E16000150","E07000240","26UGGQ","E00120553","26UGGQ","E65000001","E01023738","E02004940","5","7A2","E00120553","E01023738","E02004940","E33027473","E38000079","E63011552","C1","4A1",51.739177,-0.334429,"E37000048","","E23000027",9980,"E56000035","E54000025","E00120553","E01023738","E02004940"
"AL1 2JE","AL1  2JE","AL1 2JE","198106","","E10000015","E58000666","E07000240","E05013963","E43000290","0","515141","0205721","1","E18000006","E40000007","E92000001","E12000006","5","E14001507","E15000006","E24000005","E30000237","E16000150","E07000240","26UGGQ","E00120553","26UGGQ","E65000001","E01023738","E02004940","5","7A2","E00120553","E01023738","E02004940","E33027473","E38000079","E63011552","C1","4A1",51.738378,-0.333894,"E37000048","","E23000027",9980,"E56000035","E54000025","E00120553","E01023738","E02004940"
"AL1 2JF","AL1  2JF","AL1 2JF","199109","","E10000015","E58000666","E07000240","E05013963","E43000290","0","514651","0205900","1","E18000006","E40000007","E92000001","E12000006","5","E14001507","E15000006","E24000005","E30000237","E16000150","E07000240","26UGGQ","E00120540","26UGGQ","E65000001","E01023737","E02004940","5","5B3","E00120540","E01023737","E02004940","E33027471","E38000079","E63011552","C1","4A1",51.740087,-0.340928,"E37000048","","E23000027",12653,"E56000035","E54000025","E00120540","E01023737","E02004940"
"AL1 2JG","AL1  2JG","AL1 2JG","198803","","E10000015","E58000666","E07000240","E05013963","E43000290","0","514575","0205936","1","E18000006","E40000007","E92000001","E12000006","5","E14001507","E15000006","E24000005","E30000237","E16000150","E07000240","26UGGQ","E00120540","26UGGQ","E65000001","E01023737","E02004940","5","5B3","E00120540","E01023737","E02004940","E33027471","E38000079","E63011552","C1","4A1",51.740426,-0.342017,"E37000048","","E23000027",12653,"E56000035","E54000025","E00120540","E01023737","E02004940"
"AL1 2JH","AL1  2JH","AL1 2JH","198001","","E10000015","E58000666","E07000240","E05013963","E43000290","0","515038","0205685","1","E18000006","E40000007","E92000001","E12000006","5","E14001507","E15000006","E24000005","E30000237","E16000150","E07000240","26UGGQ","E00120553","26UGGQ","E65000001","E01023738","E02004940","5","7A2","E00120553","E01023738","E02004940","E33027473","E38000079","E63011552","C1","4A1",51.738075,-0.335397,"E37000048","","E23000027",9980,"E56000035","E54000025","E00120553","E01023738","E02004940"
"AL1 2JJ","AL1  2JJ","AL1 2JJ","198001","","E10000015","E58000666","E07000240","E05013963","E43000290","0","514995","0205839","1","E18000006","E40000007","E92000001","E12000006","5","E14001507","E15000006","E24000005","E30000237","E16000150","E07000240","26UGGQ","E00120550","26UGGQ","E65000001","E01023738","E02004940","5","7B1","E00120550","E01023738","E02004940","E33027471","E38000079","E63011552","C1","4A3",51.739468,-0.335968,"E37000048","","E23000027",9980,"E56000035","E54000025","E00120550","E01023738","E02004940"
"AL1 2JL","AL1  2JL","AL1 2JL","198001","","E10000015","E58000666","E07000240","E05013963","E43000290","0","514967","0205811","1","E18000006","E40000007","E92000001","E12000006","5","E14001507","E15000006","E24000005","E30000237","E16000150","E07000240","26UGGQ","E00120550","26UGGQ","E65000001","E01023738","E02004940","5","7B1","E00120550","E01023738","E02004940","E33027471","E38000079","E63011552","C1","4A3",51.739222,-0.336383,"E37000048","","E23000027",9980,"E56000035","E54000025","E00120550","E01023738","E02004940"
"AL1 2JN","AL1  2JN","AL1 2JN","198001","","E10000015","E58000666","E07000240","E05013963","E43000290","0","514922","0205897","1","E18000006","E40000007","E92000001","E12000006","5","E14001507","E15000006","E24000005","E30000237","E16000150","E07000240","26UGGQ","E00120550","26UGGQ","E65000001","E01023738","E02004940","5","7B1","E00120550","E01023738","E02004940","E33027471","E38000079","E63011552","C1","4A3",51.740004,-0.337006,"E37000048","","E23000027",9980,"E56000035","E54000025","E00120550","E01023738","E02004940"
"AL1 2JP","AL1  2JP","AL1 2JP","198001","","E10000015","E58000666","E07000240","E05013963","E43000290","0","514907","0205785","1","E18000006","E40000007","E92000001","E12000006","5","E14001507","E15000006","E24000005","E30000237","E16000150","E07000240","26UGGQ","E00120550","26UGGQ","E65000001","E01023738","E02004940","5","7B1","E00120550","E01023738","E02004940","E33027471","E38000079","E63011552","C1","4A3",51.739006,-0.337237,"E37000048","","E23000027",9980,"E56000035","E54000025","E00120550","E01023738","E02004940"
"AL1 2JQ","AL1  2JQ","AL1 2JQ","198109","199405","E10000015","E58000663","E07000240","E05013964","E43000290","1","514800","0207000","8","E18000006","E40000007","E92000001","E12000006","5","E14001507","E15000006","E24000005","E30000237","E16000150","E07000240","26UGGM","E00120491","26UGGM","E65000001","E01023726","E02004935","5","2B2","E00120491","E01023726","E02004935","E33024341","E38000079","E63011552","C1","5A3",51.749942,-0.338409,"E37000048","","E23000027",29172,"E56000035","E54000025","E00120491","E01023726","E02004935"
"AL1 2JR","AL1  2JR","AL1 2JR","198001","","E10000015","E58000666","E07000240","E05013963","E43000290","0","514784","0205777","1","E18000006","E40000007","E92000001","E12000006","5","E14001507","E15000006","E24000005","E30000237","E16000150","E07000240","26UGGQ","E00120540","26UGGQ","E65000001","E01023737","E02004940","5","5B3","E00120540","E01023737","E02004940","E33027471","E38000079","E63011552","C1","4A1",51.738954,-0.339043,"E37000048","","E23000027",12653,"E56000035","E54000025","E00120540","E01023737","E02004940"
"AL1 2JS","AL1  2JS","AL1 2JS","198001","","E10000015","E58000666","E07000240","E05013963","E43000290","0","514755","0205829","1","E18000006","E40000007","E92000001","E12000006","5","E14001507","E15000006","E24000005","E30000237","E16000150","E07000240","26UGGQ","E00120540","26UGGQ","E65000001","E01023737","E02004940","5","5B3","E00120540","E01023737","E02004940","E33027471","E38000079","E63011552","C1","4A1",51.739427,-0.339446,"E37000048","","E23000027",12653,"E56000035","E54000025","E00120540","E01023737","E02004940"
"AL1 2JT","AL1  2JT","AL1 2JT","198001","","E10000015","E58000666","E07000240","E05013963","E43000290","0","514653","0205851","1","E18000006","E40000007","E92000001","E12000006","5","E14001507","E15000006","E24000005","E30000237","E16000150","E07000240","26UGGQ","E00120540","26UGGQ","E65000001","E01023737","E02004940","5","5B3","E00120540","E01023737","E02004940","E33027471","E38000079","E63011552","C1","4A1",51.739646,-0.340915,"E37000048","","E23000027",12653,"E56000035","E54000025","E00120540","E01023737","E02004940"
"AL1 2JU","AL1  2JU","AL1 2JU","199002","","E10000015","E58000666","E07000240","E05013963","E43000290","0","514542","0205983","1","E18000006","E40000007","E92000001","E12000006","5","E14001507","E15000006","E24000005","E30000237","E16000150","E07000240","26UGGQ","E00120540","26UGGQ","E65000001","E01023737","E02004940","5","5B3","E00120540","E01023737","E02004940","E33027471","E38000079","E63011552","C1","4A1",51.740855,-0.342479,"E37000048","","E23000027",12653,"E56000035","E54000025","E00120540","E01023737","E02004940"
"AL1 2JW","AL1  2JW","AL1 2JW","198001","","E10000015","E58000666","E07000240","E05013963","E43000290","0","514869","0205825","1","E18000006","E40000007","E92000001","E12000006","5","E14001507","E15000006","E24000005","E30000237","E16000150","E07000240","26UGGQ","E00120540","26UGGQ","E65000001","E01023737","E02004940","5","5B3","E00120540","E01023737","E02004940","E33027471","E38000079","E63011552","C1","4A1",51.739368,-0.337797,"E37000048","","E23000027",12653,"E56000035","E54000025","E00120540","E01023737","E02004940"
"AL1 2JX","AL1  2JX","AL1 2JX","198001","","E10000015","E58000666","E07000240","E05013963","E43000290","0","514652","0205799","1","E18000006","E40000007","E92000001","E12000006","5","E14001507","E15000006","E24000005","E30000237","E16000150","E07000240","26UGGQ","E00120551","26UGGQ","E65000001","E01023737","E02004940","5","7A2","E00120551","E01023737","E02004940","E33027470","E38000079","E63011552","C1","4A2",51.739179,-0.340947,"E37000048","","E23000027",12653,"E56000035","E54000025","E00120551","E01023737","E02004940"
"AL1 2JY","AL1  2JY","AL1 2JY","198001","","E10000015","E58000666","E07000240","E05013963","E43000290","0","514857","0205710","1","E18000006","E40000007","E92000001","E12000006","5","E14001507","E15000006","E24000005","E30000237","E16000150","E07000240","26UGGQ","E00120551","26UGGQ","E65000001","E01023737","E02004940","5","7A2","E00120551","E01023737","E02004940","E33027470","E38000079","E63011552","C1","4A2",51.738337,-0.338009,"E37000048","","E23000027",12653,"E56000035","E54000025","E00120551","E01023737","E02004940"
"AL1 2JZ","AL1  2JZ","AL1 2JZ","198001","","E10000015","E58000666","E07000240","E05013963","E43000290","0","514956","0205703","1","E18000006","E40000007","E92000001","E12000006","5","E14001507","E15000006","E24000005","E30000237","E16000150","E07000240","26UGGQ","E00120550","26UGGQ","E65000001","E01023738","E02004940","5","7B1","E00120550","E01023738","E02004940","E33027471","E38000079","E63011552","C1","4A3",51.738259,-0.336555,"E37000048","","E23000027",9980,"E56000035","E54000025","E00120550","E01023738","E02004940"
"AL1 2LA","AL1  2LA","AL1 2LA","198001","","E10000015","E58000666","E07000240","E05013963","E43000290","0","514872","0205636","1","E18000006","E40000007","E92000001","E12000006","5","E14001507","E15000006","E24000005","E30000237","E16000150","E07000240","26UGGQ","E00120555","26UGGQ","E65000001","E01023738","E02004940","5","7A2","E00120555","E01023738","E02004940","E33027470","E38000079","E63011552","C1","4A3",51.737674,-0.337793,"E37000048","","E23000027",9980,"E56000035","E54000025","E00120555","E01023738","E02004940"
"AL1 2LB","AL1  2LB","AL1 2LB","198001","","E10000015","E58000666","E07000240","E05013963","E43000290","0","514775","0205674","1","E18000006","E40000007","E92000001","E12000006","5","E14001507","E15000006","E24000005","E30000237","E16000150","E07000240","26UGGQ","E00120551","26UGGQ","E65000001","E01023737","E02004940","5","7A2","E00120551","E01023737","E02004940","E33027470","E38000079","E63011552","C1","4A2",51.738036,-0.339184,"E37000048","","E23000027",12653,"E56000035","E54000025","E00120551","E01023737","E02004940"
"AL1 2LD","AL1  2LD","AL1 2LD","198001","","E10000015","E58000666","E07000240","E05013963","E43000290","0","514823","0205576","1","E18000006","E40000007","E92000001","E12000006","5","E14001507","E15000006","E24000005","E30000237","E16000150","E07000240","26UGGQ","E00120556","26UGGQ","E65000001","E01023739","E02004940","5","6B2","E00120556","E01023739","E02004940","E33027470","E38000079","E63011552","C1","4A1",51.737140,-0.338545,"E37000048","","E23000027",20533,"E56000035","E54000025","E00120556","E01023739","E02004940"
"AL1 2LE","AL1  2LE","AL1 2LE","198001","","E10000015","E58000666","E07000240","E05013963","E43000290","0","514748","0205601","1","E18000006","E40000007","E92000001","E12000006","5","E14001507","E15000006","E24000005","E30000237","E16000150","E07000240","26UGGQ","E00120556","26UGGQ","E65000001","E01023739","E02004940","5","6B2","E00120556","E01023739","E02004940","E33027470","E38000079","E63011552","C1","4A1",51.737385,-0.339599,"E37000048","","E23000027",20533,"E56000035","E54000025","E00120556","E01023739","E02004940"
"AL1 2LF","AL1  2LF","AL1 2LF","198001","","E10000015","E58000666","E07000240","E05013963","E43000290","0","514901","0205518","1","E18000006","E40000007","E92000001","E12000006","5","E14001507","E15000006","E24000005","E30000237","E16000150","E07000240","26UGGQ","E00120555","26UGGQ","E65000001","E01023738","E02004940","5","7A2","E00120555","E01023738","E02004940","E33027470","E38000079","E63011552","C1","4A3",51.736602,-0.337435,"E37000048","","E23000027",9980,"E56000035","E54000025","E00120555","E01023738","E02004940"
"AL1 2LG","AL1  2LG","AL1 2LG","198001","","E10000015","E58000666","E07000240","E05013963","E43000290","0","514797","0205405","1","E18000006","E40000007","E92000001","E12000006","5","E14001507","E15000006","E24000005","E30000237","E16000150","E07000240","26UGGQ","E00120556","26UGGQ","E65000001","E01023739","E02004940","5","6B2","E00120556","E01023739","E02004940","E33027470","E38000079","E63011552","C1","4A1",51.735614,-0.338954,"E37000048","","E23000027",20533,"E56000035","E54000025","E00120556","E01023739","E02004940"
"AL1 2LH","AL1  2LH","AL1 2LH","198001","","E10000015","E58000666","E07000240","E05013963","E43000290","0","514936","0205546","1","E18000006","E40000007","E92000001","E12000006","5","E14001507","E15000006","E24000005","E30000237","E16000150","E07000240","26UGGQ","E00120555","26UGGQ","E65000001","E01023738","E02004940","5","7A2","E00120555","E01023738","E02004940","E33027470","E38000079","E63011552","C1","4A3",51.736847,-0.336919,"E37000048","","E23000027",9980,"E56000035","E54000025","E00120555","E01023738","E02004940"
"AL1 2LJ","AL1  2LJ","AL1 2LJ","198001","","E10000015","E58000666","E07000240","E05013963","E43000290","0","514929","0205478","1","E18000006","E40000007","E92000001","E12000006","5","E14001507","E15000006","E24000005","E30000237","E16000150","E07000240","26UGGQ","E00120555","26UGGQ","E65000001","E01023738","E02004940","5","7A2","E00120555","E01023738","E02004940","E33027470","E38000079","E63011552","C1","4A3",51.736243,-0.337020,"E37000048","","E23000027",9980,"E56000035","E54000025","E00120555","E01023738","E02004940"
"AL1 2LL","AL1  2LL","AL1 2LL","198001","","E10000015","E58000666","E07000240","E05013963","E43000290","0","514963","0205424","1","E18000006","E40000007","E92000001","E12000006","5","E14001507","E15000006","E24000005","E30000237","E16000150","E07000240","26UGGQ","E00120556","26UGGQ","E65000001","E01023739","E02004940","5","6B2","E00120556","E01023739","E02004940","E33027470","E38000079","E63011552","C1","4A1",51.735745,-0.336569,"E37000048","","E23000027",20533,"E56000035","E54000025","E00120556","E01023739","E02004940"
"AL1 2LN","AL1  2LN","AL1 2LN","198001","","E10000015","E58000666","E07000240","E05013963","E43000290","0","514858","0205332","1","E18000006","E40000007","E92000001","E12000006","5","E14001507","E15000006","E24000005","E30000237","E16000150","E07000240","26UGGQ","E00120556","26UGGQ","E65000001","E01023739","E02004940","5","6B2","E00120556","E01023739","E02004940","E33027470","E38000079","E63011552","C1","4A1",51.734940,-0.338119,"E37000048","","E23000027",20533,"E56000035","E54000025","E00120556","E01023739","E02004940"
"AL1 2LP","AL1  2LP","AL1 2LP","198001","","E10000015","E58000666","E07000240","E05013963","E43000290","0","514731","0205287","1","E18000006","E40000007","E92000001","E12000006","5","E14001507","E15000006","E24000005","E30000237","E16000150","E07000240","26UGGQ","E00120556","26UGGQ","E65000001","E01023739","E02004940","5","6B2","E00120556","E01023739","E02004940","E33027470","E38000079","E63011552","C1","4A1",51.734561,-0.339972,"E37000048","","E23000027",20533,"E56000035","E54000025","E00120556","E01023739","E02004940"
"AL1 2LQ","AL1  2LQ","AL1 2LQ","198001","","E10000015","E58000666","E07000240","E05013963","E43000290","0","514762","0205422","1","E18000006","E40000007","E92000001","E12000006","5","E14001507","E15000006","E24000005","E30000237","E16000150","E07000240","26UGGQ","E00120556","26UGGQ","E65000001","E01023739","E02004940","5","6B2","E00120556","E01023739","E02004940","E33027470","E38000079","E63011552","C1","4A1",51.735768,-0.339479,"E37000048","","E23000027",20533,"E56000035","E54000025","E00120556","E01023739","E02004940"
"AL1 2LR","AL1  2LR","AL1 2LR","198001","","E10000015","E58000666","E07000240","E05013963","E43000290","0","515077","0205624","1","E18000006","E40000007","E92000001","E12000006","5","E14001507","E15000006","E24000005","E30000237","E16000150","E07000240","26UGGQ","E00120552","26UGGQ","E65000001","E01023738","E02004940","5","7A2","E00120552","E01023738","E02004940","E33027473","E38000079","E63011552","C1","4A3",51.737519,-0.334852,"E37000048","","E23000027",9980,"E56000035","E54000025","E00120552","E01023738","E02004940"
"AL1 2LS","AL1  2LS","AL1 2LS","198001","","E10000015","E58000666","E07000240","E05013963","E43000290","0","514998","0205592","1","E18000006","E40000007","E92000001","E12000006","5","E14001507","E15000006","E24000005","E30000237","E16000150","E07000240","26UGGQ","E00120555","26UGGQ","E65000001","E01023738","E02004940","5","7A2","E00120555","E01023738","E02004940","E33027470","E38000079","E63011552","C1","4A3",51.737248,-0.336007,"E37000048","","E23000027",9980,"E56000035","E54000025","E00120555","E01023738","E02004940"
"AL1 2LT","AL1  2LT","AL1 2LT","198001","","E10000015","E58000666","E07000240","E05013963","E43000290","0","514985","0205388","1","E18000006","E40000007","E92000001","E12000006","5","E14001507","E15000006","E24000005","E30000237","E16000150","E07000240","26UGGQ","E00120556","26UGGQ","E65000001","E01023739","E02004940","5","6B2","E00120556","E01023739","E02004940","E33027470","E38000079","E63011552","C1","4A1",51.735422,-0.336239,"E37000048","","E23000027",20533,"E56000035","E54000025","E00120556","E01023739","E02004940"
"AL1 2LU","AL1  2LU","AL1 2LU","198001","","E10000015","E58000666","E07000240","E05013963","E43000290","0","515028","0205376","1","E18000006","E40000007","E92000001","E12000006","5","E14001507","E15000006","E24000005","E30000237","E16000150","E07000240","26UGGQ","E00120552","26UGGQ","E65000001","E01023738","E02004940","5","7A2","E00120552","E01023738","E02004940","E33027473","E38000079","E63011552","C1","4A3",51.735306,-0.335620,"E37000048","","E23000027",9980,"E56000035","E54000025","E00120552","E01023738","E02004940"
"AL1 2LW","AL1  2LW","AL1 2LW","198001","","E10000015","E58000666","E07000240","E05013963","E43000290","0","514843","0205401","1","E18000006","E40000007","E92000001","E12000006","5","E14001507","E15000006","E24000005","E30000237","E16000150","E07000240","26UGGQ","E00120556","26UGGQ","E65000001","E01023739","E02004940","5","6B2","E00120556","E01023739","E02004940","E33027470","E38000079","E63011552","C1","4A1",51.735563,-0.338313,"E37000048","","E23000027",20533,"E56000035","E54000025","E00120556","E01023739","E02004940"
"AL1 2LX","AL1  2LX","AL1 2LX","198001","","E10000015","E58000666","E07000240","E05013963","E43000290","0","515035","0205426","1","E18000006","E40000007","E92000001","E12000006","5","E14001507","E15000006","E24000005","E30000237","E16000150","E07000240","26UGGQ","E00120552","26UGGQ","E65000001","E01023738","E02004940","5","7A2","E00120552","E01023738","E02004940","E33027473","E38000079","E63011552","C1","4A3",51.735754,-0.335502,"E37000048","","E23000027",9980,"E56000035","E54000025","E00120552","E01023738","E02004940"
"AL1 2LY","AL1  2LY","AL1 2LY","198001","","E10000015","E58000666","E07000240","E05013963","E43000290","0","515108","0205484","1","E18000006","E40000007","E92000001","E12000006","5","E14001507","E15000006","E24000005","E30000237","E16000150","E07000240","26UGGQ","E00120552","26UGGQ","E65000001","E01023738","E02004940","5","7A2","E00120552","E01023738","E02004940","E33027473","E38000079","E63011552","C1","4A3",51.736254,-0.334450,"E37000048","","E23000027",9980,"E56000035","E54000025","E00120552","E01023738","E02004940"
"AL1 2LZ","AL1  2LZ","AL1 2LZ","198001","","E10000015","E58000666","E07000240","E05013963","E43000290","0","515038","0205478","1","E18000006","E40000007","E92000001","E12000006","5","E14001507","E15000006","E24000005","E30000237","E16000150","E07000240","26UGGQ","E00120555","26UGGQ","E65000001","E01023738","E02004940","5","7A2","E00120555","E01023738","E02004940","E33027470","E38000079","E63011552","C1","4A3",51.736215,-0.335465,"E37000048","","E23000027",9980,"E56000035","E54000025","E00120555","E01023738","E02004940"
"AL1 2NA","AL1  2NA","AL1 2NA","198001","201507","E10000015","E58000666","E07000240","E05013963","E43000290","0","515066","0205523","1","E18000006","E40000007","E92000001","E12000006","5","E14001507","E15000006","E24000005","E30000237","E16000150","E07000240","26UGGQ","E00120555","26UGGQ","E65000001","E01023738","E02004940","5","7A2","E00120555","E01023738","E02004940","E33027470","E38000079","E63011552","C1","4A3",51.736614,-0.335045,"E37000048","","E23000027",9980,"E56000035","E54000025","E00120555","E01023738","E02004940"
"AL1 2NB","AL1  2NB","AL1 2NB","198001","200112","E10000015","E58000666","E07000240","E05013963","E43000290","0","514388","0206316","1","E18000006","E40000007","E92000001","E12000006","5","E14001507","E15000006","E24000005","E30000237","E16000150","E07000240","26UGGQ","E00120546","26UGGQ","E65000001","E01023737","E02004940","5","7A1","E00120546","E01023737","E02004940","E33024347","E38000079","E63011552","C1","4B1",51.743879,-0.344599,"E37000048","","E23000027",12653,"E56000035","E54000025","E00120546","E01023737","E02004940"
"AL1 2ND","AL1  2ND","AL1 2ND","198001","200111","E10000015","E58000666","E07000240","E05013963","E43000290","1","514408","0206295","1","E18000006","E40000007","E92000001","E12000006","5","E14001507","E15000006","E24000005","E30000237","E16000150","E07000240","26UGGQ","E00120546","26UGGQ","E65000001","E01023737","E02004940","5","7A1","E00120546","E01023737","E02004940","E33024347","E38000079","E63011552","C1","4B1",51.743686,-0.344316,"E37000048","","E23000027",12653,"E56000035","E54000025","E00120546","E01023737","E02004940"
"AL1 2NE","AL1  2NE","AL1 2NE","200112","","E10000015","E58000666","E07000240","E05013963","E43000290","0","514545","0205692","1","E18000006","E40000007","E92000001","E12000006","5","E14001507","E15000006","E24000005","E30000237","E16000150","E07000240","26UGGQ","E00120549","26UGGQ","E65000001","E01023739","E02004940","5","4D1","E00120549","E01023739","E02004940","E33027470","E38000079","E63011552","C1","4C3",51.738239,-0.342531,"E37000048","","E23000027",20533,"E56000035","E54000025","E00120549","E01023739","E02004940"
"AL1 2NF","AL1  2NF","AL1 2NF","198001","","E10000015","E58000666","E07000240","E05013963","E43000290","0","514477","0206096","1","E18000006","E40000007","E92000001","E12000006","5","E14001507","E15000006","E24000005","E30000237","E16000150","E07000240","26UGGQ","E00120546","26UGGQ","E65000001","E01023737","E02004940","5","7A1","E00120546","E01023737","E02004940","E33024347","E38000079","E63011552","C1","4B1",51.741884,-0.343383,"E37000048","","E23000027",12653,"E56000035","E54000025","E00120546","E01023737","E02004940"
"AL1 2NG","AL1  2NG","AL1 2NG","198001","","E10000015","E58000666","E07000240","E05013963","E43000290","0","514442","0206065","1","E18000006","E40000007","E92000001","E12000006","5","E14001507","E15000006","E24000005","E30000237","E16000150","E07000240","26UGGQ","E00120546","26UGGQ","E65000001","E01023737","E02004940","5","7A1","E00120546","E01023737","E02004940","E33024347","E38000079","E63011552","C1","4B1",51.741612,-0.343900,"E37000048","","E23000027",12653,"E56000035","E54000025","E00120546","E01023737","E02004940"
"AL1 2NH","AL1  2NH","AL1 2NH","198001","","E10000015","E58000666","E07000240","E05013963","E43000290","0","514446","0205874","1","E18000006","E40000007","E92000001","E12000006","5","E14001507","E15000006","E24000005","E30000237","E16000150","E07000240","26UGGQ","E00120549","26UGGQ","E65000001","E01023739","E02004940","5","4D1","E00120549","E01023739","E02004940","E33027470","E38000079","E63011552","C1","4C3",51.739895,-0.343904,"E37000048","","E23000027",20533,"E56000035","E54000025","E00120549","E01023739","E02004940"
"AL1 2NJ","AL1  2NJ","AL1 2NJ","198001","","E10000015","E58000666","E07000240","E05013963","E43000290","0","514531","0205751","1","E18000006","E40000007","E92000001","E12000006","5","E14001507","E15000006","E24000005","E30000237","E16000150","E07000240","26UGGQ","E00120549","26UGGQ","E65000001","E01023739","E02004940","5","4D1","E00120549","E01023739","E02004940","E33027470","E38000079","E63011552","C1","4C3",51.738772,-0.342714,"E37000048","","E23000027",20533,"E56000035","E54000025","E00120549","E01023739","E02004940"
"AL1 2NL","AL1  2NL","AL1 2NL","198001","","E10000015","E58000666","E07000240","E05013963","E43000290","0","514661","0205608","1","E18000006","E40000007","E92000001","E12000006","5","E14001507","E15000006","E24000005","E30000237","E16000150","E07000240","26UGGQ","E00120551","26UGGQ","E65000001","E01023737","E02004940","5","7A2","E00120551","E01023737","E02004940","E33027470","E38000079","E63011552","C1","4A2",51.737460,-0.340880,"E37000048","","E23000027",12653,"E56000035","E54000025","E00120551","E01023737","E02004940"
"AL1 2NN","AL1  2NN","AL1 2NN","198001","","E10000015","E58000666","E07000240","E05013963","E43000290","0","514611","0205641","1","E18000006","E40000007","E92000001","E12000006","5","E14001507","E15000006","E24000005","E30000237","E16000150","E07000240","26UGGQ","E00120551","26UGGQ","E65000001","E01023737","E02004940","5","7A2","E00120551","E01023737","E02004940","E33027470","E38000079","E63011552","C1","4A2",51.737767,-0.341592,"E37000048","","E23000027",12653,"E56000035","E54000025","E00120551","E01023737","E02004940"
"AL1 2NP","AL1  2NP","AL1 2NP","198510","","E10000015","E58000666","E07000240","E05013963","E43000290","0","514566","0205396","1","E18000006","E40000007","E92000001","E12000006","5","E14001507","E15000006","E24000005","E30000237","E16000150","E07000240","26UGGQ","E00120557","26UGGQ","E65000001","E01023739","E02004940","5","5B3","E00120557","E01023739","E02004940","E33027470","E38000079","E63011552","C1","7A2",51.735574,-0.342324,"E37000048","","E23000027",20533,"E56000035","E54000025","E00120557","E01023739","E02004940"
"AL1 2NQ","AL1  2NQ","AL1 2NQ","198001","","E10000015","E58000666","E07000240","E05013963","E43000290","0","514543","0205798","1","E18000006","E40000007","E92000001","E12000006","5","E14001507","E15000006","E24000005","E30000237","E16000150","E07000240","26UGGQ","E00120549","26UGGQ","E65000001","E01023739","E02004940","5","4D1","E00120549","E01023739","E02004940","E33027470","E38000079","E63011552","C1","4C3",51.739192,-0.342525,"E37000048","","E23000027",20533,"E56000035","E54000025","E00120549","E01023739","E02004940"
"AL1 2NR","AL1  2NR","AL1 2NR","200206","","E10000015","E58000666","E07000240","E05013963","E43000290","0","514717","0205321","1","E18000006","E40000007","E92000001","E12000006","5","E14001507","E15000006","E24000005","E30000237","E16000150","E07000240","26UGGQ","E00120556","26UGGQ","E65000001","E01023739","E02004940","5","6B2","E00120556","E01023739","E02004940","E33027470","E38000079","E63011552","C1","4A1",51.734870,-0.340163,"E37000048","","E23000027",20533,"E56000035","E54000025","E00120556","E01023739","E02004940"
"AL1 2NS","AL1  2NS","AL1 2NS","198001","","E10000015","E58000666","E07000240","E05013963","E43000290","0","514536","0205515","1","E18000006","E40000007","E92000001","E12000006","5","E14001507","E15000006","E24000005","E30000237","E16000150","E07000240","26UGGQ","E00120557","26UGGQ","E65000001","E01023739","E02004940","5","5B3","E00120557","E01023739","E02004940","E33027470","E38000079","E63011552","C1","7A2",51.736650,-0.342720,"E37000048","","E23000027",20533,"E56000035","E54000025","E00120557","E01023739","E02004940"
"AL1 2NT","AL1  2NT","AL1 2NT","198001","","E10000015","E58000666","E07000240","E05013963","E43000290","0","514503","0205467","1","E18000006","E40000007","E92000001","E12000006","5","E14001507","E15000006","E24000005","E30000237","E16000150","E07000240","26UGGQ","E00120554","26UGGQ","E65000001","E01023739","E02004940","5","1C3","E00120554","E01023739","E02004940","E33027470","E38000079","E63011552","C1","4A1",51.736225,-0.343213,"E37000048","","E23000027",20533,"E56000035","E54000025","E00120554","E01023739","E02004940"
"AL1 2NU","AL1  2NU","AL1 2NU","198001","","E10000015","E58000666","E07000240","E05013963","E43000290","0","514595","0205340","1","E18000006","E40000007","E92000001","E12000006","5","E14001507","E15000006","E24000005","E30000237","E16000150","E07000240","26UGGQ","E00120557","26UGGQ","E65000001","E01023739","E02004940","5","5B3","E00120557","E01023739","E02004940","E33027470","E38000079","E63011552","C1","7A2",51.735065,-0.341923,"E37000048","","E23000027",20533,"E56000035","E54000025","E00120557","E01023739","E02004940"
"AL1 2NW","AL1  2NW","AL1 2NW","198001","","E10000015","E58000666","E07000240","E05013963","E43000290","0","514550","0205592","1","E18000006","E40000007","E92000001","E12000006","5","E14001507","E15000006","E24000005","E30000237","E16000150","E07000240","26UGGQ","E00120557","26UGGQ","E65000001","E01023739","E02004940","5","5B3","E00120557","E01023739","E02004940","E33027470","E38000079","E63011552","C1","7A2",51.737339,-0.342492,"E37000048","","E23000027",20533,"E56000035","E54000025","E00120557","E01023739","E02004940"
"AL1 2NX","AL1  2NX","AL1 2NX","198001","","E10000015","E58000666","E07000240","E05013963","E43000290","0","514502","0205213","1","E18000006","E40000007","E92000001","E12000006","5","E14001507","E15000006","E24000005","E30000237","E16000150","E07000240","26UGGQ","E00120557","26UGGQ","E65000001","E01023739","E02004940","5","5B3","E00120557","E01023739","E02004940","E33027470","E38000079","E63011552","C1","7A2",51.733943,-0.343311,"E37000048","","E23000027",20533,"E56000035","E54000025","E00120557","E01023739","E02004940"
"AL1 2NY","AL1  2NY","AL1 2NY","198001","","E10000015","E58000666","E07000240","E05013963","E43000290","0","514479","0205290","1","E18000006","E40000007","E92000001","E12000006","5","E14001507","E15000006","E24000005","E30000237","E16000150","E07000240","26UGGQ","E00120554","26UGGQ","E65000001","E01023739","E02004940","5","1C3","E00120554","E01023739","E02004940","E33027470","E38000079","E63011552","C1","4A1",51.734640,-0.343619,"E37000048","","E23000027",20533,"E56000035","E54000025","E00120554","E01023739","E02004940"
"AL1 2NZ","AL1  2NZ","AL1 2NZ","198001","","E10000015","E58000666","E07000240","E05013963","E43000290","0","514483","0205356","1","E18000006","E40000007","E92000001","E12000006","5","E14001507","E15000006","E24000005","E30000237","E16000150","E07000240","26UGGQ","E00120554","26UGGQ","E65000001","E01023739","E02004940","5","1C3","E00120554","E01023739","E02004940","E33027470","E38000079","E63011552","C1","4A1",51.735232,-0.343539,"E37000048","","E23000027",20533,"E56000035","E54000025","E00120554","E01023739","E02004940"
"AL1 2PA","AL1  2PA","AL1 2PA","198001","","E10000015","E58000666","E07000240","E05013963","E43000290","0","514440","0205495","1","E18000006","E40000007","E92000001","E12000006","5","E14001507","E15000006","E24000005","E30000237","E16000150","E07000240","26UGGQ","E00120554","26UGGQ","E65000001","E01023739","E02004940","5","1C3","E00120554","E01023739","E02004940","E33027470","E38000079","E63011552","C1","4A1",51.736490,-0.344116,"E37000048","","E23000027",20533,"E56000035","E54000025","E00120554","E01023739","E02004940"
"AL1 2PB","AL1  2PB","AL1 2PB","198001","","E10000015","E58000666","E07000240","E05013963","E43000290","0","514457","0205647","1","E18000006","E40000007","E92000001","E12000006","5","E14001507","E15000006","E24000005","E30000237","E16000150","E07000240","26UGGQ","E00120549","26UGGQ","E65000001","E01023739","E02004940","5","4D1","E00120549","E01023739","E02004940","E33027470","E38000079","E63011552","C1","4C3",51.737858,-0.343797,"E37000048","","E23000027",20533,"E56000035","E54000025","E00120549","E01023739","E02004940"
"AL1 2PD","AL1  2PD","AL1 2PD","198001","","E10000015","E58000666","E07000240","E05013963","E43000290","0","514400","0205700","1","E18000006","E40000007","E92000001","E12000006","5","E14001507","E15000006","E24000005","E30000237","E16000150","E07000240","26UGGQ","E00120549","26UGGQ","E65000001","E01023739","E02004940","5","4D1","E00120549","E01023739","E02004940","E33027470","E38000079","E63011552","C1","4C3",51.738340,-0.344627,"E37000048","","E23000027",20533,"E56000035","E54000025","E00120549","E01023739","E02004940"
"AL1 2PE","AL1  2PE","AL1 2PE","198001","","E10000015","E58000666","E07000240","E05013963","E43000290","0","514358","0205630","1","E18000006","E40000007","E92000001","E12000006","5","E14001507","E15000006","E24000005","E30000237","E16000150","E07000240","26UGGQ","E00120554","26UGGQ","E65000001","E01023739","E02004940","5","1C3","E00120554","E01023739","E02004940","E33027470","E38000079","E63011552","C1","4A1",51.737725,-0.345235,"E37000048","","E23000027",20533,"E56000035","E54000025","E00120554","E01023739","E02004940"
"AL1 2PF","AL1  2PF","AL1 2PF","198001","","E10000015","E58000666","E07000240","E05013963","E43000290","0","514363","0205761","1","E18000006","E40000007","E92000001","E12000006","5","E14001507","E15000006","E24000005","E30000237","E16000150","E07000240","26UGGQ","E00120549","26UGGQ","E65000001","E01023739","E02004940","5","4D1","E00120549","E01023739","E02004940","E33027470","E38000079","E63011552","C1","4C3",51.738902,-0.345120,"E37000048","","E23000027",20533,"E56000035","E54000025","E00120549","E01023739","E02004940"
"AL1 2PG","AL1  2PG","AL1 2PG","198001","","E10000015","E58000666","E07000240","E05013963","E43000290","0","514409","0205748","1","E18000006","E40000007","E92000001","E12000006","5","E14001507","E15000006","E24000005","E30000237","E16000150","E07000240","26UGGQ","E00120549","26UGGQ","E65000001","E01023739","E02004940","5","4D1","E00120549","E01023739","E02004940","E33027470","E38000079","E63011552","C1","4C3",51.738770,-0.344481,"E37000048","","E23000027",20533,"E56000035","E54000025","E00120549","E01023739","E02004940"
"AL1 2PH","AL1  2PH","AL1 2PH","198001","","E10000015","E58000666","E07000240","E05013963","E43000290","0","514361","0206120","1","E18000006","E40000007","E92000001","E12000006","5","E14001507","E15000006","E24000005","E30000237","E16000150","E07000240","26UGGQ","E00120546","26UGGQ","E65000001","E01023737","E02004940","5","7A1","E00120546","E01023737","E02004940","E33024347","E38000079","E63011552","C1","4B1",51.742123,-0.345054,"E37000048","","E23000027",12653,"E56000035","E54000025","E00120546","E01023737","E02004940"
"AL1 2PJ","AL1  2PJ","AL1 2PJ","198001","","E10000015","E58000666","E07000240","E05013963","E43000290","0","514394","0206077","1","E18000006","E40000007","E92000001","E12000006","5","E14001507","E15000006","E24000005","E30000237","E16000150","E07000240","26UGGQ","E00120546","26UGGQ","E65000001","E01023737","E02004940","5","7A1","E00120546","E01023737","E02004940","E33024347","E38000079","E63011552","C1","4B1",51.741730,-0.344590,"E37000048","","E23000027",12653,"E56000035","E54000025","E00120546","E01023737","E02004940"
"AL1 2PL","AL1  2PL","AL1 2PL","200206","202405","E10000015","E58000666","E07000240","E05013963","E43000290","0","515043","0205808","1","E18000006","E40000007","E92000001","E12000006","5","E14001507","E15000006","E24000005","E30000237","E16000150","E07000240","26UGGQ","E00120550","26UGGQ","E65000001","E01023738","E02004940","5","7B1","E00120550","E01023738","E02004940","E33027471","E38000079","E63011552","C1","4A3",51.739185,-0.335261,"E37000048","","E23000027",9980,"E56000035","E54000025","E00120550","E01023738","E02004940"
"AL1 2PN","AL1  2PN","AL1 2PN","198001","","E10000015","E58000666","E07000240","E05013963","E43000290","0","514464","0205568","1","E18000006","E40000007","E92000001","E12000006","5","E14001507","E15000006","E24000005","E30000237","E16000150","E07000240","26UGGQ","E00120557","26UGGQ","E65000001","E01023739","E02004940","5","5B3","E00120557","E01023739","E02004940","E33027470","E38000079","E63011552","C1","7A2",51.737147,-0.343721,"E37000048","","E23000027",20533,"E56000035","E54000025","E00120557","E01023739","E02004940"
"AL1 2PP","AL1  2PP","AL1 2PP","198106","","E10000015","E58000666","E07000240","E05013963","E43000290","0","514288","0205787","1","E18000006","E40000007","E92000001","E12000006","5","E14001507","E15000006","E24000005","E30000237","E16000150","E07000240","26UGGQ","E00120548","26UGGQ","E65000001","E01023737","E02004940","5","7B1","E00120548","E01023737","E02004940","E33027470","E38000079","E63011552","C1","3D2",51.739145,-0.346220,"E37000048","","E23000027",12653,"E56000035","E54000025","E00120548","E01023737","E02004940"
"AL1 2PQ","AL1  2PQ","AL1 2PQ","198001","","E10000015","E58000666","E07000240","E05013963","E43000290","0","514407","0205865","1","E18000006","E40000007","E92000001","E12000006","5","E14001507","E15000006","E24000005","E30000237","E16000150","E07000240","26UGGQ","E00120549","26UGGQ","E65000001","E01023739","E02004940","5","4D1","E00120549","E01023739","E02004940","E33027470","E38000079","E63011552","C1","4C3",51.739822,-0.344472,"E37000048","","E23000027",20533,"E56000035","E54000025","E00120549","E01023739","E02004940"
"AL1 2PS","AL1  2PS","AL1 2PS","201812","202110","E10000015","E58000666","E07000240","E05013963","E43000290","0","514536","0206365","1","E18000006","E40000007","E92000001","E12000006","5","E14001507","E15000006","E24000005","E30000237","E16000150","E07000240","26UGGQ","E00120545","26UGGQ","E65000001","E01023740","E02004940","5","2B2","E00120545","E01023740","E02004940","E33024346","E38000079","E63011552","C1","5A3",51.744295,-0.342417,"E37000048","","E23000027",27694,"E56000035","E54000025","E00120545","E01023740","E02004940"
"AL1 2PT","AL1  2PT","AL1 2PT","198001","","E10000015","E58000666","E07000240","E05013966","E43000290","0","514087","0206046","1","E18000006","E40000007","E92000001","E12000006","5","E14001507","E15000006","E24000005","E30000237","E16000150","E07000240","26UGGR","E00120578","26UGGR","E65000001","E01023744","E02004937","5","4D2","E00120578","E01023744","E02004937","E33027456","E38000079","E63011552","C1","6A4",51.741514,-0.349045,"E37000048","","E23000027",31807,"E56000035","E54000025","E00120578","E01023744","E02004937"
"AL1 2PU","AL1  2PU","AL1 2PU","198001","","E10000015","E58000666","E07000240","E05013963","E43000290","0","514184","0205942","1","E18000006","E40000007","E92000001","E12000006","5","E14001507","E15000006","E24000005","E30000237","E16000150","E07000240","26UGGQ","E00120548","26UGGQ","E65000001","E01023737","E02004940","5","7B1","E00120548","E01023737","E02004940","E33027470","E38000079","E63011552","C1","3D2",51.740559,-0.347675,"E37000048","","E23000027",12653,"E56000035","E54000025","E00120548","E01023737","E02004940"
"AL1 2PW","AL1  2PW","AL1 2PW","198001","","E10000015","E58000666","E07000240","E05013963","E43000290","0","514502","0205578","1","E18000006","E40000007","E92000001","E12000006","5","E14001507","E15000006","E24000005","E30000237","E16000150","E07000240","26UGGQ","E00120557","26UGGQ","E65000001","E01023739","E02004940","5","5B3","E00120557","E01023739","E02004940","E33027470","E38000079","E63011552","C1","7A2",51.737223,-0.343191,"E37000048","","E23000027",20533,"E56000035","E54000025","E00120557","E01023739","E02004940"
"AL1 2PX","AL1  2PX","AL1 2PX","198001","","E10000015","E58000666","E07000240","E05013966","E43000290","0","514132","0205882","1","E18000006","E40000007","E92000001","E12000006","5","E14001507","E15000006","E24000005","E30000237","E16000150","E07000240","26UGGR","E00120578","26UGGR","E65000001","E01023744","E02004937","5","4D2","E00120578","E01023744","E02004937","E33027456","E38000079","E63011552","C1","6A4",51.740036,-0.348424,"E37000048","","E23000027",31807,"E56000035","E54000025","E00120578","E01023744","E02004937"
"AL1 2PY","AL1  2PY","AL1 2PY","198001","","E10000015","E58000666","E07000240","E05013963","E43000290","0","514246","0205728","1","E18000006","E40000007","E92000001","E12000006","5","E14001507","E15000006","E24000005","E30000237","E16000150","E07000240","26UGGQ","E00120549","26UGGQ","E65000001","E01023739","E02004940","5","4D1","E00120549","E01023739","E02004940","E33027470","E38000079","E63011552","C1","4C3",51.738623,-0.346848,"E37000048","","E23000027",20533,"E56000035","E54000025","E00120549","E01023739","E02004940"
"AL1 2PZ","AL1  2PZ","AL1 2PZ","200106","200210","E10000015","E58000664","E07000240","E05013956","E43000290","1","517328","0206823","1","E18000006","E40000007","E92000001","E12000006","5","E14001507","E15000006","E24000005","E30000237","E16000150","E07000240","26UGFX","E00120196","26UGFX","E65000001","E01023667","E02004936","5","6D1","E00120196","E01023667","E02004936","E33027453","E38000079","E63011552","C1","5A2",51.747828,-0.301865,"E37000048","","E23000027",30628,"E56000035","E54000025","E00120196","E01023667","E02004936"
"AL1 2QA","AL1  2QA","AL1 2QA","198001","","E10000015","E58000666","E07000240","E05013966","E43000290","1","514062","0205732","1","E18000006","E40000007","E92000001","E12000006","5","E14001507","E15000006","E24000005","E30000237","E16000150","E07000240","26UGGR","E00120578","26UGGR","E65000001","E01023744","E02004937","5","4D2","E00120578","E01023744","E02004937","E33027456","E38000079","E63011552","C1","6A4",51.738697,-0.349510,"E37000048","","E23000027",31807,"E56000035","E54000025","E00120578","E01023744","E02004937"
"AL1 2QB","AL1  2QB","AL1 2QB","198001","","E10000015","E58000666","E07000240","E05013966","E43000290","0","514190","0205709","1","E18000006","E40000007","E92000001","E12000006","5","E14001507","E15000006","E24000005","E30000237","E16000150","E07000240","26UGGR","E00120578","26UGGR","E65000001","E01023744","E02004937","5","4D2","E00120578","E01023744","E02004937","E33027456","E38000079","E63011552","C1","6A4",51.738464,-0.347664,"E37000048","","E23000027",31807,"E56000035","E54000025","E00120578","E01023744","E02004937"
"AL1 2QD","AL1  2QD","AL1 2QD","198001","","E10000015","E58000666","E07000240","E05013966","E43000290","0","514109","0205585","1","E18000006","E40000007","E92000001","E12000006","5","E14001507","E15000006","E24000005","E30000237","E16000150","E07000240","26UGGR","E00120578","26UGGR","E65000001","E01023744","E02004937","5","4D2","E00120578","E01023744","E02004937","E33027456","E38000079","E63011552","C1","6A4",51.737366,-0.348878,"E37000048","","E23000027",31807,"E56000035","E54000025","E00120578","E01023744","E02004937"
"AL1 2QE","AL1  2QE","AL1 2QE","198001","","E10000015","E58000666","E07000240","E05013966","E43000290","0","514238","0205576","1","E18000006","E40000007","E92000001","E12000006","5","E14001507","E15000006","E24000005","E30000237","E16000150","E07000240","26UGGR","E00120578","26UGGR","E65000001","E01023744","E02004937","5","4D2","E00120578","E01023744","E02004937","E33027456","E38000079","E63011552","C1","6A4",51.737259,-0.347013,"E37000048","","E23000027",31807,"E56000035","E54000025","E00120578","E01023744","E02004937"
"AL1 2QF","AL1  2QF","AL1 2QF","198001","","E10000015","E58000666","E07000240","E05013963","E43000290","0","514375","0205435","1","E18000006","E40000007","E92000001","E12000006","5","E14001507","E15000006","E24000005","E30000237","E16000150","E07000240","26UGGQ","E00120554","26UGGQ","E65000001","E01023739","E02004940","5","1C3","E00120554","E01023739","E02004940","E33027470","E38000079","E63011552","C1","4A1",51.735964,-0.345076,"E37000048","","E23000027",20533,"E56000035","E54000025","E00120554","E01023739","E02004940"
"AL1 2QG","AL1  2QG","AL1 2QG","198001","","E10000015","E58000666","E07000240","E05013966","E43000290","0","514279","0205442","1","E18000006","E40000007","E92000001","E12000006","5","E14001507","E15000006","E24000005","E30000237","E16000150","E07000240","26UGGR","E00120580","26UGGR","E65000001","E01023744","E02004937","5","4B1","E00120580","E01023744","E02004937","E33027456","E38000079","E63011552","C1","6A1",51.736046,-0.346464,"E37000048","","E23000027",31807,"E56000035","E54000025","E00120580","E01023744","E02004937"
"AL1 2QH","AL1  2QH","AL1 2QH","198001","","E10000015","E58000666","E07000240","E05013966","E43000290","0","514241","0205383","1","E18000006","E40000007","E92000001","E12000006","5","E14001507","E15000006","E24000005","E30000237","E16000150","E07000240","26UGGR","E00120580","26UGGR","E65000001","E01023744","E02004937","5","4B1","E00120580","E01023744","E02004937","E33027456","E38000079","E63011552","C1","6A1",51.735524,-0.347033,"E37000048","","E23000027",31807,"E56000035","E54000025","E00120580","E01023744","E02004937"
"AL1 2QJ","AL1  2QJ","AL1 2QJ","198001","","E10000015","E58000666","E07000240","E05013966","E43000290","0","514150","0205285","1","E18000006","E40000007","E92000001","E12000006","5","E14001507","E15000006","E24000005","E30000237","E16000150","E07000240","26UGGR","E00120580","26UGGR","E65000001","E01023744","E02004937","5","4B1","E00120580","E01023744","E02004937","E33027456","E38000079","E63011552","C1","6A1",51.734667,-0.348359,"E37000048","","E23000027",31807,"E56000035","E54000025","E00120580","E01023744","E02004937"
"AL1 2QL","AL1  2QL","AL1 2QL","198001","","E10000015","E58000666","E07000240","E05013966","E43000290","0","514240","0205212","1","E18000006","E40000007","E92000001","E12000006","5","E14001507","E15000006","E24000005","E30000237","E16000150","E07000240","26UGGR","E00120580","26UGGR","E65000001","E01023744","E02004937","5","4B1","E00120580","E01023744","E02004937","E33027456","E38000079","E63011552","C1","6A1",51.733993,-0.347080,"E37000048","","E23000027",31807,"E56000035","E54000025","E00120580","E01023744","E02004937"
"AL1 2QN","AL1  2QN","AL1 2QN","198001","","E10000015","E58000666","E07000240","E05013966","E43000290","0","514063","0205270","1","E18000006","E40000007","E92000001","E12000006","5","E14001507","E15000006","E24000005","E30000237","E16000150","E07000240","26UGGR","E00120580","26UGGR","E65000001","E01023744","E02004937","5","4B1","E00120580","E01023744","E02004937","E33027456","E38000079","E63011552","C1","6A1",51.734545,-0.349647,"E37000048","","E23000027",31807,"E56000035","E54000025","E00120580","E01023744","E02004937"
"AL1 2QP","AL1  2QP","AL1 2QP","198001","","E10000015","E58000666","E07000240","E05013966","E43000290","0","514103","0205451","1","E18000006","E40000007","E92000001","E12000006","5","E14001507","E15000006","E24000005","E30000237","E16000150","E07000240","26UGGR","E00120578","26UGGR","E65000001","E01023744","E02004937","5","4D2","E00120578","E01023744","E02004937","E33027456","E38000079","E63011552","C1","6A4",51.736163,-0.349008,"E37000048","","E23000027",31807,"E56000035","E54000025","E00120578","E01023744","E02004937"
"AL1 2QQ","AL1  2QQ","AL1 2QQ","198001","","E10000015","E58000666","E07000240","E05013966","E43000290","0","514229","0205510","1","E18000006","E40000007","E92000001","E12000006","5","E14001507","E15000006","E24000005","E30000237","E16000150","E07000240","26UGGR","E00120580","26UGGR","E65000001","E01023744","E02004937","5","4B1","E00120580","E01023744","E02004937","E33027456","E38000079","E63011552","C1","6A1",51.736668,-0.347165,"E37000048","","E23000027",31807,"E56000035","E54000025","E00120580","E01023744","E02004937"
"AL1 2QR","AL1  2QR","AL1 2QR","198001","","E10000015","E58000666","E07000240","E05013966","E43000290","0","513880","0205369","1","E18000006","E40000007","E92000001","E12000006","5","E14001507","E15000006","E24000005","E30000237","E16000150","E07000240","26UGGR","E00120577","26UGGR","E65000001","E01023744","E02004937","5","4B3","E00120577","E01023744","E02004937","E33027459","E38000079","E63011552","C1","6A3",51.735471,-0.352263,"E37000048","","E23000027",31807,"E56000035","E54000025","E00120577","E01023744","E02004937"
"AL1 2QS","AL1  2QS","AL1 2QS","198704","","E10000015","E58000666","E07000240","E05013963","E43000290","0","514310","0206081","1","E18000006","E40000007","E92000001","E12000006","5","E14001507","E15000006","E24000005","E30000237","E16000150","E07000240","26UGGQ","E00120548","26UGGQ","E65000001","E01023737","E02004940","5","7B1","E00120548","E01023737","E02004940","E33027470","E38000079","E63011552","C1","3D2",51.741783,-0.345805,"E37000048","","E23000027",12653,"E56000035","E54000025","E00120548","E01023737","E02004940"
"AL1 2QT","AL1  2QT","AL1 2QT","198704","","E10000015","E58000666","E07000240","E05013963","E43000290","0","514335","0206194","1","E18000006","E40000007","E92000001","E12000006","5","E14001507","E15000006","E24000005","E30000237","E16000150","E07000240","26UGGQ","E00120548","26UGGQ","E65000001","E01023737","E02004940","5","7B1","E00120548","E01023737","E02004940","E33027470","E38000079","E63011552","C1","3D2",51.742793,-0.345406,"E37000048","","E23000027",12653,"E56000035","E54000025","E00120548","E01023737","E02004940"
"AL1 2QU","AL1  2QU","AL1 2QU","199002","","E10000015","E58000666","E07000240","E05013963","E43000290","0","514546","0206356","1","E18000006","E40000007","E92000001","E12000006","5","E14001507","E15000006","E24000005","E30000237","E16000150","E07000240","26UGGQ","E00120545","26UGGQ","E65000001","E01023740","E02004940","5","2B2","E00120545","E01023740","E02004940","E33024346","E38000079","E63011552","C1","5A3",51.744212,-0.342275,"E37000048","","E23000027",27694,"E56000035","E54000025","E00120545","E01023740","E02004940"
"AL1 2QW","AL1  2QW","AL1 2QW","198001","","E10000015","E58000666","E07000240","E05013966","E43000290","0","514136","0205409","1","E18000006","E40000007","E92000001","E12000006","5","E14001507","E15000006","E24000005","E30000237","E16000150","E07000240","26UGGR","E00120580","26UGGR","E65000001","E01023744","E02004937","5","4B1","E00120580","E01023744","E02004937","E33027456","E38000079","E63011552","C1","6A1",51.735779,-0.348544,"E37000048","","E23000027",31807,"E56000035","E54000025","E00120580","E01023744","E02004937"
"AL1 2QX","AL1  2QX","AL1 2QX","199208","200403","E10000015","E58000666","E07000240","E05013963","E43000290","1","514701","0206004","1","E18000006","E40000007","E92000001","E12000006","5","E14001507","E15000006","E24000005","E30000237","E16000150","E07000240","26UGGQ","E00120540","26UGGQ","E65000001","E01023737","E02004940","5","5B3","E00120540","E01023737","E02004940","E33027471","E38000079","E63011552","C1","4A1",51.741011,-0.340170,"E37000048","","E23000027",12653,"E56000035","E54000025","E00120540","E01023737","E02004940"
"AL1 2QY","AL1  2QY","AL1 2QY","199712","","E10000015","E58000666","E07000240","E05013966","E43000290","0","514146","0205591","1","E18000006","E40000007","E92000001","E12000006","5","E14001507","E15000006","E24000005","E30000237","E16000150","E07000240","26UGGR","E00120578","26UGGR","E65000001","E01023744","E02004937","5","4D2","E00120578","E01023744","E02004937","E33027456","E38000079","E63011552","C1","6A4",51.737413,-0.348340,"E37000048","","E23000027",31807,"E56000035","E54000025","E00120578","E01023744","E02004937"
"AL1 2QZ","AL1  2QZ","AL1 2QZ","200402","201802","E10000015","E58000666","E07000240","E05013963","E43000290","0","514700","0206004","1","E18000006","E40000007","E92000001","E12000006","5","E14001507","E15000006","E24000005","E30000237","E16000150","E07000240","26UGGQ","E00120540","26UGGQ","E65000001","E01023737","E02004940","5","5B3","E00120540","E01023737","E02004940","E33027471","E38000079","E63011552","C1","4A1",51.741017,-0.340161,"E37000048","","E23000027",12653,"E56000035","E54000025","E00120540","E01023737","E02004940"
"AL1 2RA","AL1  2RA","AL1 2RA","198510","","E10000015","E58000666","E07000240","E05013963","E43000290","0","514650","0205309","1","E18000006","E40000007","E92000001","E12000006","5","E14001507","E15000006","E24000005","E30000237","E16000150","E07000240","26UGGQ","E00120557","26UGGQ","E65000001","E01023739","E02004940","5","5B3","E00120557","E01023739","E02004940","E33027470","E38000079","E63011552","C1","7A2",51.734775,-0.341137,"E37000048","","E23000027",20533,"E56000035","E54000025","E00120557","E01023739","E02004940"
"AL1 2RB","AL1  2RB","AL1 2RB","198510","","E10000015","E58000666","E07000240","E05013963","E43000290","0","514677","0205318","1","E18000006","E40000007","E92000001","E12000006","5","E14001507","E15000006","E24000005","E30000237","E16000150","E07000240","26UGGQ","E00120556","26UGGQ","E65000001","E01023739","E02004940","5","6B2","E00120556","E01023739","E02004940","E33027470","E38000079","E63011552","C1","4A1",51.734851,-0.340743,"E37000048","","E23000027",20533,"E56000035","E54000025","E00120556","E01023739","E02004940"
"AL1 2RD","AL1  2RD","AL1 2RD","200309","","E10000015","E58000666","E07000240","E05013963","E43000290","0","514461","0206274","1","E18000006","E40000007","E92000001","E12000006","5","E14001507","E15000006","E24000005","E30000237","E16000150","E07000240","26UGGQ","E00120546","26UGGQ","E65000001","E01023737","E02004940","5","7A1","E00120546","E01023737","E02004940","E33024347","E38000079","E63011552","C1","4B1",51.743492,-0.343533,"E37000048","","E23000027",12653,"E56000035","E54000025","E00120546","E01023737","E02004940"
"AL1 2RE","AL1  2RE","AL1 2RE","200209","","E10000015","E58000666","E07000240","E05013963","E43000290","1","514409","0206305","1","E18000006","E40000007","E92000001","E12000006","5","E14001507","E15000006","E24000005","E30000237","E16000150","E07000240","26UGGQ","E00120546","26UGGQ","E65000001","E01023737","E02004940","5","7A1","E00120546","E01023737","E02004940","E33024347","E38000079","E63011552","C1","4B1",51.743776,-0.344298,"E37000048","","E23000027",12653,"E56000035","E54000025","E00120546","E01023737","E02004940"
"AL1 2RF","AL1  2RF","AL1 2RF","200401","200702","E10000015","E58000666","E07000240","E05013963","E43000290","0","514411","0206304","1","E18000006","E40000007","E92000001","E12000006","5","E14001507","E15000006","E24000005","E30000237","E16000150","E07000240","26UGGQ","E00120546","26UGGQ","E65000001","E01023737","E02004940","5","7A1","E00120546","E01023737","E02004940","E33024347","E38000079","E63011552","C1","4B1",51.743767,-0.344270,"E37000048","","E23000027",12653,"E56000035","E54000025","E00120546","E01023737","E02004940"
"AL1 2RG","AL1  2RG","AL1 2RG","199301","200104","E10000015","E58000666","E07000240","E05013963","E43000290","1","514701","0205799","6","E18000006","E40000007","E92000001","E12000006","5","E14001507","E15000006","E24000005","E30000237","E16000150","E07000240","26UGGQ","E00120540","26UGGQ","E65000001","E01023737","E02004940","5","5B3","E00120540","E01023737","E02004940","E33027471","E38000079","E63011552","C1","4A1",51.739169,-0.340238,"E37000048","","E23000027",12653,"E56000035","E54000025","E00120540","E01023737","E02004940"
"AL1 2RH","AL1  2RH","AL1 2RH","199308","","E10000015","E58000666","E07000240","E05013963","E43000290","0","514293","0205872","1","E18000006","E40000007","E92000001","E12000006","5","E14001507","E15000006","E24000005","E30000237","E16000150","E07000240","26UGGQ","E00120548","26UGGQ","E65000001","E01023737","E02004940","5","7B1","E00120548","E01023737","E02004940","E33027470","E38000079","E63011552","C1","3D2",51.739908,-0.346120,"E37000048","","E23000027",12653,"E56000035","E54000025","E00120548","E01023737","E02004940"
"AL1 2RJ","AL1  2RJ","AL1 2RJ","199405","","E10000015","E58000666","E07000240","E05013963","E43000290","0","514617","0206084","1","E18000006","E40000007","E92000001","E12000006","5","E14001507","E15000006","E24000005","E30000237","E16000150","E07000240","26UGGQ","E00120540","26UGGQ","E65000001","E01023737","E02004940","5","5B3","E00120540","E01023737","E02004940","E33027471","E38000079","E63011552","C1","4A1",51.741753,-0.341337,"E37000048","","E23000027",12653,"E56000035","E54000025","E00120540","E01023737","E02004940"
"AL1 2RL","AL1  2RL","AL1 2RL","201211","201212","E10000015","E58000666","E07000240","E05013963","E43000290","0","514615","0206083","5","E18000006","E40000007","E92000001","E12000006","5","E14001507","E15000006","E24000005","E30000237","E16000150","E07000240","26UGGQ","E00120540","26UGGQ","E65000001","E01023737","E02004940","5","5B3","E00120540","E01023737","E02004940","E33027471","E38000079","E63011552","C1","4A1",51.741739,-0.341389,"E37000048","","E23000027",12653,"E56000035","E54000025","E00120540","E01023737","E02004940"
"AL1 2RN","AL1  2RN","AL1 2RN","199412","200006","E10000015","E58000666","E07000240","E05013963","E43000290","1","514701","0205799","6","E18000006","E40000007","E92000001","E12000006","5","E14001507","E15000006","E24000005","E30000237","E16000150","E07000240","26UGGQ","E00120540","26UGGQ","E65000001","E01023737","E02004940","5","5B3","E00120540","E01023737","E02004940","E33027471","E38000079","E63011552","C1","4A1",51.739169,-0.340238,"E37000048","","E23000027",12653,"E56000035","E54000025","E00120540","E01023737","E02004940"
"AL1 2RP","AL1  2RP","AL1 2RP","199501","200602","E10000015","E58000664","E07000240","E05013956","E43000290","1","517328","0206823","1","E18000006","E40000007","E92000001","E12000006","5","E14001507","E15000006","E24000005","E30000237","E16000150","E07000240","26UGFX","E00120196","26UGFX","E65000001","E01023667","E02004936","5","6D1","E00120196","E01023667","E02004936","E33027453","E38000079","E63011552","C1","5A2",51.747828,-0.301865,"E37000048","","E23000027",30628,"E56000035","E54000025","E00120196","E01023667","E02004936"
"AL1 2RQ","AL1  2RQ","AL1 2RQ","199301","199405","E10000015","E58000666","E07000240","E05013963","E43000290","1","514700","0205300","8","E18000006","E40000007","E92000001","E12000006","5","E14001507","E15000006","E24000005","E30000237","E16000150","E07000240","26UGGQ","E00120556","26UGGQ","E65000001","E01023739","E02004940","5","6B2","E00120556","E01023739","E02004940","E33027470","E38000079","E63011552","C1","4A1",51.734684,-0.340416,"E37000048","","E23000027",20533,"E56000035","E54000025","E00120556","E01023739","E02004940"
"AL1 2RR","AL1  2RR","AL1 2RR","199501","200602","E10000015","E58000664","E07000240","E05013956","E43000290","1","517328","0206823","1","E18000006","E40000007","E92000001","E12000006","5","E14001507","E15000006","E24000005","E30000237","E16000150","E07000240","26UGFX","E00120196","26UGFX","E65000001","E01023667","E02004936","5","6D1","E00120196","E01023667","E02004936","E33027453","E38000079","E63011552","C1","5A2",51.747828,-0.301865,"E37000048","","E23000027",30628,"E56000035","E54000025","E00120196","E01023667","E02004936"
"AL1 2RS","AL1  2RS","AL1 2RS","199507","199812","E10000015","E58000666","E07000240","E05013963","E43000290","1","514701","0205799","6","E18000006","E40000007","E92000001","E12000006","5","E14001507","E15000006","E24000005","E30000237","E16000150","E07000240","26UGGQ","E00120540","26UGGQ","E65000001","E01023737","E02004940","5","5B3","E00120540","E01023737","E02004940","E33027471","E38000079","E63011552","C1","4A1",51.739169,-0.340238,"E37000048","","E23000027",12653,"E56000035","E54000025","E00120540","E01023737","E02004940"
"AL1 2RW","AL1  2RW","AL1 2RW","199412","201606","E10000015","E58000666","E07000240","E05013963","E43000290","1","514477","0206413","1","E18000006","E40000007","E92000001","E12000006","5","E14001507","E15000006","E24000005","E30000237","E16000150","E07000240","26UGGQ","E00120545","26UGGQ","E65000001","E01023740","E02004940","5","2B2","E00120545","E01023740","E02004940","E33024346","E38000079","E63011552","C1","5A3",51.744733,-0.343278,"E37000048","","E23000027",27694,"E56000035","E54000025","E00120545","E01023740","E02004940"
"AL1 2SD","AL1  2SD","AL1 2SD","201209","201211","E10000015","E58000666","E07000240","E05013963","E43000290","1","514445","0206370","5","E18000006","E40000007","E92000001","E12000006","5","E14001507","E15000006","E24000005","E30000237","E16000150","E07000240","26UGGQ","E00120545","26UGGQ","E65000001","E01023740","E02004940","5","2B2","E00120545","E01023740","E02004940","E33024346","E38000079","E63011552","C1","5A3",51.744353,-0.343756,"E37000048","","E23000027",27694,"E56000035","E54000025","E00120545","E01023740","E02004940"
"AL1 2TX","AL1  2TX","AL1 2TX","201301","201304","E10000015","E58000666","E07000240","E05013963","E43000290","1","514445","0206370","5","E18000006","E40000007","E92000001","E12000006","5","E14001507","E15000006","E24000005","E30000237","E16000150","E07000240","26UGGQ","E00120545","26UGGQ","E65000001","E01023740","E02004940","5","2B2","E00120545","E01023740","E02004940","E33024346","E38000079","E63011552","C1","5A3",51.744353,-0.343756,"E37000048","","E23000027",27694,"E56000035","E54000025","E00120545","E01023740","E02004940"
"AL1 2WA","AL1  2WA","AL1 2WA","201510","202010","E10000015","E58000664","E07000240","E05013956","E43000290","1","517321","0206803","1","E18000006","E40000007","E92000001","E12000006","5","E14001507","E15000006","E24000005","E30000237","E16000150","E07000240","26UGFX","E00120196","26UGFX","E65000001","E01023667","E02004936","5","6D1","E00120196","E01023667","E02004936","E33027453","E38000079","E63011552","C1","5A2",51.747650,-0.301973,"E37000048","","E23000027",30628,"E56000035","E54000025","E00120196","E01023667","E02004936"
"AL1 2WG","AL1  2WG","AL1 2WG","200206","201806","E10000015","E58000664","E07000240","E05013956","E43000290","1","517321","0206803","1","E18000006","E40000007","E92000001","E12000006","5","E14001507","E15000006","E24000005","E30000237","E16000150","E07000240","26UGFX","E00120196","26UGFX","E65000001","E01023667","E02004936","5","6D1","E00120196","E01023667","E02004936","E33027453","E38000079","E63011552","C1","5A2",51.747650,-0.301973,"E37000048","","E23000027",30628,"E56000035","E54000025","E00120196","E01023667","E02004936"
"AL1 2XA","AL1  2XA","AL1 2XA","199208","199405","E10000015","E58000666","E07000240","E05013963","E43000290","1","514700","0205300","8","E18000006","E40000007","E92000001","E12000006","5","E14001507","E15000006","E24000005","E30000237","E16000150","E07000240","26UGGQ","E00120556","26UGGQ","E65000001","E01023739","E02004940","5","6B2","E00120556","E01023739","E02004940","E33027470","E38000079","E63011552","C1","4A1",51.734684,-0.340416,"E37000048","","E23000027",20533,"E56000035","E54000025","E00120556","E01023739","E02004940"
"AL1 2XB","AL1  2XB","AL1 2XB","200311","200602","E10000015","E58000664","E07000240","E05013956","E43000290","1","517328","0206823","1","E18000006","E40000007","E92000001","E12000006","5","E14001507","E15000006","E24000005","E30000237","E16000150","E07000240","26UGFX","E00120196","26UGFX","E65000001","E01023667","E02004936","5","6D1","E00120196","E01023667","E02004936","E33027453","E38000079","E63011552","C1","5A2",51.747828,-0.301865,"E37000048","","E23000027",30628,"E56000035","E54000025","E00120196","E01023667","E02004936"
"AL1 2XJ","AL1  2XJ","AL1 2XJ","200212","200602","E10000015","E58000664","E07000240","E05013956","E43000290","1","517328","0206823","1","E18000006","E40000007","E92000001","E12000006","5","E14001507","E15000006","E24000005","E30000237","E16000150","E07000240","26UGFX","E00120196","26UGFX","E65000001","E01023667","E02004936","5","6D1","E00120196","E01023667","E02004936","E33027453","E38000079","E63011552","C1","5A2",51.747828,-0.301865,"E37000048","","E23000027",30628,"E56000035","E54000025","E00120196","E01023667","E02004936"
"AL1 2XQ","AL1  2XQ","AL1 2XQ","200302","200602","E10000015","E58000664","E07000240","E05013956","E43000290","1","517328","0206823","1","E18000006","E40000007","E92000001","E12000006","5","E14001507","E15000006","E24000005","E30000237","E16000150","E07000240","26UGFX","E00120196","26UGFX","E65000001","E01023667","E02004936","5","6D1","E00120196","E01023667","E02004936","E33027453","E38000079","E63011552","C1","5A2",51.747828,-0.301865,"E37000048","","E23000027",30628,"E56000035","E54000025","E00120196","E01023667","E02004936"
"AL1 2XR","AL1  2XR","AL1 2XR","200310","200602","E10000015","E58000664","E07000240","E05013956","E43000290","1","517328","0206823","1","E18000006","E40000007","E92000001","E12000006","5","E14001507","E15000006","E24000005","E30000237","E16000150","E07000240","26UGFX","E00120196","26UGFX","E65000001","E01023667","E02004936","5","6D1","E00120196","E01023667","E02004936","E33027453","E38000079","E63011552","C1","5A2",51.747828,-0.301865,"E37000048","","E23000027",30628,"E56000035","E54000025","E00120196","E01023667","E02004936"
"AL1 2XZ","AL1  2XZ","AL1 2XZ","200309","200601","E10000015","E58000666","E07000240","E05013963","E43000290","1","514445","0206370","5","E18000006","E40000007","E92000001","E12000006","5","E14001507","E15000006","E24000005","E30000237","E16000150","E07000240","26UGGQ","E00120545","26UGGQ","E65000001","E01023740","E02004940","5","2B2","E00120545","E01023740","E02004940","E33024346","E38000079","E63011552","C1","5A3",51.744353,-0.343756,"E37000048","","E23000027",27694,"E56000035","E54000025","E00120545","E01023740","E02004940"
"AL1 2YJ","AL1  2YJ","AL1 2YJ","200311","200603","E10000015","E58000664","E07000240","E05013956","E43000290","1","517328","0206823","1","E18000006","E40000007","E92000001","E12000006","5","E14001507","E15000006","E24000005","E30000237","E16000150","E07000240","26UGFX","E00120196","26UGFX","E65000001","E01023667","E02004936","5","6D1","E00120196","E01023667","E02004936","E33027453","E38000079","E63011552","C1","5A2",51.747828,-0.301865,"E37000048","","E23000027",30628,"E56000035","E54000025","E00120196","E01023667","E02004936"
"AL1 2YQ","AL1  2YQ","AL1 2YQ","200508","200708","E10000015","E58000664","E07000240","E05013956","E43000290","1","517328","0206823","1","E18000006","E40000007","E92000001","E12000006","5","E14001507","E15000006","E24000005","E30000237","E16000150","E07000240","26UGFX","E00120196","26UGFX","E65000001","E01023667","E02004936","5","6D1","E00120196","E01023667","E02004936","E33027453","E38000079","E63011552","C1","5A2",51.747828,-0.301865,"E37000048","","E23000027",30628,"E56000035","E54000025","E00120196","E01023667","E02004936"
"AL1 2ZD","AL1  2ZD","AL1 2ZD","199712","201605","E10000015","E58000664","E07000240","E05013956","E43000290","1","517321","0206803","1","E18000006","E40000007","E92000001","E12000006","5","E14001507","E15000006","E24000005","E30000237","E16000150","E07000240","26UGFX","E00120196","26UGFX","E65000001","E01023667","E02004936","5","6D1","E00120196","E01023667","E02004936","E33027453","E38000079","E63011552","C1","5A2",51.747650,-0.301973,"E37000048","","E23000027",30628,"E56000035","E54000025","E00120196","E01023667","E02004936"
"AL1 2ZE","AL1  2ZE","AL1 2ZE","199710","200009","E10000015","E58000666","E07000240","E05013963","E43000290","1","514700","0205300","8","E18000006","E40000007","E92000001","E12000006","5","E14001507","E15000006","E24000005","E30000237","E16000150","E07000240","26UGGQ","E00120556","26UGGQ","E65000001","E01023739","E02004940","5","6B2","E00120556","E01023739","E02004940","E33027470","E38000079","E63011552","C1","4A1",51.734684,-0.340416,"E37000048","","E23000027",20533,"E56000035","E54000025","E00120556","E01023739","E02004940"
"AL1 2ZF","AL1  2ZF","AL1 2ZF","199806","199812","E10000015","E58000666","E07000240","E05013963","E43000290","1","514701","0205799","6","E18000006","E40000007","E92000001","E12000006","5","E14001507","E15000006","E24000005","E30000237","E16000150","E07000240","26UGGQ","E00120540","26UGGQ","E65000001","E01023737","E02004940","5","5B3","E00120540","E01023737","E02004940","E33027471","E38000079","E63011552","C1","4A1",51.739169,-0.340238,"E37000048","","E23000027",12653,"E56000035","E54000025","E00120540","E01023737","E02004940"
"AL1 2ZG","AL1  2ZG","AL1 2ZG","199812","199912","E10000015","E58000666","E07000240","E05013963","E43000290","1","514700","0205300","8","E18000006","E40000007","E92000001","E12000006","5","E14001507","E15000006","E24000005","E30000237","E16000150","E07000240","26UGGQ","E00120556","26UGGQ","E65000001","E01023739","E02004940","5","6B2","E00120556","E01023739","E02004940","E33027470","E38000079","E63011552","C1","4A1",51.734684,-0.340416,"E37000048","","E23000027",20533,"E56000035","E54000025","E00120556","E01023739","E02004940"
"AL1 2ZH","AL1  2ZH","AL1 2ZH","199906","200408","E10000015","E58000664","E07000240","E05013956","E43000290","1","517328","0206823","1","E18000006","E40000007","E92000001","E12000006","5","E14001507","E15000006","E24000005","E30000237","E16000150","E07000240","26UGFX","E00120196","26UGFX","E65000001","E01023667","E02004936","5","6D1","E00120196","E01023667","E02004936","E33027453","E38000079","E63011552","C1","5A2",51.747828,-0.301865,"E37000048","","E23000027",30628,"E56000035","E54000025","E00120196","E01023667","E02004936"
"AL1 2ZL","AL1  2ZL","AL1 2ZL","200301","200402","E10000015","E58000664","E07000240","E05013956","E43000290","1","517328","0206823","5","E18000006","E40000007","E92000001","E12000006","5","E14001507","E15000006","E24000005","E30000237","E16000150","E07000240","26UGFX","E00120196","26UGFX","E65000001","E01023667","E02004936","5","6D1","E00120196","E01023667","E02004936","E33027453","E38000079","E63011552","C1","5A2",51.747828,-0.301865,"E37000048","","E23000027",30628,"E56000035","E54000025","E00120196","E01023667","E02004936"
"AL1 2ZS","AL1  2ZS","AL1 2ZS","200106","200203","E10000015","E58000664","E07000240","E05013956","E43000290","1","517328","0206823","1","E18000006","E40000007","E92000001","E12000006","5","E14001507","E15000006","E24000005","E30000237","E16000150","E07000240","26UGFX","E00120196","26UGFX","E65000001","E01023667","E02004936","5","6D1","E00120196","E01023667","E02004936","E33027453","E38000079","E63011552","C1","5A2",51.747828,-0.301865,"E37000048","","E23000027",30628,"E56000035","E54000025","E00120196","E01023667","E02004936"
"AL1 2ZT","AL1  2ZT","AL1 2ZT","200012","200112","E10000015","E58000664","E07000240","E05013956","E43000290","1","517328","0206823","1","E18000006","E40000007","E92000001","E12000006","5","E14001507","E15000006","E24000005","E30000237","E16000150","E07000240","26UGFX","E00120196","26UGFX","E65000001","E01023667","E02004936","5","6D1","E00120196","E01023667","E02004936","E33027453","E38000079","E63011552","C1","5A2",51.747828,-0.301865,"E37000048","","E23000027",30628,"E56000035","E54000025","E00120196","E01023667","E02004936"
"AL1 2ZU","AL1  2ZU","AL1 2ZU","200012","200107","E10000015","E58000666","E07000240","E05013963","E43000290","1","514445","0206370","5","E18000006","E40000007","E92000001","E12000006","5","E14001507","E15000006","E24000005","E30000237","E16000150","E07000240","26UGGQ","E00120545","26UGGQ","E65000001","E01023740","E02004940","5","2B2","E00120545","E01023740","E02004940","E33024346","E38000079","E63011552","C1","5A3",51.744353,-0.343756,"E37000048","","E23000027",27694,"E56000035","E54000025","E00120545","E01023740","E02004940"
"AL1 2ZW","AL1  2ZW","AL1 2ZW","200012","200311","E10000015","E58000664","E07000240","E05013956","E43000290","1","517328","0206823","1","E18000006","E40000007","E92000001","E12000006","5","E14001507","E15000006","E24000005","E30000237","E16000150","E07000240","26UGFX","E00120196","26UGFX","E65000001","E01023667","E02004936","5","6D1","E00120196","E01023667","E02004936","E33027453","E38000079","E63011552","C1","5A2",51.747828,-0.301865,"E37000048","","E23000027",30628,"E56000035","E54000025","E00120196","E01023667","E02004936"
"AL1 2ZX","AL1  2ZX","AL1 2ZX","200012","200311","E10000015","E58000664","E07000240","E05013956","E43000290","1","517328","0206823","1","E18000006","E40000007","E92000001","E12000006","5","E14001507","E15000006","E24000005","E30000237","E16000150","E07000240","26UGFX","E00120196","26UGFX","E65000001","E01023667","E02004936","5","6D1","E00120196","E01023667","E02004936","E33027453","E38000079","E63011552","C1","5A2",51.747828,-0.301865,"E37000048","","E23000027",30628,"E56000035","E54000025","E00120196","E01023667","E02004936"
"AL1 2ZY","AL1  2ZY","AL1 2ZY","200006","","E10000015","E58000664","E07000240","E05013956","E43000290","1","517321","0206803","1","E18000006","E40000007","E92000001","E12000006","5","E14001507","E15000006","E24000005","E30000237","E16000150","E07000240","26UGFX","E00120196","26UGFX","E65000001","E01023667","E02004936","5","6D1","E00120196","E01023667","E02004936","E33027453","E38000079","E63011552","C1","5A2",51.747650,-0.301973,"E37000048","","E23000027",30628,"E56000035","E54000025","E00120196","E01023667","E02004936"
"AL1 3AA","AL1  3AA","AL1 3AA","198001","","E10000015","E58000663","E07000240","E05013964","E43000290","1","514841","0207328","1","E18000006","E40000007","E92000001","E12000006","5","E14001507","E15000006","E24000005","E30000237","E16000150","E07000240","26UGGM","E00120479","26UGGM","E65000001","E01023727","E02004935","5","2B1","E00120479","E01023727","E02004935","E33024329","E38000079","E63011552","C1","2D1",51.752882,-0.337707,"E37000048","","E23000027",15120,"E56000035","E54000025","E00120479","E01023727","E02004935"
"AL1 3AB","AL1  3AB","AL1 3AB","201506","","E10000015","E58000663","E07000240","E05013964","E43000290","0","515534","0206799","1","E18000006","E40000007","E92000001","E12000006","5","E14001507","E15000006","E24000005","E30000237","E16000150","E07000240","26UGGM","E00120496","26UGGM","E65000001","E01023729","E02004935","5","2B1","E00120496","E01023729","E02004935","E33024342","E38000079","E63011552","C1","2D1",51.747991,-0.327824,"E37000048","","E23000027",27026,"E56000035","E54000025","E00189407","E01035567","E02004935"
"AL1 3AD","AL1  3AD","AL1 3AD","199405","200906","E10000015","E58000663","E07000240","E05013964","E43000290","1","515541","0206668","1","E18000006","E40000007","E92000001","E12000006","5","E14001507","E15000006","E24000005","E30000237","E16000150","E07000240","26UGGM","E00120496","26UGGM","E65000001","E01023729","E02004935","5","2B1","E00120496","E01023729","E02004935","E33024342","E38000079","E63011552","C1","2D1",51.746806,-0.327790,"E37000048","","E23000027",27026,"E56000035","E54000025","E00189411","E01035567","E02004935"
"AL1 3AE","AL1  3AE","AL1 3AE","198001","","E10000015","E58000663","E07000240","E05013964","E43000290","0","515476","0206664","1","E18000006","E40000007","E92000001","E12000006","5","E14001507","E15000006","E24000005","E30000237","E16000150","E07000240","26UGGM","E00120496","26UGGM","E65000001","E01023729","E02004935","5","2B1","E00120496","E01023729","E02004935","E33024342","E38000079","E63011552","C1","2D1",51.746784,-0.328732,"E37000048","","E23000027",27026,"E56000035","E54000025","E00189404","E01035567","E02004935"
"AL1 3AF","AL1  3AF","AL1 3AF","198001","","E10000015","E58000663","E07000240","E05013964","E43000290","0","515485","0206805","1","E18000006","E40000007","E92000001","E12000006","5","E14001507","E15000006","E24000005","E30000237","E16000150","E07000240","26UGGM","E00120496","26UGGM","E65000001","E01023729","E02004935","5","2B1","E00120496","E01023729","E02004935","E33024342","E38000079","E63011552","C1","2D1",51.748049,-0.328555,"E37000048","","E23000027",27026,"E56000035","E54000025","E00189404","E01035567","E02004935"
"AL1 3AG","AL1  3AG","AL1 3AG","198001","","E10000015","E58000663","E07000240","E05013964","E43000290","0","515472","0206881","1","E18000006","E40000007","E92000001","E12000006","5","E14001507","E15000006","E24000005","E30000237","E16000150","E07000240","26UGGM","E00120496","26UGGM","E65000001","E01023729","E02004935","5","2B1","E00120496","E01023729","E02004935","E33024342","E38000079","E63011552","C1","2D1",51.748735,-0.328718,"E37000048","","E23000027",27026,"E56000035","E54000025","E00189404","E01035567","E02004935"
"AL1 3AH","AL1  3AH","AL1 3AH","198001","","E10000015","E58000663","E07000240","E05013964","E43000290","0","515463","0207027","1","E18000006","E40000007","E92000001","E12000006","5","E14001507","E15000006","E24000005","E30000237","E16000150","E07000240","26UGGM","E00120489","26UGGM","E65000001","E01023729","E02004935","5","7B1","E00120489","E01023729","E02004935","E33027449","E38000079","E63011552","C1","3D2",51.750054,-0.328776,"E37000048","","E23000027",27026,"E56000035","E54000025","E00120489","E01035567","E02004935"
"AL1 3AJ","AL1  3AJ","AL1 3AJ","198106","","E10000015","E58000663","E07000240","E05013964","E43000290","0","515500","0206867","1","E18000006","E40000007","E92000001","E12000006","5","E14001507","E15000006","E24000005","E30000237","E16000150","E07000240","26UGGM","E00120496","26UGGM","E65000001","E01023729","E02004935","5","2B1","E00120496","E01023729","E02004935","E33024342","E38000079","E63011552","C1","2D1",51.748603,-0.328317,"E37000048","","E23000027",27026,"E56000035","E54000025","E00189407","E01035567","E02004935"
"AL1 3AL","AL1  3AL","AL1 3AL","201712","","E10000015","E58000663","E07000240","E05013964","E43000290","1","515102","0207284","1","E18000006","E40000007","E92000001","E12000006","5","E14001507","E15000006","E24000005","E30000237","E16000150","E07000240","26UGGM","E00120482","26UGGM","E65000001","E01023727","E02004935","5","2B2","E00120482","E01023727","E02004935","E33024339","E38000079","E63011552","C1","2D2",51.752439,-0.333919,"E37000048","","E23000027",15120,"E56000035","E54000025","E00120482","E01023727","E02004935"
"AL1 3AN","AL1  3AN","AL1 3AN","201407","","E10000015","E58000663","E07000240","E05013948","E43000290","0","515358","0207441","1","E18000006","E40000007","E92000001","E12000006","5","E14001507","E15000006","E24000005","E30000237","E16000150","E07000240","26UGFZ","E00120230","26UGFZ","E65000001","E01023676","E02004934","5","2B2","E00120230","E01023676","E02004934","E33027439","E38000079","E63011552","C1","2D2",51.753791,-0.330183,"E37000048","","E23000027",28829,"E56000035","E54000025","E00189421","E01023676","E02004934"
"AL1 3AP","AL1  3AP","AL1 3AP","198001","","E10000015","E58000663","E07000240","E05013964","E43000290","0","515289","0206789","1","E18000006","E40000007","E92000001","E12000006","5","E14001507","E15000006","E24000005","E30000237","E16000150","E07000240","26UGGM","E00120493","26UGGM","E65000001","E01023726","E02004935","5","2B2","E00120493","E01023726","E02004935","E33027447","E38000079","E63011552","C1","2D2",51.747951,-0.331375,"E37000048","","E23000027",29172,"E56000035","E54000025","E00120493","E01023726","E02004935"
"AL1 3AQ","AL1  3AQ","AL1 3AQ","198001","","E10000015","E58000663","E07000240","E05013964","E43000290","0","515442","0206946","1","E18000006","E40000007","E92000001","E12000006","5","E14001507","E15000006","E24000005","E30000237","E16000150","E07000240","26UGGM","E00120489","26UGGM","E65000001","E01023729","E02004935","5","7B1","E00120489","E01023729","E02004935","E33027449","E38000079","E63011552","C1","3D2",51.749325,-0.329131,"E37000048","","E23000027",27026,"E56000035","E54000025","E00120489","E01035567","E02004935"
"AL1 3AR","AL1  3AR","AL1 3AR","198001","","E10000015","E58000663","E07000240","E05013964","E43000290","0","515319","0206867","1","E18000006","E40000007","E92000001","E12000006","5","E14001507","E15000006","E24000005","E30000237","E16000150","E07000240","26UGGM","E00120493","26UGGM","E65000001","E01023726","E02004935","5","2B2","E00120493","E01023726","E02004935","E33027447","E38000079","E63011552","C1","2D2",51.748646,-0.330914,"E37000048","","E23000027",29172,"E56000035","E54000025","E00120493","E01023726","E02004935"
"AL1 3AS","AL1  3AS","AL1 3AS","201712","","E10000015","E58000663","E07000240","E05013964","E43000290","0","515285","0206865","1","E18000006","E40000007","E92000001","E12000006","5","E14001507","E15000006","E24000005","E30000237","E16000150","E07000240","26UGGM","E00120493","26UGGM","E65000001","E01023726","E02004935","5","2B2","E00120493","E01023726","E02004935","E33027447","E38000079","E63011552","C1","2D2",51.748635,-0.331407,"E37000048","","E23000027",29172,"E56000035","E54000025","E00120493","E01023726","E02004935"
"AL1 3AT","AL1  3AT","AL1 3AT","198001","","E10000015","E58000663","E07000240","E05013964","E43000290","0","515364","0206968","1","E18000006","E40000007","E92000001","E12000006","5","E14001507","E15000006","E24000005","E30000237","E16000150","E07000240","26UGGM","E00120488","26UGGM","E65000001","E01023726","E02004935","5","2B2","E00120488","E01023726","E02004935","E33027449","E38000079","E63011552","C1","5A3",51.749539,-0.330253,"E37000048","","E23000027",29172,"E56000035","E54000025","E00120488","E01023726","E02004935"
"AL1 3AU","AL1  3AU","AL1 3AU","198001","","E10000015","E58000663","E07000240","E05013964","E43000290","0","515294","0207005","1","E18000006","E40000007","E92000001","E12000006","5","E14001507","E15000006","E24000005","E30000237","E16000150","E07000240","26UGGM","E00120488","26UGGM","E65000001","E01023726","E02004935","5","2B2","E00120488","E01023726","E02004935","E33027449","E38000079","E63011552","C1","5A3",51.749886,-0.331254,"E37000048","","E23000027",29172,"E56000035","E54000025","E00120488","E01023726","E02004935"
"AL1 3AW","AL1  3AW","AL1 3AW","202106","","E10000015","E58000663","E07000240","E05013964","E43000290","0","515584","0206561","1","E18000006","E40000007","E92000001","E12000006","5","E14001507","E15000006","E24000005","E30000237","E16000150","E07000240","26UGGM","E00120496","26UGGM","E65000001","E01023729","E02004935","5","2B1","E00120496","E01023729","E02004935","E33024342","E38000079","E63011552","C1","2D1",51.745841,-0.327179,"E37000048","","E23000027",27026,"E56000035","E54000025","E00189411","E01035567","E02004935"
"AL1 3AX","AL1  3AX","AL1 3AX","198001","","E10000015","E58000663","E07000240","E05013964","E43000290","0","515209","0207041","1","E18000006","E40000007","E92000001","E12000006","5","E14001507","E15000006","E24000005","E30000237","E16000150","E07000240","26UGGM","E00120488","26UGGM","E65000001","E01023726","E02004935","5","2B2","E00120488","E01023726","E02004935","E33027449","E38000079","E63011552","C1","5A3",51.750233,-0.332450,"E37000048","","E23000027",29172,"E56000035","E54000025","E00120488","E01023726","E02004935"
"AL1 3AY","AL1  3AY","AL1 3AY","198001","","E10000015","E58000663","E07000240","E05013964","E43000290","0","515368","0207006","1","E18000006","E40000007","E92000001","E12000006","5","E14001507","E15000006","E24000005","E30000237","E16000150","E07000240","26UGGM","E00120488","26UGGM","E65000001","E01023726","E02004935","5","2B2","E00120488","E01023726","E02004935","E33027449","E38000079","E63011552","C1","5A3",51.749885,-0.330159,"E37000048","","E23000027",29172,"E56000035","E54000025","E00120488","E01023726","E02004935"
"AL1 3AZ","AL1  3AZ","AL1 3AZ","198001","","E10000015","E58000663","E07000240","E05013964","E43000290","0","515297","0207026","1","E18000006","E40000007","E92000001","E12000006","5","E14001507","E15000006","E24000005","E30000237","E16000150","E07000240","26UGGM","E00120488","26UGGM","E65000001","E01023726","E02004935","5","2B2","E00120488","E01023726","E02004935","E33027449","E38000079","E63011552","C1","5A3",51.750074,-0.331204,"E37000048","","E23000027",29172,"E56000035","E54000025","E00120488","E01023726","E02004935"
"AL1 3BA","AL1  3BA","AL1 3BA","198001","","E10000015","E58000663","E07000240","E05013964","E43000290","0","515219","0207010","1","E18000006","E40000007","E92000001","E12000006","5","E14001507","E15000006","E24000005","E30000237","E16000150","E07000240","26UGGM","E00120488","26UGGM","E65000001","E01023726","E02004935","5","2B2","E00120488","E01023726","E02004935","E33027449","E38000079","E63011552","C1","5A3",51.749946,-0.332338,"E37000048","","E23000027",29172,"E56000035","E54000025","E00120488","E01023726","E02004935"
"AL1 3BB","AL1  3BB","AL1 3BB","198001","","E10000015","E58000663","E07000240","E05013964","E43000290","0","515198","0206947","1","E18000006","E40000007","E92000001","E12000006","5","E14001507","E15000006","E24000005","E30000237","E16000150","E07000240","26UGGM","E00120493","26UGGM","E65000001","E01023726","E02004935","5","2B2","E00120493","E01023726","E02004935","E33027447","E38000079","E63011552","C1","2D2",51.749384,-0.332663,"E37000048","","E23000027",29172,"E56000035","E54000025","E00120493","E01023726","E02004935"
"AL1 3BD","AL1  3BD","AL1 3BD","198504","","E10000015","E58000663","E07000240","E05013964","E43000290","0","515496","0206742","1","E18000006","E40000007","E92000001","E12000006","5","E14001507","E15000006","E24000005","E30000237","E16000150","E07000240","26UGGM","E00120496","26UGGM","E65000001","E01023729","E02004935","5","2B1","E00120496","E01023729","E02004935","E33024342","E38000079","E63011552","C1","2D1",51.747481,-0.328416,"E37000048","","E23000027",27026,"E56000035","E54000025","E00189407","E01035567","E02004935"
"AL1 3BE","AL1  3BE","AL1 3BE","198001","","E10000015","E58000663","E07000240","E05013964","E43000290","0","515240","0206999","1","E18000006","E40000007","E92000001","E12000006","5","E14001507","E15000006","E24000005","E30000237","E16000150","E07000240","26UGGM","E00120488","26UGGM","E65000001","E01023726","E02004935","5","2B2","E00120488","E01023726","E02004935","E33027449","E38000079","E63011552","C1","5A3",51.749843,-0.332038,"E37000048","","E23000027",29172,"E56000035","E54000025","E00120488","E01023726","E02004935"
"AL1 3BF","AL1  3BF","AL1 3BF","201610","","E10000015","E58000663","E07000240","E05013964","E43000290","0","515507","0206696","1","E18000006","E40000007","E92000001","E12000006","5","E14001507","E15000006","E24000005","E30000237","E16000150","E07000240","26UGGM","E00120496","26UGGM","E65000001","E01023729","E02004935","5","2B1","E00120496","E01023729","E02004935","E33024342","E38000079","E63011552","C1","2D1",51.747071,-0.328249,"E37000048","","E23000027",27026,"E56000035","E54000025","E00189411","E01035567","E02004935"
"AL1 3BG","AL1  3BG","AL1 3BG","198001","","E10000015","E58000663","E07000240","E05013964","E43000290","0","515214","0206931","1","E18000006","E40000007","E92000001","E12000006","5","E14001507","E15000006","E24000005","E30000237","E16000150","E07000240","26UGGM","E00120493","26UGGM","E65000001","E01023726","E02004935","5","2B2","E00120493","E01023726","E02004935","E33027447","E38000079","E63011552","C1","2D2",51.749237,-0.332437,"E37000048","","E23000027",29172,"E56000035","E54000025","E00120493","E01023726","E02004935"
"AL1 3BH","AL1  3BH","AL1 3BH","198001","","E10000015","E58000663","E07000240","E05013964","E43000290","0","515283","0206969","1","E18000006","E40000007","E92000001","E12000006","5","E14001507","E15000006","E24000005","E30000237","E16000150","E07000240","26UGGM","E00120488","26UGGM","E65000001","E01023726","E02004935","5","2B2","E00120488","E01023726","E02004935","E33027449","E38000079","E63011552","C1","5A3",51.749570,-0.331402,"E37000048","","E23000027",29172,"E56000035","E54000025","E00120488","E01023726","E02004935"
"AL1 3BJ","AL1  3BJ","AL1 3BJ","201802","","E10000015","E58000663","E07000240","E05013964","E43000290","0","515545","0206739","1","E18000006","E40000007","E92000001","E12000006","5","E14001507","E15000006","E24000005","E30000237","E16000150","E07000240","26UGGM","E00120496","26UGGM","E65000001","E01023729","E02004935","5","2B1","E00120496","E01023729","E02004935","E33024342","E38000079","E63011552","C1","2D1",51.747449,-0.327685,"E37000048","","E23000027",27026,"E56000035","E54000025","E00189407","E01035567","E02004935"
"AL1 3BL","AL1  3BL","AL1 3BL","198001","","E10000015","E58000663","E07000240","E05013964","E43000290","0","515409","0206980","1","E18000006","E40000007","E92000001","E12000006","5","E14001507","E15000006","E24000005","E30000237","E16000150","E07000240","26UGGM","E00120483","26UGGM","E65000001","E01023727","E02004935","5","2B2","E00120483","E01023727","E02004935","E33027449","E38000079","E63011552","C1","2D1",51.749643,-0.329574,"E37000048","","E23000027",15120,"E56000035","E54000025","E00120483","E01023727","E02004935"
"AL1 3BN","AL1  3BN","AL1 3BN","199806","201202","E10000015","E58000663","E07000240","E05013964","E43000290","1","514893","0207493","1","E18000006","E40000007","E92000001","E12000006","5","E14001507","E15000006","E24000005","E30000237","E16000150","E07000240","26UGGM","E00120479","26UGGM","E65000001","E01023727","E02004935","5","2B1","E00120479","E01023727","E02004935","E33024325","E38000079","E63011552","C1","2D1",51.754354,-0.336899,"E37000048","","E23000027",15120,"E56000035","E54000025","E00120479","E01023727","E02004935"
"AL1 3BP","AL1  3BP","AL1 3BP","198001","","E10000015","E58000663","E07000240","E05013964","E43000290","0","515379","0206827","1","E18000006","E40000007","E92000001","E12000006","5","E14001507","E15000006","E24000005","E30000237","E16000150","E07000240","26UGGM","E00120489","26UGGM","E65000001","E01023729","E02004935","5","7B1","E00120489","E01023729","E02004935","E33027449","E38000079","E63011552","C1","3D2",51.748274,-0.330059,"E37000048","","E23000027",27026,"E56000035","E54000025","E00120489","E01035567","E02004935"
"AL1 3BQ","AL1  3BQ","AL1 3BQ","198001","","E10000015","E58000663","E07000240","E05013964","E43000290","0","515290","0206988","1","E18000006","E40000007","E92000001","E12000006","5","E14001507","E15000006","E24000005","E30000237","E16000150","E07000240","26UGGM","E00120488","26UGGM","E65000001","E01023726","E02004935","5","2B2","E00120488","E01023726","E02004935","E33027449","E38000079","E63011552","C1","5A3",51.749734,-0.331318,"E37000048","","E23000027",29172,"E56000035","E54000025","E00120488","E01023726","E02004935"
"AL1 3BS","AL1  3BS","AL1 3BS","198001","","E10000015","E58000663","E07000240","E05013964","E43000290","0","515350","0206850","1","E18000006","E40000007","E92000001","E12000006","5","E14001507","E15000006","E24000005","E30000237","E16000150","E07000240","26UGGM","E00120489","26UGGM","E65000001","E01023729","E02004935","5","7B1","E00120489","E01023729","E02004935","E33027449","E38000079","E63011552","C1","3D2",51.748481,-0.330495,"E37000048","","E23000027",27026,"E56000035","E54000025","E00120489","E01035567","E02004935"
"AL1 3BT","AL1  3BT","AL1 3BT","198001","","E10000015","E58000663","E07000240","E05013964","E43000290","0","515331","0206798","1","E18000006","E40000007","E92000001","E12000006","5","E14001507","E15000006","E24000005","E30000237","E16000150","E07000240","26UGGM","E00120489","26UGGM","E65000001","E01023729","E02004935","5","7B1","E00120489","E01023729","E02004935","E33027449","E38000079","E63011552","C1","3D2",51.748018,-0.330787,"E37000048","","E23000027",27026,"E56000035","E54000025","E00120489","E01035567","E02004935"
"AL1 3BU","AL1  3BU","AL1 3BU","198001","","E10000015","E58000663","E07000240","E05013964","E43000290","0","515372","0206762","1","E18000006","E40000007","E92000001","E12000006","5","E14001507","E15000006","E24000005","E30000237","E16000150","E07000240","26UGGM","E00120496","26UGGM","E65000001","E01023729","E02004935","5","2B1","E00120496","E01023729","E02004935","E33024342","E38000079","E63011552","C1","2D1",51.747692,-0.330182,"E37000048","","E23000027",27026,"E56000035","E54000025","E00189404","E01035567","E02004935"
"AL1 3BW","AL1  3BW","AL1 3BW","198001","","E10000015","E58000663","E07000240","E05013964","E43000290","0","515371","0206891","1","E18000006","E40000007","E92000001","E12000006","5","E14001507","E15000006","E24000005","E30000237","E16000150","E07000240","26UGGM","E00120483","26UGGM","E65000001","E01023727","E02004935","5","2B2","E00120483","E01023727","E02004935","E33027449","E38000079","E63011552","C1","2D1",51.748851,-0.330154,"E37000048","","E23000027",15120,"E56000035","E54000025","E00120483","E01023727","E02004935"
"AL1 3BX","AL1  3BX","AL1 3BX","198001","","E10000015","E58000663","E07000240","E05013964","E43000290","0","515330","0206740","1","E18000006","E40000007","E92000001","E12000006","5","E14001507","E15000006","E24000005","E30000237","E16000150","E07000240","26UGGM","E00120496","26UGGM","E65000001","E01023729","E02004935","5","2B1","E00120496","E01023729","E02004935","E33024342","E38000079","E63011552","C1","2D1",51.747497,-0.330821,"E37000048","","E23000027",27026,"E56000035","E54000025","E00189404","E01035567","E02004935"
"AL1 3BY","AL1  3BY","AL1 3BY","198001","","E10000015","E58000663","E07000240","E05013964","E43000290","0","515379","0206719","1","E18000006","E40000007","E92000001","E12000006","5","E14001507","E15000006","E24000005","E30000237","E16000150","E07000240","26UGGM","E00120496","26UGGM","E65000001","E01023729","E02004935","5","2B1","E00120496","E01023729","E02004935","E33024342","E38000079","E63011552","C1","2D1",51.747298,-0.330118,"E37000048","","E23000027",27026,"E56000035","E54000025","E00189404","E01035567","E02004935"
"AL1 3BZ","AL1  3BZ","AL1 3BZ","198001","","E10000015","E58000663","E07000240","E05013964","E43000290","0","515418","0206679","1","E18000006","E40000007","E92000001","E12000006","5","E14001507","E15000006","E24000005","E30000237","E16000150","E07000240","26UGGM","E00120496","26UGGM","E65000001","E01023729","E02004935","5","2B1","E00120496","E01023729","E02004935","E33024342","E38000079","E63011552","C1","2D1",51.746936,-0.329543,"E37000048","","E23000027",27026,"E56000035","E54000025","E00189404","E01035567","E02004935"
"AL1 3DA","AL1  3DA","AL1 3DA","201605","","E10000015","E58000663","E07000240","E05013948","E43000290","0","515258","0207459","1","E18000006","E40000007","E92000001","E12000006","5","E14001507","E15000006","E24000005","E30000237","E16000150","E07000240","26UGFZ","E00120230","26UGFZ","E65000001","E01023676","E02004934","5","2B2","E00120230","E01023676","E02004934","E33027439","E38000079","E63011552","C1","2D2",51.753973,-0.331625,"E37000048","","E23000027",28829,"E56000035","E54000025","E00189421","E01023676","E02004934"
"AL1 3DB","AL1  3DB","AL1 3DB","201312","","E10000015","E58000663","E07000240","E05013964","E43000290","0","515672","0206704","1","E18000006","E40000007","E92000001","E12000006","5","E14001507","E15000006","E24000005","E30000237","E16000150","E07000240","26UGGM","E00120487","26UGGM","E65000001","E01023729","E02004935","5","7A3","E00120487","E01023729","E02004935","E33027450","E38000079","E63011552","C1","3D1",51.747103,-0.325881,"E37000048","","E23000027",27026,"E56000035","E54000025","E00189377","E01035567","E02004935"
"AL1 3DD","AL1  3DD","AL1 3DD","202106","","E10000015","E58000663","E07000240","E05013964","E43000290","0","515534","0206594","1","E18000006","E40000007","E92000001","E12000006","5","E14001507","E15000006","E24000005","E30000237","E16000150","E07000240","26UGGM","E00120496","26UGGM","E65000001","E01023729","E02004935","5","2B1","E00120496","E01023729","E02004935","E33024342","E38000079","E63011552","C1","2D1",51.746148,-0.327892,"E37000048","","E23000027",27026,"E56000035","E54000025","E00189404","E01035567","E02004935"
"AL1 3DE","AL1  3DE","AL1 3DE","201805","","E10000015","E58000663","E07000240","E05013948","E43000290","0","515109","0207501","1","E18000006","E40000007","E92000001","E12000006","5","E14001507","E15000006","E24000005","E30000237","E16000150","E07000240","26UGFZ","E00120230","26UGFZ","E65000001","E01023676","E02004934","5","2B2","E00120230","E01023676","E02004934","E33027439","E38000079","E63011552","C1","2D2",51.754387,-0.333745,"E37000048","","E23000027",28829,"E56000035","E54000025","E00189348","E01023676","E02004934"
"AL1 3DF","AL1  3DF","AL1 3DF","199301","200505","E10000015","E58000663","E07000240","E05013964","E43000290","1","514892","0207394","1","E18000006","E40000007","E92000001","E12000006","5","E14001507","E15000006","E24000005","E30000237","E16000150","E07000240","26UGGM","E00120479","26UGGM","E65000001","E01023727","E02004935","5","2B1","E00120479","E01023727","E02004935","E33024329","E38000079","E63011552","C1","2D1",51.753464,-0.336946,"E37000048","","E23000027",15120,"E56000035","E54000025","E00120479","E01023727","E02004935"
"AL1 3DG","AL1  3DG","AL1 3DG","199606","","E10000015","E58000663","E07000240","E05013964","E43000290","0","515387","0207004","1","E18000006","E40000007","E92000001","E12000006","5","E14001507","E15000006","E24000005","E30000237","E16000150","E07000240","26UGGM","E00120483","26UGGM","E65000001","E01023727","E02004935","5","2B2","E00120483","E01023727","E02004935","E33027449","E38000079","E63011552","C1","2D1",51.749858,-0.329908,"E37000048","","E23000027",15120,"E56000035","E54000025","E00120483","E01023727","E02004935"
"AL1 3DH","AL1  3DH","AL1 3DH","198001","","E10000015","E58000663","E07000240","E05013964","E43000290","0","514746","0207294","1","E18000006","E40000007","E92000001","E12000006","5","E14001507","E15000006","E24000005","E30000237","E16000150","E07000240","26UGGM","E00120479","26UGGM","E65000001","E01023727","E02004935","5","2B1","E00120479","E01023727","E02004935","E33024330","E38000079","E63011552","C1","2D1",51.752596,-0.339093,"E37000048","","E23000027",15120,"E56000035","E54000025","E00120479","E01023727","E02004935"
"AL1 3DJ","AL1  3DJ","AL1 3DJ","198001","201007","E10000015","E58000663","E07000240","E05013964","E43000290","1","514716","0207245","1","E18000006","E40000007","E92000001","E12000006","5","E14001507","E15000006","E24000005","E30000237","E16000150","E07000240","26UGGM","E00120479","26UGGM","E65000001","E01023727","E02004935","5","2B1","E00120479","E01023727","E02004935","E33024330","E38000079","E63011552","C1","2D1",51.752161,-0.339544,"E37000048","","E23000027",15120,"E56000035","E54000025","E00120479","E01023727","E02004935"
"AL1 3DL","AL1  3DL","AL1 3DL","199512","200705","E10000015","E58000663","E07000240","E05013964","E43000290","1","515541","0206668","1","E18000006","E40000007","E92000001","E12000006","5","E14001507","E15000006","E24000005","E30000237","E16000150","E07000240","26UGGM","E00120496","26UGGM","E65000001","E01023729","E02004935","5","2B1","E00120496","E01023729","E02004935","E33024342","E38000079","E63011552","C1","2D1",51.746806,-0.327790,"E37000048","","E23000027",27026,"E56000035","E54000025","E00189411","E01035567","E02004935"
"AL1 3DN","AL1  3DN","AL1 3DN","198001","200906","E10000015","E58000663","E07000240","E05013964","E43000290","0","514769","0207331","1","E18000006","E40000007","E92000001","E12000006","5","E14001507","E15000006","E24000005","E30000237","E16000150","E07000240","26UGGM","E00120479","26UGGM","E65000001","E01023727","E02004935","5","2B1","E00120479","E01023727","E02004935","E33024330","E38000079","E63011552","C1","2D1",51.752923,-0.338748,"E37000048","","E23000027",15120,"E56000035","E54000025","E00120479","E01023727","E02004935"
"AL1 3DP","AL1  3DP","AL1 3DP","198001","","E10000015","E58000663","E07000240","E05013964","E43000290","0","514794","0207354","1","E18000006","E40000007","E92000001","E12000006","5","E14001507","E15000006","E24000005","E30000237","E16000150","E07000240","26UGGM","E00120479","26UGGM","E65000001","E01023727","E02004935","5","2B1","E00120479","E01023727","E02004935","E33024327","E38000079","E63011552","C1","2D1",51.753125,-0.338379,"E37000048","","E23000027",15120,"E56000035","E54000025","E00120479","E01023727","E02004935"
"AL1 3DQ","AL1  3DQ","AL1 3DQ","198001","","E10000015","E58000665","E07000240","E05013948","E43000290","0","515148","0207901","1","E18000006","E40000007","E92000001","E12000006","5","E14001507","E15000006","E24000005","E30000237","E16000150","E07000240","26UGGJ","E00120417","26UGGJ","E65000001","E01023716","E02004933","5","6D1","E00120417","E01023716","E02004933","E33027435","E38000079","E63011552","C1","5A2",51.757968,-0.333072,"E37000048","","E23000027",32598,"E56000035","E54000025","E00120417","E01023716","E02004933"
"AL1 3DR","AL1  3DR","AL1 3DR","199612","201502","E10000015","E58000664","E07000240","E05013956","E43000290","1","517328","0206823","1","E18000006","E40000007","E92000001","E12000006","5","E14001507","E15000006","E24000005","E30000237","E16000150","E07000240","26UGFX","E00120196","26UGFX","E65000001","E01023667","E02004936","5","6D1","E00120196","E01023667","E02004936","E33027453","E38000079","E63011552","C1","5A2",51.747828,-0.301865,"E37000048","","E23000027",30628,"E56000035","E54000025","E00120196","E01023667","E02004936"
"AL1 3DS","AL1  3DS","AL1 3DS","198001","200903","E10000015","E58000663","E07000240","E05013964","E43000290","1","514810","0207389","1","E18000006","E40000007","E92000001","E12000006","5","E14001507","E15000006","E24000005","E30000237","E16000150","E07000240","26UGGM","E00120479","26UGGM","E65000001","E01023727","E02004935","5","2B1","E00120479","E01023727","E02004935","E33024327","E38000079","E63011552","C1","2D1",51.753436,-0.338135,"E37000048","","E23000027",15120,"E56000035","E54000025","E00120479","E01023727","E02004935"
"AL1 3DT","AL1  3DT","AL1 3DT","199412","200111","E10000015","E58000664","E07000240","E05013956","E43000290","1","517328","0206823","1","E18000006","E40000007","E92000001","E12000006","5","E14001507","E15000006","E24000005","E30000237","E16000150","E07000240","26UGFX","E00120196","26UGFX","E65000001","E01023667","E02004936","5","6D1","E00120196","E01023667","E02004936","E33027453","E38000079","E63011552","C1","5A2",51.747828,-0.301865,"E37000048","","E23000027",30628,"E56000035","E54000025","E00120196","E01023667","E02004936"
"AL1 3DU","AL1  3DU","AL1 3DU","198001","","E10000015","E58000663","E07000240","E05013964","E43000290","0","514822","0207399","1","E18000006","E40000007","E92000001","E12000006","5","E14001507","E15000006","E24000005","E30000237","E16000150","E07000240","26UGGM","E00120479","26UGGM","E65000001","E01023727","E02004935","5","2B1","E00120479","E01023727","E02004935","E33024329","E38000079","E63011552","C1","2D1",51.753524,-0.337958,"E37000048","","E23000027",15120,"E56000035","E54000025","E00120479","E01023727","E02004935"
"AL1 3DW","AL1  3DW","AL1 3DW","199612","199912","E10000015","E58000663","E07000240","E05013964","E43000290","1","514700","0207300","8","E18000006","E40000007","E92000001","E12000006","5","E14001507","E15000006","E24000005","E30000237","E16000150","E07000240","26UGGM","E00120479","26UGGM","E65000001","E01023727","E02004935","5","2B1","E00120479","E01023727","E02004935","E33024330","E38000079","E63011552","C1","2D1",51.752659,-0.339758,"E37000048","","E23000027",15120,"E56000035","E54000025","E00120479","E01023727","E02004935"
"AL1 3DX","AL1  3DX","AL1 3DX","199412","201611","E10000015","E58000663","E07000240","E05013964","E43000290","0","515549","0206649","1","E18000006","E40000007","E92000001","E12000006","5","E14001507","E15000006","E24000005","E30000237","E16000150","E07000240","26UGGM","E00120496","26UGGM","E65000001","E01023729","E02004935","5","2B1","E00120496","E01023729","E02004935","E33024342","E38000079","E63011552","C1","2D1",51.746634,-0.327680,"E37000048","","E23000027",27026,"E56000035","E54000025","E00189411","E01035567","E02004935"
"AL1 3DY","AL1  3DY","AL1 3DY","198001","","E10000015","E58000663","E07000240","E05013964","E43000290","0","514820","0207419","1","E18000006","E40000007","E92000001","E12000006","5","E14001507","E15000006","E24000005","E30000237","E16000150","E07000240","26UGGM","E00120479","26UGGM","E65000001","E01023727","E02004935","5","2B1","E00120479","E01023727","E02004935","E33024327","E38000079","E63011552","C1","2D1",51.753710,-0.337957,"E37000048","","E23000027",15120,"E56000035","E54000025","E00120479","E01023727","E02004935"
"AL1 3DZ","AL1  3DZ","AL1 3DZ","199501","199912","E10000015","E58000663","E07000240","E05013964","E43000290","1","515248","0207293","6","E18000006","E40000007","E92000001","E12000006","5","E14001507","E15000006","E24000005","E30000237","E16000150","E07000240","26UGGM","E00120484","26UGGM","E65000001","E01023727","E02004935","5","2B1","E00120484","E01023727","E02004935","E33024340","E38000079","E63011552","C1","2C1",51.752484,-0.331825,"E37000048","","E23000027",15120,"E56000035","E54000025","E00120484","E01023727","E02004935"
"AL1 3EA","AL1  3EA","AL1 3EA","198001","","E10000015","E58000663","E07000240","E05013964","E43000290","0","514854","0207450","1","E18000006","E40000007","E92000001","E12000006","5","E14001507","E15000006","E24000005","E30000237","E16000150","E07000240","26UGGM","E00120479","26UGGM","E65000001","E01023727","E02004935","5","2B1","E00120479","E01023727","E02004935","E33024327","E38000079","E63011552","C1","2D1",51.753975,-0.337478,"E37000048","","E23000027",15120,"E56000035","E54000025","E00120479","E01023727","E02004935"
"AL1 3EB","AL1  3EB","AL1 3EB","198001","","E10000015","E58000663","E07000240","E05013964","E43000290","1","514801","0207387","1","E18000006","E40000007","E92000001","E12000006","5","E14001507","E15000006","E24000005","E30000237","E16000150","E07000240","26UGGM","E00120479","26UGGM","E65000001","E01023727","E02004935","5","2B1","E00120479","E01023727","E02004935","E33024327","E38000079","E63011552","C1","2D1",51.753420,-0.338266,"E37000048","","E23000027",15120,"E56000035","E54000025","E00120479","E01023727","E02004935"
"AL1 3ED","AL1  3ED","AL1 3ED","198001","","E10000015","E58000663","E07000240","E05013964","E43000290","0","514877","0207483","1","E18000006","E40000007","E92000001","E12000006","5","E14001507","E15000006","E24000005","E30000237","E16000150","E07000240","26UGGM","E00120479","26UGGM","E65000001","E01023727","E02004935","5","2B1","E00120479","E01023727","E02004935","E33024327","E38000079","E63011552","C1","2D1",51.754267,-0.337134,"E37000048","","E23000027",15120,"E56000035","E54000025","E00120479","E01023727","E02004935"
"AL1 3EE","AL1  3EE","AL1 3EE","201502","","E10000015","E58000663","E07000240","E05013948","E43000290","0","515204","0207448","1","E18000006","E40000007","E92000001","E12000006","5","E14001507","E15000006","E24000005","E30000237","E16000150","E07000240","26UGFZ","E00120230","26UGFZ","E65000001","E01023676","E02004934","5","2B2","E00120230","E01023676","E02004934","E33027439","E38000079","E63011552","C1","2D2",51.753886,-0.332411,"E37000048","","E23000027",28829,"E56000035","E54000025","E00189348","E01023676","E02004934"
"AL1 3EF","AL1  3EF","AL1 3EF","199706","199806","E10000015","E58000663","E07000240","E05013964","E43000290","1","515247","0207293","6","E18000006","E40000007","E92000001","E12000006","5","E14001507","E15000006","E24000005","E30000237","E16000150","E07000240","26UGGM","E00120484","26UGGM","E65000001","E01023727","E02004935","5","2B1","E00120484","E01023727","E02004935","E33024340","E38000079","E63011552","C1","2C1",51.752484,-0.331839,"E37000048","","E23000027",15120,"E56000035","E54000025","E00120484","E01023727","E02004935"
"AL1 3EG","AL1  3EG","AL1 3EG","198001","","E10000015","E58000663","E07000240","E05013964","E43000290","0","514912","0207533","1","E18000006","E40000007","E92000001","E12000006","5","E14001507","E15000006","E24000005","E30000237","E16000150","E07000240","26UGGM","E00120479","26UGGM","E65000001","E01023727","E02004935","5","2B1","E00120479","E01023727","E02004935","E33024325","E38000079","E63011552","C1","2D1",51.754710,-0.336611,"E37000048","","E23000027",15120,"E56000035","E54000025","E00120479","E01023727","E02004935"
"AL1 3EH","AL1  3EH","AL1 3EH","198504","","E10000015","E58000663","E07000240","E05013948","E43000290","0","515476","0207920","1","E18000006","E40000007","E92000001","E12000006","5","E14001507","E15000006","E24000005","E30000237","E16000150","E07000240","26UGFZ","E00120241","26UGFZ","E65000001","E01023676","E02004934","5","2B2","E00120241","E01023676","E02004934","E33027440","E38000079","E63011552","C1","5B1",51.758072,-0.328315,"E37000048","","E23000027",28829,"E56000035","E54000025","E00120241","E01023676","E02004934"
"AL1 3EJ","AL1  3EJ","AL1 3EJ","198402","201609","E10000015","E58000663","E07000240","E05013964","E43000290","1","514954","0207630","1","E18000006","E40000007","E92000001","E12000006","5","E14001507","E15000006","E24000005","E30000237","E16000150","E07000240","26UGGM","E00120478","26UGGM","E65000001","E01023728","E02004935","5","6D1","E00120478","E01023728","E02004935","E33027446","E38000079","E63011552","C1","2D2",51.755573,-0.335971,"E37000048","","E23000027",29815,"E56000035","E54000025","E00120478","E01023728","E02004935"
"AL1 3EL","AL1  3EL","AL1 3EL","198001","","E10000015","E58000663","E07000240","E05013948","E43000290","0","515099","0207905","1","E18000006","E40000007","E92000001","E12000006","5","E14001507","E15000006","E24000005","E30000237","E16000150","E07000240","26UGGM","E00120501","26UGGM","E65000001","E01023728","E02004935","5","2B1","E00120501","E01023728","E02004935","E33027451","E38000079","E63011552","C1","2D1",51.758014,-0.333780,"E37000048","","E23000027",29815,"E56000035","E54000025","E00120501","E01023728","E02004935"
"AL1 3EN","AL1  3EN","AL1 3EN","198001","","E10000015","E58000663","E07000240","E05013964","E43000290","0","514942","0207598","1","E18000006","E40000007","E92000001","E12000006","5","E14001507","E15000006","E24000005","E30000237","E16000150","E07000240","26UGGM","E00120478","26UGGM","E65000001","E01023728","E02004935","5","6D1","E00120478","E01023728","E02004935","E33027446","E38000079","E63011552","C1","2D2",51.755288,-0.336155,"E37000048","","E23000027",29815,"E56000035","E54000025","E00120478","E01023728","E02004935"
"AL1 3EP","AL1  3EP","AL1 3EP","198001","201502","E10000015","E58000663","E07000240","E05013964","E43000290","0","514950","0207614","1","E18000006","E40000007","E92000001","E12000006","5","E14001507","E15000006","E24000005","E30000237","E16000150","E07000240","26UGGM","E00120478","26UGGM","E65000001","E01023728","E02004935","5","6D1","E00120478","E01023728","E02004935","E33027446","E38000079","E63011552","C1","2D2",51.755430,-0.336034,"E37000048","","E23000027",29815,"E56000035","E54000025","E00120478","E01023728","E02004935"
"AL1 3EQ","AL1  3EQ","AL1 3EQ","199612","201307","E10000015","E58000664","E07000240","E05013956","E43000290","1","517328","0206823","1","E18000006","E40000007","E92000001","E12000006","5","E14001507","E15000006","E24000005","E30000237","E16000150","E07000240","26UGFX","E00120196","26UGFX","E65000001","E01023667","E02004936","5","6D1","E00120196","E01023667","E02004936","E33027453","E38000079","E63011552","C1","5A2",51.747828,-0.301865,"E37000048","","E23000027",30628,"E56000035","E54000025","E00120196","E01023667","E02004936"
"AL1 3ER","AL1  3ER","AL1 3ER","200905","","E10000015","E58000663","E07000240","E05013964","E43000290","0","515086","0207157","1","E18000006","E40000007","E92000001","E12000006","5","E14001507","E15000006","E24000005","E30000237","E16000150","E07000240","26UGGM","E00120482","26UGGM","E65000001","E01023727","E02004935","5","2B2","E00120482","E01023727","E02004935","E33024338","E38000079","E63011552","C1","2D2",51.751300,-0.334192,"E37000048","","E23000027",15120,"E56000035","E54000025","E00120482","E01023727","E02004935"
"AL1 3ES","AL1  3ES","AL1 3ES","198001","","E10000015","E58000663","E07000240","E05013964","E43000290","0","514942","0207717","1","E18000006","E40000007","E92000001","E12000006","5","E14001507","E15000006","E24000005","E30000237","E16000150","E07000240","26UGGM","E00120501","26UGGM","E65000001","E01023728","E02004935","5","2B1","E00120501","E01023728","E02004935","E33027451","E38000079","E63011552","C1","2D1",51.756357,-0.336116,"E37000048","","E23000027",29815,"E56000035","E54000025","E00120501","E01023728","E02004935"
"AL1 3ET","AL1  3ET","AL1 3ET","198001","","E10000015","E58000663","E07000240","E05013964","E43000290","0","514984","0207686","1","E18000006","E40000007","E92000001","E12000006","5","E14001507","E15000006","E24000005","E30000237","E16000150","E07000240","26UGGM","E00120501","26UGGM","E65000001","E01023728","E02004935","5","2B1","E00120501","E01023728","E02004935","E33027451","E38000079","E63011552","C1","2D1",51.756076,-0.335494,"E37000048","","E23000027",29815,"E56000035","E54000025","E00120501","E01023728","E02004935"
"AL1 3EU","AL1  3EU","AL1 3EU","198001","","E10000015","E58000663","E07000240","E05013964","E43000290","0","514999","0207709","1","E18000006","E40000007","E92000001","E12000006","5","E14001507","E15000006","E24000005","E30000237","E16000150","E07000240","26UGGM","E00120501","26UGGM","E65000001","E01023728","E02004935","5","2B1","E00120501","E01023728","E02004935","E33027451","E38000079","E63011552","C1","2D1",51.756279,-0.335269,"E37000048","","E23000027",29815,"E56000035","E54000025","E00120501","E01023728","E02004935"
"AL1 3EW","AL1  3EW","AL1 3EW","199208","","E10000015","E58000663","E07000240","E05013964","E43000290","1","514956","0207655","1","E18000006","E40000007","E92000001","E12000006","5","E14001507","E15000006","E24000005","E30000237","E16000150","E07000240","26UGGM","E00120501","26UGGM","E65000001","E01023728","E02004935","5","2B1","E00120501","E01023728","E02004935","E33027451","E38000079","E63011552","C1","2D1",51.755797,-0.335933,"E37000048","","E23000027",29815,"E56000035","E54000025","E00120501","E01023728","E02004935"
"AL1 3EX","AL1  3EX","AL1 3EX","201512","","E10000015","E58000663","E07000240","E05013948","E43000290","0","515281","0207484","1","E18000006","E40000007","E92000001","E12000006","5","E14001507","E15000006","E24000005","E30000237","E16000150","E07000240","26UGFZ","E00120230","26UGFZ","E65000001","E01023676","E02004934","5","2B2","E00120230","E01023676","E02004934","E33027439","E38000079","E63011552","C1","2D2",51.754193,-0.331284,"E37000048","","E23000027",28829,"E56000035","E54000025","E00189421","E01023676","E02004934"
"AL1 3EY","AL1  3EY","AL1 3EY","198504","","E10000015","E58000663","E07000240","E05013948","E43000290","1","515045","0207831","1","E18000006","E40000007","E92000001","E12000006","5","E14001507","E15000006","E24000005","E30000237","E16000150","E07000240","26UGGM","E00120501","26UGGM","E65000001","E01023728","E02004935","5","2B1","E00120501","E01023728","E02004935","E33027451","E38000079","E63011552","C1","2D1",51.757360,-0.334586,"E37000048","","E23000027",29815,"E56000035","E54000025","E00120501","E01023728","E02004935"
"AL1 3EZ","AL1  3EZ","AL1 3EZ","199201","","E10000015","E58000663","E07000240","E05013964","E43000290","0","515333","0206966","1","E18000006","E40000007","E92000001","E12000006","5","E14001507","E15000006","E24000005","E30000237","E16000150","E07000240","26UGGM","E00120488","26UGGM","E65000001","E01023726","E02004935","5","2B2","E00120488","E01023726","E02004935","E33027449","E38000079","E63011552","C1","5A3",51.749527,-0.330702,"E37000048","","E23000027",29172,"E56000035","E54000025","E00120488","E01023726","E02004935"
"AL1 3FA","AL1  3FA","AL1 3FA","200106","200107","E10000015","E58000663","E07000240","E05013964","E43000290","1","515331","0206964","5","E18000006","E40000007","E92000001","E12000006","5","E14001507","E15000006","E24000005","E30000237","E16000150","E07000240","26UGGM","E00120488","26UGGM","E65000001","E01023726","E02004935","5","2B2","E00120488","E01023726","E02004935","E33027449","E38000079","E63011552","C1","5A3",51.749510,-0.330732,"E37000048","","E23000027",29172,"E56000035","E54000025","E00120488","E01023726","E02004935"
"AL1 3FD","AL1  3FD","AL1 3FD","199912","200101","E10000015","E58000663","E07000240","E05013964","E43000290","1","515248","0207293","6","E18000006","E40000007","E92000001","E12000006","5","E14001507","E15000006","E24000005","E30000237","E16000150","E07000240","26UGGM","E00120484","26UGGM","E65000001","E01023727","E02004935","5","2B1","E00120484","E01023727","E02004935","E33024340","E38000079","E63011552","C1","2C1",51.752484,-0.331825,"E37000048","","E23000027",15120,"E56000035","E54000025","E00120484","E01023727","E02004935"
"AL1 3FF","AL1  3FF","AL1 3FF","200112","200607","E10000015","E58000664","E07000240","E05013956","E43000290","1","517328","0206823","1","E18000006","E40000007","E92000001","E12000006","5","E14001507","E15000006","E24000005","E30000237","E16000150","E07000240","26UGFX","E00120196","26UGFX","E65000001","E01023667","E02004936","5","6D1","E00120196","E01023667","E02004936","E33027453","E38000079","E63011552","C1","5A2",51.747828,-0.301865,"E37000048","","E23000027",30628,"E56000035","E54000025","E00120196","E01023667","E02004936"
"AL1 3FH","AL1  3FH","AL1 3FH","200707","","E10000015","E58000663","E07000240","E05013964","E43000290","0","514926","0207565","1","E18000006","E40000007","E92000001","E12000006","5","E14001507","E15000006","E24000005","E30000237","E16000150","E07000240","26UGGM","E00120478","26UGGM","E65000001","E01023728","E02004935","5","6D1","E00120478","E01023728","E02004935","E33027446","E38000079","E63011552","C1","2D2",51.754994,-0.336398,"E37000048","","E23000027",29815,"E56000035","E54000025","E00120478","E01023728","E02004935"
"AL1 3FJ","AL1  3FJ","AL1 3FJ","200908","","E10000015","E58000663","E07000240","E05013964","E43000290","0","515622","0206762","1","E18000006","E40000007","E92000001","E12000006","5","E14001507","E15000006","E24000005","E30000237","E16000150","E07000240","26UGGM","E00120487","26UGGM","E65000001","E01023729","E02004935","5","7A3","E00120487","E01023729","E02004935","E33027450","E38000079","E63011552","C1","3D1",51.747634,-0.326586,"E37000048","","E23000027",27026,"E56000035","E54000025","E00189405","E01035567","E02004935"
"AL1 3FL","AL1  3FL","AL1 3FL","200912","","E10000015","E58000663","E07000240","E05013964","E43000290","0","515634","0206660","1","E18000006","E40000007","E92000001","E12000006","5","E14001507","E15000006","E24000005","E30000237","E16000150","E07000240","26UGGM","E00120487","26UGGM","E65000001","E01023729","E02004935","5","7A3","E00120487","E01023729","E02004935","E33027450","E38000079","E63011552","C1","3D1",51.746715,-0.326446,"E37000048","","E23000027",27026,"E56000035","E54000025","E00189405","E01035567","E02004935"
"AL1 3FN","AL1  3FN","AL1 3FN","200912","","E10000015","E58000663","E07000240","E05013948","E43000290","0","515501","0207525","1","E18000006","E40000007","E92000001","E12000006","5","E14001507","E15000006","E24000005","E30000237","E16000150","E07000240","26UGFZ","E00120223","26UGFZ","E65000001","E01023676","E02004934","5","2B2","E00120223","E01023676","E02004934","E33027440","E38000079","E63011552","C1","2C1",51.754517,-0.328084,"E37000048","","E23000027",28829,"E56000035","E54000025","E00189359","E01023676","E02004934"
"AL1 3FP","AL1  3FP","AL1 3FP","201001","","E10000015","E58000663","E07000240","E05013948","E43000290","0","515532","0207520","1","E18000006","E40000007","E92000001","E12000006","5","E14001507","E15000006","E24000005","E30000237","E16000150","E07000240","26UGFZ","E00120223","26UGFZ","E65000001","E01023676","E02004934","5","2B2","E00120223","E01023676","E02004934","E33027440","E38000079","E63011552","C1","2C1",51.754465,-0.327637,"E37000048","","E23000027",28829,"E56000035","E54000025","E00189359","E01023676","E02004934"
"AL1 3FR","AL1  3FR","AL1 3FR","201005","","E10000015","E58000663","E07000240","E05013948","E43000290","0","515473","0207391","1","E18000006","E40000007","E92000001","E12000006","5","E14001507","E15000006","E24000005","E30000237","E16000150","E07000240","26UGFZ","E00120223","26UGFZ","E65000001","E01023676","E02004934","5","2B2","E00120223","E01023676","E02004934","E33027440","E38000079","E63011552","C1","2C1",51.753318,-0.328534,"E37000048","","E23000027",28829,"E56000035","E54000025","E00189403","E01023676","E02004934"
"AL1 3FS","AL1  3FS","AL1 3FS","201005","","E10000015","E58000663","E07000240","E05013948","E43000290","0","515364","0207548","1","E18000006","E40000007","E92000001","E12000006","5","E14001507","E15000006","E24000005","E30000237","E16000150","E07000240","26UGFZ","E00120223","26UGFZ","E65000001","E01023676","E02004934","5","2B2","E00120223","E01023676","E02004934","E33027440","E38000079","E63011552","C1","2C1",51.754757,-0.330037,"E37000048","","E23000027",28829,"E56000035","E54000025","E00189359","E01023676","E02004934"
"AL1 3FT","AL1  3FT","AL1 3FT","201006","","E10000015","E58000663","E07000240","E05013948","E43000290","0","515423","0207535","1","E18000006","E40000007","E92000001","E12000006","5","E14001507","E15000006","E24000005","E30000237","E16000150","E07000240","26UGFZ","E00120223","26UGFZ","E65000001","E01023676","E02004934","5","2B2","E00120223","E01023676","E02004934","E33027440","E38000079","E63011552","C1","2C1",51.754623,-0.329210,"E37000048","","E23000027",28829,"E56000035","E54000025","E00189359","E01023676","E02004934"
"AL1 3FU","AL1  3FU","AL1 3FU","201304","","E10000015","E58000663","E07000240","E05013964","E43000290","0","515677","0206640","1","E18000006","E40000007","E92000001","E12000006","5","E14001507","E15000006","E24000005","E30000237","E16000150","E07000240","26UGGM","E00120487","26UGGM","E65000001","E01023729","E02004935","5","7A3","E00120487","E01023729","E02004935","E33027450","E38000079","E63011552","C1","3D1",51.746527,-0.325830,"E37000048","","E23000027",27026,"E56000035","E54000025","E00189377","E01035567","E02004935"
"AL1 3FW","AL1  3FW","AL1 3FW","201007","","E10000015","E58000663","E07000240","E05013948","E43000290","0","515461","0207530","1","E18000006","E40000007","E92000001","E12000006","5","E14001507","E15000006","E24000005","E30000237","E16000150","E07000240","26UGFZ","E00120223","26UGFZ","E65000001","E01023676","E02004934","5","2B2","E00120223","E01023676","E02004934","E33027440","E38000079","E63011552","C1","2C1",51.754570,-0.328662,"E37000048","","E23000027",28829,"E56000035","E54000025","E00189359","E01023676","E02004934"
"AL1 3FX","AL1  3FX","AL1 3FX","201005","","E10000015","E58000663","E07000240","E05013948","E43000290","0","515393","0207546","1","E18000006","E40000007","E92000001","E12000006","5","E14001507","E15000006","E24000005","E30000237","E16000150","E07000240","26UGFZ","E00120223","26UGFZ","E65000001","E01023676","E02004934","5","2B2","E00120223","E01023676","E02004934","E33027440","E38000079","E63011552","C1","2C1",51.754728,-0.329641,"E37000048","","E23000027",28829,"E56000035","E54000025","E00189359","E01023676","E02004934"
"AL1 3FY","AL1  3FY","AL1 3FY","201407","","E10000015","E58000663","E07000240","E05013964","E43000290","0","515627","0206743","1","E18000006","E40000007","E92000001","E12000006","5","E14001507","E15000006","E24000005","E30000237","E16000150","E07000240","26UGGM","E00120487","26UGGM","E65000001","E01023729","E02004935","5","7A3","E00120487","E01023729","E02004935","E33027450","E38000079","E63011552","C1","3D1",51.747468,-0.326496,"E37000048","","E23000027",27026,"E56000035","E54000025","E00189405","E01035567","E02004935"
"AL1 3FZ","AL1  3FZ","AL1 3FZ","201304","","E10000015","E58000663","E07000240","E05013964","E43000290","0","515720","0206691","1","E18000006","E40000007","E92000001","E12000006","5","E14001507","E15000006","E24000005","E30000237","E16000150","E07000240","26UGGM","E00120487","26UGGM","E65000001","E01023729","E02004935","5","7A3","E00120487","E01023729","E02004935","E33027450","E38000079","E63011552","C1","3D1",51.746976,-0.325190,"E37000048","","E23000027",27026,"E56000035","E54000025","E00189436","E01035566","E02004935"
"AL1 3GA","AL1  3GA","AL1 3GA","201304","201707","E10000015","E58000664","E07000240","E05013956","E43000290","1","517321","0206803","1","E18000006","E40000007","E92000001","E12000006","5","E14001507","E15000006","E24000005","E30000237","E16000150","E07000240","26UGFX","E00120196","26UGFX","E65000001","E01023667","E02004936","5","6D1","E00120196","E01023667","E02004936","E33027453","E38000079","E63011552","C1","5A2",51.747650,-0.301973,"E37000048","","E23000027",30628,"E56000035","E54000025","E00120196","E01023667","E02004936"
"AL1 3GB","AL1  3GB","AL1 3GB","199706","199906","E10000015","E58000663","E07000240","E05013964","E43000290","1","515248","0207293","6","E18000006","E40000007","E92000001","E12000006","5","E14001507","E15000006","E24000005","E30000237","E16000150","E07000240","26UGGM","E00120484","26UGGM","E65000001","E01023727","E02004935","5","2B1","E00120484","E01023727","E02004935","E33024340","E38000079","E63011552","C1","2C1",51.752484,-0.331825,"E37000048","","E23000027",15120,"E56000035","E54000025","E00120484","E01023727","E02004935"
"AL1 3GD","AL1  3GD","AL1 3GD","199706","200304","E10000015","E58000664","E07000240","E05013956","E43000290","1","517328","0206823","1","E18000006","E40000007","E92000001","E12000006","5","E14001507","E15000006","E24000005","E30000237","E16000150","E07000240","26UGFX","E00120196","26UGFX","E65000001","E01023667","E02004936","5","6D1","E00120196","E01023667","E02004936","E33027453","E38000079","E63011552","C1","5A2",51.747828,-0.301865,"E37000048","","E23000027",30628,"E56000035","E54000025","E00120196","E01023667","E02004936"
"AL1 3GE","AL1  3GE","AL1 3GE","199706","199906","E10000015","E58000663","E07000240","E05013964","E43000290","1","515248","0207293","6","E18000006","E40000007","E92000001","E12000006","5","E14001507","E15000006","E24000005","E30000237","E16000150","E07000240","26UGGM","E00120484","26UGGM","E65000001","E01023727","E02004935","5","2B1","E00120484","E01023727","E02004935","E33024340","E38000079","E63011552","C1","2C1",51.752484,-0.331825,"E37000048","","E23000027",15120,"E56000035","E54000025","E00120484","E01023727","E02004935"
"AL1 3GF","AL1  3GF","AL1 3GF","201011","","E10000015","E58000663","E07000240","E05013948","E43000290","0","515327","0207451","1","E18000006","E40000007","E92000001","E12000006","5","E14001507","E15000006","E24000005","E30000237","E16000150","E07000240","26UGFZ","E00120230","26UGFZ","E65000001","E01023676","E02004934","5","2B2","E00120230","E01023676","E02004934","E33027439","E38000079","E63011552","C1","2D2",51.753887,-0.330628,"E37000048","","E23000027",28829,"E56000035","E54000025","E00189421","E01023676","E02004934"
"AL1 3GG","AL1  3GG","AL1 3GG","201009","","E10000015","E58000663","E07000240","E05013948","E43000290","0","515513","0207435","1","E18000006","E40000007","E92000001","E12000006","5","E14001507","E15000006","E24000005","E30000237","E16000150","E07000240","26UGFZ","E00120223","26UGFZ","E65000001","E01023676","E02004934","5","2B2","E00120223","E01023676","E02004934","E33027440","E38000079","E63011552","C1","2C1",51.753705,-0.327940,"E37000048","","E23000027",28829,"E56000035","E54000025","E00189403","E01023676","E02004934"
"AL1 3GH","AL1  3GH","AL1 3GH","201011","","E10000015","E58000663","E07000240","E05013948","E43000290","0","515460","0207418","1","E18000006","E40000007","E92000001","E12000006","5","E14001507","E15000006","E24000005","E30000237","E16000150","E07000240","26UGFZ","E00120223","26UGFZ","E65000001","E01023676","E02004934","5","2B2","E00120223","E01023676","E02004934","E33027440","E38000079","E63011552","C1","2C1",51.753563,-0.328713,"E37000048","","E23000027",28829,"E56000035","E54000025","E00189403","E01023676","E02004934"
"AL1 3GJ","AL1  3GJ","AL1 3GJ","201101","","E10000015","E58000663","E07000240","E05013948","E43000290","0","515370","0207509","1","E18000006","E40000007","E92000001","E12000006","5","E14001507","E15000006","E24000005","E30000237","E16000150","E07000240","26UGFZ","E00120230","26UGFZ","E65000001","E01023676","E02004934","5","2B2","E00120230","E01023676","E02004934","E33027439","E38000079","E63011552","C1","2D2",51.754406,-0.329963,"E37000048","","E23000027",28829,"E56000035","E54000025","E00189421","E01023676","E02004934"
"AL1 3GL","AL1  3GL","AL1 3GL","201103","","E10000015","E58000663","E07000240","E05013948","E43000290","0","515478","0207443","1","E18000006","E40000007","E92000001","E12000006","5","E14001507","E15000006","E24000005","E30000237","E16000150","E07000240","26UGFZ","E00120223","26UGFZ","E65000001","E01023676","E02004934","5","2B2","E00120223","E01023676","E02004934","E33027440","E38000079","E63011552","C1","2C1",51.753784,-0.328445,"E37000048","","E23000027",28829,"E56000035","E54000025","E00189403","E01023676","E02004934"
"AL1 3GN","AL1  3GN","AL1 3GN","201509","","E10000015","E58000663","E07000240","E05013948","E43000290","0","515290","0207454","1","E18000006","E40000007","E92000001","E12000006","5","E14001507","E15000006","E24000005","E30000237","E16000150","E07000240","26UGFZ","E00120230","26UGFZ","E65000001","E01023676","E02004934","5","2B2","E00120230","E01023676","E02004934","E33027439","E38000079","E63011552","C1","2D2",51.753922,-0.331163,"E37000048","","E23000027",28829,"E56000035","E54000025","E00189421","E01023676","E02004934"
"AL1 3GP","AL1  3GP","AL1 3GP","201101","","E10000015","E58000663","E07000240","E05013948","E43000290","0","515326","0207504","1","E18000006","E40000007","E92000001","E12000006","5","E14001507","E15000006","E24000005","E30000237","E16000150","E07000240","26UGFZ","E00120230","26UGFZ","E65000001","E01023676","E02004934","5","2B2","E00120230","E01023676","E02004934","E33027439","E38000079","E63011552","C1","2D2",51.754364,-0.330625,"E37000048","","E23000027",28829,"E56000035","E54000025","E00189421","E01023676","E02004934"
"AL1 3GQ","AL1  3GQ","AL1 3GQ","201105","","E10000015","E58000663","E07000240","E05013948","E43000290","0","515473","0207497","1","E18000006","E40000007","E92000001","E12000006","5","E14001507","E15000006","E24000005","E30000237","E16000150","E07000240","26UGFZ","E00120223","26UGFZ","E65000001","E01023676","E02004934","5","2B2","E00120223","E01023676","E02004934","E33027440","E38000079","E63011552","C1","2C1",51.754271,-0.328499,"E37000048","","E23000027",28829,"E56000035","E54000025","E00189359","E01023676","E02004934"
"AL1 3GR","AL1  3GR","AL1 3GR","201105","","E10000015","E58000663","E07000240","E05013948","E43000290","0","515420","0207486","1","E18000006","E40000007","E92000001","E12000006","5","E14001507","E15000006","E24000005","E30000237","E16000150","E07000240","26UGFZ","E00120223","26UGFZ","E65000001","E01023676","E02004934","5","2B2","E00120223","E01023676","E02004934","E33027440","E38000079","E63011552","C1","2C1",51.754183,-0.329270,"E37000048","","E23000027",28829,"E56000035","E54000025","E00189359","E01023676","E02004934"
"AL1 3GS","AL1  3GS","AL1 3GS","201109","","E10000015","E58000663","E07000240","E05013948","E43000290","0","515380","0207478","1","E18000006","E40000007","E92000001","E12000006","5","E14001507","E15000006","E24000005","E30000237","E16000150","E07000240","26UGFZ","E00120230","26UGFZ","E65000001","E01023676","E02004934","5","2B2","E00120230","E01023676","E02004934","E33027439","E38000079","E63011552","C1","2D2",51.754125,-0.329829,"E37000048","","E23000027",28829,"E56000035","E54000025","E00189421","E01023676","E02004934"
"AL1 3GT","AL1  3GT","AL1 3GT","201107","","E10000015","E58000663","E07000240","E05013948","E43000290","0","515514","0207479","1","E18000006","E40000007","E92000001","E12000006","5","E14001507","E15000006","E24000005","E30000237","E16000150","E07000240","26UGFZ","E00120223","26UGFZ","E65000001","E01023676","E02004934","5","2B2","E00120223","E01023676","E02004934","E33027440","E38000079","E63011552","C1","2C1",51.754101,-0.327911,"E37000048","","E23000027",28829,"E56000035","E54000025","E00189403","E01023676","E02004934"
"AL1 3GU","AL1  3GU","AL1 3GU","201107","","E10000015","E58000663","E07000240","E05013948","E43000290","0","515407","0207444","1","E18000006","E40000007","E92000001","E12000006","5","E14001507","E15000006","E24000005","E30000237","E16000150","E07000240","26UGFZ","E00120223","26UGFZ","E65000001","E01023676","E02004934","5","2B2","E00120223","E01023676","E02004934","E33027440","E38000079","E63011552","C1","2C1",51.753808,-0.329472,"E37000048","","E23000027",28829,"E56000035","E54000025","E00189403","E01023676","E02004934"
"AL1 3GW","AL1  3GW","AL1 3GW","201112","","E10000015","E58000663","E07000240","E05013964","E43000290","0","515657","0206779","1","E18000006","E40000007","E92000001","E12000006","5","E14001507","E15000006","E24000005","E30000237","E16000150","E07000240","26UGGM","E00120487","26UGGM","E65000001","E01023729","E02004935","5","7A3","E00120487","E01023729","E02004935","E33027450","E38000079","E63011552","C1","3D1",51.747780,-0.326073,"E37000048","","E23000027",27026,"E56000035","E54000025","E00189396","E01035566","E02004935"
"AL1 3GX","AL1  3GX","AL1 3GX","201207","","E10000015","E58000663","E07000240","E05013964","E43000290","0","515724","0206752","1","E18000006","E40000007","E92000001","E12000006","5","E14001507","E15000006","E24000005","E30000237","E16000150","E07000240","26UGGM","E00120487","26UGGM","E65000001","E01023729","E02004935","5","7A3","E00120487","E01023729","E02004935","E33027450","E38000079","E63011552","C1","3D1",51.747524,-0.325112,"E37000048","","E23000027",27026,"E56000035","E54000025","E00189436","E01035566","E02004935"
"AL1 3GY","AL1  3GY","AL1 3GY","199712","199912","E10000015","E58000663","E07000240","E05013964","E43000290","1","515200","0206900","8","E18000006","E40000007","E92000001","E12000006","5","E14001507","E15000006","E24000005","E30000237","E16000150","E07000240","26UGGM","E00120493","26UGGM","E65000001","E01023726","E02004935","5","2B2","E00120493","E01023726","E02004935","E33027447","E38000079","E63011552","C1","2D2",51.748962,-0.332650,"E37000048","","E23000027",29172,"E56000035","E54000025","E00120493","E01023726","E02004935"
"AL1 3GZ","AL1  3GZ","AL1 3GZ","202409","","E10000015","E58000663","E07000240","E05013964","E43000290","0","515224","0207132","1","E18000006","E40000007","E92000001","E12000006","5","E14001507","E15000006","E24000005","E30000237","E16000150","E07000240","26UGGM","E00120483","26UGGM","E65000001","E01023727","E02004935","5","2B2","E00120483","E01023727","E02004935","E33027449","E38000079","E63011552","C1","2D1",51.751047,-0.332202,"E37000048","","E23000027",15120,"E56000035","E54000025","E00120483","E01023727","E02004935"
"AL1 3HA","AL1  3HA","AL1 3HA","198001","","E10000015","E58000663","E07000240","E05013948","E43000290","0","515116","0207848","1","E18000006","E40000007","E92000001","E12000006","5","E14001507","E15000006","E24000005","E30000237","E16000150","E07000240","26UGFZ","E00120230","26UGFZ","E65000001","E01023676","E02004934","5","2B2","E00120230","E01023676","E02004934","E33027439","E38000079","E63011552","C1","2D2",51.757505,-0.333529,"E37000048","","E23000027",28829,"E56000035","E54000025","E00189348","E01023676","E02004934"
"AL1 3HB","AL1  3HB","AL1 3HB","201502","","E10000015","E58000663","E07000240","E05013948","E43000290","0","515093","0207780","1","E18000006","E40000007","E92000001","E12000006","5","E14001507","E15000006","E24000005","E30000237","E16000150","E07000240","26UGFZ","E00120230","26UGFZ","E65000001","E01023676","E02004934","5","2B2","E00120230","E01023676","E02004934","E33027439","E38000079","E63011552","C1","2D2",51.756892,-0.333908,"E37000048","","E23000027",28829,"E56000035","E54000025","E00189348","E01023676","E02004934"
"AL1 3HD","AL1  3HD","AL1 3HD","198001","","E10000015","E58000663","E07000240","E05013948","E43000290","0","515076","0207747","1","E18000006","E40000007","E92000001","E12000006","5","E14001507","E15000006","E24000005","E30000237","E16000150","E07000240","26UGFZ","E00120230","26UGFZ","E65000001","E01023676","E02004934","5","2B2","E00120230","E01023676","E02004934","E33027439","E38000079","E63011552","C1","2D2",51.756605,-0.334142,"E37000048","","E23000027",28829,"E56000035","E54000025","E00189348","E01023676","E02004934"
"AL1 3HE","AL1  3HE","AL1 3HE","198001","","E10000015","E58000663","E07000240","E05013948","E43000290","0","515056","0207722","1","E18000006","E40000007","E92000001","E12000006","5","E14001507","E15000006","E24000005","E30000237","E16000150","E07000240","26UGFZ","E00120230","26UGFZ","E65000001","E01023676","E02004934","5","2B2","E00120230","E01023676","E02004934","E33027439","E38000079","E63011552","C1","2D2",51.756379,-0.334463,"E37000048","","E23000027",28829,"E56000035","E54000025","E00189348","E01023676","E02004934"
"AL1 3HF","AL1  3HF","AL1 3HF","198001","","E10000015","E58000663","E07000240","E05013948","E43000290","0","515013","0207627","1","E18000006","E40000007","E92000001","E12000006","5","E14001507","E15000006","E24000005","E30000237","E16000150","E07000240","26UGFZ","E00120230","26UGFZ","E65000001","E01023676","E02004934","5","2B2","E00120230","E01023676","E02004934","E33027439","E38000079","E63011552","C1","2D2",51.755539,-0.335094,"E37000048","","E23000027",28829,"E56000035","E54000025","E00189348","E01023676","E02004934"
"AL1 3HG","AL1  3HG","AL1 3HG","198001","","E10000015","E58000663","E07000240","E05013948","E43000290","0","514992","0207564","1","E18000006","E40000007","E92000001","E12000006","5","E14001507","E15000006","E24000005","E30000237","E16000150","E07000240","26UGFZ","E00120230","26UGFZ","E65000001","E01023676","E02004934","5","2B2","E00120230","E01023676","E02004934","E33027439","E38000079","E63011552","C1","2D2",51.754978,-0.335419,"E37000048","","E23000027",28829,"E56000035","E54000025","E00189348","E01023676","E02004934"
"AL1 3HH","AL1  3HH","AL1 3HH","198402","200501","E10000015","E58000663","E07000240","E05013964","E43000290","1","514954","0207630","1","E18000006","E40000007","E92000001","E12000006","5","E14001507","E15000006","E24000005","E30000237","E16000150","E07000240","26UGGM","E00120478","26UGGM","E65000001","E01023728","E02004935","5","6D1","E00120478","E01023728","E02004935","E33027446","E38000079","E63011552","C1","2D2",51.755573,-0.335971,"E37000048","","E23000027",29815,"E56000035","E54000025","E00120478","E01023728","E02004935"
"AL1 3HJ","AL1  3HJ","AL1 3HJ","200608","201503","E10000015","E58000664","E07000240","E05013956","E43000290","1","517328","0206823","1","E18000006","E40000007","E92000001","E12000006","5","E14001507","E15000006","E24000005","E30000237","E16000150","E07000240","26UGFX","E00120196","26UGFX","E65000001","E01023667","E02004936","5","6D1","E00120196","E01023667","E02004936","E33027453","E38000079","E63011552","C1","5A2",51.747828,-0.301865,"E37000048","","E23000027",30628,"E56000035","E54000025","E00120196","E01023667","E02004936"
"AL1 3HL","AL1  3HL","AL1 3HL","198803","","E10000015","E58000663","E07000240","E05013964","E43000290","0","514829","0207174","1","E18000006","E40000007","E92000001","E12000006","5","E14001507","E15000006","E24000005","E30000237","E16000150","E07000240","26UGGM","E00120481","26UGGM","E65000001","E01023727","E02004935","5","2B2","E00120481","E01023727","E02004935","E33024332","E38000079","E63011552","C1","2D1",51.751500,-0.337931,"E37000048","","E23000027",15120,"E56000035","E54000025","E00120481","E01023727","E02004935"
"AL1 3HN","AL1  3HN","AL1 3HN","199301","200505","E10000015","E58000663","E07000240","E05013964","E43000290","1","514892","0207394","1","E18000006","E40000007","E92000001","E12000006","5","E14001507","E15000006","E24000005","E30000237","E16000150","E07000240","26UGGM","E00120479","26UGGM","E65000001","E01023727","E02004935","5","2B1","E00120479","E01023727","E02004935","E33024329","E38000079","E63011552","C1","2D1",51.753464,-0.336946,"E37000048","","E23000027",15120,"E56000035","E54000025","E00120479","E01023727","E02004935"
"AL1 3HP","AL1  3HP","AL1 3HP","198803","","E10000015","E58000663","E07000240","E05013948","E43000290","0","515584","0207543","1","E18000006","E40000007","E92000001","E12000006","5","E14001507","E15000006","E24000005","E30000237","E16000150","E07000240","26UGFZ","E00120223","26UGFZ","E65000001","E01023676","E02004934","5","2B2","E00120223","E01023676","E02004934","E33027440","E38000079","E63011552","C1","2C1",51.754667,-0.326853,"E37000048","","E23000027",28829,"E56000035","E54000025","E00189337","E01023676","E02004934"
"AL1 3HQ","AL1  3HQ","AL1 3HQ","198001","199612","E10000015","E58000663","E07000240","E05013964","E43000290","1","514900","0207500","8","E18000006","E40000007","E92000001","E12000006","5","E14001507","E15000006","E24000005","E30000237","E16000150","E07000240","26UGGM","E00120479","26UGGM","E65000001","E01023727","E02004935","5","2B1","E00120479","E01023727","E02004935","E33024325","E38000079","E63011552","C1","2D1",51.754415,-0.336796,"E37000048","","E23000027",15120,"E56000035","E54000025","E00120479","E01023727","E02004935"
"AL1 3HR","AL1  3HR","AL1 3HR","199208","201606","E10000015","E58000663","E07000240","E05013964","E43000290","1","514948","0207159","1","E18000006","E40000007","E92000001","E12000006","5","E14001507","E15000006","E24000005","E30000237","E16000150","E07000240","26UGGM","E00120491","26UGGM","E65000001","E01023726","E02004935","5","2B2","E00120491","E01023726","E02004935","E33024341","E38000079","E63011552","C1","5A3",51.751341,-0.336213,"E37000048","","E23000027",29172,"E56000035","E54000025","E00120491","E01023726","E02004935"
"AL1 3HS","AL1  3HS","AL1 3HS","198402","","E10000015","E58000663","E07000240","E05013964","E43000290","0","514793","0207223","1","E18000006","E40000007","E92000001","E12000006","5","E14001507","E15000006","E24000005","E30000237","E16000150","E07000240","26UGGM","E00120481","26UGGM","E65000001","E01023727","E02004935","5","2B2","E00120481","E01023727","E02004935","E33024332","E38000079","E63011552","C1","2D1",51.751954,-0.338413,"E37000048","","E23000027",15120,"E56000035","E54000025","E00120481","E01023727","E02004935"
"AL1 3HT","AL1  3HT","AL1 3HT","198402","","E10000015","E58000663","E07000240","E05013964","E43000290","0","514769","0207215","1","E18000006","E40000007","E92000001","E12000006","5","E14001507","E15000006","E24000005","E30000237","E16000150","E07000240","26UGGM","E00120481","26UGGM","E65000001","E01023727","E02004935","5","2B2","E00120481","E01023727","E02004935","E33024333","E38000079","E63011552","C1","2D1",51.751881,-0.338787,"E37000048","","E23000027",15120,"E56000035","E54000025","E00120481","E01023727","E02004935"
"AL1 3HU","AL1  3HU","AL1 3HU","198402","201804","E10000015","E58000663","E07000240","E05013964","E43000290","0","514796","0207205","1","E18000006","E40000007","E92000001","E12000006","5","E14001507","E15000006","E24000005","E30000237","E16000150","E07000240","26UGGM","E00120481","26UGGM","E65000001","E01023727","E02004935","5","2B2","E00120481","E01023727","E02004935","E33024332","E38000079","E63011552","C1","2D1",51.751785,-0.338399,"E37000048","","E23000027",15120,"E56000035","E54000025","E00120481","E01023727","E02004935"
"AL1 3HW","AL1  3HW","AL1 3HW","199308","200311","E10000015","E58000663","E07000240","E05013964","E43000290","1","515541","0206668","1","E18000006","E40000007","E92000001","E12000006","5","E14001507","E15000006","E24000005","E30000237","E16000150","E07000240","26UGGM","E00120496","26UGGM","E65000001","E01023729","E02004935","5","2B1","E00120496","E01023729","E02004935","E33024342","E38000079","E63011552","C1","2D1",51.746806,-0.327790,"E37000048","","E23000027",27026,"E56000035","E54000025","E00189411","E01035567","E02004935"
"AL1 3HX","AL1  3HX","AL1 3HX","199612","200310","E10000015","E58000664","E07000240","E05013956","E43000290","1","517328","0206823","1","E18000006","E40000007","E92000001","E12000006","5","E14001507","E15000006","E24000005","E30000237","E16000150","E07000240","26UGFX","E00120196","26UGFX","E65000001","E01023667","E02004936","5","6D1","E00120196","E01023667","E02004936","E33027453","E38000079","E63011552","C1","5A2",51.747828,-0.301865,"E37000048","","E23000027",30628,"E56000035","E54000025","E00120196","E01023667","E02004936"
"AL1 3HY","AL1  3HY","AL1 3HY","199706","200203","E10000015","E58000664","E07000240","E05013956","E43000290","1","517328","0206823","1","E18000006","E40000007","E92000001","E12000006","5","E14001507","E15000006","E24000005","E30000237","E16000150","E07000240","26UGFX","E00120196","26UGFX","E65000001","E01023667","E02004936","5","6D1","E00120196","E01023667","E02004936","E33027453","E38000079","E63011552","C1","5A2",51.747828,-0.301865,"E37000048","","E23000027",30628,"E56000035","E54000025","E00120196","E01023667","E02004936"
"AL1 3HZ","AL1  3HZ","AL1 3HZ","198001","","E10000015","E58000663","E07000240","E05013964","E43000290","0","514978","0207145","1","E18000006","E40000007","E92000001","E12000006","5","E14001507","E15000006","E24000005","E30000237","E16000150","E07000240","26UGGM","E00120491","26UGGM","E65000001","E01023726","E02004935","5","2B2","E00120491","E01023726","E02004935","E33024341","E38000079","E63011552","C1","5A3",51.751215,-0.335760,"E37000048","","E23000027",29172,"E56000035","E54000025","E00120491","E01023726","E02004935"
"AL1 3JA","AL1  3JA","AL1 3JA","200305","201307","E10000015","E58000663","E07000240","E05013964","E43000290","1","515064","0207360","1","E18000006","E40000007","E92000001","E12000006","5","E14001507","E15000006","E24000005","E30000237","E16000150","E07000240","26UGGM","E00120479","26UGGM","E65000001","E01023727","E02004935","5","2B1","E00120479","E01023727","E02004935","E33024324","E38000079","E63011552","C1","2D1",51.753124,-0.334467,"E37000048","","E23000027",15120,"E56000035","E54000025","E00120479","E01023727","E02004935"
"AL1 3JB","AL1  3JB","AL1 3JB","198001","","E10000015","E58000663","E07000240","E05013964","E43000290","0","514829","0207213","1","E18000006","E40000007","E92000001","E12000006","5","E14001507","E15000006","E24000005","E30000237","E16000150","E07000240","26UGGM","E00120481","26UGGM","E65000001","E01023727","E02004935","5","2B2","E00120481","E01023727","E02004935","E33024332","E38000079","E63011552","C1","2D1",51.751851,-0.337918,"E37000048","","E23000027",15120,"E56000035","E54000025","E00120481","E01023727","E02004935"
"AL1 3JD","AL1  3JD","AL1 3JD","200006","","E10000015","E58000663","E07000240","E05013964","E43000290","0","514798","0207231","1","E18000006","E40000007","E92000001","E12000006","5","E14001507","E15000006","E24000005","E30000237","E16000150","E07000240","26UGGM","E00120481","26UGGM","E65000001","E01023727","E02004935","5","2B2","E00120481","E01023727","E02004935","E33024332","E38000079","E63011552","C1","2D1",51.752019,-0.338361,"E37000048","","E23000027",15120,"E56000035","E54000025","E00120481","E01023727","E02004935"
"AL1 3JE","AL1  3JE","AL1 3JE","199208","","E10000015","E58000663","E07000240","E05013964","E43000290","1","514949","0207384","1","E18000006","E40000007","E92000001","E12000006","5","E14001507","E15000006","E24000005","E30000237","E16000150","E07000240","26UGGM","E00120479","26UGGM","E65000001","E01023727","E02004935","5","2B1","E00120479","E01023727","E02004935","E33024328","E38000079","E63011552","C1","2D1",51.753363,-0.336124,"E37000048","","E23000027",15120,"E56000035","E54000025","E00120479","E01023727","E02004935"
"AL1 3JF","AL1  3JF","AL1 3JF","198001","199906","E10000015","E58000663","E07000240","E05013964","E43000290","1","514909","0207265","1","E18000006","E40000007","E92000001","E12000006","5","E14001507","E15000006","E24000005","E30000237","E16000150","E07000240","26UGGM","E00120479","26UGGM","E65000001","E01023727","E02004935","5","2B1","E00120479","E01023727","E02004935","E33024326","E38000079","E63011552","C1","2D1",51.752302,-0.336743,"E37000048","","E23000027",15120,"E56000035","E54000025","E00120479","E01023727","E02004935"
"AL1 3JG","AL1  3JG","AL1 3JG","200803","","E10000015","E58000663","E07000240","E05013964","E43000290","0","514798","0207254","1","E18000006","E40000007","E92000001","E12000006","5","E14001507","E15000006","E24000005","E30000237","E16000150","E07000240","26UGGM","E00120481","26UGGM","E65000001","E01023727","E02004935","5","2B2","E00120481","E01023727","E02004935","E33024333","E38000079","E63011552","C1","2D1",51.752231,-0.338330,"E37000048","","E23000027",15120,"E56000035","E54000025","E00120481","E01023727","E02004935"
"AL1 3JH","AL1  3JH","AL1 3JH","199501","200402","E10000015","E58000664","E07000240","E05013956","E43000290","1","517328","0206823","1","E18000006","E40000007","E92000001","E12000006","5","E14001507","E15000006","E24000005","E30000237","E16000150","E07000240","26UGFX","E00120196","26UGFX","E65000001","E01023667","E02004936","5","6D1","E00120196","E01023667","E02004936","E33027453","E38000079","E63011552","C1","5A2",51.747828,-0.301865,"E37000048","","E23000027",30628,"E56000035","E54000025","E00120196","E01023667","E02004936"
"AL1 3JJ","AL1  3JJ","AL1 3JJ","198001","","E10000015","E58000663","E07000240","E05013964","E43000290","0","514865","0207240","1","E18000006","E40000007","E92000001","E12000006","5","E14001507","E15000006","E24000005","E30000237","E16000150","E07000240","26UGGM","E00120481","26UGGM","E65000001","E01023727","E02004935","5","2B2","E00120481","E01023727","E02004935","E33024334","E38000079","E63011552","C1","2D1",51.752086,-0.337388,"E37000048","","E23000027",15120,"E56000035","E54000025","E00120481","E01023727","E02004935"
"AL1 3JL","AL1  3JL","AL1 3JL","198001","201606","E10000015","E58000663","E07000240","E05013964","E43000290","1","514922","0207241","1","E18000006","E40000007","E92000001","E12000006","5","E14001507","E15000006","E24000005","E30000237","E16000150","E07000240","26UGGM","E00120479","26UGGM","E65000001","E01023727","E02004935","5","2B1","E00120479","E01023727","E02004935","E33024326","E38000079","E63011552","C1","2D1",51.752083,-0.336562,"E37000048","","E23000027",15120,"E56000035","E54000025","E00120479","E01023727","E02004935"
"AL1 3JN","AL1  3JN","AL1 3JN","200006","200507","E10000015","E58000664","E07000240","E05013956","E43000290","1","517328","0206823","1","E18000006","E40000007","E92000001","E12000006","5","E14001507","E15000006","E24000005","E30000237","E16000150","E07000240","26UGFX","E00120196","26UGFX","E65000001","E01023667","E02004936","5","6D1","E00120196","E01023667","E02004936","E33027453","E38000079","E63011552","C1","5A2",51.747828,-0.301865,"E37000048","","E23000027",30628,"E56000035","E54000025","E00120196","E01023667","E02004936"
"AL1 3JP","AL1  3JP","AL1 3JP","199501","200408","E10000015","E58000664","E07000240","E05013956","E43000290","1","517328","0206823","1","E18000006","E40000007","E92000001","E12000006","5","E14001507","E15000006","E24000005","E30000237","E16000150","E07000240","26UGFX","E00120196","26UGFX","E65000001","E01023667","E02004936","5","6D1","E00120196","E01023667","E02004936","E33027453","E38000079","E63011552","C1","5A2",51.747828,-0.301865,"E37000048","","E23000027",30628,"E56000035","E54000025","E00120196","E01023667","E02004936"
"AL1 3JQ","AL1  3JQ","AL1 3JQ","200006","","E10000015","E58000663","E07000240","E05013964","E43000290","1","514867","0207119","1","E18000006","E40000007","E92000001","E12000006","5","E14001507","E15000006","E24000005","E30000237","E16000150","E07000240","26UGGM","E00120481","26UGGM","E65000001","E01023727","E02004935","5","2B2","E00120481","E01023727","E02004935","E33024332","E38000079","E63011552","C1","2D1",51.750998,-0.337399,"E37000048","","E23000027",15120,"E56000035","E54000025","E00120481","E01023727","E02004935"
"AL1 3JR","AL1  3JR","AL1 3JR","198001","199912","E10000015","E58000663","E07000240","E05013964","E43000290","1","515014","0207263","1","E18000006","E40000007","E92000001","E12000006","5","E14001507","E15000006","E24000005","E30000237","E16000150","E07000240","26UGGM","E00120479","26UGGM","E65000001","E01023727","E02004935","5","2B1","E00120479","E01023727","E02004935","E33024324","E38000079","E63011552","C1","2D1",51.752262,-0.335223,"E37000048","","E23000027",15120,"E56000035","E54000025","E00120479","E01023727","E02004935"
"AL1 3JS","AL1  3JS","AL1 3JS","198001","201408","E10000015","E58000663","E07000240","E05013964","E43000290","1","515014","0207263","1","E18000006","E40000007","E92000001","E12000006","5","E14001507","E15000006","E24000005","E30000237","E16000150","E07000240","26UGGM","E00120479","26UGGM","E65000001","E01023727","E02004935","5","2B1","E00120479","E01023727","E02004935","E33024324","E38000079","E63011552","C1","2D1",51.752262,-0.335223,"E37000048","","E23000027",15120,"E56000035","E54000025","E00120479","E01023727","E02004935"
"AL1 3JT","AL1  3JT","AL1 3JT","199612","201309","E10000015","E58000663","E07000240","E05013964","E43000290","1","515064","0207360","1","E18000006","E40000007","E92000001","E12000006","5","E14001507","E15000006","E24000005","E30000237","E16000150","E07000240","26UGGM","E00120479","26UGGM","E65000001","E01023727","E02004935","5","2B1","E00120479","E01023727","E02004935","E33024324","E38000079","E63011552","C1","2D1",51.753124,-0.334467,"E37000048","","E23000027",15120,"E56000035","E54000025","E00120479","E01023727","E02004935"
"AL1 3JU","AL1  3JU","AL1 3JU","200510","","E10000015","E58000663","E07000240","E05013964","E43000290","1","515015","0207263","1","E18000006","E40000007","E92000001","E12000006","5","E14001507","E15000006","E24000005","E30000237","E16000150","E07000240","26UGGM","E00120479","26UGGM","E65000001","E01023727","E02004935","5","2B1","E00120479","E01023727","E02004935","E33024324","E38000079","E63011552","C1","2D1",51.752262,-0.335209,"E37000048","","E23000027",15120,"E56000035","E54000025","E00120479","E01023727","E02004935"
"AL1 3JW","AL1  3JW","AL1 3JW","198001","","E10000015","E58000663","E07000240","E05013964","E43000290","0","515020","0207217","1","E18000006","E40000007","E92000001","E12000006","5","E14001507","E15000006","E24000005","E30000237","E16000150","E07000240","26UGGM","E00120479","26UGGM","E65000001","E01023727","E02004935","5","2B1","E00120479","E01023727","E02004935","E33024326","E38000079","E63011552","C1","2D1",51.751853,-0.335128,"E37000048","","E23000027",15120,"E56000035","E54000025","E00120479","E01023727","E02004935"
"AL1 3JX","AL1  3JX","AL1 3JX","199101","","E10000015","E58000663","E07000240","E05013964","E43000290","0","515023","0207305","1","E18000006","E40000007","E92000001","E12000006","5","E14001507","E15000006","E24000005","E30000237","E16000150","E07000240","26UGGM","E00120479","26UGGM","E65000001","E01023727","E02004935","5","2B1","E00120479","E01023727","E02004935","E33024324","E38000079","E63011552","C1","2D1",51.752643,-0.335056,"E37000048","","E23000027",15120,"E56000035","E54000025","E00120479","E01023727","E02004935"
"AL1 3JY","AL1  3JY","AL1 3JY","198504","200702","E10000015","E58000663","E07000240","E05013964","E43000290","1","514909","0207265","1","E18000006","E40000007","E92000001","E12000006","5","E14001507","E15000006","E24000005","E30000237","E16000150","E07000240","26UGGM","E00120479","26UGGM","E65000001","E01023727","E02004935","5","2B1","E00120479","E01023727","E02004935","E33024326","E38000079","E63011552","C1","2D1",51.752302,-0.336743,"E37000048","","E23000027",15120,"E56000035","E54000025","E00120479","E01023727","E02004935"
"AL1 3JZ","AL1  3JZ","AL1 3JZ","201906","","E10000015","E58000663","E07000240","E05013964","E43000290","0","514954","0207268","1","E18000006","E40000007","E92000001","E12000006","5","E14001507","E15000006","E24000005","E30000237","E16000150","E07000240","26UGGM","E00120479","26UGGM","E65000001","E01023727","E02004935","5","2B1","E00120479","E01023727","E02004935","E33024326","E38000079","E63011552","C1","2D1",51.752325,-0.336067,"E37000048","","E23000027",15120,"E56000035","E54000025","E00120479","E01023727","E02004935"
"AL1 3LA","AL1  3LA","AL1 3LA","198001","201810","E10000015","E58000663","E07000240","E05013964","E43000290","0","514935","0207276","1","E18000006","E40000007","E92000001","E12000006","5","E14001507","E15000006","E24000005","E30000237","E16000150","E07000240","26UGGM","E00120479","26UGGM","E65000001","E01023727","E02004935","5","2B1","E00120479","E01023727","E02004935","E33024326","E38000079","E63011552","C1","2D1",51.752395,-0.336363,"E37000048","","E23000027",15120,"E56000035","E54000025","E00120479","E01023727","E02004935"
"AL1 3LB","AL1  3LB","AL1 3LB","198001","","E10000015","E58000663","E07000240","E05013964","E43000290","1","514905","0207286","1","E18000006","E40000007","E92000001","E12000006","5","E14001507","E15000006","E24000005","E30000237","E16000150","E07000240","26UGGM","E00120479","26UGGM","E65000001","E01023727","E02004935","5","2B1","E00120479","E01023727","E02004935","E33024326","E38000079","E63011552","C1","2D1",51.752491,-0.336794,"E37000048","","E23000027",15120,"E56000035","E54000025","E00120479","E01023727","E02004935"
"AL1 3LD","AL1  3LD","AL1 3LD","198001","","E10000015","E58000663","E07000240","E05013964","E43000290","0","514929","0207331","1","E18000006","E40000007","E92000001","E12000006","5","E14001507","E15000006","E24000005","E30000237","E16000150","E07000240","26UGGM","E00120479","26UGGM","E65000001","E01023727","E02004935","5","2B1","E00120479","E01023727","E02004935","E33024326","E38000079","E63011552","C1","2D1",51.752896,-0.336408,"E37000048","","E23000027",15120,"E56000035","E54000025","E00120479","E01023727","E02004935"
"AL1 3LE","AL1  3LE","AL1 3LE","198001","","E10000015","E58000663","E07000240","E05013964","E43000290","0","514866","0207296","1","E18000006","E40000007","E92000001","E12000006","5","E14001507","E15000006","E24000005","E30000237","E16000150","E07000240","26UGGM","E00120479","26UGGM","E65000001","E01023727","E02004935","5","2B1","E00120479","E01023727","E02004935","E33024329","E38000079","E63011552","C1","2D1",51.752589,-0.337355,"E37000048","","E23000027",15120,"E56000035","E54000025","E00120479","E01023727","E02004935"
"AL1 3LF","AL1  3LF","AL1 3LF","198001","","E10000015","E58000663","E07000240","E05013964","E43000290","0","514809","0207267","1","E18000006","E40000007","E92000001","E12000006","5","E14001507","E15000006","E24000005","E30000237","E16000150","E07000240","26UGGM","E00120481","26UGGM","E65000001","E01023727","E02004935","5","2B2","E00120481","E01023727","E02004935","E33024333","E38000079","E63011552","C1","2D1",51.752346,-0.338167,"E37000048","","E23000027",15120,"E56000035","E54000025","E00120481","E01023727","E02004935"
"AL1 3LG","AL1  3LG","AL1 3LG","198001","200305","E10000015","E58000663","E07000240","E05013964","E43000290","1","514810","0207270","1","E18000006","E40000007","E92000001","E12000006","5","E14001507","E15000006","E24000005","E30000237","E16000150","E07000240","26UGGM","E00120481","26UGGM","E65000001","E01023727","E02004935","5","2B2","E00120481","E01023727","E02004935","E33024333","E38000079","E63011552","C1","2D1",51.752367,-0.338175,"E37000048","","E23000027",15120,"E56000035","E54000025","E00120481","E01023727","E02004935"
"AL1 3LH","AL1  3LH","AL1 3LH","198001","","E10000015","E58000663","E07000240","E05013964","E43000290","0","514832","0207309","1","E18000006","E40000007","E92000001","E12000006","5","E14001507","E15000006","E24000005","E30000237","E16000150","E07000240","26UGGM","E00120481","26UGGM","E65000001","E01023727","E02004935","5","2B2","E00120481","E01023727","E02004935","E33024334","E38000079","E63011552","C1","2D1",51.752713,-0.337843,"E37000048","","E23000027",15120,"E56000035","E54000025","E00120481","E01023727","E02004935"
"AL1 3LJ","AL1  3LJ","AL1 3LJ","198001","","E10000015","E58000663","E07000240","E05013964","E43000290","1","514833","0207309","1","E18000006","E40000007","E92000001","E12000006","5","E14001507","E15000006","E24000005","E30000237","E16000150","E07000240","26UGGM","E00120481","26UGGM","E65000001","E01023727","E02004935","5","2B2","E00120481","E01023727","E02004935","E33024334","E38000079","E63011552","C1","2D1",51.752713,-0.337829,"E37000048","","E23000027",15120,"E56000035","E54000025","E00120481","E01023727","E02004935"
"AL1 3LL","AL1  3LL","AL1 3LL","198604","200707","E10000015","E58000663","E07000240","E05013964","E43000290","1","514893","0207404","1","E18000006","E40000007","E92000001","E12000006","5","E14001507","E15000006","E24000005","E30000237","E16000150","E07000240","26UGGM","E00120479","26UGGM","E65000001","E01023727","E02004935","5","2B1","E00120479","E01023727","E02004935","E33024329","E38000079","E63011552","C1","2D1",51.753554,-0.336929,"E37000048","","E23000027",15120,"E56000035","E54000025","E00120479","E01023727","E02004935"
"AL1 3LN","AL1  3LN","AL1 3LN","198001","199812","E10000015","E58000663","E07000240","E05013964","E43000290","1","514800","0207300","8","E18000006","E40000007","E92000001","E12000006","5","E14001507","E15000006","E24000005","E30000237","E16000150","E07000240","26UGGM","E00120481","26UGGM","E65000001","E01023727","E02004935","5","2B2","E00120481","E01023727","E02004935","E33024334","E38000079","E63011552","C1","2D1",51.752638,-0.338310,"E37000048","","E23000027",15120,"E56000035","E54000025","E00120481","E01023727","E02004935"
"AL1 3LP","AL1  3LP","AL1 3LP","198001","","E10000015","E58000663","E07000240","E05013964","E43000290","0","514897","0207391","1","E18000006","E40000007","E92000001","E12000006","5","E14001507","E15000006","E24000005","E30000237","E16000150","E07000240","26UGGM","E00120479","26UGGM","E65000001","E01023727","E02004935","5","2B1","E00120479","E01023727","E02004935","E33024329","E38000079","E63011552","C1","2D1",51.753442,-0.336852,"E37000048","","E23000027",15120,"E56000035","E54000025","E00120479","E01023727","E02004935"
"AL1 3LQ","AL1  3LQ","AL1 3LQ","199612","","E10000015","E58000663","E07000240","E05013964","E43000290","0","515035","0207325","1","E18000006","E40000007","E92000001","E12000006","5","E14001507","E15000006","E24000005","E30000237","E16000150","E07000240","26UGGM","E00120479","26UGGM","E65000001","E01023727","E02004935","5","2B1","E00120479","E01023727","E02004935","E33024324","E38000079","E63011552","C1","2D1",51.752815,-0.334898,"E37000048","","E23000027",15120,"E56000035","E54000025","E00120479","E01023727","E02004935"
"AL1 3LR","AL1  3LR","AL1 3LR","198803","199912","E10000015","E58000663","E07000240","E05013964","E43000290","1","515116","0207157","1","E18000006","E40000007","E92000001","E12000006","5","E14001507","E15000006","E24000005","E30000237","E16000150","E07000240","26UGGM","E00120482","26UGGM","E65000001","E01023727","E02004935","5","2B2","E00120482","E01023727","E02004935","E33024339","E38000079","E63011552","C1","2D2",51.751288,-0.333781,"E37000048","","E23000027",15120,"E56000035","E54000025","E00120482","E01023727","E02004935"
"AL1 3LS","AL1  3LS","AL1 3LS","202407","","E10000015","E58000663","E07000240","E05013964","E43000290","0","514956","0207227","1","E18000006","E40000007","E92000001","E12000006","5","E14001507","E15000006","E24000005","E30000237","E16000150","E07000240","26UGGM","E00120479","26UGGM","E65000001","E01023727","E02004935","5","2B1","E00120479","E01023727","E02004935","E33024326","E38000079","E63011552","C1","2D1",51.751956,-0.336052,"E37000048","","E23000027",15120,"E56000035","E54000025","E00120479","E01023727","E02004935"
"AL1 3LT","AL1  3LT","AL1 3LT","202407","","E10000015","E58000663","E07000240","E05013964","E43000290","0","514912","0207241","1","E18000006","E40000007","E92000001","E12000006","5","E14001507","E15000006","E24000005","E30000237","E16000150","E07000240","26UGGM","E00120479","26UGGM","E65000001","E01023727","E02004935","5","2B1","E00120479","E01023727","E02004935","E33024326","E38000079","E63011552","C1","2D1",51.752091,-0.336684,"E37000048","","E23000027",15120,"E56000035","E54000025","E00120479","E01023727","E02004935"
"AL1 3LU","AL1  3LU","AL1 3LU","199208","200602","E10000015","E58000664","E07000240","E05013956","E43000290","1","517328","0206823","1","E18000006","E40000007","E92000001","E12000006","5","E14001507","E15000006","E24000005","E30000237","E16000150","E07000240","26UGFX","E00120196","26UGFX","E65000001","E01023667","E02004936","5","6D1","E00120196","E01023667","E02004936","E33027453","E38000079","E63011552","C1","5A2",51.747828,-0.301865,"E37000048","","E23000027",30628,"E56000035","E54000025","E00120196","E01023667","E02004936"
"AL1 3LW","AL1  3LW","AL1 3LW","198001","","E10000015","E58000663","E07000240","E05013964","E43000290","0","514855","0207340","1","E18000006","E40000007","E92000001","E12000006","5","E14001507","E15000006","E24000005","E30000237","E16000150","E07000240","26UGGM","E00120479","26UGGM","E65000001","E01023727","E02004935","5","2B1","E00120479","E01023727","E02004935","E33024329","E38000079","E63011552","C1","2D1",51.752987,-0.337500,"E37000048","","E23000027",15120,"E56000035","E54000025","E00120479","E01023727","E02004935"
"AL1 3LX","AL1  3LX","AL1 3LX","198001","","E10000015","E58000663","E07000240","E05013964","E43000290","1","514902","0207421","1","E18000006","E40000007","E92000001","E12000006","5","E14001507","E15000006","E24000005","E30000237","E16000150","E07000240","26UGGM","E00120479","26UGGM","E65000001","E01023727","E02004935","5","2B1","E00120479","E01023727","E02004935","E33024329","E38000079","E63011552","C1","2D1",51.753705,-0.336793,"E37000048","","E23000027",15120,"E56000035","E54000025","E00120479","E01023727","E02004935"
"AL1 3LY","AL1  3LY","AL1 3LY","198109","","E10000015","E58000663","E07000240","E05013964","E43000290","1","514824","0207288","1","E18000006","E40000007","E92000001","E12000006","5","E14001507","E15000006","E24000005","E30000237","E16000150","E07000240","26UGGM","E00120481","26UGGM","E65000001","E01023727","E02004935","5","2B2","E00120481","E01023727","E02004935","E33024334","E38000079","E63011552","C1","2D1",51.752526,-0.337966,"E37000048","","E23000027",15120,"E56000035","E54000025","E00120481","E01023727","E02004935"
"AL1 3LZ","AL1  3LZ","AL1 3LZ","198803","","E10000015","E58000663","E07000240","E05013964","E43000290","0","514786","0207164","1","E18000006","E40000007","E92000001","E12000006","5","E14001507","E15000006","E24000005","E30000237","E16000150","E07000240","26UGGM","E00120481","26UGGM","E65000001","E01023727","E02004935","5","2B2","E00120481","E01023727","E02004935","E33024331","E38000079","E63011552","C1","2D1",51.751419,-0.338557,"E37000048","","E23000027",15120,"E56000035","E54000025","E00120481","E01023727","E02004935"
"AL1 3NA","AL1  3NA","AL1 3NA","198001","","E10000015","E58000663","E07000240","E05013964","E43000290","0","514909","0207427","1","E18000006","E40000007","E92000001","E12000006","5","E14001507","E15000006","E24000005","E30000237","E16000150","E07000240","26UGGM","E00120479","26UGGM","E65000001","E01023727","E02004935","5","2B1","E00120479","E01023727","E02004935","E33024329","E38000079","E63011552","C1","2D1",51.753758,-0.336689,"E37000048","","E23000027",15120,"E56000035","E54000025","E00120479","E01023727","E02004935"
"AL1 3NB","AL1  3NB","AL1 3NB","199507","199812","E10000015","E58000663","E07000240","E05013964","E43000290","1","515248","0207293","6","E18000006","E40000007","E92000001","E12000006","5","E14001507","E15000006","E24000005","E30000237","E16000150","E07000240","26UGGM","E00120484","26UGGM","E65000001","E01023727","E02004935","5","2B1","E00120484","E01023727","E02004935","E33024340","E38000079","E63011552","C1","2C1",51.752484,-0.331825,"E37000048","","E23000027",15120,"E56000035","E54000025","E00120484","E01023727","E02004935"
"AL1 3ND","AL1  3ND","AL1 3ND","199208","199412","E10000015","E58000663","E07000240","E05013964","E43000290","1","514900","0207300","8","E18000006","E40000007","E92000001","E12000006","5","E14001507","E15000006","E24000005","E30000237","E16000150","E07000240","26UGGM","E00120479","26UGGM","E65000001","E01023727","E02004935","5","2B1","E00120479","E01023727","E02004935","E33024326","E38000079","E63011552","C1","2D1",51.752618,-0.336862,"E37000048","","E23000027",15120,"E56000035","E54000025","E00120479","E01023727","E02004935"
"AL1 3NE","AL1  3NE","AL1 3NE","198001","198612","E10000015","E58000663","E07000240","E05013964","E43000290","1","514900","0207200","8","E18000006","E40000007","E92000001","E12000006","5","E14001507","E15000006","E24000005","E30000237","E16000150","E07000240","26UGGM","E00120481","26UGGM","E65000001","E01023727","E02004935","5","2B2","E00120481","E01023727","E02004935","E33024332","E38000079","E63011552","C1","2D1",51.751719,-0.336895,"E37000048","","E23000027",15120,"E56000035","E54000025","E00120481","E01023727","E02004935"
"AL1 3NF","AL1  3NF","AL1 3NF","198001","","E10000015","E58000663","E07000240","E05013964","E43000290","0","514950","0207498","1","E18000006","E40000007","E92000001","E12000006","5","E14001507","E15000006","E24000005","E30000237","E16000150","E07000240","26UGGM","E00120479","26UGGM","E65000001","E01023727","E02004935","5","2B1","E00120479","E01023727","E02004935","E33024325","E38000079","E63011552","C1","2D1",51.754393,-0.336049,"E37000048","","E23000027",15120,"E56000035","E54000025","E00120479","E01023727","E02004935"
"AL1 3NG","AL1  3NG","AL1 3NG","201109","","E10000015","E58000663","E07000240","E05013948","E43000290","0","515358","0207465","1","E18000006","E40000007","E92000001","E12000006","5","E14001507","E15000006","E24000005","E30000237","E16000150","E07000240","26UGFZ","E00120230","26UGFZ","E65000001","E01023676","E02004934","5","2B2","E00120230","E01023676","E02004934","E33027439","E38000079","E63011552","C1","2D2",51.754007,-0.330175,"E37000048","","E23000027",28829,"E56000035","E54000025","E00189421","E01023676","E02004934"
"AL1 3NH","AL1  3NH","AL1 3NH","200106","200211","E10000015","E58000664","E07000240","E05013956","E43000290","1","517328","0206823","1","E18000006","E40000007","E92000001","E12000006","5","E14001507","E15000006","E24000005","E30000237","E16000150","E07000240","26UGFX","E00120196","26UGFX","E65000001","E01023667","E02004936","5","6D1","E00120196","E01023667","E02004936","E33027453","E38000079","E63011552","C1","5A2",51.747828,-0.301865,"E37000048","","E23000027",30628,"E56000035","E54000025","E00120196","E01023667","E02004936"
"AL1 3NJ","AL1  3NJ","AL1 3NJ","199501","200602","E10000015","E58000664","E07000240","E05013956","E43000290","1","517328","0206823","1","E18000006","E40000007","E92000001","E12000006","5","E14001507","E15000006","E24000005","E30000237","E16000150","E07000240","26UGFX","E00120196","26UGFX","E65000001","E01023667","E02004936","5","6D1","E00120196","E01023667","E02004936","E33027453","E38000079","E63011552","C1","5A2",51.747828,-0.301865,"E37000048","","E23000027",30628,"E56000035","E54000025","E00120196","E01023667","E02004936"
"AL1 3NL","AL1  3NL","AL1 3NL","199101","","E10000015","E58000663","E07000240","E05013964","E43000290","0","515148","0207427","1","E18000006","E40000007","E92000001","E12000006","5","E14001507","E15000006","E24000005","E30000237","E16000150","E07000240","26UGGM","E00120479","26UGGM","E65000001","E01023727","E02004935","5","2B1","E00120479","E01023727","E02004935","E33024328","E38000079","E63011552","C1","2D1",51.753708,-0.333228,"E37000048","","E23000027",15120,"E56000035","E54000025","E00120479","E01023727","E02004935"
"AL1 3NN","AL1  3NN","AL1 3NN","199101","","E10000015","E58000663","E07000240","E05013964","E43000290","0","515166","0207427","1","E18000006","E40000007","E92000001","E12000006","5","E14001507","E15000006","E24000005","E30000237","E16000150","E07000240","26UGGM","E00120479","26UGGM","E65000001","E01023727","E02004935","5","2B1","E00120479","E01023727","E02004935","E33024328","E38000079","E63011552","C1","2D1",51.753711,-0.332944,"E37000048","","E23000027",15120,"E56000035","E54000025","E00120479","E01023727","E02004935"
"AL1 3NP","AL1  3NP","AL1 3NP","198001","","E10000015","E58000663","E07000240","E05013964","E43000290","1","514938","0207461","1","E18000006","E40000007","E92000001","E12000006","5","E14001507","E15000006","E24000005","E30000237","E16000150","E07000240","26UGGM","E00120479","26UGGM","E65000001","E01023727","E02004935","5","2B1","E00120479","E01023727","E02004935","E33024325","E38000079","E63011552","C1","2D1",51.754057,-0.336258,"E37000048","","E23000027",15120,"E56000035","E54000025","E00120479","E01023727","E02004935"
"AL1 3NQ","AL1  3NQ","AL1 3NQ","199612","199812","E10000015","E58000663","E07000240","E05013964","E43000290","1","515248","0207293","6","E18000006","E40000007","E92000001","E12000006","5","E14001507","E15000006","E24000005","E30000237","E16000150","E07000240","26UGGM","E00120484","26UGGM","E65000001","E01023727","E02004935","5","2B1","E00120484","E01023727","E02004935","E33024340","E38000079","E63011552","C1","2C1",51.752484,-0.331825,"E37000048","","E23000027",15120,"E56000035","E54000025","E00120484","E01023727","E02004935"
"AL1 3NR","AL1  3NR","AL1 3NR","199109","","E10000015","E58000663","E07000240","E05013948","E43000290","0","515505","0207396","1","E18000006","E40000007","E92000001","E12000006","5","E14001507","E15000006","E24000005","E30000237","E16000150","E07000240","26UGFZ","E00120223","26UGFZ","E65000001","E01023676","E02004934","5","2B2","E00120223","E01023676","E02004934","E33027440","E38000079","E63011552","C1","2C1",51.753356,-0.328069,"E37000048","","E23000027",28829,"E56000035","E54000025","E00189403","E01023676","E02004934"
"AL1 3NS","AL1  3NS","AL1 3NS","199002","","E10000015","E58000663","E07000240","E05013964","E43000290","0","515269","0207400","1","E18000006","E40000007","E92000001","E12000006","5","E14001507","E15000006","E24000005","E30000237","E16000150","E07000240","26UGGM","E00120479","26UGGM","E65000001","E01023727","E02004935","5","2B1","E00120479","E01023727","E02004935","E33024328","E38000079","E63011552","C1","2D1",51.753441,-0.331485,"E37000048","","E23000027",15120,"E56000035","E54000025","E00120479","E01023727","E02004935"
"AL1 3NT","AL1  3NT","AL1 3NT","201209","","E10000015","E58000663","E07000240","E05013964","E43000290","0","515753","0206716","1","E18000006","E40000007","E92000001","E12000006","5","E14001507","E15000006","E24000005","E30000237","E16000150","E07000240","26UGGM","E00120487","26UGGM","E65000001","E01023729","E02004935","5","7A3","E00120487","E01023729","E02004935","E33027450","E38000079","E63011552","C1","3D1",51.747194,-0.324704,"E37000048","","E23000027",27026,"E56000035","E54000025","E00189436","E01035566","E02004935"
"AL1 3NU","AL1  3NU","AL1 3NU","198109","","E10000015","E58000663","E07000240","E05013964","E43000290","0","515246","0207326","1","E18000006","E40000007","E92000001","E12000006","5","E14001507","E15000006","E24000005","E30000237","E16000150","E07000240","26UGGM","E00120484","26UGGM","E65000001","E01023727","E02004935","5","2B1","E00120484","E01023727","E02004935","E33024340","E38000079","E63011552","C1","2C1",51.752781,-0.331843,"E37000048","","E23000027",15120,"E56000035","E54000025","E00120484","E01023727","E02004935"
"AL1 3NW","AL1  3NW","AL1 3NW","199512","199612","E10000015","E58000663","E07000240","E05013964","E43000290","1","515000","0207400","8","E18000006","E40000007","E92000001","E12000006","5","E14001507","E15000006","E24000005","E30000237","E16000150","E07000240","26UGGM","E00120479","26UGGM","E65000001","E01023727","E02004935","5","2B1","E00120479","E01023727","E02004935","E33024328","E38000079","E63011552","C1","2D1",51.753496,-0.335380,"E37000048","","E23000027",15120,"E56000035","E54000025","E00120479","E01023727","E02004935"
"AL1 3NX","AL1  3NX","AL1 3NX","201202","","E10000015","E58000663","E07000240","E05013964","E43000290","0","515687","0206755","1","E18000006","E40000007","E92000001","E12000006","5","E14001507","E15000006","E24000005","E30000237","E16000150","E07000240","26UGGM","E00120487","26UGGM","E65000001","E01023729","E02004935","5","7A3","E00120487","E01023729","E02004935","E33027450","E38000079","E63011552","C1","3D1",51.747558,-0.325647,"E37000048","","E23000027",27026,"E56000035","E54000025","E00189377","E01035567","E02004935"
"AL1 3NZ","AL1  3NZ","AL1 3NZ","199812","","E10000015","E58000663","E07000240","E05013948","E43000290","0","515622","0207902","1","E18000006","E40000007","E92000001","E12000006","5","E14001507","E15000006","E24000005","E30000237","E16000150","E07000240","26UGFZ","E00120224","26UGFZ","E65000001","E01023675","E02004934","5","4D1","E00120224","E01023675","E02004934","E33027440","E38000079","E63011552","C1","5B1",51.757880,-0.326207,"E37000048","","E23000027",31313,"E56000035","E54000025","E00120224","E01023675","E02004934"
"AL1 3PA","AL1  3PA","AL1 3PA","198001","200405","E10000015","E58000663","E07000240","E05013948","E43000290","0","515523","0207468","1","E18000006","E40000007","E92000001","E12000006","5","E14001507","E15000006","E24000005","E30000237","E16000150","E07000240","26UGFZ","E00120223","26UGFZ","E65000001","E01023676","E02004934","5","2B2","E00120223","E01023676","E02004934","E33027440","E38000079","E63011552","C1","2C1",51.754000,-0.327785,"E37000048","","E23000027",28829,"E56000035","E54000025","E00189403","E01023676","E02004934"
"AL1 3PB","AL1  3PB","AL1 3PB","198001","","E10000015","E58000663","E07000240","E05013948","E43000290","0","515558","0207474","1","E18000006","E40000007","E92000001","E12000006","5","E14001507","E15000006","E24000005","E30000237","E16000150","E07000240","26UGFZ","E00120223","26UGFZ","E65000001","E01023676","E02004934","5","2B2","E00120223","E01023676","E02004934","E33027440","E38000079","E63011552","C1","2C1",51.754052,-0.327252,"E37000048","","E23000027",28829,"E56000035","E54000025","E00189337","E01023676","E02004934"
"AL1 3PD","AL1  3PD","AL1 3PD","198001","","E10000015","E58000663","E07000240","E05013948","E43000290","0","515545","0207586","1","E18000006","E40000007","E92000001","E12000006","5","E14001507","E15000006","E24000005","E30000237","E16000150","E07000240","26UGFZ","E00120223","26UGFZ","E65000001","E01023676","E02004934","5","2B2","E00120223","E01023676","E02004934","E33027440","E38000079","E63011552","C1","2C1",51.755056,-0.327427,"E37000048","","E23000027",28829,"E56000035","E54000025","E00189337","E01023676","E02004934"
"AL1 3PE","AL1  3PE","AL1 3PE","198001","","E10000015","E58000663","E07000240","E05013948","E43000290","0","515531","0207675","1","E18000006","E40000007","E92000001","E12000006","5","E14001507","E15000006","E24000005","E30000237","E16000150","E07000240","26UGFZ","E00120226","26UGFZ","E65000001","E01023676","E02004934","5","2B1","E00120226","E01023676","E02004934","E33027440","E38000079","E63011552","C1","2D1",51.755859,-0.327600,"E37000048","","E23000027",28829,"E56000035","E54000025","E00120226","E01023676","E02004934"
"AL1 3PF","AL1  3PF","AL1 3PF","198001","","E10000015","E58000663","E07000240","E05013948","E43000290","0","515574","0207685","1","E18000006","E40000007","E92000001","E12000006","5","E14001507","E15000006","E24000005","E30000237","E16000150","E07000240","26UGFZ","E00120226","26UGFZ","E65000001","E01023676","E02004934","5","2B1","E00120226","E01023676","E02004934","E33027440","E38000079","E63011552","C1","2D1",51.755940,-0.326974,"E37000048","","E23000027",28829,"E56000035","E54000025","E00120226","E01023676","E02004934"
"AL1 3PG","AL1  3PG","AL1 3PG","198001","","E10000015","E58000663","E07000240","E05013948","E43000290","0","515591","0207596","1","E18000006","E40000007","E92000001","E12000006","5","E14001507","E15000006","E24000005","E30000237","E16000150","E07000240","26UGFZ","E00120223","26UGFZ","E65000001","E01023676","E02004934","5","2B2","E00120223","E01023676","E02004934","E33027440","E38000079","E63011552","C1","2C1",51.755136,-0.326757,"E37000048","","E23000027",28829,"E56000035","E54000025","E00189337","E01023676","E02004934"
"AL1 3PH","AL1  3PH","AL1 3PH","198001","","E10000015","E58000663","E07000240","E05013948","E43000290","0","515458","0207734","1","E18000006","E40000007","E92000001","E12000006","5","E14001507","E15000006","E24000005","E30000237","E16000150","E07000240","26UGFZ","E00120227","26UGFZ","E65000001","E01023676","E02004934","5","2B1","E00120227","E01023676","E02004934","E33027439","E38000079","E63011552","C1","5B1",51.756404,-0.328638,"E37000048","","E23000027",28829,"E56000035","E54000025","E00120227","E01023676","E02004934"
"AL1 3PJ","AL1  3PJ","AL1 3PJ","198001","","E10000015","E58000663","E07000240","E05013948","E43000290","0","515488","0207752","1","E18000006","E40000007","E92000001","E12000006","5","E14001507","E15000006","E24000005","E30000237","E16000150","E07000240","26UGFZ","E00120226","26UGFZ","E65000001","E01023676","E02004934","5","2B1","E00120226","E01023676","E02004934","E33027440","E38000079","E63011552","C1","2D1",51.756559,-0.328197,"E37000048","","E23000027",28829,"E56000035","E54000025","E00120226","E01023676","E02004934"
"AL1 3PL","AL1  3PL","AL1 3PL","198001","","E10000015","E58000663","E07000240","E05013948","E43000290","0","515553","0207772","1","E18000006","E40000007","E92000001","E12000006","5","E14001507","E15000006","E24000005","E30000237","E16000150","E07000240","26UGFZ","E00120226","26UGFZ","E65000001","E01023676","E02004934","5","2B1","E00120226","E01023676","E02004934","E33027440","E38000079","E63011552","C1","2D1",51.756726,-0.327249,"E37000048","","E23000027",28829,"E56000035","E54000025","E00120226","E01023676","E02004934"
"AL1 3PN","AL1  3PN","AL1 3PN","198510","","E10000015","E58000663","E07000240","E05013948","E43000290","0","515674","0207931","1","E18000006","E40000007","E92000001","E12000006","5","E14001507","E15000006","E24000005","E30000237","E16000150","E07000240","26UGFZ","E00120224","26UGFZ","E65000001","E01023675","E02004934","5","4D1","E00120224","E01023675","E02004934","E33027440","E38000079","E63011552","C1","5B1",51.758130,-0.325444,"E37000048","","E23000027",31313,"E56000035","E54000025","E00120224","E01023675","E02004934"
"AL1 3PP","AL1  3PP","AL1 3PP","198001","","E10000015","E58000663","E07000240","E05013948","E43000290","0","515613","0207794","1","E18000006","E40000007","E92000001","E12000006","5","E14001507","E15000006","E24000005","E30000237","E16000150","E07000240","26UGFZ","E00120226","26UGFZ","E65000001","E01023676","E02004934","5","2B1","E00120226","E01023676","E02004934","E33027440","E38000079","E63011552","C1","2D1",51.756911,-0.326373,"E37000048","","E23000027",28829,"E56000035","E54000025","E00120226","E01023676","E02004934"
"AL1 3PQ","AL1  3PQ","AL1 3PQ","198001","","E10000015","E58000663","E07000240","E05013948","E43000290","0","515619","0207643","1","E18000006","E40000007","E92000001","E12000006","5","E14001507","E15000006","E24000005","E30000237","E16000150","E07000240","26UGFZ","E00120223","26UGFZ","E65000001","E01023676","E02004934","5","2B2","E00120223","E01023676","E02004934","E33027440","E38000079","E63011552","C1","2C1",51.755559,-0.326313,"E37000048","","E23000027",28829,"E56000035","E54000025","E00189337","E01023676","E02004934"
"AL1 3PR","AL1  3PR","AL1 3PR","198001","","E10000015","E58000663","E07000240","E05013948","E43000290","0","515640","0207737","1","E18000006","E40000007","E92000001","E12000006","5","E14001507","E15000006","E24000005","E30000237","E16000150","E07000240","26UGFZ","E00120224","26UGFZ","E65000001","E01023675","E02004934","5","4D1","E00120224","E01023675","E02004934","E33027440","E38000079","E63011552","C1","5B1",51.756399,-0.325977,"E37000048","","E23000027",31313,"E56000035","E54000025","E00120224","E01023675","E02004934"
"AL1 3PS","AL1  3PS","AL1 3PS","198001","","E10000015","E58000663","E07000240","E05013948","E43000290","0","515710","0207858","1","E18000006","E40000007","E92000001","E12000006","5","E14001507","E15000006","E24000005","E30000237","E16000150","E07000240","26UGFZ","E00120226","26UGFZ","E65000001","E01023676","E02004934","5","2B1","E00120226","E01023676","E02004934","E33027440","E38000079","E63011552","C1","2D1",51.757466,-0.324947,"E37000048","","E23000027",28829,"E56000035","E54000025","E00120226","E01023676","E02004934"
"AL1 3PT","AL1  3PT","AL1 3PT","198001","","E10000015","E58000663","E07000240","E05013948","E43000290","0","515727","0207932","1","E18000006","E40000007","E92000001","E12000006","5","E14001507","E15000006","E24000005","E30000237","E16000150","E07000240","26UGFZ","E00120224","26UGFZ","E65000001","E01023675","E02004934","5","4D1","E00120224","E01023675","E02004934","E33027440","E38000079","E63011552","C1","5B1",51.758128,-0.324676,"E37000048","","E23000027",31313,"E56000035","E54000025","E00120224","E01023675","E02004934"
"AL1 3PU","AL1  3PU","AL1 3PU","199612","200111","E10000015","E58000664","E07000240","E05013956","E43000290","1","517328","0206823","1","E18000006","E40000007","E92000001","E12000006","5","E14001507","E15000006","E24000005","E30000237","E16000150","E07000240","26UGFX","E00120196","26UGFX","E65000001","E01023667","E02004936","5","6D1","E00120196","E01023667","E02004936","E33027453","E38000079","E63011552","C1","5A2",51.747828,-0.301865,"E37000048","","E23000027",30628,"E56000035","E54000025","E00120196","E01023667","E02004936"
"AL1 3PW","AL1  3PW","AL1 3PW","198001","","E10000015","E58000663","E07000240","E05013948","E43000290","0","515552","0207743","1","E18000006","E40000007","E92000001","E12000006","5","E14001507","E15000006","E24000005","E30000237","E16000150","E07000240","26UGFZ","E00120224","26UGFZ","E65000001","E01023675","E02004934","5","4D1","E00120224","E01023675","E02004934","E33027440","E38000079","E63011552","C1","5B1",51.756465,-0.327273,"E37000048","","E23000027",31313,"E56000035","E54000025","E00120224","E01023675","E02004934"
"AL1 3PX","AL1  3PX","AL1 3PX","198001","","E10000015","E58000663","E07000240","E05013948","E43000290","0","515665","0207869","1","E18000006","E40000007","E92000001","E12000006","5","E14001507","E15000006","E24000005","E30000237","E16000150","E07000240","26UGFZ","E00120226","26UGFZ","E65000001","E01023676","E02004934","5","2B1","E00120226","E01023676","E02004934","E33027440","E38000079","E63011552","C1","2D1",51.757580,-0.325571,"E37000048","","E23000027",28829,"E56000035","E54000025","E00120226","E01023676","E02004934"
"AL1 3PY","AL1  3PY","AL1 3PY","198001","","E10000015","E58000663","E07000240","E05013948","E43000290","0","515455","0207911","1","E18000006","E40000007","E92000001","E12000006","5","E14001507","E15000006","E24000005","E30000237","E16000150","E07000240","26UGFZ","E00120241","26UGFZ","E65000001","E01023676","E02004934","5","2B2","E00120241","E01023676","E02004934","E33027440","E38000079","E63011552","C1","5B1",51.757995,-0.328622,"E37000048","","E23000027",28829,"E56000035","E54000025","E00120241","E01023676","E02004934"
"AL1 3PZ","AL1  3PZ","AL1 3PZ","198001","","E10000015","E58000663","E07000240","E05013948","E43000290","0","515364","0207826","1","E18000006","E40000007","E92000001","E12000006","5","E14001507","E15000006","E24000005","E30000237","E16000150","E07000240","26UGFZ","E00120241","26UGFZ","E65000001","E01023676","E02004934","5","2B2","E00120241","E01023676","E02004934","E33027440","E38000079","E63011552","C1","5B1",51.757250,-0.329968,"E37000048","","E23000027",28829,"E56000035","E54000025","E00120241","E01023676","E02004934"
"AL1 3QA","AL1  3QA","AL1 3QA","198001","","E10000015","E58000663","E07000240","E05013948","E43000290","0","515516","0207899","1","E18000006","E40000007","E92000001","E12000006","5","E14001507","E15000006","E24000005","E30000237","E16000150","E07000240","26UGFZ","E00120241","26UGFZ","E65000001","E01023676","E02004934","5","2B2","E00120241","E01023676","E02004934","E33027440","E38000079","E63011552","C1","5B1",51.757875,-0.327743,"E37000048","","E23000027",28829,"E56000035","E54000025","E00120241","E01023676","E02004934"
"AL1 3QB","AL1  3QB","AL1 3QB","198001","","E10000015","E58000663","E07000240","E05013948","E43000290","0","515510","0207855","1","E18000006","E40000007","E92000001","E12000006","5","E14001507","E15000006","E24000005","E30000237","E16000150","E07000240","26UGFZ","E00120226","26UGFZ","E65000001","E01023676","E02004934","5","2B1","E00120226","E01023676","E02004934","E33027440","E38000079","E63011552","C1","2D1",51.757481,-0.327844,"E37000048","","E23000027",28829,"E56000035","E54000025","E00120226","E01023676","E02004934"
"AL1 3QD","AL1  3QD","AL1 3QD","198001","","E10000015","E58000663","E07000240","E05013948","E43000290","0","515416","0207913","1","E18000006","E40000007","E92000001","E12000006","5","E14001507","E15000006","E24000005","E30000237","E16000150","E07000240","26UGFZ","E00120241","26UGFZ","E65000001","E01023676","E02004934","5","2B2","E00120241","E01023676","E02004934","E33027440","E38000079","E63011552","C1","5B1",51.758021,-0.329186,"E37000048","","E23000027",28829,"E56000035","E54000025","E00120241","E01023676","E02004934"
"AL1 3QE","AL1  3QE","AL1 3QE","198001","","E10000015","E58000663","E07000240","E05013948","E43000290","0","515371","0207914","1","E18000006","E40000007","E92000001","E12000006","5","E14001507","E15000006","E24000005","E30000237","E16000150","E07000240","26UGFZ","E00120241","26UGFZ","E65000001","E01023676","E02004934","5","2B2","E00120241","E01023676","E02004934","E33027440","E38000079","E63011552","C1","5B1",51.758045,-0.329814,"E37000048","","E23000027",28829,"E56000035","E54000025","E00120241","E01023676","E02004934"
"AL1 3QF","AL1  3QF","AL1 3QF","199208","","E10000015","E58000663","E07000240","E05013948","E43000290","0","515342","0207902","1","E18000006","E40000007","E92000001","E12000006","5","E14001507","E15000006","E24000005","E30000237","E16000150","E07000240","26UGFZ","E00120241","26UGFZ","E65000001","E01023676","E02004934","5","2B2","E00120241","E01023676","E02004934","E33027440","E38000079","E63011552","C1","5B1",51.757943,-0.330238,"E37000048","","E23000027",28829,"E56000035","E54000025","E00120241","E01023676","E02004934"
"AL1 3QG","AL1  3QG","AL1 3QG","198510","","E10000015","E58000663","E07000240","E05013948","E43000290","0","515257","0207902","1","E18000006","E40000007","E92000001","E12000006","5","E14001507","E15000006","E24000005","E30000237","E16000150","E07000240","26UGFZ","E00120241","26UGFZ","E65000001","E01023676","E02004934","5","2B2","E00120241","E01023676","E02004934","E33027440","E38000079","E63011552","C1","5B1",51.757955,-0.331493,"E37000048","","E23000027",28829,"E56000035","E54000025","E00120241","E01023676","E02004934"
"AL1 3QH","AL1  3QH","AL1 3QH","198001","","E10000015","E58000663","E07000240","E05013948","E43000290","0","515305","0207796","1","E18000006","E40000007","E92000001","E12000006","5","E14001507","E15000006","E24000005","E30000237","E16000150","E07000240","26UGFZ","E00120227","26UGFZ","E65000001","E01023676","E02004934","5","2B1","E00120227","E01023676","E02004934","E33027439","E38000079","E63011552","C1","5B1",51.756993,-0.330833,"E37000048","","E23000027",28829,"E56000035","E54000025","E00120227","E01023676","E02004934"
"AL1 3QJ","AL1  3QJ","AL1 3QJ","198001","","E10000015","E58000663","E07000240","E05013948","E43000290","0","515328","0207866","1","E18000006","E40000007","E92000001","E12000006","5","E14001507","E15000006","E24000005","E30000237","E16000150","E07000240","26UGFZ","E00120227","26UGFZ","E65000001","E01023676","E02004934","5","2B1","E00120227","E01023676","E02004934","E33027439","E38000079","E63011552","C1","5B1",51.757617,-0.330476,"E37000048","","E23000027",28829,"E56000035","E54000025","E00120227","E01023676","E02004934"
"AL1 3QL","AL1  3QL","AL1 3QL","198001","","E10000015","E58000663","E07000240","E05013948","E43000290","0","515424","0207767","1","E18000006","E40000007","E92000001","E12000006","5","E14001507","E15000006","E24000005","E30000237","E16000150","E07000240","26UGFZ","E00120227","26UGFZ","E65000001","E01023676","E02004934","5","2B1","E00120227","E01023676","E02004934","E33027439","E38000079","E63011552","C1","5B1",51.756707,-0.329119,"E37000048","","E23000027",28829,"E56000035","E54000025","E00120227","E01023676","E02004934"
"AL1 3QN","AL1  3QN","AL1 3QN","198001","","E10000015","E58000663","E07000240","E05013948","E43000290","0","515414","0207727","1","E18000006","E40000007","E92000001","E12000006","5","E14001507","E15000006","E24000005","E30000237","E16000150","E07000240","26UGFZ","E00120227","26UGFZ","E65000001","E01023676","E02004934","5","2B1","E00120227","E01023676","E02004934","E33027439","E38000079","E63011552","C1","5B1",51.756350,-0.329277,"E37000048","","E23000027",28829,"E56000035","E54000025","E00120227","E01023676","E02004934"
"AL1 3QP","AL1  3QP","AL1 3QP","198001","","E10000015","E58000663","E07000240","E05013948","E43000290","0","515362","0207691","1","E18000006","E40000007","E92000001","E12000006","5","E14001507","E15000006","E24000005","E30000237","E16000150","E07000240","26UGFZ","E00120227","26UGFZ","E65000001","E01023676","E02004934","5","2B1","E00120227","E01023676","E02004934","E33027439","E38000079","E63011552","C1","5B1",51.756037,-0.330042,"E37000048","","E23000027",28829,"E56000035","E54000025","E00120227","E01023676","E02004934"
"AL1 3QQ","AL1  3QQ","AL1 3QQ","198001","","E10000015","E58000663","E07000240","E05013948","E43000290","0","515233","0207866","1","E18000006","E40000007","E92000001","E12000006","5","E14001507","E15000006","E24000005","E30000237","E16000150","E07000240","26UGFZ","E00120227","26UGFZ","E65000001","E01023676","E02004934","5","2B1","E00120227","E01023676","E02004934","E33027439","E38000079","E63011552","C1","5B1",51.757636,-0.331852,"E37000048","","E23000027",28829,"E56000035","E54000025","E00120227","E01023676","E02004934"
"AL1 3QR","AL1  3QR","AL1 3QR","198001","","E10000015","E58000663","E07000240","E05013948","E43000290","0","515327","0207764","1","E18000006","E40000007","E92000001","E12000006","5","E14001507","E15000006","E24000005","E30000237","E16000150","E07000240","26UGFZ","E00120227","26UGFZ","E65000001","E01023676","E02004934","5","2B1","E00120227","E01023676","E02004934","E33027439","E38000079","E63011552","C1","5B1",51.756700,-0.330525,"E37000048","","E23000027",28829,"E56000035","E54000025","E00120227","E01023676","E02004934"
"AL1 3QS","AL1  3QS","AL1 3QS","198001","","E10000015","E58000663","E07000240","E05013948","E43000290","0","515581","0207892","1","E18000006","E40000007","E92000001","E12000006","5","E14001507","E15000006","E24000005","E30000237","E16000150","E07000240","26UGFZ","E00120241","26UGFZ","E65000001","E01023676","E02004934","5","2B2","E00120241","E01023676","E02004934","E33027440","E38000079","E63011552","C1","5B1",51.757798,-0.326804,"E37000048","","E23000027",28829,"E56000035","E54000025","E00120241","E01023676","E02004934"
"AL1 3QT","AL1  3QT","AL1 3QT","198001","","E10000015","E58000663","E07000240","E05013948","E43000290","0","515422","0207641","1","E18000006","E40000007","E92000001","E12000006","5","E14001507","E15000006","E24000005","E30000237","E16000150","E07000240","26UGFZ","E00120227","26UGFZ","E65000001","E01023676","E02004934","5","2B1","E00120227","E01023676","E02004934","E33027439","E38000079","E63011552","C1","5B1",51.755575,-0.329190,"E37000048","","E23000027",28829,"E56000035","E54000025","E00120227","E01023676","E02004934"
"AL1 3QU","AL1  3QU","AL1 3QU","198803","","E10000015","E58000663","E07000240","E05013948","E43000290","0","515355","0207658","1","E18000006","E40000007","E92000001","E12000006","5","E14001507","E15000006","E24000005","E30000237","E16000150","E07000240","26UGFZ","E00120227","26UGFZ","E65000001","E01023676","E02004934","5","2B1","E00120227","E01023676","E02004934","E33027439","E38000079","E63011552","C1","5B1",51.755742,-0.330154,"E37000048","","E23000027",28829,"E56000035","E54000025","E00120227","E01023676","E02004934"
"AL1 3QW","AL1  3QW","AL1 3QW","198001","","E10000015","E58000663","E07000240","E05013948","E43000290","0","515367","0207779","1","E18000006","E40000007","E92000001","E12000006","5","E14001507","E15000006","E24000005","E30000237","E16000150","E07000240","26UGFZ","E00120241","26UGFZ","E65000001","E01023676","E02004934","5","2B2","E00120241","E01023676","E02004934","E33027440","E38000079","E63011552","C1","5B1",51.756827,-0.329940,"E37000048","","E23000027",28829,"E56000035","E54000025","E00120241","E01023676","E02004934"
"AL1 3QX","AL1  3QX","AL1 3QX","198301","","E10000015","E58000663","E07000240","E05013948","E43000290","0","515534","0207853","1","E18000006","E40000007","E92000001","E12000006","5","E14001507","E15000006","E24000005","E30000237","E16000150","E07000240","26UGFZ","E00120226","26UGFZ","E65000001","E01023676","E02004934","5","2B1","E00120226","E01023676","E02004934","E33027440","E38000079","E63011552","C1","2D1",51.757458,-0.327497,"E37000048","","E23000027",28829,"E56000035","E54000025","E00120226","E01023676","E02004934"
"AL1 3QY","AL1  3QY","AL1 3QY","198504","","E10000015","E58000663","E07000240","E05013948","E43000290","0","515339","0207732","1","E18000006","E40000007","E92000001","E12000006","5","E14001507","E15000006","E24000005","E30000237","E16000150","E07000240","26UGFZ","E00120227","26UGFZ","E65000001","E01023676","E02004934","5","2B1","E00120227","E01023676","E02004934","E33027439","E38000079","E63011552","C1","5B1",51.756410,-0.330362,"E37000048","","E23000027",28829,"E56000035","E54000025","E00120227","E01023676","E02004934"
"AL1 3QZ","AL1  3QZ","AL1 3QZ","199612","","E10000015","E58000663","E07000240","E05013948","E43000290","0","515363","0207609","1","E18000006","E40000007","E92000001","E12000006","5","E14001507","E15000006","E24000005","E30000237","E16000150","E07000240","26UGFZ","E00120227","26UGFZ","E65000001","E01023676","E02004934","5","2B1","E00120227","E01023676","E02004934","E33027439","E38000079","E63011552","C1","5B1",51.755300,-0.330055,"E37000048","","E23000027",28829,"E56000035","E54000025","E00120227","E01023676","E02004934"
"AL1 3RA","AL1  3RA","AL1 3RA","198001","200410","E10000015","E58000663","E07000240","E05013964","E43000290","1","515468","0207089","1","E18000006","E40000007","E92000001","E12000006","5","E14001507","E15000006","E24000005","E30000237","E16000150","E07000240","26UGGM","E00120483","26UGGM","E65000001","E01023727","E02004935","5","2B2","E00120483","E01023727","E02004935","E33027449","E38000079","E63011552","C1","2D1",51.750605,-0.328707,"E37000048","","E23000027",15120,"E56000035","E54000025","E00120483","E01023727","E02004935"
"AL1 3RB","AL1  3RB","AL1 3RB","198001","","E10000015","E58000663","E07000240","E05013964","E43000290","0","515508","0207259","1","E18000006","E40000007","E92000001","E12000006","5","E14001507","E15000006","E24000005","E30000237","E16000150","E07000240","26UGGM","E00120484","26UGGM","E65000001","E01023727","E02004935","5","2B1","E00120484","E01023727","E02004935","E33024340","E38000079","E63011552","C1","2C1",51.752125,-0.328071,"E37000048","","E23000027",15120,"E56000035","E54000025","E00120484","E01023727","E02004935"
"AL1 3RD","AL1  3RD","AL1 3RD","198001","","E10000015","E58000663","E07000240","E05013964","E43000290","0","515445","0207155","1","E18000006","E40000007","E92000001","E12000006","5","E14001507","E15000006","E24000005","E30000237","E16000150","E07000240","26UGGM","E00120483","26UGGM","E65000001","E01023727","E02004935","5","2B2","E00120483","E01023727","E02004935","E33027449","E38000079","E63011552","C1","2D1",51.751209,-0.328994,"E37000048","","E23000027",15120,"E56000035","E54000025","E00120483","E01023727","E02004935"
"AL1 3RE","AL1  3RE","AL1 3RE","200401","","E10000015","E58000663","E07000240","E05013948","E43000290","0","515284","0207832","1","E18000006","E40000007","E92000001","E12000006","5","E14001507","E15000006","E24000005","E30000237","E16000150","E07000240","26UGFZ","E00120227","26UGFZ","E65000001","E01023676","E02004934","5","2B1","E00120227","E01023676","E02004934","E33027439","E38000079","E63011552","C1","5B1",51.757320,-0.331125,"E37000048","","E23000027",28829,"E56000035","E54000025","E00120227","E01023676","E02004934"
"AL1 3RF","AL1  3RF","AL1 3RF","198001","","E10000015","E58000663","E07000240","E05013964","E43000290","0","515398","0207247","1","E18000006","E40000007","E92000001","E12000006","5","E14001507","E15000006","E24000005","E30000237","E16000150","E07000240","26UGGM","E00120484","26UGGM","E65000001","E01023727","E02004935","5","2B1","E00120484","E01023727","E02004935","E33024340","E38000079","E63011552","C1","2C1",51.752039,-0.329668,"E37000048","","E23000027",15120,"E56000035","E54000025","E00120484","E01023727","E02004935"
"AL1 3RG","AL1  3RG","AL1 3RG","198001","","E10000015","E58000663","E07000240","E05013964","E43000290","0","515472","0207291","1","E18000006","E40000007","E92000001","E12000006","5","E14001507","E15000006","E24000005","E30000237","E16000150","E07000240","26UGGM","E00120484","26UGGM","E65000001","E01023727","E02004935","5","2B1","E00120484","E01023727","E02004935","E33024340","E38000079","E63011552","C1","2C1",51.752425,-0.328558,"E37000048","","E23000027",15120,"E56000035","E54000025","E00120484","E01023727","E02004935"
"AL1 3RH","AL1  3RH","AL1 3RH","200012","201512","E10000015","E58000663","E07000240","E05013964","E43000290","1","515457","0207081","1","E18000006","E40000007","E92000001","E12000006","5","E14001507","E15000006","E24000005","E30000237","E16000150","E07000240","26UGGM","E00120483","26UGGM","E65000001","E01023727","E02004935","5","2B2","E00120483","E01023727","E02004935","E33027449","E38000079","E63011552","C1","2D1",51.750535,-0.328869,"E37000048","","E23000027",15120,"E56000035","E54000025","E00120483","E01023727","E02004935"
"AL1 3RJ","AL1  3RJ","AL1 3RJ","198001","199501","E10000015","E58000663","E07000240","E05013948","E43000290","1","515400","0207400","8","E18000006","E40000007","E92000001","E12000006","5","E14001507","E15000006","E24000005","E30000237","E16000150","E07000240","26UGGM","E00120484","26UGGM","E65000001","E01023727","E02004935","5","2B1","E00120484","E01023727","E02004935","E33024340","E38000079","E63011552","C1","2C1",51.753414,-0.329588,"E37000048","","E23000027",15120,"E56000035","E54000025","E00120484","E01023727","E02004935"
"AL1 3RL","AL1  3RL","AL1 3RL","200208","","E10000015","E58000663","E07000240","E05013964","E43000290","0","515208","0207411","1","E18000006","E40000007","E92000001","E12000006","5","E14001507","E15000006","E24000005","E30000237","E16000150","E07000240","26UGGM","E00120479","26UGGM","E65000001","E01023727","E02004935","5","2B1","E00120479","E01023727","E02004935","E33024328","E38000079","E63011552","C1","2D1",51.753552,-0.332365,"E37000048","","E23000027",15120,"E56000035","E54000025","E00120479","E01023727","E02004935"
"AL1 3RP","AL1  3RP","AL1 3RP","198001","","E10000015","E58000663","E07000240","E05013964","E43000290","0","514994","0207489","1","E18000006","E40000007","E92000001","E12000006","5","E14001507","E15000006","E24000005","E30000237","E16000150","E07000240","26UGGM","E00120479","26UGGM","E65000001","E01023727","E02004935","5","2B1","E00120479","E01023727","E02004935","E33024325","E38000079","E63011552","C1","2D1",51.754303,-0.335415,"E37000048","","E23000027",15120,"E56000035","E54000025","E00120479","E01023727","E02004935"
"AL1 3RQ","AL1  3RQ","AL1 3RQ","198001","","E10000015","E58000663","E07000240","E05013964","E43000290","1","515408","0207339","1","E18000006","E40000007","E92000001","E12000006","5","E14001507","E15000006","E24000005","E30000237","E16000150","E07000240","26UGGM","E00120484","26UGGM","E65000001","E01023727","E02004935","5","2B1","E00120484","E01023727","E02004935","E33024340","E38000079","E63011552","C1","2C1",51.752864,-0.329493,"E37000048","","E23000027",15120,"E56000035","E54000025","E00120484","E01023727","E02004935"
"AL1 3RR","AL1  3RR","AL1 3RR","198001","","E10000015","E58000663","E07000240","E05013948","E43000290","0","515076","0207494","1","E18000006","E40000007","E92000001","E12000006","5","E14001507","E15000006","E24000005","E30000237","E16000150","E07000240","26UGFZ","E00120230","26UGFZ","E65000001","E01023676","E02004934","5","2B2","E00120230","E01023676","E02004934","E33027439","E38000079","E63011552","C1","2D2",51.754331,-0.334225,"E37000048","","E23000027",28829,"E56000035","E54000025","E00189348","E01023676","E02004934"
"AL1 3RS","AL1  3RS","AL1 3RS","199512","199812","E10000015","E58000663","E07000240","E05013964","E43000290","1","514900","0207400","8","E18000006","E40000007","E92000001","E12000006","5","E14001507","E15000006","E24000005","E30000237","E16000150","E07000240","26UGGM","E00120479","26UGGM","E65000001","E01023727","E02004935","5","2B1","E00120479","E01023727","E02004935","E33024329","E38000079","E63011552","C1","2D1",51.753517,-0.336829,"E37000048","","E23000027",15120,"E56000035","E54000025","E00120479","E01023727","E02004935"
"AL1 3RT","AL1  3RT","AL1 3RT","198704","","E10000015","E58000663","E07000240","E05013964","E43000290","0","515520","0207342","1","E18000006","E40000007","E92000001","E12000006","5","E14001507","E15000006","E24000005","E30000237","E16000150","E07000240","26UGGM","E00120484","26UGGM","E65000001","E01023727","E02004935","5","2B1","E00120484","E01023727","E02004935","E33024340","E38000079","E63011552","C1","2C1",51.752874,-0.327846,"E37000048","","E23000027",15120,"E56000035","E54000025","E00120484","E01023727","E02004935"
"AL1 3RU","AL1  3RU","AL1 3RU","198001","","E10000015","E58000663","E07000240","E05013948","E43000290","0","515185","0207486","1","E18000006","E40000007","E92000001","E12000006","5","E14001507","E15000006","E24000005","E30000237","E16000150","E07000240","26UGFZ","E00120230","26UGFZ","E65000001","E01023676","E02004934","5","2B2","E00120230","E01023676","E02004934","E33027439","E38000079","E63011552","C1","2D2",51.754231,-0.332673,"E37000048","","E23000027",28829,"E56000035","E54000025","E00189348","E01023676","E02004934"
"AL1 3RW","AL1  3RW","AL1 3RW","198001","","E10000015","E58000663","E07000240","E05013964","E43000290","0","515068","0207432","1","E18000006","E40000007","E92000001","E12000006","5","E14001507","E15000006","E24000005","E30000237","E16000150","E07000240","26UGGM","E00120479","26UGGM","E65000001","E01023727","E02004935","5","2B1","E00120479","E01023727","E02004935","E33024328","E38000079","E63011552","C1","2D1",51.753770,-0.334385,"E37000048","","E23000027",15120,"E56000035","E54000025","E00120479","E01023727","E02004935"
"AL1 3RX","AL1  3RX","AL1 3RX","201301","201303","E10000015","E58000663","E07000240","E05013948","E43000290","1","515193","0207456","1","E18000006","E40000007","E92000001","E12000006","5","E14001507","E15000006","E24000005","E30000237","E16000150","E07000240","26UGFZ","E00120230","26UGFZ","E65000001","E01023676","E02004934","5","2B2","E00120230","E01023676","E02004934","E33027439","E38000079","E63011552","C1","2D2",51.753960,-0.332567,"E37000048","","E23000027",28829,"E56000035","E54000025","E00189348","E01023676","E02004934"
"AL1 3RY","AL1  3RY","AL1 3RY","198001","","E10000015","E58000663","E07000240","E05013948","E43000290","0","515188","0207521","1","E18000006","E40000007","E92000001","E12000006","5","E14001507","E15000006","E24000005","E30000237","E16000150","E07000240","26UGFZ","E00120230","26UGFZ","E65000001","E01023676","E02004934","5","2B2","E00120230","E01023676","E02004934","E33027439","E38000079","E63011552","C1","2D2",51.754551,-0.332595,"E37000048","","E23000027",28829,"E56000035","E54000025","E00189348","E01023676","E02004934"
"AL1 3RZ","AL1  3RZ","AL1 3RZ","198001","","E10000015","E58000663","E07000240","E05013948","E43000290","0","515171","0207565","1","E18000006","E40000007","E92000001","E12000006","5","E14001507","E15000006","E24000005","E30000237","E16000150","E07000240","26UGFZ","E00120230","26UGFZ","E65000001","E01023676","E02004934","5","2B2","E00120230","E01023676","E02004934","E33027439","E38000079","E63011552","C1","2D2",51.754950,-0.332826,"E37000048","","E23000027",28829,"E56000035","E54000025","E00189348","E01023676","E02004934"
"AL1 3SA","AL1  3SA","AL1 3SA","198001","","E10000015","E58000663","E07000240","E05013948","E43000290","0","515251","0207516","1","E18000006","E40000007","E92000001","E12000006","5","E14001507","E15000006","E24000005","E30000237","E16000150","E07000240","26UGFZ","E00120230","26UGFZ","E65000001","E01023676","E02004934","5","2B2","E00120230","E01023676","E02004934","E33027439","E38000079","E63011552","C1","2D2",51.754487,-0.331707,"E37000048","","E23000027",28829,"E56000035","E54000025","E00189348","E01023676","E02004934"
"AL1 3SB","AL1  3SB","AL1 3SB","198001","","E10000015","E58000663","E07000240","E05013948","E43000290","0","515202","0207591","1","E18000006","E40000007","E92000001","E12000006","5","E14001507","E15000006","E24000005","E30000237","E16000150","E07000240","26UGFZ","E00120230","26UGFZ","E65000001","E01023676","E02004934","5","2B2","E00120230","E01023676","E02004934","E33027439","E38000079","E63011552","C1","2D2",51.755171,-0.332392,"E37000048","","E23000027",28829,"E56000035","E54000025","E00189348","E01023676","E02004934"
"AL1 3SD","AL1  3SD","AL1 3SD","198001","","E10000015","E58000663","E07000240","E05013948","E43000290","0","515082","0207674","1","E18000006","E40000007","E92000001","E12000006","5","E14001507","E15000006","E24000005","E30000237","E16000150","E07000240","26UGFZ","E00120230","26UGFZ","E65000001","E01023676","E02004934","5","2B2","E00120230","E01023676","E02004934","E33027439","E38000079","E63011552","C1","2D2",51.755942,-0.334102,"E37000048","","E23000027",28829,"E56000035","E54000025","E00189348","E01023676","E02004934"
"AL1 3SE","AL1  3SE","AL1 3SE","198001","","E10000015","E58000663","E07000240","E05013964","E43000290","1","515360","0207105","1","E18000006","E40000007","E92000001","E12000006","5","E14001507","E15000006","E24000005","E30000237","E16000150","E07000240","26UGGM","E00120484","26UGGM","E65000001","E01023727","E02004935","5","2B1","E00120484","E01023727","E02004935","E33024340","E38000079","E63011552","C1","2C1",51.750771,-0.330265,"E37000048","","E23000027",15120,"E56000035","E54000025","E00120484","E01023727","E02004935"
"AL1 3SF","AL1  3SF","AL1 3SF","198001","","E10000015","E58000663","E07000240","E05013948","E43000290","0","515116","0207723","1","E18000006","E40000007","E92000001","E12000006","5","E14001507","E15000006","E24000005","E30000237","E16000150","E07000240","26UGFZ","E00120230","26UGFZ","E65000001","E01023676","E02004934","5","2B2","E00120230","E01023676","E02004934","E33027439","E38000079","E63011552","C1","2D2",51.756375,-0.333594,"E37000048","","E23000027",28829,"E56000035","E54000025","E00189348","E01023676","E02004934"
"AL1 3SG","AL1  3SG","AL1 3SG","198001","200502","E10000015","E58000663","E07000240","E05013948","E43000290","1","515151","0207781","1","E18000006","E40000007","E92000001","E12000006","5","E14001507","E15000006","E24000005","E30000237","E16000150","E07000240","26UGFZ","E00120230","26UGFZ","E65000001","E01023676","E02004934","5","2B2","E00120230","E01023676","E02004934","E33027439","E38000079","E63011552","C1","2D2",51.756889,-0.333068,"E37000048","","E23000027",28829,"E56000035","E54000025","E00189348","E01023676","E02004934"
"AL1 3SH","AL1  3SH","AL1 3SH","198001","","E10000015","E58000663","E07000240","E05013948","E43000290","0","515129","0207798","1","E18000006","E40000007","E92000001","E12000006","5","E14001507","E15000006","E24000005","E30000237","E16000150","E07000240","26UGFZ","E00120230","26UGFZ","E65000001","E01023676","E02004934","5","2B2","E00120230","E01023676","E02004934","E33027439","E38000079","E63011552","C1","2D2",51.757047,-0.333381,"E37000048","","E23000027",28829,"E56000035","E54000025","E00189348","E01023676","E02004934"
"AL1 3SJ","AL1  3SJ","AL1 3SJ","198001","","E10000015","E58000663","E07000240","E05013948","E43000290","1","515178","0207803","1","E18000006","E40000007","E92000001","E12000006","5","E14001507","E15000006","E24000005","E30000237","E16000150","E07000240","26UGFZ","E00120227","26UGFZ","E65000001","E01023676","E02004934","5","2B1","E00120227","E01023676","E02004934","E33027439","E38000079","E63011552","C1","5B1",51.757082,-0.332670,"E37000048","","E23000027",28829,"E56000035","E54000025","E00120227","E01023676","E02004934"
"AL1 3SL","AL1  3SL","AL1 3SL","198001","","E10000015","E58000663","E07000240","E05013948","E43000290","0","515240","0207717","1","E18000006","E40000007","E92000001","E12000006","5","E14001507","E15000006","E24000005","E30000237","E16000150","E07000240","26UGFZ","E00120227","26UGFZ","E65000001","E01023676","E02004934","5","2B1","E00120227","E01023676","E02004934","E33027439","E38000079","E63011552","C1","5B1",51.756296,-0.331800,"E37000048","","E23000027",28829,"E56000035","E54000025","E00120227","E01023676","E02004934"
"AL1 3SN","AL1  3SN","AL1 3SN","198301","","E10000015","E58000663","E07000240","E05013964","E43000290","0","515360","0207105","1","E18000006","E40000007","E92000001","E12000006","5","E14001507","E15000006","E24000005","E30000237","E16000150","E07000240","26UGGM","E00120484","26UGGM","E65000001","E01023727","E02004935","5","2B1","E00120484","E01023727","E02004935","E33024340","E38000079","E63011552","C1","2C1",51.750771,-0.330265,"E37000048","","E23000027",15120,"E56000035","E54000025","E00120484","E01023727","E02004935"
"AL1 3SP","AL1  3SP","AL1 3SP","198001","","E10000015","E58000663","E07000240","E05013948","E43000290","0","515261","0207595","1","E18000006","E40000007","E92000001","E12000006","5","E14001507","E15000006","E24000005","E30000237","E16000150","E07000240","26UGFZ","E00120227","26UGFZ","E65000001","E01023676","E02004934","5","2B1","E00120227","E01023676","E02004934","E33027439","E38000079","E63011552","C1","5B1",51.755195,-0.331536,"E37000048","","E23000027",28829,"E56000035","E54000025","E00120227","E01023676","E02004934"
"AL1 3SQ","AL1  3SQ","AL1 3SQ","199912","","E10000015","E58000663","E07000240","E05013948","E43000290","0","515096","0207807","1","E18000006","E40000007","E92000001","E12000006","5","E14001507","E15000006","E24000005","E30000237","E16000150","E07000240","26UGFZ","E00120230","26UGFZ","E65000001","E01023676","E02004934","5","2B2","E00120230","E01023676","E02004934","E33027439","E38000079","E63011552","C1","2D2",51.757134,-0.333856,"E37000048","","E23000027",28829,"E56000035","E54000025","E00189348","E01023676","E02004934"
"AL1 3SR","AL1  3SR","AL1 3SR","198001","","E10000015","E58000663","E07000240","E05013948","E43000290","0","515332","0207569","1","E18000006","E40000007","E92000001","E12000006","5","E14001507","E15000006","E24000005","E30000237","E16000150","E07000240","26UGFZ","E00120227","26UGFZ","E65000001","E01023676","E02004934","5","2B1","E00120227","E01023676","E02004934","E33027439","E38000079","E63011552","C1","5B1",51.754947,-0.330517,"E37000048","","E23000027",28829,"E56000035","E54000025","E00120227","E01023676","E02004934"
"AL1 3SS","AL1  3SS","AL1 3SS","198001","199405","E10000015","E58000663","E07000240","E05013964","E43000290","1","515400","0207100","8","E18000006","E40000007","E92000001","E12000006","5","E14001507","E15000006","E24000005","E30000237","E16000150","E07000240","26UGGM","E00120483","26UGGM","E65000001","E01023727","E02004935","5","2B2","E00120483","E01023727","E02004935","E33027449","E38000079","E63011552","C1","2D1",51.750718,-0.329688,"E37000048","","E23000027",15120,"E56000035","E54000025","E00120483","E01023727","E02004935"
"AL1 3ST","AL1  3ST","AL1 3ST","198001","","E10000015","E58000663","E07000240","E05013948","E43000290","0","515443","0207576","1","E18000006","E40000007","E92000001","E12000006","5","E14001507","E15000006","E24000005","E30000237","E16000150","E07000240","26UGFZ","E00120223","26UGFZ","E65000001","E01023676","E02004934","5","2B2","E00120223","E01023676","E02004934","E33027440","E38000079","E63011552","C1","2C1",51.754987,-0.328907,"E37000048","","E23000027",28829,"E56000035","E54000025","E00189359","E01023676","E02004934"
"AL1 3SU","AL1  3SU","AL1 3SU","198001","199906","E10000015","E58000663","E07000240","E05013948","E43000290","0","515433","0207541","1","E18000006","E40000007","E92000001","E12000006","5","E14001507","E15000006","E24000005","E30000237","E16000150","E07000240","26UGFZ","E00120223","26UGFZ","E65000001","E01023676","E02004934","5","2B2","E00120223","E01023676","E02004934","E33027440","E38000079","E63011552","C1","2C1",51.754674,-0.329064,"E37000048","","E23000027",28829,"E56000035","E54000025","E00189359","E01023676","E02004934"
"AL1 3SW","AL1  3SW","AL1 3SW","198001","","E10000015","E58000663","E07000240","E05013948","E43000290","0","515218","0207671","1","E18000006","E40000007","E92000001","E12000006","5","E14001507","E15000006","E24000005","E30000237","E16000150","E07000240","26UGFZ","E00120227","26UGFZ","E65000001","E01023676","E02004934","5","2B1","E00120227","E01023676","E02004934","E33027439","E38000079","E63011552","C1","5B1",51.755887,-0.332134,"E37000048","","E23000027",28829,"E56000035","E54000025","E00120227","E01023676","E02004934"
"AL1 3SX","AL1  3SX","AL1 3SX","198001","199405","E10000015","E58000663","E07000240","E05013964","E43000290","1","515100","0207400","8","E18000006","E40000007","E92000001","E12000006","5","E14001507","E15000006","E24000005","E30000237","E16000150","E07000240","26UGGM","E00120479","26UGGM","E65000001","E01023727","E02004935","5","2B1","E00120479","E01023727","E02004935","E33024328","E38000079","E63011552","C1","2D1",51.753476,-0.333932,"E37000048","","E23000027",15120,"E56000035","E54000025","E00120479","E01023727","E02004935"
"AL1 3SY","AL1  3SY","AL1 3SY","198301","","E10000015","E58000663","E07000240","E05013964","E43000290","0","515379","0207104","1","E18000006","E40000007","E92000001","E12000006","5","E14001507","E15000006","E24000005","E30000237","E16000150","E07000240","26UGGM","E00120484","26UGGM","E65000001","E01023727","E02004935","5","2B1","E00120484","E01023727","E02004935","E33024340","E38000079","E63011552","C1","2C1",51.750758,-0.329990,"E37000048","","E23000027",15120,"E56000035","E54000025","E00120484","E01023727","E02004935"
"AL1 3SZ","AL1  3SZ","AL1 3SZ","199712","199912","E10000015","E58000663","E07000240","E05013964","E43000290","1","515248","0207293","6","E18000006","E40000007","E92000001","E12000006","5","E14001507","E15000006","E24000005","E30000237","E16000150","E07000240","26UGGM","E00120484","26UGGM","E65000001","E01023727","E02004935","5","2B1","E00120484","E01023727","E02004935","E33024340","E38000079","E63011552","C1","2C1",51.752484,-0.331825,"E37000048","","E23000027",15120,"E56000035","E54000025","E00120484","E01023727","E02004935"
"AL1 3TA","AL1  3TA","AL1 3TA","198001","","E10000015","E58000663","E07000240","E05013964","E43000290","0","515487","0207073","1","E18000006","E40000007","E92000001","E12000006","5","E14001507","E15000006","E24000005","E30000237","E16000150","E07000240","26UGGM","E00120483","26UGGM","E65000001","E01023727","E02004935","5","2B2","E00120483","E01023727","E02004935","E33027449","E38000079","E63011552","C1","2D1",51.750463,-0.328414,"E37000048","","E23000027",15120,"E56000035","E54000025","E00120483","E01023727","E02004935"
"AL1 3TB","AL1  3TB","AL1 3TB","199812","","E10000015","E58000663","E07000240","E05013964","E43000290","0","515410","0207061","1","E18000006","E40000007","E92000001","E12000006","5","E14001507","E15000006","E24000005","E30000237","E16000150","E07000240","26UGGM","E00120483","26UGGM","E65000001","E01023727","E02004935","5","2B2","E00120483","E01023727","E02004935","E33027449","E38000079","E63011552","C1","2D1",51.750365,-0.329556,"E37000048","","E23000027",15120,"E56000035","E54000025","E00120483","E01023727","E02004935"
"AL1 3TD","AL1  3TD","AL1 3TD","198001","200509","E10000015","E58000663","E07000240","E05013964","E43000290","0","515565","0207083","1","E18000006","E40000007","E92000001","E12000006","5","E14001507","E15000006","E24000005","E30000237","E16000150","E07000240","26UGGM","E00120485","26UGGM","E65000001","E01023729","E02004935","5","2A1","E00120485","E01023729","E02004935","E33027450","E38000079","E63011552","C1","2B2",51.750531,-0.327304,"E37000048","","E23000027",27026,"E56000035","E54000025","E00120485","E01035566","E02004935"
"AL1 3TE","AL1  3TE","AL1 3TE","198001","","E10000015","E58000663","E07000240","E05013964","E43000290","0","515450","0207050","1","E18000006","E40000007","E92000001","E12000006","5","E14001507","E15000006","E24000005","E30000237","E16000150","E07000240","26UGGM","E00120483","26UGGM","E65000001","E01023727","E02004935","5","2B2","E00120483","E01023727","E02004935","E33027449","E38000079","E63011552","C1","2D1",51.750258,-0.328980,"E37000048","","E23000027",15120,"E56000035","E54000025","E00120483","E01023727","E02004935"
"AL1 3TF","AL1  3TF","AL1 3TF","198001","","E10000015","E58000663","E07000240","E05013964","E43000290","0","515653","0206933","1","E18000006","E40000007","E92000001","E12000006","5","E14001507","E15000006","E24000005","E30000237","E16000150","E07000240","26UGGM","E00120487","26UGGM","E65000001","E01023729","E02004935","5","7A3","E00120487","E01023729","E02004935","E33027450","E38000079","E63011552","C1","3D1",51.749165,-0.326080,"E37000048","","E23000027",27026,"E56000035","E54000025","E00189396","E01035566","E02004935"
"AL1 3TG","AL1  3TG","AL1 3TG","198001","","E10000015","E58000663","E07000240","E05013964","E43000290","0","515297","0207081","1","E18000006","E40000007","E92000001","E12000006","5","E14001507","E15000006","E24000005","E30000237","E16000150","E07000240","26UGGM","E00120483","26UGGM","E65000001","E01023727","E02004935","5","2B2","E00120483","E01023727","E02004935","E33027449","E38000079","E63011552","C1","2D1",51.750574,-0.331162,"E37000048","","E23000027",15120,"E56000035","E54000025","E00120483","E01023727","E02004935"
"AL1 3TH","AL1  3TH","AL1 3TH","199812","","E10000015","E58000663","E07000240","E05013964","E43000290","0","515398","0207033","1","E18000006","E40000007","E92000001","E12000006","5","E14001507","E15000006","E24000005","E30000237","E16000150","E07000240","26UGGM","E00120483","26UGGM","E65000001","E01023727","E02004935","5","2B2","E00120483","E01023727","E02004935","E33027449","E38000079","E63011552","C1","2D1",51.750122,-0.329716,"E37000048","","E23000027",15120,"E56000035","E54000025","E00120483","E01023727","E02004935"
"AL1 3TJ","AL1  3TJ","AL1 3TJ","198001","","E10000015","E58000663","E07000240","E05013964","E43000290","0","515265","0207127","1","E18000006","E40000007","E92000001","E12000006","5","E14001507","E15000006","E24000005","E30000237","E16000150","E07000240","26UGGM","E00120483","26UGGM","E65000001","E01023727","E02004935","5","2B2","E00120483","E01023727","E02004935","E33027449","E38000079","E63011552","C1","2D1",51.750988,-0.331634,"E37000048","","E23000027",15120,"E56000035","E54000025","E00120483","E01023727","E02004935"
"AL1 3TL","AL1  3TL","AL1 3TL","200411","","E10000015","E58000663","E07000240","E05013964","E43000290","0","515285","0207118","1","E18000006","E40000007","E92000001","E12000006","5","E14001507","E15000006","E24000005","E30000237","E16000150","E07000240","26UGGM","E00120483","26UGGM","E65000001","E01023727","E02004935","5","2B2","E00120483","E01023727","E02004935","E33027449","E38000079","E63011552","C1","2D1",51.750903,-0.331347,"E37000048","","E23000027",15120,"E56000035","E54000025","E00120483","E01023727","E02004935"
"AL1 3TN","AL1  3TN","AL1 3TN","198704","199405","E10000015","E58000663","E07000240","E05013964","E43000290","1","515500","0206600","8","E18000006","E40000007","E92000001","E12000006","5","E14001507","E15000006","E24000005","E30000237","E16000150","E07000240","26UGGM","E00120496","26UGGM","E65000001","E01023729","E02004935","5","2B1","E00120496","E01023729","E02004935","E33024342","E38000079","E63011552","C1","2D1",51.746204,-0.328406,"E37000048","","E23000027",27026,"E56000035","E54000025","E00189404","E01035567","E02004935"
"AL1 3TP","AL1  3TP","AL1 3TP","200302","200405","E10000015","E58000663","E07000240","E05013964","E43000290","1","515319","0207114","1","E18000006","E40000007","E92000001","E12000006","5","E14001507","E15000006","E24000005","E30000237","E16000150","E07000240","26UGGM","E00120483","26UGGM","E65000001","E01023727","E02004935","5","2B2","E00120483","E01023727","E02004935","E33027449","E38000079","E63011552","C1","2D1",51.750860,-0.330856,"E37000048","","E23000027",15120,"E56000035","E54000025","E00120483","E01023727","E02004935"
"AL1 3TQ","AL1  3TQ","AL1 3TQ","198607","199606","E10000015","E58000663","E07000240","E05013964","E43000290","0","515200","0207100","8","E18000006","E40000007","E92000001","E12000006","5","E14001507","E15000006","E24000005","E30000237","E16000150","E07000240","26UGGM","E00120477","26UGGM","E65000001","E01023727","E02004935","5","2A2","E00120477","E01023727","E02004935","E33027448","E38000079","E63011552","C1","2D2",51.750759,-0.332584,"E37000048","","E23000027",15120,"E56000035","E54000025","E00120477","E01023727","E02004935"
"AL1 3TR","AL1  3TR","AL1 3TR","202210","","E10000015","E58000663","E07000240","E05013964","E43000290","0","514924","0207243","1","E18000006","E40000007","E92000001","E12000006","5","E14001507","E15000006","E24000005","E30000237","E16000150","E07000240","26UGGM","E00120479","26UGGM","E65000001","E01023727","E02004935","5","2B1","E00120479","E01023727","E02004935","E33024326","E38000079","E63011552","C1","2D1",51.752107,-0.336510,"E37000048","","E23000027",15120,"E56000035","E54000025","E00120479","E01023727","E02004935"
"AL1 3TS","AL1  3TS","AL1 3TS","200106","200506","E10000015","E58000664","E07000240","E05013956","E43000290","1","517328","0206823","1","E18000006","E40000007","E92000001","E12000006","5","E14001507","E15000006","E24000005","E30000237","E16000150","E07000240","26UGFX","E00120196","26UGFX","E65000001","E01023667","E02004936","5","6D1","E00120196","E01023667","E02004936","E33027453","E38000079","E63011552","C1","5A2",51.747828,-0.301865,"E37000048","","E23000027",30628,"E56000035","E54000025","E00120196","E01023667","E02004936"
"AL1 3TT","AL1  3TT","AL1 3TT","198001","","E10000015","E58000663","E07000240","E05013964","E43000290","0","515386","0207095","1","E18000006","E40000007","E92000001","E12000006","5","E14001507","E15000006","E24000005","E30000237","E16000150","E07000240","26UGGM","E00120483","26UGGM","E65000001","E01023727","E02004935","5","2B2","E00120483","E01023727","E02004935","E33027449","E38000079","E63011552","C1","2D1",51.750681,-0.329869,"E37000048","","E23000027",15120,"E56000035","E54000025","E00120483","E01023727","E02004935"
"AL1 3TU","AL1  3TU","AL1 3TU","198001","","E10000015","E58000663","E07000240","E05013964","E43000290","0","515235","0207172","1","E18000006","E40000007","E92000001","E12000006","5","E14001507","E15000006","E24000005","E30000237","E16000150","E07000240","26UGGM","E00120484","26UGGM","E65000001","E01023727","E02004935","5","2B1","E00120484","E01023727","E02004935","E33024340","E38000079","E63011552","C1","2C1",51.751399,-0.332053,"E37000048","","E23000027",15120,"E56000035","E54000025","E00120484","E01023727","E02004935"
"AL1 3TW","AL1  3TW","AL1 3TW","201310","","E10000015","E58000663","E07000240","E05013964","E43000290","0","515303","0207121","1","E18000006","E40000007","E92000001","E12000006","5","E14001507","E15000006","E24000005","E30000237","E16000150","E07000240","26UGGM","E00120483","26UGGM","E65000001","E01023727","E02004935","5","2B2","E00120483","E01023727","E02004935","E33027449","E38000079","E63011552","C1","2D1",51.750927,-0.331085,"E37000048","","E23000027",15120,"E56000035","E54000025","E00120483","E01023727","E02004935"
"AL1 3TX","AL1  3TX","AL1 3TX","198001","","E10000015","E58000663","E07000240","E05013964","E43000290","0","515331","0207163","1","E18000006","E40000007","E92000001","E12000006","5","E14001507","E15000006","E24000005","E30000237","E16000150","E07000240","26UGGM","E00120484","26UGGM","E65000001","E01023727","E02004935","5","2B1","E00120484","E01023727","E02004935","E33024340","E38000079","E63011552","C1","2C1",51.751298,-0.330666,"E37000048","","E23000027",15120,"E56000035","E54000025","E00120484","E01023727","E02004935"
"AL1 3TY","AL1  3TY","AL1 3TY","198001","199912","E10000015","E58000663","E07000240","E05013964","E43000290","0","515300","0207200","8","E18000006","E40000007","E92000001","E12000006","5","E14001507","E15000006","E24000005","E30000237","E16000150","E07000240","26UGGM","E00120484","26UGGM","E65000001","E01023727","E02004935","5","2B1","E00120484","E01023727","E02004935","E33024340","E38000079","E63011552","C1","2C1",51.751637,-0.331103,"E37000048","","E23000027",15120,"E56000035","E54000025","E00120484","E01023727","E02004935"
"AL1 3TZ","AL1  3TZ","AL1 3TZ","199109","199812","E10000015","E58000663","E07000240","E05013964","E43000290","1","515248","0207293","6","E18000006","E40000007","E92000001","E12000006","5","E14001507","E15000006","E24000005","E30000237","E16000150","E07000240","26UGGM","E00120484","26UGGM","E65000001","E01023727","E02004935","5","2B1","E00120484","E01023727","E02004935","E33024340","E38000079","E63011552","C1","2C1",51.752484,-0.331825,"E37000048","","E23000027",15120,"E56000035","E54000025","E00120484","E01023727","E02004935"
"AL1 3UA","AL1  3UA","AL1 3UA","198001","","E10000015","E58000663","E07000240","E05013964","E43000290","0","515228","0207271","1","E18000006","E40000007","E92000001","E12000006","5","E14001507","E15000006","E24000005","E30000237","E16000150","E07000240","26UGGM","E00120484","26UGGM","E65000001","E01023727","E02004935","5","2B1","E00120484","E01023727","E02004935","E33024340","E38000079","E63011552","C1","2C1",51.752290,-0.332122,"E37000048","","E23000027",15120,"E56000035","E54000025","E00120484","E01023727","E02004935"
"AL1 3UB","AL1  3UB","AL1 3UB","199512","","E10000015","E58000663","E07000240","E05013964","E43000290","1","514814","0207252","1","E18000006","E40000007","E92000001","E12000006","5","E14001507","E15000006","E24000005","E30000237","E16000150","E07000240","26UGGM","E00120481","26UGGM","E65000001","E01023727","E02004935","5","2B2","E00120481","E01023727","E02004935","E33024334","E38000079","E63011552","C1","2D1",51.752204,-0.338123,"E37000048","","E23000027",15120,"E56000035","E54000025","E00120481","E01023727","E02004935"
"AL1 3UD","AL1  3UD","AL1 3UD","198001","","E10000015","E58000663","E07000240","E05013964","E43000290","0","515205","0207204","1","E18000006","E40000007","E92000001","E12000006","5","E14001507","E15000006","E24000005","E30000237","E16000150","E07000240","26UGGM","E00120484","26UGGM","E65000001","E01023727","E02004935","5","2B1","E00120484","E01023727","E02004935","E33024340","E38000079","E63011552","C1","2C1",51.751698,-0.332454,"E37000048","","E23000027",15120,"E56000035","E54000025","E00120484","E01023727","E02004935"
"AL1 3UE","AL1  3UE","AL1 3UE","201809","","E10000015","E58000663","E07000240","E05013964","E43000290","0","515549","0206648","1","E18000006","E40000007","E92000001","E12000006","5","E14001507","E15000006","E24000005","E30000237","E16000150","E07000240","26UGGM","E00120496","26UGGM","E65000001","E01023729","E02004935","5","2B1","E00120496","E01023729","E02004935","E33024342","E38000079","E63011552","C1","2D1",51.746631,-0.327657,"E37000048","","E23000027",27026,"E56000035","E54000025","E00189411","E01035567","E02004935"
"AL1 3UF","AL1  3UF","AL1 3UF","200502","","E10000015","E58000663","E07000240","E05013964","E43000290","1","514949","0207389","1","E18000006","E40000007","E92000001","E12000006","5","E14001507","E15000006","E24000005","E30000237","E16000150","E07000240","26UGGM","E00120479","26UGGM","E65000001","E01023727","E02004935","5","2B1","E00120479","E01023727","E02004935","E33024328","E38000079","E63011552","C1","2D1",51.753408,-0.336123,"E37000048","","E23000027",15120,"E56000035","E54000025","E00120479","E01023727","E02004935"
"AL1 3UG","AL1  3UG","AL1 3UG","199007","","E10000015","E58000663","E07000240","E05013948","E43000290","0","515676","0207898","1","E18000006","E40000007","E92000001","E12000006","5","E14001507","E15000006","E24000005","E30000237","E16000150","E07000240","26UGFZ","E00120226","26UGFZ","E65000001","E01023676","E02004934","5","2B1","E00120226","E01023676","E02004934","E33027440","E38000079","E63011552","C1","2D1",51.757833,-0.325426,"E37000048","","E23000027",28829,"E56000035","E54000025","E00120226","E01023676","E02004934"
"AL1 3UH","AL1  3UH","AL1 3UH","198001","","E10000015","E58000663","E07000240","E05013964","E43000290","0","515165","0207146","1","E18000006","E40000007","E92000001","E12000006","5","E14001507","E15000006","E24000005","E30000237","E16000150","E07000240","26UGGM","E00120477","26UGGM","E65000001","E01023727","E02004935","5","2A2","E00120477","E01023727","E02004935","E33027448","E38000079","E63011552","C1","2D2",51.751180,-0.333075,"E37000048","","E23000027",15120,"E56000035","E54000025","E00120477","E01023727","E02004935"
"AL1 3UJ","AL1  3UJ","AL1 3UJ","198001","","E10000015","E58000663","E07000240","E05013964","E43000290","0","515179","0207210","1","E18000006","E40000007","E92000001","E12000006","5","E14001507","E15000006","E24000005","E30000237","E16000150","E07000240","26UGGM","E00120482","26UGGM","E65000001","E01023727","E02004935","5","2B2","E00120482","E01023727","E02004935","E33024339","E38000079","E63011552","C1","2D2",51.751752,-0.332851,"E37000048","","E23000027",15120,"E56000035","E54000025","E00120482","E01023727","E02004935"
"AL1 3UL","AL1  3UL","AL1 3UL","198001","","E10000015","E58000663","E07000240","E05013964","E43000290","1","515199","0207338","1","E18000006","E40000007","E92000001","E12000006","5","E14001507","E15000006","E24000005","E30000237","E16000150","E07000240","26UGGM","E00120484","26UGGM","E65000001","E01023727","E02004935","5","2B1","E00120484","E01023727","E02004935","E33024340","E38000079","E63011552","C1","2C1",51.752898,-0.332519,"E37000048","","E23000027",15120,"E56000035","E54000025","E00120484","E01023727","E02004935"
"AL1 3UN","AL1  3UN","AL1 3UN","198001","","E10000015","E58000663","E07000240","E05013964","E43000290","0","515145","0207227","1","E18000006","E40000007","E92000001","E12000006","5","E14001507","E15000006","E24000005","E30000237","E16000150","E07000240","26UGGM","E00120482","26UGGM","E65000001","E01023727","E02004935","5","2B2","E00120482","E01023727","E02004935","E33024339","E38000079","E63011552","C1","2D2",51.751912,-0.333338,"E37000048","","E23000027",15120,"E56000035","E54000025","E00120482","E01023727","E02004935"
"AL1 3UP","AL1  3UP","AL1 3UP","201712","","E10000015","E58000663","E07000240","E05013964","E43000290","0","515543","0206654","1","E18000006","E40000007","E92000001","E12000006","5","E14001507","E15000006","E24000005","E30000237","E16000150","E07000240","26UGGM","E00120496","26UGGM","E65000001","E01023729","E02004935","5","2B1","E00120496","E01023729","E02004935","E33024342","E38000079","E63011552","C1","2D1",51.746686,-0.327742,"E37000048","","E23000027",27026,"E56000035","E54000025","E00189411","E01035567","E02004935"
"AL1 3UQ","AL1  3UQ","AL1 3UQ","198307","","E10000015","E58000663","E07000240","E05013964","E43000290","0","515211","0207308","1","E18000006","E40000007","E92000001","E12000006","5","E14001507","E15000006","E24000005","E30000237","E16000150","E07000240","26UGGM","E00120484","26UGGM","E65000001","E01023727","E02004935","5","2B1","E00120484","E01023727","E02004935","E33024340","E38000079","E63011552","C1","2C1",51.752626,-0.332356,"E37000048","","E23000027",15120,"E56000035","E54000025","E00120484","E01023727","E02004935"
"AL1 3UR","AL1  3UR","AL1 3UR","198001","","E10000015","E58000663","E07000240","E05013964","E43000290","0","515061","0207175","1","E18000006","E40000007","E92000001","E12000006","5","E14001507","E15000006","E24000005","E30000237","E16000150","E07000240","26UGGM","E00120482","26UGGM","E65000001","E01023727","E02004935","5","2B2","E00120482","E01023727","E02004935","E33024338","E38000079","E63011552","C1","2D2",51.751462,-0.334572,"E37000048","","E23000027",15120,"E56000035","E54000025","E00120482","E01023727","E02004935"
"AL1 3US","AL1  3US","AL1 3US","199405","201401","E10000015","E58000663","E07000240","E05013964","E43000290","0","515150","0207395","1","E18000006","E40000007","E92000001","E12000006","5","E14001507","E15000006","E24000005","E30000237","E16000150","E07000240","26UGGM","E00120479","26UGGM","E65000001","E01023727","E02004935","5","2B1","E00120479","E01023727","E02004935","E33024328","E38000079","E63011552","C1","2D1",51.753420,-0.333210,"E37000048","","E23000027",15120,"E56000035","E54000025","E00120479","E01023727","E02004935"
"AL1 3UT","AL1  3UT","AL1 3UT","198001","202409","E10000015","E58000663","E07000240","E05013964","E43000290","1","515090","0207245","1","E18000006","E40000007","E92000001","E12000006","5","E14001507","E15000006","E24000005","E30000237","E16000150","E07000240","26UGGM","E00120482","26UGGM","E65000001","E01023727","E02004935","5","2B2","E00120482","E01023727","E02004935","E33024339","E38000079","E63011552","C1","2D2",51.752085,-0.334128,"E37000048","","E23000027",15120,"E56000035","E54000025","E00120482","E01023727","E02004935"
"AL1 3UU","AL1  3UU","AL1 3UU","198001","","E10000015","E58000663","E07000240","E05013964","E43000290","0","515117","0207377","1","E18000006","E40000007","E92000001","E12000006","5","E14001507","E15000006","E24000005","E30000237","E16000150","E07000240","26UGGM","E00120479","26UGGM","E65000001","E01023727","E02004935","5","2B1","E00120479","E01023727","E02004935","E33024328","E38000079","E63011552","C1","2D1",51.753271,-0.333671,"E37000048","","E23000027",15120,"E56000035","E54000025","E00120479","E01023727","E02004935"
"AL1 3UW","AL1  3UW","AL1 3UW","198001","201408","E10000015","E58000663","E07000240","E05013964","E43000290","0","515058","0207162","1","E18000006","E40000007","E92000001","E12000006","5","E14001507","E15000006","E24000005","E30000237","E16000150","E07000240","26UGGM","E00120482","26UGGM","E65000001","E01023727","E02004935","5","2B2","E00120482","E01023727","E02004935","E33024338","E38000079","E63011552","C1","2D2",51.751345,-0.334619,"E37000048","","E23000027",15120,"E56000035","E54000025","E00120482","E01023727","E02004935"
"AL1 3UX","AL1  3UX","AL1 3UX","200208","200602","E10000015","E58000664","E07000240","E05013956","E43000290","1","517328","0206823","1","E18000006","E40000007","E92000001","E12000006","5","E14001507","E15000006","E24000005","E30000237","E16000150","E07000240","26UGFX","E00120196","26UGFX","E65000001","E01023667","E02004936","5","6D1","E00120196","E01023667","E02004936","E33027453","E38000079","E63011552","C1","5A2",51.747828,-0.301865,"E37000048","","E23000027",30628,"E56000035","E54000025","E00120196","E01023667","E02004936"
"AL1 3UY","AL1  3UY","AL1 3UY","198704","199405","E10000015","E58000663","E07000240","E05013964","E43000290","1","515200","0207200","8","E18000006","E40000007","E92000001","E12000006","5","E14001507","E15000006","E24000005","E30000237","E16000150","E07000240","26UGGM","E00120484","26UGGM","E65000001","E01023727","E02004935","5","2B1","E00120484","E01023727","E02004935","E33024340","E38000079","E63011552","C1","2C1",51.751658,-0.332551,"E37000048","","E23000027",15120,"E56000035","E54000025","E00120484","E01023727","E02004935"
"AL1 3UZ","AL1  3UZ","AL1 3UZ","202301","","E10000015","E58000663","E07000240","E05013964","E43000290","0","514886","0207674","1","E18000006","E40000007","E92000001","E12000006","5","E14001507","E15000006","E24000005","E30000237","E16000150","E07000240","26UGGM","E00120501","26UGGM","E65000001","E01023728","E02004935","5","2B1","E00120501","E01023728","E02004935","E33027451","E38000079","E63011552","C1","2D1",51.755988,-0.336917,"E37000048","","E23000027",29815,"E56000035","E54000025","E00120501","E01023728","E02004935"
"AL1 3WA","AL1  3WA","AL1 3WA","200405","","E10000015","E58000663","E07000240","E05013964","E43000290","0","515000","0207031","1","E18000006","E40000007","E92000001","E12000006","5","E14001507","E15000006","E24000005","E30000237","E16000150","E07000240","26UGGM","E00120482","26UGGM","E65000001","E01023727","E02004935","5","2B2","E00120482","E01023727","E02004935","E33024338","E38000079","E63011552","C1","2D2",51.750180,-0.335502,"E37000048","","E23000027",15120,"E56000035","E54000025","E00120482","E01023727","E02004935"
"AL1 3WB","AL1  3WB","AL1 3WB","200112","200311","E10000015","E58000663","E07000240","E05013964","E43000290","1","515018","0207185","5","E18000006","E40000007","E92000001","E12000006","5","E14001507","E15000006","E24000005","E30000237","E16000150","E07000240","26UGGM","E00120479","26UGGM","E65000001","E01023727","E02004935","5","2B1","E00120479","E01023727","E02004935","E33024326","E38000079","E63011552","C1","2D1",51.751560,-0.335191,"E37000048","","E23000027",15120,"E56000035","E54000025","E00120479","E01023727","E02004935"
"AL1 3WD","AL1  3WD","AL1 3WD","200112","200602","E10000015","E58000664","E07000240","E05013956","E43000290","1","517328","0206823","1","E18000006","E40000007","E92000001","E12000006","5","E14001507","E15000006","E24000005","E30000237","E16000150","E07000240","26UGFX","E00120196","26UGFX","E65000001","E01023667","E02004936","5","6D1","E00120196","E01023667","E02004936","E33027453","E38000079","E63011552","C1","5A2",51.747828,-0.301865,"E37000048","","E23000027",30628,"E56000035","E54000025","E00120196","E01023667","E02004936"
"AL1 3WE","AL1  3WE","AL1 3WE","200603","200905","E10000015","E58000664","E07000240","E05013956","E43000290","1","517328","0206823","1","E18000006","E40000007","E92000001","E12000006","5","E14001507","E15000006","E24000005","E30000237","E16000150","E07000240","26UGFX","E00120196","26UGFX","E65000001","E01023667","E02004936","5","6D1","E00120196","E01023667","E02004936","E33027453","E38000079","E63011552","C1","5A2",51.747828,-0.301865,"E37000048","","E23000027",30628,"E56000035","E54000025","E00120196","E01023667","E02004936"
"AL1 3WF","AL1  3WF","AL1 3WF","200112","200602","E10000015","E58000664","E07000240","E05013956","E43000290","1","517328","0206823","1","E18000006","E40000007","E92000001","E12000006","5","E14001507","E15000006","E24000005","E30000237","E16000150","E07000240","26UGFX","E00120196","26UGFX","E65000001","E01023667","E02004936","5","6D1","E00120196","E01023667","E02004936","E33027453","E38000079","E63011552","C1","5A2",51.747828,-0.301865,"E37000048","","E23000027",30628,"E56000035","E54000025","E00120196","E01023667","E02004936"
"AL1 3WG","AL1  3WG","AL1 3WG","200112","200204","E10000015","E58000663","E07000240","E05013964","E43000290","1","515018","0207185","5","E18000006","E40000007","E92000001","E12000006","5","E14001507","E15000006","E24000005","E30000237","E16000150","E07000240","26UGGM","E00120479","26UGGM","E65000001","E01023727","E02004935","5","2B1","E00120479","E01023727","E02004935","E33024326","E38000079","E63011552","C1","2D1",51.751560,-0.335191,"E37000048","","E23000027",15120,"E56000035","E54000025","E00120479","E01023727","E02004935"
"AL1 3WH","AL1  3WH","AL1 3WH","200206","201807","E10000015","E58000664","E07000240","E05013956","E43000290","1","517321","0206803","1","E18000006","E40000007","E92000001","E12000006","5","E14001507","E15000006","E24000005","E30000237","E16000150","E07000240","26UGFX","E00120196","26UGFX","E65000001","E01023667","E02004936","5","6D1","E00120196","E01023667","E02004936","E33027453","E38000079","E63011552","C1","5A2",51.747650,-0.301973,"E37000048","","E23000027",30628,"E56000035","E54000025","E00120196","E01023667","E02004936"
"AL1 3WJ","AL1  3WJ","AL1 3WJ","200206","200302","E10000015","E58000663","E07000240","E05013964","E43000290","1","515018","0207185","5","E18000006","E40000007","E92000001","E12000006","5","E14001507","E15000006","E24000005","E30000237","E16000150","E07000240","26UGGM","E00120479","26UGGM","E65000001","E01023727","E02004935","5","2B1","E00120479","E01023727","E02004935","E33024326","E38000079","E63011552","C1","2D1",51.751560,-0.335191,"E37000048","","E23000027",15120,"E56000035","E54000025","E00120479","E01023727","E02004935"
"AL1 3WL","AL1  3WL","AL1 3WL","200206","200901","E10000015","E58000664","E07000240","E05013956","E43000290","1","517328","0206823","1","E18000006","E40000007","E92000001","E12000006","5","E14001507","E15000006","E24000005","E30000237","E16000150","E07000240","26UGFX","E00120196","26UGFX","E65000001","E01023667","E02004936","5","6D1","E00120196","E01023667","E02004936","E33027453","E38000079","E63011552","C1","5A2",51.747828,-0.301865,"E37000048","","E23000027",30628,"E56000035","E54000025","E00120196","E01023667","E02004936"
"AL1 3WP","AL1  3WP","AL1 3WP","200207","200411","E10000015","E58000663","E07000240","E05013964","E43000290","1","515018","0207185","5","E18000006","E40000007","E92000001","E12000006","5","E14001507","E15000006","E24000005","E30000237","E16000150","E07000240","26UGGM","E00120479","26UGGM","E65000001","E01023727","E02004935","5","2B1","E00120479","E01023727","E02004935","E33024326","E38000079","E63011552","C1","2D1",51.751560,-0.335191,"E37000048","","E23000027",15120,"E56000035","E54000025","E00120479","E01023727","E02004935"
"AL1 3WQ","AL1  3WQ","AL1 3WQ","200302","200806","E10000015","E58000664","E07000240","E05013956","E43000290","1","517328","0206823","1","E18000006","E40000007","E92000001","E12000006","5","E14001507","E15000006","E24000005","E30000237","E16000150","E07000240","26UGFX","E00120196","26UGFX","E65000001","E01023667","E02004936","5","6D1","E00120196","E01023667","E02004936","E33027453","E38000079","E63011552","C1","5A2",51.747828,-0.301865,"E37000048","","E23000027",30628,"E56000035","E54000025","E00120196","E01023667","E02004936"
"AL1 3WR","AL1  3WR","AL1 3WR","200504","201608","E10000015","E58000664","E07000240","E05013956","E43000290","1","517321","0206803","1","E18000006","E40000007","E92000001","E12000006","5","E14001507","E15000006","E24000005","E30000237","E16000150","E07000240","26UGFX","E00120196","26UGFX","E65000001","E01023667","E02004936","5","6D1","E00120196","E01023667","E02004936","E33027453","E38000079","E63011552","C1","5A2",51.747650,-0.301973,"E37000048","","E23000027",30628,"E56000035","E54000025","E00120196","E01023667","E02004936"
"AL1 3WS","AL1  3WS","AL1 3WS","200209","200601","E10000015","E58000663","E07000240","E05013964","E43000290","1","515018","0207185","5","E18000006","E40000007","E92000001","E12000006","5","E14001507","E15000006","E24000005","E30000237","E16000150","E07000240","26UGGM","E00120479","26UGGM","E65000001","E01023727","E02004935","5","2B1","E00120479","E01023727","E02004935","E33024326","E38000079","E63011552","C1","2D1",51.751560,-0.335191,"E37000048","","E23000027",15120,"E56000035","E54000025","E00120479","E01023727","E02004935"
"AL1 3WU","AL1  3WU","AL1 3WU","200210","200711","E10000015","E58000664","E07000240","E05013956","E43000290","1","517328","0206823","1","E18000006","E40000007","E92000001","E12000006","5","E14001507","E15000006","E24000005","E30000237","E16000150","E07000240","26UGFX","E00120196","26UGFX","E65000001","E01023667","E02004936","5","6D1","E00120196","E01023667","E02004936","E33027453","E38000079","E63011552","C1","5A2",51.747828,-0.301865,"E37000048","","E23000027",30628,"E56000035","E54000025","E00120196","E01023667","E02004936"
"AL1 3WW","AL1  3WW","AL1 3WW","200207","200806","E10000015","E58000664","E07000240","E05013956","E43000290","1","517328","0206823","1","E18000006","E40000007","E92000001","E12000006","5","E14001507","E15000006","E24000005","E30000237","E16000150","E07000240","26UGFX","E00120196","26UGFX","E65000001","E01023667","E02004936","5","6D1","E00120196","E01023667","E02004936","E33027453","E38000079","E63011552","C1","5A2",51.747828,-0.301865,"E37000048","","E23000027",30628,"E56000035","E54000025","E00120196","E01023667","E02004936"
"AL1 3WX","AL1  3WX","AL1 3WX","200209","200809","E10000015","E58000664","E07000240","E05013956","E43000290","1","517328","0206823","1","E18000006","E40000007","E92000001","E12000006","5","E14001507","E15000006","E24000005","E30000237","E16000150","E07000240","26UGFX","E00120196","26UGFX","E65000001","E01023667","E02004936","5","6D1","E00120196","E01023667","E02004936","E33027453","E38000079","E63011552","C1","5A2",51.747828,-0.301865,"E37000048","","E23000027",30628,"E56000035","E54000025","E00120196","E01023667","E02004936"
"AL1 3WY","AL1  3WY","AL1 3WY","200205","200408","E10000015","E58000663","E07000240","E05013964","E43000290","1","515018","0207185","5","E18000006","E40000007","E92000001","E12000006","5","E14001507","E15000006","E24000005","E30000237","E16000150","E07000240","26UGGM","E00120479","26UGGM","E65000001","E01023727","E02004935","5","2B1","E00120479","E01023727","E02004935","E33024326","E38000079","E63011552","C1","2D1",51.751560,-0.335191,"E37000048","","E23000027",15120,"E56000035","E54000025","E00120479","E01023727","E02004935"
"AL1 3WZ","AL1  3WZ","AL1 3WZ","199806","201901","E10000015","E58000663","E07000240","E05013964","E43000290","1","515023","0207181","1","E18000006","E40000007","E92000001","E12000006","5","E14001507","E15000006","E24000005","E30000237","E16000150","E07000240","26UGGM","E00120479","26UGGM","E65000001","E01023727","E02004935","5","2B1","E00120479","E01023727","E02004935","E33024326","E38000079","E63011552","C1","2D1",51.751523,-0.335120,"E37000048","","E23000027",15120,"E56000035","E54000025","E00120479","E01023727","E02004935"
"AL1 3XA","AL1  3XA","AL1 3XA","198001","198112","E10000015","E58000663","E07000240","E05013964","E43000290","0","515000","0207100","8","E18000006","E40000007","E92000001","E12000006","5","E14001507","E15000006","E24000005","E30000237","E16000150","E07000240","26UGGM","E00120491","26UGGM","E65000001","E01023726","E02004935","5","2B2","E00120491","E01023726","E02004935","E33024341","E38000079","E63011552","C1","5A3",51.750800,-0.335480,"E37000048","","E23000027",29172,"E56000035","E54000025","E00120491","E01023726","E02004935"
"AL1 3XB","AL1  3XB","AL1 3XB","198001","","E10000015","E58000663","E07000240","E05013964","E43000290","0","514984","0207103","1","E18000006","E40000007","E92000001","E12000006","5","E14001507","E15000006","E24000005","E30000237","E16000150","E07000240","26UGGM","E00120491","26UGGM","E65000001","E01023726","E02004935","5","2B2","E00120491","E01023726","E02004935","E33024341","E38000079","E63011552","C1","5A3",51.750830,-0.335710,"E37000048","","E23000027",29172,"E56000035","E54000025","E00120491","E01023726","E02004935"
"AL1 3XD","AL1  3XD","AL1 3XD","198001","198112","E10000015","E58000663","E07000240","E05013964","E43000290","0","514900","0207100","8","E18000006","E40000007","E92000001","E12000006","5","E14001507","E15000006","E24000005","E30000237","E16000150","E07000240","26UGGM","E00120481","26UGGM","E65000001","E01023727","E02004935","5","2B2","E00120481","E01023727","E02004935","E33024331","E38000079","E63011552","C1","2D1",51.750821,-0.336928,"E37000048","","E23000027",15120,"E56000035","E54000025","E00120481","E01023727","E02004935"
"AL1 3XE","AL1  3XE","AL1 3XE","200208","200408","E10000015","E58000663","E07000240","E05013964","E43000290","1","514976","0207076","5","E18000006","E40000007","E92000001","E12000006","5","E14001507","E15000006","E24000005","E30000237","E16000150","E07000240","26UGGM","E00120482","26UGGM","E65000001","E01023727","E02004935","5","2B2","E00120482","E01023727","E02004935","E33024338","E38000079","E63011552","C1","2D2",51.750589,-0.335835,"E37000048","","E23000027",15120,"E56000035","E54000025","E00120482","E01023727","E02004935"
"AL1 3XF","AL1  3XF","AL1 3XF","198001","","E10000015","E58000663","E07000240","E05013964","E43000290","0","514966","0207075","1","E18000006","E40000007","E92000001","E12000006","5","E14001507","E15000006","E24000005","E30000237","E16000150","E07000240","26UGGM","E00120482","26UGGM","E65000001","E01023727","E02004935","5","2B2","E00120482","E01023727","E02004935","E33024338","E38000079","E63011552","C1","2D2",51.750582,-0.335980,"E37000048","","E23000027",15120,"E56000035","E54000025","E00120482","E01023727","E02004935"
"AL1 3XG","AL1  3XG","AL1 3XG","198001","","E10000015","E58000663","E07000240","E05013964","E43000290","0","515015","0207068","1","E18000006","E40000007","E92000001","E12000006","5","E14001507","E15000006","E24000005","E30000237","E16000150","E07000240","26UGGM","E00120482","26UGGM","E65000001","E01023727","E02004935","5","2B2","E00120482","E01023727","E02004935","E33024338","E38000079","E63011552","C1","2D2",51.750509,-0.335273,"E37000048","","E23000027",15120,"E56000035","E54000025","E00120482","E01023727","E02004935"
"AL1 3XH","AL1  3XH","AL1 3XH","198001","","E10000015","E58000663","E07000240","E05013964","E43000290","0","515104","0207112","1","E18000006","E40000007","E92000001","E12000006","5","E14001507","E15000006","E24000005","E30000237","E16000150","E07000240","26UGGM","E00120477","26UGGM","E65000001","E01023727","E02004935","5","2A2","E00120477","E01023727","E02004935","E33027448","E38000079","E63011552","C1","2D2",51.750892,-0.333946,"E37000048","","E23000027",15120,"E56000035","E54000025","E00120477","E01023727","E02004935"
"AL1 3XJ","AL1  3XJ","AL1 3XJ","200012","200408","E10000015","E58000664","E07000240","E05013956","E43000290","1","517328","0206823","1","E18000006","E40000007","E92000001","E12000006","5","E14001507","E15000006","E24000005","E30000237","E16000150","E07000240","26UGFX","E00120196","26UGFX","E65000001","E01023667","E02004936","5","6D1","E00120196","E01023667","E02004936","E33027453","E38000079","E63011552","C1","5A2",51.747828,-0.301865,"E37000048","","E23000027",30628,"E56000035","E54000025","E00120196","E01023667","E02004936"
"AL1 3XL","AL1  3XL","AL1 3XL","198001","","E10000015","E58000663","E07000240","E05013964","E43000290","0","515155","0207041","1","E18000006","E40000007","E92000001","E12000006","5","E14001507","E15000006","E24000005","E30000237","E16000150","E07000240","26UGGM","E00120477","26UGGM","E65000001","E01023727","E02004935","5","2A2","E00120477","E01023727","E02004935","E33027448","E38000079","E63011552","C1","2D2",51.750238,-0.333255,"E37000048","","E23000027",15120,"E56000035","E54000025","E00120477","E01023727","E02004935"
"AL1 3XN","AL1  3XN","AL1 3XN","199412","200408","E10000015","E58000664","E07000240","E05013956","E43000290","1","517328","0206823","1","E18000006","E40000007","E92000001","E12000006","5","E14001507","E15000006","E24000005","E30000237","E16000150","E07000240","26UGFX","E00120196","26UGFX","E65000001","E01023667","E02004936","5","6D1","E00120196","E01023667","E02004936","E33027453","E38000079","E63011552","C1","5A2",51.747828,-0.301865,"E37000048","","E23000027",30628,"E56000035","E54000025","E00120196","E01023667","E02004936"
"AL1 3XP","AL1  3XP","AL1 3XP","198001","200508","E10000015","E58000663","E07000240","E05013964","E43000290","1","515167","0206987","1","E18000006","E40000007","E92000001","E12000006","5","E14001507","E15000006","E24000005","E30000237","E16000150","E07000240","26UGGM","E00120493","26UGGM","E65000001","E01023726","E02004935","5","2B2","E00120493","E01023726","E02004935","E33027447","E38000079","E63011552","C1","2D2",51.749750,-0.333099,"E37000048","","E23000027",29172,"E56000035","E54000025","E00120493","E01023726","E02004935"
"AL1 3XQ","AL1  3XQ","AL1 3XQ","198001","","E10000015","E58000663","E07000240","E05013964","E43000290","0","515050","0207099","1","E18000006","E40000007","E92000001","E12000006","5","E14001507","E15000006","E24000005","E30000237","E16000150","E07000240","26UGGM","E00120482","26UGGM","E65000001","E01023727","E02004935","5","2B2","E00120482","E01023727","E02004935","E33024338","E38000079","E63011552","C1","2D2",51.750787,-0.334733,"E37000048","","E23000027",15120,"E56000035","E54000025","E00120482","E01023727","E02004935"
"AL1 3XR","AL1  3XR","AL1 3XR","198001","","E10000015","E58000663","E07000240","E05013964","E43000290","0","515196","0207069","1","E18000006","E40000007","E92000001","E12000006","5","E14001507","E15000006","E24000005","E30000237","E16000150","E07000240","26UGGM","E00120477","26UGGM","E65000001","E01023727","E02004935","5","2A2","E00120477","E01023727","E02004935","E33027448","E38000079","E63011552","C1","2D2",51.750487,-0.332629,"E37000048","","E23000027",15120,"E56000035","E54000025","E00120477","E01023727","E02004935"
"AL1 3XS","AL1  3XS","AL1 3XS","198001","","E10000015","E58000663","E07000240","E05013964","E43000290","1","515330","0207120","1","E18000006","E40000007","E92000001","E12000006","5","E14001507","E15000006","E24000005","E30000237","E16000150","E07000240","26UGGM","E00120483","26UGGM","E65000001","E01023727","E02004935","5","2B2","E00120483","E01023727","E02004935","E33027449","E38000079","E63011552","C1","2D1",51.750912,-0.330695,"E37000048","","E23000027",15120,"E56000035","E54000025","E00120483","E01023727","E02004935"
"AL1 3XT","AL1  3XT","AL1 3XT","199806","","E10000015","E58000663","E07000240","E05013964","E43000290","0","515109","0207073","1","E18000006","E40000007","E92000001","E12000006","5","E14001507","E15000006","E24000005","E30000237","E16000150","E07000240","26UGGM","E00120477","26UGGM","E65000001","E01023727","E02004935","5","2A2","E00120477","E01023727","E02004935","E33027448","E38000079","E63011552","C1","2D2",51.750541,-0.333887,"E37000048","","E23000027",15120,"E56000035","E54000025","E00120477","E01023727","E02004935"
"AL1 3XU","AL1  3XU","AL1 3XU","199002","","E10000015","E58000663","E07000240","E05013964","E43000290","0","515060","0207007","1","E18000006","E40000007","E92000001","E12000006","5","E14001507","E15000006","E24000005","E30000237","E16000150","E07000240","26UGGM","E00120482","26UGGM","E65000001","E01023727","E02004935","5","2B2","E00120482","E01023727","E02004935","E33024338","E38000079","E63011552","C1","2D2",51.749952,-0.334642,"E37000048","","E23000027",15120,"E56000035","E54000025","E00120482","E01023727","E02004935"
"AL1 3XW","AL1  3XW","AL1 3XW","198001","","E10000015","E58000663","E07000240","E05013964","E43000290","0","515164","0206983","1","E18000006","E40000007","E92000001","E12000006","5","E14001507","E15000006","E24000005","E30000237","E16000150","E07000240","26UGGM","E00120493","26UGGM","E65000001","E01023726","E02004935","5","2B2","E00120493","E01023726","E02004935","E33027447","E38000079","E63011552","C1","2D2",51.749715,-0.333144,"E37000048","","E23000027",29172,"E56000035","E54000025","E00120493","E01023726","E02004935"
"AL1 3XX","AL1  3XX","AL1 3XX","198001","","E10000015","E58000663","E07000240","E05013964","E43000290","0","515181","0207144","1","E18000006","E40000007","E92000001","E12000006","5","E14001507","E15000006","E24000005","E30000237","E16000150","E07000240","26UGGM","E00120477","26UGGM","E65000001","E01023727","E02004935","5","2A2","E00120477","E01023727","E02004935","E33027448","E38000079","E63011552","C1","2D2",51.751164,-0.332821,"E37000048","","E23000027",15120,"E56000035","E54000025","E00120477","E01023727","E02004935"
"AL1 3XY","AL1  3XY","AL1 3XY","200012","","E10000015","E58000664","E07000240","E05013956","E43000290","1","517321","0206803","1","E18000006","E40000007","E92000001","E12000006","5","E14001507","E15000006","E24000005","E30000237","E16000150","E07000240","26UGFX","E00120196","26UGFX","E65000001","E01023667","E02004936","5","6D1","E00120196","E01023667","E02004936","E33027453","E38000079","E63011552","C1","5A2",51.747650,-0.301973,"E37000048","","E23000027",30628,"E56000035","E54000025","E00120196","E01023667","E02004936"
"AL1 3XZ","AL1  3XZ","AL1 3XZ","198001","","E10000015","E58000663","E07000240","E05013964","E43000290","0","514737","0207134","1","E18000006","E40000007","E92000001","E12000006","5","E14001507","E15000006","E24000005","E30000237","E16000150","E07000240","26UGGM","E00120481","26UGGM","E65000001","E01023727","E02004935","5","2B2","E00120481","E01023727","E02004935","E33024331","E38000079","E63011552","C1","2D1",51.751159,-0.339277,"E37000048","","E23000027",15120,"E56000035","E54000025","E00120481","E01023727","E02004935"
"AL1 3YA","AL1  3YA","AL1 3YA","200012","200408","E10000015","E58000664","E07000240","E05013956","E43000290","1","517328","0206823","1","E18000006","E40000007","E92000001","E12000006","5","E14001507","E15000006","E24000005","E30000237","E16000150","E07000240","26UGFX","E00120196","26UGFX","E65000001","E01023667","E02004936","5","6D1","E00120196","E01023667","E02004936","E33027453","E38000079","E63011552","C1","5A2",51.747828,-0.301865,"E37000048","","E23000027",30628,"E56000035","E54000025","E00120196","E01023667","E02004936"
"AL1 3YB","AL1  3YB","AL1 3YB","200012","200203","E10000015","E58000664","E07000240","E05013956","E43000290","1","517328","0206823","1","E18000006","E40000007","E92000001","E12000006","5","E14001507","E15000006","E24000005","E30000237","E16000150","E07000240","26UGFX","E00120196","26UGFX","E65000001","E01023667","E02004936","5","6D1","E00120196","E01023667","E02004936","E33027453","E38000079","E63011552","C1","5A2",51.747828,-0.301865,"E37000048","","E23000027",30628,"E56000035","E54000025","E00120196","E01023667","E02004936"
"AL1 3YD","AL1  3YD","AL1 3YD","198001","","E10000015","E58000663","E07000240","E05013964","E43000290","0","514759","0207182","1","E18000006","E40000007","E92000001","E12000006","5","E14001507","E15000006","E24000005","E30000237","E16000150","E07000240","26UGGM","E00120481","26UGGM","E65000001","E01023727","E02004935","5","2B2","E00120481","E01023727","E02004935","E33024331","E38000079","E63011552","C1","2D1",51.751586,-0.338942,"E37000048","","E23000027",15120,"E56000035","E54000025","E00120481","E01023727","E02004935"
"AL1 3YE","AL1  3YE","AL1 3YE","198001","201701","E10000015","E58000663","E07000240","E05013964","E43000290","1","514739","0207210","1","E18000006","E40000007","E92000001","E12000006","5","E14001507","E15000006","E24000005","E30000237","E16000150","E07000240","26UGGM","E00120481","26UGGM","E65000001","E01023727","E02004935","5","2B2","E00120481","E01023727","E02004935","E33024333","E38000079","E63011552","C1","2D1",51.751842,-0.339223,"E37000048","","E23000027",15120,"E56000035","E54000025","E00120481","E01023727","E02004935"
"AL1 3YF","AL1  3YF","AL1 3YF","199405","200408","E10000015","E58000664","E07000240","E05013956","E43000290","1","517328","0206823","1","E18000006","E40000007","E92000001","E12000006","5","E14001507","E15000006","E24000005","E30000237","E16000150","E07000240","26UGFX","E00120196","26UGFX","E65000001","E01023667","E02004936","5","6D1","E00120196","E01023667","E02004936","E33027453","E38000079","E63011552","C1","5A2",51.747828,-0.301865,"E37000048","","E23000027",30628,"E56000035","E54000025","E00120196","E01023667","E02004936"
"AL1 3YG","AL1  3YG","AL1 3YG","198504","200505","E10000015","E58000663","E07000240","E05013964","E43000290","1","514748","0207165","1","E18000006","E40000007","E92000001","E12000006","5","E14001507","E15000006","E24000005","E30000237","E16000150","E07000240","26UGGM","E00120481","26UGGM","E65000001","E01023727","E02004935","5","2B2","E00120481","E01023727","E02004935","E33024331","E38000079","E63011552","C1","2D1",51.751436,-0.339107,"E37000048","","E23000027",15120,"E56000035","E54000025","E00120481","E01023727","E02004935"
"AL1 3YH","AL1  3YH","AL1 3YH","198001","","E10000015","E58000663","E07000240","E05013964","E43000290","1","514784","0207237","1","E18000006","E40000007","E92000001","E12000006","5","E14001507","E15000006","E24000005","E30000237","E16000150","E07000240","26UGGM","E00120481","26UGGM","E65000001","E01023727","E02004935","5","2B2","E00120481","E01023727","E02004935","E33024333","E38000079","E63011552","C1","2D1",51.752076,-0.338562,"E37000048","","E23000027",15120,"E56000035","E54000025","E00120481","E01023727","E02004935"
"AL1 3YJ","AL1  3YJ","AL1 3YJ","198001","","E10000015","E58000663","E07000240","E05013964","E43000290","0","514702","0207146","1","E18000006","E40000007","E92000001","E12000006","5","E14001507","E15000006","E24000005","E30000237","E16000150","E07000240","26UGGM","E00120481","26UGGM","E65000001","E01023727","E02004935","5","2B2","E00120481","E01023727","E02004935","E33024336","E38000079","E63011552","C1","2D1",51.751280,-0.339756,"E37000048","","E23000027",15120,"E56000035","E54000025","E00120481","E01023727","E02004935"
"AL1 3YL","AL1  3YL","AL1 3YL","201203","201903","E10000015","E58000664","E07000240","E05013956","E43000290","1","517321","0206803","1","E18000006","E40000007","E92000001","E12000006","5","E14001507","E15000006","E24000005","E30000237","E16000150","E07000240","26UGFX","E00120196","26UGFX","E65000001","E01023667","E02004936","5","6D1","E00120196","E01023667","E02004936","E33027453","E38000079","E63011552","C1","5A2",51.747650,-0.301973,"E37000048","","E23000027",30628,"E56000035","E54000025","E00120196","E01023667","E02004936"
"AL1 3YN","AL1  3YN","AL1 3YN","198001","","E10000015","E58000663","E07000240","E05013964","E43000290","1","514723","0207203","1","E18000006","E40000007","E92000001","E12000006","5","E14001507","E15000006","E24000005","E30000237","E16000150","E07000240","26UGGM","E00120481","26UGGM","E65000001","E01023727","E02004935","5","2B2","E00120481","E01023727","E02004935","E33024333","E38000079","E63011552","C1","2D1",51.751782,-0.339457,"E37000048","","E23000027",15120,"E56000035","E54000025","E00120481","E01023727","E02004935"
"AL1 3YP","AL1  3YP","AL1 3YP","198001","199912","E10000015","E58000663","E07000240","E05013964","E43000290","1","515106","0207119","1","E18000006","E40000007","E92000001","E12000006","5","E14001507","E15000006","E24000005","E30000237","E16000150","E07000240","26UGGM","E00120477","26UGGM","E65000001","E01023727","E02004935","5","2A2","E00120477","E01023727","E02004935","E33027448","E38000079","E63011552","C1","2D2",51.750949,-0.333938,"E37000048","","E23000027",15120,"E56000035","E54000025","E00120477","E01023727","E02004935"
"AL1 3YQ","AL1  3YQ","AL1 3YQ","198001","","E10000015","E58000663","E07000240","E05013964","E43000290","1","514775","0207232","1","E18000006","E40000007","E92000001","E12000006","5","E14001507","E15000006","E24000005","E30000237","E16000150","E07000240","26UGGM","E00120481","26UGGM","E65000001","E01023727","E02004935","5","2B2","E00120481","E01023727","E02004935","E33024333","E38000079","E63011552","C1","2D1",51.752038,-0.338671,"E37000048","","E23000027",15120,"E56000035","E54000025","E00120481","E01023727","E02004935"
"AL1 3YR","AL1  3YR","AL1 3YR","199912","201502","E10000015","E58000664","E07000240","E05013956","E43000290","1","517328","0206823","1","E18000006","E40000007","E92000001","E12000006","5","E14001507","E15000006","E24000005","E30000237","E16000150","E07000240","26UGFX","E00120196","26UGFX","E65000001","E01023667","E02004936","5","6D1","E00120196","E01023667","E02004936","E33027453","E38000079","E63011552","C1","5A2",51.747828,-0.301865,"E37000048","","E23000027",30628,"E56000035","E54000025","E00120196","E01023667","E02004936"
"AL1 3YS","AL1  3YS","AL1 3YS","198803","","E10000015","E58000663","E07000240","E05013964","E43000290","0","514818","0207186","1","E18000006","E40000007","E92000001","E12000006","5","E14001507","E15000006","E24000005","E30000237","E16000150","E07000240","26UGGM","E00120481","26UGGM","E65000001","E01023727","E02004935","5","2B2","E00120481","E01023727","E02004935","E33024332","E38000079","E63011552","C1","2D1",51.751610,-0.338087,"E37000048","","E23000027",15120,"E56000035","E54000025","E00120481","E01023727","E02004935"
"AL1 3YT","AL1  3YT","AL1 3YT","199109","","E10000015","E58000663","E07000240","E05013948","E43000290","0","515504","0207393","1","E18000006","E40000007","E92000001","E12000006","5","E14001507","E15000006","E24000005","E30000237","E16000150","E07000240","26UGFZ","E00120223","26UGFZ","E65000001","E01023676","E02004934","5","2B2","E00120223","E01023676","E02004934","E33027440","E38000079","E63011552","C1","2C1",51.753330,-0.328085,"E37000048","","E23000027",28829,"E56000035","E54000025","E00189403","E01023676","E02004934"
"AL1 3YU","AL1  3YU","AL1 3YU","198001","199512","E10000015","E58000663","E07000240","E05013964","E43000290","1","515200","0207100","8","E18000006","E40000007","E92000001","E12000006","5","E14001507","E15000006","E24000005","E30000237","E16000150","E07000240","26UGGM","E00120477","26UGGM","E65000001","E01023727","E02004935","5","2A2","E00120477","E01023727","E02004935","E33027448","E38000079","E63011552","C1","2D2",51.750759,-0.332584,"E37000048","","E23000027",15120,"E56000035","E54000025","E00120477","E01023727","E02004935"
"AL1 3YW","AL1  3YW","AL1 3YW","199308","200108","E10000015","E58000663","E07000240","E05013964","E43000290","1","515627","0206962","1","E18000006","E40000007","E92000001","E12000006","5","E14001507","E15000006","E24000005","E30000237","E16000150","E07000240","26UGGM","E00120487","26UGGM","E65000001","E01023729","E02004935","5","7A3","E00120487","E01023729","E02004935","E33027450","E38000079","E63011552","C1","3D1",51.749431,-0.326447,"E37000048","","E23000027",27026,"E56000035","E54000025","E00189396","E01035566","E02004935"
"AL1 3YX","AL1  3YX","AL1 3YX","200902","200912","E10000015","E58000664","E07000240","E05013956","E43000290","1","517328","0206823","1","E18000006","E40000007","E92000001","E12000006","5","E14001507","E15000006","E24000005","E30000237","E16000150","E07000240","26UGFX","E00120196","26UGFX","E65000001","E01023667","E02004936","5","6D1","E00120196","E01023667","E02004936","E33027453","E38000079","E63011552","C1","5A2",51.747828,-0.301865,"E37000048","","E23000027",30628,"E56000035","E54000025","E00120196","E01023667","E02004936"
"AL1 3YY","AL1  3YY","AL1 3YY","199806","200101","E10000015","E58000663","E07000240","E05013964","E43000290","1","514825","0207288","1","E18000006","E40000007","E92000001","E12000006","5","E14001507","E15000006","E24000005","E30000237","E16000150","E07000240","26UGGM","E00120481","26UGGM","E65000001","E01023727","E02004935","5","2B2","E00120481","E01023727","E02004935","E33024334","E38000079","E63011552","C1","2D1",51.752525,-0.337952,"E37000048","","E23000027",15120,"E56000035","E54000025","E00120481","E01023727","E02004935"
"AL1 3YZ","AL1  3YZ","AL1 3YZ","199906","200408","E10000015","E58000664","E07000240","E05013956","E43000290","1","517328","0206823","1","E18000006","E40000007","E92000001","E12000006","5","E14001507","E15000006","E24000005","E30000237","E16000150","E07000240","26UGFX","E00120196","26UGFX","E65000001","E01023667","E02004936","5","6D1","E00120196","E01023667","E02004936","E33027453","E38000079","E63011552","C1","5A2",51.747828,-0.301865,"E37000048","","E23000027",30628,"E56000035","E54000025","E00120196","E01023667","E02004936"
"AL1 3ZD","AL1  3ZD","AL1 3ZD","199712","199812","E10000015","E58000663","E07000240","E05013964","E43000290","1","515248","0207293","6","E18000006","E40000007","E92000001","E12000006","5","E14001507","E15000006","E24000005","E30000237","E16000150","E07000240","26UGGM","E00120484","26UGGM","E65000001","E01023727","E02004935","5","2B1","E00120484","E01023727","E02004935","E33024340","E38000079","E63011552","C1","2C1",51.752484,-0.331825,"E37000048","","E23000027",15120,"E56000035","E54000025","E00120484","E01023727","E02004935"
"AL1 3ZE","AL1  3ZE","AL1 3ZE","199712","200602","E10000015","E58000664","E07000240","E05013956","E43000290","1","517328","0206823","1","E18000006","E40000007","E92000001","E12000006","5","E14001507","E15000006","E24000005","E30000237","E16000150","E07000240","26UGFX","E00120196","26UGFX","E65000001","E01023667","E02004936","5","6D1","E00120196","E01023667","E02004936","E33027453","E38000079","E63011552","C1","5A2",51.747828,-0.301865,"E37000048","","E23000027",30628,"E56000035","E54000025","E00120196","E01023667","E02004936"
"AL1 3ZF","AL1  3ZF","AL1 3ZF","199712","200201","E10000015","E58000664","E07000240","E05013956","E43000290","1","517328","0206823","1","E18000006","E40000007","E92000001","E12000006","5","E14001507","E15000006","E24000005","E30000237","E16000150","E07000240","26UGFX","E00120196","26UGFX","E65000001","E01023667","E02004936","5","6D1","E00120196","E01023667","E02004936","E33027453","E38000079","E63011552","C1","5A2",51.747828,-0.301865,"E37000048","","E23000027",30628,"E56000035","E54000025","E00120196","E01023667","E02004936"
"AL1 3ZG","AL1  3ZG","AL1 3ZG","199712","199812","E10000015","E58000663","E07000240","E05013964","E43000290","1","515248","0207293","6","E18000006","E40000007","E92000001","E12000006","5","E14001507","E15000006","E24000005","E30000237","E16000150","E07000240","26UGGM","E00120484","26UGGM","E65000001","E01023727","E02004935","5","2B1","E00120484","E01023727","E02004935","E33024340","E38000079","E63011552","C1","2C1",51.752484,-0.331825,"E37000048","","E23000027",15120,"E56000035","E54000025","E00120484","E01023727","E02004935"
"AL1 3ZH","AL1  3ZH","AL1 3ZH","199806","200101","E10000015","E58000663","E07000240","E05013964","E43000290","1","515248","0207293","6","E18000006","E40000007","E92000001","E12000006","5","E14001507","E15000006","E24000005","E30000237","E16000150","E07000240","26UGGM","E00120484","26UGGM","E65000001","E01023727","E02004935","5","2B1","E00120484","E01023727","E02004935","E33024340","E38000079","E63011552","C1","2C1",51.752484,-0.331825,"E37000048","","E23000027",15120,"E56000035","E54000025","E00120484","E01023727","E02004935"
"AL1 3ZJ","AL1  3ZJ","AL1 3ZJ","200804","","E10000015","E58000664","E07000240","E05013956","E43000290","1","517321","0206803","1","E18000006","E40000007","E92000001","E12000006","5","E14001507","E15000006","E24000005","E30000237","E16000150","E07000240","26UGFX","E00120196","26UGFX","E65000001","E01023667","E02004936","5","6D1","E00120196","E01023667","E02004936","E33027453","E38000079","E63011552","C1","5A2",51.747650,-0.301973,"E37000048","","E23000027",30628,"E56000035","E54000025","E00120196","E01023667","E02004936"
"AL1 3ZL","AL1  3ZL","AL1 3ZL","199812","201207","E10000015","E58000664","E07000240","E05013956","E43000290","1","517328","0206823","1","E18000006","E40000007","E92000001","E12000006","5","E14001507","E15000006","E24000005","E30000237","E16000150","E07000240","26UGFX","E00120196","26UGFX","E65000001","E01023667","E02004936","5","6D1","E00120196","E01023667","E02004936","E33027453","E38000079","E63011552","C1","5A2",51.747828,-0.301865,"E37000048","","E23000027",30628,"E56000035","E54000025","E00120196","E01023667","E02004936"
"AL1 3ZN","AL1  3ZN","AL1 3ZN","200407","200608","E10000015","E58000664","E07000240","E05013956","E43000290","1","517328","0206823","1","E18000006","E40000007","E92000001","E12000006","5","E14001507","E15000006","E24000005","E30000237","E16000150","E07000240","26UGFX","E00120196","26UGFX","E65000001","E01023667","E02004936","5","6D1","E00120196","E01023667","E02004936","E33027453","E38000079","E63011552","C1","5A2",51.747828,-0.301865,"E37000048","","E23000027",30628,"E56000035","E54000025","E00120196","E01023667","E02004936"
"AL1 3ZP","AL1  3ZP","AL1 3ZP","200402","200604","E10000015","E58000664","E07000240","E05013956","E43000290","1","517328","0206823","1","E18000006","E40000007","E92000001","E12000006","5","E14001507","E15000006","E24000005","E30000237","E16000150","E07000240","26UGFX","E00120196","26UGFX","E65000001","E01023667","E02004936","5","6D1","E00120196","E01023667","E02004936","E33027453","E38000079","E63011552","C1","5A2",51.747828,-0.301865,"E37000048","","E23000027",30628,"E56000035","E54000025","E00120196","E01023667","E02004936"
"AL1 3ZQ","AL1  3ZQ","AL1 3ZQ","200302","200405","E10000015","E58000664","E07000240","E05013956","E43000290","1","517328","0206823","5","E18000006","E40000007","E92000001","E12000006","5","E14001507","E15000006","E24000005","E30000237","E16000150","E07000240","26UGFX","E00120196","26UGFX","E65000001","E01023667","E02004936","5","6D1","E00120196","E01023667","E02004936","E33027453","E38000079","E63011552","C1","5A2",51.747828,-0.301865,"E37000048","","E23000027",30628,"E56000035","E54000025","E00120196","E01023667","E02004936"
"AL1 3ZR","AL1  3ZR","AL1 3ZR","199906","200602","E10000015","E58000664","E07000240","E05013956","E43000290","1","517328","0206823","1","E18000006","E40000007","E92000001","E12000006","5","E14001507","E15000006","E24000005","E30000237","E16000150","E07000240","26UGFX","E00120196","26UGFX","E65000001","E01023667","E02004936","5","6D1","E00120196","E01023667","E02004936","E33027453","E38000079","E63011552","C1","5A2",51.747828,-0.301865,"E37000048","","E23000027",30628,"E56000035","E54000025","E00120196","E01023667","E02004936"
"AL1 3ZT","AL1  3ZT","AL1 3ZT","200310","202012","E10000015","E58000664","E07000240","E05013956","E43000290","1","517321","0206803","1","E18000006","E40000007","E92000001","E12000006","5","E14001507","E15000006","E24000005","E30000237","E16000150","E07000240","26UGFX","E00120196","26UGFX","E65000001","E01023667","E02004936","5","6D1","E00120196","E01023667","E02004936","E33027453","E38000079","E63011552","C1","5A2",51.747650,-0.301973,"E37000048","","E23000027",30628,"E56000035","E54000025","E00120196","E01023667","E02004936"
"AL1 3ZU","AL1  3ZU","AL1 3ZU","200903","201005","E10000015","E58000664","E07000240","E05013956","E43000290","1","517328","0206823","1","E18000006","E40000007","E92000001","E12000006","5","E14001507","E15000006","E24000005","E30000237","E16000150","E07000240","26UGFX","E00120196","26UGFX","E65000001","E01023667","E02004936","5","6D1","E00120196","E01023667","E02004936","E33027453","E38000079","E63011552","C1","5A2",51.747828,-0.301865,"E37000048","","E23000027",30628,"E56000035","E54000025","E00120196","E01023667","E02004936"
"AL1 3ZW","AL1  3ZW","AL1 3ZW","199806","201605","E10000015","E58000664","E07000240","E05013956","E43000290","1","517321","0206803","1","E18000006","E40000007","E92000001","E12000006","5","E14001507","E15000006","E24000005","E30000237","E16000150","E07000240","26UGFX","E00120196","26UGFX","E65000001","E01023667","E02004936","5","6D1","E00120196","E01023667","E02004936","E33027453","E38000079","E63011552","C1","5A2",51.747650,-0.301973,"E37000048","","E23000027",30628,"E56000035","E54000025","E00120196","E01023667","E02004936"
"AL1 3ZX","AL1  3ZX","AL1 3ZX","200306","201904","E10000015","E58000664","E07000240","E05013956","E43000290","1","517321","0206803","1","E18000006","E40000007","E92000001","E12000006","5","E14001507","E15000006","E24000005","E30000237","E16000150","E07000240","26UGFX","E00120196","26UGFX","E65000001","E01023667","E02004936","5","6D1","E00120196","E01023667","E02004936","E33027453","E38000079","E63011552","C1","5A2",51.747650,-0.301973,"E37000048","","E23000027",30628,"E56000035","E54000025","E00120196","E01023667","E02004936"
"AL1 3ZY","AL1  3ZY","AL1 3ZY","199712","199812","E10000015","E58000663","E07000240","E05013964","E43000290","1","515248","0207293","6","E18000006","E40000007","E92000001","E12000006","5","E14001507","E15000006","E24000005","E30000237","E16000150","E07000240","26UGGM","E00120484","26UGGM","E65000001","E01023727","E02004935","5","2B1","E00120484","E01023727","E02004935","E33024340","E38000079","E63011552","C1","2C1",51.752484,-0.331825,"E37000048","","E23000027",15120,"E56000035","E54000025","E00120484","E01023727","E02004935"
"AL1 3ZZ","AL1  3ZZ","AL1 3ZZ","199906","200101","E10000015","E58000663","E07000240","E05013964","E43000290","1","515248","0207293","6","E18000006","E40000007","E92000001","E12000006","5","E14001507","E15000006","E24000005","E30000237","E16000150","E07000240","26UGGM","E00120484","26UGGM","E65000001","E01023727","E02004935","5","2B1","E00120484","E01023727","E02004935","E33024340","E38000079","E63011552","C1","2C1",51.752484,-0.331825,"E37000048","","E23000027",15120,"E56000035","E54000025","E00120484","E01023727","E02004935"
"AL1 4AA","AL1  4AA","AL1 4AA","198001","","E10000015","E58000665","E07000240","E05013948","E43000290","0","515207","0207960","1","E18000006","E40000007","E92000001","E12000006","5","E14001507","E15000006","E24000005","E30000237","E16000150","E07000240","26UGGJ","E00120417","26UGGJ","E65000001","E01023716","E02004933","5","6D1","E00120417","E01023716","E02004933","E33027435","E38000079","E63011552","C1","5A2",51.758492,-0.332174,"E37000048","","E23000027",32598,"E56000035","E54000025","E00120417","E01023716","E02004933"
"AL1 4AB","AL1  4AB","AL1 4AB","198001","","E10000015","E58000665","E07000240","E05013948","E43000290","0","515268","0208076","1","E18000006","E40000007","E92000001","E12000006","5","E14001507","E15000006","E24000005","E30000237","E16000150","E07000240","26UGGJ","E00120417","26UGGJ","E65000001","E01023716","E02004933","5","6D1","E00120417","E01023716","E02004933","E33027435","E38000079","E63011552","C1","5A2",51.759517,-0.331276,"E37000048","","E23000027",32598,"E56000035","E54000025","E00120417","E01023716","E02004933"
"AL1 4AD","AL1  4AD","AL1 4AD","198001","","E10000015","E58000665","E07000240","E05013948","E43000290","0","515271","0208178","1","E18000006","E40000007","E92000001","E12000006","5","E14001507","E15000006","E24000005","E30000237","E16000150","E07000240","26UGGJ","E00120417","26UGGJ","E65000001","E01023716","E02004933","5","6D1","E00120417","E01023716","E02004933","E33027435","E38000079","E63011552","C1","5A2",51.760433,-0.331199,"E37000048","","E23000027",32598,"E56000035","E54000025","E00120417","E01023716","E02004933"
"AL1 4AE","AL1  4AE","AL1 4AE","198001","","E10000015","E58000665","E07000240","E05013948","E43000290","0","515340","0208155","1","E18000006","E40000007","E92000001","E12000006","5","E14001507","E15000006","E24000005","E30000237","E16000150","E07000240","26UGGJ","E00120417","26UGGJ","E65000001","E01023716","E02004933","5","6D1","E00120417","E01023716","E02004933","E33027435","E38000079","E63011552","C1","5A2",51.760212,-0.330207,"E37000048","","E23000027",32598,"E56000035","E54000025","E00120417","E01023716","E02004933"
"AL1 4AF","AL1  4AF","AL1 4AF","198001","199405","E10000015","E58000665","E07000240","E05013948","E43000290","1","515300","0208100","8","E18000006","E40000007","E92000001","E12000006","5","E14001507","E15000006","E24000005","E30000237","E16000150","E07000240","26UGGJ","E00120417","26UGGJ","E65000001","E01023716","E02004933","5","6D1","E00120417","E01023716","E02004933","E33027435","E38000079","E63011552","C1","5A2",51.759726,-0.330804,"E37000048","","E23000027",32598,"E56000035","E54000025","E00120417","E01023716","E02004933"
"AL1 4AG","AL1  4AG","AL1 4AG","198001","","E10000015","E58000665","E07000240","E05013948","E43000290","0","515508","0208406","1","E18000006","E40000007","E92000001","E12000006","5","E14001507","E15000006","E24000005","E30000237","E16000150","E07000240","26UGGJ","E00120430","26UGGJ","E65000001","E01023716","E02004933","5","2B2","E00120430","E01023716","E02004933","E33027435","E38000079","E63011552","C1","5A3",51.762433,-0.327690,"E37000048","","E23000027",32598,"E56000035","E54000025","E00120430","E01023716","E02004933"
"AL1 4AH","AL1  4AH","AL1 4AH","198001","","E10000015","E58000665","E07000240","E05013948","E43000290","0","515758","0208735","1","E18000006","E40000007","E92000001","E12000006","5","E14001507","E15000006","E24000005","E30000237","E16000150","E07000240","26UGGJ","E00120427","26UGGJ","E65000001","E01023715","E02004933","5","4B3","E00120427","E01023715","E02004933","E33027437","E38000079","E63011552","C1","6A1",51.765338,-0.323960,"E37000048","","E23000027",32105,"E56000035","E54000025","E00120427","E01023715","E02004933"
"AL1 4AJ","AL1  4AJ","AL1 4AJ","198001","","E10000015","E58000665","E07000240","E05013948","E43000290","0","515852","0208758","1","E18000006","E40000007","E92000001","E12000006","5","E14001507","E15000006","E24000005","E30000237","E16000150","E07000240","26UGGJ","E00120427","26UGGJ","E65000001","E01023715","E02004933","5","4B3","E00120427","E01023715","E02004933","E33027437","E38000079","E63011552","C1","6A1",51.765525,-0.322591,"E37000048","","E23000027",32105,"E56000035","E54000025","E00120427","E01023715","E02004933"
"AL1 4AL","AL1  4AL","AL1 4AL","198001","","E10000015","E58000665","E07000240","E05013948","E43000290","0","515688","0208539","1","E18000006","E40000007","E92000001","E12000006","5","E14001507","E15000006","E24000005","E30000237","E16000150","E07000240","26UGGJ","E00120427","26UGGJ","E65000001","E01023715","E02004933","5","4B3","E00120427","E01023715","E02004933","E33027437","E38000079","E63011552","C1","6A1",51.763591,-0.325039,"E37000048","","E23000027",32105,"E56000035","E54000025","E00120427","E01023715","E02004933"
"AL1 4AN","AL1  4AN","AL1 4AN","198001","","E10000015","E58000665","E07000240","E05013948","E43000290","0","515554","0208370","1","E18000006","E40000007","E92000001","E12000006","5","E14001507","E15000006","E24000005","E30000237","E16000150","E07000240","26UGGJ","E00120430","26UGGJ","E65000001","E01023716","E02004933","5","2B2","E00120430","E01023716","E02004933","E33027435","E38000079","E63011552","C1","5A3",51.762100,-0.327036,"E37000048","","E23000027",32598,"E56000035","E54000025","E00120430","E01023716","E02004933"
"AL1 4AP","AL1  4AP","AL1 4AP","198001","","E10000015","E58000665","E07000240","E05013948","E43000290","0","515460","0208244","1","E18000006","E40000007","E92000001","E12000006","5","E14001507","E15000006","E24000005","E30000237","E16000150","E07000240","26UGGJ","E00120430","26UGGJ","E65000001","E01023716","E02004933","5","2B2","E00120430","E01023716","E02004933","E33027435","E38000079","E63011552","C1","5A3",51.760993,-0.328416,"E37000048","","E23000027",32598,"E56000035","E54000025","E00120430","E01023716","E02004933"
"AL1 4AQ","AL1  4AQ","AL1 4AQ","198001","","E10000015","E58000665","E07000240","E05013948","E43000290","0","515615","0208546","1","E18000006","E40000007","E92000001","E12000006","5","E14001507","E15000006","E24000005","E30000237","E16000150","E07000240","26UGGJ","E00120426","26UGGJ","E65000001","E01023715","E02004933","5","1C3","E00120426","E01023715","E02004933","E33027435","E38000079","E63011552","C1","4A1",51.763669,-0.326094,"E37000048","","E23000027",32105,"E56000035","E54000025","E00120426","E01023715","E02004933"
"AL1 4AR","AL1  4AR","AL1 4AR","198001","","E10000015","E58000665","E07000240","E05013948","E43000290","0","515366","0208127","1","E18000006","E40000007","E92000001","E12000006","5","E14001507","E15000006","E24000005","E30000237","E16000150","E07000240","26UGGJ","E00120417","26UGGJ","E65000001","E01023716","E02004933","5","6D1","E00120417","E01023716","E02004933","E33027435","E38000079","E63011552","C1","5A2",51.759961,-0.329816,"E37000048","","E23000027",32598,"E56000035","E54000025","E00120417","E01023716","E02004933"
"AL1 4AS","AL1  4AS","AL1 4AS","198001","","E10000015","E58000665","E07000240","E05013948","E43000290","0","515287","0208038","1","E18000006","E40000007","E92000001","E12000006","5","E14001507","E15000006","E24000005","E30000237","E16000150","E07000240","26UGGJ","E00120417","26UGGJ","E65000001","E01023716","E02004933","5","6D1","E00120417","E01023716","E02004933","E33027435","E38000079","E63011552","C1","5A2",51.759171,-0.331013,"E37000048","","E23000027",32598,"E56000035","E54000025","E00120417","E01023716","E02004933"
"AL1 4AT","AL1  4AT","AL1 4AT","198001","","E10000015","E58000665","E07000240","E05013948","E43000290","0","515214","0208188","1","E18000006","E40000007","E92000001","E12000006","5","E14001507","E15000006","E24000005","E30000237","E16000150","E07000240","26UGGJ","E00120417","26UGGJ","E65000001","E01023716","E02004933","5","6D1","E00120417","E01023716","E02004933","E33027435","E38000079","E63011552","C1","5A2",51.760540,-0.331997,"E37000048","","E23000027",32598,"E56000035","E54000025","E00120417","E01023716","E02004933"
"AL1 4AU","AL1  4AU","AL1 4AU","198001","","E10000015","E58000665","E07000240","E05013948","E43000290","0","515167","0207922","1","E18000006","E40000007","E92000001","E12000006","5","E14001507","E15000006","E24000005","E30000237","E16000150","E07000240","26UGGJ","E00120417","26UGGJ","E65000001","E01023716","E02004933","5","6D1","E00120417","E01023716","E02004933","E33027435","E38000079","E63011552","C1","5A2",51.758153,-0.332789,"E37000048","","E23000027",32598,"E56000035","E54000025","E00120417","E01023716","E02004933"
"AL1 4AW","AL1  4AW","AL1 4AW","198001","200402","E10000015","E58000665","E07000240","E05013948","E43000290","1","515534","0208341","1","E18000006","E40000007","E92000001","E12000006","5","E14001507","E15000006","E24000005","E30000237","E16000150","E07000240","26UGGJ","E00120430","26UGGJ","E65000001","E01023716","E02004933","5","2B2","E00120430","E01023716","E02004933","E33027435","E38000079","E63011552","C1","5A3",51.761843,-0.327335,"E37000048","","E23000027",32598,"E56000035","E54000025","E00120430","E01023716","E02004933"
"AL1 4AX","AL1  4AX","AL1 4AX","200112","","E10000015","E58000665","E07000240","E05013948","E43000290","0","515233","0208050","1","E18000006","E40000007","E92000001","E12000006","5","E14001507","E15000006","E24000005","E30000237","E16000150","E07000240","26UGGJ","E00120417","26UGGJ","E65000001","E01023716","E02004933","5","6D1","E00120417","E01023716","E02004933","E33027435","E38000079","E63011552","C1","5A2",51.759290,-0.331791,"E37000048","","E23000027",32598,"E56000035","E54000025","E00120417","E01023716","E02004933"
"AL1 4AY","AL1  4AY","AL1 4AY","199405","199806","E10000015","E58000663","E07000240","E05013949","E43000290","1","516191","0207953","6","E18000006","E40000007","E92000001","E12000006","5","E14001507","E15000006","E24000005","E30000237","E16000150","E07000240","26UGFZ","E00120239","26UGFZ","E65000001","E01023675","E02004934","5","4D1","E00120239","E01023675","E02004934","E33027444","E38000079","E63011552","C1","6A4",51.758221,-0.317950,"E37000048","","E23000027",31313,"E56000035","E54000025","E00120239","E01023675","E02004934"
"AL1 4AZ","AL1  4AZ","AL1 4AZ","199109","199405","E10000015","E58000663","E07000240","E05013948","E43000290","1","515700","0207900","8","E18000006","E40000007","E92000001","E12000006","5","E14001507","E15000006","E24000005","E30000237","E16000150","E07000240","26UGFZ","E00120226","26UGFZ","E65000001","E01023676","E02004934","5","2B1","E00120226","E01023676","E02004934","E33027440","E38000079","E63011552","C1","2D1",51.757846,-0.325078,"E37000048","","E23000027",28829,"E56000035","E54000025","E00120226","E01023676","E02004934"
"AL1 4BA","AL1  4BA","AL1 4BA","200112","","E10000015","E58000665","E07000240","E05013948","E43000290","0","515298","0208104","1","E18000006","E40000007","E92000001","E12000006","5","E14001507","E15000006","E24000005","E30000237","E16000150","E07000240","26UGGJ","E00120417","26UGGJ","E65000001","E01023716","E02004933","5","6D1","E00120417","E01023716","E02004933","E33027435","E38000079","E63011552","C1","5A2",51.759762,-0.330832,"E37000048","","E23000027",32598,"E56000035","E54000025","E00120417","E01023716","E02004933"
"AL1 4BB","AL1  4BB","AL1 4BB","199507","200408","E10000015","E58000664","E07000240","E05013956","E43000290","1","517328","0206823","1","E18000006","E40000007","E92000001","E12000006","5","E14001507","E15000006","E24000005","E30000237","E16000150","E07000240","26UGFX","E00120196","26UGFX","E65000001","E01023667","E02004936","5","6D1","E00120196","E01023667","E02004936","E33027453","E38000079","E63011552","C1","5A2",51.747828,-0.301865,"E37000048","","E23000027",30628,"E56000035","E54000025","E00120196","E01023667","E02004936"
"AL1 4BD","AL1  4BD","AL1 4BD","199606","200006","E10000015","E58000663","E07000240","E05013949","E43000290","1","516191","0207953","6","E18000006","E40000007","E92000001","E12000006","5","E14001507","E15000006","E24000005","E30000237","E16000150","E07000240","26UGFZ","E00120239","26UGFZ","E65000001","E01023675","E02004934","5","4D1","E00120239","E01023675","E02004934","E33027444","E38000079","E63011552","C1","6A4",51.758221,-0.317950,"E37000048","","E23000027",31313,"E56000035","E54000025","E00120239","E01023675","E02004934"
"AL1 4BE","AL1  4BE","AL1 4BE","198001","","E10000015","E58000665","E07000240","E05015802","E43000290","0","516554","0208172","1","E18000006","E40000007","E92000001","E12000006","5","E14001507","E15000006","E24000005","E30000237","E16000150","E07000240","26UGGJ","E00120431","26UGGJ","E65000001","E01023714","E02004933","5","4B3","E00120431","E01023714","E02004933","E33027436","E38000079","E63011552","C1","6A2",51.760113,-0.312619,"E37000048","","E23000027",32374,"E56000035","E54000025","E00120431","E01023714","E02004933"
"AL1 4BF","AL1  4BF","AL1 4BF","199706","199806","E10000015","E58000663","E07000240","E05013949","E43000290","1","516191","0207952","6","E18000006","E40000007","E92000001","E12000006","5","E14001507","E15000006","E24000005","E30000237","E16000150","E07000240","26UGFZ","E00120239","26UGFZ","E65000001","E01023675","E02004934","5","4D1","E00120239","E01023675","E02004934","E33027444","E38000079","E63011552","C1","6A4",51.758212,-0.317950,"E37000048","","E23000027",31313,"E56000035","E54000025","E00120239","E01023675","E02004934"
"AL1 4BG","AL1  4BG","AL1 4BG","198001","","E10000015","E58000665","E07000240","E05015802","E43000290","0","516520","0208445","1","E18000006","E40000007","E92000001","E12000006","5","E14001507","E15000006","E24000005","E30000237","E16000150","E07000240","26UGGJ","E00120428","26UGGJ","E65000001","E01023714","E02004933","5","4D1","E00120428","E01023714","E02004933","E33027436","E38000079","E63011552","C1","5B1",51.762574,-0.313020,"E37000048","","E23000027",32374,"E56000035","E54000025","E00120428","E01023714","E02004933"
"AL1 4BH","AL1  4BH","AL1 4BH","198001","","E10000015","E58000665","E07000240","E05015802","E43000290","0","516600","0208179","1","E18000006","E40000007","E92000001","E12000006","5","E14001507","E15000006","E24000005","E30000237","E16000150","E07000240","26UGGJ","E00120431","26UGGJ","E65000001","E01023714","E02004933","5","4B3","E00120431","E01023714","E02004933","E33027436","E38000079","E63011552","C1","6A2",51.760167,-0.311951,"E37000048","","E23000027",32374,"E56000035","E54000025","E00120431","E01023714","E02004933"
"AL1 4BJ","AL1  4BJ","AL1 4BJ","198001","","E10000015","E58000665","E07000240","E05015802","E43000290","0","516684","0208128","1","E18000006","E40000007","E92000001","E12000006","5","E14001507","E15000006","E24000005","E30000237","E16000150","E07000240","26UGGJ","E00120431","26UGGJ","E65000001","E01023714","E02004933","5","4B3","E00120431","E01023714","E02004933","E33027436","E38000079","E63011552","C1","6A2",51.759691,-0.310751,"E37000048","","E23000027",32374,"E56000035","E54000025","E00120431","E01023714","E02004933"
"AL1 4BL","AL1  4BL","AL1 4BL","198001","","E10000015","E58000665","E07000240","E05015802","E43000290","0","516717","0208170","1","E18000006","E40000007","E92000001","E12000006","5","E14001507","E15000006","E24000005","E30000237","E16000150","E07000240","26UGGJ","E00120431","26UGGJ","E65000001","E01023714","E02004933","5","4B3","E00120431","E01023714","E02004933","E33027436","E38000079","E63011552","C1","6A2",51.760062,-0.310259,"E37000048","","E23000027",32374,"E56000035","E54000025","E00120431","E01023714","E02004933"
"AL1 4BN","AL1  4BN","AL1 4BN","198001","","E10000015","E58000665","E07000240","E05015802","E43000290","0","516821","0208158","1","E18000006","E40000007","E92000001","E12000006","5","E14001507","E15000006","E24000005","E30000237","E16000150","E07000240","26UGGJ","E00120425","26UGGJ","E65000001","E01023714","E02004933","5","4B3","E00120425","E01023714","E02004933","E33027436","E38000079","E63011552","C1","6A1",51.759932,-0.308757,"E37000048","","E23000027",32374,"E56000035","E54000025","E00120425","E01023714","E02004933"
"AL1 4BP","AL1  4BP","AL1 4BP","198001","","E10000015","E58000663","E07000240","E05013949","E43000290","0","516617","0208052","1","E18000006","E40000007","E92000001","E12000006","5","E14001507","E15000006","E24000005","E30000237","E16000150","E07000240","26UGFZ","E00120238","26UGFZ","E65000001","E01023675","E02004934","5","6D2","E00120238","E01023675","E02004934","E33027444","E38000079","E63011552","C1","5B1",51.759022,-0.311747,"E37000048","","E23000027",31313,"E56000035","E54000025","E00120238","E01023675","E02004934"
"AL1 4BQ","AL1  4BQ","AL1 4BQ","198001","","E10000015","E58000665","E07000240","E05015802","E43000290","0","516581","0208387","1","E18000006","E40000007","E92000001","E12000006","5","E14001507","E15000006","E24000005","E30000237","E16000150","E07000240","26UGGJ","E00120431","26UGGJ","E65000001","E01023714","E02004933","5","4B3","E00120431","E01023714","E02004933","E33027436","E38000079","E63011552","C1","6A2",51.762040,-0.312156,"E37000048","","E23000027",32374,"E56000035","E54000025","E00120431","E01023714","E02004933"
"AL1 4BS","AL1  4BS","AL1 4BS","198001","","E10000015","E58000663","E07000240","E05013949","E43000290","0","516644","0208045","1","E18000006","E40000007","E92000001","E12000006","5","E14001507","E15000006","E24000005","E30000237","E16000150","E07000240","26UGFZ","E00120240","26UGFZ","E65000001","E01023673","E02004933","5","6D1","E00120240","E01023673","E02004933","E33027438","E38000079","E63011552","C1","5A2",51.758953,-0.311358,"E37000048","","E23000027",32064,"E56000035","E54000025","E00120240","E01023673","E02004933"
"AL1 4BT","AL1  4BT","AL1 4BT","199606","","E10000015","E58000665","E07000240","E05013948","E43000290","0","515429","0208012","1","E18000006","E40000007","E92000001","E12000006","5","E14001507","E15000006","E24000005","E30000237","E16000150","E07000240","26UGGJ","E00120415","26UGGJ","E65000001","E01023716","E02004933","5","6D1","E00120415","E01023716","E02004933","E33027437","E38000079","E63011552","C1","5A3",51.758908,-0.328965,"E37000048","","E23000027",32598,"E56000035","E54000025","E00120415","E01023716","E02004933"
"AL1 4BU","AL1  4BU","AL1 4BU","199712","201308","E10000015","E58000664","E07000240","E05013956","E43000290","1","517328","0206823","1","E18000006","E40000007","E92000001","E12000006","5","E14001507","E15000006","E24000005","E30000237","E16000150","E07000240","26UGFX","E00120196","26UGFX","E65000001","E01023667","E02004936","5","6D1","E00120196","E01023667","E02004936","E33027453","E38000079","E63011552","C1","5A2",51.747828,-0.301865,"E37000048","","E23000027",30628,"E56000035","E54000025","E00120196","E01023667","E02004936"
"AL1 4BW","AL1  4BW","AL1 4BW","198001","","E10000015","E58000663","E07000240","E05013949","E43000290","0","516851","0208116","1","E18000006","E40000007","E92000001","E12000006","5","E14001507","E15000006","E24000005","E30000237","E16000150","E07000240","26UGFZ","E00120240","26UGFZ","E65000001","E01023673","E02004933","5","6D1","E00120240","E01023673","E02004933","E33027438","E38000079","E63011552","C1","5A2",51.759554,-0.308313,"E37000048","","E23000027",32064,"E56000035","E54000025","E00120240","E01023673","E02004933"
"AL1 4BX","AL1  4BX","AL1 4BX","199712","199812","E10000015","E58000663","E07000240","E05013949","E43000290","1","516600","0207900","8","E18000006","E40000007","E92000001","E12000006","5","E14001507","E15000006","E24000005","E30000237","E16000150","E07000240","26UGFZ","E00120228","26UGFZ","E65000001","E01023675","E02004934","5","4B3","E00120228","E01023675","E02004934","E33027444","E38000079","E63011552","C1","6A1",51.757659,-0.312044,"E37000048","","E23000027",31313,"E56000035","E54000025","E00120228","E01023675","E02004934"
"AL1 4BY","AL1  4BY","AL1 4BY","199208","","E10000015","E58000665","E07000240","E05013948","E43000290","0","515448","0208032","1","E18000006","E40000007","E92000001","E12000006","5","E14001507","E15000006","E24000005","E30000237","E16000150","E07000240","26UGGJ","E00120415","26UGGJ","E65000001","E01023716","E02004933","5","6D1","E00120415","E01023716","E02004933","E33027437","E38000079","E63011552","C1","5A3",51.759090,-0.328660,"E37000048","","E23000027",32598,"E56000035","E54000025","E00120415","E01023716","E02004933"
"AL1 4BZ","AL1  4BZ","AL1 4BZ","199208","199405","E10000015","E58000663","E07000240","E05013949","E43000290","1","516600","0207900","8","E18000006","E40000007","E92000001","E12000006","5","E14001507","E15000006","E24000005","E30000237","E16000150","E07000240","26UGFZ","E00120228","26UGFZ","E65000001","E01023675","E02004934","5","4B3","E00120228","E01023675","E02004934","E33027444","E38000079","E63011552","C1","6A1",51.757659,-0.312044,"E37000048","","E23000027",31313,"E56000035","E54000025","E00120228","E01023675","E02004934"
"AL1 4DA","AL1  4DA","AL1 4DA","198001","","E10000015","E58000665","E07000240","E05013948","E43000290","0","515679","0208110","1","E18000006","E40000007","E92000001","E12000006","5","E14001507","E15000006","E24000005","E30000237","E16000150","E07000240","26UGGJ","E00120419","26UGGJ","E65000001","E01023716","E02004933","5","6D1","E00120419","E01023716","E02004933","E33027437","E38000079","E63011552","C1","5A2",51.759737,-0.325312,"E37000048","","E23000027",32598,"E56000035","E54000025","E00120419","E01023716","E02004933"
"AL1 4DB","AL1  4DB","AL1 4DB","198001","","E10000015","E58000665","E07000240","E05013948","E43000290","0","515729","0208390","1","E18000006","E40000007","E92000001","E12000006","5","E14001507","E15000006","E24000005","E30000237","E16000150","E07000240","26UGGJ","E00120432","26UGGJ","E65000001","E01023715","E02004933","5","4D1","E00120432","E01023715","E02004933","E33027437","E38000079","E63011552","C1","6A4",51.762244,-0.324495,"E37000048","","E23000027",32105,"E56000035","E54000025","E00120432","E01023715","E02004933"
"AL1 4DD","AL1  4DD","AL1 4DD","198001","","E10000015","E58000665","E07000240","E05013948","E43000290","0","515762","0208272","1","E18000006","E40000007","E92000001","E12000006","5","E14001507","E15000006","E24000005","E30000237","E16000150","E07000240","26UGGJ","E00120432","26UGGJ","E65000001","E01023715","E02004933","5","4D1","E00120432","E01023715","E02004933","E33027437","E38000079","E63011552","C1","6A4",51.761176,-0.324056,"E37000048","","E23000027",32105,"E56000035","E54000025","E00120432","E01023715","E02004933"
"AL1 4DE","AL1  4DE","AL1 4DE","198001","199507","E10000015","E58000665","E07000240","E05013948","E43000290","1","515700","0208400","8","E18000006","E40000007","E92000001","E12000006","5","E14001507","E15000006","E24000005","E30000237","E16000150","E07000240","26UGGJ","E00120432","26UGGJ","E65000001","E01023715","E02004933","5","4D1","E00120432","E01023715","E02004933","E33027437","E38000079","E63011552","C1","6A4",51.762339,-0.324912,"E37000048","","E23000027",32105,"E56000035","E54000025","E00120432","E01023715","E02004933"
"AL1 4DF","AL1  4DF","AL1 4DF","198001","","E10000015","E58000665","E07000240","E05013948","E43000290","0","515579","0207995","1","E18000006","E40000007","E92000001","E12000006","5","E14001507","E15000006","E24000005","E30000237","E16000150","E07000240","26UGGJ","E00120419","26UGGJ","E65000001","E01023716","E02004933","5","6D1","E00120419","E01023716","E02004933","E33027437","E38000079","E63011552","C1","5A2",51.758730,-0.326775,"E37000048","","E23000027",32598,"E56000035","E54000025","E00120419","E01023716","E02004933"
"AL1 4DG","AL1  4DG","AL1 4DG","198001","","E10000015","E58000665","E07000240","E05013948","E43000290","0","515461","0207967","1","E18000006","E40000007","E92000001","E12000006","5","E14001507","E15000006","E24000005","E30000237","E16000150","E07000240","26UGGJ","E00120415","26UGGJ","E65000001","E01023716","E02004933","5","6D1","E00120415","E01023716","E02004933","E33027437","E38000079","E63011552","C1","5A3",51.758503,-0.328493,"E37000048","","E23000027",32598,"E56000035","E54000025","E00120415","E01023716","E02004933"
"AL1 4DH","AL1  4DH","AL1 4DH","198001","","E10000015","E58000665","E07000240","E05013948","E43000290","0","515568","0208090","1","E18000006","E40000007","E92000001","E12000006","5","E14001507","E15000006","E24000005","E30000237","E16000150","E07000240","26UGGJ","E00120433","26UGGJ","E65000001","E01023716","E02004933","5","6D1","E00120433","E01023716","E02004933","E33027437","E38000079","E63011552","C1","5A2",51.759581,-0.326926,"E37000048","","E23000027",32598,"E56000035","E54000025","E00120433","E01023716","E02004933"
"AL1 4DJ","AL1  4DJ","AL1 4DJ","198001","","E10000015","E58000665","E07000240","E05013948","E43000290","0","515642","0208128","1","E18000006","E40000007","E92000001","E12000006","5","E14001507","E15000006","E24000005","E30000237","E16000150","E07000240","26UGGJ","E00120419","26UGGJ","E65000001","E01023716","E02004933","5","6D1","E00120419","E01023716","E02004933","E33027437","E38000079","E63011552","C1","5A2",51.759907,-0.325842,"E37000048","","E23000027",32598,"E56000035","E54000025","E00120419","E01023716","E02004933"
"AL1 4DL","AL1  4DL","AL1 4DL","198001","","E10000015","E58000665","E07000240","E05013948","E43000290","0","515624","0208179","1","E18000006","E40000007","E92000001","E12000006","5","E14001507","E15000006","E24000005","E30000237","E16000150","E07000240","26UGGJ","E00120419","26UGGJ","E65000001","E01023716","E02004933","5","6D1","E00120419","E01023716","E02004933","E33027437","E38000079","E63011552","C1","5A2",51.760369,-0.326086,"E37000048","","E23000027",32598,"E56000035","E54000025","E00120419","E01023716","E02004933"
"AL1 4DN","AL1  4DN","AL1 4DN","198001","","E10000015","E58000665","E07000240","E05013948","E43000290","0","515570","0208186","1","E18000006","E40000007","E92000001","E12000006","5","E14001507","E15000006","E24000005","E30000237","E16000150","E07000240","26UGGJ","E00120419","26UGGJ","E65000001","E01023716","E02004933","5","6D1","E00120419","E01023716","E02004933","E33027437","E38000079","E63011552","C1","5A2",51.760443,-0.326866,"E37000048","","E23000027",32598,"E56000035","E54000025","E00120419","E01023716","E02004933"
"AL1 4DP","AL1  4DP","AL1 4DP","198001","","E10000015","E58000665","E07000240","E05013948","E43000290","0","515476","0208031","1","E18000006","E40000007","E92000001","E12000006","5","E14001507","E15000006","E24000005","E30000237","E16000150","E07000240","26UGGJ","E00120415","26UGGJ","E65000001","E01023716","E02004933","5","6D1","E00120415","E01023716","E02004933","E33027437","E38000079","E63011552","C1","5A3",51.759069,-0.328278,"E37000048","","E23000027",32598,"E56000035","E54000025","E00120415","E01023716","E02004933"
"AL1 4DQ","AL1  4DQ","AL1 4DQ","198001","","E10000015","E58000665","E07000240","E05013948","E43000290","0","515524","0208019","1","E18000006","E40000007","E92000001","E12000006","5","E14001507","E15000006","E24000005","E30000237","E16000150","E07000240","26UGGJ","E00120415","26UGGJ","E65000001","E01023716","E02004933","5","6D1","E00120415","E01023716","E02004933","E33027437","E38000079","E63011552","C1","5A3",51.758952,-0.327587,"E37000048","","E23000027",32598,"E56000035","E54000025","E00120415","E01023716","E02004933"
"AL1 4DR","AL1  4DR","AL1 4DR","198001","200006","E10000015","E58000665","E07000240","E05013948","E43000290","1","515447","0207989","1","E18000006","E40000007","E92000001","E12000006","5","E14001507","E15000006","E24000005","E30000237","E16000150","E07000240","26UGGJ","E00120415","26UGGJ","E65000001","E01023716","E02004933","5","6D1","E00120415","E01023716","E02004933","E33027437","E38000079","E63011552","C1","5A3",51.758698,-0.328712,"E37000048","","E23000027",32598,"E56000035","E54000025","E00120415","E01023716","E02004933"
"AL1 4DS","AL1  4DS","AL1 4DS","198001","","E10000015","E58000665","E07000240","E05013948","E43000290","0","515418","0208006","1","E18000006","E40000007","E92000001","E12000006","5","E14001507","E15000006","E24000005","E30000237","E16000150","E07000240","26UGGJ","E00120415","26UGGJ","E65000001","E01023716","E02004933","5","6D1","E00120415","E01023716","E02004933","E33027437","E38000079","E63011552","C1","5A3",51.758857,-0.329127,"E37000048","","E23000027",32598,"E56000035","E54000025","E00120415","E01023716","E02004933"
"AL1 4DT","AL1  4DT","AL1 4DT","199606","199912","E10000015","E58000663","E07000240","E05013949","E43000290","1","516191","0207953","6","E18000006","E40000007","E92000001","E12000006","5","E14001507","E15000006","E24000005","E30000237","E16000150","E07000240","26UGFZ","E00120239","26UGFZ","E65000001","E01023675","E02004934","5","4D1","E00120239","E01023675","E02004934","E33027444","E38000079","E63011552","C1","6A4",51.758221,-0.317950,"E37000048","","E23000027",31313,"E56000035","E54000025","E00120239","E01023675","E02004934"
"AL1 4DU","AL1  4DU","AL1 4DU","199706","201605","E10000015","E58000664","E07000240","E05013956","E43000290","1","517321","0206803","1","E18000006","E40000007","E92000001","E12000006","5","E14001507","E15000006","E24000005","E30000237","E16000150","E07000240","26UGFX","E00120196","26UGFX","E65000001","E01023667","E02004936","5","6D1","E00120196","E01023667","E02004936","E33027453","E38000079","E63011552","C1","5A2",51.747650,-0.301973,"E37000048","","E23000027",30628,"E56000035","E54000025","E00120196","E01023667","E02004936"
"AL1 4DW","AL1  4DW","AL1 4DW","198001","","E10000015","E58000665","E07000240","E05013948","E43000290","0","515499","0208133","1","E18000006","E40000007","E92000001","E12000006","5","E14001507","E15000006","E24000005","E30000237","E16000150","E07000240","26UGGJ","E00120433","26UGGJ","E65000001","E01023716","E02004933","5","6D1","E00120433","E01023716","E02004933","E33027437","E38000079","E63011552","C1","5A2",51.759981,-0.327911,"E37000048","","E23000027",32598,"E56000035","E54000025","E00120433","E01023716","E02004933"
"AL1 4DX","AL1  4DX","AL1 4DX","198109","","E10000015","E58000665","E07000240","E05013948","E43000290","0","515639","0207974","1","E18000006","E40000007","E92000001","E12000006","5","E14001507","E15000006","E24000005","E30000237","E16000150","E07000240","26UGGJ","E00120419","26UGGJ","E65000001","E01023716","E02004933","5","6D1","E00120419","E01023716","E02004933","E33027437","E38000079","E63011552","C1","5A2",51.758523,-0.325937,"E37000048","","E23000027",32598,"E56000035","E54000025","E00120419","E01023716","E02004933"
"AL1 4DY","AL1  4DY","AL1 4DY","198001","","E10000015","E58000665","E07000240","E05013948","E43000290","0","515356","0207954","1","E18000006","E40000007","E92000001","E12000006","5","E14001507","E15000006","E24000005","E30000237","E16000150","E07000240","26UGGJ","E00120415","26UGGJ","E65000001","E01023716","E02004933","5","6D1","E00120415","E01023716","E02004933","E33027437","E38000079","E63011552","C1","5A3",51.758402,-0.330042,"E37000048","","E23000027",32598,"E56000035","E54000025","E00120415","E01023716","E02004933"
"AL1 4DZ","AL1  4DZ","AL1 4DZ","198001","","E10000015","E58000663","E07000240","E05013948","E43000290","0","515271","0207948","1","E18000006","E40000007","E92000001","E12000006","5","E14001507","E15000006","E24000005","E30000237","E16000150","E07000240","26UGFZ","E00120241","26UGFZ","E65000001","E01023676","E02004934","5","2B2","E00120241","E01023676","E02004934","E33027440","E38000079","E63011552","C1","5B1",51.758366,-0.331275,"E37000048","","E23000027",28829,"E56000035","E54000025","E00120241","E01023676","E02004934"
"AL1 4EA","AL1  4EA","AL1 4EA","198001","","E10000015","E58000665","E07000240","E05013948","E43000290","0","515274","0207974","1","E18000006","E40000007","E92000001","E12000006","5","E14001507","E15000006","E24000005","E30000237","E16000150","E07000240","26UGGJ","E00120430","26UGGJ","E65000001","E01023716","E02004933","5","2B2","E00120430","E01023716","E02004933","E33027435","E38000079","E63011552","C1","5A3",51.758599,-0.331223,"E37000048","","E23000027",32598,"E56000035","E54000025","E00120430","E01023716","E02004933"
"AL1 4EB","AL1  4EB","AL1 4EB","198001","","E10000015","E58000665","E07000240","E05013948","E43000290","0","515360","0208048","1","E18000006","E40000007","E92000001","E12000006","5","E14001507","E15000006","E24000005","E30000237","E16000150","E07000240","26UGGJ","E00120430","26UGGJ","E65000001","E01023716","E02004933","5","2B2","E00120430","E01023716","E02004933","E33027435","E38000079","E63011552","C1","5A3",51.759246,-0.329953,"E37000048","","E23000027",32598,"E56000035","E54000025","E00120430","E01023716","E02004933"
"AL1 4ED","AL1  4ED","AL1 4ED","198001","","E10000015","E58000665","E07000240","E05013948","E43000290","0","515390","0208044","1","E18000006","E40000007","E92000001","E12000006","5","E14001507","E15000006","E24000005","E30000237","E16000150","E07000240","26UGGJ","E00120415","26UGGJ","E65000001","E01023716","E02004933","5","6D1","E00120415","E01023716","E02004933","E33027437","E38000079","E63011552","C1","5A3",51.759204,-0.329520,"E37000048","","E23000027",32598,"E56000035","E54000025","E00120415","E01023716","E02004933"
"AL1 4EE","AL1  4EE","AL1 4EE","198001","","E10000015","E58000665","E07000240","E05013948","E43000290","0","515508","0208224","1","E18000006","E40000007","E92000001","E12000006","5","E14001507","E15000006","E24000005","E30000237","E16000150","E07000240","26UGGJ","E00120433","26UGGJ","E65000001","E01023716","E02004933","5","6D1","E00120433","E01023716","E02004933","E33027437","E38000079","E63011552","C1","5A2",51.760797,-0.327751,"E37000048","","E23000027",32598,"E56000035","E54000025","E00120433","E01023716","E02004933"
"AL1 4EF","AL1  4EF","AL1 4EF","198001","","E10000015","E58000665","E07000240","E05013948","E43000290","0","515425","0208162","1","E18000006","E40000007","E92000001","E12000006","5","E14001507","E15000006","E24000005","E30000237","E16000150","E07000240","26UGGJ","E00120430","26UGGJ","E65000001","E01023716","E02004933","5","2B2","E00120430","E01023716","E02004933","E33027435","E38000079","E63011552","C1","5A3",51.760257,-0.328973,"E37000048","","E23000027",32598,"E56000035","E54000025","E00120430","E01023716","E02004933"
"AL1 4EG","AL1  4EG","AL1 4EG","198001","200505","E10000015","E58000663","E07000240","E05013949","E43000290","1","516039","0207293","1","E18000006","E40000007","E92000001","E12000006","5","E14001507","E15000006","E24000005","E30000237","E16000150","E07000240","26UGFZ","E00120236","26UGFZ","E65000001","E01023676","E02004934","5","2B2","E00120236","E01023676","E02004934","E33027441","E38000079","E63011552","C1","4C3",51.752321,-0.320371,"E37000048","","E23000027",28829,"E56000035","E54000025","E00120236","E01023676","E02004934"
"AL1 4EH","AL1  4EH","AL1 4EH","199208","199912","E10000015","E58000663","E07000240","E05013949","E43000290","1","516191","0207953","6","E18000006","E40000007","E92000001","E12000006","5","E14001507","E15000006","E24000005","E30000237","E16000150","E07000240","26UGFZ","E00120239","26UGFZ","E65000001","E01023675","E02004934","5","4D1","E00120239","E01023675","E02004934","E33027444","E38000079","E63011552","C1","6A4",51.758221,-0.317950,"E37000048","","E23000027",31313,"E56000035","E54000025","E00120239","E01023675","E02004934"
"AL1 4EJ","AL1  4EJ","AL1 4EJ","199007","","E10000015","E58000665","E07000240","E05013948","E43000290","0","515464","0208161","1","E18000006","E40000007","E92000001","E12000006","5","E14001507","E15000006","E24000005","E30000237","E16000150","E07000240","26UGGJ","E00120430","26UGGJ","E65000001","E01023716","E02004933","5","2B2","E00120430","E01023716","E02004933","E33027435","E38000079","E63011552","C1","5A3",51.760240,-0.328409,"E37000048","","E23000027",32598,"E56000035","E54000025","E00120430","E01023716","E02004933"
"AL1 4EL","AL1  4EL","AL1 4EL","199301","","E10000015","E58000665","E07000240","E05013948","E43000290","0","515646","0208360","1","E18000006","E40000007","E92000001","E12000006","5","E14001507","E15000006","E24000005","E30000237","E16000150","E07000240","26UGGJ","E00120433","26UGGJ","E65000001","E01023716","E02004933","5","6D1","E00120433","E01023716","E02004933","E33027437","E38000079","E63011552","C1","5A2",51.761991,-0.325707,"E37000048","","E23000027",32598,"E56000035","E54000025","E00120433","E01023716","E02004933"
"AL1 4EN","AL1  4EN","AL1 4EN","199412","199912","E10000015","E58000663","E07000240","E05013949","E43000290","1","516191","0207953","6","E18000006","E40000007","E92000001","E12000006","5","E14001507","E15000006","E24000005","E30000237","E16000150","E07000240","26UGFZ","E00120239","26UGFZ","E65000001","E01023675","E02004934","5","4D1","E00120239","E01023675","E02004934","E33027444","E38000079","E63011552","C1","6A4",51.758221,-0.317950,"E37000048","","E23000027",31313,"E56000035","E54000025","E00120239","E01023675","E02004934"
"AL1 4EP","AL1  4EP","AL1 4EP","198001","","E10000015","E58000665","E07000240","E05013948","E43000290","0","515804","0208259","1","E18000006","E40000007","E92000001","E12000006","5","E14001507","E15000006","E24000005","E30000237","E16000150","E07000240","26UGGJ","E00120432","26UGGJ","E65000001","E01023715","E02004933","5","4D1","E00120432","E01023715","E02004933","E33027437","E38000079","E63011552","C1","6A4",51.761051,-0.323452,"E37000048","","E23000027",32105,"E56000035","E54000025","E00120432","E01023715","E02004933"
"AL1 4EQ","AL1  4EQ","AL1 4EQ","199806","199906","E10000015","E58000663","E07000240","E05013949","E43000290","1","516000","0207200","8","E18000006","E40000007","E92000001","E12000006","5","E14001507","E15000006","E24000005","E30000237","E16000150","E07000240","26UGFZ","E00120234","26UGFZ","E65000001","E01023674","E02004934","5","6D1","E00120234","E01023674","E02004934","E33027441","E38000079","E63011552","C1","5A3",51.751493,-0.320967,"E37000048","","E23000027",28912,"E56000035","E54000025","E00120234","E01023674","E02004934"
"AL1 4ER","AL1  4ER","AL1 4ER","198001","","E10000015","E58000665","E07000240","E05013948","E43000290","0","515808","0208592","1","E18000006","E40000007","E92000001","E12000006","5","E14001507","E15000006","E24000005","E30000237","E16000150","E07000240","26UGGJ","E00120427","26UGGJ","E65000001","E01023715","E02004933","5","4B3","E00120427","E01023715","E02004933","E33027437","E38000079","E63011552","C1","6A1",51.764043,-0.323283,"E37000048","","E23000027",32105,"E56000035","E54000025","E00120427","E01023715","E02004933"
"AL1 4ES","AL1  4ES","AL1 4ES","198001","","E10000015","E58000665","E07000240","E05013948","E43000290","0","515842","0208619","1","E18000006","E40000007","E92000001","E12000006","5","E14001507","E15000006","E24000005","E30000237","E16000150","E07000240","26UGGJ","E00120427","26UGGJ","E65000001","E01023715","E02004933","5","4B3","E00120427","E01023715","E02004933","E33027437","E38000079","E63011552","C1","6A1",51.764278,-0.322782,"E37000048","","E23000027",32105,"E56000035","E54000025","E00120427","E01023715","E02004933"
"AL1 4ET","AL1  4ET","AL1 4ET","198001","","E10000015","E58000665","E07000240","E05013948","E43000290","0","515840","0208265","1","E18000006","E40000007","E92000001","E12000006","5","E14001507","E15000006","E24000005","E30000237","E16000150","E07000240","26UGGJ","E00120432","26UGGJ","E65000001","E01023715","E02004933","5","4D1","E00120432","E01023715","E02004933","E33027437","E38000079","E63011552","C1","6A4",51.761097,-0.322929,"E37000048","","E23000027",32105,"E56000035","E54000025","E00120432","E01023715","E02004933"
"AL1 4EU","AL1  4EU","AL1 4EU","198001","","E10000015","E58000665","E07000240","E05015802","E43000290","0","515886","0208028","1","E18000006","E40000007","E92000001","E12000006","5","E14001507","E15000006","E24000005","E30000237","E16000150","E07000240","26UGGJ","E00120432","26UGGJ","E65000001","E01023715","E02004933","5","4D1","E00120432","E01023715","E02004933","E33027437","E38000079","E63011552","C1","6A4",51.758958,-0.322342,"E37000048","","E23000027",32105,"E56000035","E54000025","E00120432","E01023715","E02004933"
"AL1 4EW","AL1  4EW","AL1 4EW","198001","","E10000015","E58000665","E07000240","E05013948","E43000290","0","515694","0207994","1","E18000006","E40000007","E92000001","E12000006","5","E14001507","E15000006","E24000005","E30000237","E16000150","E07000240","26UGGJ","E00120432","26UGGJ","E65000001","E01023715","E02004933","5","4D1","E00120432","E01023715","E02004933","E33027437","E38000079","E63011552","C1","6A4",51.758692,-0.325134,"E37000048","","E23000027",32105,"E56000035","E54000025","E00120432","E01023715","E02004933"
"AL1 4EX","AL1  4EX","AL1 4EX","198001","","E10000015","E58000665","E07000240","E05015802","E43000290","0","516024","0208038","1","E18000006","E40000007","E92000001","E12000006","5","E14001507","E15000006","E24000005","E30000237","E16000150","E07000240","26UGGJ","E00120418","26UGGJ","E65000001","E01023715","E02004933","5","4B3","E00120418","E01023715","E02004933","E33027436","E38000079","E63011552","C1","6A1",51.759025,-0.320316,"E37000048","","E23000027",32105,"E56000035","E54000025","E00120418","E01023715","E02004933"
"AL1 4EY","AL1  4EY","AL1 4EY","198001","","E10000015","E58000665","E07000240","E05015802","E43000290","0","516297","0208095","1","E18000006","E40000007","E92000001","E12000006","5","E14001507","E15000006","E24000005","E30000237","E16000150","E07000240","26UGGJ","E00120418","26UGGJ","E65000001","E01023715","E02004933","5","4B3","E00120418","E01023715","E02004933","E33027436","E38000079","E63011552","C1","6A1",51.759475,-0.316367,"E37000048","","E23000027",32105,"E56000035","E54000025","E00120418","E01023715","E02004933"
"AL1 4EZ","AL1  4EZ","AL1 4EZ","198001","","E10000015","E58000663","E07000240","E05013949","E43000290","0","516527","0208061","1","E18000006","E40000007","E92000001","E12000006","5","E14001507","E15000006","E24000005","E30000237","E16000150","E07000240","26UGFZ","E00120238","26UGFZ","E65000001","E01023675","E02004934","5","6D2","E00120238","E01023675","E02004934","E33027444","E38000079","E63011552","C1","5B1",51.759121,-0.313048,"E37000048","","E23000027",31313,"E56000035","E54000025","E00120238","E01023675","E02004934"
"AL1 4FA","AL1  4FA","AL1 4FA","200106","200204","E10000015","E58000664","E07000240","E05013956","E43000290","1","517328","0206823","1","E18000006","E40000007","E92000001","E12000006","5","E14001507","E15000006","E24000005","E30000237","E16000150","E07000240","26UGFX","E00120196","26UGFX","E65000001","E01023667","E02004936","5","6D1","E00120196","E01023667","E02004936","E33027453","E38000079","E63011552","C1","5A2",51.747828,-0.301865,"E37000048","","E23000027",30628,"E56000035","E54000025","E00120196","E01023667","E02004936"
"AL1 4FB","AL1  4FB","AL1 4FB","200106","200408","E10000015","E58000664","E07000240","E05013956","E43000290","1","517328","0206823","1","E18000006","E40000007","E92000001","E12000006","5","E14001507","E15000006","E24000005","E30000237","E16000150","E07000240","26UGFX","E00120196","26UGFX","E65000001","E01023667","E02004936","5","6D1","E00120196","E01023667","E02004936","E33027453","E38000079","E63011552","C1","5A2",51.747828,-0.301865,"E37000048","","E23000027",30628,"E56000035","E54000025","E00120196","E01023667","E02004936"
"AL1 4FD","AL1  4FD","AL1 4FD","200106","200407","E10000015","E58000664","E07000240","E05013956","E43000290","1","517328","0206823","1","E18000006","E40000007","E92000001","E12000006","5","E14001507","E15000006","E24000005","E30000237","E16000150","E07000240","26UGFX","E00120196","26UGFX","E65000001","E01023667","E02004936","5","6D1","E00120196","E01023667","E02004936","E33027453","E38000079","E63011552","C1","5A2",51.747828,-0.301865,"E37000048","","E23000027",30628,"E56000035","E54000025","E00120196","E01023667","E02004936"
"AL1 4FF","AL1  4FF","AL1 4FF","200112","200401","E10000015","E58000664","E07000240","E05013956","E43000290","1","517328","0206823","1","E18000006","E40000007","E92000001","E12000006","5","E14001507","E15000006","E24000005","E30000237","E16000150","E07000240","26UGFX","E00120196","26UGFX","E65000001","E01023667","E02004936","5","6D1","E00120196","E01023667","E02004936","E33027453","E38000079","E63011552","C1","5A2",51.747828,-0.301865,"E37000048","","E23000027",30628,"E56000035","E54000025","E00120196","E01023667","E02004936"
"AL1 4FG","AL1  4FG","AL1 4FG","200112","200601","E10000015","E58000664","E07000240","E05013956","E43000290","1","517328","0206823","1","E18000006","E40000007","E92000001","E12000006","5","E14001507","E15000006","E24000005","E30000237","E16000150","E07000240","26UGFX","E00120196","26UGFX","E65000001","E01023667","E02004936","5","6D1","E00120196","E01023667","E02004936","E33027453","E38000079","E63011552","C1","5A2",51.747828,-0.301865,"E37000048","","E23000027",30628,"E56000035","E54000025","E00120196","E01023667","E02004936"
"AL1 4FH","AL1  4FH","AL1 4FH","200711","","E10000015","E58000663","E07000240","E05013949","E43000290","0","516304","0207302","1","E18000006","E40000007","E92000001","E12000006","5","E14001507","E15000006","E24000005","E30000237","E16000150","E07000240","26UGFZ","E00120234","26UGFZ","E65000001","E01023674","E02004934","5","6D1","E00120234","E01023674","E02004934","E33027441","E38000079","E63011552","C1","5A3",51.752347,-0.316531,"E37000048","","E23000027",28912,"E56000035","E54000025","E00120234","E01023674","E02004934"
"AL1 4FJ","AL1  4FJ","AL1 4FJ","200902","","E10000015","E58000665","E07000240","E05013948","E43000290","0","515620","0208315","1","E18000006","E40000007","E92000001","E12000006","5","E14001507","E15000006","E24000005","E30000237","E16000150","E07000240","26UGGJ","E00120433","26UGGJ","E65000001","E01023716","E02004933","5","6D1","E00120433","E01023716","E02004933","E33027437","E38000079","E63011552","C1","5A2",51.761592,-0.326099,"E37000048","","E23000027",32598,"E56000035","E54000025","E00120433","E01023716","E02004933"
"AL1 4FL","AL1  4FL","AL1 4FL","201011","","E10000015","E58000663","E07000240","E05013949","E43000290","0","515878","0207265","1","E18000006","E40000007","E92000001","E12000006","5","E14001507","E15000006","E24000005","E30000237","E16000150","E07000240","26UGFZ","E00120236","26UGFZ","E65000001","E01023676","E02004934","5","2B2","E00120236","E01023676","E02004934","E33027441","E38000079","E63011552","C1","4C3",51.752102,-0.322712,"E37000048","","E23000027",28829,"E56000035","E54000025","E00120236","E01023676","E02004934"
"AL1 4FN","AL1  4FN","AL1 4FN","202007","","E10000015","E58000663","E07000240","E05013949","E43000290","0","516757","0207304","1","E18000006","E40000007","E92000001","E12000006","5","E14001507","E15000006","E24000005","E30000237","E16000150","E07000240","26UGFZ","E00120233","26UGFZ","E65000001","E01023673","E02004933","5","4D1","E00120233","E01023673","E02004933","E33027438","E38000079","E63011552","C1","5B1",51.752276,-0.309947,"E37000048","","E23000027",32064,"E56000035","E54000025","E00120233","E01023673","E02004933"
"AL1 4FQ","AL1  4FQ","AL1 4FQ","200012","202012","E10000015","E58000664","E07000240","E05013956","E43000290","1","517321","0206803","1","E18000006","E40000007","E92000001","E12000006","5","E14001507","E15000006","E24000005","E30000237","E16000150","E07000240","26UGFX","E00120196","26UGFX","E65000001","E01023667","E02004936","5","6D1","E00120196","E01023667","E02004936","E33027453","E38000079","E63011552","C1","5A2",51.747650,-0.301973,"E37000048","","E23000027",30628,"E56000035","E54000025","E00120196","E01023667","E02004936"
"AL1 4GL","AL1  4GL","AL1 4GL","200206","","E10000015","E58000663","E07000240","E05013949","E43000290","0","516344","0207307","1","E18000006","E40000007","E92000001","E12000006","5","E14001507","E15000006","E24000005","E30000237","E16000150","E07000240","26UGFZ","E00120234","26UGFZ","E65000001","E01023674","E02004934","5","6D1","E00120234","E01023674","E02004934","E33027441","E38000079","E63011552","C1","5A3",51.752383,-0.315950,"E37000048","","E23000027",28912,"E56000035","E54000025","E00120234","E01023674","E02004934"
"AL1 4GZ","AL1  4GZ","AL1 4GZ","199812","200701","E10000015","E58000664","E07000240","E05013956","E43000290","1","517328","0206823","1","E18000006","E40000007","E92000001","E12000006","5","E14001507","E15000006","E24000005","E30000237","E16000150","E07000240","26UGFX","E00120196","26UGFX","E65000001","E01023667","E02004936","5","6D1","E00120196","E01023667","E02004936","E33027453","E38000079","E63011552","C1","5A2",51.747828,-0.301865,"E37000048","","E23000027",30628,"E56000035","E54000025","E00120196","E01023667","E02004936"
"AL1 4HA","AL1  4HA","AL1 4HA","198001","","E10000015","E58000663","E07000240","E05013949","E43000290","0","516523","0207954","1","E18000006","E40000007","E92000001","E12000006","5","E14001507","E15000006","E24000005","E30000237","E16000150","E07000240","26UGFZ","E00120238","26UGFZ","E65000001","E01023675","E02004934","5","6D2","E00120238","E01023675","E02004934","E33027444","E38000079","E63011552","C1","5B1",51.758161,-0.313141,"E37000048","","E23000027",31313,"E56000035","E54000025","E00120238","E01023675","E02004934"
"AL1 4HB","AL1  4HB","AL1 4HB","199301","199501","E10000015","E58000663","E07000240","E05013949","E43000290","1","516500","0208000","8","E18000006","E40000007","E92000001","E12000006","5","E14001507","E15000006","E24000005","E30000237","E16000150","E07000240","26UGFZ","E00120238","26UGFZ","E65000001","E01023675","E02004934","5","6D2","E00120238","E01023675","E02004934","E33027444","E38000079","E63011552","C1","5B1",51.758579,-0.313459,"E37000048","","E23000027",31313,"E56000035","E54000025","E00120238","E01023675","E02004934"
"AL1 4HD","AL1  4HD","AL1 4HD","198001","","E10000015","E58000663","E07000240","E05013949","E43000290","0","516462","0208048","1","E18000006","E40000007","E92000001","E12000006","5","E14001507","E15000006","E24000005","E30000237","E16000150","E07000240","26UGFZ","E00120238","26UGFZ","E65000001","E01023675","E02004934","5","6D2","E00120238","E01023675","E02004934","E33027444","E38000079","E63011552","C1","5B1",51.759018,-0.313993,"E37000048","","E23000027",31313,"E56000035","E54000025","E00120238","E01023675","E02004934"
"AL1 4HE","AL1  4HE","AL1 4HE","198001","","E10000015","E58000663","E07000240","E05013949","E43000290","0","516404","0208017","1","E18000006","E40000007","E92000001","E12000006","5","E14001507","E15000006","E24000005","E30000237","E16000150","E07000240","26UGFZ","E00120238","26UGFZ","E65000001","E01023675","E02004934","5","6D2","E00120238","E01023675","E02004934","E33027444","E38000079","E63011552","C1","5B1",51.758752,-0.314844,"E37000048","","E23000027",31313,"E56000035","E54000025","E00120238","E01023675","E02004934"
"AL1 4HF","AL1  4HF","AL1 4HF","198001","","E10000015","E58000663","E07000240","E05013949","E43000290","0","516459","0207879","1","E18000006","E40000007","E92000001","E12000006","5","E14001507","E15000006","E24000005","E30000237","E16000150","E07000240","26UGFZ","E00120228","26UGFZ","E65000001","E01023675","E02004934","5","4B3","E00120228","E01023675","E02004934","E33027444","E38000079","E63011552","C1","6A1",51.757500,-0.314093,"E37000048","","E23000027",31313,"E56000035","E54000025","E00120228","E01023675","E02004934"
"AL1 4HG","AL1  4HG","AL1 4HG","198001","","E10000015","E58000663","E07000240","E05013949","E43000290","0","516322","0208014","1","E18000006","E40000007","E92000001","E12000006","5","E14001507","E15000006","E24000005","E30000237","E16000150","E07000240","26UGFZ","E00120238","26UGFZ","E65000001","E01023675","E02004934","5","6D2","E00120238","E01023675","E02004934","E33027444","E38000079","E63011552","C1","5B1",51.758747,-0.316008,"E37000048","","E23000027",31313,"E56000035","E54000025","E00120238","E01023675","E02004934"
"AL1 4HH","AL1  4HH","AL1 4HH","198001","","E10000015","E58000663","E07000240","E05013949","E43000290","0","516273","0207930","1","E18000006","E40000007","E92000001","E12000006","5","E14001507","E15000006","E24000005","E30000237","E16000150","E07000240","26UGFZ","E00120238","26UGFZ","E65000001","E01023675","E02004934","5","6D2","E00120238","E01023675","E02004934","E33027444","E38000079","E63011552","C1","5B1",51.757997,-0.316770,"E37000048","","E23000027",31313,"E56000035","E54000025","E00120238","E01023675","E02004934"
"AL1 4HJ","AL1  4HJ","AL1 4HJ","198001","","E10000015","E58000663","E07000240","E05013949","E43000290","0","516194","0207906","1","E18000006","E40000007","E92000001","E12000006","5","E14001507","E15000006","E24000005","E30000237","E16000150","E07000240","26UGFZ","E00120239","26UGFZ","E65000001","E01023675","E02004934","5","4D1","E00120239","E01023675","E02004934","E33027444","E38000079","E63011552","C1","6A4",51.757798,-0.317922,"E37000048","","E23000027",31313,"E56000035","E54000025","E00120239","E01023675","E02004934"
"AL1 4HL","AL1  4HL","AL1 4HL","198001","","E10000015","E58000663","E07000240","E05013949","E43000290","0","516115","0207985","1","E18000006","E40000007","E92000001","E12000006","5","E14001507","E15000006","E24000005","E30000237","E16000150","E07000240","26UGFZ","E00120239","26UGFZ","E65000001","E01023675","E02004934","5","4D1","E00120239","E01023675","E02004934","E33027444","E38000079","E63011552","C1","6A4",51.758524,-0.319040,"E37000048","","E23000027",31313,"E56000035","E54000025","E00120239","E01023675","E02004934"
"AL1 4HN","AL1  4HN","AL1 4HN","198001","","E10000015","E58000663","E07000240","E05013949","E43000290","0","515971","0207977","1","E18000006","E40000007","E92000001","E12000006","5","E14001507","E15000006","E24000005","E30000237","E16000150","E07000240","26UGFZ","E00120224","26UGFZ","E65000001","E01023675","E02004934","5","4D1","E00120224","E01023675","E02004934","E33027440","E38000079","E63011552","C1","5B1",51.758482,-0.321128,"E37000048","","E23000027",31313,"E56000035","E54000025","E00120224","E01023675","E02004934"
"AL1 4HP","AL1  4HP","AL1 4HP","198803","199012","E10000015","E58000663","E07000240","E05013949","E43000290","1","515700","0207600","8","E18000006","E40000007","E92000001","E12000006","5","E14001507","E15000006","E24000005","E30000237","E16000150","E07000240","26UGFZ","E00120223","26UGFZ","E65000001","E01023676","E02004934","5","2B2","E00120223","E01023676","E02004934","E33027440","E38000079","E63011552","C1","2C1",51.755150,-0.325178,"E37000048","","E23000027",28829,"E56000035","E54000025","E00189337","E01023676","E02004934"
"AL1 4HQ","AL1  4HQ","AL1 4HQ","198001","","E10000015","E58000663","E07000240","E05013949","E43000290","0","516319","0207891","1","E18000006","E40000007","E92000001","E12000006","5","E14001507","E15000006","E24000005","E30000237","E16000150","E07000240","26UGFZ","E00120228","26UGFZ","E65000001","E01023675","E02004934","5","4B3","E00120228","E01023675","E02004934","E33027444","E38000079","E63011552","C1","6A1",51.757637,-0.316117,"E37000048","","E23000027",31313,"E56000035","E54000025","E00120228","E01023675","E02004934"
"AL1 4HR","AL1  4HR","AL1 4HR","199412","199806","E10000015","E58000663","E07000240","E05013949","E43000290","1","516191","0207952","6","E18000006","E40000007","E92000001","E12000006","5","E14001507","E15000006","E24000005","E30000237","E16000150","E07000240","26UGFZ","E00120239","26UGFZ","E65000001","E01023675","E02004934","5","4D1","E00120239","E01023675","E02004934","E33027444","E38000079","E63011552","C1","6A4",51.758212,-0.317950,"E37000048","","E23000027",31313,"E56000035","E54000025","E00120239","E01023675","E02004934"
"AL1 4HS","AL1  4HS","AL1 4HS","199512","200111","E10000015","E58000664","E07000240","E05013956","E43000290","1","517328","0206823","1","E18000006","E40000007","E92000001","E12000006","5","E14001507","E15000006","E24000005","E30000237","E16000150","E07000240","26UGFX","E00120196","26UGFX","E65000001","E01023667","E02004936","5","6D1","E00120196","E01023667","E02004936","E33027453","E38000079","E63011552","C1","5A2",51.747828,-0.301865,"E37000048","","E23000027",30628,"E56000035","E54000025","E00120196","E01023667","E02004936"
"AL1 4HT","AL1  4HT","AL1 4HT","199606","199812","E10000015","E58000663","E07000240","E05013949","E43000290","1","516191","0207953","6","E18000006","E40000007","E92000001","E12000006","5","E14001507","E15000006","E24000005","E30000237","E16000150","E07000240","26UGFZ","E00120239","26UGFZ","E65000001","E01023675","E02004934","5","4D1","E00120239","E01023675","E02004934","E33027444","E38000079","E63011552","C1","6A4",51.758221,-0.317950,"E37000048","","E23000027",31313,"E56000035","E54000025","E00120239","E01023675","E02004934"
"AL1 4HU","AL1  4HU","AL1 4HU","199810","200009","E10000015","E58000663","E07000240","E05013964","E43000290","1","515600","0207200","8","E18000006","E40000007","E92000001","E12000006","5","E14001507","E15000006","E24000005","E30000237","E16000150","E07000240","26UGGM","E00120485","26UGGM","E65000001","E01023729","E02004935","5","2A1","E00120485","E01023729","E02004935","E33027450","E38000079","E63011552","C1","2B2",51.751575,-0.326759,"E37000048","","E23000027",27026,"E56000035","E54000025","E00120485","E01035566","E02004935"
"AL1 4HW","AL1  4HW","AL1 4HW","198001","","E10000015","E58000663","E07000240","E05013948","E43000290","0","515791","0207979","1","E18000006","E40000007","E92000001","E12000006","5","E14001507","E15000006","E24000005","E30000237","E16000150","E07000240","26UGFZ","E00120224","26UGFZ","E65000001","E01023675","E02004934","5","4D1","E00120224","E01023675","E02004934","E33027440","E38000079","E63011552","C1","5B1",51.758537,-0.323734,"E37000048","","E23000027",31313,"E56000035","E54000025","E00120224","E01023675","E02004934"
"AL1 4HX","AL1  4HX","AL1 4HX","199812","200107","E10000015","E58000663","E07000240","E05013949","E43000290","1","516191","0207953","6","E18000006","E40000007","E92000001","E12000006","5","E14001507","E15000006","E24000005","E30000237","E16000150","E07000240","26UGFZ","E00120239","26UGFZ","E65000001","E01023675","E02004934","5","4D1","E00120239","E01023675","E02004934","E33027444","E38000079","E63011552","C1","6A4",51.758221,-0.317950,"E37000048","","E23000027",31313,"E56000035","E54000025","E00120239","E01023675","E02004934"
"AL1 4HY","AL1  4HY","AL1 4HY","198001","","E10000015","E58000663","E07000240","E05013964","E43000290","0","515716","0207239","1","E18000006","E40000007","E92000001","E12000006","5","E14001507","E15000006","E24000005","E30000237","E16000150","E07000240","26UGGM","E00120486","26UGGM","E65000001","E01023729","E02004935","5","2B2","E00120486","E01023729","E02004935","E33027450","E38000079","E63011552","C1","2D1",51.751908,-0.325042,"E37000048","","E23000027",27026,"E56000035","E54000025","E00120486","E01035566","E02004935"
"AL1 4HZ","AL1  4HZ","AL1 4HZ","200712","200801","E10000015","E58000663","E07000240","E05013964","E43000290","0","515748","0207212","1","E18000006","E40000007","E92000001","E12000006","5","E14001507","E15000006","E24000005","E30000237","E16000150","E07000240","26UGGM","E00120486","26UGGM","E65000001","E01023729","E02004935","5","2B2","E00120486","E01023729","E02004935","E33027450","E38000079","E63011552","C1","2D1",51.751653,-0.324612,"E37000048","","E23000027",27026,"E56000035","E54000025","E00120486","E01035566","E02004935"
"AL1 4JA","AL1  4JA","AL1 4JA","198001","","E10000015","E58000663","E07000240","E05013949","E43000290","0","515875","0207187","1","E18000006","E40000007","E92000001","E12000006","5","E14001507","E15000006","E24000005","E30000237","E16000150","E07000240","26UGFZ","E00120236","26UGFZ","E65000001","E01023676","E02004934","5","2B2","E00120236","E01023676","E02004934","E33027441","E38000079","E63011552","C1","4C3",51.751407,-0.322757,"E37000048","","E23000027",28829,"E56000035","E54000025","E00120236","E01023676","E02004934"
"AL1 4JB","AL1  4JB","AL1 4JB","199806","201711","E10000015","E58000663","E07000240","E05013964","E43000290","1","515743","0207213","1","E18000006","E40000007","E92000001","E12000006","5","E14001507","E15000006","E24000005","E30000237","E16000150","E07000240","26UGGM","E00120486","26UGGM","E65000001","E01023729","E02004935","5","2B2","E00120486","E01023729","E02004935","E33027450","E38000079","E63011552","C1","2D1",51.751663,-0.324684,"E37000048","","E23000027",27026,"E56000035","E54000025","E00120486","E01035566","E02004935"
"AL1 4JD","AL1  4JD","AL1 4JD","198001","","E10000015","E58000663","E07000240","E05013949","E43000290","0","515923","0207210","1","E18000006","E40000007","E92000001","E12000006","5","E14001507","E15000006","E24000005","E30000237","E16000150","E07000240","26UGFZ","E00120234","26UGFZ","E65000001","E01023674","E02004934","5","6D1","E00120234","E01023674","E02004934","E33027441","E38000079","E63011552","C1","5A3",51.751599,-0.322078,"E37000048","","E23000027",28912,"E56000035","E54000025","E00120234","E01023674","E02004934"
"AL1 4JE","AL1  4JE","AL1 4JE","198001","","E10000015","E58000663","E07000240","E05013949","E43000290","0","515904","0207232","1","E18000006","E40000007","E92000001","E12000006","5","E14001507","E15000006","E24000005","E30000237","E16000150","E07000240","26UGFZ","E00120236","26UGFZ","E65000001","E01023676","E02004934","5","2B2","E00120236","E01023676","E02004934","E33027441","E38000079","E63011552","C1","4C3",51.751800,-0.322346,"E37000048","","E23000027",28829,"E56000035","E54000025","E00120236","E01023676","E02004934"
"AL1 4JF","AL1  4JF","AL1 4JF","198001","199606","E10000015","E58000663","E07000240","E05013949","E43000290","1","515900","0207200","8","E18000006","E40000007","E92000001","E12000006","5","E14001507","E15000006","E24000005","E30000237","E16000150","E07000240","26UGFZ","E00120234","26UGFZ","E65000001","E01023674","E02004934","5","6D1","E00120234","E01023674","E02004934","E33027441","E38000079","E63011552","C1","5A3",51.751513,-0.322415,"E37000048","","E23000027",28912,"E56000035","E54000025","E00120234","E01023674","E02004934"
"AL1 4JG","AL1  4JG","AL1 4JG","198001","","E10000015","E58000663","E07000240","E05013949","E43000290","0","516254","0207310","1","E18000006","E40000007","E92000001","E12000006","5","E14001507","E15000006","E24000005","E30000237","E16000150","E07000240","26UGFZ","E00120234","26UGFZ","E65000001","E01023674","E02004934","5","6D1","E00120234","E01023674","E02004934","E33027441","E38000079","E63011552","C1","5A3",51.752429,-0.317252,"E37000048","","E23000027",28912,"E56000035","E54000025","E00120234","E01023674","E02004934"
"AL1 4JH","AL1  4JH","AL1 4JH","198001","","E10000015","E58000663","E07000240","E05013949","E43000290","0","515952","0207287","1","E18000006","E40000007","E92000001","E12000006","5","E14001507","E15000006","E24000005","E30000237","E16000150","E07000240","26UGFZ","E00120236","26UGFZ","E65000001","E01023676","E02004934","5","2B2","E00120236","E01023676","E02004934","E33027441","E38000079","E63011552","C1","4C3",51.752285,-0.321633,"E37000048","","E23000027",28829,"E56000035","E54000025","E00120236","E01023676","E02004934"
"AL1 4JJ","AL1  4JJ","AL1 4JJ","198504","200808","E10000015","E58000663","E07000240","E05013949","E43000290","1","515877","0207268","1","E18000006","E40000007","E92000001","E12000006","5","E14001507","E15000006","E24000005","E30000237","E16000150","E07000240","26UGFZ","E00120236","26UGFZ","E65000001","E01023676","E02004934","5","2B2","E00120236","E01023676","E02004934","E33027441","E38000079","E63011552","C1","4C3",51.752129,-0.322725,"E37000048","","E23000027",28829,"E56000035","E54000025","E00120236","E01023676","E02004934"
"AL1 4JL","AL1  4JL","AL1 4JL","198001","","E10000015","E58000663","E07000240","E05013949","E43000290","0","516001","0207278","1","E18000006","E40000007","E92000001","E12000006","5","E14001507","E15000006","E24000005","E30000237","E16000150","E07000240","26UGFZ","E00120236","26UGFZ","E65000001","E01023676","E02004934","5","2B2","E00120236","E01023676","E02004934","E33027441","E38000079","E63011552","C1","4C3",51.752199,-0.320902,"E37000048","","E23000027",28829,"E56000035","E54000025","E00120236","E01023676","E02004934"
"AL1 4JN","AL1  4JN","AL1 4JN","199109","199405","E10000015","E58000663","E07000240","E05013949","E43000290","1","516000","0207300","8","E18000006","E40000007","E92000001","E12000006","5","E14001507","E15000006","E24000005","E30000237","E16000150","E07000240","26UGFZ","E00120236","26UGFZ","E65000001","E01023676","E02004934","5","2B2","E00120236","E01023676","E02004934","E33027441","E38000079","E63011552","C1","4C3",51.752391,-0.320933,"E37000048","","E23000027",28829,"E56000035","E54000025","E00120236","E01023676","E02004934"
"AL1 4JP","AL1  4JP","AL1 4JP","198001","","E10000015","E58000663","E07000240","E05013949","E43000290","0","516119","0207451","1","E18000006","E40000007","E92000001","E12000006","5","E14001507","E15000006","E24000005","E30000237","E16000150","E07000240","26UGFZ","E00120232","26UGFZ","E65000001","E01023674","E02004934","5","7A3","E00120232","E01023674","E02004934","E33027441","E38000079","E63011552","C1","4A3",51.753724,-0.319160,"E37000048","","E23000027",28912,"E56000035","E54000025","E00120232","E01023674","E02004934"
"AL1 4JQ","AL1  4JQ","AL1 4JQ","199301","199412","E10000015","E58000663","E07000240","E05013949","E43000290","1","515900","0207200","8","E18000006","E40000007","E92000001","E12000006","5","E14001507","E15000006","E24000005","E30000237","E16000150","E07000240","26UGFZ","E00120234","26UGFZ","E65000001","E01023674","E02004934","5","6D1","E00120234","E01023674","E02004934","E33027441","E38000079","E63011552","C1","5A3",51.751513,-0.322415,"E37000048","","E23000027",28912,"E56000035","E54000025","E00120234","E01023674","E02004934"
"AL1 4JR","AL1  4JR","AL1 4JR","198001","","E10000015","E58000663","E07000240","E05013949","E43000290","0","516145","0207426","1","E18000006","E40000007","E92000001","E12000006","5","E14001507","E15000006","E24000005","E30000237","E16000150","E07000240","26UGFZ","E00120232","26UGFZ","E65000001","E01023674","E02004934","5","7A3","E00120232","E01023674","E02004934","E33027441","E38000079","E63011552","C1","4A3",51.753499,-0.318768,"E37000048","","E23000027",28912,"E56000035","E54000025","E00120232","E01023674","E02004934"
"AL1 4JS","AL1  4JS","AL1 4JS","198001","","E10000015","E58000663","E07000240","E05013949","E43000290","0","516183","0207329","1","E18000006","E40000007","E92000001","E12000006","5","E14001507","E15000006","E24000005","E30000237","E16000150","E07000240","26UGFZ","E00120232","26UGFZ","E65000001","E01023674","E02004934","5","7A3","E00120232","E01023674","E02004934","E33027441","E38000079","E63011552","C1","4A3",51.752614,-0.318274,"E37000048","","E23000027",28912,"E56000035","E54000025","E00120232","E01023674","E02004934"
"AL1 4JT","AL1  4JT","AL1 4JT","198001","","E10000015","E58000663","E07000240","E05013949","E43000290","0","516215","0207418","1","E18000006","E40000007","E92000001","E12000006","5","E14001507","E15000006","E24000005","E30000237","E16000150","E07000240","26UGFZ","E00120234","26UGFZ","E65000001","E01023674","E02004934","5","6D1","E00120234","E01023674","E02004934","E33027441","E38000079","E63011552","C1","5A3",51.753413,-0.317757,"E37000048","","E23000027",28912,"E56000035","E54000025","E00120234","E01023674","E02004934"
"AL1 4JU","AL1  4JU","AL1 4JU","198001","","E10000015","E58000663","E07000240","E05013949","E43000290","0","516241","0207432","1","E18000006","E40000007","E92000001","E12000006","5","E14001507","E15000006","E24000005","E30000237","E16000150","E07000240","26UGFZ","E00120234","26UGFZ","E65000001","E01023674","E02004934","5","6D1","E00120234","E01023674","E02004934","E33027441","E38000079","E63011552","C1","5A3",51.753528,-0.317400,"E37000048","","E23000027",28912,"E56000035","E54000025","E00120234","E01023674","E02004934"
"AL1 4JW","AL1  4JW","AL1 4JW","198001","","E10000015","E58000663","E07000240","E05013949","E43000290","0","516053","0207360","1","E18000006","E40000007","E92000001","E12000006","5","E14001507","E15000006","E24000005","E30000237","E16000150","E07000240","26UGFZ","E00120232","26UGFZ","E65000001","E01023674","E02004934","5","7A3","E00120232","E01023674","E02004934","E33027441","E38000079","E63011552","C1","4A3",51.752925,-0.320122,"E37000048","","E23000027",28912,"E56000035","E54000025","E00120232","E01023674","E02004934"
"AL1 4JX","AL1  4JX","AL1 4JX","198001","","E10000015","E58000663","E07000240","E05013949","E43000290","0","516281","0207341","1","E18000006","E40000007","E92000001","E12000006","5","E14001507","E15000006","E24000005","E30000237","E16000150","E07000240","26UGFZ","E00120234","26UGFZ","E65000001","E01023674","E02004934","5","6D1","E00120234","E01023674","E02004934","E33027441","E38000079","E63011552","C1","5A3",51.752702,-0.316851,"E37000048","","E23000027",28912,"E56000035","E54000025","E00120234","E01023674","E02004934"
"AL1 4JY","AL1  4JY","AL1 4JY","198504","","E10000015","E58000663","E07000240","E05013949","E43000290","0","516310","0207348","1","E18000006","E40000007","E92000001","E12000006","5","E14001507","E15000006","E24000005","E30000237","E16000150","E07000240","26UGFZ","E00120234","26UGFZ","E65000001","E01023674","E02004934","5","6D1","E00120234","E01023674","E02004934","E33027441","E38000079","E63011552","C1","5A3",51.752759,-0.316428,"E37000048","","E23000027",28912,"E56000035","E54000025","E00120234","E01023674","E02004934"
"AL1 4JZ","AL1  4JZ","AL1 4JZ","198001","","E10000015","E58000663","E07000240","E05013949","E43000290","0","516310","0207436","1","E18000006","E40000007","E92000001","E12000006","5","E14001507","E15000006","E24000005","E30000237","E16000150","E07000240","26UGFZ","E00120231","26UGFZ","E65000001","E01023674","E02004934","5","6D1","E00120231","E01023674","E02004934","E33027444","E38000079","E63011552","C1","5A2",51.753550,-0.316399,"E37000048","","E23000027",28912,"E56000035","E54000025","E00120231","E01023674","E02004934"
"AL1 4LA","AL1  4LA","AL1 4LA","198001","","E10000015","E58000663","E07000240","E05013949","E43000290","0","516337","0207428","1","E18000006","E40000007","E92000001","E12000006","5","E14001507","E15000006","E24000005","E30000237","E16000150","E07000240","26UGFZ","E00120235","26UGFZ","E65000001","E01023674","E02004934","5","7A3","E00120235","E01023674","E02004934","E33027443","E38000079","E63011552","C1","4C3",51.753472,-0.316011,"E37000048","","E23000027",28912,"E56000035","E54000025","E00120235","E01023674","E02004934"
"AL1 4LB","AL1  4LB","AL1 4LB","198001","","E10000015","E58000663","E07000240","E05013949","E43000290","0","516363","0207337","1","E18000006","E40000007","E92000001","E12000006","5","E14001507","E15000006","E24000005","E30000237","E16000150","E07000240","26UGFZ","E00120235","26UGFZ","E65000001","E01023674","E02004934","5","7A3","E00120235","E01023674","E02004934","E33027443","E38000079","E63011552","C1","4C3",51.752649,-0.315665,"E37000048","","E23000027",28912,"E56000035","E54000025","E00120235","E01023674","E02004934"
"AL1 4LD","AL1  4LD","AL1 4LD","198001","200101","E10000015","E58000663","E07000240","E05013949","E43000290","1","516337","0207345","1","E18000006","E40000007","E92000001","E12000006","5","E14001507","E15000006","E24000005","E30000237","E16000150","E07000240","26UGFZ","E00120235","26UGFZ","E65000001","E01023674","E02004934","5","7A3","E00120235","E01023674","E02004934","E33027443","E38000079","E63011552","C1","4C3",51.752726,-0.316039,"E37000048","","E23000027",28912,"E56000035","E54000025","E00120235","E01023674","E02004934"
"AL1 4LE","AL1  4LE","AL1 4LE","198001","","E10000015","E58000663","E07000240","E05013949","E43000290","0","516396","0207418","1","E18000006","E40000007","E92000001","E12000006","5","E14001507","E15000006","E24000005","E30000237","E16000150","E07000240","26UGFZ","E00120235","26UGFZ","E65000001","E01023674","E02004934","5","7A3","E00120235","E01023674","E02004934","E33027443","E38000079","E63011552","C1","4C3",51.753370,-0.315160,"E37000048","","E23000027",28912,"E56000035","E54000025","E00120235","E01023674","E02004934"
"AL1 4LF","AL1  4LF","AL1 4LF","198001","","E10000015","E58000663","E07000240","E05013949","E43000290","0","516421","0207386","1","E18000006","E40000007","E92000001","E12000006","5","E14001507","E15000006","E24000005","E30000237","E16000150","E07000240","26UGFZ","E00120235","26UGFZ","E65000001","E01023674","E02004934","5","7A3","E00120235","E01023674","E02004934","E33027443","E38000079","E63011552","C1","4C3",51.753077,-0.314808,"E37000048","","E23000027",28912,"E56000035","E54000025","E00120235","E01023674","E02004934"
"AL1 4LG","AL1  4LG","AL1 4LG","198001","","E10000015","E58000663","E07000240","E05013949","E43000290","0","516440","0207307","1","E18000006","E40000007","E92000001","E12000006","5","E14001507","E15000006","E24000005","E30000237","E16000150","E07000240","26UGFZ","E00120235","26UGFZ","E65000001","E01023674","E02004934","5","7A3","E00120235","E01023674","E02004934","E33027443","E38000079","E63011552","C1","4C3",51.752369,-0.314536,"E37000048","","E23000027",28912,"E56000035","E54000025","E00120235","E01023674","E02004934"
"AL1 4LH","AL1  4LH","AL1 4LH","198001","","E10000015","E58000663","E07000240","E05013949","E43000290","0","516618","0207287","1","E18000006","E40000007","E92000001","E12000006","5","E14001507","E15000006","E24000005","E30000237","E16000150","E07000240","26UGFZ","E00120235","26UGFZ","E65000001","E01023674","E02004934","5","7A3","E00120235","E01023674","E02004934","E33027443","E38000079","E63011552","C1","4C3",51.752152,-0.311965,"E37000048","","E23000027",28912,"E56000035","E54000025","E00120235","E01023674","E02004934"
"AL1 4LJ","AL1  4LJ","AL1 4LJ","198001","","E10000015","E58000663","E07000240","E05013949","E43000290","1","516632","0207283","1","E18000006","E40000007","E92000001","E12000006","5","E14001507","E15000006","E24000005","E30000237","E16000150","E07000240","26UGFZ","E00120235","26UGFZ","E65000001","E01023674","E02004934","5","7A3","E00120235","E01023674","E02004934","E33027443","E38000079","E63011552","C1","4C3",51.752113,-0.311764,"E37000048","","E23000027",28912,"E56000035","E54000025","E00120235","E01023674","E02004934"
"AL1 4LL","AL1  4LL","AL1 4LL","198001","199501","E10000015","E58000663","E07000240","E05013949","E43000290","1","516500","0207200","8","E18000006","E40000007","E92000001","E12000006","5","E14001507","E15000006","E24000005","E30000237","E16000150","E07000240","26UGFZ","E00120235","26UGFZ","E65000001","E01023674","E02004934","5","7A3","E00120235","E01023674","E02004934","E33027443","E38000079","E63011552","C1","4C3",51.751389,-0.313727,"E37000048","","E23000027",28912,"E56000035","E54000025","E00120235","E01023674","E02004934"
"AL1 4LN","AL1  4LN","AL1 4LN","198710","199507","E10000015","E58000663","E07000240","E05013949","E43000290","1","516500","0207200","8","E18000006","E40000007","E92000001","E12000006","5","E14001507","E15000006","E24000005","E30000237","E16000150","E07000240","26UGFZ","E00120235","26UGFZ","E65000001","E01023674","E02004934","5","7A3","E00120235","E01023674","E02004934","E33027443","E38000079","E63011552","C1","4C3",51.751389,-0.313727,"E37000048","","E23000027",28912,"E56000035","E54000025","E00120235","E01023674","E02004934"
"AL1 4LP","AL1  4LP","AL1 4LP","199507","199612","E10000015","E58000663","E07000240","E05013949","E43000290","0","516300","0207200","8","E18000006","E40000007","E92000001","E12000006","5","E14001507","E15000006","E24000005","E30000237","E16000150","E07000240","26UGFZ","E00120234","26UGFZ","E65000001","E01023674","E02004934","5","6D1","E00120234","E01023674","E02004934","E33027441","E38000079","E63011552","C1","5A3",51.751431,-0.316623,"E37000048","","E23000027",28912,"E56000035","E54000025","E00120234","E01023674","E02004934"
"AL1 4LQ","AL1  4LQ","AL1 4LQ","198001","","E10000015","E58000663","E07000240","E05013949","E43000290","0","516592","0207320","1","E18000006","E40000007","E92000001","E12000006","5","E14001507","E15000006","E24000005","E30000237","E16000150","E07000240","26UGFZ","E00120237","26UGFZ","E65000001","E01023674","E02004934","5","6A2","E00120237","E01023674","E02004934","E33027443","E38000079","E63011552","C1","5A2",51.752454,-0.312331,"E37000048","","E23000027",28912,"E56000035","E54000025","E00120237","E01023674","E02004934"
"AL1 4LR","AL1  4LR","AL1 4LR","198001","","E10000015","E58000663","E07000240","E05013949","E43000290","0","516372","0207296","1","E18000006","E40000007","E92000001","E12000006","5","E14001507","E15000006","E24000005","E30000237","E16000150","E07000240","26UGFZ","E00120235","26UGFZ","E65000001","E01023674","E02004934","5","7A3","E00120235","E01023674","E02004934","E33027443","E38000079","E63011552","C1","4C3",51.752278,-0.315548,"E37000048","","E23000027",28912,"E56000035","E54000025","E00120235","E01023674","E02004934"
"AL1 4LS","AL1  4LS","AL1 4LS","198001","","E10000015","E58000663","E07000240","E05013949","E43000290","0","516343","0207311","1","E18000006","E40000007","E92000001","E12000006","5","E14001507","E15000006","E24000005","E30000237","E16000150","E07000240","26UGFZ","E00120234","26UGFZ","E65000001","E01023674","E02004934","5","6D1","E00120234","E01023674","E02004934","E33027441","E38000079","E63011552","C1","5A3",51.752419,-0.315963,"E37000048","","E23000027",28912,"E56000035","E54000025","E00120234","E01023674","E02004934"
"AL1 4LT","AL1  4LT","AL1 4LT","198001","200702","E10000015","E58000663","E07000240","E05013949","E43000290","1","516271","0207307","1","E18000006","E40000007","E92000001","E12000006","5","E14001507","E15000006","E24000005","E30000237","E16000150","E07000240","26UGFZ","E00120234","26UGFZ","E65000001","E01023674","E02004934","5","6D1","E00120234","E01023674","E02004934","E33027441","E38000079","E63011552","C1","5A3",51.752398,-0.317007,"E37000048","","E23000027",28912,"E56000035","E54000025","E00120234","E01023674","E02004934"
"AL1 4LU","AL1  4LU","AL1 4LU","198001","","E10000015","E58000663","E07000240","E05013949","E43000290","0","516158","0207287","1","E18000006","E40000007","E92000001","E12000006","5","E14001507","E15000006","E24000005","E30000237","E16000150","E07000240","26UGFZ","E00120234","26UGFZ","E65000001","E01023674","E02004934","5","6D1","E00120234","E01023674","E02004934","E33027441","E38000079","E63011552","C1","5A3",51.752248,-0.318626,"E37000048","","E23000027",28912,"E56000035","E54000025","E00120234","E01023674","E02004934"
"AL1 4LW","AL1  4LW","AL1 4LW","198001","","E10000015","E58000663","E07000240","E05013949","E43000290","0","516452","0207263","1","E18000006","E40000007","E92000001","E12000006","5","E14001507","E15000006","E24000005","E30000237","E16000150","E07000240","26UGFZ","E00120235","26UGFZ","E65000001","E01023674","E02004934","5","7A3","E00120235","E01023674","E02004934","E33027443","E38000079","E63011552","C1","4C3",51.751971,-0.314377,"E37000048","","E23000027",28912,"E56000035","E54000025","E00120235","E01023674","E02004934"
"AL1 4LX","AL1  4LX","AL1 4LX","199812","","E10000015","E58000663","E07000240","E05013949","E43000290","0","516594","0207358","1","E18000006","E40000007","E92000001","E12000006","5","E14001507","E15000006","E24000005","E30000237","E16000150","E07000240","26UGFZ","E00120237","26UGFZ","E65000001","E01023674","E02004934","5","6A2","E00120237","E01023674","E02004934","E33027443","E38000079","E63011552","C1","5A2",51.752790,-0.312313,"E37000048","","E23000027",28912,"E56000035","E54000025","E00120237","E01023674","E02004934"
"AL1 4LY","AL1  4LY","AL1 4LY","198001","199405","E10000015","E58000663","E07000240","E05013949","E43000290","1","516600","0207200","8","E18000006","E40000007","E92000001","E12000006","5","E14001507","E15000006","E24000005","E30000237","E16000150","E07000240","26UGFZ","E00120235","26UGFZ","E65000001","E01023674","E02004934","5","7A3","E00120235","E01023674","E02004934","E33027443","E38000079","E63011552","C1","4C3",51.751368,-0.312279,"E37000048","","E23000027",28912,"E56000035","E54000025","E00120235","E01023674","E02004934"
"AL1 4LZ","AL1  4LZ","AL1 4LZ","200505","200705","E10000015","E58000663","E07000240","E05013949","E43000290","0","516279","0207365","1","E18000006","E40000007","E92000001","E12000006","5","E14001507","E15000006","E24000005","E30000237","E16000150","E07000240","26UGFZ","E00120234","26UGFZ","E65000001","E01023674","E02004934","5","6D1","E00120234","E01023674","E02004934","E33027441","E38000079","E63011552","C1","5A3",51.752918,-0.316872,"E37000048","","E23000027",28912,"E56000035","E54000025","E00120234","E01023674","E02004934"
"AL1 4NA","AL1  4NA","AL1 4NA","200712","200801","E10000015","E58000618","E07000240","E05015802","E43000290","1","516904","0208490","1","E18000006","E40000007","E92000001","E12000006","5","E14001507","E15000006","E24000005","E30000237","E16000150","E07000240","26UGGJ","E00120425","26UGGJ","E65000001","E01023714","E02004933","5","4B3","E00120425","E01023714","E02004933","E33027436","E38000079","E63011552","C1","6A1",51.762898,-0.307444,"E37000048","","E23000027",32374,"E56000035","E54000025","E00120425","E01023714","E02004933"
"AL1 4NB","AL1  4NB","AL1 4NB","199606","199708","E10000015","E58000663","E07000240","E05013949","E43000290","1","516377","0207871","8","E18000006","E40000007","E92000001","E12000006","5","E14001507","E15000006","E24000005","E30000237","E16000150","E07000240","26UGFZ","E00120228","26UGFZ","E65000001","E01023675","E02004934","5","4B3","E00120228","E01023675","E02004934","E33027444","E38000079","E63011552","C1","6A1",51.757445,-0.315283,"E37000048","","E23000027",31313,"E56000035","E54000025","E00120228","E01023675","E02004934"
"AL1 4NE","AL1  4NE","AL1 4NE","198001","","E10000015","E58000663","E07000240","E05013949","E43000290","0","515850","0207242","1","E18000006","E40000007","E92000001","E12000006","5","E14001507","E15000006","E24000005","E30000237","E16000150","E07000240","26UGFZ","E00120236","26UGFZ","E65000001","E01023676","E02004934","5","2B2","E00120236","E01023676","E02004934","E33027441","E38000079","E63011552","C1","4C3",51.751901,-0.323125,"E37000048","","E23000027",28829,"E56000035","E54000025","E00120236","E01023676","E02004934"
"AL1 4NF","AL1  4NF","AL1 4NF","198001","","E10000015","E58000663","E07000240","E05013949","E43000290","0","515783","0207421","1","E18000006","E40000007","E92000001","E12000006","5","E14001507","E15000006","E24000005","E30000237","E16000150","E07000240","26UGFZ","E00120223","26UGFZ","E65000001","E01023676","E02004934","5","2B2","E00120223","E01023676","E02004934","E33027440","E38000079","E63011552","C1","2C1",51.753529,-0.324012,"E37000048","","E23000027",28829,"E56000035","E54000025","E00189337","E01023676","E02004934"
"AL1 4NG","AL1  4NG","AL1 4NG","198001","","E10000015","E58000663","E07000240","E05013949","E43000290","0","515992","0207396","1","E18000006","E40000007","E92000001","E12000006","5","E14001507","E15000006","E24000005","E30000237","E16000150","E07000240","26UGFZ","E00120236","26UGFZ","E65000001","E01023676","E02004934","5","2B2","E00120236","E01023676","E02004934","E33027441","E38000079","E63011552","C1","4C3",51.753256,-0.321017,"E37000048","","E23000027",28829,"E56000035","E54000025","E00120236","E01023676","E02004934"
"AL1 4NH","AL1  4NH","AL1 4NH","198001","","E10000015","E58000663","E07000240","E05013949","E43000290","0","515991","0207659","1","E18000006","E40000007","E92000001","E12000006","5","E14001507","E15000006","E24000005","E30000237","E16000150","E07000240","26UGFZ","E00120239","26UGFZ","E65000001","E01023675","E02004934","5","4D1","E00120239","E01023675","E02004934","E33027444","E38000079","E63011552","C1","6A4",51.755620,-0.320944,"E37000048","","E23000027",31313,"E56000035","E54000025","E00120239","E01023675","E02004934"
"AL1 4NJ","AL1  4NJ","AL1 4NJ","198001","","E10000015","E58000663","E07000240","E05013949","E43000290","0","515835","0207721","1","E18000006","E40000007","E92000001","E12000006","5","E14001507","E15000006","E24000005","E30000237","E16000150","E07000240","26UGFZ","E00120224","26UGFZ","E65000001","E01023675","E02004934","5","4D1","E00120224","E01023675","E02004934","E33027440","E38000079","E63011552","C1","5B1",51.756209,-0.323182,"E37000048","","E23000027",31313,"E56000035","E54000025","E00120224","E01023675","E02004934"
"AL1 4NL","AL1  4NL","AL1 4NL","198001","","E10000015","E58000663","E07000240","E05013949","E43000290","0","515827","0207681","1","E18000006","E40000007","E92000001","E12000006","5","E14001507","E15000006","E24000005","E30000237","E16000150","E07000240","26UGFZ","E00120223","26UGFZ","E65000001","E01023676","E02004934","5","2B2","E00120223","E01023676","E02004934","E33027440","E38000079","E63011552","C1","2C1",51.755851,-0.323312,"E37000048","","E23000027",28829,"E56000035","E54000025","E00189337","E01023676","E02004934"
"AL1 4NN","AL1  4NN","AL1 4NN","198001","","E10000015","E58000663","E07000240","E05013949","E43000290","0","515979","0207745","1","E18000006","E40000007","E92000001","E12000006","5","E14001507","E15000006","E24000005","E30000237","E16000150","E07000240","26UGFZ","E00120224","26UGFZ","E65000001","E01023675","E02004934","5","4D1","E00120224","E01023675","E02004934","E33027440","E38000079","E63011552","C1","5B1",51.756395,-0.321089,"E37000048","","E23000027",31313,"E56000035","E54000025","E00120224","E01023675","E02004934"
"AL1 4NP","AL1  4NP","AL1 4NP","198001","","E10000015","E58000663","E07000240","E05013949","E43000290","0","515984","0207889","1","E18000006","E40000007","E92000001","E12000006","5","E14001507","E15000006","E24000005","E30000237","E16000150","E07000240","26UGFZ","E00120224","26UGFZ","E65000001","E01023675","E02004934","5","4D1","E00120224","E01023675","E02004934","E33027440","E38000079","E63011552","C1","5B1",51.757688,-0.320969,"E37000048","","E23000027",31313,"E56000035","E54000025","E00120224","E01023675","E02004934"
"AL1 4NQ","AL1  4NQ","AL1 4NQ","198001","","E10000015","E58000663","E07000240","E05013949","E43000290","0","516022","0207713","1","E18000006","E40000007","E92000001","E12000006","5","E14001507","E15000006","E24000005","E30000237","E16000150","E07000240","26UGFZ","E00120239","26UGFZ","E65000001","E01023675","E02004934","5","4D1","E00120239","E01023675","E02004934","E33027444","E38000079","E63011552","C1","6A4",51.756099,-0.320477,"E37000048","","E23000027",31313,"E56000035","E54000025","E00120239","E01023675","E02004934"
"AL1 4NR","AL1  4NR","AL1 4NR","198001","","E10000015","E58000663","E07000240","E05013949","E43000290","0","515899","0207892","1","E18000006","E40000007","E92000001","E12000006","5","E14001507","E15000006","E24000005","E30000237","E16000150","E07000240","26UGFZ","E00120224","26UGFZ","E65000001","E01023675","E02004934","5","4D1","E00120224","E01023675","E02004934","E33027440","E38000079","E63011552","C1","5B1",51.757733,-0.322199,"E37000048","","E23000027",31313,"E56000035","E54000025","E00120224","E01023675","E02004934"
"AL1 4NS","AL1  4NS","AL1 4NS","198001","","E10000015","E58000663","E07000240","E05013949","E43000290","0","515865","0207896","1","E18000006","E40000007","E92000001","E12000006","5","E14001507","E15000006","E24000005","E30000237","E16000150","E07000240","26UGFZ","E00120224","26UGFZ","E65000001","E01023675","E02004934","5","4D1","E00120224","E01023675","E02004934","E33027440","E38000079","E63011552","C1","5B1",51.757776,-0.322690,"E37000048","","E23000027",31313,"E56000035","E54000025","E00120224","E01023675","E02004934"
"AL1 4NT","AL1  4NT","AL1 4NT","198001","","E10000015","E58000663","E07000240","E05013949","E43000290","0","515866","0207775","1","E18000006","E40000007","E92000001","E12000006","5","E14001507","E15000006","E24000005","E30000237","E16000150","E07000240","26UGFZ","E00120224","26UGFZ","E65000001","E01023675","E02004934","5","4D1","E00120224","E01023675","E02004934","E33027440","E38000079","E63011552","C1","5B1",51.756688,-0.322716,"E37000048","","E23000027",31313,"E56000035","E54000025","E00120224","E01023675","E02004934"
"AL1 4NU","AL1  4NU","AL1 4NU","198001","","E10000015","E58000663","E07000240","E05013949","E43000290","0","516108","0207797","1","E18000006","E40000007","E92000001","E12000006","5","E14001507","E15000006","E24000005","E30000237","E16000150","E07000240","26UGFZ","E00120239","26UGFZ","E65000001","E01023675","E02004934","5","4D1","E00120239","E01023675","E02004934","E33027444","E38000079","E63011552","C1","6A4",51.756836,-0.319204,"E37000048","","E23000027",31313,"E56000035","E54000025","E00120239","E01023675","E02004934"
"AL1 4NW","AL1  4NW","AL1 4NW","198001","","E10000015","E58000663","E07000240","E05013949","E43000290","0","516029","0207890","1","E18000006","E40000007","E92000001","E12000006","5","E14001507","E15000006","E24000005","E30000237","E16000150","E07000240","26UGFZ","E00120239","26UGFZ","E65000001","E01023675","E02004934","5","4D1","E00120239","E01023675","E02004934","E33027444","E38000079","E63011552","C1","6A4",51.757688,-0.320317,"E37000048","","E23000027",31313,"E56000035","E54000025","E00120239","E01023675","E02004934"
"AL1 4NX","AL1  4NX","AL1 4NX","198001","","E10000015","E58000663","E07000240","E05013949","E43000290","0","516234","0207790","1","E18000006","E40000007","E92000001","E12000006","5","E14001507","E15000006","E24000005","E30000237","E16000150","E07000240","26UGFZ","E00120239","26UGFZ","E65000001","E01023675","E02004934","5","4D1","E00120239","E01023675","E02004934","E33027444","E38000079","E63011552","C1","6A4",51.756747,-0.317381,"E37000048","","E23000027",31313,"E56000035","E54000025","E00120239","E01023675","E02004934"
"AL1 4NY","AL1  4NY","AL1 4NY","198001","","E10000015","E58000663","E07000240","E05013949","E43000290","0","516435","0207792","1","E18000006","E40000007","E92000001","E12000006","5","E14001507","E15000006","E24000005","E30000237","E16000150","E07000240","26UGFZ","E00120228","26UGFZ","E65000001","E01023675","E02004934","5","4B3","E00120228","E01023675","E02004934","E33027444","E38000079","E63011552","C1","6A1",51.756723,-0.314470,"E37000048","","E23000027",31313,"E56000035","E54000025","E00120228","E01023675","E02004934"
"AL1 4NZ","AL1  4NZ","AL1 4NZ","198001","","E10000015","E58000663","E07000240","E05013949","E43000290","0","516540","0207756","1","E18000006","E40000007","E92000001","E12000006","5","E14001507","E15000006","E24000005","E30000237","E16000150","E07000240","26UGFZ","E00120228","26UGFZ","E65000001","E01023675","E02004934","5","4B3","E00120228","E01023675","E02004934","E33027444","E38000079","E63011552","C1","6A1",51.756378,-0.312961,"E37000048","","E23000027",31313,"E56000035","E54000025","E00120228","E01023675","E02004934"
"AL1 4PA","AL1  4PA","AL1 4PA","198001","","E10000015","E58000663","E07000240","E05013949","E43000290","0","516426","0207751","1","E18000006","E40000007","E92000001","E12000006","5","E14001507","E15000006","E24000005","E30000237","E16000150","E07000240","26UGFZ","E00120228","26UGFZ","E65000001","E01023675","E02004934","5","4B3","E00120228","E01023675","E02004934","E33027444","E38000079","E63011552","C1","6A1",51.756356,-0.314614,"E37000048","","E23000027",31313,"E56000035","E54000025","E00120228","E01023675","E02004934"
"AL1 4PB","AL1  4PB","AL1 4PB","198001","","E10000015","E58000663","E07000240","E05013949","E43000290","0","516193","0207683","1","E18000006","E40000007","E92000001","E12000006","5","E14001507","E15000006","E24000005","E30000237","E16000150","E07000240","26UGFZ","E00120239","26UGFZ","E65000001","E01023675","E02004934","5","4D1","E00120239","E01023675","E02004934","E33027444","E38000079","E63011552","C1","6A4",51.755794,-0.318011,"E37000048","","E23000027",31313,"E56000035","E54000025","E00120239","E01023675","E02004934"
"AL1 4PD","AL1  4PD","AL1 4PD","198001","","E10000015","E58000663","E07000240","E05013949","E43000290","0","516084","0207761","1","E18000006","E40000007","E92000001","E12000006","5","E14001507","E15000006","E24000005","E30000237","E16000150","E07000240","26UGFZ","E00120239","26UGFZ","E65000001","E01023675","E02004934","5","4D1","E00120239","E01023675","E02004934","E33027444","E38000079","E63011552","C1","6A4",51.756517,-0.319563,"E37000048","","E23000027",31313,"E56000035","E54000025","E00120239","E01023675","E02004934"
"AL1 4PE","AL1  4PE","AL1 4PE","199208","200602","E10000015","E58000664","E07000240","E05013956","E43000290","1","517328","0206823","1","E18000006","E40000007","E92000001","E12000006","5","E14001507","E15000006","E24000005","E30000237","E16000150","E07000240","26UGFX","E00120196","26UGFX","E65000001","E01023667","E02004936","5","6D1","E00120196","E01023667","E02004936","E33027453","E38000079","E63011552","C1","5A2",51.747828,-0.301865,"E37000048","","E23000027",30628,"E56000035","E54000025","E00120196","E01023667","E02004936"
"AL1 4PF","AL1  4PF","AL1 4PF","198106","","E10000015","E58000663","E07000240","E05013949","E43000290","0","515851","0207964","1","E18000006","E40000007","E92000001","E12000006","5","E14001507","E15000006","E24000005","E30000237","E16000150","E07000240","26UGFZ","E00120224","26UGFZ","E65000001","E01023675","E02004934","5","4D1","E00120224","E01023675","E02004934","E33027440","E38000079","E63011552","C1","5B1",51.758390,-0.322870,"E37000048","","E23000027",31313,"E56000035","E54000025","E00120224","E01023675","E02004934"
"AL1 4PG","AL1  4PG","AL1 4PG","198109","201008","E10000015","E58000664","E07000240","E05013956","E43000290","1","517328","0206823","1","E18000006","E40000007","E92000001","E12000006","5","E14001507","E15000006","E24000005","E30000237","E16000150","E07000240","26UGFX","E00120196","26UGFX","E65000001","E01023667","E02004936","5","6D1","E00120196","E01023667","E02004936","E33027453","E38000079","E63011552","C1","5A2",51.747828,-0.301865,"E37000048","","E23000027",30628,"E56000035","E54000025","E00120196","E01023667","E02004936"
"AL1 4PH","AL1  4PH","AL1 4PH","200704","201302","E10000015","E58000664","E07000240","E05013956","E43000290","1","517328","0206823","1","E18000006","E40000007","E92000001","E12000006","5","E14001507","E15000006","E24000005","E30000237","E16000150","E07000240","26UGFX","E00120196","26UGFX","E65000001","E01023667","E02004936","5","6D1","E00120196","E01023667","E02004936","E33027453","E38000079","E63011552","C1","5A2",51.747828,-0.301865,"E37000048","","E23000027",30628,"E56000035","E54000025","E00120196","E01023667","E02004936"
"AL1 4PJ","AL1  4PJ","AL1 4PJ","199412","200407","E10000015","E58000664","E07000240","E05013956","E43000290","1","517328","0206823","1","E18000006","E40000007","E92000001","E12000006","5","E14001507","E15000006","E24000005","E30000237","E16000150","E07000240","26UGFX","E00120196","26UGFX","E65000001","E01023667","E02004936","5","6D1","E00120196","E01023667","E02004936","E33027453","E38000079","E63011552","C1","5A2",51.747828,-0.301865,"E37000048","","E23000027",30628,"E56000035","E54000025","E00120196","E01023667","E02004936"
"AL1 4PL","AL1  4PL","AL1 4PL","198001","","E10000015","E58000663","E07000240","E05013949","E43000290","0","515830","0207618","1","E18000006","E40000007","E92000001","E12000006","5","E14001507","E15000006","E24000005","E30000237","E16000150","E07000240","26UGFZ","E00120223","26UGFZ","E65000001","E01023676","E02004934","5","2B2","E00120223","E01023676","E02004934","E33027440","E38000079","E63011552","C1","2C1",51.755285,-0.323289,"E37000048","","E23000027",28829,"E56000035","E54000025","E00189337","E01023676","E02004934"
"AL1 4PN","AL1  4PN","AL1 4PN","198001","","E10000015","E58000663","E07000240","E05013949","E43000290","0","516104","0207597","1","E18000006","E40000007","E92000001","E12000006","5","E14001507","E15000006","E24000005","E30000237","E16000150","E07000240","26UGFZ","E00120239","26UGFZ","E65000001","E01023675","E02004934","5","4D1","E00120239","E01023675","E02004934","E33027444","E38000079","E63011552","C1","6A4",51.755039,-0.319328,"E37000048","","E23000027",31313,"E56000035","E54000025","E00120239","E01023675","E02004934"
"AL1 4PP","AL1  4PP","AL1 4PP","198001","","E10000015","E58000663","E07000240","E05013949","E43000290","0","516243","0207561","1","E18000006","E40000007","E92000001","E12000006","5","E14001507","E15000006","E24000005","E30000237","E16000150","E07000240","26UGFZ","E00120239","26UGFZ","E65000001","E01023675","E02004934","5","4D1","E00120239","E01023675","E02004934","E33027444","E38000079","E63011552","C1","6A4",51.754687,-0.317328,"E37000048","","E23000027",31313,"E56000035","E54000025","E00120239","E01023675","E02004934"
"AL1 4PQ","AL1  4PQ","AL1 4PQ","199208","199812","E10000015","E58000663","E07000240","E05013949","E43000290","1","516191","0207953","6","E18000006","E40000007","E92000001","E12000006","5","E14001507","E15000006","E24000005","E30000237","E16000150","E07000240","26UGFZ","E00120239","26UGFZ","E65000001","E01023675","E02004934","5","4D1","E00120239","E01023675","E02004934","E33027444","E38000079","E63011552","C1","6A4",51.758221,-0.317950,"E37000048","","E23000027",31313,"E56000035","E54000025","E00120239","E01023675","E02004934"
"AL1 4PR","AL1  4PR","AL1 4PR","198001","","E10000015","E58000663","E07000240","E05013949","E43000290","1","516318","0207649","1","E18000006","E40000007","E92000001","E12000006","5","E14001507","E15000006","E24000005","E30000237","E16000150","E07000240","26UGFZ","E00120231","26UGFZ","E65000001","E01023674","E02004934","5","6D1","E00120231","E01023674","E02004934","E33027444","E38000079","E63011552","C1","5A2",51.755462,-0.316212,"E37000048","","E23000027",28912,"E56000035","E54000025","E00120231","E01023674","E02004934"
"AL1 4PS","AL1  4PS","AL1 4PS","198001","","E10000015","E58000663","E07000240","E05013949","E43000290","0","516177","0207533","1","E18000006","E40000007","E92000001","E12000006","5","E14001507","E15000006","E24000005","E30000237","E16000150","E07000240","26UGFZ","E00120232","26UGFZ","E65000001","E01023674","E02004934","5","7A3","E00120232","E01023674","E02004934","E33027441","E38000079","E63011552","C1","4A3",51.754449,-0.318293,"E37000048","","E23000027",28912,"E56000035","E54000025","E00120232","E01023674","E02004934"
"AL1 4PT","AL1  4PT","AL1 4PT","198001","","E10000015","E58000663","E07000240","E05013949","E43000290","0","516274","0207523","1","E18000006","E40000007","E92000001","E12000006","5","E14001507","E15000006","E24000005","E30000237","E16000150","E07000240","26UGFZ","E00120231","26UGFZ","E65000001","E01023674","E02004934","5","6D1","E00120231","E01023674","E02004934","E33027444","E38000079","E63011552","C1","5A2",51.754339,-0.316891,"E37000048","","E23000027",28912,"E56000035","E54000025","E00120231","E01023674","E02004934"
"AL1 4PU","AL1  4PU","AL1 4PU","198001","","E10000015","E58000663","E07000240","E05013949","E43000290","0","516396","0207550","1","E18000006","E40000007","E92000001","E12000006","5","E14001507","E15000006","E24000005","E30000237","E16000150","E07000240","26UGFZ","E00120231","26UGFZ","E65000001","E01023674","E02004934","5","6D1","E00120231","E01023674","E02004934","E33027444","E38000079","E63011552","C1","5A2",51.754562,-0.315092,"E37000048","","E23000027",28912,"E56000035","E54000025","E00120231","E01023674","E02004934"
"AL1 4PW","AL1  4PW","AL1 4PW","198001","","E10000015","E58000663","E07000240","E05013949","E43000290","0","516099","0207551","1","E18000006","E40000007","E92000001","E12000006","5","E14001507","E15000006","E24000005","E30000237","E16000150","E07000240","26UGFZ","E00120232","26UGFZ","E65000001","E01023674","E02004934","5","7A3","E00120232","E01023674","E02004934","E33027441","E38000079","E63011552","C1","4A3",51.754627,-0.319416,"E37000048","","E23000027",28912,"E56000035","E54000025","E00120232","E01023674","E02004934"
"AL1 4PX","AL1  4PX","AL1 4PX","198001","","E10000015","E58000663","E07000240","E05013949","E43000290","0","516368","0207519","1","E18000006","E40000007","E92000001","E12000006","5","E14001507","E15000006","E24000005","E30000237","E16000150","E07000240","26UGFZ","E00120231","26UGFZ","E65000001","E01023674","E02004934","5","6D1","E00120231","E01023674","E02004934","E33027444","E38000079","E63011552","C1","5A2",51.754283,-0.315531,"E37000048","","E23000027",28912,"E56000035","E54000025","E00120231","E01023674","E02004934"
"AL1 4PY","AL1  4PY","AL1 4PY","198001","","E10000015","E58000663","E07000240","E05013949","E43000290","0","516519","0207516","1","E18000006","E40000007","E92000001","E12000006","5","E14001507","E15000006","E24000005","E30000237","E16000150","E07000240","26UGFZ","E00120231","26UGFZ","E65000001","E01023674","E02004934","5","6D1","E00120231","E01023674","E02004934","E33027444","E38000079","E63011552","C1","5A2",51.754225,-0.313346,"E37000048","","E23000027",28912,"E56000035","E54000025","E00120231","E01023674","E02004934"
"AL1 4PZ","AL1  4PZ","AL1 4PZ","198001","","E10000015","E58000663","E07000240","E05013949","E43000290","0","516495","0207662","1","E18000006","E40000007","E92000001","E12000006","5","E14001507","E15000006","E24000005","E30000237","E16000150","E07000240","26UGFZ","E00120228","26UGFZ","E65000001","E01023675","E02004934","5","4B3","E00120228","E01023675","E02004934","E33027444","E38000079","E63011552","C1","6A1",51.755542,-0.313645,"E37000048","","E23000027",31313,"E56000035","E54000025","E00120228","E01023675","E02004934"
"AL1 4QA","AL1  4QA","AL1 4QA","198001","","E10000015","E58000663","E07000240","E05013949","E43000290","0","516545","0207546","1","E18000006","E40000007","E92000001","E12000006","5","E14001507","E15000006","E24000005","E30000237","E16000150","E07000240","26UGFZ","E00120228","26UGFZ","E65000001","E01023675","E02004934","5","4B3","E00120228","E01023675","E02004934","E33027444","E38000079","E63011552","C1","6A1",51.754489,-0.312959,"E37000048","","E23000027",31313,"E56000035","E54000025","E00120228","E01023675","E02004934"
"AL1 4QB","AL1  4QB","AL1 4QB","198001","","E10000015","E58000663","E07000240","E05013949","E43000290","0","516622","0207644","1","E18000006","E40000007","E92000001","E12000006","5","E14001507","E15000006","E24000005","E30000237","E16000150","E07000240","26UGFZ","E00120225","26UGFZ","E65000001","E01023673","E02004933","5","4B3","E00120225","E01023673","E02004933","E33027438","E38000079","E63011552","C1","6A4",51.755354,-0.311811,"E37000048","","E23000027",32064,"E56000035","E54000025","E00120225","E01023673","E02004933"
"AL1 4QD","AL1  4QD","AL1 4QD","198001","","E10000015","E58000663","E07000240","E05013949","E43000290","0","516579","0207911","1","E18000006","E40000007","E92000001","E12000006","5","E14001507","E15000006","E24000005","E30000237","E16000150","E07000240","26UGFZ","E00120228","26UGFZ","E65000001","E01023675","E02004934","5","4B3","E00120228","E01023675","E02004934","E33027444","E38000079","E63011552","C1","6A1",51.757763,-0.312345,"E37000048","","E23000027",31313,"E56000035","E54000025","E00120228","E01023675","E02004934"
"AL1 4QE","AL1  4QE","AL1 4QE","198001","","E10000015","E58000663","E07000240","E05013949","E43000290","0","516611","0208009","1","E18000006","E40000007","E92000001","E12000006","5","E14001507","E15000006","E24000005","E30000237","E16000150","E07000240","26UGFZ","E00120238","26UGFZ","E65000001","E01023675","E02004934","5","6D2","E00120238","E01023675","E02004934","E33027444","E38000079","E63011552","C1","5B1",51.758637,-0.311848,"E37000048","","E23000027",31313,"E56000035","E54000025","E00120238","E01023675","E02004934"
"AL1 4QF","AL1  4QF","AL1 4QF","198001","","E10000015","E58000663","E07000240","E05013949","E43000290","0","516629","0207874","1","E18000006","E40000007","E92000001","E12000006","5","E14001507","E15000006","E24000005","E30000237","E16000150","E07000240","26UGFZ","E00120228","26UGFZ","E65000001","E01023675","E02004934","5","4B3","E00120228","E01023675","E02004934","E33027444","E38000079","E63011552","C1","6A1",51.757420,-0.311633,"E37000048","","E23000027",31313,"E56000035","E54000025","E00120228","E01023675","E02004934"
"AL1 4QG","AL1  4QG","AL1 4QG","198001","","E10000015","E58000663","E07000240","E05013949","E43000290","0","516688","0207881","1","E18000006","E40000007","E92000001","E12000006","5","E14001507","E15000006","E24000005","E30000237","E16000150","E07000240","26UGFZ","E00120240","26UGFZ","E65000001","E01023673","E02004933","5","6D1","E00120240","E01023673","E02004933","E33027438","E38000079","E63011552","C1","5A2",51.757470,-0.310776,"E37000048","","E23000027",32064,"E56000035","E54000025","E00120240","E01023673","E02004933"
"AL1 4QH","AL1  4QH","AL1 4QH","198001","","E10000015","E58000663","E07000240","E05013949","E43000290","0","516660","0207481","1","E18000006","E40000007","E92000001","E12000006","5","E14001507","E15000006","E24000005","E30000237","E16000150","E07000240","26UGFZ","E00120237","26UGFZ","E65000001","E01023674","E02004934","5","6A2","E00120237","E01023674","E02004934","E33027443","E38000079","E63011552","C1","5A2",51.753881,-0.311316,"E37000048","","E23000027",28912,"E56000035","E54000025","E00120237","E01023674","E02004934"
"AL1 4QJ","AL1  4QJ","AL1 4QJ","198001","","E10000015","E58000663","E07000240","E05013949","E43000290","0","516650","0207371","1","E18000006","E40000007","E92000001","E12000006","5","E14001507","E15000006","E24000005","E30000237","E16000150","E07000240","26UGFZ","E00120237","26UGFZ","E65000001","E01023674","E02004934","5","6A2","E00120237","E01023674","E02004934","E33027443","E38000079","E63011552","C1","5A2",51.752895,-0.311498,"E37000048","","E23000027",28912,"E56000035","E54000025","E00120237","E01023674","E02004934"
"AL1 4QL","AL1  4QL","AL1 4QL","198001","","E10000015","E58000663","E07000240","E05013949","E43000290","0","516625","0207427","1","E18000006","E40000007","E92000001","E12000006","5","E14001507","E15000006","E24000005","E30000237","E16000150","E07000240","26UGFZ","E00120237","26UGFZ","E65000001","E01023674","E02004934","5","6A2","E00120237","E01023674","E02004934","E33027443","E38000079","E63011552","C1","5A2",51.753409,-0.311817,"E37000048","","E23000027",28912,"E56000035","E54000025","E00120237","E01023674","E02004934"
"AL1 4QN","AL1  4QN","AL1 4QN","198001","","E10000015","E58000663","E07000240","E05013949","E43000290","0","516518","0207462","1","E18000006","E40000007","E92000001","E12000006","5","E14001507","E15000006","E24000005","E30000237","E16000150","E07000240","26UGFZ","E00120231","26UGFZ","E65000001","E01023674","E02004934","5","6D1","E00120231","E01023674","E02004934","E33027444","E38000079","E63011552","C1","5A2",51.753740,-0.313378,"E37000048","","E23000027",28912,"E56000035","E54000025","E00120231","E01023674","E02004934"
"AL1 4QP","AL1  4QP","AL1 4QP","198604","198612","E10000015","E58000663","E07000240","E05013949","E43000290","1","516200","0207700","8","E18000006","E40000007","E92000001","E12000006","5","E14001507","E15000006","E24000005","E30000237","E16000150","E07000240","26UGFZ","E00120239","26UGFZ","E65000001","E01023675","E02004934","5","4D1","E00120239","E01023675","E02004934","E33027444","E38000079","E63011552","C1","6A4",51.755945,-0.317904,"E37000048","","E23000027",31313,"E56000035","E54000025","E00120239","E01023675","E02004934"
"AL1 4QQ","AL1  4QQ","AL1 4QQ","198001","","E10000015","E58000663","E07000240","E05013949","E43000290","0","516656","0207646","1","E18000006","E40000007","E92000001","E12000006","5","E14001507","E15000006","E24000005","E30000237","E16000150","E07000240","26UGFZ","E00120225","26UGFZ","E65000001","E01023673","E02004933","5","4B3","E00120225","E01023673","E02004933","E33027438","E38000079","E63011552","C1","6A4",51.755365,-0.311318,"E37000048","","E23000027",32064,"E56000035","E54000025","E00120225","E01023673","E02004933"
"AL1 4QR","AL1  4QR","AL1 4QR","199301","","E10000015","E58000663","E07000240","E05013949","E43000290","0","516566","0208061","1","E18000006","E40000007","E92000001","E12000006","5","E14001507","E15000006","E24000005","E30000237","E16000150","E07000240","26UGFZ","E00120238","26UGFZ","E65000001","E01023675","E02004934","5","6D2","E00120238","E01023675","E02004934","E33027444","E38000079","E63011552","C1","5B1",51.759113,-0.312483,"E37000048","","E23000027",31313,"E56000035","E54000025","E00120238","E01023675","E02004934"
"AL1 4QU","AL1  4QU","AL1 4QU","198001","","E10000015","E58000665","E07000240","E05015802","E43000290","0","515947","0208208","1","E18000006","E40000007","E92000001","E12000006","5","E14001507","E15000006","E24000005","E30000237","E16000150","E07000240","26UGGJ","E00120418","26UGGJ","E65000001","E01023715","E02004933","5","4B3","E00120418","E01023715","E02004933","E33027436","E38000079","E63011552","C1","6A1",51.760563,-0.321398,"E37000048","","E23000027",32105,"E56000035","E54000025","E00120418","E01023715","E02004933"
"AL1 4QW","AL1  4QW","AL1 4QW","198001","","E10000015","E58000663","E07000240","E05013949","E43000290","0","516512","0207438","1","E18000006","E40000007","E92000001","E12000006","5","E14001507","E15000006","E24000005","E30000237","E16000150","E07000240","26UGFZ","E00120235","26UGFZ","E65000001","E01023674","E02004934","5","7A3","E00120235","E01023674","E02004934","E33027443","E38000079","E63011552","C1","4C3",51.753526,-0.313473,"E37000048","","E23000027",28912,"E56000035","E54000025","E00120235","E01023674","E02004934"
"AL1 4QX","AL1  4QX","AL1 4QX","198001","","E10000015","E58000665","E07000240","E05015802","E43000290","0","515991","0208475","1","E18000006","E40000007","E92000001","E12000006","5","E14001507","E15000006","E24000005","E30000237","E16000150","E07000240","26UGGJ","E00120427","26UGGJ","E65000001","E01023715","E02004933","5","4B3","E00120427","E01023715","E02004933","E33027437","E38000079","E63011552","C1","6A1",51.762953,-0.320672,"E37000048","","E23000027",32105,"E56000035","E54000025","E00120427","E01023715","E02004933"
"AL1 4QY","AL1  4QY","AL1 4QY","198001","","E10000015","E58000665","E07000240","E05015802","E43000290","0","515991","0208684","1","E18000006","E40000007","E92000001","E12000006","5","E14001507","E15000006","E24000005","E30000237","E16000150","E07000240","26UGGJ","E00120416","26UGGJ","E65000001","E01023714","E02004933","5","4D2","E00120416","E01023714","E02004933","E33027436","E38000079","E63011552","C1","6A4",51.764832,-0.320602,"E37000048","","E23000027",32374,"E56000035","E54000025","E00120416","E01023714","E02004933"
"AL1 4QZ","AL1  4QZ","AL1 4QZ","198001","","E10000015","E58000618","E07000240","E05015802","E43000290","0","515944","0208831","1","E18000006","E40000007","E92000001","E12000006","5","E14001507","E15000006","E24000005","E30000237","E16000150","E07000240","26UGGJ","E00120416","26UGGJ","E65000001","E01023714","E02004933","5","4D2","E00120416","E01023714","E02004933","E33027436","E38000079","E63011552","C1","6A4",51.766162,-0.321234,"E37000048","","E23000027",32374,"E56000035","E54000025","E00120416","E01023714","E02004933"
"AL1 4RA","AL1  4RA","AL1 4RA","198001","","E10000015","E58000618","E07000240","E05015802","E43000290","0","515955","0208871","1","E18000006","E40000007","E92000001","E12000006","5","E14001507","E15000006","E24000005","E30000237","E16000150","E07000240","26UGGJ","E00120416","26UGGJ","E65000001","E01023714","E02004933","5","4D2","E00120416","E01023714","E02004933","E33027436","E38000079","E63011552","C1","6A4",51.766520,-0.321061,"E37000048","","E23000027",32374,"E56000035","E54000025","E00120416","E01023714","E02004933"
"AL1 4RB","AL1  4RB","AL1 4RB","198001","","E10000015","E58000618","E07000240","E05015802","E43000290","0","516313","0208766","1","E18000006","E40000007","E92000001","E12000006","5","E14001507","E15000006","E24000005","E30000237","E16000150","E07000240","26UGGJ","E00120416","26UGGJ","E65000001","E01023714","E02004933","5","4D2","E00120416","E01023714","E02004933","E33027436","E38000079","E63011552","C1","6A4",51.765502,-0.315911,"E37000048","","E23000027",32374,"E56000035","E54000025","E00120416","E01023714","E02004933"
"AL1 4RD","AL1  4RD","AL1 4RD","198001","","E10000015","E58000618","E07000240","E05015802","E43000290","0","516680","0208591","1","E18000006","E40000007","E92000001","E12000006","5","E14001507","E15000006","E24000005","E30000237","E16000150","E07000240","26UGGJ","E00120431","26UGGJ","E65000001","E01023714","E02004933","5","4B3","E00120431","E01023714","E02004933","E33027436","E38000079","E63011552","C1","6A2",51.763853,-0.310654,"E37000048","","E23000027",32374,"E56000035","E54000025","E00120431","E01023714","E02004933"
"AL1 4RE","AL1  4RE","AL1 4RE","198001","","E10000015","E58000618","E07000240","E05015802","E43000290","0","516793","0208434","1","E18000006","E40000007","E92000001","E12000006","5","E14001507","E15000006","E24000005","E30000237","E16000150","E07000240","26UGGJ","E00120425","26UGGJ","E65000001","E01023714","E02004933","5","4B3","E00120425","E01023714","E02004933","E33027436","E38000079","E63011552","C1","6A1",51.762418,-0.309070,"E37000048","","E23000027",32374,"E56000035","E54000025","E00120425","E01023714","E02004933"
"AL1 4RF","AL1  4RF","AL1 4RF","198001","","E10000015","E58000618","E07000240","E05015802","E43000290","0","516614","0208569","1","E18000006","E40000007","E92000001","E12000006","5","E14001507","E15000006","E24000005","E30000237","E16000150","E07000240","26UGGJ","E00120431","26UGGJ","E65000001","E01023714","E02004933","5","4B3","E00120431","E01023714","E02004933","E33027436","E38000079","E63011552","C1","6A2",51.763669,-0.311617,"E37000048","","E23000027",32374,"E56000035","E54000025","E00120431","E01023714","E02004933"
"AL1 4RG","AL1  4RG","AL1 4RG","198001","","E10000015","E58000618","E07000240","E05015802","E43000290","0","516434","0208627","1","E18000006","E40000007","E92000001","E12000006","5","E14001507","E15000006","E24000005","E30000237","E16000150","E07000240","26UGGJ","E00120428","26UGGJ","E65000001","E01023714","E02004933","5","4D1","E00120428","E01023714","E02004933","E33027436","E38000079","E63011552","C1","5B1",51.764228,-0.314205,"E37000048","","E23000027",32374,"E56000035","E54000025","E00120428","E01023714","E02004933"
"AL1 4RH","AL1  4RH","AL1 4RH","198001","","E10000015","E58000618","E07000240","E05015802","E43000290","0","516064","0208807","1","E18000006","E40000007","E92000001","E12000006","5","E14001507","E15000006","E24000005","E30000237","E16000150","E07000240","26UGGJ","E00120416","26UGGJ","E65000001","E01023714","E02004933","5","4D2","E00120416","E01023714","E02004933","E33027436","E38000079","E63011552","C1","6A4",51.765922,-0.319504,"E37000048","","E23000027",32374,"E56000035","E54000025","E00120416","E01023714","E02004933"
"AL1 4RJ","AL1  4RJ","AL1 4RJ","198001","","E10000015","E58000665","E07000240","E05015802","E43000290","0","516032","0208587","1","E18000006","E40000007","E92000001","E12000006","5","E14001507","E15000006","E24000005","E30000237","E16000150","E07000240","26UGGJ","E00120434","26UGGJ","E65000001","E01023714","E02004933","5","4D1","E00120434","E01023714","E02004933","E33027436","E38000079","E63011552","C1","6A4",51.763957,-0.320017,"E37000048","","E23000027",32374,"E56000035","E54000025","E00120434","E01023714","E02004933"
"AL1 4RL","AL1  4RL","AL1 4RL","198001","","E10000015","E58000665","E07000240","E05015802","E43000290","0","515988","0208203","1","E18000006","E40000007","E92000001","E12000006","5","E14001507","E15000006","E24000005","E30000237","E16000150","E07000240","26UGGJ","E00120418","26UGGJ","E65000001","E01023715","E02004933","5","4B3","E00120418","E01023715","E02004933","E33027436","E38000079","E63011552","C1","6A1",51.760509,-0.320806,"E37000048","","E23000027",32105,"E56000035","E54000025","E00120418","E01023715","E02004933"
"AL1 4RN","AL1  4RN","AL1 4RN","198504","199112","E10000015","E58000663","E07000240","E05013949","E43000290","1","516000","0208000","8","E18000006","E40000007","E92000001","E12000006","5","E14001507","E15000006","E24000005","E30000237","E16000150","E07000240","26UGFZ","E00120224","26UGFZ","E65000001","E01023675","E02004934","5","4D1","E00120224","E01023675","E02004934","E33027440","E38000079","E63011552","C1","5B1",51.758683,-0.320700,"E37000048","","E23000027",31313,"E56000035","E54000025","E00120224","E01023675","E02004934"
"AL1 4RQ","AL1  4RQ","AL1 4RQ","198001","","E10000015","E58000618","E07000240","E05015802","E43000290","0","516236","0208741","1","E18000006","E40000007","E92000001","E12000006","5","E14001507","E15000006","E24000005","E30000237","E16000150","E07000240","26UGGJ","E00120428","26UGGJ","E65000001","E01023714","E02004933","5","4D1","E00120428","E01023714","E02004933","E33027436","E38000079","E63011552","C1","5B1",51.765293,-0.317035,"E37000048","","E23000027",32374,"E56000035","E54000025","E00120428","E01023714","E02004933"
"AL1 4RS","AL1  4RS","AL1 4RS","198001","","E10000015","E58000665","E07000240","E05015802","E43000290","0","516043","0208122","1","E18000006","E40000007","E92000001","E12000006","5","E14001507","E15000006","E24000005","E30000237","E16000150","E07000240","26UGGJ","E00120418","26UGGJ","E65000001","E01023715","E02004933","5","4B3","E00120418","E01023715","E02004933","E33027436","E38000079","E63011552","C1","6A1",51.759770,-0.320037,"E37000048","","E23000027",32105,"E56000035","E54000025","E00120418","E01023715","E02004933"
"AL1 4RT","AL1  4RT","AL1 4RT","198001","","E10000015","E58000665","E07000240","E05015802","E43000290","0","516198","0208234","1","E18000006","E40000007","E92000001","E12000006","5","E14001507","E15000006","E24000005","E30000237","E16000150","E07000240","26UGGJ","E00120428","26UGGJ","E65000001","E01023714","E02004933","5","4D1","E00120428","E01023714","E02004933","E33027436","E38000079","E63011552","C1","5B1",51.760745,-0.317754,"E37000048","","E23000027",32374,"E56000035","E54000025","E00120428","E01023714","E02004933"
"AL1 4RU","AL1  4RU","AL1 4RU","198001","","E10000015","E58000665","E07000240","E05015802","E43000290","0","516251","0208371","1","E18000006","E40000007","E92000001","E12000006","5","E14001507","E15000006","E24000005","E30000237","E16000150","E07000240","26UGGJ","E00120428","26UGGJ","E65000001","E01023714","E02004933","5","4D1","E00120428","E01023714","E02004933","E33027436","E38000079","E63011552","C1","5B1",51.761965,-0.316941,"E37000048","","E23000027",32374,"E56000035","E54000025","E00120428","E01023714","E02004933"
"AL1 4RW","AL1  4RW","AL1 4RW","199412","200408","E10000015","E58000664","E07000240","E05013956","E43000290","1","517328","0206823","1","E18000006","E40000007","E92000001","E12000006","5","E14001507","E15000006","E24000005","E30000237","E16000150","E07000240","26UGFX","E00120196","26UGFX","E65000001","E01023667","E02004936","5","6D1","E00120196","E01023667","E02004936","E33027453","E38000079","E63011552","C1","5A2",51.747828,-0.301865,"E37000048","","E23000027",30628,"E56000035","E54000025","E00120196","E01023667","E02004936"
"AL1 4RX","AL1  4RX","AL1 4RX","198001","","E10000015","E58000665","E07000240","E05015802","E43000290","0","516448","0208424","1","E18000006","E40000007","E92000001","E12000006","5","E14001507","E15000006","E24000005","E30000237","E16000150","E07000240","26UGGJ","E00120431","26UGGJ","E65000001","E01023714","E02004933","5","4B3","E00120431","E01023714","E02004933","E33027436","E38000079","E63011552","C1","6A2",51.762400,-0.314070,"E37000048","","E23000027",32374,"E56000035","E54000025","E00120431","E01023714","E02004933"
"AL1 4RY","AL1  4RY","AL1 4RY","198001","","E10000015","E58000665","E07000240","E05015802","E43000290","0","516316","0208356","1","E18000006","E40000007","E92000001","E12000006","5","E14001507","E15000006","E24000005","E30000237","E16000150","E07000240","26UGGJ","E00120431","26UGGJ","E65000001","E01023714","E02004933","5","4B3","E00120431","E01023714","E02004933","E33027436","E38000079","E63011552","C1","6A2",51.761817,-0.316005,"E37000048","","E23000027",32374,"E56000035","E54000025","E00120431","E01023714","E02004933"
"AL1 4RZ","AL1  4RZ","AL1 4RZ","198001","","E10000015","E58000665","E07000240","E05015802","E43000290","0","516407","0208265","1","E18000006","E40000007","E92000001","E12000006","5","E14001507","E15000006","E24000005","E30000237","E16000150","E07000240","26UGGJ","E00120431","26UGGJ","E65000001","E01023714","E02004933","5","4B3","E00120431","E01023714","E02004933","E33027436","E38000079","E63011552","C1","6A2",51.760986,-0.314693,"E37000048","","E23000027",32374,"E56000035","E54000025","E00120431","E01023714","E02004933"
"AL1 4SA","AL1  4SA","AL1 4SA","198001","","E10000015","E58000665","E07000240","E05015802","E43000290","0","516527","0208271","1","E18000006","E40000007","E92000001","E12000006","5","E14001507","E15000006","E24000005","E30000237","E16000150","E07000240","26UGGJ","E00120431","26UGGJ","E65000001","E01023714","E02004933","5","4B3","E00120431","E01023714","E02004933","E33027436","E38000079","E63011552","C1","6A2",51.761009,-0.312977,"E37000048","","E23000027",32374,"E56000035","E54000025","E00120431","E01023714","E02004933"
"AL1 4SB","AL1  4SB","AL1 4SB","198001","","E10000015","E58000665","E07000240","E05015802","E43000290","0","516496","0208228","1","E18000006","E40000007","E92000001","E12000006","5","E14001507","E15000006","E24000005","E30000237","E16000150","E07000240","26UGGJ","E00120431","26UGGJ","E65000001","E01023714","E02004933","5","4B3","E00120431","E01023714","E02004933","E33027436","E38000079","E63011552","C1","6A2",51.760629,-0.313441,"E37000048","","E23000027",32374,"E56000035","E54000025","E00120431","E01023714","E02004933"
"AL1 4SD","AL1  4SD","AL1 4SD","198001","","E10000015","E58000665","E07000240","E05015802","E43000290","0","516260","0208193","1","E18000006","E40000007","E92000001","E12000006","5","E14001507","E15000006","E24000005","E30000237","E16000150","E07000240","26UGGJ","E00120418","26UGGJ","E65000001","E01023715","E02004933","5","4B3","E00120418","E01023715","E02004933","E33027436","E38000079","E63011552","C1","6A1",51.760363,-0.316870,"E37000048","","E23000027",32105,"E56000035","E54000025","E00120418","E01023715","E02004933"
"AL1 4SE","AL1  4SE","AL1 4SE","198001","","E10000015","E58000665","E07000240","E05015802","E43000290","0","516073","0208274","1","E18000006","E40000007","E92000001","E12000006","5","E14001507","E15000006","E24000005","E30000237","E16000150","E07000240","26UGGJ","E00120434","26UGGJ","E65000001","E01023714","E02004933","5","4D1","E00120434","E01023714","E02004933","E33027436","E38000079","E63011552","C1","6A4",51.761130,-0.319551,"E37000048","","E23000027",32374,"E56000035","E54000025","E00120434","E01023714","E02004933"
"AL1 4SF","AL1  4SF","AL1 4SF","198001","","E10000015","E58000665","E07000240","E05015802","E43000290","0","516110","0208464","1","E18000006","E40000007","E92000001","E12000006","5","E14001507","E15000006","E24000005","E30000237","E16000150","E07000240","26UGGJ","E00120434","26UGGJ","E65000001","E01023714","E02004933","5","4D1","E00120434","E01023714","E02004933","E33027436","E38000079","E63011552","C1","6A4",51.762830,-0.318952,"E37000048","","E23000027",32374,"E56000035","E54000025","E00120434","E01023714","E02004933"
"AL1 4SG","AL1  4SG","AL1 4SG","198001","","E10000015","E58000665","E07000240","E05015802","E43000290","0","516116","0208665","1","E18000006","E40000007","E92000001","E12000006","5","E14001507","E15000006","E24000005","E30000237","E16000150","E07000240","26UGGJ","E00120434","26UGGJ","E65000001","E01023714","E02004933","5","4D1","E00120434","E01023714","E02004933","E33027436","E38000079","E63011552","C1","6A4",51.764635,-0.318798,"E37000048","","E23000027",32374,"E56000035","E54000025","E00120434","E01023714","E02004933"
"AL1 4SH","AL1  4SH","AL1 4SH","198001","","E10000015","E58000665","E07000240","E05015802","E43000290","0","516215","0208599","1","E18000006","E40000007","E92000001","E12000006","5","E14001507","E15000006","E24000005","E30000237","E16000150","E07000240","26UGGJ","E00120428","26UGGJ","E65000001","E01023714","E02004933","5","4D1","E00120428","E01023714","E02004933","E33027436","E38000079","E63011552","C1","5B1",51.764021,-0.317386,"E37000048","","E23000027",32374,"E56000035","E54000025","E00120428","E01023714","E02004933"
"AL1 4SJ","AL1  4SJ","AL1 4SJ","198001","","E10000015","E58000665","E07000240","E05015802","E43000290","0","516254","0208580","1","E18000006","E40000007","E92000001","E12000006","5","E14001507","E15000006","E24000005","E30000237","E16000150","E07000240","26UGGJ","E00120428","26UGGJ","E65000001","E01023714","E02004933","5","4D1","E00120428","E01023714","E02004933","E33027436","E38000079","E63011552","C1","5B1",51.763842,-0.316828,"E37000048","","E23000027",32374,"E56000035","E54000025","E00120428","E01023714","E02004933"
"AL1 4SL","AL1  4SL","AL1 4SL","198001","","E10000015","E58000665","E07000240","E05015802","E43000290","0","516145","0208435","1","E18000006","E40000007","E92000001","E12000006","5","E14001507","E15000006","E24000005","E30000237","E16000150","E07000240","26UGGJ","E00120434","26UGGJ","E65000001","E01023714","E02004933","5","4D1","E00120434","E01023714","E02004933","E33027436","E38000079","E63011552","C1","6A4",51.762562,-0.318455,"E37000048","","E23000027",32374,"E56000035","E54000025","E00120434","E01023714","E02004933"
"AL1 4SN","AL1  4SN","AL1 4SN","198001","","E10000015","E58000665","E07000240","E05015802","E43000290","0","516119","0208279","1","E18000006","E40000007","E92000001","E12000006","5","E14001507","E15000006","E24000005","E30000237","E16000150","E07000240","26UGGJ","E00120434","26UGGJ","E65000001","E01023714","E02004933","5","4D1","E00120434","E01023714","E02004933","E33027436","E38000079","E63011552","C1","6A4",51.761165,-0.318884,"E37000048","","E23000027",32374,"E56000035","E54000025","E00120434","E01023714","E02004933"
"AL1 4SP","AL1  4SP","AL1 4SP","198001","198512","E10000015","E58000665","E07000240","E05015802","E43000290","1","516000","0208500","8","E18000006","E40000007","E92000001","E12000006","5","E14001507","E15000006","E24000005","E30000237","E16000150","E07000240","26UGGJ","E00120427","26UGGJ","E65000001","E01023715","E02004933","5","4B3","E00120427","E01023715","E02004933","E33027437","E38000079","E63011552","C1","6A1",51.763176,-0.320533,"E37000048","","E23000027",32105,"E56000035","E54000025","E00120427","E01023715","E02004933"
"AL1 4SQ","AL1  4SQ","AL1 4SQ","198001","","E10000015","E58000665","E07000240","E05015802","E43000290","0","516156","0208640","1","E18000006","E40000007","E92000001","E12000006","5","E14001507","E15000006","E24000005","E30000237","E16000150","E07000240","26UGGJ","E00120428","26UGGJ","E65000001","E01023714","E02004933","5","4D1","E00120428","E01023714","E02004933","E33027436","E38000079","E63011552","C1","5B1",51.764402,-0.318227,"E37000048","","E23000027",32374,"E56000035","E54000025","E00120428","E01023714","E02004933"
"AL1 4SR","AL1  4SR","AL1 4SR","198001","198112","E10000015","E58000663","E07000240","E05013949","E43000290","1","516400","0208000","8","E18000006","E40000007","E92000001","E12000006","5","E14001507","E15000006","E24000005","E30000237","E16000150","E07000240","26UGFZ","E00120238","26UGFZ","E65000001","E01023675","E02004934","5","6D2","E00120238","E01023675","E02004934","E33027444","E38000079","E63011552","C1","5B1",51.758600,-0.314907,"E37000048","","E23000027",31313,"E56000035","E54000025","E00120238","E01023675","E02004934"
"AL1 4SS","AL1  4SS","AL1 4SS","201112","201210","E10000015","E58000664","E07000240","E05013956","E43000290","1","517328","0206823","1","E18000006","E40000007","E92000001","E12000006","5","E14001507","E15000006","E24000005","E30000237","E16000150","E07000240","26UGFZ","E00120196","26UGFX","E65000001","E01023667","E02004936","5","6D1","E00120196","E01023667","E02004936","E33027453","E38000079","E63011552","C1","5A2",51.747828,-0.301865,"E37000048","","E23000027",30628,"E56000035","E54000025","E00120196","E01023667","E02004936"
"AL1 4SU","AL1  4SU","AL1 4SU","199612","","E10000015","E58000663","E07000240","E05013949","E43000290","1","516675","0207213","1","E18000006","E40000007","E92000001","E12000006","5","E14001507","E15000006","E24000005","E30000237","E16000150","E07000240","26UGFZ","E00120237","26UGFZ","E65000001","E01023674","E02004934","5","6A2","E00120237","E01023674","E02004934","E33027443","E38000079","E63011552","C1","5A2",51.751470,-0.311189,"E37000048","","E23000027",28912,"E56000035","E54000025","E00120237","E01023674","E02004934"
"AL1 4SW","AL1  4SW","AL1 4SW","198001","","E10000015","E58000665","E07000240","E05015802","E43000290","0","516086","0208112","1","E18000006","E40000007","E92000001","E12000006","5","E14001507","E15000006","E24000005","E30000237","E16000150","E07000240","26UGGJ","E00120418","26UGGJ","E65000001","E01023715","E02004933","5","4B3","E00120418","E01023715","E02004933","E33027436","E38000079","E63011552","C1","6A1",51.759671,-0.319417,"E37000048","","E23000027",32105,"E56000035","E54000025","E00120418","E01023715","E02004933"
"AL1 4SX","AL1  4SX","AL1 4SX","199512","199812","E10000015","E58000663","E07000240","E05013949","E43000290","1","516191","0207953","6","E18000006","E40000007","E92000001","E12000006","5","E14001507","E15000006","E24000005","E30000237","E16000150","E07000240","26UGFZ","E00120239","26UGFZ","E65000001","E01023675","E02004934","5","4D1","E00120239","E01023675","E02004934","E33027444","E38000079","E63011552","C1","6A4",51.758221,-0.317950,"E37000048","","E23000027",31313,"E56000035","E54000025","E00120239","E01023675","E02004934"
"AL1 4SY","AL1  4SY","AL1 4SY","198001","","E10000015","E58000663","E07000240","E05013949","E43000290","0","516671","0207280","1","E18000006","E40000007","E92000001","E12000006","5","E14001507","E15000006","E24000005","E30000237","E16000150","E07000240","26UGFZ","E00120235","26UGFZ","E65000001","E01023674","E02004934","5","7A3","E00120235","E01023674","E02004934","E33027443","E38000079","E63011552","C1","4C3",51.752073,-0.311224,"E37000048","","E23000027",28912,"E56000035","E54000025","E00120235","E01023674","E02004934"
"AL1 4SZ","AL1  4SZ","AL1 4SZ","198001","","E10000015","E58000663","E07000240","E05013949","E43000290","0","516691","0207344","1","E18000006","E40000007","E92000001","E12000006","5","E14001507","E15000006","E24000005","E30000237","E16000150","E07000240","26UGFZ","E00120237","26UGFZ","E65000001","E01023674","E02004934","5","6A2","E00120237","E01023674","E02004934","E33027443","E38000079","E63011552","C1","5A2",51.752649,-0.310889,"E37000048","","E23000027",28912,"E56000035","E54000025","E00120237","E01023674","E02004934"
"AL1 4TA","AL1  4TA","AL1 4TA","198510","","E10000015","E58000663","E07000240","E05013949","E43000290","0","516792","0207385","1","E18000006","E40000007","E92000001","E12000006","5","E14001507","E15000006","E24000005","E30000237","E16000150","E07000240","26UGFZ","E00120233","26UGFZ","E65000001","E01023673","E02004933","5","4D1","E00120233","E01023673","E02004933","E33027438","E38000079","E63011552","C1","5B1",51.752997,-0.309413,"E37000048","","E23000027",32064,"E56000035","E54000025","E00120233","E01023673","E02004933"
"AL1 4TB","AL1  4TB","AL1 4TB","198001","","E10000015","E58000663","E07000240","E05013949","E43000290","0","516770","0207320","1","E18000006","E40000007","E92000001","E12000006","5","E14001507","E15000006","E24000005","E30000237","E16000150","E07000240","26UGFZ","E00120233","26UGFZ","E65000001","E01023673","E02004933","5","4D1","E00120233","E01023673","E02004933","E33027438","E38000079","E63011552","C1","5B1",51.752411,-0.309777,"E37000048","","E23000027",32064,"E56000035","E54000025","E00120233","E01023673","E02004933"
"AL1 4TD","AL1  4TD","AL1 4TD","198001","199906","E10000015","E58000663","E07000240","E05013949","E43000290","1","516751","0207307","1","E18000006","E40000007","E92000001","E12000006","5","E14001507","E15000006","E24000005","E30000237","E16000150","E07000240","26UGFZ","E00120233","26UGFZ","E65000001","E01023673","E02004933","5","4D1","E00120233","E01023673","E02004933","E33027438","E38000079","E63011552","C1","5B1",51.752299,-0.310057,"E37000048","","E23000027",32064,"E56000035","E54000025","E00120233","E01023673","E02004933"
"AL1 4TE","AL1  4TE","AL1 4TE","198001","199412","E10000015","E58000663","E07000240","E05013949","E43000290","1","516700","0207300","8","E18000006","E40000007","E92000001","E12000006","5","E14001507","E15000006","E24000005","E30000237","E16000150","E07000240","26UGFZ","E00120237","26UGFZ","E65000001","E01023674","E02004934","5","6A2","E00120237","E01023674","E02004934","E33027443","E38000079","E63011552","C1","5A2",51.752246,-0.310797,"E37000048","","E23000027",28912,"E56000035","E54000025","E00120237","E01023674","E02004934"
"AL1 4TF","AL1  4TF","AL1 4TF","198001","","E10000015","E58000663","E07000240","E05013949","E43000290","0","516869","0207339","1","E18000006","E40000007","E92000001","E12000006","5","E14001507","E15000006","E24000005","E30000237","E16000150","E07000240","26UGFZ","E00120233","26UGFZ","E65000001","E01023673","E02004933","5","4D1","E00120233","E01023673","E02004933","E33027438","E38000079","E63011552","C1","5B1",51.752562,-0.308337,"E37000048","","E23000027",32064,"E56000035","E54000025","E00120233","E01023673","E02004933"
"AL1 4TG","AL1  4TG","AL1 4TG","198001","","E10000015","E58000663","E07000240","E05013949","E43000290","0","516920","0207361","1","E18000006","E40000007","E92000001","E12000006","5","E14001507","E15000006","E24000005","E30000237","E16000150","E07000240","26UGFZ","E00120233","26UGFZ","E65000001","E01023673","E02004933","5","4D1","E00120233","E01023673","E02004933","E33027438","E38000079","E63011552","C1","5B1",51.752754,-0.307567,"E37000048","","E23000027",32064,"E56000035","E54000025","E00120233","E01023673","E02004933"
"AL1 4TH","AL1  4TH","AL1 4TH","198001","","E10000015","E58000663","E07000240","E05013949","E43000290","0","516961","0207416","1","E18000006","E40000007","E92000001","E12000006","5","E14001507","E15000006","E24000005","E30000237","E16000150","E07000240","26UGFZ","E00120233","26UGFZ","E65000001","E01023673","E02004933","5","4D1","E00120233","E01023673","E02004933","E33027438","E38000079","E63011552","C1","5B1",51.753234,-0.306979,"E37000048","","E23000027",32064,"E56000035","E54000025","E00120233","E01023673","E02004933"
"AL1 4TJ","AL1  4TJ","AL1 4TJ","198001","","E10000015","E58000663","E07000240","E05013949","E43000290","0","516936","0207552","1","E18000006","E40000007","E92000001","E12000006","5","E14001507","E15000006","E24000005","E30000237","E16000150","E07000240","26UGFZ","E00120233","26UGFZ","E65000001","E01023673","E02004933","5","4D1","E00120233","E01023673","E02004933","E33027438","E38000079","E63011552","C1","5B1",51.754462,-0.307295,"E37000048","","E23000027",32064,"E56000035","E54000025","E00120233","E01023673","E02004933"
"AL1 4TL","AL1  4TL","AL1 4TL","198001","","E10000015","E58000663","E07000240","E05013949","E43000290","0","516872","0207598","1","E18000006","E40000007","E92000001","E12000006","5","E14001507","E15000006","E24000005","E30000237","E16000150","E07000240","26UGFZ","E00120225","26UGFZ","E65000001","E01023673","E02004933","5","4B3","E00120225","E01023673","E02004933","E33027438","E38000079","E63011552","C1","6A4",51.754889,-0.308207,"E37000048","","E23000027",32064,"E56000035","E54000025","E00120225","E01023673","E02004933"
"AL1 4TN","AL1  4TN","AL1 4TN","198001","","E10000015","E58000663","E07000240","E05013949","E43000290","0","516887","0207792","1","E18000006","E40000007","E92000001","E12000006","5","E14001507","E15000006","E24000005","E30000237","E16000150","E07000240","26UGFZ","E00120225","26UGFZ","E65000001","E01023673","E02004933","5","4B3","E00120225","E01023673","E02004933","E33027438","E38000079","E63011552","C1","6A4",51.756629,-0.307924,"E37000048","","E23000027",32064,"E56000035","E54000025","E00120225","E01023673","E02004933"
"AL1 4TP","AL1  4TP","AL1 4TP","198001","","E10000015","E58000663","E07000240","E05013949","E43000290","0","516810","0207996","1","E18000006","E40000007","E92000001","E12000006","5","E14001507","E15000006","E24000005","E30000237","E16000150","E07000240","26UGFZ","E00120240","26UGFZ","E65000001","E01023673","E02004933","5","6D1","E00120240","E01023673","E02004933","E33027438","E38000079","E63011552","C1","5A2",51.758478,-0.308971,"E37000048","","E23000027",32064,"E56000035","E54000025","E00120240","E01023673","E02004933"
"AL1 4TQ","AL1  4TQ","AL1 4TQ","198001","","E10000015","E58000663","E07000240","E05013949","E43000290","0","516962","0207373","1","E18000006","E40000007","E92000001","E12000006","5","E14001507","E15000006","E24000005","E30000237","E16000150","E07000240","26UGFZ","E00120233","26UGFZ","E65000001","E01023673","E02004933","5","4D1","E00120233","E01023673","E02004933","E33027438","E38000079","E63011552","C1","5B1",51.752848,-0.306979,"E37000048","","E23000027",32064,"E56000035","E54000025","E00120233","E01023673","E02004933"
"AL1 4TR","AL1  4TR","AL1 4TR","198001","","E10000015","E58000663","E07000240","E05013949","E43000290","0","516720","0208039","1","E18000006","E40000007","E92000001","E12000006","5","E14001507","E15000006","E24000005","E30000237","E16000150","E07000240","26UGFZ","E00120240","26UGFZ","E65000001","E01023673","E02004933","5","6D1","E00120240","E01023673","E02004933","E33027438","E38000079","E63011552","C1","5A2",51.758884,-0.310260,"E37000048","","E23000027",32064,"E56000035","E54000025","E00120240","E01023673","E02004933"
"AL1 4TS","AL1  4TS","AL1 4TS","198001","","E10000015","E58000663","E07000240","E05013949","E43000290","0","516718","0207944","1","E18000006","E40000007","E92000001","E12000006","5","E14001507","E15000006","E24000005","E30000237","E16000150","E07000240","26UGFZ","E00120240","26UGFZ","E65000001","E01023673","E02004933","5","6D1","E00120240","E01023673","E02004933","E33027438","E38000079","E63011552","C1","5A2",51.758030,-0.310321,"E37000048","","E23000027",32064,"E56000035","E54000025","E00120240","E01023673","E02004933"
"AL1 4TT","AL1  4TT","AL1 4TT","198001","","E10000015","E58000663","E07000240","E05013949","E43000290","0","516804","0207906","1","E18000006","E40000007","E92000001","E12000006","5","E14001507","E15000006","E24000005","E30000237","E16000150","E07000240","26UGFZ","E00120225","26UGFZ","E65000001","E01023673","E02004933","5","4B3","E00120225","E01023673","E02004933","E33027438","E38000079","E63011552","C1","6A4",51.757671,-0.309088,"E37000048","","E23000027",32064,"E56000035","E54000025","E00120225","E01023673","E02004933"
"AL1 4TU","AL1  4TU","AL1 4TU","198001","","E10000015","E58000663","E07000240","E05013949","E43000290","0","516786","0207678","1","E18000006","E40000007","E92000001","E12000006","5","E14001507","E15000006","E24000005","E30000237","E16000150","E07000240","26UGFZ","E00120225","26UGFZ","E65000001","E01023673","E02004933","5","4B3","E00120225","E01023673","E02004933","E33027438","E38000079","E63011552","C1","6A4",51.755631,-0.309401,"E37000048","","E23000027",32064,"E56000035","E54000025","E00120225","E01023673","E02004933"
"AL1 4TW","AL1  4TW","AL1 4TW","198001","","E10000015","E58000663","E07000240","E05013949","E43000290","0","516846","0207764","1","E18000006","E40000007","E92000001","E12000006","5","E14001507","E15000006","E24000005","E30000237","E16000150","E07000240","26UGFZ","E00120225","26UGFZ","E65000001","E01023673","E02004933","5","4B3","E00120225","E01023673","E02004933","E33027438","E38000079","E63011552","C1","6A4",51.756386,-0.308527,"E37000048","","E23000027",32064,"E56000035","E54000025","E00120225","E01023673","E02004933"
"AL1 4TX","AL1  4TX","AL1 4TX","198001","","E10000015","E58000663","E07000240","E05013949","E43000290","0","516742","0207902","1","E18000006","E40000007","E92000001","E12000006","5","E14001507","E15000006","E24000005","E30000237","E16000150","E07000240","26UGFZ","E00120240","26UGFZ","E65000001","E01023673","E02004933","5","6D1","E00120240","E01023673","E02004933","E33027438","E38000079","E63011552","C1","5A2",51.757648,-0.309987,"E37000048","","E23000027",32064,"E56000035","E54000025","E00120240","E01023673","E02004933"
"AL1 4TY","AL1  4TY","AL1 4TY","198001","","E10000015","E58000663","E07000240","E05013949","E43000290","0","516734","0207783","1","E18000006","E40000007","E92000001","E12000006","5","E14001507","E15000006","E24000005","E30000237","E16000150","E07000240","26UGFZ","E00120225","26UGFZ","E65000001","E01023673","E02004933","5","4B3","E00120225","E01023673","E02004933","E33027438","E38000079","E63011552","C1","6A4",51.756580,-0.310143,"E37000048","","E23000027",32064,"E56000035","E54000025","E00120225","E01023673","E02004933"
"AL1 4TZ","AL1  4TZ","AL1 4TZ","198001","","E10000015","E58000663","E07000240","E05013949","E43000290","0","516773","0207515","1","E18000006","E40000007","E92000001","E12000006","5","E14001507","E15000006","E24000005","E30000237","E16000150","E07000240","26UGFZ","E00120233","26UGFZ","E65000001","E01023673","E02004933","5","4D1","E00120233","E01023673","E02004933","E33027438","E38000079","E63011552","C1","5B1",51.754163,-0.309668,"E37000048","","E23000027",32064,"E56000035","E54000025","E00120233","E01023673","E02004933"
"AL1 4UA","AL1  4UA","AL1 4UA","198001","","E10000015","E58000663","E07000240","E05013949","E43000290","0","516878","0207482","1","E18000006","E40000007","E92000001","E12000006","5","E14001507","E15000006","E24000005","E30000237","E16000150","E07000240","26UGFZ","E00120233","26UGFZ","E65000001","E01023673","E02004933","5","4D1","E00120233","E01023673","E02004933","E33027438","E38000079","E63011552","C1","5B1",51.753845,-0.308159,"E37000048","","E23000027",32064,"E56000035","E54000025","E00120233","E01023673","E02004933"
"AL1 4UB","AL1  4UB","AL1 4UB","198001","","E10000015","E58000663","E07000240","E05013949","E43000290","0","516828","0207443","1","E18000006","E40000007","E92000001","E12000006","5","E14001507","E15000006","E24000005","E30000237","E16000150","E07000240","26UGFZ","E00120233","26UGFZ","E65000001","E01023673","E02004933","5","4D1","E00120233","E01023673","E02004933","E33027438","E38000079","E63011552","C1","5B1",51.753505,-0.308896,"E37000048","","E23000027",32064,"E56000035","E54000025","E00120233","E01023673","E02004933"
"AL1 4UD","AL1  4UD","AL1 4UD","198001","","E10000015","E58000663","E07000240","E05013949","E43000290","0","516705","0207461","1","E18000006","E40000007","E92000001","E12000006","5","E14001507","E15000006","E24000005","E30000237","E16000150","E07000240","26UGFZ","E00120237","26UGFZ","E65000001","E01023674","E02004934","5","6A2","E00120237","E01023674","E02004934","E33027443","E38000079","E63011552","C1","5A2",51.753692,-0.310671,"E37000048","","E23000027",28912,"E56000035","E54000025","E00120237","E01023674","E02004934"
"AL1 4UE","AL1  4UE","AL1 4UE","198001","","E10000015","E58000663","E07000240","E05013949","E43000290","0","516703","0207434","1","E18000006","E40000007","E92000001","E12000006","5","E14001507","E15000006","E24000005","E30000237","E16000150","E07000240","26UGFZ","E00120237","26UGFZ","E65000001","E01023674","E02004934","5","6A2","E00120237","E01023674","E02004934","E33027443","E38000079","E63011552","C1","5A2",51.753450,-0.310709,"E37000048","","E23000027",28912,"E56000035","E54000025","E00120237","E01023674","E02004934"
"AL1 4UF","AL1  4UF","AL1 4UF","198307","199012","E10000015","E58000663","E07000240","E05013949","E43000290","1","516700","0207300","8","E18000006","E40000007","E92000001","E12000006","5","E14001507","E15000006","E24000005","E30000237","E16000150","E07000240","26UGFZ","E00120237","26UGFZ","E65000001","E01023674","E02004934","5","6A2","E00120237","E01023674","E02004934","E33027443","E38000079","E63011552","C1","5A2",51.752246,-0.310797,"E37000048","","E23000027",28912,"E56000035","E54000025","E00120237","E01023674","E02004934"
"AL1 4UG","AL1  4UG","AL1 4UG","199308","199405","E10000015","E58000663","E07000240","E05013949","E43000290","1","516700","0207200","8","E18000006","E40000007","E92000001","E12000006","5","E14001507","E15000006","E24000005","E30000237","E16000150","E07000240","26UGFZ","E00120237","26UGFZ","E65000001","E01023674","E02004934","5","6A2","E00120237","E01023674","E02004934","E33027443","E38000079","E63011552","C1","5A2",51.751348,-0.310831,"E37000048","","E23000027",28912,"E56000035","E54000025","E00120237","E01023674","E02004934"
"AL1 4UN","AL1  4UN","AL1 4UN","198001","","E10000015","E58000664","E07000240","E05013949","E43000290","0","516835","0207285","1","E18000006","E40000007","E92000001","E12000006","5","E14001507","E15000006","E24000005","E30000237","E16000150","E07000240","26UGFX","E00120183","26UGFX","E65000001","E01023665","E02004936","5","6D1","E00120183","E01023665","E02004936","E33027454","E38000079","E63011552","C1","4A2",51.752083,-0.308848,"E37000048","","E23000027",29291,"E56000035","E54000025","E00120183","E01023665","E02004936"
"AL1 4UQ","AL1  4UQ","AL1 4UQ","199208","199806","E10000015","E58000663","E07000240","E05013949","E43000290","1","516191","0207953","6","E18000006","E40000007","E92000001","E12000006","5","E14001507","E15000006","E24000005","E30000237","E16000150","E07000240","26UGFZ","E00120239","26UGFZ","E65000001","E01023675","E02004934","5","4D1","E00120239","E01023675","E02004934","E33027444","E38000079","E63011552","C1","6A4",51.758221,-0.317950,"E37000048","","E23000027",31313,"E56000035","E54000025","E00120239","E01023675","E02004934"
"AL1 4UR","AL1  4UR","AL1 4UR","198001","","E10000015","E58000618","E07000240","E05015802","E43000290","0","516056","0208919","1","E18000006","E40000007","E92000001","E12000006","5","E14001507","E15000006","E24000005","E30000237","E16000150","E07000240","26UGGJ","E00120416","26UGGJ","E65000001","E01023714","E02004933","5","4D2","E00120416","E01023714","E02004933","E33027436","E38000079","E63011552","C1","6A4",51.766930,-0.319582,"E37000048","","E23000027",32374,"E56000035","E54000025","E00120416","E01023714","E02004933"
"AL1 4UT","AL1  4UT","AL1 4UT","198001","","E10000015","E58000618","E07000240","E05015802","E43000290","0","516307","0208913","1","E18000006","E40000007","E92000001","E12000006","5","E14001507","E15000006","E24000005","E30000237","E16000150","E07000240","26UGGJ","E00120416","26UGGJ","E65000001","E01023714","E02004933","5","4D2","E00120416","E01023714","E02004933","E33027436","E38000079","E63011552","C1","6A4",51.766830,-0.315925,"E37000048","","E23000027",32374,"E56000035","E54000025","E00120416","E01023714","E02004933"
"AL1 4UU","AL1  4UU","AL1 4UU","198001","","E10000015","E58000618","E07000240","E05015802","E43000290","0","516517","0208870","1","E18000006","E40000007","E92000001","E12000006","5","E14001507","E15000006","E24000005","E30000237","E16000150","E07000240","26UGGJ","E00120425","26UGGJ","E65000001","E01023714","E02004933","5","4B3","E00120425","E01023714","E02004933","E33027436","E38000079","E63011552","C1","6A1",51.766394,-0.312921,"E37000048","","E23000027",32374,"E56000035","E54000025","E00120425","E01023714","E02004933"
"AL1 4UX","AL1  4UX","AL1 4UX","198001","","E10000015","E58000618","E07000240","E05015802","E43000290","0","516695","0208778","1","E18000006","E40000007","E92000001","E12000006","5","E14001507","E15000006","E24000005","E30000237","E16000150","E07000240","26UGGJ","E00120425","26UGGJ","E65000001","E01023714","E02004933","5","4B3","E00120425","E01023714","E02004933","E33027436","E38000079","E63011552","C1","6A1",51.765530,-0.310374,"E37000048","","E23000027",32374,"E56000035","E54000025","E00120425","E01023714","E02004933"
"AL1 4UY","AL1  4UY","AL1 4UY","198001","198512","E10000015","E58000618","E07000240","E05015802","E43000290","1","516900","0208400","8","E18000006","E40000007","E92000001","E12000006","5","E14001507","E15000006","E24000005","E30000237","E16000150","E07000240","26UGGJ","E00120425","26UGGJ","E65000001","E01023714","E02004933","5","4B3","E00120425","E01023714","E02004933","E33027436","E38000079","E63011552","C1","6A1",51.762090,-0.307532,"E37000048","","E23000027",32374,"E56000035","E54000025","E00120425","E01023714","E02004933"
"AL1 4UZ","AL1  4UZ","AL1 4UZ","198001","","E10000015","E58000618","E07000240","E05015802","E43000290","0","516898","0208473","1","E18000006","E40000007","E92000001","E12000006","5","E14001507","E15000006","E24000005","E30000237","E16000150","E07000240","26UGGJ","E00120425","26UGGJ","E65000001","E01023714","E02004933","5","4B3","E00120425","E01023714","E02004933","E33027436","E38000079","E63011552","C1","6A1",51.762747,-0.307536,"E37000048","","E23000027",32374,"E56000035","E54000025","E00120425","E01023714","E02004933"
"AL1 4WA","AL1  4WA","AL1 4WA","200112","200408","E10000015","E58000618","E07000240","E05015802","E43000290","1","516894","0208459","5","E18000006","E40000007","E92000001","E12000006","5","E14001507","E15000006","E24000005","E30000237","E16000150","E07000240","26UGGJ","E00120425","26UGGJ","E65000001","E01023714","E02004933","5","4B3","E00120425","E01023714","E02004933","E33027436","E38000079","E63011552","C1","6A1",51.762622,-0.307599,"E37000048","","E23000027",32374,"E56000035","E54000025","E00120425","E01023714","E02004933"
"AL1 4WB","AL1  4WB","AL1 4WB","200112","200601","E10000015","E58000618","E07000240","E05015802","E43000290","1","516894","0208459","5","E18000006","E40000007","E92000001","E12000006","5","E14001507","E15000006","E24000005","E30000237","E16000150","E07000240","26UGGJ","E00120425","26UGGJ","E65000001","E01023714","E02004933","5","4B3","E00120425","E01023714","E02004933","E33027436","E38000079","E63011552","C1","6A1",51.762622,-0.307599,"E37000048","","E23000027",32374,"E56000035","E54000025","E00120425","E01023714","E02004933"
"AL1 4WG","AL1  4WG","AL1 4WG","200207","200408","E10000015","E58000618","E07000240","E05015802","E43000290","1","516894","0208459","5","E18000006","E40000007","E92000001","E12000006","5","E14001507","E15000006","E24000005","E30000237","E16000150","E07000240","26UGGJ","E00120425","26UGGJ","E65000001","E01023714","E02004933","5","4B3","E00120425","E01023714","E02004933","E33027436","E38000079","E63011552","C1","6A1",51.762622,-0.307599,"E37000048","","E23000027",32374,"E56000035","E54000025","E00120425","E01023714","E02004933"
"AL1 4WQ","AL1  4WQ","AL1 4WQ","200303","200602","E10000015","E58000664","E07000240","E05013956","E43000290","1","517328","0206823","1","E18000006","E40000007","E92000001","E12000006","5","E14001507","E15000006","E24000005","E30000237","E16000150","E07000240","26UGFX","E00120196","26UGFX","E65000001","E01023667","E02004936","5","6D1","E00120196","E01023667","E02004936","E33027453","E38000079","E63011552","C1","5A2",51.747828,-0.301865,"E37000048","","E23000027",30628,"E56000035","E54000025","E00120196","E01023667","E02004936"
"AL1 4WU","AL1  4WU","AL1 4WU","200411","202202","E10000015","E58000664","E07000240","E05013956","E43000290","1","517321","0206803","1","E18000006","E40000007","E92000001","E12000006","5","E14001507","E15000006","E24000005","E30000237","E16000150","E07000240","26UGFX","E00120196","26UGFX","E65000001","E01023667","E02004936","5","6D1","E00120196","E01023667","E02004936","E33027453","E38000079","E63011552","C1","5A2",51.747650,-0.301973,"E37000048","","E23000027",30628,"E56000035","E54000025","E00120196","E01023667","E02004936"
"AL1 4WW","AL1  4WW","AL1 4WW","200409","200610","E10000015","E58000664","E07000240","E05013956","E43000290","1","517328","0206823","1","E18000006","E40000007","E92000001","E12000006","5","E14001507","E15000006","E24000005","E30000237","E16000150","E07000240","26UGFX","E00120196","26UGFX","E65000001","E01023667","E02004936","5","6D1","E00120196","E01023667","E02004936","E33027453","E38000079","E63011552","C1","5A2",51.747828,-0.301865,"E37000048","","E23000027",30628,"E56000035","E54000025","E00120196","E01023667","E02004936"
"AL1 4WX","AL1  4WX","AL1 4WX","200303","200806","E10000015","E58000664","E07000240","E05013956","E43000290","1","517328","0206823","1","E18000006","E40000007","E92000001","E12000006","5","E14001507","E15000006","E24000005","E30000237","E16000150","E07000240","26UGFX","E00120196","26UGFX","E65000001","E01023667","E02004936","5","6D1","E00120196","E01023667","E02004936","E33027453","E38000079","E63011552","C1","5A2",51.747828,-0.301865,"E37000048","","E23000027",30628,"E56000035","E54000025","E00120196","E01023667","E02004936"
"AL1 4WY","AL1  4WY","AL1 4WY","200408","200901","E10000015","E58000664","E07000240","E05013956","E43000290","1","517328","0206823","1","E18000006","E40000007","E92000001","E12000006","5","E14001507","E15000006","E24000005","E30000237","E16000150","E07000240","26UGFX","E00120196","26UGFX","E65000001","E01023667","E02004936","5","6D1","E00120196","E01023667","E02004936","E33027453","E38000079","E63011552","C1","5A2",51.747828,-0.301865,"E37000048","","E23000027",30628,"E56000035","E54000025","E00120196","E01023667","E02004936"
"AL1 4WZ","AL1  4WZ","AL1 4WZ","200210","200602","E10000015","E58000664","E07000240","E05013956","E43000290","1","517328","0206823","1","E18000006","E40000007","E92000001","E12000006","5","E14001507","E15000006","E24000005","E30000237","E16000150","E07000240","26UGFX","E00120196","26UGFX","E65000001","E01023667","E02004936","5","6D1","E00120196","E01023667","E02004936","E33027453","E38000079","E63011552","C1","5A2",51.747828,-0.301865,"E37000048","","E23000027",30628,"E56000035","E54000025","E00120196","E01023667","E02004936"
"AL1 4XA","AL1  4XA","AL1 4XA","198001","","E10000015","E58000618","E07000240","E05015802","E43000290","0","516913","0208289","1","E18000006","E40000007","E92000001","E12000006","5","E14001507","E15000006","E24000005","E30000237","E16000150","E07000240","26UGGJ","E00120425","26UGGJ","E65000001","E01023714","E02004933","5","4B3","E00120425","E01023714","E02004933","E33027436","E38000079","E63011552","C1","6A1",51.761090,-0.307381,"E37000048","","E23000027",32374,"E56000035","E54000025","E00120425","E01023714","E02004933"
"AL1 4XB","AL1  4XB","AL1 4XB","198001","","E10000015","E58000618","E07000240","E05015802","E43000290","0","516868","0208292","1","E18000006","E40000007","E92000001","E12000006","5","E14001507","E15000006","E24000005","E30000237","E16000150","E07000240","26UGGJ","E00120425","26UGGJ","E65000001","E01023714","E02004933","5","4B3","E00120425","E01023714","E02004933","E33027436","E38000079","E63011552","C1","6A1",51.761127,-0.308032,"E37000048","","E23000027",32374,"E56000035","E54000025","E00120425","E01023714","E02004933"
"AL1 4XD","AL1  4XD","AL1 4XD","198001","","E10000015","E58000618","E07000240","E05015802","E43000290","0","516854","0208495","1","E18000006","E40000007","E92000001","E12000006","5","E14001507","E15000006","E24000005","E30000237","E16000150","E07000240","26UGGJ","E00120425","26UGGJ","E65000001","E01023714","E02004933","5","4B3","E00120425","E01023714","E02004933","E33027436","E38000079","E63011552","C1","6A1",51.762954,-0.308166,"E37000048","","E23000027",32374,"E56000035","E54000025","E00120425","E01023714","E02004933"
"AL1 4XE","AL1  4XE","AL1 4XE","198001","","E10000015","E58000618","E07000240","E05015802","E43000290","0","516749","0208678","1","E18000006","E40000007","E92000001","E12000006","5","E14001507","E15000006","E24000005","E30000237","E16000150","E07000240","26UGGJ","E00120425","26UGGJ","E65000001","E01023714","E02004933","5","4B3","E00120425","E01023714","E02004933","E33027436","E38000079","E63011552","C1","6A1",51.764620,-0.309625,"E37000048","","E23000027",32374,"E56000035","E54000025","E00120425","E01023714","E02004933"
"AL1 4XF","AL1  4XF","AL1 4XF","198001","","E10000015","E58000618","E07000240","E05015802","E43000290","0","516504","0208830","1","E18000006","E40000007","E92000001","E12000006","5","E14001507","E15000006","E24000005","E30000237","E16000150","E07000240","26UGGJ","E00120416","26UGGJ","E65000001","E01023714","E02004933","5","4D2","E00120416","E01023714","E02004933","E33027436","E38000079","E63011552","C1","6A4",51.766037,-0.313123,"E37000048","","E23000027",32374,"E56000035","E54000025","E00120416","E01023714","E02004933"
"AL1 4XG","AL1  4XG","AL1 4XG","198001","","E10000015","E58000618","E07000240","E05015802","E43000290","0","516245","0208874","1","E18000006","E40000007","E92000001","E12000006","5","E14001507","E15000006","E24000005","E30000237","E16000150","E07000240","26UGGJ","E00120416","26UGGJ","E65000001","E01023714","E02004933","5","4D2","E00120416","E01023714","E02004933","E33027436","E38000079","E63011552","C1","6A4",51.766492,-0.316836,"E37000048","","E23000027",32374,"E56000035","E54000025","E00120416","E01023714","E02004933"
"AL1 4XH","AL1  4XH","AL1 4XH","200409","200610","E10000015","E58000664","E07000240","E05013956","E43000290","1","517328","0206823","1","E18000006","E40000007","E92000001","E12000006","5","E14001507","E15000006","E24000005","E30000237","E16000150","E07000240","26UGFX","E00120196","26UGFX","E65000001","E01023667","E02004936","5","6D1","E00120196","E01023667","E02004936","E33027453","E38000079","E63011552","C1","5A2",51.747828,-0.301865,"E37000048","","E23000027",30628,"E56000035","E54000025","E00120196","E01023667","E02004936"
"AL1 4XJ","AL1  4XJ","AL1 4XJ","200209","200602","E10000015","E58000664","E07000240","E05013956","E43000290","1","517328","0206823","1","E18000006","E40000007","E92000001","E12000006","5","E14001507","E15000006","E24000005","E30000237","E16000150","E07000240","26UGFX","E00120196","26UGFX","E65000001","E01023667","E02004936","5","6D1","E00120196","E01023667","E02004936","E33027453","E38000079","E63011552","C1","5A2",51.747828,-0.301865,"E37000048","","E23000027",30628,"E56000035","E54000025","E00120196","E01023667","E02004936"
"AL1 4XL","AL1  4XL","AL1 4XL","200210","201111","E10000015","E58000664","E07000240","E05013956","E43000290","1","517328","0206823","1","E18000006","E40000007","E92000001","E12000006","5","E14001507","E15000006","E24000005","E30000237","E16000150","E07000240","26UGFX","E00120196","26UGFX","E65000001","E01023667","E02004936","5","6D1","E00120196","E01023667","E02004936","E33027453","E38000079","E63011552","C1","5A2",51.747828,-0.301865,"E37000048","","E23000027",30628,"E56000035","E54000025","E00120196","E01023667","E02004936"
"AL1 4XN","AL1  4XN","AL1 4XN","200207","200311","E10000015","E58000663","E07000240","E05013949","E43000290","1","517042","0207448","5","E18000006","E40000007","E92000001","E12000006","5","E14001507","E15000006","E24000005","E30000237","E16000150","E07000240","26UGFZ","E00120233","26UGFZ","E65000001","E01023673","E02004933","5","4D1","E00120233","E01023673","E02004933","E33027438","E38000079","E63011552","C1","5B1",51.753505,-0.305795,"E37000048","","E23000027",32064,"E56000035","E54000025","E00120233","E01023673","E02004933"
"AL1 4XP","AL1  4XP","AL1 4XP","198001","","E10000015","E58000663","E07000240","E05013949","E43000290","0","517042","0207448","1","E18000006","E40000007","E92000001","E12000006","5","E14001507","E15000006","E24000005","E30000237","E16000150","E07000240","26UGFZ","E00120233","26UGFZ","E65000001","E01023673","E02004933","5","4D1","E00120233","E01023673","E02004933","E33027438","E38000079","E63011552","C1","5B1",51.753505,-0.305795,"E37000048","","E23000027",32064,"E56000035","E54000025","E00120233","E01023673","E02004933"
"AL1 4XQ","AL1  4XQ","AL1 4XQ","200303","200507","E10000015","E58000618","E07000240","E05015802","E43000290","1","516229","0208871","5","E18000006","E40000007","E92000001","E12000006","5","E14001507","E15000006","E24000005","E30000237","E16000150","E07000240","26UGGJ","E00120416","26UGGJ","E65000001","E01023714","E02004933","5","4D2","E00120416","E01023714","E02004933","E33027436","E38000079","E63011552","C1","6A4",51.766463,-0.317093,"E37000048","","E23000027",32374,"E56000035","E54000025","E00120416","E01023714","E02004933"
"AL1 4XR","AL1  4XR","AL1 4XR","198001","","E10000015","E58000663","E07000240","E05013949","E43000290","0","517044","0207607","1","E18000006","E40000007","E92000001","E12000006","5","E14001507","E15000006","E24000005","E30000237","E16000150","E07000240","26UGFZ","E00120229","26UGFZ","E65000001","E01023673","E02004933","5","4C3","E00120229","E01023673","E02004933","E33027438","E38000079","E63011552","C1","6B1",51.754934,-0.305713,"E37000048","","E23000027",32064,"E56000035","E54000025","E00120229","E01023673","E02004933"
"AL1 4XS","AL1  4XS","AL1 4XS","198001","","E10000015","E58000663","E07000240","E05013956","E43000290","0","517089","0207451","1","E18000006","E40000007","E92000001","E12000006","5","E14001507","E15000006","E24000005","E30000237","E16000150","E07000240","26UGFZ","E00120233","26UGFZ","E65000001","E01023673","E02004933","5","4D1","E00120233","E01023673","E02004933","E33027438","E38000079","E63011552","C1","5B1",51.753522,-0.305114,"E37000048","","E23000027",32064,"E56000035","E54000025","E00120233","E01023673","E02004933"
"AL1 4XT","AL1  4XT","AL1 4XT","198001","","E10000015","E58000663","E07000240","E05013949","E43000290","0","516961","0207696","1","E18000006","E40000007","E92000001","E12000006","5","E14001507","E15000006","E24000005","E30000237","E16000150","E07000240","26UGFZ","E00120225","26UGFZ","E65000001","E01023673","E02004933","5","4B3","E00120225","E01023673","E02004933","E33027438","E38000079","E63011552","C1","6A4",51.755751,-0.306885,"E37000048","","E23000027",32064,"E56000035","E54000025","E00120225","E01023673","E02004933"
"AL1 4XU","AL1  4XU","AL1 4XU","198001","","E10000015","E58000663","E07000240","E05013949","E43000290","0","516950","0207871","1","E18000006","E40000007","E92000001","E12000006","5","E14001507","E15000006","E24000005","E30000237","E16000150","E07000240","26UGFZ","E00120229","26UGFZ","E65000001","E01023673","E02004933","5","4C3","E00120229","E01023673","E02004933","E33027438","E38000079","E63011552","C1","6B1",51.757326,-0.306985,"E37000048","","E23000027",32064,"E56000035","E54000025","E00120229","E01023673","E02004933"
"AL1 4XX","AL1  4XX","AL1 4XX","198001","","E10000015","E58000663","E07000240","E05013949","E43000290","0","516904","0208076","1","E18000006","E40000007","E92000001","E12000006","5","E14001507","E15000006","E24000005","E30000237","E16000150","E07000240","26UGFZ","E00120229","26UGFZ","E65000001","E01023673","E02004933","5","4C3","E00120229","E01023673","E02004933","E33027438","E38000079","E63011552","C1","6B1",51.759178,-0.307583,"E37000048","","E23000027",32064,"E56000035","E54000025","E00120229","E01023673","E02004933"
"AL1 4XY","AL1  4XY","AL1 4XY","198001","","E10000015","E58000663","E07000240","E05013956","E43000290","0","516944","0208088","1","E18000006","E40000007","E92000001","E12000006","5","E14001507","E15000006","E24000005","E30000237","E16000150","E07000240","26UGFZ","E00120240","26UGFZ","E65000001","E01023673","E02004933","5","6D1","E00120240","E01023673","E02004933","E33027438","E38000079","E63011552","C1","5A2",51.759277,-0.306999,"E37000048","","E23000027",32064,"E56000035","E54000025","E00120240","E01023673","E02004933"
"AL1 4XZ","AL1  4XZ","AL1 4XZ","198001","","E10000015","E58000663","E07000240","E05013956","E43000290","0","516991","0207882","1","E18000006","E40000007","E92000001","E12000006","5","E14001507","E15000006","E24000005","E30000237","E16000150","E07000240","26UGFZ","E00120229","26UGFZ","E65000001","E01023673","E02004933","5","4C3","E00120229","E01023673","E02004933","E33027438","E38000079","E63011552","C1","6B1",51.757416,-0.306388,"E37000048","","E23000027",32064,"E56000035","E54000025","E00120229","E01023673","E02004933"
"AL1 4YA","AL1  4YA","AL1 4YA","198001","","E10000015","E58000663","E07000240","E05013956","E43000290","0","517090","0207604","1","E18000006","E40000007","E92000001","E12000006","5","E14001507","E15000006","E24000005","E30000237","E16000150","E07000240","26UGFZ","E00120229","26UGFZ","E65000001","E01023673","E02004933","5","4C3","E00120229","E01023673","E02004933","E33027438","E38000079","E63011552","C1","6B1",51.754897,-0.305048,"E37000048","","E23000027",32064,"E56000035","E54000025","E00120229","E01023673","E02004933"
"AL1 4YB","AL1  4YB","AL1 4YB","199208","199212","E10000015","E58000663","E07000240","E05013949","E43000290","1","517000","0207700","8","E18000006","E40000007","E92000001","E12000006","5","E14001507","E15000006","E24000005","E30000237","E16000150","E07000240","26UGFZ","E00120229","26UGFZ","E65000001","E01023673","E02004933","5","4C3","E00120229","E01023673","E02004933","E33027438","E38000079","E63011552","C1","6B1",51.755779,-0.306319,"E37000048","","E23000027",32064,"E56000035","E54000025","E00120229","E01023673","E02004933"
"AL1 4YD","AL1  4YD","AL1 4YD","198001","201609","E10000015","E58000663","E07000240","E05013956","E43000290","1","516953","0208058","1","E18000006","E40000007","E92000001","E12000006","5","E14001507","E15000006","E24000005","E30000237","E16000150","E07000240","26UGFZ","E00120240","26UGFZ","E65000001","E01023673","E02004933","5","6D1","E00120240","E01023673","E02004933","E33027438","E38000079","E63011552","C1","5A2",51.759006,-0.306879,"E37000048","","E23000027",32064,"E56000035","E54000025","E00120240","E01023673","E02004933"
"AL1 4YE","AL1  4YE","AL1 4YE","198607","199012","E10000015","E58000663","E07000240","E05013949","E43000290","1","515800","0207200","8","E18000006","E40000007","E92000001","E12000006","5","E14001507","E15000006","E24000005","E30000237","E16000150","E07000240","26UGGM","E00120486","26UGGM","E65000001","E01023729","E02004935","5","2B2","E00120486","E01023729","E02004935","E33027450","E38000079","E63011552","C1","2D1",51.751534,-0.323863,"E37000048","","E23000027",27026,"E56000035","E54000025","E00120486","E01035566","E02004935"
"AL1 4YF","AL1  4YF","AL1 4YF","199405","199812","E10000015","E58000663","E07000240","E05013949","E43000290","1","516191","0207953","6","E18000006","E40000007","E92000001","E12000006","5","E14001507","E15000006","E24000005","E30000237","E16000150","E07000240","26UGFZ","E00120239","26UGFZ","E65000001","E01023675","E02004934","5","4D1","E00120239","E01023675","E02004934","E33027444","E38000079","E63011552","C1","6A4",51.758221,-0.317950,"E37000048","","E23000027",31313,"E56000035","E54000025","E00120239","E01023675","E02004934"
"AL1 4YG","AL1  4YG","AL1 4YG","199412","199806","E10000015","E58000663","E07000240","E05013949","E43000290","1","516191","0207953","6","E18000006","E40000007","E92000001","E12000006","5","E14001507","E15000006","E24000005","E30000237","E16000150","E07000240","26UGFZ","E00120239","26UGFZ","E65000001","E01023675","E02004934","5","4D1","E00120239","E01023675","E02004934","E33027444","E38000079","E63011552","C1","6A4",51.758221,-0.317950,"E37000048","","E23000027",31313,"E56000035","E54000025","E00120239","E01023675","E02004934"
"AL1 4YH","AL1  4YH","AL1 4YH","199501","199812","E10000015","E58000663","E07000240","E05013949","E43000290","1","516191","0207953","6","E18000006","E40000007","E92000001","E12000006","5","E14001507","E15000006","E24000005","E30000237","E16000150","E07000240","26UGFZ","E00120239","26UGFZ","E65000001","E01023675","E02004934","5","4D1","E00120239","E01023675","E02004934","E33027444","E38000079","E63011552","C1","6A4",51.758221,-0.317950,"E37000048","","E23000027",31313,"E56000035","E54000025","E00120239","E01023675","E02004934"
"AL1 4YJ","AL1  4YJ","AL1 4YJ","201002","201005","E10000015","E58000664","E07000240","E05013956","E43000290","1","517328","0206823","5","E18000006","E40000007","E92000001","E12000006","5","E14001507","E15000006","E24000005","E30000237","E16000150","E07000240","26UGFX","E00120196","26UGFX","E65000001","E01023667","E02004936","5","6D1","E00120196","E01023667","E02004936","E33027453","E38000079","E63011552","C1","5A2",51.747828,-0.301865,"E37000048","","E23000027",30628,"E56000035","E54000025","E00120196","E01023667","E02004936"
"AL1 4YN","AL1  4YN","AL1 4YN","200012","200210","E10000015","E58000664","E07000240","E05013956","E43000290","1","517328","0206823","1","E18000006","E40000007","E92000001","E12000006","5","E14001507","E15000006","E24000005","E30000237","E16000150","E07000240","26UGFX","E00120196","26UGFX","E65000001","E01023667","E02004936","5","6D1","E00120196","E01023667","E02004936","E33027453","E38000079","E63011552","C1","5A2",51.747828,-0.301865,"E37000048","","E23000027",30628,"E56000035","E54000025","E00120196","E01023667","E02004936"
"AL1 4YQ","AL1  4YQ","AL1 4YQ","199501","199806","E10000015","E58000663","E07000240","E05013949","E43000290","1","516191","0207953","6","E18000006","E40000007","E92000001","E12000006","5","E14001507","E15000006","E24000005","E30000237","E16000150","E07000240","26UGFZ","E00120239","26UGFZ","E65000001","E01023675","E02004934","5","4D1","E00120239","E01023675","E02004934","E33027444","E38000079","E63011552","C1","6A4",51.758221,-0.317950,"E37000048","","E23000027",31313,"E56000035","E54000025","E00120239","E01023675","E02004934"
"AL1 4YU","AL1  4YU","AL1 4YU","200401","200510","E10000015","E58000664","E07000240","E05013956","E43000290","1","517328","0206823","5","E18000006","E40000007","E92000001","E12000006","5","E14001507","E15000006","E24000005","E30000237","E16000150","E07000240","26UGFX","E00120196","26UGFX","E65000001","E01023667","E02004936","5","6D1","E00120196","E01023667","E02004936","E33027453","E38000079","E63011552","C1","5A2",51.747828,-0.301865,"E37000048","","E23000027",30628,"E56000035","E54000025","E00120196","E01023667","E02004936"
"AL1 4YW","AL1  4YW","AL1 4YW","200310","201811","E10000015","E58000664","E07000240","E05013956","E43000290","1","517321","0206803","1","E18000006","E40000007","E92000001","E12000006","5","E14001507","E15000006","E24000005","E30000237","E16000150","E07000240","26UGFX","E00120196","26UGFX","E65000001","E01023667","E02004936","5","6D1","E00120196","E01023667","E02004936","E33027453","E38000079","E63011552","C1","5A2",51.747650,-0.301973,"E37000048","","E23000027",30628,"E56000035","E54000025","E00120196","E01023667","E02004936"
"AL1 4YX","AL1  4YX","AL1 4YX","200212","200801","E10000015","E58000664","E07000240","E05013956","E43000290","1","517328","0206823","1","E18000006","E40000007","E92000001","E12000006","5","E14001507","E15000006","E24000005","E30000237","E16000150","E07000240","26UGFX","E00120196","26UGFX","E65000001","E01023667","E02004936","5","6D1","E00120196","E01023667","E02004936","E33027453","E38000079","E63011552","C1","5A2",51.747828,-0.301865,"E37000048","","E23000027",30628,"E56000035","E54000025","E00120196","E01023667","E02004936"
"AL1 4YZ","AL1  4YZ","AL1 4YZ","200211","200603","E10000015","E58000664","E07000240","E05013956","E43000290","1","517328","0206823","1","E18000006","E40000007","E92000001","E12000006","5","E14001507","E15000006","E24000005","E30000237","E16000150","E07000240","26UGFX","E00120196","26UGFX","E65000001","E01023667","E02004936","5","6D1","E00120196","E01023667","E02004936","E33027453","E38000079","E63011552","C1","5A2",51.747828,-0.301865,"E37000048","","E23000027",30628,"E56000035","E54000025","E00120196","E01023667","E02004936"
"AL1 4ZD","AL1  4ZD","AL1 4ZD","199712","199812","E10000015","E58000663","E07000240","E05013949","E43000290","1","515800","0207200","8","E18000006","E40000007","E92000001","E12000006","5","E14001507","E15000006","E24000005","E30000237","E16000150","E07000240","26UGGM","E00120486","26UGGM","E65000001","E01023729","E02004935","5","2B2","E00120486","E01023729","E02004935","E33027450","E38000079","E63011552","C1","2D1",51.751534,-0.323863,"E37000048","","E23000027",27026,"E56000035","E54000025","E00120486","E01035566","E02004935"
"AL1 4ZE","AL1  4ZE","AL1 4ZE","199712","199906","E10000015","E58000663","E07000240","E05013949","E43000290","1","516191","0207953","6","E18000006","E40000007","E92000001","E12000006","5","E14001507","E15000006","E24000005","E30000237","E16000150","E07000240","26UGFZ","E00120239","26UGFZ","E65000001","E01023675","E02004934","5","4D1","E00120239","E01023675","E02004934","E33027444","E38000079","E63011552","C1","6A4",51.758221,-0.317950,"E37000048","","E23000027",31313,"E56000035","E54000025","E00120239","E01023675","E02004934"
"AL1 4ZF","AL1  4ZF","AL1 4ZF","199806","199906","E10000015","E58000663","E07000240","E05013949","E43000290","1","515800","0207200","8","E18000006","E40000007","E92000001","E12000006","5","E14001507","E15000006","E24000005","E30000237","E16000150","E07000240","26UGGM","E00120486","26UGGM","E65000001","E01023729","E02004935","5","2B2","E00120486","E01023729","E02004935","E33027450","E38000079","E63011552","C1","2D1",51.751534,-0.323863,"E37000048","","E23000027",27026,"E56000035","E54000025","E00120486","E01035566","E02004935"
"AL1 4ZG","AL1  4ZG","AL1 4ZG","200906","","E10000015","E58000664","E07000240","E05013956","E43000290","1","517321","0206803","1","E18000006","E40000007","E92000001","E12000006","5","E14001507","E15000006","E24000005","E30000237","E16000150","E07000240","26UGFX","E00120196","26UGFX","E65000001","E01023667","E02004936","5","6D1","E00120196","E01023667","E02004936","E33027453","E38000079","E63011552","C1","5A2",51.747650,-0.301973,"E37000048","","E23000027",30628,"E56000035","E54000025","E00120196","E01023667","E02004936"
"AL1 4ZH","AL1  4ZH","AL1 4ZH","200405","200901","E10000015","E58000664","E07000240","E05013956","E43000290","1","517328","0206823","1","E18000006","E40000007","E92000001","E12000006","5","E14001507","E15000006","E24000005","E30000237","E16000150","E07000240","26UGFX","E00120196","26UGFX","E65000001","E01023667","E02004936","5","6D1","E00120196","E01023667","E02004936","E33027453","E38000079","E63011552","C1","5A2",51.747828,-0.301865,"E37000048","","E23000027",30628,"E56000035","E54000025","E00120196","E01023667","E02004936"
"AL1 4ZJ","AL1  4ZJ","AL1 4ZJ","200405","200812","E10000015","E58000664","E07000240","E05013956","E43000290","1","517328","0206823","1","E18000006","E40000007","E92000001","E12000006","5","E14001507","E15000006","E24000005","E30000237","E16000150","E07000240","26UGFX","E00120196","26UGFX","E65000001","E01023667","E02004936","5","6D1","E00120196","E01023667","E02004936","E33027453","E38000079","E63011552","C1","5A2",51.747828,-0.301865,"E37000048","","E23000027",30628,"E56000035","E54000025","E00120196","E01023667","E02004936"
"AL1 4ZL","AL1  4ZL","AL1 4ZL","200006","200104","E10000015","E58000663","E07000240","E05013949","E43000290","1","516191","0207953","6","E18000006","E40000007","E92000001","E12000006","5","E14001507","E15000006","E24000005","E30000237","E16000150","E07000240","26UGFZ","E00120239","26UGFZ","E65000001","E01023675","E02004934","5","4D1","E00120239","E01023675","E02004934","E33027444","E38000079","E63011552","C1","6A4",51.758221,-0.317950,"E37000048","","E23000027",31313,"E56000035","E54000025","E00120239","E01023675","E02004934"
"AL1 4ZN","AL1  4ZN","AL1 4ZN","200006","200803","E10000015","E58000664","E07000240","E05013956","E43000290","1","517328","0206823","1","E18000006","E40000007","E92000001","E12000006","5","E14001507","E15000006","E24000005","E30000237","E16000150","E07000240","26UGFX","E00120196","26UGFX","E65000001","E01023667","E02004936","5","6D1","E00120196","E01023667","E02004936","E33027453","E38000079","E63011552","C1","5A2",51.747828,-0.301865,"E37000048","","E23000027",30628,"E56000035","E54000025","E00120196","E01023667","E02004936"
"AL1 4ZP","AL1  4ZP","AL1 4ZP","200006","200104","E10000015","E58000663","E07000240","E05013949","E43000290","1","516191","0207953","6","E18000006","E40000007","E92000001","E12000006","5","E14001507","E15000006","E24000005","E30000237","E16000150","E07000240","26UGFZ","E00120239","26UGFZ","E65000001","E01023675","E02004934","5","4D1","E00120239","E01023675","E02004934","E33027444","E38000079","E63011552","C1","6A4",51.758221,-0.317950,"E37000048","","E23000027",31313,"E56000035","E54000025","E00120239","E01023675","E02004934"
"AL1 4ZQ","AL1  4ZQ","AL1 4ZQ","200706","201406","E10000015","E58000664","E07000240","E05013956","E43000290","1","517328","0206823","1","E18000006","E40000007","E92000001","E12000006","5","E14001507","E15000006","E24000005","E30000237","E16000150","E07000240","26UGFX","E00120196","26UGFX","E65000001","E01023667","E02004936","5","6D1","E00120196","E01023667","E02004936","E33027453","E38000079","E63011552","C1","5A2",51.747828,-0.301865,"E37000048","","E23000027",30628,"E56000035","E54000025","E00120196","E01023667","E02004936"
"AL1 4ZR","AL1  4ZR","AL1 4ZR","200401","200803","E10000015","E58000664","E07000240","E05013956","E43000290","1","517328","0206823","1","E18000006","E40000007","E92000001","E12000006","5","E14001507","E15000006","E24000005","E30000237","E16000150","E07000240","26UGFX","E00120196","26UGFX","E65000001","E01023667","E02004936","5","6D1","E00120196","E01023667","E02004936","E33027453","E38000079","E63011552","C1","5A2",51.747828,-0.301865,"E37000048","","E23000027",30628,"E56000035","E54000025","E00120196","E01023667","E02004936"
"AL1 4ZS","AL1  4ZS","AL1 4ZS","199906","200408","E10000015","E58000664","E07000240","E05013956","E43000290","1","517328","0206823","1","E18000006","E40000007","E92000001","E12000006","5","E14001507","E15000006","E24000005","E30000237","E16000150","E07000240","26UGFX","E00120196","26UGFX","E65000001","E01023667","E02004936","5","6D1","E00120196","E01023667","E02004936","E33027453","E38000079","E63011552","C1","5A2",51.747828,-0.301865,"E37000048","","E23000027",30628,"E56000035","E54000025","E00120196","E01023667","E02004936"
"AL1 4ZT","AL1  4ZT","AL1 4ZT","199906","200006","E10000015","E58000663","E07000240","E05013949","E43000290","1","516191","0207953","6","E18000006","E40000007","E92000001","E12000006","5","E14001507","E15000006","E24000005","E30000237","E16000150","E07000240","26UGFZ","E00120239","26UGFZ","E65000001","E01023675","E02004934","5","4D1","E00120239","E01023675","E02004934","E33027444","E38000079","E63011552","C1","6A4",51.758221,-0.317950,"E37000048","","E23000027",31313,"E56000035","E54000025","E00120239","E01023675","E02004934"
"AL1 4ZU","AL1  4ZU","AL1 4ZU","199906","200305","E10000015","E58000664","E07000240","E05013956","E43000290","1","517328","0206823","1","E18000006","E40000007","E92000001","E12000006","5","E14001507","E15000006","E24000005","E30000237","E16000150","E07000240","26UGFX","E00120196","26UGFX","E65000001","E01023667","E02004936","5","6D1","E00120196","E01023667","E02004936","E33027453","E38000079","E63011552","C1","5A2",51.747828,-0.301865,"E37000048","","E23000027",30628,"E56000035","E54000025","E00120196","E01023667","E02004936"
"AL1 4ZW","AL1  4ZW","AL1 4ZW","200305","201106","E10000015","E58000664","E07000240","E05013956","E43000290","1","517328","0206823","1","E18000006","E40000007","E92000001","E12000006","5","E14001507","E15000006","E24000005","E30000237","E16000150","E07000240","26UGFX","E00120196","26UGFX","E65000001","E01023667","E02004936","5","6D1","E00120196","E01023667","E02004936","E33027453","E38000079","E63011552","C1","5A2",51.747828,-0.301865,"E37000048","","E23000027",30628,"E56000035","E54000025","E00120196","E01023667","E02004936"
"AL1 4ZX","AL1  4ZX","AL1 4ZX","199806","202010","E10000015","E58000664","E07000240","E05013956","E43000290","1","517321","0206803","1","E18000006","E40000007","E92000001","E12000006","5","E14001507","E15000006","E24000005","E30000237","E16000150","E07000240","26UGFX","E00120196","26UGFX","E65000001","E01023667","E02004936","5","6D1","E00120196","E01023667","E02004936","E33027453","E38000079","E63011552","C1","5A2",51.747650,-0.301973,"E37000048","","E23000027",30628,"E56000035","E54000025","E00120196","E01023667","E02004936"
"AL1 4ZY","AL1  4ZY","AL1 4ZY","201202","201308","E10000015","E58000664","E07000240","E05013956","E43000290","1","517328","0206823","1","E18000006","E40000007","E92000001","E12000006","5","E14001507","E15000006","E24000005","E30000237","E16000150","E07000240","26UGFX","E00120196","26UGFX","E65000001","E01023667","E02004936","5","6D1","E00120196","E01023667","E02004936","E33027453","E38000079","E63011552","C1","5A2",51.747828,-0.301865,"E37000048","","E23000027",30628,"E56000035","E54000025","E00120196","E01023667","E02004936"
"AL1 4ZZ","AL1  4ZZ","AL1 4ZZ","199706","200107","E10000015","E58000663","E07000240","E05013949","E43000290","1","516191","0207953","6","E18000006","E40000007","E92000001","E12000006","5","E14001507","E15000006","E24000005","E30000237","E16000150","E07000240","26UGFZ","E00120239","26UGFZ","E65000001","E01023675","E02004934","5","4D1","E00120239","E01023675","E02004934","E33027444","E38000079","E63011552","C1","6A4",51.758221,-0.317950,"E37000048","","E23000027",31313,"E56000035","E54000025","E00120239","E01023675","E02004934"
"AL1 5AA","AL1  5AA","AL1 5AA","198001","","E10000015","E58000664","E07000240","E05013951","E43000290","0","516593","0205742","1","E18000006","E40000007","E92000001","E12000006","5","E14001507","E15000006","E24000005","E30000237","E16000150","E07000240","26UGGB","E00120260","26UGGB","E65000001","E01023683","E02004939","5","6B2","E00120260","E01023683","E02004939","E33027468","E38000079","E63011552","C1","5A2",51.738266,-0.312868,"E37000048","","E23000027",17955,"E56000035","E54000025","E00120260","E01023683","E02004939"
"AL1 5AB","AL1  5AB","AL1 5AB","198001","","E10000015","E58000664","E07000240","E05013951","E43000290","0","516664","0205888","1","E18000006","E40000007","E92000001","E12000006","5","E14001507","E15000006","E24000005","E30000237","E16000150","E07000240","26UGGB","E00120260","26UGGB","E65000001","E01023683","E02004939","5","6B2","E00120260","E01023683","E02004939","E33027468","E38000079","E63011552","C1","5A2",51.739564,-0.311792,"E37000048","","E23000027",17955,"E56000035","E54000025","E00120260","E01023683","E02004939"
"AL1 5AD","AL1  5AD","AL1 5AD","198001","","E10000015","E58000664","E07000240","E05013951","E43000290","0","516898","0206072","1","E18000006","E40000007","E92000001","E12000006","5","E14001507","E15000006","E24000005","E30000237","E16000150","E07000240","26UGGB","E00120268","26UGGB","E65000001","E01023682","E02004939","5","1C3","E00120268","E01023682","E02004939","E33027466","E38000079","E63011552","C1","4A1",51.741169,-0.308343,"E37000048","","E23000027",20975,"E56000035","E54000025","E00120268","E01023682","E02004939"
"AL1 5AE","AL1  5AE","AL1 5AE","199101","","E10000015","E58000664","E07000240","E05013951","E43000290","0","516977","0206294","1","E18000006","E40000007","E92000001","E12000006","5","E14001507","E15000006","E24000005","E30000237","E16000150","E07000240","26UGGB","E00120266","26UGGB","E65000001","E01023681","E02004939","5","7B1","E00120266","E01023681","E02004939","E33027466","E38000079","E63011552","C1","4A3",51.743147,-0.307124,"E37000048","","E23000027",13880,"E56000035","E54000025","E00120266","E01023681","E02004939"
"AL1 5AF","AL1  5AF","AL1 5AF","198001","","E10000015","E58000649","E07000240","E05013956","E43000290","0","517158","0206518","1","E18000006","E40000007","E92000001","E12000006","5","E14001507","E15000006","E24000005","E30000237","E16000150","E07000240","26UGGA","E00120259","26UGGA","E65000001","E01023678","E02004938","5","4A2","E00120259","E01023678","E02004938","E33027463","E38000079","E63011552","C1","4C1",51.745123,-0.304429,"E37000048","","E23000027",25970,"E56000035","E54000025","E00120259","E01023678","E02007090"
"AL1 5AG","AL1  5AG","AL1 5AG","198001","","E10000015","E58000649","E07000240","E05013956","E43000290","0","517166","0206406","1","E18000006","E40000007","E92000001","E12000006","5","E14001507","E15000006","E24000005","E30000237","E16000150","E07000240","26UGGA","E00120259","26UGGA","E65000001","E01023678","E02004938","5","4A2","E00120259","E01023678","E02004938","E33027463","E38000079","E63011552","C1","4C1",51.744115,-0.304351,"E37000048","","E23000027",25970,"E56000035","E54000025","E00120259","E01023678","E02007090"
"AL1 5AH","AL1  5AH","AL1 5AH","198001","","E10000015","E58000664","E07000240","E05013951","E43000290","0","517071","0206170","1","E18000006","E40000007","E92000001","E12000006","5","E14001507","E15000006","E24000005","E30000237","E16000150","E07000240","26UGGB","E00120266","26UGGB","E65000001","E01023681","E02004939","5","7B1","E00120266","E01023681","E02004939","E33027466","E38000079","E63011552","C1","4A3",51.742013,-0.305805,"E37000048","","E23000027",13880,"E56000035","E54000025","E00120266","E01023681","E02004939"
"AL1 5AJ","AL1  5AJ","AL1 5AJ","198001","","E10000015","E58000664","E07000240","E05013951","E43000290","0","517033","0206138","1","E18000006","E40000007","E92000001","E12000006","5","E14001507","E15000006","E24000005","E30000237","E16000150","E07000240","26UGGB","E00120266","26UGGB","E65000001","E01023681","E02004939","5","7B1","E00120266","E01023681","E02004939","E33027466","E38000079","E63011552","C1","4A3",51.741734,-0.306366,"E37000048","","E23000027",13880,"E56000035","E54000025","E00120266","E01023681","E02004939"
"AL1 5AL","AL1  5AL","AL1 5AL","198001","","E10000015","E58000664","E07000240","E05013951","E43000290","0","517055","0206069","1","E18000006","E40000007","E92000001","E12000006","5","E14001507","E15000006","E24000005","E30000237","E16000150","E07000240","26UGGB","E00120273","26UGGB","E65000001","E01023681","E02004939","5","7B1","E00120273","E01023681","E02004939","E33027468","E38000079","E63011552","C1","3A1",51.741109,-0.306071,"E37000048","","E23000027",13880,"E56000035","E54000025","E00120273","E01023681","E02004939"
"AL1 5AN","AL1  5AN","AL1 5AN","198001","","E10000015","E58000664","E07000240","E05013951","E43000290","0","517022","0206081","1","E18000006","E40000007","E92000001","E12000006","5","E14001507","E15000006","E24000005","E30000237","E16000150","E07000240","26UGGB","E00120273","26UGGB","E65000001","E01023681","E02004939","5","7B1","E00120273","E01023681","E02004939","E33027468","E38000079","E63011552","C1","3A1",51.741224,-0.306545,"E37000048","","E23000027",13880,"E56000035","E54000025","E00120273","E01023681","E02004939"
"AL1 5AP","AL1  5AP","AL1 5AP","198001","","E10000015","E58000664","E07000240","E05013951","E43000290","0","516814","0205935","1","E18000006","E40000007","E92000001","E12000006","5","E14001507","E15000006","E24000005","E30000237","E16000150","E07000240","26UGGB","E00120275","26UGGB","E65000001","E01023683","E02004939","5","7A2","E00120275","E01023683","E02004939","E33027468","E38000079","E63011552","C1","4A3",51.739955,-0.309605,"E37000048","","E23000027",17955,"E56000035","E54000025","E00120275","E01023683","E02004939"
"AL1 5AQ","AL1  5AQ","AL1 5AQ","198001","","E10000015","E58000664","E07000240","E05013951","E43000290","0","517066","0206240","1","E18000006","E40000007","E92000001","E12000006","5","E14001507","E15000006","E24000005","E30000237","E16000150","E07000240","26UGGB","E00120268","26UGGB","E65000001","E01023682","E02004939","5","1C3","E00120268","E01023682","E02004939","E33027466","E38000079","E63011552","C1","4A1",51.742644,-0.305854,"E37000048","","E23000027",20975,"E56000035","E54000025","E00120268","E01023682","E02004939"
"AL1 5AR","AL1  5AR","AL1 5AR","198001","","E10000015","E58000664","E07000240","E05013951","E43000290","1","516718","0205808","1","E18000006","E40000007","E92000001","E12000006","5","E14001507","E15000006","E24000005","E30000237","E16000150","E07000240","26UGGB","E00120275","26UGGB","E65000001","E01023683","E02004939","5","7A2","E00120275","E01023683","E02004939","E33027468","E38000079","E63011552","C1","4A3",51.738834,-0.311037,"E37000048","","E23000027",17955,"E56000035","E54000025","E00120275","E01023683","E02004939"
"AL1 5AS","AL1  5AS","AL1 5AS","198001","","E10000015","E58000664","E07000240","E05013951","E43000290","0","516962","0205923","1","E18000006","E40000007","E92000001","E12000006","5","E14001507","E15000006","E24000005","E30000237","E16000150","E07000240","26UGGB","E00120275","26UGGB","E65000001","E01023683","E02004939","5","7A2","E00120275","E01023683","E02004939","E33027468","E38000079","E63011552","C1","4A3",51.739782,-0.307778,"E37000048","","E23000027",17955,"E56000035","E54000025","E00120275","E01023683","E02004939"
"AL1 5AT","AL1  5AT","AL1 5AT","199101","","E10000015","E58000664","E07000240","E05013951","E43000290","0","517063","0206376","1","E18000006","E40000007","E92000001","E12000006","5","E14001507","E15000006","E24000005","E30000237","E16000150","E07000240","26UGGB","E00120266","26UGGB","E65000001","E01023681","E02004939","5","7B1","E00120266","E01023681","E02004939","E33027466","E38000079","E63011552","C1","4A3",51.743866,-0.305852,"E37000048","","E23000027",13880,"E56000035","E54000025","E00120266","E01023681","E02004939"
"AL1 5AU","AL1  5AU","AL1 5AU","199606","200710","E10000015","E58000664","E07000240","E05013956","E43000290","1","517328","0206823","1","E18000006","E40000007","E92000001","E12000006","5","E14001507","E15000006","E24000005","E30000237","E16000150","E07000240","26UGFX","E00120196","26UGFX","E65000001","E01023667","E02004936","5","6D1","E00120196","E01023667","E02004936","E33027453","E38000079","E63011552","C1","5A2",51.747828,-0.301865,"E37000048","","E23000027",30628,"E56000035","E54000025","E00120196","E01023667","E02004936"
"AL1 5AW","AL1  5AW","AL1 5AW","198504","","E10000015","E58000664","E07000240","E05013951","E43000290","0","516954","0206067","1","E18000006","E40000007","E92000001","E12000006","5","E14001507","E15000006","E24000005","E30000237","E16000150","E07000240","26UGGB","E00120273","26UGGB","E65000001","E01023681","E02004939","5","7B1","E00120273","E01023681","E02004939","E33027468","E38000079","E63011552","C1","3A1",51.741112,-0.307534,"E37000048","","E23000027",13880,"E56000035","E54000025","E00120273","E01023681","E02004939"
"AL1 5AX","AL1  5AX","AL1 5AX","198307","","E10000015","E58000664","E07000240","E05013951","E43000290","0","516859","0205902","1","E18000006","E40000007","E92000001","E12000006","5","E14001507","E15000006","E24000005","E30000237","E16000150","E07000240","26UGGB","E00120275","26UGGB","E65000001","E01023683","E02004939","5","7A2","E00120275","E01023683","E02004939","E33027468","E38000079","E63011552","C1","4A3",51.739649,-0.308964,"E37000048","","E23000027",17955,"E56000035","E54000025","E00120275","E01023683","E02004939"
"AL1 5AY","AL1  5AY","AL1 5AY","198710","","E10000015","E58000663","E07000240","E05013964","E43000290","0","515710","0207155","1","E18000006","E40000007","E92000001","E12000006","5","E14001507","E15000006","E24000005","E30000237","E16000150","E07000240","26UGGM","E00120485","26UGGM","E65000001","E01023729","E02004935","5","2A1","E00120485","E01023729","E02004935","E33027450","E38000079","E63011552","C1","2B2",51.751148,-0.325181,"E37000048","","E23000027",27026,"E56000035","E54000025","E00120485","E01035566","E02004935"
"AL1 5AZ","AL1  5AZ","AL1 5AZ","199612","200408","E10000015","E58000664","E07000240","E05013956","E43000290","1","517328","0206823","1","E18000006","E40000007","E92000001","E12000006","5","E14001507","E15000006","E24000005","E30000237","E16000150","E07000240","26UGFX","E00120196","26UGFX","E65000001","E01023667","E02004936","5","6D1","E00120196","E01023667","E02004936","E33027453","E38000079","E63011552","C1","5A2",51.747828,-0.301865,"E37000048","","E23000027",30628,"E56000035","E54000025","E00120196","E01023667","E02004936"
"AL1 5BA","AL1  5BA","AL1 5BA","199101","","E10000015","E58000663","E07000240","E05013964","E43000290","0","515726","0207087","1","E18000006","E40000007","E92000001","E12000006","5","E14001507","E15000006","E24000005","E30000237","E16000150","E07000240","26UGGM","E00120487","26UGGM","E65000001","E01023729","E02004935","5","7A3","E00120487","E01023729","E02004935","E33027450","E38000079","E63011552","C1","3D1",51.750534,-0.324972,"E37000048","","E23000027",27026,"E56000035","E54000025","E00189396","E01035566","E02004935"
"AL1 5BB","AL1  5BB","AL1 5BB","199308","","E10000015","E58000664","E07000240","E05013956","E43000290","1","517321","0206803","1","E18000006","E40000007","E92000001","E12000006","5","E14001507","E15000006","E24000005","E30000237","E16000150","E07000240","26UGFX","E00120196","26UGFX","E65000001","E01023667","E02004936","5","6D1","E00120196","E01023667","E02004936","E33027453","E38000079","E63011552","C1","5A2",51.747650,-0.301973,"E37000048","","E23000027",30628,"E56000035","E54000025","E00120196","E01023667","E02004936"
"AL1 5BD","AL1  5BD","AL1 5BD","198001","","E10000015","E58000663","E07000240","E05013964","E43000290","0","515641","0207020","1","E18000006","E40000007","E92000001","E12000006","5","E14001507","E15000006","E24000005","E30000237","E16000150","E07000240","26UGGM","E00120487","26UGGM","E65000001","E01023729","E02004935","5","7A3","E00120487","E01023729","E02004935","E33027450","E38000079","E63011552","C1","3D1",51.749955,-0.326201,"E37000048","","E23000027",27026,"E56000035","E54000025","E00189396","E01035566","E02004935"
"AL1 5BE","AL1  5BE","AL1 5BE","198001","","E10000015","E58000663","E07000240","E05013964","E43000290","0","515662","0207083","1","E18000006","E40000007","E92000001","E12000006","5","E14001507","E15000006","E24000005","E30000237","E16000150","E07000240","26UGGM","E00120487","26UGGM","E65000001","E01023729","E02004935","5","7A3","E00120487","E01023729","E02004935","E33027450","E38000079","E63011552","C1","3D1",51.750511,-0.325900,"E37000048","","E23000027",27026,"E56000035","E54000025","E00189396","E01035566","E02004935"
"AL1 5BF","AL1  5BF","AL1 5BF","199706","200802","E10000015","E58000664","E07000240","E05013956","E43000290","1","517328","0206823","1","E18000006","E40000007","E92000001","E12000006","5","E14001507","E15000006","E24000005","E30000237","E16000150","E07000240","26UGFX","E00120196","26UGFX","E65000001","E01023667","E02004936","5","6D1","E00120196","E01023667","E02004936","E33027453","E38000079","E63011552","C1","5A2",51.747828,-0.301865,"E37000048","","E23000027",30628,"E56000035","E54000025","E00120196","E01023667","E02004936"
"AL1 5BG","AL1  5BG","AL1 5BG","199612","200009","E10000015","E58000664","E07000240","E05013951","E43000290","1","516549","0206669","6","E18000006","E40000007","E92000001","E12000006","5","E14001507","E15000006","E24000005","E30000237","E16000150","E07000240","26UGGB","E00120263","26UGGB","E65000001","E01023681","E02004939","5","7A2","E00120263","E01023681","E02004939","E33027466","E38000079","E63011552","C1","4B1",51.746607,-0.313195,"E37000048","","E23000027",13880,"E56000035","E54000025","E00120263","E01023681","E02004939"
"AL1 5BH","AL1  5BH","AL1 5BH","198001","200208","E10000015","E58000663","E07000240","E05013964","E43000290","0","515690","0207056","1","E18000006","E40000007","E92000001","E12000006","5","E14001507","E15000006","E24000005","E30000237","E16000150","E07000240","26UGGM","E00120487","26UGGM","E65000001","E01023729","E02004935","5","7A3","E00120487","E01023729","E02004935","E33027450","E38000079","E63011552","C1","3D1",51.750263,-0.325503,"E37000048","","E23000027",27026,"E56000035","E54000025","E00189396","E01035566","E02004935"
"AL1 5BJ","AL1  5BJ","AL1 5BJ","198001","","E10000015","E58000663","E07000240","E05013964","E43000290","0","515781","0207134","1","E18000006","E40000007","E92000001","E12000006","5","E14001507","E15000006","E24000005","E30000237","E16000150","E07000240","26UGGM","E00120486","26UGGM","E65000001","E01023729","E02004935","5","2B2","E00120486","E01023729","E02004935","E33027450","E38000079","E63011552","C1","2D1",51.750945,-0.324160,"E37000048","","E23000027",27026,"E56000035","E54000025","E00120486","E01035566","E02004935"
"AL1 5BL","AL1  5BL","AL1 5BL","198001","","E10000015","E58000663","E07000240","E05013964","E43000290","0","515762","0207076","1","E18000006","E40000007","E92000001","E12000006","5","E14001507","E15000006","E24000005","E30000237","E16000150","E07000240","26UGGM","E00120486","26UGGM","E65000001","E01023729","E02004935","5","2B2","E00120486","E01023729","E02004935","E33027450","E38000079","E63011552","C1","2D1",51.750433,-0.324431,"E37000048","","E23000027",27026,"E56000035","E54000025","E00120486","E01035566","E02004935"
"AL1 5BN","AL1  5BN","AL1 5BN","198504","","E10000015","E58000664","E07000240","E05013949","E43000290","1","517054","0207021","1","E18000006","E40000007","E92000001","E12000006","5","E14001507","E15000006","E24000005","E30000237","E16000150","E07000240","26UGFX","E00120188","26UGFX","E65000001","E01023665","E02004936","5","6D2","E00120188","E01023665","E02004936","E33024300","E38000079","E63011552","C1","5A2",51.749665,-0.305765,"E37000048","","E23000027",29291,"E56000035","E54000025","E00120188","E01023665","E02004936"
"AL1 5BP","AL1  5BP","AL1 5BP","200407","","E10000015","E58000663","E07000240","E05013964","E43000290","0","515689","0207065","1","E18000006","E40000007","E92000001","E12000006","5","E14001507","E15000006","E24000005","E30000237","E16000150","E07000240","26UGGM","E00120487","26UGGM","E65000001","E01023729","E02004935","5","7A3","E00120487","E01023729","E02004935","E33027450","E38000079","E63011552","C1","3D1",51.750349,-0.325491,"E37000048","","E23000027",27026,"E56000035","E54000025","E00189396","E01035566","E02004935"
"AL1 5BQ","AL1  5BQ","AL1 5BQ","198001","","E10000015","E58000663","E07000240","E05013964","E43000290","0","515700","0207124","1","E18000006","E40000007","E92000001","E12000006","5","E14001507","E15000006","E24000005","E30000237","E16000150","E07000240","26UGGM","E00120485","26UGGM","E65000001","E01023729","E02004935","5","2A1","E00120485","E01023729","E02004935","E33027450","E38000079","E63011552","C1","2B2",51.750872,-0.325336,"E37000048","","E23000027",27026,"E56000035","E54000025","E00120485","E01035566","E02004935"
"AL1 5BS","AL1  5BS","AL1 5BS","199405","200602","E10000015","E58000664","E07000240","E05013956","E43000290","1","517328","0206823","1","E18000006","E40000007","E92000001","E12000006","5","E14001507","E15000006","E24000005","E30000237","E16000150","E07000240","26UGFX","E00120196","26UGFX","E65000001","E01023667","E02004936","5","6D1","E00120196","E01023667","E02004936","E33027453","E38000079","E63011552","C1","5A2",51.747828,-0.301865,"E37000048","","E23000027",30628,"E56000035","E54000025","E00120196","E01023667","E02004936"
"AL1 5BT","AL1  5BT","AL1 5BT","201105","201503","E10000015","E58000664","E07000240","E05013956","E43000290","1","517328","0206823","1","E18000006","E40000007","E92000001","E12000006","5","E14001507","E15000006","E24000005","E30000237","E16000150","E07000240","26UGFX","E00120196","26UGFX","E65000001","E01023667","E02004936","5","6D1","E00120196","E01023667","E02004936","E33027453","E38000079","E63011552","C1","5A2",51.747828,-0.301865,"E37000048","","E23000027",30628,"E56000035","E54000025","E00120196","E01023667","E02004936"
"AL1 5BU","AL1  5BU","AL1 5BU","199412","","E10000015","E58000663","E07000240","E05013964","E43000290","0","515671","0207146","1","E18000006","E40000007","E92000001","E12000006","5","E14001507","E15000006","E24000005","E30000237","E16000150","E07000240","26UGGM","E00120485","26UGGM","E65000001","E01023729","E02004935","5","2A1","E00120485","E01023729","E02004935","E33027450","E38000079","E63011552","C1","2B2",51.751075,-0.325748,"E37000048","","E23000027",27026,"E56000035","E54000025","E00120485","E01035566","E02004935"
"AL1 5BW","AL1  5BW","AL1 5BW","198710","","E10000015","E58000663","E07000240","E05013964","E43000290","0","515785","0207177","1","E18000006","E40000007","E92000001","E12000006","5","E14001507","E15000006","E24000005","E30000237","E16000150","E07000240","26UGGM","E00120486","26UGGM","E65000001","E01023729","E02004935","5","2B2","E00120486","E01023729","E02004935","E33027450","E38000079","E63011552","C1","2D1",51.751331,-0.324087,"E37000048","","E23000027",27026,"E56000035","E54000025","E00120486","E01035566","E02004935"
"AL1 5BX","AL1  5BX","AL1 5BX","198001","","E10000015","E58000664","E07000240","E05013951","E43000290","0","516147","0206460","1","E18000006","E40000007","E92000001","E12000006","5","E14001507","E15000006","E24000005","E30000237","E16000150","E07000240","26UGGB","E00120261","26UGGB","E65000001","E01023682","E02004939","5","4D1","E00120261","E01023682","E02004939","E33027467","E38000079","E63011552","C1","4C1",51.744812,-0.319085,"E37000048","","E23000027",20975,"E56000035","E54000025","E00120261","E01023682","E02004939"
"AL1 5BY","AL1  5BY","AL1 5BY","198001","","E10000015","E58000664","E07000240","E05013951","E43000290","0","516181","0206425","1","E18000006","E40000007","E92000001","E12000006","5","E14001507","E15000006","E24000005","E30000237","E16000150","E07000240","26UGGB","E00120261","26UGGB","E65000001","E01023682","E02004939","5","4D1","E00120261","E01023682","E02004939","E33027467","E38000079","E63011552","C1","4C1",51.744496,-0.318581,"E37000048","","E23000027",20975,"E56000035","E54000025","E00120261","E01023682","E02004939"
"AL1 5BZ","AL1  5BZ","AL1 5BZ","199501","199512","E10000015","E58000664","E07000240","E05013951","E43000290","1","515800","0206400","8","E18000006","E40000007","E92000001","E12000006","5","E14001507","E15000006","E24000005","E30000237","E16000150","E07000240","26UGGB","E00120264","26UGGB","E65000001","E01023682","E02004939","5","6D2","E00120264","E01023682","E02004939","E33027467","E38000079","E63011552","C1","5B1",51.744344,-0.324129,"E37000048","","E23000027",20975,"E56000035","E54000025","E00120264","E01023682","E02004939"
"AL1 5DA","AL1  5DA","AL1 5DA","198001","","E10000015","E58000664","E07000240","E05013956","E43000290","0","517046","0207258","1","E18000006","E40000007","E92000001","E12000006","5","E14001507","E15000006","E24000005","E30000237","E16000150","E07000240","26UGFX","E00120186","26UGFX","E65000001","E01023665","E02004936","5","6D1","E00120186","E01023665","E02004936","E33027454","E38000079","E63011552","C1","5A2",51.751748,-0.305736,"E37000048","","E23000027",29291,"E56000035","E54000025","E00120186","E01023665","E02004936"
"AL1 5DB","AL1  5DB","AL1 5DB","198001","","E10000015","E58000664","E07000240","E05013956","E43000290","0","517134","0207218","1","E18000006","E40000007","E92000001","E12000006","5","E14001507","E15000006","E24000005","E30000237","E16000150","E07000240","26UGFX","E00120186","26UGFX","E65000001","E01023665","E02004936","5","6D1","E00120186","E01023665","E02004936","E33027454","E38000079","E63011552","C1","5A2",51.751419,-0.304541,"E37000048","","E23000027",29291,"E56000035","E54000025","E00120186","E01023665","E02004936"
"AL1 5DD","AL1  5DD","AL1 5DD","198001","","E10000015","E58000664","E07000240","E05013956","E43000290","0","517174","0207113","1","E18000006","E40000007","E92000001","E12000006","5","E14001507","E15000006","E24000005","E30000237","E16000150","E07000240","26UGFX","E00120188","26UGFX","E65000001","E01023665","E02004936","5","6D2","E00120188","E01023665","E02004936","E33024300","E38000079","E63011552","C1","5A2",51.750467,-0.303997,"E37000048","","E23000027",29291,"E56000035","E54000025","E00120188","E01023665","E02004936"
"AL1 5DE","AL1  5DE","AL1 5DE","198001","","E10000015","E58000664","E07000240","E05013956","E43000290","0","517087","0207104","1","E18000006","E40000007","E92000001","E12000006","5","E14001507","E15000006","E24000005","E30000237","E16000150","E07000240","26UGFX","E00120188","26UGFX","E65000001","E01023665","E02004936","5","6D2","E00120188","E01023665","E02004936","E33024300","E38000079","E63011552","C1","5A2",51.750282,-0.305096,"E37000048","","E23000027",29291,"E56000035","E54000025","E00120188","E01023665","E02004936"
"AL1 5DF","AL1  5DF","AL1 5DF","202012","","E10000015","E58000664","E07000240","E05013949","E43000290","0","517008","0207225","1","E18000006","E40000007","E92000001","E12000006","5","E14001507","E15000006","E24000005","E30000237","E16000150","E07000240","26UGFX","E00120188","26UGFX","E65000001","E01023665","E02004936","5","6D2","E00120188","E01023665","E02004936","E33024300","E38000079","E63011552","C1","5A2",51.751514,-0.306339,"E37000048","","E23000027",29291,"E56000035","E54000025","E00120188","E01023665","E02004936"
"AL1 5DG","AL1  5DG","AL1 5DG","198001","","E10000015","E58000664","E07000240","E05013949","E43000290","0","516941","0207238","1","E18000006","E40000007","E92000001","E12000006","5","E14001507","E15000006","E24000005","E30000237","E16000150","E07000240","26UGFX","E00120188","26UGFX","E65000001","E01023665","E02004936","5","6D2","E00120188","E01023665","E02004936","E33024300","E38000079","E63011552","C1","5A2",51.751639,-0.307329,"E37000048","","E23000027",29291,"E56000035","E54000025","E00120188","E01023665","E02004936"
"AL1 5DH","AL1  5DH","AL1 5DH","198001","","E10000015","E58000664","E07000240","E05013949","E43000290","0","516999","0207171","1","E18000006","E40000007","E92000001","E12000006","5","E14001507","E15000006","E24000005","E30000237","E16000150","E07000240","26UGFX","E00120188","26UGFX","E65000001","E01023665","E02004936","5","6D2","E00120188","E01023665","E02004936","E33024300","E38000079","E63011552","C1","5A2",51.751025,-0.306511,"E37000048","","E23000027",29291,"E56000035","E54000025","E00120188","E01023665","E02004936"
"AL1 5DJ","AL1  5DJ","AL1 5DJ","198001","","E10000015","E58000664","E07000240","E05013949","E43000290","0","516897","0207165","1","E18000006","E40000007","E92000001","E12000006","5","E14001507","E15000006","E24000005","E30000237","E16000150","E07000240","26UGFX","E00120183","26UGFX","E65000001","E01023665","E02004936","5","6D1","E00120183","E01023665","E02004936","E33027454","E38000079","E63011552","C1","4A2",51.750997,-0.307966,"E37000048","","E23000027",29291,"E56000035","E54000025","E00120183","E01023665","E02004936"
"AL1 5DL","AL1  5DL","AL1 5DL","198001","","E10000015","E58000664","E07000240","E05013949","E43000290","0","516798","0207176","1","E18000006","E40000007","E92000001","E12000006","5","E14001507","E15000006","E24000005","E30000237","E16000150","E07000240","26UGFX","E00120183","26UGFX","E65000001","E01023665","E02004936","5","6D1","E00120183","E01023665","E02004936","E33027454","E38000079","E63011552","C1","4A2",51.751111,-0.309420,"E37000048","","E23000027",29291,"E56000035","E54000025","E00120183","E01023665","E02004936"
"AL1 5DN","AL1  5DN","AL1 5DN","198504","","E10000015","E58000664","E07000240","E05013949","E43000290","0","517010","0207203","1","E18000006","E40000007","E92000001","E12000006","5","E14001507","E15000006","E24000005","E30000237","E16000150","E07000240","26UGFX","E00120188","26UGFX","E65000001","E01023665","E02004936","5","6D2","E00120188","E01023665","E02004936","E33024300","E38000079","E63011552","C1","5A2",51.751315,-0.306317,"E37000048","","E23000027",29291,"E56000035","E54000025","E00120188","E01023665","E02004936"
"AL1 5DP","AL1  5DP","AL1 5DP","198307","200602","E10000015","E58000664","E07000240","E05013956","E43000290","1","517328","0206823","1","E18000006","E40000007","E92000001","E12000006","5","E14001507","E15000006","E24000005","E30000237","E16000150","E07000240","26UGFX","E00120196","26UGFX","E65000001","E01023667","E02004936","5","6D1","E00120196","E01023667","E02004936","E33027453","E38000079","E63011552","C1","5A2",51.747828,-0.301865,"E37000048","","E23000027",30628,"E56000035","E54000025","E00120196","E01023667","E02004936"
"AL1 5DQ","AL1  5DQ","AL1 5DQ","198001","","E10000015","E58000664","E07000240","E05013949","E43000290","0","516861","0207228","1","E18000006","E40000007","E92000001","E12000006","5","E14001507","E15000006","E24000005","E30000237","E16000150","E07000240","26UGFX","E00120183","26UGFX","E65000001","E01023665","E02004936","5","6D1","E00120183","E01023665","E02004936","E33027454","E38000079","E63011552","C1","4A2",51.751566,-0.308490,"E37000048","","E23000027",29291,"E56000035","E54000025","E00120183","E01023665","E02004936"
"AL1 5DR","AL1  5DR","AL1 5DR","199405","","E10000015","E58000664","E07000240","E05013949","E43000290","0","516901","0206953","1","E18000006","E40000007","E92000001","E12000006","5","E14001507","E15000006","E24000005","E30000237","E16000150","E07000240","26UGFX","E00120193","26UGFX","E65000001","E01023667","E02004936","5","6D1","E00120193","E01023667","E02004936","E33027453","E38000079","E63011552","C1","5A2",51.749086,-0.308003,"E37000048","","E23000027",30628,"E56000035","E54000025","E00120193","E01023667","E02004936"
"AL1 5DS","AL1  5DS","AL1 5DS","199405","199512","E10000015","E58000664","E07000240","E05013956","E43000290","1","517100","0207100","8","E18000006","E40000007","E92000001","E12000006","5","E14001507","E15000006","E24000005","E30000237","E16000150","E07000240","26UGFX","E00120188","26UGFX","E65000001","E01023665","E02004936","5","6D2","E00120188","E01023665","E02004936","E33024300","E38000079","E63011552","C1","5A2",51.750365,-0.305073,"E37000048","","E23000027",29291,"E56000035","E54000025","E00120188","E01023665","E02004936"
"AL1 5DT","AL1  5DT","AL1 5DT","199412","200408","E10000015","E58000664","E07000240","E05013956","E43000290","1","517328","0206823","1","E18000006","E40000007","E92000001","E12000006","5","E14001507","E15000006","E24000005","E30000237","E16000150","E07000240","26UGFX","E00120196","26UGFX","E65000001","E01023667","E02004936","5","6D1","E00120196","E01023667","E02004936","E33027453","E38000079","E63011552","C1","5A2",51.747828,-0.301865,"E37000048","","E23000027",30628,"E56000035","E54000025","E00120196","E01023667","E02004936"
"AL1 5DU","AL1  5DU","AL1 5DU","199412","199806","E10000015","E58000664","E07000240","E05013951","E43000290","1","516549","0206669","6","E18000006","E40000007","E92000001","E12000006","5","E14001507","E15000006","E24000005","E30000237","E16000150","E07000240","26UGGB","E00120263","26UGGB","E65000001","E01023681","E02004939","5","7A2","E00120263","E01023681","E02004939","E33027466","E38000079","E63011552","C1","4B1",51.746607,-0.313195,"E37000048","","E23000027",13880,"E56000035","E54000025","E00120263","E01023681","E02004939"
"AL1 5DW","AL1  5DW","AL1 5DW","200106","","E10000015","E58000663","E07000240","E05013964","E43000290","0","515831","0207031","1","E18000006","E40000007","E92000001","E12000006","5","E14001507","E15000006","E24000005","E30000237","E16000150","E07000240","26UGGM","E00120490","26UGGM","E65000001","E01023729","E02004935","5","4D1","E00120490","E01023729","E02004935","E33027450","E38000079","E63011552","C1","5A2",51.750009,-0.323470,"E37000048","","E23000027",27026,"E56000035","E54000025","E00120490","E01035566","E02004935"
"AL1 5DX","AL1  5DX","AL1 5DX","198001","","E10000015","E58000663","E07000240","E05013949","E43000290","0","515909","0207094","1","E18000006","E40000007","E92000001","E12000006","5","E14001507","E15000006","E24000005","E30000237","E16000150","E07000240","26UGFZ","E00120236","26UGFZ","E65000001","E01023676","E02004934","5","2B2","E00120236","E01023676","E02004934","E33027441","E38000079","E63011552","C1","4C3",51.750559,-0.322320,"E37000048","","E23000027",28829,"E56000035","E54000025","E00120236","E01023676","E02004934"
"AL1 5DY","AL1  5DY","AL1 5DY","198001","","E10000015","E58000663","E07000240","E05013964","E43000290","0","515884","0207082","1","E18000006","E40000007","E92000001","E12000006","5","E14001507","E15000006","E24000005","E30000237","E16000150","E07000240","26UGGM","E00120490","26UGGM","E65000001","E01023729","E02004935","5","4D1","E00120490","E01023729","E02004935","E33027450","E38000079","E63011552","C1","5A2",51.750456,-0.322686,"E37000048","","E23000027",27026,"E56000035","E54000025","E00120490","E01035566","E02004935"
"AL1 5DZ","AL1  5DZ","AL1 5DZ","198001","","E10000015","E58000663","E07000240","E05013949","E43000290","0","515907","0207144","1","E18000006","E40000007","E92000001","E12000006","5","E14001507","E15000006","E24000005","E30000237","E16000150","E07000240","26UGFZ","E00120236","26UGFZ","E65000001","E01023676","E02004934","5","2B2","E00120236","E01023676","E02004934","E33027441","E38000079","E63011552","C1","4C3",51.751014,-0.322308,"E37000048","","E23000027",28829,"E56000035","E54000025","E00120236","E01023676","E02004934"
"AL1 5EA","AL1  5EA","AL1 5EA","199501","","E10000015","E58000664","E07000240","E05013949","E43000290","0","516313","0206894","1","E18000006","E40000007","E92000001","E12000006","5","E14001507","E15000006","E24000005","E30000237","E16000150","E07000240","26UGFX","E00120191","26UGFX","E65000001","E01023666","E02004934","5","7A3","E00120191","E01023666","E02004934","E33027442","E38000079","E63011552","C1","4C3",51.748678,-0.316537,"E37000048","","E23000027",22583,"E56000035","E54000025","E00189393","E01023666","E02004934"
"AL1 5EB","AL1  5EB","AL1 5EB","198001","","E10000015","E58000663","E07000240","E05013949","E43000290","0","515944","0207130","1","E18000006","E40000007","E92000001","E12000006","5","E14001507","E15000006","E24000005","E30000237","E16000150","E07000240","26UGFZ","E00120234","26UGFZ","E65000001","E01023674","E02004934","5","6D1","E00120234","E01023674","E02004934","E33027441","E38000079","E63011552","C1","5A3",51.750875,-0.321801,"E37000048","","E23000027",28912,"E56000035","E54000025","E00120234","E01023674","E02004934"
"AL1 5ED","AL1  5ED","AL1 5ED","199101","","E10000015","E58000664","E07000240","E05013951","E43000290","0","516106","0206883","1","E18000006","E40000007","E92000001","E12000006","5","E14001507","E15000006","E24000005","E30000237","E16000150","E07000240","26UGFX","E00120198","26UGFX","E65000001","E01023666","E02004934","5","7A3","E00120198","E01023666","E02004934","E33027442","E38000079","E63011552","C1","4B1",51.748627,-0.319514,"E37000048","","E23000027",22583,"E56000035","E54000025","E00120198","E01023666","E02004934"
"AL1 5EE","AL1  5EE","AL1 5EE","198001","","E10000015","E58000663","E07000240","E05013949","E43000290","0","515973","0207150","1","E18000006","E40000007","E92000001","E12000006","5","E14001507","E15000006","E24000005","E30000237","E16000150","E07000240","26UGFZ","E00120234","26UGFZ","E65000001","E01023674","E02004934","5","6D1","E00120234","E01023674","E02004934","E33027441","E38000079","E63011552","C1","5A3",51.751049,-0.321374,"E37000048","","E23000027",28912,"E56000035","E54000025","E00120234","E01023674","E02004934"
"AL1 5EF","AL1  5EF","AL1 5EF","198001","","E10000015","E58000663","E07000240","E05013949","E43000290","0","515998","0207150","1","E18000006","E40000007","E92000001","E12000006","5","E14001507","E15000006","E24000005","E30000237","E16000150","E07000240","26UGFZ","E00120234","26UGFZ","E65000001","E01023674","E02004934","5","6D1","E00120234","E01023674","E02004934","E33027441","E38000079","E63011552","C1","5A3",51.751044,-0.321012,"E37000048","","E23000027",28912,"E56000035","E54000025","E00120234","E01023674","E02004934"
"AL1 5EG","AL1  5EG","AL1 5EG","198001","","E10000015","E58000663","E07000240","E05013949","E43000290","0","515981","0207054","1","E18000006","E40000007","E92000001","E12000006","5","E14001507","E15000006","E24000005","E30000237","E16000150","E07000240","26UGFZ","E00120234","26UGFZ","E65000001","E01023674","E02004934","5","6D1","E00120234","E01023674","E02004934","E33027441","E38000079","E63011552","C1","5A3",51.750185,-0.321290,"E37000048","","E23000027",28912,"E56000035","E54000025","E00120234","E01023674","E02004934"
"AL1 5EH","AL1  5EH","AL1 5EH","198001","","E10000015","E58000663","E07000240","E05013964","E43000290","0","515933","0207001","1","E18000006","E40000007","E92000001","E12000006","5","E14001507","E15000006","E24000005","E30000237","E16000150","E07000240","26UGGM","E00120490","26UGGM","E65000001","E01023729","E02004935","5","4D1","E00120490","E01023729","E02004935","E33027450","E38000079","E63011552","C1","5A2",51.749724,-0.321980,"E37000048","","E23000027",27026,"E56000035","E54000025","E00120490","E01035566","E02004935"
"AL1 5EJ","AL1  5EJ","AL1 5EJ","198001","","E10000015","E58000663","E07000240","E05013964","E43000290","0","515879","0206953","1","E18000006","E40000007","E92000001","E12000006","5","E14001507","E15000006","E24000005","E30000237","E16000150","E07000240","26UGGM","E00120490","26UGGM","E65000001","E01023729","E02004935","5","4D1","E00120490","E01023729","E02004935","E33027450","E38000079","E63011552","C1","5A2",51.749298,-0.322801,"E37000048","","E23000027",27026,"E56000035","E54000025","E00120490","E01035566","E02004935"
"AL1 5EL","AL1  5EL","AL1 5EL","198001","","E10000015","E58000663","E07000240","E05013964","E43000290","0","515848","0206968","1","E18000006","E40000007","E92000001","E12000006","5","E14001507","E15000006","E24000005","E30000237","E16000150","E07000240","26UGGM","E00120490","26UGGM","E65000001","E01023729","E02004935","5","4D1","E00120490","E01023729","E02004935","E33027450","E38000079","E63011552","C1","5A2",51.749439,-0.323245,"E37000048","","E23000027",27026,"E56000035","E54000025","E00120490","E01035566","E02004935"
"AL1 5EN","AL1  5EN","AL1 5EN","198001","","E10000015","E58000663","E07000240","E05013964","E43000290","0","515784","0206970","1","E18000006","E40000007","E92000001","E12000006","5","E14001507","E15000006","E24000005","E30000237","E16000150","E07000240","26UGGM","E00120490","26UGGM","E65000001","E01023729","E02004935","5","4D1","E00120490","E01023729","E02004935","E33027450","E38000079","E63011552","C1","5A2",51.749476,-0.324147,"E37000048","","E23000027",27026,"E56000035","E54000025","E00120490","E01035566","E02004935"
"AL1 5EP","AL1  5EP","AL1 5EP","198001","","E10000015","E58000663","E07000240","E05013964","E43000290","0","515698","0206955","1","E18000006","E40000007","E92000001","E12000006","5","E14001507","E15000006","E24000005","E30000237","E16000150","E07000240","26UGGM","E00120487","26UGGM","E65000001","E01023729","E02004935","5","7A3","E00120487","E01023729","E02004935","E33027450","E38000079","E63011552","C1","3D1",51.749359,-0.325398,"E37000048","","E23000027",27026,"E56000035","E54000025","E00189396","E01035566","E02004935"
"AL1 5EQ","AL1  5EQ","AL1 5EQ","200402","","E10000015","E58000663","E07000240","E05013964","E43000290","0","515812","0206903","1","E18000006","E40000007","E92000001","E12000006","5","E14001507","E15000006","E24000005","E30000237","E16000150","E07000240","26UGGM","E00120490","26UGGM","E65000001","E01023729","E02004935","5","4D1","E00120490","E01023729","E02004935","E33027450","E38000079","E63011552","C1","5A2",51.748862,-0.323788,"E37000048","","E23000027",27026,"E56000035","E54000025","E00120490","E01035566","E02004935"
"AL1 5ER","AL1  5ER","AL1 5ER","200801","201202","E10000015","E58000664","E07000240","E05013956","E43000290","1","517328","0206823","1","E18000006","E40000007","E92000001","E12000006","5","E14001507","E15000006","E24000005","E30000237","E16000150","E07000240","26UGFX","E00120196","26UGFX","E65000001","E01023667","E02004936","5","6D1","E00120196","E01023667","E02004936","E33027453","E38000079","E63011552","C1","5A2",51.747828,-0.301865,"E37000048","","E23000027",30628,"E56000035","E54000025","E00120196","E01023667","E02004936"
"AL1 5ES","AL1  5ES","AL1 5ES","198001","","E10000015","E58000663","E07000240","E05013964","E43000290","0","515766","0206816","1","E18000006","E40000007","E92000001","E12000006","5","E14001507","E15000006","E24000005","E30000237","E16000150","E07000240","26UGGM","E00120487","26UGGM","E65000001","E01023729","E02004935","5","7A3","E00120487","E01023729","E02004935","E33027450","E38000079","E63011552","C1","3D1",51.748090,-0.324483,"E37000048","","E23000027",27026,"E56000035","E54000025","E00189436","E01035566","E02004935"
"AL1 5ET","AL1  5ET","AL1 5ET","198001","","E10000015","E58000663","E07000240","E05013964","E43000290","0","515818","0206861","1","E18000006","E40000007","E92000001","E12000006","5","E14001507","E15000006","E24000005","E30000237","E16000150","E07000240","26UGGM","E00120487","26UGGM","E65000001","E01023729","E02004935","5","7A3","E00120487","E01023729","E02004935","E33027450","E38000079","E63011552","C1","3D1",51.748484,-0.323715,"E37000048","","E23000027",27026,"E56000035","E54000025","E00189396","E01035566","E02004935"
"AL1 5EU","AL1  5EU","AL1 5EU","198001","","E10000015","E58000663","E07000240","E05013964","E43000290","0","515867","0206864","1","E18000006","E40000007","E92000001","E12000006","5","E14001507","E15000006","E24000005","E30000237","E16000150","E07000240","26UGGM","E00120490","26UGGM","E65000001","E01023729","E02004935","5","4D1","E00120490","E01023729","E02004935","E33027450","E38000079","E63011552","C1","5A2",51.748501,-0.323004,"E37000048","","E23000027",27026,"E56000035","E54000025","E00120490","E01035566","E02004935"
"AL1 5EW","AL1  5EW","AL1 5EW","198001","","E10000015","E58000663","E07000240","E05013964","E43000290","0","515720","0206947","1","E18000006","E40000007","E92000001","E12000006","5","E14001507","E15000006","E24000005","E30000237","E16000150","E07000240","26UGGM","E00120490","26UGGM","E65000001","E01023729","E02004935","5","4D1","E00120490","E01023729","E02004935","E33027450","E38000079","E63011552","C1","5A2",51.749277,-0.325105,"E37000048","","E23000027",27026,"E56000035","E54000025","E00120490","E01035566","E02004935"
"AL1 5EX","AL1  5EX","AL1 5EX","198001","","E10000015","E58000663","E07000240","E05013964","E43000290","0","515925","0206913","1","E18000006","E40000007","E92000001","E12000006","5","E14001507","E15000006","E24000005","E30000237","E16000150","E07000240","26UGGM","E00120490","26UGGM","E65000001","E01023729","E02004935","5","4D1","E00120490","E01023729","E02004935","E33027450","E38000079","E63011552","C1","5A2",51.748929,-0.322148,"E37000048","","E23000027",27026,"E56000035","E54000025","E00120490","E01035566","E02004935"
"AL1 5EY","AL1  5EY","AL1 5EY","198001","","E10000015","E58000664","E07000240","E05013951","E43000290","0","516047","0206835","1","E18000006","E40000007","E92000001","E12000006","5","E14001507","E15000006","E24000005","E30000237","E16000150","E07000240","26UGFX","E00120195","26UGFX","E65000001","E01023666","E02004934","5","7A2","E00120195","E01023666","E02004934","E33027442","E38000079","E63011552","C1","4B1",51.748203,-0.320408,"E37000048","","E23000027",22583,"E56000035","E54000025","E00120195","E01023666","E02004934"
"AL1 5EZ","AL1  5EZ","AL1 5EZ","198001","","E10000015","E58000664","E07000240","E05013951","E43000290","0","516120","0206816","1","E18000006","E40000007","E92000001","E12000006","5","E14001507","E15000006","E24000005","E30000237","E16000150","E07000240","26UGFX","E00120198","26UGFX","E65000001","E01023666","E02004934","5","7A3","E00120198","E01023666","E02004934","E33027442","E38000079","E63011552","C1","4B1",51.748022,-0.319334,"E37000048","","E23000027",22583,"E56000035","E54000025","E00120198","E01023666","E02004934"
"AL1 5FA","AL1  5FA","AL1 5FA","201108","201206","E10000015","E58000664","E07000240","E05013956","E43000290","1","517328","0206823","1","E18000006","E40000007","E92000001","E12000006","5","E14001507","E15000006","E24000005","E30000237","E16000150","E07000240","26UGFX","E00120196","26UGFX","E65000001","E01023667","E02004936","5","6D1","E00120196","E01023667","E02004936","E33027453","E38000079","E63011552","C1","5A2",51.747828,-0.301865,"E37000048","","E23000027",30628,"E56000035","E54000025","E00120196","E01023667","E02004936"
"AL1 5FB","AL1  5FB","AL1 5FB","199912","201311","E10000015","E58000664","E07000240","E05013956","E43000290","1","517328","0206823","1","E18000006","E40000007","E92000001","E12000006","5","E14001507","E15000006","E24000005","E30000237","E16000150","E07000240","26UGFX","E00120196","26UGFX","E65000001","E01023667","E02004936","5","6D1","E00120196","E01023667","E02004936","E33027453","E38000079","E63011552","C1","5A2",51.747828,-0.301865,"E37000048","","E23000027",30628,"E56000035","E54000025","E00120196","E01023667","E02004936"
"AL1 5FE","AL1  5FE","AL1 5FE","200112","","E10000015","E58000664","E07000240","E05013956","E43000290","1","517321","0206803","1","E18000006","E40000007","E92000001","E12000006","5","E14001507","E15000006","E24000005","E30000237","E16000150","E07000240","26UGFX","E00120196","26UGFX","E65000001","E01023667","E02004936","5","6D1","E00120196","E01023667","E02004936","E33027453","E38000079","E63011552","C1","5A2",51.747650,-0.301973,"E37000048","","E23000027",30628,"E56000035","E54000025","E00120196","E01023667","E02004936"
"AL1 5FF","AL1  5FF","AL1 5FF","200112","200207","E10000015","E58000664","E07000240","E05013956","E43000290","1","517328","0206823","1","E18000006","E40000007","E92000001","E12000006","5","E14001507","E15000006","E24000005","E30000237","E16000150","E07000240","26UGFX","E00120196","26UGFX","E65000001","E01023667","E02004936","5","6D1","E00120196","E01023667","E02004936","E33027453","E38000079","E63011552","C1","5A2",51.747828,-0.301865,"E37000048","","E23000027",30628,"E56000035","E54000025","E00120196","E01023667","E02004936"
"AL1 5FG","AL1  5FG","AL1 5FG","200206","","E10000015","E58000664","E07000240","E05013949","E43000290","0","516852","0207111","1","E18000006","E40000007","E92000001","E12000006","5","E14001507","E15000006","E24000005","E30000237","E16000150","E07000240","26UGFX","E00120183","26UGFX","E65000001","E01023665","E02004936","5","6D1","E00120183","E01023665","E02004936","E33027454","E38000079","E63011552","C1","4A2",51.750522,-0.308636,"E37000048","","E23000027",29291,"E56000035","E54000025","E00120183","E01023665","E02004936"
"AL1 5FH","AL1  5FH","AL1 5FH","200509","","E10000015","E58000664","E07000240","E05013949","E43000290","0","516377","0206913","1","E18000006","E40000007","E92000001","E12000006","5","E14001507","E15000006","E24000005","E30000237","E16000150","E07000240","26UGFX","E00120192","26UGFX","E65000001","E01023666","E02004934","5","2A1","E00120192","E01023666","E02004934","E33027442","E38000079","E63011552","C1","2D1",51.748835,-0.315604,"E37000048","","E23000027",22583,"E56000035","E54000025","E00120192","E01023666","E02004934"
"AL1 5FJ","AL1  5FJ","AL1 5FJ","200609","","E10000015","E58000664","E07000240","E05013949","E43000290","0","516826","0207225","1","E18000006","E40000007","E92000001","E12000006","5","E14001507","E15000006","E24000005","E30000237","E16000150","E07000240","26UGFX","E00120183","26UGFX","E65000001","E01023665","E02004936","5","6D1","E00120183","E01023665","E02004936","E33027454","E38000079","E63011552","C1","4A2",51.751546,-0.308998,"E37000048","","E23000027",29291,"E56000035","E54000025","E00120183","E01023665","E02004936"
"AL1 5FL","AL1  5FL","AL1 5FL","200711","","E10000015","E58000664","E07000240","E05013949","E43000290","0","516242","0206973","1","E18000006","E40000007","E92000001","E12000006","5","E14001507","E15000006","E24000005","E30000237","E16000150","E07000240","26UGFX","E00120191","26UGFX","E65000001","E01023666","E02004934","5","7A3","E00120191","E01023666","E02004934","E33027442","E38000079","E63011552","C1","4C3",51.749403,-0.317538,"E37000048","","E23000027",22583,"E56000035","E54000025","E00189393","E01023666","E02004934"
"AL1 5FN","AL1  5FN","AL1 5FN","200804","","E10000015","E58000664","E07000240","E05013951","E43000290","0","516983","0206519","1","E18000006","E40000007","E92000001","E12000006","5","E14001507","E15000006","E24000005","E30000237","E16000150","E07000240","26UGGB","E00120265","26UGGB","E65000001","E01023681","E02004939","5","7A2","E00120265","E01023681","E02004939","E33027466","E38000079","E63011552","C1","4A1",51.745168,-0.306962,"E37000048","","E23000027",13880,"E56000035","E54000025","E00120265","E01023681","E02004939"
"AL1 5FP","AL1  5FP","AL1 5FP","200810","","E10000015","E58000664","E07000240","E05013956","E43000290","0","517083","0207287","1","E18000006","E40000007","E92000001","E12000006","5","E14001507","E15000006","E24000005","E30000237","E16000150","E07000240","26UGFX","E00120186","26UGFX","E65000001","E01023665","E02004936","5","6D1","E00120186","E01023665","E02004936","E33027454","E38000079","E63011552","C1","5A2",51.752050,-0.305256,"E37000048","","E23000027",29291,"E56000035","E54000025","E00120186","E01023665","E02004936"
"AL1 5FQ","AL1  5FQ","AL1 5FQ","201112","","E10000015","E58000664","E07000240","E05013951","E43000290","0","516106","0206781","1","E18000006","E40000007","E92000001","E12000006","5","E14001507","E15000006","E24000005","E30000237","E16000150","E07000240","26UGFX","E00120198","26UGFX","E65000001","E01023666","E02004934","5","7A3","E00120198","E01023666","E02004934","E33027442","E38000079","E63011552","C1","4B1",51.747711,-0.319548,"E37000048","","E23000027",22583,"E56000035","E54000025","E00120198","E01023666","E02004934"
"AL1 5FR","AL1  5FR","AL1 5FR","200903","","E10000015","E58000664","E07000240","E05013956","E43000290","0","517240","0207202","1","E18000006","E40000007","E92000001","E12000006","5","E14001507","E15000006","E24000005","E30000237","E16000150","E07000240","26UGFX","E00120186","26UGFX","E65000001","E01023665","E02004936","5","6D1","E00120186","E01023665","E02004936","E33027454","E38000079","E63011552","C1","5A2",51.751253,-0.303011,"E37000048","","E23000027",29291,"E56000035","E54000025","E00120186","E01023665","E02004936"
"AL1 5FT","AL1  5FT","AL1 5FT","201207","","E10000015","E58000664","E07000240","E05013951","E43000290","0","516337","0206746","1","E18000006","E40000007","E92000001","E12000006","5","E14001507","E15000006","E24000005","E30000237","E16000150","E07000240","26UGFX","E00120192","26UGFX","E65000001","E01023666","E02004934","5","2A1","E00120192","E01023666","E02004934","E33027442","E38000079","E63011552","C1","2D1",51.747348,-0.316215,"E37000048","","E23000027",22583,"E56000035","E54000025","E00120192","E01023666","E02004934"
"AL1 5FU","AL1  5FU","AL1 5FU","201804","","E10000015","E58000664","E07000240","E05013949","E43000290","0","516273","0206957","1","E18000006","E40000007","E92000001","E12000006","5","E14001507","E15000006","E24000005","E30000237","E16000150","E07000240","26UGFX","E00120191","26UGFX","E65000001","E01023666","E02004934","5","7A3","E00120191","E01023666","E02004934","E33027442","E38000079","E63011552","C1","4C3",51.749258,-0.317071,"E37000048","","E23000027",22583,"E56000035","E54000025","E00189393","E01023666","E02004934"
"AL1 5FW","AL1  5FW","AL1 5FW","201102","","E10000015","E58000664","E07000240","E05013949","E43000290","0","517011","0206639","1","E18000006","E40000007","E92000001","E12000006","5","E14001507","E15000006","E24000005","E30000237","E16000150","E07000240","26UGFX","E00120196","26UGFX","E65000001","E01023667","E02004936","5","6D1","E00120196","E01023667","E02004936","E33027453","E38000079","E63011552","C1","5A2",51.746246,-0.306493,"E37000048","","E23000027",30628,"E56000035","E54000025","E00120196","E01023667","E02004936"
"AL1 5FX","AL1  5FX","AL1 5FX","201108","","E10000015","E58000664","E07000240","E05013949","E43000290","0","517067","0206615","1","E18000006","E40000007","E92000001","E12000006","5","E14001507","E15000006","E24000005","E30000237","E16000150","E07000240","26UGFX","E00120196","26UGFX","E65000001","E01023667","E02004936","5","6D1","E00120196","E01023667","E02004936","E33027453","E38000079","E63011552","C1","5A2",51.746019,-0.305690,"E37000048","","E23000027",30628,"E56000035","E54000025","E00120196","E01023667","E02004936"
"AL1 5FY","AL1  5FY","AL1 5FY","201107","","E10000015","E58000664","E07000240","E05013951","E43000290","0","516360","0206789","1","E18000006","E40000007","E92000001","E12000006","5","E14001507","E15000006","E24000005","E30000237","E16000150","E07000240","26UGFX","E00120192","26UGFX","E65000001","E01023666","E02004934","5","2A1","E00120192","E01023666","E02004934","E33027442","E38000079","E63011552","C1","2D1",51.747730,-0.315868,"E37000048","","E23000027",22583,"E56000035","E54000025","E00120192","E01023666","E02004934"
"AL1 5FZ","AL1  5FZ","AL1 5FZ","201305","","E10000015","E58000664","E07000240","E05013949","E43000290","0","516830","0207081","1","E18000006","E40000007","E92000001","E12000006","5","E14001507","E15000006","E24000005","E30000237","E16000150","E07000240","26UGFX","E00120188","26UGFX","E65000001","E01023665","E02004936","5","6D2","E00120188","E01023665","E02004936","E33024300","E38000079","E63011552","C1","5A2",51.750251,-0.308988,"E37000048","","E23000027",29291,"E56000035","E54000025","E00120188","E01023665","E02004936"
"AL1 5GA","AL1  5GA","AL1 5GA","200301","","E10000015","E58000664","E07000240","E05013949","E43000290","0","516956","0206945","1","E18000006","E40000007","E92000001","E12000006","5","E14001507","E15000006","E24000005","E30000237","E16000150","E07000240","26UGFX","E00120193","26UGFX","E65000001","E01023667","E02004936","5","6D1","E00120193","E01023667","E02004936","E33027453","E38000079","E63011552","C1","5A2",51.749002,-0.307210,"E37000048","","E23000027",30628,"E56000035","E54000025","E00120193","E01023667","E02004936"
"AL1 5GB","AL1  5GB","AL1 5GB","200906","201608","E10000015","E58000664","E07000240","E05013949","E43000290","1","516271","0206960","1","E18000006","E40000007","E92000001","E12000006","5","E14001507","E15000006","E24000005","E30000237","E16000150","E07000240","26UGFX","E00120191","26UGFX","E65000001","E01023666","E02004934","5","7A3","E00120191","E01023666","E02004934","E33027442","E38000079","E63011552","C1","4C3",51.749280,-0.317123,"E37000048","","E23000027",22583,"E56000035","E54000025","E00189393","E01023666","E02004934"
"AL1 5GD","AL1  5GD","AL1 5GD","199606","201701","E10000015","E58000664","E07000240","E05013956","E43000290","1","517138","0206995","1","E18000006","E40000007","E92000001","E12000006","5","E14001507","E15000006","E24000005","E30000237","E16000150","E07000240","26UGFX","E00120188","26UGFX","E65000001","E01023665","E02004936","5","6D2","E00120188","E01023665","E02004936","E33024300","E38000079","E63011552","C1","5A2",51.749414,-0.304558,"E37000048","","E23000027",29291,"E56000035","E54000025","E00120188","E01023665","E02004936"
"AL1 5GE","AL1  5GE","AL1 5GE","201411","","E10000015","E58000663","E07000240","E05013964","E43000290","0","515845","0207139","1","E18000006","E40000007","E92000001","E12000006","5","E14001507","E15000006","E24000005","E30000237","E16000150","E07000240","26UGGM","E00120486","26UGGM","E65000001","E01023729","E02004935","5","2B2","E00120486","E01023729","E02004935","E33027450","E38000079","E63011552","C1","2D1",51.750977,-0.323231,"E37000048","","E23000027",27026,"E56000035","E54000025","E00120486","E01035566","E02004935"
"AL1 5GF","AL1  5GF","AL1 5GF","201805","","E10000015","E58000664","E07000240","E05013949","E43000290","0","516729","0207091","1","E18000006","E40000007","E92000001","E12000006","5","E14001507","E15000006","E24000005","E30000237","E16000150","E07000240","26UGFX","E00120188","26UGFX","E65000001","E01023665","E02004936","5","6D2","E00120188","E01023665","E02004936","E33024300","E38000079","E63011552","C1","5A2",51.750367,-0.310424,"E37000048","","E23000027",29291,"E56000035","E54000025","E00120188","E01023665","E02004936"
"AL1 5GG","AL1  5GG","AL1 5GG","201812","","E10000015","E58000664","E07000240","E05013949","E43000290","0","516785","0207077","1","E18000006","E40000007","E92000001","E12000006","5","E14001507","E15000006","E24000005","E30000237","E16000150","E07000240","26UGFX","E00120188","26UGFX","E65000001","E01023665","E02004936","5","6D2","E00120188","E01023665","E02004936","E33024300","E38000079","E63011552","C1","5A2",51.750230,-0.309618,"E37000048","","E23000027",29291,"E56000035","E54000025","E00120188","E01023665","E02004936"
"AL1 5GH","AL1  5GH","AL1 5GH","202409","","E10000015","E58000664","E07000240","E05013949","E43000290","0","516368","0206978","1","E18000006","E40000007","E92000001","E12000006","5","E14001507","E15000006","E24000005","E30000237","E16000150","E07000240","26UGFX","E00120191","26UGFX","E65000001","E01023666","E02004934","5","7A3","E00120191","E01023666","E02004934","E33027442","E38000079","E63011552","C1","4C3",51.749427,-0.315689,"E37000048","","E23000027",22583,"E56000035","E54000025","E00189393","E01023666","E02004934"
"AL1 5GN","AL1  5GN","AL1 5GN","202409","","E10000015","E58000664","E07000240","E05013949","E43000290","0","516322","0207016","1","E18000006","E40000007","E92000001","E12000006","5","E14001507","E15000006","E24000005","E30000237","E16000150","E07000240","26UGFX","E00120191","26UGFX","E65000001","E01023666","E02004934","5","7A3","E00120191","E01023666","E02004934","E33027442","E38000079","E63011552","C1","4C3",51.749778,-0.316342,"E37000048","","E23000027",22583,"E56000035","E54000025","E00189393","E01023666","E02004934"
"AL1 5GP","AL1  5GP","AL1 5GP","202403","","E10000015","E58000664","E07000240","E05013949","E43000290","0","516329","0206984","1","E18000006","E40000007","E92000001","E12000006","5","E14001507","E15000006","E24000005","E30000237","E16000150","E07000240","26UGFX","E00120191","26UGFX","E65000001","E01023666","E02004934","5","7A3","E00120191","E01023666","E02004934","E33027442","E38000079","E63011552","C1","4C3",51.749489,-0.316251,"E37000048","","E23000027",22583,"E56000035","E54000025","E00189393","E01023666","E02004934"
"AL1 5GW","AL1  5GW","AL1 5GW","200608","","E10000015","E58000664","E07000240","E05013949","E43000290","0","516703","0206919","1","E18000006","E40000007","E92000001","E12000006","5","E14001507","E15000006","E24000005","E30000237","E16000150","E07000240","26UGFX","E00120194","26UGFX","E65000001","E01023667","E02004936","5","6D1","E00120194","E01023667","E02004936","E33027453","E38000079","E63011552","C1","4C3",51.748822,-0.310882,"E37000048","","E23000027",30628,"E56000035","E54000025","E00120194","E01023667","E02004936"
"AL1 5GX","AL1  5GX","AL1 5GX","200608","","E10000015","E58000664","E07000240","E05013949","E43000290","0","516706","0206904","1","E18000006","E40000007","E92000001","E12000006","5","E14001507","E15000006","E24000005","E30000237","E16000150","E07000240","26UGFX","E00120194","26UGFX","E65000001","E01023667","E02004936","5","6D1","E00120194","E01023667","E02004936","E33027453","E38000079","E63011552","C1","4C3",51.748686,-0.310843,"E37000048","","E23000027",30628,"E56000035","E54000025","E00120194","E01023667","E02004936"
"AL1 5GY","AL1  5GY","AL1 5GY","199712","","E10000015","E58000664","E07000240","E05013949","E43000290","0","516863","0206996","1","E18000006","E40000007","E92000001","E12000006","5","E14001507","E15000006","E24000005","E30000237","E16000150","E07000240","26UGFX","E00120193","26UGFX","E65000001","E01023667","E02004936","5","6D1","E00120193","E01023667","E02004936","E33027453","E38000079","E63011552","C1","5A2",51.749480,-0.308539,"E37000048","","E23000027",30628,"E56000035","E54000025","E00120193","E01023667","E02004936"
"AL1 5GZ","AL1  5GZ","AL1 5GZ","199712","","E10000015","E58000664","E07000240","E05013949","E43000290","0","516859","0206955","1","E18000006","E40000007","E92000001","E12000006","5","E14001507","E15000006","E24000005","E30000237","E16000150","E07000240","26UGFX","E00120193","26UGFX","E65000001","E01023667","E02004936","5","6D1","E00120193","E01023667","E02004936","E33027453","E38000079","E63011552","C1","5A2",51.749113,-0.308611,"E37000048","","E23000027",30628,"E56000035","E54000025","E00120193","E01023667","E02004936"
"AL1 5HA","AL1  5HA","AL1 5HA","198001","","E10000015","E58000664","E07000240","E05013951","E43000290","0","515907","0206729","1","E18000006","E40000007","E92000001","E12000006","5","E14001507","E15000006","E24000005","E30000237","E16000150","E07000240","26UGFX","E00120195","26UGFX","E65000001","E01023666","E02004934","5","7A2","E00120195","E01023666","E02004934","E33027442","E38000079","E63011552","C1","4B1",51.747279,-0.322470,"E37000048","","E23000027",22583,"E56000035","E54000025","E00120195","E01023666","E02004934"
"AL1 5HB","AL1  5HB","AL1 5HB","198001","","E10000015","E58000664","E07000240","E05013951","E43000290","0","515968","0206735","1","E18000006","E40000007","E92000001","E12000006","5","E14001507","E15000006","E24000005","E30000237","E16000150","E07000240","26UGFX","E00120198","26UGFX","E65000001","E01023666","E02004934","5","7A3","E00120198","E01023666","E02004934","E33027442","E38000079","E63011552","C1","4B1",51.747320,-0.321585,"E37000048","","E23000027",22583,"E56000035","E54000025","E00120198","E01023666","E02004934"
"AL1 5HD","AL1  5HD","AL1 5HD","198001","","E10000015","E58000663","E07000240","E05013964","E43000290","0","515615","0207033","1","E18000006","E40000007","E92000001","E12000006","5","E14001507","E15000006","E24000005","E30000237","E16000150","E07000240","26UGGM","E00120487","26UGGM","E65000001","E01023729","E02004935","5","7A3","E00120487","E01023729","E02004935","E33027450","E38000079","E63011552","C1","3D1",51.750071,-0.326597,"E37000048","","E23000027",27026,"E56000035","E54000025","E00189396","E01035566","E02004935"
"AL1 5HE","AL1  5HE","AL1 5HE","198001","","E10000015","E58000663","E07000240","E05013964","E43000290","0","515598","0207270","1","E18000006","E40000007","E92000001","E12000006","5","E14001507","E15000006","E24000005","E30000237","E16000150","E07000240","26UGGM","E00120484","26UGGM","E65000001","E01023727","E02004935","5","2B1","E00120484","E01023727","E02004935","E33024340","E38000079","E63011552","C1","2C1",51.752211,-0.326741,"E37000048","","E23000027",15120,"E56000035","E54000025","E00120484","E01023727","E02004935"
"AL1 5HF","AL1  5HF","AL1 5HF","198109","201202","E10000015","E58000664","E07000240","E05013951","E43000290","0","516114","0206784","1","E18000006","E40000007","E92000001","E12000006","5","E14001507","E15000006","E24000005","E30000237","E16000150","E07000240","26UGFX","E00120198","26UGFX","E65000001","E01023666","E02004934","5","7A3","E00120198","E01023666","E02004934","E33027442","E38000079","E63011552","C1","4B1",51.747731,-0.319455,"E37000048","","E23000027",22583,"E56000035","E54000025","E00120198","E01023666","E02004934"
"AL1 5HG","AL1  5HG","AL1 5HG","198109","","E10000015","E58000664","E07000240","E05013951","E43000290","0","516024","0206859","1","E18000006","E40000007","E92000001","E12000006","5","E14001507","E15000006","E24000005","E30000237","E16000150","E07000240","26UGFX","E00120195","26UGFX","E65000001","E01023666","E02004934","5","7A2","E00120195","E01023666","E02004934","E33027442","E38000079","E63011552","C1","4B1",51.748423,-0.320733,"E37000048","","E23000027",22583,"E56000035","E54000025","E00120195","E01023666","E02004934"
"AL1 5HH","AL1  5HH","AL1 5HH","198001","201802","E10000015","E58000664","E07000240","E05013949","E43000290","0","516723","0207080","1","E18000006","E40000007","E92000001","E12000006","5","E14001507","E15000006","E24000005","E30000237","E16000150","E07000240","26UGFX","E00120188","26UGFX","E65000001","E01023665","E02004936","5","6D2","E00120188","E01023665","E02004936","E33024300","E38000079","E63011552","C1","5A2",51.750264,-0.310538,"E37000048","","E23000027",29291,"E56000035","E54000025","E00120188","E01023665","E02004936"
"AL1 5HJ","AL1  5HJ","AL1 5HJ","199507","200704","E10000015","E58000664","E07000240","E05013949","E43000290","1","516322","0207014","1","E18000006","E40000007","E92000001","E12000006","5","E14001507","E15000006","E24000005","E30000237","E16000150","E07000240","26UGFX","E00120191","26UGFX","E65000001","E01023666","E02004934","5","7A3","E00120191","E01023666","E02004934","E33027442","E38000079","E63011552","C1","4C3",51.749754,-0.316366,"E37000048","","E23000027",22583,"E56000035","E54000025","E00189393","E01023666","E02004934"
"AL1 5HL","AL1  5HL","AL1 5HL","198001","","E10000015","E58000664","E07000240","E05013949","E43000290","0","516401","0206858","1","E18000006","E40000007","E92000001","E12000006","5","E14001507","E15000006","E24000005","E30000237","E16000150","E07000240","26UGFX","E00120192","26UGFX","E65000001","E01023666","E02004934","5","2A1","E00120192","E01023666","E02004934","E33027442","E38000079","E63011552","C1","2D1",51.748336,-0.315275,"E37000048","","E23000027",22583,"E56000035","E54000025","E00120192","E01023666","E02004934"
"AL1 5HN","AL1  5HN","AL1 5HN","199712","","E10000015","E58000664","E07000240","E05013949","E43000290","0","516283","0207044","1","E18000006","E40000007","E92000001","E12000006","5","E14001507","E15000006","E24000005","E30000237","E16000150","E07000240","26UGFX","E00120191","26UGFX","E65000001","E01023666","E02004934","5","7A3","E00120191","E01023666","E02004934","E33027442","E38000079","E63011552","C1","4C3",51.750038,-0.316897,"E37000048","","E23000027",22583,"E56000035","E54000025","E00189393","E01023666","E02004934"
"AL1 5HP","AL1  5HP","AL1 5HP","198001","199405","E10000015","E58000664","E07000240","E05013951","E43000290","1","516400","0206800","8","E18000006","E40000007","E92000001","E12000006","5","E14001507","E15000006","E24000005","E30000237","E16000150","E07000240","26UGFX","E00120192","26UGFX","E65000001","E01023666","E02004934","5","2A1","E00120192","E01023666","E02004934","E33027442","E38000079","E63011552","C1","2D1",51.747815,-0.315309,"E37000048","","E23000027",22583,"E56000035","E54000025","E00120192","E01023666","E02004934"
"AL1 5HQ","AL1  5HQ","AL1 5HQ","198109","","E10000015","E58000664","E07000240","E05013951","E43000290","0","515826","0206651","1","E18000006","E40000007","E92000001","E12000006","5","E14001507","E15000006","E24000005","E30000237","E16000150","E07000240","26UGFX","E00120195","26UGFX","E65000001","E01023666","E02004934","5","7A2","E00120195","E01023666","E02004934","E33027442","E38000079","E63011552","C1","4B1",51.746600,-0.323645,"E37000048","","E23000027",22583,"E56000035","E54000025","E00120195","E01023666","E02004934"
"AL1 5HR","AL1  5HR","AL1 5HR","198001","201810","E10000015","E58000664","E07000240","E05013949","E43000290","0","516514","0206873","1","E18000006","E40000007","E92000001","E12000006","5","E14001507","E15000006","E24000005","E30000237","E16000150","E07000240","26UGFX","E00120191","26UGFX","E65000001","E01023666","E02004934","5","7A3","E00120191","E01023666","E02004934","E33027442","E38000079","E63011552","C1","4C3",51.748453,-0.313610,"E37000048","","E23000027",22583,"E56000035","E54000025","E00189434","E01023666","E02004934"
"AL1 5HS","AL1  5HS","AL1 5HS","198001","","E10000015","E58000664","E07000240","E05013949","E43000290","0","516515","0206923","1","E18000006","E40000007","E92000001","E12000006","5","E14001507","E15000006","E24000005","E30000237","E16000150","E07000240","26UGFX","E00120191","26UGFX","E65000001","E01023666","E02004934","5","7A3","E00120191","E01023666","E02004934","E33027442","E38000079","E63011552","C1","4C3",51.748902,-0.313579,"E37000048","","E23000027",22583,"E56000035","E54000025","E00189434","E01023666","E02004934"
"AL1 5HT","AL1  5HT","AL1 5HT","198001","","E10000015","E58000664","E07000240","E05013949","E43000290","0","516402","0207003","1","E18000006","E40000007","E92000001","E12000006","5","E14001507","E15000006","E24000005","E30000237","E16000150","E07000240","26UGFX","E00120191","26UGFX","E65000001","E01023666","E02004934","5","7A3","E00120191","E01023666","E02004934","E33027442","E38000079","E63011552","C1","4C3",51.749639,-0.315212,"E37000048","","E23000027",22583,"E56000035","E54000025","E00189434","E01023666","E02004934"
"AL1 5HU","AL1  5HU","AL1 5HU","198504","","E10000015","E58000664","E07000240","E05013951","E43000290","0","516154","0206914","1","E18000006","E40000007","E92000001","E12000006","5","E14001507","E15000006","E24000005","E30000237","E16000150","E07000240","26UGFX","E00120198","26UGFX","E65000001","E01023666","E02004934","5","7A3","E00120198","E01023666","E02004934","E33027442","E38000079","E63011552","C1","4B1",51.748891,-0.318832,"E37000048","","E23000027",22583,"E56000035","E54000025","E00120198","E01023666","E02004934"
"AL1 5HW","AL1  5HW","AL1 5HW","198001","","E10000015","E58000664","E07000240","E05013951","E43000290","0","516407","0206825","1","E18000006","E40000007","E92000001","E12000006","5","E14001507","E15000006","E24000005","E30000237","E16000150","E07000240","26UGFX","E00120192","26UGFX","E65000001","E01023666","E02004934","5","2A1","E00120192","E01023666","E02004934","E33027442","E38000079","E63011552","C1","2D1",51.748038,-0.315199,"E37000048","","E23000027",22583,"E56000035","E54000025","E00120192","E01023666","E02004934"
"AL1 5HX","AL1  5HX","AL1 5HX","198001","200702","E10000015","E58000664","E07000240","E05013949","E43000290","1","516246","0206977","1","E18000006","E40000007","E92000001","E12000006","5","E14001507","E15000006","E24000005","E30000237","E16000150","E07000240","26UGFX","E00120191","26UGFX","E65000001","E01023666","E02004934","5","7A3","E00120191","E01023666","E02004934","E33027442","E38000079","E63011552","C1","4C3",51.749438,-0.317479,"E37000048","","E23000027",22583,"E56000035","E54000025","E00189393","E01023666","E02004934"
"AL1 5HY","AL1  5HY","AL1 5HY","198001","200702","E10000015","E58000664","E07000240","E05013949","E43000290","1","516158","0206974","1","E18000006","E40000007","E92000001","E12000006","5","E14001507","E15000006","E24000005","E30000237","E16000150","E07000240","26UGFX","E00120191","26UGFX","E65000001","E01023666","E02004934","5","7A3","E00120191","E01023666","E02004934","E33027442","E38000079","E63011552","C1","4C3",51.749429,-0.318754,"E37000048","","E23000027",22583,"E56000035","E54000025","E00189393","E01023666","E02004934"
"AL1 5HZ","AL1  5HZ","AL1 5HZ","198001","","E10000015","E58000664","E07000240","E05013949","E43000290","0","516444","0207080","1","E18000006","E40000007","E92000001","E12000006","5","E14001507","E15000006","E24000005","E30000237","E16000150","E07000240","26UGFX","E00120191","26UGFX","E65000001","E01023666","E02004934","5","7A3","E00120191","E01023666","E02004934","E33027442","E38000079","E63011552","C1","4C3",51.750322,-0.314578,"E37000048","","E23000027",22583,"E56000035","E54000025","E00189393","E01023666","E02004934"
"AL1 5JA","AL1  5JA","AL1 5JA","198001","","E10000015","E58000664","E07000240","E05013949","E43000290","0","516582","0207085","1","E18000006","E40000007","E92000001","E12000006","5","E14001507","E15000006","E24000005","E30000237","E16000150","E07000240","26UGFX","E00120191","26UGFX","E65000001","E01023666","E02004934","5","7A3","E00120191","E01023666","E02004934","E33027442","E38000079","E63011552","C1","4C3",51.750339,-0.312578,"E37000048","","E23000027",22583,"E56000035","E54000025","E00189434","E01023666","E02004934"
"AL1 5JB","AL1  5JB","AL1 5JB","198001","","E10000015","E58000664","E07000240","E05013949","E43000290","0","516576","0207049","1","E18000006","E40000007","E92000001","E12000006","5","E14001507","E15000006","E24000005","E30000237","E16000150","E07000240","26UGFX","E00120191","26UGFX","E65000001","E01023666","E02004934","5","7A3","E00120191","E01023666","E02004934","E33027442","E38000079","E63011552","C1","4C3",51.750016,-0.312677,"E37000048","","E23000027",22583,"E56000035","E54000025","E00189434","E01023666","E02004934"
"AL1 5JD","AL1  5JD","AL1 5JD","198001","","E10000015","E58000664","E07000240","E05013949","E43000290","0","516583","0206977","1","E18000006","E40000007","E92000001","E12000006","5","E14001507","E15000006","E24000005","E30000237","E16000150","E07000240","26UGFX","E00120190","26UGFX","E65000001","E01023665","E02004936","5","7A3","E00120190","E01023665","E02004936","E33027453","E38000079","E63011552","C1","4C3",51.749368,-0.312600,"E37000048","","E23000027",29291,"E56000035","E54000025","E00120190","E01023665","E02004936"
"AL1 5JE","AL1  5JE","AL1 5JE","198001","","E10000015","E58000664","E07000240","E05013949","E43000290","0","516684","0207098","1","E18000006","E40000007","E92000001","E12000006","5","E14001507","E15000006","E24000005","E30000237","E16000150","E07000240","26UGFX","E00120190","26UGFX","E65000001","E01023665","E02004936","5","7A3","E00120190","E01023665","E02004936","E33027453","E38000079","E63011552","C1","4C3",51.750434,-0.311097,"E37000048","","E23000027",29291,"E56000035","E54000025","E00120190","E01023665","E02004936"
"AL1 5JF","AL1  5JF","AL1 5JF","198001","","E10000015","E58000664","E07000240","E05013949","E43000290","0","516594","0207114","1","E18000006","E40000007","E92000001","E12000006","5","E14001507","E15000006","E24000005","E30000237","E16000150","E07000240","26UGFX","E00120191","26UGFX","E65000001","E01023666","E02004934","5","7A3","E00120191","E01023666","E02004934","E33027442","E38000079","E63011552","C1","4C3",51.750597,-0.312395,"E37000048","","E23000027",22583,"E56000035","E54000025","E00189434","E01023666","E02004934"
"AL1 5JG","AL1  5JG","AL1 5JG","199208","199412","E10000015","E58000664","E07000240","E05013949","E43000290","1","516600","0207000","8","E18000006","E40000007","E92000001","E12000006","5","E14001507","E15000006","E24000005","E30000237","E16000150","E07000240","26UGFX","E00120190","26UGFX","E65000001","E01023665","E02004936","5","7A3","E00120190","E01023665","E02004936","E33027453","E38000079","E63011552","C1","4C3",51.749571,-0.312346,"E37000048","","E23000027",29291,"E56000035","E54000025","E00120190","E01023665","E02004936"
"AL1 5JH","AL1  5JH","AL1 5JH","198001","","E10000015","E58000664","E07000240","E05013949","E43000290","0","516753","0207005","1","E18000006","E40000007","E92000001","E12000006","5","E14001507","E15000006","E24000005","E30000237","E16000150","E07000240","26UGFX","E00120190","26UGFX","E65000001","E01023665","E02004936","5","7A3","E00120190","E01023665","E02004936","E33027453","E38000079","E63011552","C1","4C3",51.749584,-0.310129,"E37000048","","E23000027",29291,"E56000035","E54000025","E00120190","E01023665","E02004936"
"AL1 5JJ","AL1  5JJ","AL1 5JJ","198001","","E10000015","E58000664","E07000240","E05013949","E43000290","0","516667","0207008","1","E18000006","E40000007","E92000001","E12000006","5","E14001507","E15000006","E24000005","E30000237","E16000150","E07000240","26UGFX","E00120190","26UGFX","E65000001","E01023665","E02004936","5","7A3","E00120190","E01023665","E02004936","E33027453","E38000079","E63011552","C1","4C3",51.749629,-0.311373,"E37000048","","E23000027",29291,"E56000035","E54000025","E00120190","E01023665","E02004936"
"AL1 5JL","AL1  5JL","AL1 5JL","198001","","E10000015","E58000664","E07000240","E05013949","E43000290","0","516947","0207053","1","E18000006","E40000007","E92000001","E12000006","5","E14001507","E15000006","E24000005","E30000237","E16000150","E07000240","26UGFX","E00120188","26UGFX","E65000001","E01023665","E02004936","5","6D2","E00120188","E01023665","E02004936","E33024300","E38000079","E63011552","C1","5A2",51.749980,-0.307280,"E37000048","","E23000027",29291,"E56000035","E54000025","E00120188","E01023665","E02004936"
"AL1 5JN","AL1  5JN","AL1 5JN","200407","","E10000015","E58000664","E07000240","E05013949","E43000290","0","516291","0206933","1","E18000006","E40000007","E92000001","E12000006","5","E14001507","E15000006","E24000005","E30000237","E16000150","E07000240","26UGFX","E00120191","26UGFX","E65000001","E01023666","E02004934","5","7A3","E00120191","E01023666","E02004934","E33027442","E38000079","E63011552","C1","4C3",51.749033,-0.316842,"E37000048","","E23000027",22583,"E56000035","E54000025","E00189393","E01023666","E02004934"
"AL1 5JP","AL1  5JP","AL1 5JP","198001","","E10000015","E58000664","E07000240","E05013949","E43000290","0","516947","0207021","1","E18000006","E40000007","E92000001","E12000006","5","E14001507","E15000006","E24000005","E30000237","E16000150","E07000240","26UGFX","E00120193","26UGFX","E65000001","E01023667","E02004936","5","6D1","E00120193","E01023667","E02004936","E33027453","E38000079","E63011552","C1","5A2",51.749687,-0.307315,"E37000048","","E23000027",30628,"E56000035","E54000025","E00120193","E01023667","E02004936"
"AL1 5JQ","AL1  5JQ","AL1 5JQ","198001","","E10000015","E58000664","E07000240","E05013949","E43000290","0","516696","0206984","1","E18000006","E40000007","E92000001","E12000006","5","E14001507","E15000006","E24000005","E30000237","E16000150","E07000240","26UGFX","E00120190","26UGFX","E65000001","E01023665","E02004936","5","7A3","E00120190","E01023665","E02004936","E33027453","E38000079","E63011552","C1","4C3",51.749407,-0.310961,"E37000048","","E23000027",29291,"E56000035","E54000025","E00120190","E01023665","E02004936"
"AL1 5JR","AL1  5JR","AL1 5JR","198001","","E10000015","E58000664","E07000240","E05013949","E43000290","0","517061","0206969","1","E18000006","E40000007","E92000001","E12000006","5","E14001507","E15000006","E24000005","E30000237","E16000150","E07000240","26UGFX","E00120193","26UGFX","E65000001","E01023667","E02004936","5","6D1","E00120193","E01023667","E02004936","E33027453","E38000079","E63011552","C1","5A2",51.749202,-0.305658,"E37000048","","E23000027",30628,"E56000035","E54000025","E00120193","E01023667","E02004936"
"AL1 5JS","AL1  5JS","AL1 5JS","200409","","E10000015","E58000664","E07000240","E05013951","E43000290","0","516619","0206504","1","E18000006","E40000007","E92000001","E12000006","5","E14001507","E15000006","E24000005","E30000237","E16000150","E07000240","26UGGB","E00120269","26UGGB","E65000001","E01023682","E02004939","5","1C3","E00120269","E01023682","E02004939","E33027466","E38000079","E63011552","C1","4A1",51.745115,-0.312213,"E37000048","","E23000027",20975,"E56000035","E54000025","E00120269","E01023682","E02004939"
"AL1 5JT","AL1  5JT","AL1 5JT","198001","199412","E10000015","E58000664","E07000240","E05013949","E43000290","0","517100","0206900","8","E18000006","E40000007","E92000001","E12000006","5","E14001507","E15000006","E24000005","E30000237","E16000150","E07000240","26UGFX","E00120196","26UGFX","E65000001","E01023667","E02004936","5","6D1","E00120196","E01023667","E02004936","E33027453","E38000079","E63011552","C1","5A2",51.748568,-0.305140,"E37000048","","E23000027",30628,"E56000035","E54000025","E00120196","E01023667","E02004936"
"AL1 5JU","AL1  5JU","AL1 5JU","198001","200607","E10000015","E58000664","E07000240","E05013949","E43000290","1","517060","0206956","1","E18000006","E40000007","E92000001","E12000006","5","E14001507","E15000006","E24000005","E30000237","E16000150","E07000240","26UGFX","E00120193","26UGFX","E65000001","E01023667","E02004936","5","6D1","E00120193","E01023667","E02004936","E33027453","E38000079","E63011552","C1","5A2",51.749080,-0.305700,"E37000048","","E23000027",30628,"E56000035","E54000025","E00120193","E01023667","E02004936"
"AL1 5JW","AL1  5JW","AL1 5JW","198001","","E10000015","E58000664","E07000240","E05013949","E43000290","0","516764","0207044","1","E18000006","E40000007","E92000001","E12000006","5","E14001507","E15000006","E24000005","E30000237","E16000150","E07000240","26UGFX","E00120190","26UGFX","E65000001","E01023665","E02004936","5","7A3","E00120190","E01023665","E02004936","E33027453","E38000079","E63011552","C1","4C3",51.749932,-0.309957,"E37000048","","E23000027",29291,"E56000035","E54000025","E00120190","E01023665","E02004936"
"AL1 5JX","AL1  5JX","AL1 5JX","198001","","E10000015","E58000664","E07000240","E05013949","E43000290","0","516946","0206976","1","E18000006","E40000007","E92000001","E12000006","5","E14001507","E15000006","E24000005","E30000237","E16000150","E07000240","26UGFX","E00120193","26UGFX","E65000001","E01023667","E02004936","5","6D1","E00120193","E01023667","E02004936","E33027453","E38000079","E63011552","C1","5A2",51.749283,-0.307344,"E37000048","","E23000027",30628,"E56000035","E54000025","E00120193","E01023667","E02004936"
"AL1 5JY","AL1  5JY","AL1 5JY","198001","","E10000015","E58000664","E07000240","E05013949","E43000290","0","516875","0206966","1","E18000006","E40000007","E92000001","E12000006","5","E14001507","E15000006","E24000005","E30000237","E16000150","E07000240","26UGFX","E00120193","26UGFX","E65000001","E01023667","E02004936","5","6D1","E00120193","E01023667","E02004936","E33027453","E38000079","E63011552","C1","5A2",51.749208,-0.308375,"E37000048","","E23000027",30628,"E56000035","E54000025","E00120193","E01023667","E02004936"
"AL1 5JZ","AL1  5JZ","AL1 5JZ","198001","","E10000015","E58000664","E07000240","E05013949","E43000290","0","516826","0206992","1","E18000006","E40000007","E92000001","E12000006","5","E14001507","E15000006","E24000005","E30000237","E16000150","E07000240","26UGFX","E00120190","26UGFX","E65000001","E01023665","E02004936","5","7A3","E00120190","E01023665","E02004936","E33027453","E38000079","E63011552","C1","4C3",51.749452,-0.309076,"E37000048","","E23000027",29291,"E56000035","E54000025","E00120190","E01023665","E02004936"
"AL1 5LA","AL1  5LA","AL1 5LA","198001","","E10000015","E58000664","E07000240","E05013949","E43000290","0","516829","0207015","1","E18000006","E40000007","E92000001","E12000006","5","E14001507","E15000006","E24000005","E30000237","E16000150","E07000240","26UGFX","E00120190","26UGFX","E65000001","E01023665","E02004936","5","7A3","E00120190","E01023665","E02004936","E33027453","E38000079","E63011552","C1","4C3",51.749658,-0.309025,"E37000048","","E23000027",29291,"E56000035","E54000025","E00120190","E01023665","E02004936"
"AL1 5LB","AL1  5LB","AL1 5LB","198001","","E10000015","E58000664","E07000240","E05013949","E43000290","0","516798","0206996","1","E18000006","E40000007","E92000001","E12000006","5","E14001507","E15000006","E24000005","E30000237","E16000150","E07000240","26UGFX","E00120190","26UGFX","E65000001","E01023665","E02004936","5","7A3","E00120190","E01023665","E02004936","E33027453","E38000079","E63011552","C1","4C3",51.749494,-0.309480,"E37000048","","E23000027",29291,"E56000035","E54000025","E00120190","E01023665","E02004936"
"AL1 5LD","AL1  5LD","AL1 5LD","198001","","E10000015","E58000664","E07000240","E05013949","E43000290","0","516844","0206896","1","E18000006","E40000007","E92000001","E12000006","5","E14001507","E15000006","E24000005","E30000237","E16000150","E07000240","26UGFX","E00120193","26UGFX","E65000001","E01023667","E02004936","5","6D1","E00120193","E01023667","E02004936","E33027453","E38000079","E63011552","C1","5A2",51.748585,-0.308848,"E37000048","","E23000027",30628,"E56000035","E54000025","E00120193","E01023667","E02004936"
"AL1 5LE","AL1  5LE","AL1 5LE","198001","","E10000015","E58000664","E07000240","E05013949","E43000290","0","516925","0206883","1","E18000006","E40000007","E92000001","E12000006","5","E14001507","E15000006","E24000005","E30000237","E16000150","E07000240","26UGFX","E00120197","26UGFX","E65000001","E01023667","E02004936","5","6D1","E00120197","E01023667","E02004936","E33027453","E38000079","E63011552","C1","5A2",51.748452,-0.307679,"E37000048","","E23000027",30628,"E56000035","E54000025","E00120197","E01023667","E02004936"
"AL1 5LF","AL1  5LF","AL1 5LF","198001","","E10000015","E58000664","E07000240","E05013949","E43000290","0","516989","0206887","1","E18000006","E40000007","E92000001","E12000006","5","E14001507","E15000006","E24000005","E30000237","E16000150","E07000240","26UGFX","E00120193","26UGFX","E65000001","E01023667","E02004936","5","6D1","E00120193","E01023667","E02004936","E33027453","E38000079","E63011552","C1","5A2",51.748474,-0.306751,"E37000048","","E23000027",30628,"E56000035","E54000025","E00120193","E01023667","E02004936"
"AL1 5LG","AL1  5LG","AL1 5LG","198001","","E10000015","E58000664","E07000240","E05013949","E43000290","0","517068","0206863","1","E18000006","E40000007","E92000001","E12000006","5","E14001507","E15000006","E24000005","E30000237","E16000150","E07000240","26UGFX","E00120196","26UGFX","E65000001","E01023667","E02004936","5","6D1","E00120196","E01023667","E02004936","E33027453","E38000079","E63011552","C1","5A2",51.748242,-0.305616,"E37000048","","E23000027",30628,"E56000035","E54000025","E00120196","E01023667","E02004936"
"AL1 5LH","AL1  5LH","AL1 5LH","198001","","E10000015","E58000664","E07000240","E05013949","E43000290","0","516760","0206935","1","E18000006","E40000007","E92000001","E12000006","5","E14001507","E15000006","E24000005","E30000237","E16000150","E07000240","26UGFX","E00120190","26UGFX","E65000001","E01023665","E02004936","5","7A3","E00120190","E01023665","E02004936","E33027453","E38000079","E63011552","C1","4C3",51.748953,-0.310051,"E37000048","","E23000027",29291,"E56000035","E54000025","E00120190","E01023665","E02004936"
"AL1 5LJ","AL1  5LJ","AL1 5LJ","198001","","E10000015","E58000664","E07000240","E05013949","E43000290","0","516686","0206920","1","E18000006","E40000007","E92000001","E12000006","5","E14001507","E15000006","E24000005","E30000237","E16000150","E07000240","26UGFX","E00120194","26UGFX","E65000001","E01023667","E02004936","5","6D1","E00120194","E01023667","E02004936","E33027453","E38000079","E63011552","C1","4C3",51.748834,-0.311127,"E37000048","","E23000027",30628,"E56000035","E54000025","E00120194","E01023667","E02004936"
"AL1 5LL","AL1  5LL","AL1 5LL","198001","","E10000015","E58000664","E07000240","E05013949","E43000290","0","516630","0206893","1","E18000006","E40000007","E92000001","E12000006","5","E14001507","E15000006","E24000005","E30000237","E16000150","E07000240","26UGFX","E00120194","26UGFX","E65000001","E01023667","E02004936","5","6D1","E00120194","E01023667","E02004936","E33027453","E38000079","E63011552","C1","4C3",51.748603,-0.311947,"E37000048","","E23000027",30628,"E56000035","E54000025","E00120194","E01023667","E02004936"
"AL1 5LN","AL1  5LN","AL1 5LN","198001","","E10000015","E58000664","E07000240","E05013949","E43000290","0","516608","0206907","1","E18000006","E40000007","E92000001","E12000006","5","E14001507","E15000006","E24000005","E30000237","E16000150","E07000240","26UGFX","E00120191","26UGFX","E65000001","E01023666","E02004934","5","7A3","E00120191","E01023666","E02004934","E33027442","E38000079","E63011552","C1","4C3",51.748733,-0.312261,"E37000048","","E23000027",22583,"E56000035","E54000025","E00189434","E01023666","E02004934"
"AL1 5LP","AL1  5LP","AL1 5LP","199412","199501","E10000015","E58000664","E07000240","E05013951","E43000290","1","516200","0206900","8","E18000006","E40000007","E92000001","E12000006","5","E14001507","E15000006","E24000005","E30000237","E16000150","E07000240","26UGFX","E00120192","26UGFX","E65000001","E01023666","E02004934","5","2A1","E00120192","E01023666","E02004934","E33027442","E38000079","E63011552","C1","2D1",51.748755,-0.318171,"E37000048","","E23000027",22583,"E56000035","E54000025","E00120192","E01023666","E02004934"
"AL1 5LQ","AL1  5LQ","AL1 5LQ","198001","","E10000015","E58000664","E07000240","E05013949","E43000290","0","516757","0206910","1","E18000006","E40000007","E92000001","E12000006","5","E14001507","E15000006","E24000005","E30000237","E16000150","E07000240","26UGFX","E00120194","26UGFX","E65000001","E01023667","E02004936","5","6D1","E00120194","E01023667","E02004936","E33027453","E38000079","E63011552","C1","4C3",51.748735,-0.310079,"E37000048","","E23000027",30628,"E56000035","E54000025","E00120194","E01023667","E02004936"
"AL1 5LR","AL1  5LR","AL1 5LR","199208","199405","E10000015","E58000664","E07000240","E05013949","E43000290","1","516700","0207000","8","E18000006","E40000007","E92000001","E12000006","5","E14001507","E15000006","E24000005","E30000237","E16000150","E07000240","26UGFX","E00120190","26UGFX","E65000001","E01023665","E02004936","5","7A3","E00120190","E01023665","E02004936","E33027453","E38000079","E63011552","C1","4C3",51.749550,-0.310898,"E37000048","","E23000027",29291,"E56000035","E54000025","E00120190","E01023665","E02004936"
"AL1 5LS","AL1  5LS","AL1 5LS","198001","199412","E10000015","E58000664","E07000240","E05013949","E43000290","1","516700","0207000","8","E18000006","E40000007","E92000001","E12000006","5","E14001507","E15000006","E24000005","E30000237","E16000150","E07000240","26UGFX","E00120190","26UGFX","E65000001","E01023665","E02004936","5","7A3","E00120190","E01023665","E02004936","E33027453","E38000079","E63011552","C1","4C3",51.749550,-0.310898,"E37000048","","E23000027",29291,"E56000035","E54000025","E00120190","E01023665","E02004936"
"AL1 5LT","AL1  5LT","AL1 5LT","199512","200203","E10000015","E58000664","E07000240","E05013956","E43000290","1","517328","0206823","1","E18000006","E40000007","E92000001","E12000006","5","E14001507","E15000006","E24000005","E30000237","E16000150","E07000240","26UGFX","E00120196","26UGFX","E65000001","E01023667","E02004936","5","6D1","E00120196","E01023667","E02004936","E33027453","E38000079","E63011552","C1","5A2",51.747828,-0.301865,"E37000048","","E23000027",30628,"E56000035","E54000025","E00120196","E01023667","E02004936"
"AL1 5LU","AL1  5LU","AL1 5LU","198001","201804","E10000015","E58000664","E07000240","E05013949","E43000290","0","516769","0207102","1","E18000006","E40000007","E92000001","E12000006","5","E14001507","E15000006","E24000005","E30000237","E16000150","E07000240","26UGFX","E00120188","26UGFX","E65000001","E01023665","E02004936","5","6D2","E00120188","E01023665","E02004936","E33024300","E38000079","E63011552","C1","5A2",51.750452,-0.309865,"E37000048","","E23000027",29291,"E56000035","E54000025","E00120188","E01023665","E02004936"
"AL1 5LW","AL1  5LW","AL1 5LW","198001","200106","E10000015","E58000664","E07000240","E05013949","E43000290","0","516271","0206985","1","E18000006","E40000007","E92000001","E12000006","5","E14001507","E15000006","E24000005","E30000237","E16000150","E07000240","26UGFX","E00120191","26UGFX","E65000001","E01023666","E02004934","5","7A3","E00120191","E01023666","E02004934","E33027442","E38000079","E63011552","C1","4C3",51.749504,-0.317114,"E37000048","","E23000027",22583,"E56000035","E54000025","E00189393","E01023666","E02004934"
"AL1 5LX","AL1  5LX","AL1 5LX","198001","","E10000015","E58000664","E07000240","E05013951","E43000290","0","516465","0206735","1","E18000006","E40000007","E92000001","E12000006","5","E14001507","E15000006","E24000005","E30000237","E16000150","E07000240","26UGGB","E00120263","26UGGB","E65000001","E01023681","E02004939","5","7A2","E00120263","E01023681","E02004939","E33027466","E38000079","E63011552","C1","4B1",51.747223,-0.314366,"E37000048","","E23000027",13880,"E56000035","E54000025","E00120263","E01023681","E02004939"
"AL1 5LY","AL1  5LY","AL1 5LY","198001","","E10000015","E58000664","E07000240","E05013951","E43000290","0","516534","0206788","1","E18000006","E40000007","E92000001","E12000006","5","E14001507","E15000006","E24000005","E30000237","E16000150","E07000240","26UGGB","E00120263","26UGGB","E65000001","E01023681","E02004939","5","7A2","E00120263","E01023681","E02004939","E33027466","E38000079","E63011552","C1","4B1",51.747679,-0.313372,"E37000048","","E23000027",13880,"E56000035","E54000025","E00120263","E01023681","E02004939"
"AL1 5LZ","AL1  5LZ","AL1 5LZ","198001","","E10000015","E58000664","E07000240","E05013949","E43000290","0","516633","0206828","1","E18000006","E40000007","E92000001","E12000006","5","E14001507","E15000006","E24000005","E30000237","E16000150","E07000240","26UGFX","E00120194","26UGFX","E65000001","E01023667","E02004936","5","6D1","E00120194","E01023667","E02004936","E33027453","E38000079","E63011552","C1","4C3",51.748024,-0.311902,"E37000048","","E23000027",30628,"E56000035","E54000025","E00120194","E01023667","E02004936"
"AL1 5NA","AL1  5NA","AL1 5NA","198001","","E10000015","E58000664","E07000240","E05013949","E43000290","0","516721","0206835","1","E18000006","E40000007","E92000001","E12000006","5","E14001507","E15000006","E24000005","E30000237","E16000150","E07000240","26UGFX","E00120194","26UGFX","E65000001","E01023667","E02004936","5","6D1","E00120194","E01023667","E02004936","E33027453","E38000079","E63011552","C1","4C3",51.748063,-0.310649,"E37000048","","E23000027",30628,"E56000035","E54000025","E00120194","E01023667","E02004936"
"AL1 5NB","AL1  5NB","AL1 5NB","198001","","E10000015","E58000664","E07000240","E05013949","E43000290","0","516739","0206745","1","E18000006","E40000007","E92000001","E12000006","5","E14001507","E15000006","E24000005","E30000237","E16000150","E07000240","26UGFX","E00120194","26UGFX","E65000001","E01023667","E02004936","5","6D1","E00120194","E01023667","E02004936","E33027453","E38000079","E63011552","C1","4C3",51.747256,-0.310395,"E37000048","","E23000027",30628,"E56000035","E54000025","E00120194","E01023667","E02004936"
"AL1 5ND","AL1  5ND","AL1 5ND","198001","","E10000015","E58000664","E07000240","E05013949","E43000290","0","516801","0206818","1","E18000006","E40000007","E92000001","E12000006","5","E14001507","E15000006","E24000005","E30000237","E16000150","E07000240","26UGFX","E00120194","26UGFX","E65000001","E01023667","E02004936","5","6D1","E00120194","E01023667","E02004936","E33027453","E38000079","E63011552","C1","4C3",51.747893,-0.309497,"E37000048","","E23000027",30628,"E56000035","E54000025","E00120194","E01023667","E02004936"
"AL1 5NE","AL1  5NE","AL1 5NE","198001","","E10000015","E58000664","E07000240","E05013949","E43000290","0","516823","0206731","1","E18000006","E40000007","E92000001","E12000006","5","E14001507","E15000006","E24000005","E30000237","E16000150","E07000240","26UGFX","E00120197","26UGFX","E65000001","E01023667","E02004936","5","6D1","E00120197","E01023667","E02004936","E33027453","E38000079","E63011552","C1","5A2",51.747107,-0.309207,"E37000048","","E23000027",30628,"E56000035","E54000025","E00120197","E01023667","E02004936"
"AL1 5NF","AL1  5NF","AL1 5NF","198001","","E10000015","E58000664","E07000240","E05013949","E43000290","0","516857","0206802","1","E18000006","E40000007","E92000001","E12000006","5","E14001507","E15000006","E24000005","E30000237","E16000150","E07000240","26UGFX","E00120193","26UGFX","E65000001","E01023667","E02004936","5","6D1","E00120193","E01023667","E02004936","E33027453","E38000079","E63011552","C1","5A2",51.747738,-0.308691,"E37000048","","E23000027",30628,"E56000035","E54000025","E00120193","E01023667","E02004936"
"AL1 5NG","AL1  5NG","AL1 5NG","198001","","E10000015","E58000664","E07000240","E05013949","E43000290","0","516887","0206803","1","E18000006","E40000007","E92000001","E12000006","5","E14001507","E15000006","E24000005","E30000237","E16000150","E07000240","26UGFX","E00120197","26UGFX","E65000001","E01023667","E02004936","5","6D1","E00120197","E01023667","E02004936","E33027453","E38000079","E63011552","C1","5A2",51.747741,-0.308256,"E37000048","","E23000027",30628,"E56000035","E54000025","E00120197","E01023667","E02004936"
"AL1 5NH","AL1  5NH","AL1 5NH","198001","","E10000015","E58000664","E07000240","E05013949","E43000290","0","516911","0206664","1","E18000006","E40000007","E92000001","E12000006","5","E14001507","E15000006","E24000005","E30000237","E16000150","E07000240","26UGFX","E00120197","26UGFX","E65000001","E01023667","E02004936","5","6D1","E00120197","E01023667","E02004936","E33027453","E38000079","E63011552","C1","5A2",51.746486,-0.307956,"E37000048","","E23000027",30628,"E56000035","E54000025","E00120197","E01023667","E02004936"
"AL1 5NJ","AL1  5NJ","AL1 5NJ","198001","","E10000015","E58000664","E07000240","E05013949","E43000290","0","516930","0206771","1","E18000006","E40000007","E92000001","E12000006","5","E14001507","E15000006","E24000005","E30000237","E16000150","E07000240","26UGFX","E00120197","26UGFX","E65000001","E01023667","E02004936","5","6D1","E00120197","E01023667","E02004936","E33027453","E38000079","E63011552","C1","5A2",51.747444,-0.307645,"E37000048","","E23000027",30628,"E56000035","E54000025","E00120197","E01023667","E02004936"
"AL1 5NL","AL1  5NL","AL1 5NL","198001","","E10000015","E58000664","E07000240","E05013949","E43000290","0","516950","0206747","1","E18000006","E40000007","E92000001","E12000006","5","E14001507","E15000006","E24000005","E30000237","E16000150","E07000240","26UGFX","E00120197","26UGFX","E65000001","E01023667","E02004936","5","6D1","E00120197","E01023667","E02004936","E33027453","E38000079","E63011552","C1","5A2",51.747224,-0.307363,"E37000048","","E23000027",30628,"E56000035","E54000025","E00120197","E01023667","E02004936"
"AL1 5NN","AL1  5NN","AL1 5NN","198001","","E10000015","E58000664","E07000240","E05013949","E43000290","0","516959","0206621","1","E18000006","E40000007","E92000001","E12000006","5","E14001507","E15000006","E24000005","E30000237","E16000150","E07000240","26UGFX","E00120196","26UGFX","E65000001","E01023667","E02004936","5","6D1","E00120196","E01023667","E02004936","E33027453","E38000079","E63011552","C1","5A2",51.746090,-0.307275,"E37000048","","E23000027",30628,"E56000035","E54000025","E00120196","E01023667","E02004936"
"AL1 5NP","AL1  5NP","AL1 5NP","198001","","E10000015","E58000664","E07000240","E05013949","E43000290","0","517017","0206727","1","E18000006","E40000007","E92000001","E12000006","5","E14001507","E15000006","E24000005","E30000237","E16000150","E07000240","26UGFX","E00120196","26UGFX","E65000001","E01023667","E02004936","5","6D1","E00120196","E01023667","E02004936","E33027453","E38000079","E63011552","C1","5A2",51.747031,-0.306400,"E37000048","","E23000027",30628,"E56000035","E54000025","E00120196","E01023667","E02004936"
"AL1 5NQ","AL1  5NQ","AL1 5NQ","198001","","E10000015","E58000664","E07000240","E05013949","E43000290","0","516884","0206683","1","E18000006","E40000007","E92000001","E12000006","5","E14001507","E15000006","E24000005","E30000237","E16000150","E07000240","26UGFX","E00120197","26UGFX","E65000001","E01023667","E02004936","5","6D1","E00120197","E01023667","E02004936","E33027453","E38000079","E63011552","C1","5A2",51.746663,-0.308340,"E37000048","","E23000027",30628,"E56000035","E54000025","E00120197","E01023667","E02004936"
"AL1 5NR","AL1  5NR","AL1 5NR","198001","","E10000015","E58000664","E07000240","E05013949","E43000290","0","517094","0206633","1","E18000006","E40000007","E92000001","E12000006","5","E14001507","E15000006","E24000005","E30000237","E16000150","E07000240","26UGFX","E00120196","26UGFX","E65000001","E01023667","E02004936","5","6D1","E00120196","E01023667","E02004936","E33027453","E38000079","E63011552","C1","5A2",51.746170,-0.305317,"E37000048","","E23000027",30628,"E56000035","E54000025","E00120196","E01023667","E02004936"
"AL1 5NS","AL1  5NS","AL1 5NS","198001","","E10000015","E58000664","E07000240","E05013949","E43000290","0","517047","0206709","1","E18000006","E40000007","E92000001","E12000006","5","E14001507","E15000006","E24000005","E30000237","E16000150","E07000240","26UGFX","E00120196","26UGFX","E65000001","E01023667","E02004936","5","6D1","E00120196","E01023667","E02004936","E33027453","E38000079","E63011552","C1","5A2",51.746863,-0.305972,"E37000048","","E23000027",30628,"E56000035","E54000025","E00120196","E01023667","E02004936"
"AL1 5NT","AL1  5NT","AL1 5NT","198001","","E10000015","E58000664","E07000240","E05013956","E43000290","0","517111","0206722","1","E18000006","E40000007","E92000001","E12000006","5","E14001507","E15000006","E24000005","E30000237","E16000150","E07000240","26UGFX","E00120196","26UGFX","E65000001","E01023667","E02004936","5","6D1","E00120196","E01023667","E02004936","E33027453","E38000079","E63011552","C1","5A2",51.746966,-0.305041,"E37000048","","E23000027",30628,"E56000035","E54000025","E00120196","E01023667","E02004936"
"AL1 5NU","AL1  5NU","AL1 5NU","199412","","E10000015","E58000664","E07000240","E05013956","E43000290","1","517321","0206803","1","E18000006","E40000007","E92000001","E12000006","5","E14001507","E15000006","E24000005","E30000237","E16000150","E07000240","26UGFX","E00120196","26UGFX","E65000001","E01023667","E02004936","5","6D1","E00120196","E01023667","E02004936","E33027453","E38000079","E63011552","C1","5A2",51.747650,-0.301973,"E37000048","","E23000027",30628,"E56000035","E54000025","E00120196","E01023667","E02004936"
"AL1 5NW","AL1  5NW","AL1 5NW","198001","","E10000015","E58000664","E07000240","E05013949","E43000290","0","516993","0206736","1","E18000006","E40000007","E92000001","E12000006","5","E14001507","E15000006","E24000005","E30000237","E16000150","E07000240","26UGFX","E00120197","26UGFX","E65000001","E01023667","E02004936","5","6D1","E00120197","E01023667","E02004936","E33027453","E38000079","E63011552","C1","5A2",51.747116,-0.306744,"E37000048","","E23000027",30628,"E56000035","E54000025","E00120197","E01023667","E02004936"
"AL1 5NX","AL1  5NX","AL1 5NX","198504","","E10000015","E58000664","E07000240","E05013949","E43000290","0","516778","0206825","1","E18000006","E40000007","E92000001","E12000006","5","E14001507","E15000006","E24000005","E30000237","E16000150","E07000240","26UGFX","E00120194","26UGFX","E65000001","E01023667","E02004936","5","6D1","E00120194","E01023667","E02004936","E33027453","E38000079","E63011552","C1","4C3",51.747961,-0.309827,"E37000048","","E23000027",30628,"E56000035","E54000025","E00120194","E01023667","E02004936"
"AL1 5NY","AL1  5NY","AL1 5NY","198001","","E10000015","E58000649","E07000240","E05013956","E43000290","0","517195","0206638","1","E18000006","E40000007","E92000001","E12000006","5","E14001507","E15000006","E24000005","E30000237","E16000150","E07000240","26UGGA","E00120259","26UGGA","E65000001","E01023678","E02004938","5","4A2","E00120259","E01023678","E02004938","E33027463","E38000079","E63011552","C1","4C1",51.746194,-0.303853,"E37000048","","E23000027",25970,"E56000035","E54000025","E00120259","E01023678","E02007090"
"AL1 5NZ","AL1  5NZ","AL1 5NZ","198001","","E10000015","E58000649","E07000240","E05013956","E43000290","0","517262","0206615","1","E18000006","E40000007","E92000001","E12000006","5","E14001507","E15000006","E24000005","E30000237","E16000150","E07000240","26UGGA","E00120259","26UGGA","E65000001","E01023678","E02004938","5","4A2","E00120259","E01023678","E02004938","E33027463","E38000079","E63011552","C1","4C1",51.745973,-0.302890,"E37000048","","E23000027",25970,"E56000035","E54000025","E00120259","E01023678","E02007090"
"AL1 5PA","AL1  5PA","AL1 5PA","198001","","E10000015","E58000649","E07000240","E05013956","E43000290","0","517252","0206570","1","E18000006","E40000007","E92000001","E12000006","5","E14001507","E15000006","E24000005","E30000237","E16000150","E07000240","26UGGA","E00120259","26UGGA","E65000001","E01023678","E02004938","5","4A2","E00120259","E01023678","E02004938","E33027463","E38000079","E63011552","C1","4C1",51.745570,-0.303050,"E37000048","","E23000027",25970,"E56000035","E54000025","E00120259","E01023678","E02007090"
"AL1 5PB","AL1  5PB","AL1 5PB","198001","","E10000015","E58000649","E07000240","E05013956","E43000290","0","517092","0206566","1","E18000006","E40000007","E92000001","E12000006","5","E14001507","E15000006","E24000005","E30000237","E16000150","E07000240","26UGGA","E00120259","26UGGA","E65000001","E01023678","E02004938","5","4A2","E00120259","E01023678","E02004938","E33027463","E38000079","E63011552","C1","4C1",51.745568,-0.305368,"E37000048","","E23000027",25970,"E56000035","E54000025","E00120259","E01023678","E02007090"
"AL1 5PD","AL1  5PD","AL1 5PD","198001","","E10000015","E58000664","E07000240","E05013951","E43000290","0","517024","0206547","1","E18000006","E40000007","E92000001","E12000006","5","E14001507","E15000006","E24000005","E30000237","E16000150","E07000240","26UGGB","E00120262","26UGGB","E65000001","E01023681","E02004939","5","6B2","E00120262","E01023681","E02004939","E33027466","E38000079","E63011552","C1","4A1",51.745411,-0.306359,"E37000048","","E23000027",13880,"E56000035","E54000025","E00120262","E01023681","E02004939"
"AL1 5PE","AL1  5PE","AL1 5PE","198001","","E10000015","E58000664","E07000240","E05013951","E43000290","0","516909","0206611","1","E18000006","E40000007","E92000001","E12000006","5","E14001507","E15000006","E24000005","E30000237","E16000150","E07000240","26UGGB","E00120262","26UGGB","E65000001","E01023681","E02004939","5","6B2","E00120262","E01023681","E02004939","E33027466","E38000079","E63011552","C1","4A1",51.746011,-0.308002,"E37000048","","E23000027",13880,"E56000035","E54000025","E00120262","E01023681","E02004939"
"AL1 5PF","AL1  5PF","AL1 5PF","198001","","E10000015","E58000664","E07000240","E05013951","E43000290","0","516849","0206635","1","E18000006","E40000007","E92000001","E12000006","5","E14001507","E15000006","E24000005","E30000237","E16000150","E07000240","26UGGB","E00120262","26UGGB","E65000001","E01023681","E02004939","5","6B2","E00120262","E01023681","E02004939","E33027466","E38000079","E63011552","C1","4A1",51.746239,-0.308863,"E37000048","","E23000027",13880,"E56000035","E54000025","E00120262","E01023681","E02004939"
"AL1 5PG","AL1  5PG","AL1 5PG","198001","","E10000015","E58000664","E07000240","E05013951","E43000290","0","516740","0206713","1","E18000006","E40000007","E92000001","E12000006","5","E14001507","E15000006","E24000005","E30000237","E16000150","E07000240","26UGGB","E00120262","26UGGB","E65000001","E01023681","E02004939","5","6B2","E00120262","E01023681","E02004939","E33027466","E38000079","E63011552","C1","4A1",51.746962,-0.310415,"E37000048","","E23000027",13880,"E56000035","E54000025","E00120262","E01023681","E02004939"
"AL1 5PH","AL1  5PH","AL1 5PH","198001","","E10000015","E58000664","E07000240","E05013951","E43000290","0","516516","0206833","1","E18000006","E40000007","E92000001","E12000006","5","E14001507","E15000006","E24000005","E30000237","E16000150","E07000240","26UGGB","E00120263","26UGGB","E65000001","E01023681","E02004939","5","7A2","E00120263","E01023681","E02004939","E33027466","E38000079","E63011552","C1","4B1",51.748088,-0.313618,"E37000048","","E23000027",13880,"E56000035","E54000025","E00120263","E01023681","E02004939"
"AL1 5PJ","AL1  5PJ","AL1 5PJ","199101","","E10000015","E58000664","E07000240","E05013949","E43000290","0","516804","0206831","1","E18000006","E40000007","E92000001","E12000006","5","E14001507","E15000006","E24000005","E30000237","E16000150","E07000240","26UGFX","E00120194","26UGFX","E65000001","E01023667","E02004936","5","6D1","E00120194","E01023667","E02004936","E33027453","E38000079","E63011552","C1","4C3",51.748010,-0.309449,"E37000048","","E23000027",30628,"E56000035","E54000025","E00120194","E01023667","E02004936"
"AL1 5PL","AL1  5PL","AL1 5PL","198001","199405","E10000015","E58000649","E07000240","E05013956","E43000290","1","517200","0206700","8","E18000006","E40000007","E92000001","E12000006","5","E14001507","E15000006","E24000005","E30000237","E16000150","E07000240","26UGGA","E00120259","26UGGA","E65000001","E01023678","E02004938","5","4A2","E00120259","E01023678","E02004938","E33027463","E38000079","E63011552","C1","4C1",51.746750,-0.303759,"E37000048","","E23000027",25970,"E56000035","E54000025","E00120259","E01023678","E02007090"
"AL1 5PN","AL1  5PN","AL1 5PN","200106","","E10000015","E58000649","E07000240","E05013956","E43000290","0","517105","0206526","1","E18000006","E40000007","E92000001","E12000006","5","E14001507","E15000006","E24000005","E30000237","E16000150","E07000240","26UGGA","E00120259","26UGGA","E65000001","E01023678","E02004938","5","4A2","E00120259","E01023678","E02004938","E33027463","E38000079","E63011552","C1","4C1",51.745206,-0.305193,"E37000048","","E23000027",25970,"E56000035","E54000025","E00120259","E01023678","E02007090"
"AL1 5PP","AL1  5PP","AL1 5PP","198704","200409","E10000015","E58000664","E07000240","E05013949","E43000290","1","517065","0206910","1","E18000006","E40000007","E92000001","E12000006","5","E14001507","E15000006","E24000005","E30000237","E16000150","E07000240","26UGFX","E00120196","26UGFX","E65000001","E01023667","E02004936","5","6D1","E00120196","E01023667","E02004936","E33027453","E38000079","E63011552","C1","5A2",51.748665,-0.305643,"E37000048","","E23000027",30628,"E56000035","E54000025","E00120196","E01023667","E02004936"
"AL1 5PQ","AL1  5PQ","AL1 5PQ","198001","","E10000015","E58000664","E07000240","E05013951","E43000290","0","516633","0206785","1","E18000006","E40000007","E92000001","E12000006","5","E14001507","E15000006","E24000005","E30000237","E16000150","E07000240","26UGGB","E00120262","26UGGB","E65000001","E01023681","E02004939","5","6B2","E00120262","E01023681","E02004939","E33027466","E38000079","E63011552","C1","4A1",51.747632,-0.311940,"E37000048","","E23000027",13880,"E56000035","E54000025","E00120262","E01023681","E02004939"
"AL1 5PR","AL1  5PR","AL1 5PR","198001","199912","E10000015","E58000649","E07000240","E05013956","E43000290","1","517194","0206737","1","E18000006","E40000007","E92000001","E12000006","5","E14001507","E15000006","E24000005","E30000237","E16000150","E07000240","26UGGA","E00120259","26UGGA","E65000001","E01023678","E02004938","5","4A2","E00120259","E01023678","E02004938","E33027463","E38000079","E63011552","C1","4C1",51.747083,-0.303834,"E37000048","","E23000027",25970,"E56000035","E54000025","E00120259","E01023678","E02007090"
"AL1 5PS","AL1  5PS","AL1 5PS","198001","","E10000015","E58000664","E07000240","E05013951","E43000290","0","516423","0206754","1","E18000006","E40000007","E92000001","E12000006","5","E14001507","E15000006","E24000005","E30000237","E16000150","E07000240","26UGGB","E00120261","26UGGB","E65000001","E01023682","E02004939","5","4D1","E00120261","E01023682","E02004939","E33027467","E38000079","E63011552","C1","4C1",51.747397,-0.314991,"E37000048","","E23000027",20975,"E56000035","E54000025","E00120261","E01023682","E02004939"
"AL1 5PT","AL1  5PT","AL1 5PT","198001","","E10000015","E58000664","E07000240","E05013951","E43000290","0","516421","0206657","1","E18000006","E40000007","E92000001","E12000006","5","E14001507","E15000006","E24000005","E30000237","E16000150","E07000240","26UGGB","E00120261","26UGGB","E65000001","E01023682","E02004939","5","4D1","E00120261","E01023682","E02004939","E33027467","E38000079","E63011552","C1","4C1",51.746525,-0.315052,"E37000048","","E23000027",20975,"E56000035","E54000025","E00120261","E01023682","E02004939"
"AL1 5PU","AL1  5PU","AL1 5PU","198001","","E10000015","E58000664","E07000240","E05013951","E43000290","0","516546","0206428","1","E18000006","E40000007","E92000001","E12000006","5","E14001507","E15000006","E24000005","E30000237","E16000150","E07000240","26UGGB","E00120269","26UGGB","E65000001","E01023682","E02004939","5","1C3","E00120269","E01023682","E02004939","E33027466","E38000079","E63011552","C1","4A1",51.744447,-0.313296,"E37000048","","E23000027",20975,"E56000035","E54000025","E00120269","E01023682","E02004939"
"AL1 5PW","AL1  5PW","AL1 5PW","198607","199906","E10000015","E58000664","E07000240","E05013951","E43000290","1","516549","0206669","6","E18000006","E40000007","E92000001","E12000006","5","E14001507","E15000006","E24000005","E30000237","E16000150","E07000240","26UGGB","E00120263","26UGGB","E65000001","E01023681","E02004939","5","7A2","E00120263","E01023681","E02004939","E33027466","E38000079","E63011552","C1","4B1",51.746607,-0.313195,"E37000048","","E23000027",13880,"E56000035","E54000025","E00120263","E01023681","E02004939"
"AL1 5PX","AL1  5PX","AL1 5PX","198001","","E10000015","E58000664","E07000240","E05013951","E43000290","0","516606","0206347","1","E18000006","E40000007","E92000001","E12000006","5","E14001507","E15000006","E24000005","E30000237","E16000150","E07000240","26UGGB","E00120271","26UGGB","E65000001","E01023683","E02004939","5","7A2","E00120271","E01023683","E02004939","E33027467","E38000079","E63011552","C1","4A1",51.743701,-0.312478,"E37000048","","E23000027",17955,"E56000035","E54000025","E00120271","E01023683","E02004939"
"AL1 5PY","AL1  5PY","AL1 5PY","198001","","E10000015","E58000664","E07000240","E05013951","E43000290","0","516680","0206303","1","E18000006","E40000007","E92000001","E12000006","5","E14001507","E15000006","E24000005","E30000237","E16000150","E07000240","26UGGB","E00120269","26UGGB","E65000001","E01023682","E02004939","5","1C3","E00120269","E01023682","E02004939","E33027466","E38000079","E63011552","C1","4A1",51.743290,-0.311421,"E37000048","","E23000027",20975,"E56000035","E54000025","E00120269","E01023682","E02004939"
"AL1 5PZ","AL1  5PZ","AL1 5PZ","198001","","E10000015","E58000664","E07000240","E05013951","E43000290","0","516722","0206180","1","E18000006","E40000007","E92000001","E12000006","5","E14001507","E15000006","E24000005","E30000237","E16000150","E07000240","26UGGB","E00120274","26UGGB","E65000001","E01023683","E02004939","5","1C1","E00120274","E01023683","E02004939","E33027468","E38000079","E63011552","C1","8D2",51.742176,-0.310854,"E37000048","","E23000027",17955,"E56000035","E54000025","E00120274","E01023683","E02004939"
"AL1 5QA","AL1  5QA","AL1 5QA","198001","","E10000015","E58000664","E07000240","E05013951","E43000290","0","516835","0206127","1","E18000006","E40000007","E92000001","E12000006","5","E14001507","E15000006","E24000005","E30000237","E16000150","E07000240","26UGGB","E00120275","26UGGB","E65000001","E01023683","E02004939","5","7A2","E00120275","E01023683","E02004939","E33027468","E38000079","E63011552","C1","4A3",51.741676,-0.309236,"E37000048","","E23000027",17955,"E56000035","E54000025","E00120275","E01023683","E02004939"
"AL1 5QB","AL1  5QB","AL1 5QB","198001","","E10000015","E58000664","E07000240","E05013951","E43000290","0","516803","0206022","1","E18000006","E40000007","E92000001","E12000006","5","E14001507","E15000006","E24000005","E30000237","E16000150","E07000240","26UGGB","E00120275","26UGGB","E65000001","E01023683","E02004939","5","7A2","E00120275","E01023683","E02004939","E33027468","E38000079","E63011552","C1","4A3",51.740739,-0.309735,"E37000048","","E23000027",17955,"E56000035","E54000025","E00120275","E01023683","E02004939"
"AL1 5QD","AL1  5QD","AL1 5QD","198001","","E10000015","E58000664","E07000240","E05013951","E43000290","0","516776","0205983","1","E18000006","E40000007","E92000001","E12000006","5","E14001507","E15000006","E24000005","E30000237","E16000150","E07000240","26UGGB","E00120275","26UGGB","E65000001","E01023683","E02004939","5","7A2","E00120275","E01023683","E02004939","E33027468","E38000079","E63011552","C1","4A3",51.740394,-0.310139,"E37000048","","E23000027",17955,"E56000035","E54000025","E00120275","E01023683","E02004939"
"AL1 5QE","AL1  5QE","AL1 5QE","198001","","E10000015","E58000664","E07000240","E05013951","E43000290","0","516716","0206106","1","E18000006","E40000007","E92000001","E12000006","5","E14001507","E15000006","E24000005","E30000237","E16000150","E07000240","26UGGB","E00120274","26UGGB","E65000001","E01023683","E02004939","5","1C1","E00120274","E01023683","E02004939","E33027468","E38000079","E63011552","C1","8D2",51.741512,-0.310966,"E37000048","","E23000027",17955,"E56000035","E54000025","E00120274","E01023683","E02004939"
"AL1 5QF","AL1  5QF","AL1 5QF","198001","","E10000015","E58000664","E07000240","E05013951","E43000290","0","516652","0206125","1","E18000006","E40000007","E92000001","E12000006","5","E14001507","E15000006","E24000005","E30000237","E16000150","E07000240","26UGGB","E00120274","26UGGB","E65000001","E01023683","E02004939","5","1C1","E00120274","E01023683","E02004939","E33027468","E38000079","E63011552","C1","8D2",51.741696,-0.311886,"E37000048","","E23000027",17955,"E56000035","E54000025","E00120274","E01023683","E02004939"
"AL1 5QG","AL1  5QG","AL1 5QG","198001","","E10000015","E58000664","E07000240","E05013951","E43000290","0","516610","0206240","1","E18000006","E40000007","E92000001","E12000006","5","E14001507","E15000006","E24000005","E30000237","E16000150","E07000240","26UGGB","E00120271","26UGGB","E65000001","E01023683","E02004939","5","7A2","E00120271","E01023683","E02004939","E33027467","E38000079","E63011552","C1","4A1",51.742739,-0.312456,"E37000048","","E23000027",17955,"E56000035","E54000025","E00120271","E01023683","E02004939"
"AL1 5QH","AL1  5QH","AL1 5QH","198001","","E10000015","E58000664","E07000240","E05013951","E43000290","0","516526","0206319","1","E18000006","E40000007","E92000001","E12000006","5","E14001507","E15000006","E24000005","E30000237","E16000150","E07000240","26UGGB","E00120271","26UGGB","E65000001","E01023683","E02004939","5","7A2","E00120271","E01023683","E02004939","E33027467","E38000079","E63011552","C1","4A1",51.743466,-0.313645,"E37000048","","E23000027",17955,"E56000035","E54000025","E00120271","E01023683","E02004939"
"AL1 5QJ","AL1  5QJ","AL1 5QJ","198001","","E10000015","E58000664","E07000240","E05013951","E43000290","0","516518","0206385","1","E18000006","E40000007","E92000001","E12000006","5","E14001507","E15000006","E24000005","E30000237","E16000150","E07000240","26UGGB","E00120269","26UGGB","E65000001","E01023682","E02004939","5","1C3","E00120269","E01023682","E02004939","E33027466","E38000079","E63011552","C1","4A1",51.744066,-0.313716,"E37000048","","E23000027",20975,"E56000035","E54000025","E00120269","E01023682","E02004939"
"AL1 5QL","AL1  5QL","AL1 5QL","198001","","E10000015","E58000664","E07000240","E05013951","E43000290","0","516690","0206411","1","E18000006","E40000007","E92000001","E12000006","5","E14001507","E15000006","E24000005","E30000237","E16000150","E07000240","26UGGB","E00120269","26UGGB","E65000001","E01023682","E02004939","5","1C3","E00120269","E01023682","E02004939","E33027466","E38000079","E63011552","C1","4A1",51.744264,-0.311217,"E37000048","","E23000027",20975,"E56000035","E54000025","E00120269","E01023682","E02004939"
"AL1 5QN","AL1  5QN","AL1 5QN","198001","","E10000015","E58000664","E07000240","E05013951","E43000290","0","516840","0206404","1","E18000006","E40000007","E92000001","E12000006","5","E14001507","E15000006","E24000005","E30000237","E16000150","E07000240","26UGGB","E00120265","26UGGB","E65000001","E01023681","E02004939","5","7A2","E00120265","E01023681","E02004939","E33027466","E38000079","E63011552","C1","4A1",51.744165,-0.309071,"E37000048","","E23000027",13880,"E56000035","E54000025","E00120265","E01023681","E02004939"
"AL1 5QP","AL1  5QP","AL1 5QP","198001","","E10000015","E58000664","E07000240","E05013951","E43000290","0","516897","0206389","1","E18000006","E40000007","E92000001","E12000006","5","E14001507","E15000006","E24000005","E30000237","E16000150","E07000240","26UGGB","E00120268","26UGGB","E65000001","E01023682","E02004939","5","1C3","E00120268","E01023682","E02004939","E33027466","E38000079","E63011552","C1","4A1",51.744018,-0.308251,"E37000048","","E23000027",20975,"E56000035","E54000025","E00120268","E01023682","E02004939"
"AL1 5QQ","AL1  5QQ","AL1 5QQ","198001","","E10000015","E58000664","E07000240","E05013951","E43000290","0","516565","0206291","1","E18000006","E40000007","E92000001","E12000006","5","E14001507","E15000006","E24000005","E30000237","E16000150","E07000240","26UGGB","E00120271","26UGGB","E65000001","E01023683","E02004939","5","7A2","E00120271","E01023683","E02004939","E33027467","E38000079","E63011552","C1","4A1",51.743206,-0.313090,"E37000048","","E23000027",17955,"E56000035","E54000025","E00120271","E01023683","E02004939"
"AL1 5QR","AL1  5QR","AL1 5QR","198001","","E10000015","E58000664","E07000240","E05013951","E43000290","0","516902","0206246","1","E18000006","E40000007","E92000001","E12000006","5","E14001507","E15000006","E24000005","E30000237","E16000150","E07000240","26UGGB","E00120268","26UGGB","E65000001","E01023682","E02004939","5","1C3","E00120268","E01023682","E02004939","E33027466","E38000079","E63011552","C1","4A1",51.742732,-0.308226,"E37000048","","E23000027",20975,"E56000035","E54000025","E00120268","E01023682","E02004939"
"AL1 5QS","AL1  5QS","AL1 5QS","198001","","E10000015","E58000664","E07000240","E05013951","E43000290","0","516911","0206184","1","E18000006","E40000007","E92000001","E12000006","5","E14001507","E15000006","E24000005","E30000237","E16000150","E07000240","26UGGB","E00120268","26UGGB","E65000001","E01023682","E02004939","5","1C3","E00120268","E01023682","E02004939","E33027466","E38000079","E63011552","C1","4A1",51.742173,-0.308117,"E37000048","","E23000027",20975,"E56000035","E54000025","E00120268","E01023682","E02004939"
"AL1 5QT","AL1  5QT","AL1 5QT","198001","","E10000015","E58000664","E07000240","E05013951","E43000290","0","516823","0206210","1","E18000006","E40000007","E92000001","E12000006","5","E14001507","E15000006","E24000005","E30000237","E16000150","E07000240","26UGGB","E00120269","26UGGB","E65000001","E01023682","E02004939","5","1C3","E00120269","E01023682","E02004939","E33027466","E38000079","E63011552","C1","4A1",51.742425,-0.309382,"E37000048","","E23000027",20975,"E56000035","E54000025","E00120269","E01023682","E02004939"
"AL1 5QU","AL1  5QU","AL1 5QU","198001","","E10000015","E58000664","E07000240","E05013951","E43000290","0","516765","0206315","1","E18000006","E40000007","E92000001","E12000006","5","E14001507","E15000006","E24000005","E30000237","E16000150","E07000240","26UGGB","E00120269","26UGGB","E65000001","E01023682","E02004939","5","1C3","E00120269","E01023682","E02004939","E33027466","E38000079","E63011552","C1","4A1",51.743380,-0.310187,"E37000048","","E23000027",20975,"E56000035","E54000025","E00120269","E01023682","E02004939"
"AL1 5QW","AL1  5QW","AL1 5QW","198001","","E10000015","E58000664","E07000240","E05013951","E43000290","0","516918","0206563","1","E18000006","E40000007","E92000001","E12000006","5","E14001507","E15000006","E24000005","E30000237","E16000150","E07000240","26UGGB","E00120262","26UGGB","E65000001","E01023681","E02004939","5","6B2","E00120262","E01023681","E02004939","E33027466","E38000079","E63011552","C1","4A1",51.745577,-0.307888,"E37000048","","E23000027",13880,"E56000035","E54000025","E00120262","E01023681","E02004939"
"AL1 5QX","AL1  5QX","AL1 5QX","198001","","E10000015","E58000664","E07000240","E05013951","E43000290","0","516653","0206395","1","E18000006","E40000007","E92000001","E12000006","5","E14001507","E15000006","E24000005","E30000237","E16000150","E07000240","26UGGB","E00120269","26UGGB","E65000001","E01023682","E02004939","5","1C3","E00120269","E01023682","E02004939","E33027466","E38000079","E63011552","C1","4A1",51.744123,-0.311781,"E37000048","","E23000027",20975,"E56000035","E54000025","E00120269","E01023682","E02004939"
"AL1 5QY","AL1  5QY","AL1 5QY","198001","","E10000015","E58000664","E07000240","E05013951","E43000290","0","516405","0206592","1","E18000006","E40000007","E92000001","E12000006","5","E14001507","E15000006","E24000005","E30000237","E16000150","E07000240","26UGGB","E00120261","26UGGB","E65000001","E01023682","E02004939","5","4D1","E00120261","E01023682","E02004939","E33027467","E38000079","E63011552","C1","4C1",51.745945,-0.315306,"E37000048","","E23000027",20975,"E56000035","E54000025","E00120261","E01023682","E02004939"
"AL1 5QZ","AL1  5QZ","AL1 5QZ","198001","","E10000015","E58000664","E07000240","E05013951","E43000290","0","516330","0206649","1","E18000006","E40000007","E92000001","E12000006","5","E14001507","E15000006","E24000005","E30000237","E16000150","E07000240","26UGGB","E00120261","26UGGB","E65000001","E01023682","E02004939","5","4D1","E00120261","E01023682","E02004939","E33027467","E38000079","E63011552","C1","4C1",51.746472,-0.316372,"E37000048","","E23000027",20975,"E56000035","E54000025","E00120261","E01023682","E02004939"
"AL1 5RA","AL1  5RA","AL1 5RA","198001","","E10000015","E58000664","E07000240","E05013951","E43000290","0","516396","0206771","1","E18000006","E40000007","E92000001","E12000006","5","E14001507","E15000006","E24000005","E30000237","E16000150","E07000240","26UGFX","E00120192","26UGFX","E65000001","E01023666","E02004934","5","2A1","E00120192","E01023666","E02004934","E33027442","E38000079","E63011552","C1","2D1",51.747555,-0.315376,"E37000048","","E23000027",22583,"E56000035","E54000025","E00120192","E01023666","E02004934"
"AL1 5RB","AL1  5RB","AL1 5RB","198001","","E10000015","E58000664","E07000240","E05013951","E43000290","0","516467","0206564","1","E18000006","E40000007","E92000001","E12000006","5","E14001507","E15000006","E24000005","E30000237","E16000150","E07000240","26UGGB","E00120263","26UGGB","E65000001","E01023681","E02004939","5","7A2","E00120263","E01023681","E02004939","E33027466","E38000079","E63011552","C1","4B1",51.745680,-0.314417,"E37000048","","E23000027",13880,"E56000035","E54000025","E00120263","E01023681","E02004939"
"AL1 5RD","AL1  5RD","AL1 5RD","202008","","E10000015","E58000664","E07000240","E05013951","E43000290","0","516496","0206527","1","E18000006","E40000007","E92000001","E12000006","5","E14001507","E15000006","E24000005","E30000237","E16000150","E07000240","26UGGB","E00120263","26UGGB","E65000001","E01023681","E02004939","5","7A2","E00120263","E01023681","E02004939","E33027466","E38000079","E63011552","C1","4B1",51.745347,-0.313987,"E37000048","","E23000027",13880,"E56000035","E54000025","E00120263","E01023681","E02004939"
"AL1 5RE","AL1  5RE","AL1 5RE","198001","","E10000015","E58000664","E07000240","E05013951","E43000290","0","516463","0206633","1","E18000006","E40000007","E92000001","E12000006","5","E14001507","E15000006","E24000005","E30000237","E16000150","E07000240","26UGGB","E00120263","26UGGB","E65000001","E01023681","E02004939","5","7A2","E00120263","E01023681","E02004939","E33027466","E38000079","E63011552","C1","4B1",51.746301,-0.314452,"E37000048","","E23000027",13880,"E56000035","E54000025","E00120263","E01023681","E02004939"
"AL1 5RF","AL1  5RF","AL1 5RF","198001","","E10000015","E58000664","E07000240","E05013951","E43000290","0","516480","0206675","1","E18000006","E40000007","E92000001","E12000006","5","E14001507","E15000006","E24000005","E30000237","E16000150","E07000240","26UGGB","E00120263","26UGGB","E65000001","E01023681","E02004939","5","7A2","E00120263","E01023681","E02004939","E33027466","E38000079","E63011552","C1","4B1",51.746680,-0.314169,"E37000048","","E23000027",13880,"E56000035","E54000025","E00120263","E01023681","E02004939"
"AL1 5RG","AL1  5RG","AL1 5RG","198001","","E10000015","E58000664","E07000240","E05013951","E43000290","0","516541","0206678","1","E18000006","E40000007","E92000001","E12000006","5","E14001507","E15000006","E24000005","E30000237","E16000150","E07000240","26UGGB","E00120263","26UGGB","E65000001","E01023681","E02004939","5","7A2","E00120263","E01023681","E02004939","E33027466","E38000079","E63011552","C1","4B1",51.746689,-0.313308,"E37000048","","E23000027",13880,"E56000035","E54000025","E00120263","E01023681","E02004939"
"AL1 5RH","AL1  5RH","AL1 5RH","198001","","E10000015","E58000664","E07000240","E05013951","E43000290","0","516507","0206567","1","E18000006","E40000007","E92000001","E12000006","5","E14001507","E15000006","E24000005","E30000237","E16000150","E07000240","26UGGB","E00120262","26UGGB","E65000001","E01023681","E02004939","5","6B2","E00120262","E01023681","E02004939","E33027466","E38000079","E63011552","C1","4A1",51.745699,-0.313837,"E37000048","","E23000027",13880,"E56000035","E54000025","E00120262","E01023681","E02004939"
"AL1 5RJ","AL1  5RJ","AL1 5RJ","198001","","E10000015","E58000664","E07000240","E05013951","E43000290","0","516567","0206550","1","E18000006","E40000007","E92000001","E12000006","5","E14001507","E15000006","E24000005","E30000237","E16000150","E07000240","26UGGB","E00120262","26UGGB","E65000001","E01023681","E02004939","5","6B2","E00120262","E01023681","E02004939","E33027466","E38000079","E63011552","C1","4A1",51.745534,-0.312974,"E37000048","","E23000027",13880,"E56000035","E54000025","E00120262","E01023681","E02004939"
"AL1 5RL","AL1  5RL","AL1 5RL","198301","","E10000015","E58000664","E07000240","E05013951","E43000290","0","516951","0205948","1","E18000006","E40000007","E92000001","E12000006","5","E14001507","E15000006","E24000005","E30000237","E16000150","E07000240","26UGGB","E00120275","26UGGB","E65000001","E01023683","E02004939","5","7A2","E00120275","E01023683","E02004939","E33027468","E38000079","E63011552","C1","4A3",51.740043,-0.307617,"E37000048","","E23000027",17955,"E56000035","E54000025","E00120275","E01023683","E02004939"
"AL1 5RN","AL1  5RN","AL1 5RN","198301","","E10000015","E58000664","E07000240","E05013951","E43000290","0","516970","0205987","1","E18000006","E40000007","E92000001","E12000006","5","E14001507","E15000006","E24000005","E30000237","E16000150","E07000240","26UGGB","E00120275","26UGGB","E65000001","E01023683","E02004939","5","7A2","E00120275","E01023683","E02004939","E33027468","E38000079","E63011552","C1","4A3",51.740390,-0.307329,"E37000048","","E23000027",17955,"E56000035","E54000025","E00120275","E01023683","E02004939"
"AL1 5RP","AL1  5RP","AL1 5RP","199201","","E10000015","E58000664","E07000240","E05013951","E43000290","0","516751","0206462","1","E18000006","E40000007","E92000001","E12000006","5","E14001507","E15000006","E24000005","E30000237","E16000150","E07000240","26UGGB","E00120265","26UGGB","E65000001","E01023681","E02004939","5","7A2","E00120265","E01023681","E02004939","E33027466","E38000079","E63011552","C1","4A1",51.744704,-0.310340,"E37000048","","E23000027",13880,"E56000035","E54000025","E00120265","E01023681","E02004939"
"AL1 5RQ","AL1  5RQ","AL1 5RQ","198001","","E10000015","E58000664","E07000240","E05013951","E43000290","0","516567","0206637","1","E18000006","E40000007","E92000001","E12000006","5","E14001507","E15000006","E24000005","E30000237","E16000150","E07000240","26UGGB","E00120262","26UGGB","E65000001","E01023681","E02004939","5","6B2","E00120262","E01023681","E02004939","E33027466","E38000079","E63011552","C1","4A1",51.746315,-0.312945,"E37000048","","E23000027",13880,"E56000035","E54000025","E00120262","E01023681","E02004939"
"AL1 5RR","AL1  5RR","AL1 5RR","199201","","E10000015","E58000664","E07000240","E05013951","E43000290","0","516815","0206475","1","E18000006","E40000007","E92000001","E12000006","5","E14001507","E15000006","E24000005","E30000237","E16000150","E07000240","26UGGB","E00120265","26UGGB","E65000001","E01023681","E02004939","5","7A2","E00120265","E01023681","E02004939","E33027466","E38000079","E63011552","C1","4A1",51.744813,-0.309386,"E37000048","","E23000027",13880,"E56000035","E54000025","E00120265","E01023681","E02004939"
"AL1 5RS","AL1  5RS","AL1 5RS","199201","","E10000015","E58000664","E07000240","E05013951","E43000290","0","516787","0206427","1","E18000006","E40000007","E92000001","E12000006","5","E14001507","E15000006","E24000005","E30000237","E16000150","E07000240","26UGGB","E00120265","26UGGB","E65000001","E01023681","E02004939","5","7A2","E00120265","E01023681","E02004939","E33027466","E38000079","E63011552","C1","4A1",51.744382,-0.309830,"E37000048","","E23000027",13880,"E56000035","E54000025","E00120265","E01023681","E02004939"
"AL1 5RT","AL1  5RT","AL1 5RT","199201","","E10000015","E58000664","E07000240","E05013951","E43000290","0","516722","0206441","1","E18000006","E40000007","E92000001","E12000006","5","E14001507","E15000006","E24000005","E30000237","E16000150","E07000240","26UGGB","E00120265","26UGGB","E65000001","E01023681","E02004939","5","7A2","E00120265","E01023681","E02004939","E33027466","E38000079","E63011552","C1","4A1",51.744522,-0.310767,"E37000048","","E23000027",13880,"E56000035","E54000025","E00120265","E01023681","E02004939"
"AL1 5RU","AL1  5RU","AL1 5RU","200207","","E10000015","E58000664","E07000240","E05013949","E43000290","0","516886","0207073","1","E18000006","E40000007","E92000001","E12000006","5","E14001507","E15000006","E24000005","E30000237","E16000150","E07000240","26UGFX","E00120188","26UGFX","E65000001","E01023665","E02004936","5","6D2","E00120188","E01023665","E02004936","E33024300","E38000079","E63011552","C1","5A2",51.750167,-0.308180,"E37000048","","E23000027",29291,"E56000035","E54000025","E00120188","E01023665","E02004936"
"AL1 5RW","AL1  5RW","AL1 5RW","198301","","E10000015","E58000664","E07000240","E05013951","E43000290","0","517033","0205943","1","E18000006","E40000007","E92000001","E12000006","5","E14001507","E15000006","E24000005","E30000237","E16000150","E07000240","26UGGB","E00120273","26UGGB","E65000001","E01023681","E02004939","5","7B1","E00120273","E01023681","E02004939","E33027468","E38000079","E63011552","C1","3A1",51.739981,-0.306432,"E37000048","","E23000027",13880,"E56000035","E54000025","E00120273","E01023681","E02004939"
"AL1 5RX","AL1  5RX","AL1 5RX","198001","","E10000015","E58000664","E07000240","E05013951","E43000290","0","516508","0205803","1","E18000006","E40000007","E92000001","E12000006","5","E14001507","E15000006","E24000005","E30000237","E16000150","E07000240","26UGGB","E00120260","26UGGB","E65000001","E01023683","E02004939","5","6B2","E00120260","E01023683","E02004939","E33027468","E38000079","E63011552","C1","5A2",51.738832,-0.314078,"E37000048","","E23000027",17955,"E56000035","E54000025","E00120260","E01023683","E02004939"
"AL1 5RY","AL1  5RY","AL1 5RY","198001","","E10000015","E58000664","E07000240","E05013951","E43000290","0","516564","0205887","1","E18000006","E40000007","E92000001","E12000006","5","E14001507","E15000006","E24000005","E30000237","E16000150","E07000240","26UGGB","E00120274","26UGGB","E65000001","E01023683","E02004939","5","1C1","E00120274","E01023683","E02004939","E33027468","E38000079","E63011552","C1","8D2",51.739576,-0.313240,"E37000048","","E23000027",17955,"E56000035","E54000025","E00120274","E01023683","E02004939"
"AL1 5RZ","AL1  5RZ","AL1 5RZ","198001","","E10000015","E58000664","E07000240","E05013951","E43000290","0","516680","0205955","1","E18000006","E40000007","E92000001","E12000006","5","E14001507","E15000006","E24000005","E30000237","E16000150","E07000240","26UGGB","E00120260","26UGGB","E65000001","E01023683","E02004939","5","6B2","E00120260","E01023683","E02004939","E33027468","E38000079","E63011552","C1","5A2",51.740163,-0.311538,"E37000048","","E23000027",17955,"E56000035","E54000025","E00120260","E01023683","E02004939"
"AL1 5SA","AL1  5SA","AL1 5SA","198001","","E10000015","E58000664","E07000240","E05013951","E43000290","0","516689","0206065","1","E18000006","E40000007","E92000001","E12000006","5","E14001507","E15000006","E24000005","E30000237","E16000150","E07000240","26UGGB","E00120274","26UGGB","E65000001","E01023683","E02004939","5","1C1","E00120274","E01023683","E02004939","E33027468","E38000079","E63011552","C1","8D2",51.741149,-0.311371,"E37000048","","E23000027",17955,"E56000035","E54000025","E00120274","E01023683","E02004939"
"AL1 5SB","AL1  5SB","AL1 5SB","198001","","E10000015","E58000664","E07000240","E05013951","E43000290","0","516645","0205983","1","E18000006","E40000007","E92000001","E12000006","5","E14001507","E15000006","E24000005","E30000237","E16000150","E07000240","26UGGB","E00120274","26UGGB","E65000001","E01023683","E02004939","5","1C1","E00120274","E01023683","E02004939","E33027468","E38000079","E63011552","C1","8D2",51.740422,-0.312035,"E37000048","","E23000027",17955,"E56000035","E54000025","E00120274","E01023683","E02004939"
"AL1 5SD","AL1  5SD","AL1 5SD","198001","","E10000015","E58000664","E07000240","E05013951","E43000290","0","516563","0206002","1","E18000006","E40000007","E92000001","E12000006","5","E14001507","E15000006","E24000005","E30000237","E16000150","E07000240","26UGGB","E00120274","26UGGB","E65000001","E01023683","E02004939","5","1C1","E00120274","E01023683","E02004939","E33027468","E38000079","E63011552","C1","8D2",51.740609,-0.313216,"E37000048","","E23000027",17955,"E56000035","E54000025","E00120274","E01023683","E02004939"
"AL1 5SE","AL1  5SE","AL1 5SE","198001","","E10000015","E58000664","E07000240","E05013951","E43000290","0","516527","0205912","1","E18000006","E40000007","E92000001","E12000006","5","E14001507","E15000006","E24000005","E30000237","E16000150","E07000240","26UGGB","E00120274","26UGGB","E65000001","E01023683","E02004939","5","1C1","E00120274","E01023683","E02004939","E33027468","E38000079","E63011552","C1","8D2",51.739808,-0.313767,"E37000048","","E23000027",17955,"E56000035","E54000025","E00120274","E01023683","E02004939"
"AL1 5SF","AL1  5SF","AL1 5SF","198001","","E10000015","E58000664","E07000240","E05013951","E43000290","0","516402","0205895","1","E18000006","E40000007","E92000001","E12000006","5","E14001507","E15000006","E24000005","E30000237","E16000150","E07000240","26UGGB","E00120260","26UGGB","E65000001","E01023683","E02004939","5","6B2","E00120260","E01023683","E02004939","E33027468","E38000079","E63011552","C1","5A2",51.739681,-0.315582,"E37000048","","E23000027",17955,"E56000035","E54000025","E00120260","E01023683","E02004939"
"AL1 5SG","AL1  5SG","AL1 5SG","198001","","E10000015","E58000664","E07000240","E05013951","E43000290","0","516439","0205969","1","E18000006","E40000007","E92000001","E12000006","5","E14001507","E15000006","E24000005","E30000237","E16000150","E07000240","26UGGB","E00120260","26UGGB","E65000001","E01023683","E02004939","5","6B2","E00120260","E01023683","E02004939","E33027468","E38000079","E63011552","C1","5A2",51.740339,-0.315022,"E37000048","","E23000027",17955,"E56000035","E54000025","E00120260","E01023683","E02004939"
"AL1 5SH","AL1  5SH","AL1 5SH","198001","","E10000015","E58000664","E07000240","E05013951","E43000290","0","516278","0205997","1","E18000006","E40000007","E92000001","E12000006","5","E14001507","E15000006","E24000005","E30000237","E16000150","E07000240","26UGGB","E00120272","26UGGB","E65000001","E01023684","E02004939","5","4D1","E00120272","E01023684","E02004939","E33027467","E38000079","E63011552","C1","5B1",51.740624,-0.317343,"E37000048","","E23000027",28935,"E56000035","E54000025","E00120272","E01023684","E02004939"
"AL1 5SJ","AL1  5SJ","AL1 5SJ","198001","","E10000015","E58000664","E07000240","E05013951","E43000290","0","516544","0206044","1","E18000006","E40000007","E92000001","E12000006","5","E14001507","E15000006","E24000005","E30000237","E16000150","E07000240","26UGGB","E00120271","26UGGB","E65000001","E01023683","E02004939","5","7A2","E00120271","E01023683","E02004939","E33027467","E38000079","E63011552","C1","4A1",51.740991,-0.313477,"E37000048","","E23000027",17955,"E56000035","E54000025","E00120271","E01023683","E02004939"
"AL1 5SL","AL1  5SL","AL1 5SL","198001","","E10000015","E58000664","E07000240","E05013951","E43000290","0","516470","0206122","1","E18000006","E40000007","E92000001","E12000006","5","E14001507","E15000006","E24000005","E30000237","E16000150","E07000240","26UGGB","E00120270","26UGGB","E65000001","E01023683","E02004939","5","4C2","E00120270","E01023683","E02004939","E33027467","E38000079","E63011552","C1","5A2",51.741707,-0.314522,"E37000048","","E23000027",17955,"E56000035","E54000025","E00120270","E01023683","E02004939"
"AL1 5SN","AL1  5SN","AL1 5SN","198001","","E10000015","E58000664","E07000240","E05013951","E43000290","0","516353","0206070","1","E18000006","E40000007","E92000001","E12000006","5","E14001507","E15000006","E24000005","E30000237","E16000150","E07000240","26UGGB","E00120272","26UGGB","E65000001","E01023684","E02004939","5","4D1","E00120272","E01023684","E02004939","E33027467","E38000079","E63011552","C1","5B1",51.741264,-0.316233,"E37000048","","E23000027",28935,"E56000035","E54000025","E00120272","E01023684","E02004939"
"AL1 5SP","AL1  5SP","AL1 5SP","198001","","E10000015","E58000664","E07000240","E05013951","E43000290","0","516252","0206214","1","E18000006","E40000007","E92000001","E12000006","5","E14001507","E15000006","E24000005","E30000237","E16000150","E07000240","26UGGB","E00120272","26UGGB","E65000001","E01023684","E02004939","5","4D1","E00120272","E01023684","E02004939","E33027467","E38000079","E63011552","C1","5B1",51.742579,-0.317647,"E37000048","","E23000027",28935,"E56000035","E54000025","E00120272","E01023684","E02004939"
"AL1 5SQ","AL1  5SQ","AL1 5SQ","198301","199507","E10000015","E58000664","E07000240","E05013951","E43000290","1","516300","0206000","8","E18000006","E40000007","E92000001","E12000006","5","E14001507","E15000006","E24000005","E30000237","E16000150","E07000240","26UGGB","E00120272","26UGGB","E65000001","E01023684","E02004939","5","4D1","E00120272","E01023684","E02004939","E33027467","E38000079","E63011552","C1","5B1",51.740646,-0.317024,"E37000048","","E23000027",28935,"E56000035","E54000025","E00120272","E01023684","E02004939"
"AL1 5SR","AL1  5SR","AL1 5SR","198001","","E10000015","E58000664","E07000240","E05013951","E43000290","0","516286","0206377","1","E18000006","E40000007","E92000001","E12000006","5","E14001507","E15000006","E24000005","E30000237","E16000150","E07000240","26UGGB","E00120261","26UGGB","E65000001","E01023682","E02004939","5","4D1","E00120261","E01023682","E02004939","E33027467","E38000079","E63011552","C1","4C1",51.744037,-0.317100,"E37000048","","E23000027",20975,"E56000035","E54000025","E00120261","E01023682","E02004939"
"AL1 5SS","AL1  5SS","AL1 5SS","198001","","E10000015","E58000664","E07000240","E05013951","E43000290","0","516357","0206321","1","E18000006","E40000007","E92000001","E12000006","5","E14001507","E15000006","E24000005","E30000237","E16000150","E07000240","26UGGB","E00120270","26UGGB","E65000001","E01023683","E02004939","5","4C2","E00120270","E01023683","E02004939","E33027467","E38000079","E63011552","C1","5A2",51.743519,-0.316091,"E37000048","","E23000027",17955,"E56000035","E54000025","E00120270","E01023683","E02004939"
"AL1 5ST","AL1  5ST","AL1 5ST","198001","","E10000015","E58000664","E07000240","E05013951","E43000290","0","516452","0206310","1","E18000006","E40000007","E92000001","E12000006","5","E14001507","E15000006","E24000005","E30000237","E16000150","E07000240","26UGGB","E00120270","26UGGB","E65000001","E01023683","E02004939","5","4C2","E00120270","E01023683","E02004939","E33027467","E38000079","E63011552","C1","5A2",51.743400,-0.314720,"E37000048","","E23000027",17955,"E56000035","E54000025","E00120270","E01023683","E02004939"
"AL1 5SU","AL1  5SU","AL1 5SU","198001","","E10000015","E58000664","E07000240","E05013951","E43000290","0","516471","0206342","1","E18000006","E40000007","E92000001","E12000006","5","E14001507","E15000006","E24000005","E30000237","E16000150","E07000240","26UGGB","E00120270","26UGGB","E65000001","E01023683","E02004939","5","4C2","E00120270","E01023683","E02004939","E33027467","E38000079","E63011552","C1","5A2",51.743684,-0.314434,"E37000048","","E23000027",17955,"E56000035","E54000025","E00120270","E01023683","E02004939"
"AL1 5SW","AL1  5SW","AL1 5SW","198001","","E10000015","E58000664","E07000240","E05013951","E43000290","0","516290","0206083","1","E18000006","E40000007","E92000001","E12000006","5","E14001507","E15000006","E24000005","E30000237","E16000150","E07000240","26UGGB","E00120272","26UGGB","E65000001","E01023684","E02004939","5","4D1","E00120272","E01023684","E02004939","E33027467","E38000079","E63011552","C1","5B1",51.741394,-0.317141,"E37000048","","E23000027",28935,"E56000035","E54000025","E00120272","E01023684","E02004939"
"AL1 5SX","AL1  5SX","AL1 5SX","198001","","E10000015","E58000664","E07000240","E05013951","E43000290","0","516466","0206180","1","E18000006","E40000007","E92000001","E12000006","5","E14001507","E15000006","E24000005","E30000237","E16000150","E07000240","26UGGB","E00120270","26UGGB","E65000001","E01023683","E02004939","5","4C2","E00120270","E01023683","E02004939","E33027467","E38000079","E63011552","C1","5A2",51.742229,-0.314560,"E37000048","","E23000027",17955,"E56000035","E54000025","E00120270","E01023683","E02004939"
"AL1 5SY","AL1  5SY","AL1 5SY","198001","","E10000015","E58000664","E07000240","E05013951","E43000290","0","516428","0206198","1","E18000006","E40000007","E92000001","E12000006","5","E14001507","E15000006","E24000005","E30000237","E16000150","E07000240","26UGGB","E00120270","26UGGB","E65000001","E01023683","E02004939","5","4C2","E00120270","E01023683","E02004939","E33027467","E38000079","E63011552","C1","5A2",51.742404,-0.315081,"E37000048","","E23000027",17955,"E56000035","E54000025","E00120270","E01023683","E02004939"
"AL1 5SZ","AL1  5SZ","AL1 5SZ","198001","","E10000015","E58000664","E07000240","E05013951","E43000290","0","516394","0206246","1","E18000006","E40000007","E92000001","E12000006","5","E14001507","E15000006","E24000005","E30000237","E16000150","E07000240","26UGGB","E00120270","26UGGB","E65000001","E01023683","E02004939","5","4C2","E00120270","E01023683","E02004939","E33027467","E38000079","E63011552","C1","5A2",51.742837,-0.315581,"E37000048","","E23000027",17955,"E56000035","E54000025","E00120270","E01023683","E02004939"
"AL1 5TA","AL1  5TA","AL1 5TA","198001","","E10000015","E58000664","E07000240","E05013951","E43000290","0","516331","0206172","1","E18000006","E40000007","E92000001","E12000006","5","E14001507","E15000006","E24000005","E30000237","E16000150","E07000240","26UGGB","E00120270","26UGGB","E65000001","E01023683","E02004939","5","4C2","E00120270","E01023683","E02004939","E33027467","E38000079","E63011552","C1","5A2",51.742185,-0.316517,"E37000048","","E23000027",17955,"E56000035","E54000025","E00120270","E01023683","E02004939"
"AL1 5TB","AL1  5TB","AL1 5TB","199606","199812","E10000015","E58000664","E07000240","E05013951","E43000290","1","516549","0206669","6","E18000006","E40000007","E92000001","E12000006","5","E14001507","E15000006","E24000005","E30000237","E16000150","E07000240","26UGGB","E00120263","26UGGB","E65000001","E01023681","E02004939","5","7A2","E00120263","E01023681","E02004939","E33027466","E38000079","E63011552","C1","4B1",51.746607,-0.313195,"E37000048","","E23000027",13880,"E56000035","E54000025","E00120263","E01023681","E02004939"
"AL1 5TD","AL1  5TD","AL1 5TD","198710","","E10000015","E58000664","E07000240","E05013951","E43000290","0","516828","0206527","1","E18000006","E40000007","E92000001","E12000006","5","E14001507","E15000006","E24000005","E30000237","E16000150","E07000240","26UGGB","E00120265","26UGGB","E65000001","E01023681","E02004939","5","7A2","E00120265","E01023681","E02004939","E33027466","E38000079","E63011552","C1","4A1",51.745273,-0.309203,"E37000048","","E23000027",13880,"E56000035","E54000025","E00120265","E01023681","E02004939"
"AL1 5TE","AL1  5TE","AL1 5TE","198710","","E10000015","E58000664","E07000240","E05013951","E43000290","0","516869","0206545","1","E18000006","E40000007","E92000001","E12000006","5","E14001507","E15000006","E24000005","E30000237","E16000150","E07000240","26UGGB","E00120265","26UGGB","E65000001","E01023681","E02004939","5","7A2","E00120265","E01023681","E02004939","E33027466","E38000079","E63011552","C1","4A1",51.745426,-0.308604,"E37000048","","E23000027",13880,"E56000035","E54000025","E00120265","E01023681","E02004939"
"AL1 5TF","AL1  5TF","AL1 5TF","199712","199812","E10000015","E58000664","E07000240","E05013951","E43000290","1","516549","0206669","6","E18000006","E40000007","E92000001","E12000006","5","E14001507","E15000006","E24000005","E30000237","E16000150","E07000240","26UGGB","E00120263","26UGGB","E65000001","E01023681","E02004939","5","7A2","E00120263","E01023681","E02004939","E33027466","E38000079","E63011552","C1","4B1",51.746607,-0.313195,"E37000048","","E23000027",13880,"E56000035","E54000025","E00120263","E01023681","E02004939"
"AL1 5TG","AL1  5TG","AL1 5TG","199512","199812","E10000015","E58000664","E07000240","E05013951","E43000290","1","516549","0206669","6","E18000006","E40000007","E92000001","E12000006","5","E14001507","E15000006","E24000005","E30000237","E16000150","E07000240","26UGGB","E00120263","26UGGB","E65000001","E01023681","E02004939","5","7A2","E00120263","E01023681","E02004939","E33027466","E38000079","E63011552","C1","4B1",51.746607,-0.313195,"E37000048","","E23000027",13880,"E56000035","E54000025","E00120263","E01023681","E02004939"
"AL1 5TH","AL1  5TH","AL1 5TH","199208","199501","E10000015","E58000664","E07000240","E05013951","E43000290","1","516800","0206500","8","E18000006","E40000007","E92000001","E12000006","5","E14001507","E15000006","E24000005","E30000237","E16000150","E07000240","26UGGB","E00120265","26UGGB","E65000001","E01023681","E02004939","5","7A2","E00120265","E01023681","E02004939","E33027466","E38000079","E63011552","C1","4A1",51.745036,-0.309618,"E37000048","","E23000027",13880,"E56000035","E54000025","E00120265","E01023681","E02004939"
"AL1 5TJ","AL1  5TJ","AL1 5TJ","199301","199501","E10000015","E58000664","E07000240","E05013951","E43000290","1","516800","0206500","8","E18000006","E40000007","E92000001","E12000006","5","E14001507","E15000006","E24000005","E30000237","E16000150","E07000240","26UGGB","E00120265","26UGGB","E65000001","E01023681","E02004939","5","7A2","E00120265","E01023681","E02004939","E33027466","E38000079","E63011552","C1","4A1",51.745036,-0.309618,"E37000048","","E23000027",13880,"E56000035","E54000025","E00120265","E01023681","E02004939"
"AL1 5TL","AL1  5TL","AL1 5TL","199208","","E10000015","E58000664","E07000240","E05013951","E43000290","0","516258","0206772","1","E18000006","E40000007","E92000001","E12000006","5","E14001507","E15000006","E24000005","E30000237","E16000150","E07000240","26UGFX","E00120199","26UGFX","E65000001","E01023666","E02004934","5","2A1","E00120199","E01023666","E02004934","E33027442","E38000079","E63011552","C1","2C3",51.747593,-0.317374,"E37000048","","E23000027",22583,"E56000035","E54000025","E00120199","E01023666","E02004934"
"AL1 5TN","AL1  5TN","AL1 5TN","199208","199812","E10000015","E58000664","E07000240","E05013951","E43000290","1","516549","0206669","6","E18000006","E40000007","E92000001","E12000006","5","E14001507","E15000006","E24000005","E30000237","E16000150","E07000240","26UGGB","E00120263","26UGGB","E65000001","E01023681","E02004939","5","7A2","E00120263","E01023681","E02004939","E33027466","E38000079","E63011552","C1","4B1",51.746607,-0.313195,"E37000048","","E23000027",13880,"E56000035","E54000025","E00120263","E01023681","E02004939"
"AL1 5TP","AL1  5TP","AL1 5TP","199208","","E10000015","E58000664","E07000240","E05013951","E43000290","0","516208","0206808","1","E18000006","E40000007","E92000001","E12000006","5","E14001507","E15000006","E24000005","E30000237","E16000150","E07000240","26UGFX","E00120199","26UGFX","E65000001","E01023666","E02004934","5","2A1","E00120199","E01023666","E02004934","E33027442","E38000079","E63011552","C1","2C3",51.747927,-0.318086,"E37000048","","E23000027",22583,"E56000035","E54000025","E00120199","E01023666","E02004934"
"AL1 5TQ","AL1  5TQ","AL1 5TQ","199109","199405","E10000015","E58000664","E07000240","E05013951","E43000290","1","516800","0206500","8","E18000006","E40000007","E92000001","E12000006","5","E14001507","E15000006","E24000005","E30000237","E16000150","E07000240","26UGGB","E00120265","26UGGB","E65000001","E01023681","E02004939","5","7A2","E00120265","E01023681","E02004939","E33027466","E38000079","E63011552","C1","4A1",51.745036,-0.309618,"E37000048","","E23000027",13880,"E56000035","E54000025","E00120265","E01023681","E02004939"
"AL1 5TR","AL1  5TR","AL1 5TR","199208","","E10000015","E58000664","E07000240","E05013951","E43000290","0","516198","0206849","1","E18000006","E40000007","E92000001","E12000006","5","E14001507","E15000006","E24000005","E30000237","E16000150","E07000240","26UGFX","E00120199","26UGFX","E65000001","E01023666","E02004934","5","2A1","E00120199","E01023666","E02004934","E33027442","E38000079","E63011552","C1","2C3",51.748297,-0.318217,"E37000048","","E23000027",22583,"E56000035","E54000025","E00120199","E01023666","E02004934"
"AL1 5TS","AL1  5TS","AL1 5TS","199208","","E10000015","E58000664","E07000240","E05013951","E43000290","0","516241","0206821","1","E18000006","E40000007","E92000001","E12000006","5","E14001507","E15000006","E24000005","E30000237","E16000150","E07000240","26UGFX","E00120199","26UGFX","E65000001","E01023666","E02004934","5","2A1","E00120199","E01023666","E02004934","E33027442","E38000079","E63011552","C1","2C3",51.748037,-0.317604,"E37000048","","E23000027",22583,"E56000035","E54000025","E00120199","E01023666","E02004934"
"AL1 5TT","AL1  5TT","AL1 5TT","199208","","E10000015","E58000664","E07000240","E05013951","E43000290","0","516303","0206782","1","E18000006","E40000007","E92000001","E12000006","5","E14001507","E15000006","E24000005","E30000237","E16000150","E07000240","26UGFX","E00120199","26UGFX","E65000001","E01023666","E02004934","5","2A1","E00120199","E01023666","E02004934","E33027442","E38000079","E63011552","C1","2C3",51.747673,-0.316719,"E37000048","","E23000027",22583,"E56000035","E54000025","E00120199","E01023666","E02004934"
"AL1 5TU","AL1  5TU","AL1 5TU","199405","199507","E10000015","E58000664","E07000240","E05013951","E43000290","1","516800","0206500","8","E18000006","E40000007","E92000001","E12000006","5","E14001507","E15000006","E24000005","E30000237","E16000150","E07000240","26UGGB","E00120265","26UGGB","E65000001","E01023681","E02004939","5","7A2","E00120265","E01023681","E02004939","E33027466","E38000079","E63011552","C1","4A1",51.745036,-0.309618,"E37000048","","E23000027",13880,"E56000035","E54000025","E00120265","E01023681","E02004939"
"AL1 5TW","AL1  5TW","AL1 5TW","199301","200006","E10000015","E58000664","E07000240","E05013951","E43000290","1","516549","0206669","6","E18000006","E40000007","E92000001","E12000006","5","E14001507","E15000006","E24000005","E30000237","E16000150","E07000240","26UGGB","E00120263","26UGGB","E65000001","E01023681","E02004939","5","7A2","E00120263","E01023681","E02004939","E33027466","E38000079","E63011552","C1","4B1",51.746607,-0.313195,"E37000048","","E23000027",13880,"E56000035","E54000025","E00120263","E01023681","E02004939"
"AL1 5TX","AL1  5TX","AL1 5TX","199501","201411","E10000015","E58000664","E07000240","E05013956","E43000290","1","517328","0206823","1","E18000006","E40000007","E92000001","E12000006","5","E14001507","E15000006","E24000005","E30000237","E16000150","E07000240","26UGFX","E00120196","26UGFX","E65000001","E01023667","E02004936","5","6D1","E00120196","E01023667","E02004936","E33027453","E38000079","E63011552","C1","5A2",51.747828,-0.301865,"E37000048","","E23000027",30628,"E56000035","E54000025","E00120196","E01023667","E02004936"
"AL1 5TY","AL1  5TY","AL1 5TY","199501","199806","E10000015","E58000664","E07000240","E05013951","E43000290","1","516548","0206669","6","E18000006","E40000007","E92000001","E12000006","5","E14001507","E15000006","E24000005","E30000237","E16000150","E07000240","26UGGB","E00120263","26UGGB","E65000001","E01023681","E02004939","5","7A2","E00120263","E01023681","E02004939","E33027466","E38000079","E63011552","C1","4B1",51.746607,-0.313210,"E37000048","","E23000027",13880,"E56000035","E54000025","E00120263","E01023681","E02004939"
"AL1 5TZ","AL1  5TZ","AL1 5TZ","199507","199612","E10000015","E58000664","E07000240","E05013951","E43000290","1","516800","0206500","8","E18000006","E40000007","E92000001","E12000006","5","E14001507","E15000006","E24000005","E30000237","E16000150","E07000240","26UGGB","E00120265","26UGGB","E65000001","E01023681","E02004939","5","7A2","E00120265","E01023681","E02004939","E33027466","E38000079","E63011552","C1","4A1",51.745036,-0.309618,"E37000048","","E23000027",13880,"E56000035","E54000025","E00120265","E01023681","E02004939"
"AL1 5UA","AL1  5UA","AL1 5UA","199208","200104","E10000015","E58000664","E07000240","E05013949","E43000290","1","516286","0206924","1","E18000006","E40000007","E92000001","E12000006","5","E14001507","E15000006","E24000005","E30000237","E16000150","E07000240","26UGFX","E00120191","26UGFX","E65000001","E01023666","E02004934","5","7A3","E00120191","E01023666","E02004934","E33027442","E38000079","E63011552","C1","4C3",51.748953,-0.316918,"E37000048","","E23000027",22583,"E56000035","E54000025","E00189393","E01023666","E02004934"
"AL1 5UB","AL1  5UB","AL1 5UB","199812","","E10000015","E58000649","E07000240","E05013956","E43000290","0","517264","0206667","1","E18000006","E40000007","E92000001","E12000006","5","E14001507","E15000006","E24000005","E30000237","E16000150","E07000240","26UGGA","E00120259","26UGGA","E65000001","E01023678","E02004938","5","4A2","E00120259","E01023678","E02004938","E33027463","E38000079","E63011552","C1","4C1",51.746445,-0.302820,"E37000048","","E23000027",25970,"E56000035","E54000025","E00120259","E01023678","E02007090"
"AL1 5UD","AL1  5UD","AL1 5UD","198402","198512","E10000015","E58000664","E07000240","E05013949","E43000290","1","516400","0206900","8","E18000006","E40000007","E92000001","E12000006","5","E14001507","E15000006","E24000005","E30000237","E16000150","E07000240","26UGFX","E00120192","26UGFX","E65000001","E01023666","E02004934","5","2A1","E00120192","E01023666","E02004934","E33027442","E38000079","E63011552","C1","2D1",51.748714,-0.315275,"E37000048","","E23000027",22583,"E56000035","E54000025","E00120192","E01023666","E02004934"
"AL1 5UE","AL1  5UE","AL1 5UE","199101","","E10000015","E58000663","E07000240","E05013964","E43000290","0","515658","0207203","1","E18000006","E40000007","E92000001","E12000006","5","E14001507","E15000006","E24000005","E30000237","E16000150","E07000240","26UGGM","E00120485","26UGGM","E65000001","E01023729","E02004935","5","2A1","E00120485","E01023729","E02004935","E33027450","E38000079","E63011552","C1","2B2",51.751590,-0.325918,"E37000048","","E23000027",27026,"E56000035","E54000025","E00120485","E01035566","E02004935"
"AL1 5UF","AL1  5UF","AL1 5UF","200208","200602","E10000015","E58000664","E07000240","E05013956","E43000290","1","517328","0206823","1","E18000006","E40000007","E92000001","E12000006","5","E14001507","E15000006","E24000005","E30000237","E16000150","E07000240","26UGFX","E00120196","26UGFX","E65000001","E01023667","E02004936","5","6D1","E00120196","E01023667","E02004936","E33027453","E38000079","E63011552","C1","5A2",51.747828,-0.301865,"E37000048","","E23000027",30628,"E56000035","E54000025","E00120196","E01023667","E02004936"
"AL1 5UG","AL1  5UG","AL1 5UG","198001","","E10000015","E58000664","E07000240","E05013956","E43000290","0","517243","0206839","1","E18000006","E40000007","E92000001","E12000006","5","E14001507","E15000006","E24000005","E30000237","E16000150","E07000240","26UGFX","E00120188","26UGFX","E65000001","E01023665","E02004936","5","6D2","E00120188","E01023665","E02004936","E33024300","E38000079","E63011552","C1","5A2",51.747995,-0.303066,"E37000048","","E23000027",29291,"E56000035","E54000025","E00120188","E01023665","E02004936"
"AL1 5UH","AL1  5UH","AL1 5UH","198001","200207","E10000015","E58000664","E07000240","E05013949","E43000290","0","517070","0206955","1","E18000006","E40000007","E92000001","E12000006","5","E14001507","E15000006","E24000005","E30000237","E16000150","E07000240","26UGFX","E00120193","26UGFX","E65000001","E01023667","E02004936","5","6D1","E00120193","E01023667","E02004936","E33027453","E38000079","E63011552","C1","5A2",51.749069,-0.305556,"E37000048","","E23000027",30628,"E56000035","E54000025","E00120193","E01023667","E02004936"
"AL1 5UJ","AL1  5UJ","AL1 5UJ","200206","200301","E10000015","E58000664","E07000240","E05013949","E43000290","0","516286","0206924","1","E18000006","E40000007","E92000001","E12000006","5","E14001507","E15000006","E24000005","E30000237","E16000150","E07000240","26UGFX","E00120191","26UGFX","E65000001","E01023666","E02004934","5","7A3","E00120191","E01023666","E02004934","E33027442","E38000079","E63011552","C1","4C3",51.748953,-0.316918,"E37000048","","E23000027",22583,"E56000035","E54000025","E00189393","E01023666","E02004934"
"AL1 5UL","AL1  5UL","AL1 5UL","198001","200006","E10000015","E58000664","E07000240","E05013956","E43000290","1","517043","0207268","1","E18000006","E40000007","E92000001","E12000006","5","E14001507","E15000006","E24000005","E30000237","E16000150","E07000240","26UGFX","E00120186","26UGFX","E65000001","E01023665","E02004936","5","6D1","E00120186","E01023665","E02004936","E33027454","E38000079","E63011552","C1","5A2",51.751887,-0.305841,"E37000048","","E23000027",29291,"E56000035","E54000025","E00120186","E01023665","E02004936"
"AL1 5UP","AL1  5UP","AL1 5UP","199208","","E10000015","E58000664","E07000240","E05013951","E43000290","0","516935","0206462","1","E18000006","E40000007","E92000001","E12000006","5","E14001507","E15000006","E24000005","E30000237","E16000150","E07000240","26UGGB","E00120265","26UGGB","E65000001","E01023681","E02004939","5","7A2","E00120265","E01023681","E02004939","E33027466","E38000079","E63011552","C1","4A1",51.744671,-0.307653,"E37000048","","E23000027",13880,"E56000035","E54000025","E00120265","E01023681","E02004939"
"AL1 5UQ","AL1  5UQ","AL1 5UQ","199208","","E10000015","E58000664","E07000240","E05013951","E43000290","0","516112","0206919","1","E18000006","E40000007","E92000001","E12000006","5","E14001507","E15000006","E24000005","E30000237","E16000150","E07000240","26UGFX","E00120198","26UGFX","E65000001","E01023666","E02004934","5","7A3","E00120198","E01023666","E02004934","E33027442","E38000079","E63011552","C1","4B1",51.748944,-0.319439,"E37000048","","E23000027",22583,"E56000035","E54000025","E00120198","E01023666","E02004934"
"AL1 5UR","AL1  5UR","AL1 5UR","199208","199405","E10000015","E58000664","E07000240","E05013956","E43000290","1","517200","0206800","8","E18000006","E40000007","E92000001","E12000006","5","E14001507","E15000006","E24000005","E30000237","E16000150","E07000240","26UGFX","E00120188","26UGFX","E65000001","E01023665","E02004936","5","6D2","E00120188","E01023665","E02004936","E33024300","E38000079","E63011552","C1","5A2",51.747648,-0.303726,"E37000048","","E23000027",29291,"E56000035","E54000025","E00120188","E01023665","E02004936"
"AL1 5US","AL1  5US","AL1 5US","202411","","E10000015","E58000664","E07000240","E05013949","E43000290","0","517046","0206950","1","E18000006","E40000007","E92000001","E12000006","5","E14001507","E15000006","E24000005","E30000237","E16000150","E07000240","26UGFX","E00120193","26UGFX","E65000001","E01023667","E02004936","5","6D1","E00120193","E01023667","E02004936","E33027453","E38000079","E63011552","C1","5A2",51.749034,-0.305881,"E37000048","","E23000027",30628,"E56000035","E54000025","E00120193","E01023667","E02004936"
"AL1 5UU","AL1  5UU","AL1 5UU","199301","199412","E10000015","E58000664","E07000240","E05013956","E43000290","1","517200","0206800","8","E18000006","E40000007","E92000001","E12000006","5","E14001507","E15000006","E24000005","E30000237","E16000150","E07000240","26UGFX","E00120188","26UGFX","E65000001","E01023665","E02004936","5","6D2","E00120188","E01023665","E02004936","E33024300","E38000079","E63011552","C1","5A2",51.747648,-0.303726,"E37000048","","E23000027",29291,"E56000035","E54000025","E00120188","E01023665","E02004936"
"AL1 5UX","AL1  5UX","AL1 5UX","199301","199405","E10000015","E58000664","E07000240","E05013956","E43000290","1","517200","0206800","8","E18000006","E40000007","E92000001","E12000006","5","E14001507","E15000006","E24000005","E30000237","E16000150","E07000240","26UGFX","E00120188","26UGFX","E65000001","E01023665","E02004936","5","6D2","E00120188","E01023665","E02004936","E33024300","E38000079","E63011552","C1","5A2",51.747648,-0.303726,"E37000048","","E23000027",29291,"E56000035","E54000025","E00120188","E01023665","E02004936"
"AL1 5UY","AL1  5UY","AL1 5UY","199308","199405","E10000015","E58000664","E07000240","E05013956","E43000290","1","517200","0206800","8","E18000006","E40000007","E92000001","E12000006","5","E14001507","E15000006","E24000005","E30000237","E16000150","E07000240","26UGFX","E00120188","26UGFX","E65000001","E01023665","E02004936","5","6D2","E00120188","E01023665","E02004936","E33024300","E38000079","E63011552","C1","5A2",51.747648,-0.303726,"E37000048","","E23000027",29291,"E56000035","E54000025","E00120188","E01023665","E02004936"
"AL1 5UZ","AL1  5UZ","AL1 5UZ","199501","199912","E10000015","E58000664","E07000240","E05013951","E43000290","1","516549","0206669","6","E18000006","E40000007","E92000001","E12000006","5","E14001507","E15000006","E24000005","E30000237","E16000150","E07000240","26UGGB","E00120263","26UGGB","E65000001","E01023681","E02004939","5","7A2","E00120263","E01023681","E02004939","E33027466","E38000079","E63011552","C1","4B1",51.746607,-0.313195,"E37000048","","E23000027",13880,"E56000035","E54000025","E00120263","E01023681","E02004939"
"AL1 5WA","AL1  5WA","AL1 5WA","199712","","E10000015","E58000664","E07000240","E05013951","E43000290","0","516351","0206834","1","E18000006","E40000007","E92000001","E12000006","5","E14001507","E15000006","E24000005","E30000237","E16000150","E07000240","26UGFX","E00120192","26UGFX","E65000001","E01023666","E02004934","5","2A1","E00120192","E01023666","E02004934","E33027442","E38000079","E63011552","C1","2D1",51.748131,-0.316007,"E37000048","","E23000027",22583,"E56000035","E54000025","E00120192","E01023666","E02004934"
"AL1 5WB","AL1  5WB","AL1 5WB","199712","","E10000015","E58000664","E07000240","E05013951","E43000290","0","516264","0206858","1","E18000006","E40000007","E92000001","E12000006","5","E14001507","E15000006","E24000005","E30000237","E16000150","E07000240","26UGFX","E00120192","26UGFX","E65000001","E01023666","E02004934","5","2A1","E00120192","E01023666","E02004934","E33027442","E38000079","E63011552","C1","2D1",51.748364,-0.317258,"E37000048","","E23000027",22583,"E56000035","E54000025","E00120192","E01023666","E02004934"
"AL1 5WD","AL1  5WD","AL1 5WD","199712","","E10000015","E58000664","E07000240","E05013951","E43000290","0","516245","0206889","1","E18000006","E40000007","E92000001","E12000006","5","E14001507","E15000006","E24000005","E30000237","E16000150","E07000240","26UGFX","E00120192","26UGFX","E65000001","E01023666","E02004934","5","2A1","E00120192","E01023666","E02004934","E33027442","E38000079","E63011552","C1","2D1",51.748647,-0.317523,"E37000048","","E23000027",22583,"E56000035","E54000025","E00120192","E01023666","E02004934"
"AL1 5WE","AL1  5WE","AL1 5WE","200112","200408","E10000015","E58000664","E07000240","E05013951","E43000290","1","516245","0206889","5","E18000006","E40000007","E92000001","E12000006","5","E14001507","E15000006","E24000005","E30000237","E16000150","E07000240","26UGFX","E00120192","26UGFX","E65000001","E01023666","E02004934","5","2A1","E00120192","E01023666","E02004934","E33027442","E38000079","E63011552","C1","2D1",51.748647,-0.317523,"E37000048","","E23000027",22583,"E56000035","E54000025","E00120192","E01023666","E02004934"
"AL1 5WF","AL1  5WF","AL1 5WF","200112","201606","E10000015","E58000664","E07000240","E05013956","E43000290","1","517321","0206803","1","E18000006","E40000007","E92000001","E12000006","5","E14001507","E15000006","E24000005","E30000237","E16000150","E07000240","26UGFX","E00120196","26UGFX","E65000001","E01023667","E02004936","5","6D1","E00120196","E01023667","E02004936","E33027453","E38000079","E63011552","C1","5A2",51.747650,-0.301973,"E37000048","","E23000027",30628,"E56000035","E54000025","E00120196","E01023667","E02004936"
"AL1 5WG","AL1  5WG","AL1 5WG","200206","200306","E10000015","E58000664","E07000240","E05013951","E43000290","1","516245","0206889","5","E18000006","E40000007","E92000001","E12000006","5","E14001507","E15000006","E24000005","E30000237","E16000150","E07000240","26UGFX","E00120192","26UGFX","E65000001","E01023666","E02004934","5","2A1","E00120192","E01023666","E02004934","E33027442","E38000079","E63011552","C1","2D1",51.748647,-0.317523,"E37000048","","E23000027",22583,"E56000035","E54000025","E00120192","E01023666","E02004934"
"AL1 5WH","AL1  5WH","AL1 5WH","200206","200305","E10000015","E58000664","E07000240","E05013951","E43000290","1","516245","0206889","5","E18000006","E40000007","E92000001","E12000006","5","E14001507","E15000006","E24000005","E30000237","E16000150","E07000240","26UGFX","E00120192","26UGFX","E65000001","E01023666","E02004934","5","2A1","E00120192","E01023666","E02004934","E33027442","E38000079","E63011552","C1","2D1",51.748647,-0.317523,"E37000048","","E23000027",22583,"E56000035","E54000025","E00120192","E01023666","E02004934"
"AL1 5WJ","AL1  5WJ","AL1 5WJ","201008","201704","E10000015","E58000664","E07000240","E05013956","E43000290","1","517321","0206803","1","E18000006","E40000007","E92000001","E12000006","5","E14001507","E15000006","E24000005","E30000237","E16000150","E07000240","26UGFX","E00120196","26UGFX","E65000001","E01023667","E02004936","5","6D1","E00120196","E01023667","E02004936","E33027453","E38000079","E63011552","C1","5A2",51.747650,-0.301973,"E37000048","","E23000027",30628,"E56000035","E54000025","E00120196","E01023667","E02004936"
"AL1 5WL","AL1  5WL","AL1 5WL","200206","200306","E10000015","E58000664","E07000240","E05013951","E43000290","1","516245","0206889","5","E18000006","E40000007","E92000001","E12000006","5","E14001507","E15000006","E24000005","E30000237","E16000150","E07000240","26UGFX","E00120192","26UGFX","E65000001","E01023666","E02004934","5","2A1","E00120192","E01023666","E02004934","E33027442","E38000079","E63011552","C1","2D1",51.748647,-0.317523,"E37000048","","E23000027",22583,"E56000035","E54000025","E00120192","E01023666","E02004934"
"AL1 5WX","AL1  5WX","AL1 5WX","200411","200603","E10000015","E58000664","E07000240","E05013956","E43000290","1","517328","0206823","1","E18000006","E40000007","E92000001","E12000006","5","E14001507","E15000006","E24000005","E30000237","E16000150","E07000240","26UGFX","E00120196","26UGFX","E65000001","E01023667","E02004936","5","6D1","E00120196","E01023667","E02004936","E33027453","E38000079","E63011552","C1","5A2",51.747828,-0.301865,"E37000048","","E23000027",30628,"E56000035","E54000025","E00120196","E01023667","E02004936"
"AL1 5WY","AL1  5WY","AL1 5WY","200709","201207","E10000015","E58000664","E07000240","E05013956","E43000290","1","517328","0206823","1","E18000006","E40000007","E92000001","E12000006","5","E14001507","E15000006","E24000005","E30000237","E16000150","E07000240","26UGFX","E00120196","26UGFX","E65000001","E01023667","E02004936","5","6D1","E00120196","E01023667","E02004936","E33027453","E38000079","E63011552","C1","5A2",51.747828,-0.301865,"E37000048","","E23000027",30628,"E56000035","E54000025","E00120196","E01023667","E02004936"
"AL1 5WZ","AL1  5WZ","AL1 5WZ","200112","200408","E10000015","E58000664","E07000240","E05013951","E43000290","1","516245","0206889","5","E18000006","E40000007","E92000001","E12000006","5","E14001507","E15000006","E24000005","E30000237","E16000150","E07000240","26UGFX","E00120192","26UGFX","E65000001","E01023666","E02004934","5","2A1","E00120192","E01023666","E02004934","E33027442","E38000079","E63011552","C1","2D1",51.748647,-0.317523,"E37000048","","E23000027",22583,"E56000035","E54000025","E00120192","E01023666","E02004934"
"AL1 5XG","AL1  5XG","AL1 5XG","200405","200601","E10000015","E58000664","E07000240","E05013951","E43000290","1","516245","0206889","5","E18000006","E40000007","E92000001","E12000006","5","E14001507","E15000006","E24000005","E30000237","E16000150","E07000240","26UGFX","E00120192","26UGFX","E65000001","E01023666","E02004934","5","2A1","E00120192","E01023666","E02004934","E33027442","E38000079","E63011552","C1","2D1",51.748647,-0.317523,"E37000048","","E23000027",22583,"E56000035","E54000025","E00120192","E01023666","E02004934"
"AL1 5XJ","AL1  5XJ","AL1 5XJ","200212","200405","E10000015","E58000664","E07000240","E05013951","E43000290","1","516245","0206889","5","E18000006","E40000007","E92000001","E12000006","5","E14001507","E15000006","E24000005","E30000237","E16000150","E07000240","26UGFX","E00120192","26UGFX","E65000001","E01023666","E02004934","5","2A1","E00120192","E01023666","E02004934","E33027442","E38000079","E63011552","C1","2D1",51.748647,-0.317523,"E37000048","","E23000027",22583,"E56000035","E54000025","E00120192","E01023666","E02004934"
"AL1 5XL","AL1  5XL","AL1 5XL","200403","200507","E10000015","E58000664","E07000240","E05013951","E43000290","1","516245","0206889","5","E18000006","E40000007","E92000001","E12000006","5","E14001507","E15000006","E24000005","E30000237","E16000150","E07000240","26UGFX","E00120192","26UGFX","E65000001","E01023666","E02004934","5","2A1","E00120192","E01023666","E02004934","E33027442","E38000079","E63011552","C1","2D1",51.748647,-0.317523,"E37000048","","E23000027",22583,"E56000035","E54000025","E00120192","E01023666","E02004934"
"AL1 5XN","AL1  5XN","AL1 5XN","200210","200602","E10000015","E58000664","E07000240","E05013956","E43000290","1","517328","0206823","1","E18000006","E40000007","E92000001","E12000006","5","E14001507","E15000006","E24000005","E30000237","E16000150","E07000240","26UGFX","E00120196","26UGFX","E65000001","E01023667","E02004936","5","6D1","E00120196","E01023667","E02004936","E33027453","E38000079","E63011552","C1","5A2",51.747828,-0.301865,"E37000048","","E23000027",30628,"E56000035","E54000025","E00120196","E01023667","E02004936"
"AL1 5XP","AL1  5XP","AL1 5XP","200309","200806","E10000015","E58000664","E07000240","E05013956","E43000290","1","517328","0206823","1","E18000006","E40000007","E92000001","E12000006","5","E14001507","E15000006","E24000005","E30000237","E16000150","E07000240","26UGFX","E00120196","26UGFX","E65000001","E01023667","E02004936","5","6D1","E00120196","E01023667","E02004936","E33027453","E38000079","E63011552","C1","5A2",51.747828,-0.301865,"E37000048","","E23000027",30628,"E56000035","E54000025","E00120196","E01023667","E02004936"
"AL1 5XQ","AL1  5XQ","AL1 5XQ","200301","200402","E10000015","E58000664","E07000240","E05013951","E43000290","1","516245","0206889","5","E18000006","E40000007","E92000001","E12000006","5","E14001507","E15000006","E24000005","E30000237","E16000150","E07000240","26UGFX","E00120192","26UGFX","E65000001","E01023666","E02004934","5","2A1","E00120192","E01023666","E02004934","E33027442","E38000079","E63011552","C1","2D1",51.748647,-0.317523,"E37000048","","E23000027",22583,"E56000035","E54000025","E00120192","E01023666","E02004934"
"AL1 5XR","AL1  5XR","AL1 5XR","200310","201108","E10000015","E58000664","E07000240","E05013956","E43000290","1","517328","0206823","1","E18000006","E40000007","E92000001","E12000006","5","E14001507","E15000006","E24000005","E30000237","E16000150","E07000240","26UGFX","E00120196","26UGFX","E65000001","E01023667","E02004936","5","6D1","E00120196","E01023667","E02004936","E33027453","E38000079","E63011552","C1","5A2",51.747828,-0.301865,"E37000048","","E23000027",30628,"E56000035","E54000025","E00120196","E01023667","E02004936"
"AL1 5XS","AL1  5XS","AL1 5XS","200605","200804","E10000015","E58000664","E07000240","E05013956","E43000290","1","517328","0206823","1","E18000006","E40000007","E92000001","E12000006","5","E14001507","E15000006","E24000005","E30000237","E16000150","E07000240","26UGFX","E00120196","26UGFX","E65000001","E01023667","E02004936","5","6D1","E00120196","E01023667","E02004936","E33027453","E38000079","E63011552","C1","5A2",51.747828,-0.301865,"E37000048","","E23000027",30628,"E56000035","E54000025","E00120196","E01023667","E02004936"
"AL1 5XT","AL1  5XT","AL1 5XT","200306","200908","E10000015","E58000664","E07000240","E05013956","E43000290","1","517328","0206823","1","E18000006","E40000007","E92000001","E12000006","5","E14001507","E15000006","E24000005","E30000237","E16000150","E07000240","26UGFX","E00120196","26UGFX","E65000001","E01023667","E02004936","5","6D1","E00120196","E01023667","E02004936","E33027453","E38000079","E63011552","C1","5A2",51.747828,-0.301865,"E37000048","","E23000027",30628,"E56000035","E54000025","E00120196","E01023667","E02004936"
"AL1 5XW","AL1  5XW","AL1 5XW","200405","200508","E10000015","E58000664","E07000240","E05013951","E43000290","1","516245","0206889","5","E18000006","E40000007","E92000001","E12000006","5","E14001507","E15000006","E24000005","E30000237","E16000150","E07000240","26UGFX","E00120192","26UGFX","E65000001","E01023666","E02004934","5","2A1","E00120192","E01023666","E02004934","E33027442","E38000079","E63011552","C1","2D1",51.748647,-0.317523,"E37000048","","E23000027",22583,"E56000035","E54000025","E00120192","E01023666","E02004934"
"AL1 5XZ","AL1  5XZ","AL1 5XZ","200208","200310","E10000015","E58000664","E07000240","E05013951","E43000290","1","516245","0206889","5","E18000006","E40000007","E92000001","E12000006","5","E14001507","E15000006","E24000005","E30000237","E16000150","E07000240","26UGFX","E00120192","26UGFX","E65000001","E01023666","E02004934","5","2A1","E00120192","E01023666","E02004934","E33027442","E38000079","E63011552","C1","2D1",51.748647,-0.317523,"E37000048","","E23000027",22583,"E56000035","E54000025","E00120192","E01023666","E02004934"
"AL1 5YT","AL1  5YT","AL1 5YT","199806","200006","E10000015","E58000664","E07000240","E05013951","E43000290","1","516549","0206669","6","E18000006","E40000007","E92000001","E12000006","5","E14001507","E15000006","E24000005","E30000237","E16000150","E07000240","26UGGB","E00120263","26UGGB","E65000001","E01023681","E02004939","5","7A2","E00120263","E01023681","E02004939","E33027466","E38000079","E63011552","C1","4B1",51.746607,-0.313195,"E37000048","","E23000027",13880,"E56000035","E54000025","E00120263","E01023681","E02004939"
"AL1 5YY","AL1  5YY","AL1 5YY","200311","200602","E10000015","E58000664","E07000240","E05013956","E43000290","1","517328","0206823","1","E18000006","E40000007","E92000001","E12000006","5","E14001507","E15000006","E24000005","E30000237","E16000150","E07000240","26UGFX","E00120196","26UGFX","E65000001","E01023667","E02004936","5","6D1","E00120196","E01023667","E02004936","E33027453","E38000079","E63011552","C1","5A2",51.747828,-0.301865,"E37000048","","E23000027",30628,"E56000035","E54000025","E00120196","E01023667","E02004936"
"AL1 5YZ","AL1  5YZ","AL1 5YZ","200106","200210","E10000015","E58000664","E07000240","E05013956","E43000290","1","517328","0206823","1","E18000006","E40000007","E92000001","E12000006","5","E14001507","E15000006","E24000005","E30000237","E16000150","E07000240","26UGFX","E00120196","26UGFX","E65000001","E01023667","E02004936","5","6D1","E00120196","E01023667","E02004936","E33027453","E38000079","E63011552","C1","5A2",51.747828,-0.301865,"E37000048","","E23000027",30628,"E56000035","E54000025","E00120196","E01023667","E02004936"
"AL1 5ZD","AL1  5ZD","AL1 5ZD","199806","199812","E10000015","E58000664","E07000240","E05013951","E43000290","1","516549","0206669","6","E18000006","E40000007","E92000001","E12000006","5","E14001507","E15000006","E24000005","E30000237","E16000150","E07000240","26UGGB","E00120263","26UGGB","E65000001","E01023681","E02004939","5","7A2","E00120263","E01023681","E02004939","E33027466","E38000079","E63011552","C1","4B1",51.746607,-0.313195,"E37000048","","E23000027",13880,"E56000035","E54000025","E00120263","E01023681","E02004939"
"AL1 5ZE","AL1  5ZE","AL1 5ZE","199806","199912","E10000015","E58000664","E07000240","E05013951","E43000290","1","516549","0206669","6","E18000006","E40000007","E92000001","E12000006","5","E14001507","E15000006","E24000005","E30000237","E16000150","E07000240","26UGGB","E00120263","26UGGB","E65000001","E01023681","E02004939","5","7A2","E00120263","E01023681","E02004939","E33027466","E38000079","E63011552","C1","4B1",51.746607,-0.313195,"E37000048","","E23000027",13880,"E56000035","E54000025","E00120263","E01023681","E02004939"
"AL1 5ZF","AL1  5ZF","AL1 5ZF","199812","201105","E10000015","E58000664","E07000240","E05013956","E43000290","1","517328","0206823","1","E18000006","E40000007","E92000001","E12000006","5","E14001507","E15000006","E24000005","E30000237","E16000150","E07000240","26UGFX","E00120196","26UGFX","E65000001","E01023667","E02004936","5","6D1","E00120196","E01023667","E02004936","E33027453","E38000079","E63011552","C1","5A2",51.747828,-0.301865,"E37000048","","E23000027",30628,"E56000035","E54000025","E00120196","E01023667","E02004936"
"AL1 5ZG","AL1  5ZG","AL1 5ZG","200012","200602","E10000015","E58000664","E07000240","E05013956","E43000290","1","517328","0206823","1","E18000006","E40000007","E92000001","E12000006","5","E14001507","E15000006","E24000005","E30000237","E16000150","E07000240","26UGFX","E00120196","26UGFX","E65000001","E01023667","E02004936","5","6D1","E00120196","E01023667","E02004936","E33027453","E38000079","E63011552","C1","5A2",51.747828,-0.301865,"E37000048","","E23000027",30628,"E56000035","E54000025","E00120196","E01023667","E02004936"
"AL1 5ZH","AL1  5ZH","AL1 5ZH","200012","200203","E10000015","E58000664","E07000240","E05013956","E43000290","1","517328","0206823","1","E18000006","E40000007","E92000001","E12000006","5","E14001507","E15000006","E24000005","E30000237","E16000150","E07000240","26UGFX","E00120196","26UGFX","E65000001","E01023667","E02004936","5","6D1","E00120196","E01023667","E02004936","E33027453","E38000079","E63011552","C1","5A2",51.747828,-0.301865,"E37000048","","E23000027",30628,"E56000035","E54000025","E00120196","E01023667","E02004936"
"AL1 5ZJ","AL1  5ZJ","AL1 5ZJ","200012","200408","E10000015","E58000664","E07000240","E05013956","E43000290","1","517328","0206823","1","E18000006","E40000007","E92000001","E12000006","5","E14001507","E15000006","E24000005","E30000237","E16000150","E07000240","26UGFX","E00120196","26UGFX","E65000001","E01023667","E02004936","5","6D1","E00120196","E01023667","E02004936","E33027453","E38000079","E63011552","C1","5A2",51.747828,-0.301865,"E37000048","","E23000027",30628,"E56000035","E54000025","E00120196","E01023667","E02004936"
"AL1 5ZL","AL1  5ZL","AL1 5ZL","200012","200310","E10000015","E58000664","E07000240","E05013956","E43000290","1","517328","0206823","1","E18000006","E40000007","E92000001","E12000006","5","E14001507","E15000006","E24000005","E30000237","E16000150","E07000240","26UGFX","E00120196","26UGFX","E65000001","E01023667","E02004936","5","6D1","E00120196","E01023667","E02004936","E33027453","E38000079","E63011552","C1","5A2",51.747828,-0.301865,"E37000048","","E23000027",30628,"E56000035","E54000025","E00120196","E01023667","E02004936"
"AL1 5ZN","AL1  5ZN","AL1 5ZN","200702","201501","E10000015","E58000664","E07000240","E05013956","E43000290","1","517328","0206823","1","E18000006","E40000007","E92000001","E12000006","5","E14001507","E15000006","E24000005","E30000237","E16000150","E07000240","26UGFX","E00120196","26UGFX","E65000001","E01023667","E02004936","5","6D1","E00120196","E01023667","E02004936","E33027453","E38000079","E63011552","C1","5A2",51.747828,-0.301865,"E37000048","","E23000027",30628,"E56000035","E54000025","E00120196","E01023667","E02004936"
"AL1 5ZP","AL1  5ZP","AL1 5ZP","200012","200104","E10000015","E58000664","E07000240","E05013951","E43000290","1","516245","0206889","5","E18000006","E40000007","E92000001","E12000006","5","E14001507","E15000006","E24000005","E30000237","E16000150","E07000240","26UGFX","E00120192","26UGFX","E65000001","E01023666","E02004934","5","2A1","E00120192","E01023666","E02004934","E33027442","E38000079","E63011552","C1","2D1",51.748647,-0.317523,"E37000048","","E23000027",22583,"E56000035","E54000025","E00120192","E01023666","E02004934"
"AL1 5ZQ","AL1  5ZQ","AL1 5ZQ","200309","200602","E10000015","E58000664","E07000240","E05013956","E43000290","1","517328","0206823","1","E18000006","E40000007","E92000001","E12000006","5","E14001507","E15000006","E24000005","E30000237","E16000150","E07000240","26UGFX","E00120196","26UGFX","E65000001","E01023667","E02004936","5","6D1","E00120196","E01023667","E02004936","E33027453","E38000079","E63011552","C1","5A2",51.747828,-0.301865,"E37000048","","E23000027",30628,"E56000035","E54000025","E00120196","E01023667","E02004936"
"AL1 5ZR","AL1  5ZR","AL1 5ZR","200006","200201","E10000015","E58000664","E07000240","E05013956","E43000290","1","517328","0206823","1","E18000006","E40000007","E92000001","E12000006","5","E14001507","E15000006","E24000005","E30000237","E16000150","E07000240","26UGFX","E00120196","26UGFX","E65000001","E01023667","E02004936","5","6D1","E00120196","E01023667","E02004936","E33027453","E38000079","E63011552","C1","5A2",51.747828,-0.301865,"E37000048","","E23000027",30628,"E56000035","E54000025","E00120196","E01023667","E02004936"
"AL1 5ZS","AL1  5ZS","AL1 5ZS","199907","200009","E10000015","E58000664","E07000240","E05013951","E43000290","1","516549","0206669","6","E18000006","E40000007","E92000001","E12000006","5","E14001507","E15000006","E24000005","E30000237","E16000150","E07000240","26UGGB","E00120263","26UGGB","E65000001","E01023681","E02004939","5","7A2","E00120263","E01023681","E02004939","E33027466","E38000079","E63011552","C1","4B1",51.746607,-0.313195,"E37000048","","E23000027",13880,"E56000035","E54000025","E00120263","E01023681","E02004939"
"AL1 5ZT","AL1  5ZT","AL1 5ZT","199912","200101","E10000015","E58000664","E07000240","E05013951","E43000290","1","516549","0206669","6","E18000006","E40000007","E92000001","E12000006","5","E14001507","E15000006","E24000005","E30000237","E16000150","E07000240","26UGGB","E00120263","26UGGB","E65000001","E01023681","E02004939","5","7A2","E00120263","E01023681","E02004939","E33027466","E38000079","E63011552","C1","4B1",51.746607,-0.313195,"E37000048","","E23000027",13880,"E56000035","E54000025","E00120263","E01023681","E02004939"
"AL1 5ZU","AL1  5ZU","AL1 5ZU","200403","201205","E10000015","E58000664","E07000240","E05013956","E43000290","1","517328","0206823","1","E18000006","E40000007","E92000001","E12000006","5","E14001507","E15000006","E24000005","E30000237","E16000150","E07000240","26UGFX","E00120196","26UGFX","E65000001","E01023667","E02004936","5","6D1","E00120196","E01023667","E02004936","E33027453","E38000079","E63011552","C1","5A2",51.747828,-0.301865,"E37000048","","E23000027",30628,"E56000035","E54000025","E00120196","E01023667","E02004936"
"AL1 5ZW","AL1  5ZW","AL1 5ZW","200604","200812","E10000015","E58000664","E07000240","E05013956","E43000290","1","517328","0206823","1","E18000006","E40000007","E92000001","E12000006","5","E14001507","E15000006","E24000005","E30000237","E16000150","E07000240","26UGFX","E00120196","26UGFX","E65000001","E01023667","E02004936","5","6D1","E00120196","E01023667","E02004936","E33027453","E38000079","E63011552","C1","5A2",51.747828,-0.301865,"E37000048","","E23000027",30628,"E56000035","E54000025","E00120196","E01023667","E02004936"
"AL1 5ZX","AL1  5ZX","AL1 5ZX","199812","200911","E10000015","E58000664","E07000240","E05013956","E43000290","1","517328","0206823","1","E18000006","E40000007","E92000001","E12000006","5","E14001507","E15000006","E24000005","E30000237","E16000150","E07000240","26UGFX","E00120196","26UGFX","E65000001","E01023667","E02004936","5","6D1","E00120196","E01023667","E02004936","E33027453","E38000079","E63011552","C1","5A2",51.747828,-0.301865,"E37000048","","E23000027",30628,"E56000035","E54000025","E00120196","E01023667","E02004936"
"AL1 5ZY","AL1  5ZY","AL1 5ZY","200012","200402","E10000015","E58000664","E07000240","E05013956","E43000290","1","517328","0206823","1","E18000006","E40000007","E92000001","E12000006","5","E14001507","E15000006","E24000005","E30000237","E16000150","E07000240","26UGFX","E00120196","26UGFX","E65000001","E01023667","E02004936","5","6D1","E00120196","E01023667","E02004936","E33027453","E38000079","E63011552","C1","5A2",51.747828,-0.301865,"E37000048","","E23000027",30628,"E56000035","E54000025","E00120196","E01023667","E02004936"
"AL1 5ZZ","AL1  5ZZ","AL1 5ZZ","200709","201205","E10000015","E58000664","E07000240","E05013956","E43000290","1","517328","0206823","1","E18000006","E40000007","E92000001","E12000006","5","E14001507","E15000006","E24000005","E30000237","E16000150","E07000240","26UGFX","E00120196","26UGFX","E65000001","E01023667","E02004936","5","6D1","E00120196","E01023667","E02004936","E33027453","E38000079","E63011552","C1","5A2",51.747828,-0.301865,"E37000048","","E23000027",30628,"E56000035","E54000025","E00120196","E01023667","E02004936"
"AL1 9AA","AL1  9AA","AL1 9AA","201602","201709","E10000015","E58000664","E07000240","E05013956","E43000290","1","517321","0206803","1","E18000006","E40000007","E92000001","E12000006","5","E14001507","E15000006","E24000005","E30000237","E16000150","E07000240","26UGFX","E00120196","26UGFX","E65000001","E01023667","E02004936","5","6D1","E00120196","E01023667","E02004936","E33027453","E38000079","E63011552","C1","5A2",51.747650,-0.301973,"E37000048","","E23000027",30628,"E56000035","E54000025","E00120196","E01023667","E02004936"
"AL1 9AB","AL1  9AB","AL1 9AB","200909","201507","E10000015","E58000664","E07000240","E05013956","E43000290","1","517328","0206823","1","E18000006","E40000007","E92000001","E12000006","5","E14001507","E15000006","E24000005","E30000237","E16000150","E07000240","26UGFX","E00120196","26UGFX","E65000001","E01023667","E02004936","5","6D1","E00120196","E01023667","E02004936","E33027453","E38000079","E63011552","C1","5A2",51.747828,-0.301865,"E37000048","","E23000027",30628,"E56000035","E54000025","E00120196","E01023667","E02004936"
"AL1 9AD","AL1  9AD","AL1 9AD","200501","201312","E10000015","E58000664","E07000240","E05013956","E43000290","1","517328","0206823","1","E18000006","E40000007","E92000001","E12000006","5","E14001507","E15000006","E24000005","E30000237","E16000150","E07000240","26UGFX","E00120196","26UGFX","E65000001","E01023667","E02004936","5","6D1","E00120196","E01023667","E02004936","E33027453","E38000079","E63011552","C1","5A2",51.747828,-0.301865,"E37000048","","E23000027",30628,"E56000035","E54000025","E00120196","E01023667","E02004936"
"AL1 9AE","AL1  9AE","AL1 9AE","202002","","E10000015","E58000664","E07000240","E05013956","E43000290","1","517321","0206803","1","E18000006","E40000007","E92000001","E12000006","5","E14001507","E15000006","E24000005","E30000237","E16000150","E07000240","26UGFX","E00120196","26UGFX","E65000001","E01023667","E02004936","5","6D1","E00120196","E01023667","E02004936","E33027453","E38000079","E63011552","C1","5A2",51.747655,-0.301949,"E37000048","","E23000027",30628,"E56000035","E54000025","E00120196","E01023667","E02004936"
"AL1 9AF","AL1  9AF","AL1 9AF","201603","201610","E10000015","E58000664","E07000240","E05013956","E43000290","1","517321","0206803","1","E18000006","E40000007","E92000001","E12000006","5","E14001507","E15000006","E24000005","E30000237","E16000150","E07000240","26UGFX","E00120196","26UGFX","E65000001","E01023667","E02004936","5","6D1","E00120196","E01023667","E02004936","E33027453","E38000079","E63011552","C1","5A2",51.747650,-0.301973,"E37000048","","E23000027",30628,"E56000035","E54000025","E00120196","E01023667","E02004936"
"AL1 9AG","AL1  9AG","AL1 9AG","201504","201605","E10000015","E58000664","E07000240","E05013956","E43000290","1","517321","0206803","1","E18000006","E40000007","E92000001","E12000006","5","E14001507","E15000006","E24000005","E30000237","E16000150","E07000240","26UGFX","E00120196","26UGFX","E65000001","E01023667","E02004936","5","6D1","E00120196","E01023667","E02004936","E33027453","E38000079","E63011552","C1","5A2",51.747650,-0.301973,"E37000048","","E23000027",30628,"E56000035","E54000025","E00120196","E01023667","E02004936"
"AL1 9AH","AL1  9AH","AL1 9AH","201603","202401","E10000015","E58000664","E07000240","E05013956","E43000290","1","517321","0206803","1","E18000006","E40000007","E92000001","E12000006","5","E14001507","E15000006","E24000005","E30000237","E16000150","E07000240","26UGFX","E00120196","26UGFX","E65000001","E01023667","E02004936","5","6D1","E00120196","E01023667","E02004936","E33027453","E38000079","E63011552","C1","5A2",51.747650,-0.301973,"E37000048","","E23000027",30628,"E56000035","E54000025","E00120196","E01023667","E02004936"
"AL1 9AJ","AL1  9AJ","AL1 9AJ","201603","201704","E10000015","E58000664","E07000240","E05013956","E43000290","1","517321","0206803","1","E18000006","E40000007","E92000001","E12000006","5","E14001507","E15000006","E24000005","E30000237","E16000150","E07000240","26UGFX","E00120196","26UGFX","E65000001","E01023667","E02004936","5","6D1","E00120196","E01023667","E02004936","E33027453","E38000079","E63011552","C1","5A2",51.747650,-0.301973,"E37000048","","E23000027",30628,"E56000035","E54000025","E00120196","E01023667","E02004936"
"AL1 9AL","AL1  9AL","AL1 9AL","200501","201202","E10000015","E58000664","E07000240","E05013956","E43000290","1","517328","0206823","1","E18000006","E40000007","E92000001","E12000006","5","E14001507","E15000006","E24000005","E30000237","E16000150","E07000240","26UGFX","E00120196","26UGFX","E65000001","E01023667","E02004936","5","6D1","E00120196","E01023667","E02004936","E33027453","E38000079","E63011552","C1","5A2",51.747828,-0.301865,"E37000048","","E23000027",30628,"E56000035","E54000025","E00120196","E01023667","E02004936"
"AL1 9AN","AL1  9AN","AL1 9AN","200501","201001","E10000015","E58000664","E07000240","E05013956","E43000290","1","517328","0206823","1","E18000006","E40000007","E92000001","E12000006","5","E14001507","E15000006","E24000005","E30000237","E16000150","E07000240","26UGFX","E00120196","26UGFX","E65000001","E01023667","E02004936","5","6D1","E00120196","E01023667","E02004936","E33027453","E38000079","E63011552","C1","5A2",51.747828,-0.301865,"E37000048","","E23000027",30628,"E56000035","E54000025","E00120196","E01023667","E02004936"
"AL1 9AP","AL1  9AP","AL1 9AP","201705","201910","E10000015","E58000664","E07000240","E05013956","E43000290","1","517321","0206803","1","E18000006","E40000007","E92000001","E12000006","5","E14001507","E15000006","E24000005","E30000237","E16000150","E07000240","26UGFX","E00120196","26UGFX","E65000001","E01023667","E02004936","5","6D1","E00120196","E01023667","E02004936","E33027453","E38000079","E63011552","C1","5A2",51.747655,-0.301949,"E37000048","","E23000027",30628,"E56000035","E54000025","E00120196","E01023667","E02004936"
"AL1 9AQ","AL1  9AQ","AL1 9AQ","202010","202404","E10000015","E58000664","E07000240","E05013956","E43000290","1","517321","0206803","1","E18000006","E40000007","E92000001","E12000006","5","E14001507","E15000006","E24000005","E30000237","E16000150","E07000240","26UGFX","E00120196","26UGFX","E65000001","E01023667","E02004936","5","6D1","E00120196","E01023667","E02004936","E33027453","E38000079","E63011552","C1","5A2",51.747655,-0.301949,"E37000048","","E23000027",30628,"E56000035","E54000025","E00120196","E01023667","E02004936"
"AL1 9AR","AL1  9AR","AL1 9AR","200502","200511","E10000015","E58000663","E07000240","E05013964","E43000290","1","514949","0207389","6","E18000006","E40000007","E92000001","E12000006","5","E14001507","E15000006","E24000005","E30000237","E16000150","E07000240","26UGGM","E00120479","26UGGM","E65000001","E01023727","E02004935","5","2B1","E00120479","E01023727","E02004935","E33024328","E38000079","E63011552","C1","2D1",51.753408,-0.336123,"E37000048","","E23000027",15120,"E56000035","E54000025","E00120479","E01023727","E02004935"
"AL1 9AS","AL1  9AS","AL1 9AS","202010","202111","E10000015","E58000664","E07000240","E05013956","E43000290","1","517321","0206803","1","E18000006","E40000007","E92000001","E12000006","5","E14001507","E15000006","E24000005","E30000237","E16000150","E07000240","26UGFX","E00120196","26UGFX","E65000001","E01023667","E02004936","5","6D1","E00120196","E01023667","E02004936","E33027453","E38000079","E63011552","C1","5A2",51.747655,-0.301949,"E37000048","","E23000027",30628,"E56000035","E54000025","E00120196","E01023667","E02004936"
"AL1 9AT","AL1  9AT","AL1 9AT","201607","201709","E10000015","E58000664","E07000240","E05013956","E43000290","1","517321","0206803","1","E18000006","E40000007","E92000001","E12000006","5","E14001507","E15000006","E24000005","E30000237","E16000150","E07000240","26UGFX","E00120196","26UGFX","E65000001","E01023667","E02004936","5","6D1","E00120196","E01023667","E02004936","E33027453","E38000079","E63011552","C1","5A2",51.747650,-0.301973,"E37000048","","E23000027",30628,"E56000035","E54000025","E00120196","E01023667","E02004936"
"AL1 9AU","AL1  9AU","AL1 9AU","200502","200903","E10000015","E58000664","E07000240","E05013956","E43000290","1","517328","0206823","1","E18000006","E40000007","E92000001","E12000006","5","E14001507","E15000006","E24000005","E30000237","E16000150","E07000240","26UGFX","E00120196","26UGFX","E65000001","E01023667","E02004936","5","6D1","E00120196","E01023667","E02004936","E33027453","E38000079","E63011552","C1","5A2",51.747828,-0.301865,"E37000048","","E23000027",30628,"E56000035","E54000025","E00120196","E01023667","E02004936"
"AL1 9AW","AL1  9AW","AL1 9AW","202011","202103","E10000015","E58000664","E07000240","E05013956","E43000290","1","517321","0206803","1","E18000006","E40000007","E92000001","E12000006","5","E14001507","E15000006","E24000005","E30000237","E16000150","E07000240","26UGFX","E00120196","26UGFX","E65000001","E01023667","E02004936","5","6D1","E00120196","E01023667","E02004936","E33027453","E38000079","E63011552","C1","5A2",51.747655,-0.301949,"E37000048","","E23000027",30628,"E56000035","E54000025","E00120196","E01023667","E02004936"
"AL1 9AX","AL1  9AX","AL1 9AX","202002","202103","E10000015","E58000664","E07000240","E05013956","E43000290","1","517321","0206803","1","E18000006","E40000007","E92000001","E12000006","5","E14001507","E15000006","E24000005","E30000237","E16000150","E07000240","26UGFX","E00120196","26UGFX","E65000001","E01023667","E02004936","5","6D1","E00120196","E01023667","E02004936","E33027453","E38000079","E63011552","C1","5A2",51.747655,-0.301949,"E37000048","","E23000027",30628,"E56000035","E54000025","E00120196","E01023667","E02004936"
"AL1 9AY","AL1  9AY","AL1 9AY","200502","201003","E10000015","E58000664","E07000240","E05013956","E43000290","1","517328","0206823","1","E18000006","E40000007","E92000001","E12000006","5","E14001507","E15000006","E24000005","E30000237","E16000150","E07000240","26UGFX","E00120196","26UGFX","E65000001","E01023667","E02004936","5","6D1","E00120196","E01023667","E02004936","E33027453","E38000079","E63011552","C1","5A2",51.747828,-0.301865,"E37000048","","E23000027",30628,"E56000035","E54000025","E00120196","E01023667","E02004936"
"AL1 9AZ","AL1  9AZ","AL1 9AZ","201610","201704","E10000015","E58000664","E07000240","E05013956","E43000290","1","517321","0206803","1","E18000006","E40000007","E92000001","E12000006","5","E14001507","E15000006","E24000005","E30000237","E16000150","E07000240","26UGFX","E00120196","26UGFX","E65000001","E01023667","E02004936","5","6D1","E00120196","E01023667","E02004936","E33027453","E38000079","E63011552","C1","5A2",51.747655,-0.301949,"E37000048","","E23000027",30628,"E56000035","E54000025","E00120196","E01023667","E02004936"
"AL1 9BA","AL1  9BA","AL1 9BA","200503","","E10000015","E58000664","E07000240","E05013956","E43000290","1","517321","0206803","1","E18000006","E40000007","E92000001","E12000006","5","E14001507","E15000006","E24000005","E30000237","E16000150","E07000240","26UGFX","E00120196","26UGFX","E65000001","E01023667","E02004936","5","6D1","E00120196","E01023667","E02004936","E33027453","E38000079","E63011552","C1","5A2",51.747650,-0.301973,"E37000048","","E23000027",30628,"E56000035","E54000025","E00120196","E01023667","E02004936"
"AL1 9BB","AL1  9BB","AL1 9BB","201610","201705","E10000015","E58000664","E07000240","E05013956","E43000290","1","517321","0206803","1","E18000006","E40000007","E92000001","E12000006","5","E14001507","E15000006","E24000005","E30000237","E16000150","E07000240","26UGFX","E00120196","26UGFX","E65000001","E01023667","E02004936","5","6D1","E00120196","E01023667","E02004936","E33027453","E38000079","E63011552","C1","5A2",51.747655,-0.301949,"E37000048","","E23000027",30628,"E56000035","E54000025","E00120196","E01023667","E02004936"
"AL1 9BD","AL1  9BD","AL1 9BD","202011","","E10000015","E58000664","E07000240","E05013956","E43000290","1","517321","0206803","1","E18000006","E40000007","E92000001","E12000006","5","E14001507","E15000006","E24000005","E30000237","E16000150","E07000240","26UGFX","E00120196","26UGFX","E65000001","E01023667","E02004936","5","6D1","E00120196","E01023667","E02004936","E33027453","E38000079","E63011552","C1","5A2",51.747655,-0.301949,"E37000048","","E23000027",30628,"E56000035","E54000025","E00120196","E01023667","E02004936"
"AL1 9BE","AL1  9BE","AL1 9BE","200503","202004","E10000015","E58000664","E07000240","E05013956","E43000290","1","517321","0206803","1","E18000006","E40000007","E92000001","E12000006","5","E14001507","E15000006","E24000005","E30000237","E16000150","E07000240","26UGFX","E00120196","26UGFX","E65000001","E01023667","E02004936","5","6D1","E00120196","E01023667","E02004936","E33027453","E38000079","E63011552","C1","5A2",51.747650,-0.301973,"E37000048","","E23000027",30628,"E56000035","E54000025","E00120196","E01023667","E02004936"
"AL1 9BF","AL1  9BF","AL1 9BF","200503","201204","E10000015","E58000664","E07000240","E05013956","E43000290","1","517328","0206823","1","E18000006","E40000007","E92000001","E12000006","5","E14001507","E15000006","E24000005","E30000237","E16000150","E07000240","26UGFX","E00120196","26UGFX","E65000001","E01023667","E02004936","5","6D1","E00120196","E01023667","E02004936","E33027453","E38000079","E63011552","C1","5A2",51.747828,-0.301865,"E37000048","","E23000027",30628,"E56000035","E54000025","E00120196","E01023667","E02004936"
"AL1 9BG","AL1  9BG","AL1 9BG","201804","201906","E10000015","E58000664","E07000240","E05013956","E43000290","1","517321","0206803","1","E18000006","E40000007","E92000001","E12000006","5","E14001507","E15000006","E24000005","E30000237","E16000150","E07000240","26UGFX","E00120196","26UGFX","E65000001","E01023667","E02004936","5","6D1","E00120196","E01023667","E02004936","E33027453","E38000079","E63011552","C1","5A2",51.747655,-0.301949,"E37000048","","E23000027",30628,"E56000035","E54000025","E00120196","E01023667","E02004936"
"AL1 9BH","AL1  9BH","AL1 9BH","200503","200604","E10000015","E58000664","E07000240","E05013956","E43000290","1","517328","0206823","1","E18000006","E40000007","E92000001","E12000006","5","E14001507","E15000006","E24000005","E30000237","E16000150","E07000240","26UGFX","E00120196","26UGFX","E65000001","E01023667","E02004936","5","6D1","E00120196","E01023667","E02004936","E33027453","E38000079","E63011552","C1","5A2",51.747828,-0.301865,"E37000048","","E23000027",30628,"E56000035","E54000025","E00120196","E01023667","E02004936"
"AL1 9BJ","AL1  9BJ","AL1 9BJ","201611","201912","E10000015","E58000664","E07000240","E05013956","E43000290","1","517321","0206803","1","E18000006","E40000007","E92000001","E12000006","5","E14001507","E15000006","E24000005","E30000237","E16000150","E07000240","26UGFX","E00120196","26UGFX","E65000001","E01023667","E02004936","5","6D1","E00120196","E01023667","E02004936","E33027453","E38000079","E63011552","C1","5A2",51.747655,-0.301949,"E37000048","","E23000027",30628,"E56000035","E54000025","E00120196","E01023667","E02004936"
"AL1 9BL","AL1  9BL","AL1 9BL","201611","","E10000015","E58000664","E07000240","E05013956","E43000290","1","517321","0206803","1","E18000006","E40000007","E92000001","E12000006","5","E14001507","E15000006","E24000005","E30000237","E16000150","E07000240","26UGFX","E00120196","26UGFX","E65000001","E01023667","E02004936","5","6D1","E00120196","E01023667","E02004936","E33027453","E38000079","E63011552","C1","5A2",51.747655,-0.301949,"E37000048","","E23000027",30628,"E56000035","E54000025","E00120196","E01023667","E02004936"
"AL1 9BN","AL1  9BN","AL1 9BN","201612","201707","E10000015","E58000664","E07000240","E05013956","E43000290","1","517321","0206803","1","E18000006","E40000007","E92000001","E12000006","5","E14001507","E15000006","E24000005","E30000237","E16000150","E07000240","26UGFX","E00120196","26UGFX","E65000001","E01023667","E02004936","5","6D1","E00120196","E01023667","E02004936","E33027453","E38000079","E63011552","C1","5A2",51.747655,-0.301949,"E37000048","","E23000027",30628,"E56000035","E54000025","E00120196","E01023667","E02004936"
"AL1 9BP","AL1  9BP","AL1 9BP","202011","202304","E10000015","E58000664","E07000240","E05013956","E43000290","1","517321","0206803","1","E18000006","E40000007","E92000001","E12000006","5","E14001507","E15000006","E24000005","E30000237","E16000150","E07000240","26UGFX","E00120196","26UGFX","E65000001","E01023667","E02004936","5","6D1","E00120196","E01023667","E02004936","E33027453","E38000079","E63011552","C1","5A2",51.747655,-0.301949,"E37000048","","E23000027",30628,"E56000035","E54000025","E00120196","E01023667","E02004936"
"AL1 9BQ","AL1  9BQ","AL1 9BQ","201701","202009","E10000015","E58000664","E07000240","E05013956","E43000290","1","517321","0206803","1","E18000006","E40000007","E92000001","E12000006","5","E14001507","E15000006","E24000005","E30000237","E16000150","E07000240","26UGFX","E00120196","26UGFX","E65000001","E01023667","E02004936","5","6D1","E00120196","E01023667","E02004936","E33027453","E38000079","E63011552","C1","5A2",51.747655,-0.301949,"E37000048","","E23000027",30628,"E56000035","E54000025","E00120196","E01023667","E02004936"
"AL1 9BR","AL1  9BR","AL1 9BR","201207","","E10000015","E58000664","E07000240","E05013956","E43000290","1","517321","0206803","1","E18000006","E40000007","E92000001","E12000006","5","E14001507","E15000006","E24000005","E30000237","E16000150","E07000240","26UGFX","E00120196","26UGFX","E65000001","E01023667","E02004936","5","6D1","E00120196","E01023667","E02004936","E33027453","E38000079","E63011552","C1","5A2",51.747650,-0.301973,"E37000048","","E23000027",30628,"E56000035","E54000025","E00120196","E01023667","E02004936"
"AL1 9BS","AL1  9BS","AL1 9BS","202002","","E10000015","E58000664","E07000240","E05013956","E43000290","1","517321","0206803","1","E18000006","E40000007","E92000001","E12000006","5","E14001507","E15000006","E24000005","E30000237","E16000150","E07000240","26UGFX","E00120196","26UGFX","E65000001","E01023667","E02004936","5","6D1","E00120196","E01023667","E02004936","E33027453","E38000079","E63011552","C1","5A2",51.747655,-0.301949,"E37000048","","E23000027",30628,"E56000035","E54000025","E00120196","E01023667","E02004936"
"AL1 9BT","AL1  9BT","AL1 9BT","200505","201605","E10000015","E58000664","E07000240","E05013956","E43000290","1","517321","0206803","1","E18000006","E40000007","E92000001","E12000006","5","E14001507","E15000006","E24000005","E30000237","E16000150","E07000240","26UGFX","E00120196","26UGFX","E65000001","E01023667","E02004936","5","6D1","E00120196","E01023667","E02004936","E33027453","E38000079","E63011552","C1","5A2",51.747650,-0.301973,"E37000048","","E23000027",30628,"E56000035","E54000025","E00120196","E01023667","E02004936"
"AL1 9BU","AL1  9BU","AL1 9BU","202011","","E10000015","E58000664","E07000240","E05013956","E43000290","1","517321","0206803","1","E18000006","E40000007","E92000001","E12000006","5","E14001507","E15000006","E24000005","E30000237","E16000150","E07000240","26UGFX","E00120196","26UGFX","E65000001","E01023667","E02004936","5","6D1","E00120196","E01023667","E02004936","E33027453","E38000079","E63011552","C1","5A2",51.747655,-0.301949,"E37000048","","E23000027",30628,"E56000035","E54000025","E00120196","E01023667","E02004936"
"AL1 9BW","AL1  9BW","AL1 9BW","200903","201106","E10000015","E58000664","E07000240","E05013956","E43000290","1","517328","0206823","1","E18000006","E40000007","E92000001","E12000006","5","E14001507","E15000006","E24000005","E30000237","E16000150","E07000240","26UGFX","E00120196","26UGFX","E65000001","E01023667","E02004936","5","6D1","E00120196","E01023667","E02004936","E33027453","E38000079","E63011552","C1","5A2",51.747828,-0.301865,"E37000048","","E23000027",30628,"E56000035","E54000025","E00120196","E01023667","E02004936"
"AL1 9BX","AL1  9BX","AL1 9BX","201207","201707","E10000015","E58000664","E07000240","E05013956","E43000290","1","517321","0206803","1","E18000006","E40000007","E92000001","E12000006","5","E14001507","E15000006","E24000005","E30000237","E16000150","E07000240","26UGFX","E00120196","26UGFX","E65000001","E01023667","E02004936","5","6D1","E00120196","E01023667","E02004936","E33027453","E38000079","E63011552","C1","5A2",51.747650,-0.301973,"E37000048","","E23000027",30628,"E56000035","E54000025","E00120196","E01023667","E02004936"
"AL1 9BY","AL1  9BY","AL1 9BY","202002","","E10000015","E58000664","E07000240","E05013956","E43000290","1","517321","0206803","1","E18000006","E40000007","E92000001","E12000006","5","E14001507","E15000006","E24000005","E30000237","E16000150","E07000240","26UGFX","E00120196","26UGFX","E65000001","E01023667","E02004936","5","6D1","E00120196","E01023667","E02004936","E33027453","E38000079","E63011552","C1","5A2",51.747655,-0.301949,"E37000048","","E23000027",30628,"E56000035","E54000025","E00120196","E01023667","E02004936"
"AL1 9BZ","AL1  9BZ","AL1 9BZ","200506","201307","E10000015","E58000664","E07000240","E05013956","E43000290","1","517328","0206823","1","E18000006","E40000007","E92000001","E12000006","5","E14001507","E15000006","E24000005","E30000237","E16000150","E07000240","26UGFX","E00120196","26UGFX","E65000001","E01023667","E02004936","5","6D1","E00120196","E01023667","E02004936","E33027453","E38000079","E63011552","C1","5A2",51.747828,-0.301865,"E37000048","","E23000027",30628,"E56000035","E54000025","E00120196","E01023667","E02004936"
"AL1 9DA","AL1  9DA","AL1 9DA","202012","","E10000015","E58000664","E07000240","E05013956","E43000290","1","517321","0206803","1","E18000006","E40000007","E92000001","E12000006","5","E14001507","E15000006","E24000005","E30000237","E16000150","E07000240","26UGFX","E00120196","26UGFX","E65000001","E01023667","E02004936","5","6D1","E00120196","E01023667","E02004936","E33027453","E38000079","E63011552","C1","5A2",51.747655,-0.301949,"E37000048","","E23000027",30628,"E56000035","E54000025","E00120196","E01023667","E02004936"
"AL1 9DB","AL1  9DB","AL1 9DB","201701","201802","E10000015","E58000664","E07000240","E05013956","E43000290","1","517321","0206803","1","E18000006","E40000007","E92000001","E12000006","5","E14001507","E15000006","E24000005","E30000237","E16000150","E07000240","26UGFX","E00120196","26UGFX","E65000001","E01023667","E02004936","5","6D1","E00120196","E01023667","E02004936","E33027453","E38000079","E63011552","C1","5A2",51.747655,-0.301949,"E37000048","","E23000027",30628,"E56000035","E54000025","E00120196","E01023667","E02004936"
"AL1 9DD","AL1  9DD","AL1 9DD","202012","202103","E10000015","E58000664","E07000240","E05013956","E43000290","1","517321","0206803","1","E18000006","E40000007","E92000001","E12000006","5","E14001507","E15000006","E24000005","E30000237","E16000150","E07000240","26UGFX","E00120196","26UGFX","E65000001","E01023667","E02004936","5","6D1","E00120196","E01023667","E02004936","E33027453","E38000079","E63011552","C1","5A2",51.747655,-0.301949,"E37000048","","E23000027",30628,"E56000035","E54000025","E00120196","E01023667","E02004936"
"AL1 9DE","AL1  9DE","AL1 9DE","200507","201307","E10000015","E58000664","E07000240","E05013956","E43000290","1","517328","0206823","1","E18000006","E40000007","E92000001","E12000006","5","E14001507","E15000006","E24000005","E30000237","E16000150","E07000240","26UGFX","E00120196","26UGFX","E65000001","E01023667","E02004936","5","6D1","E00120196","E01023667","E02004936","E33027453","E38000079","E63011552","C1","5A2",51.747828,-0.301865,"E37000048","","E23000027",30628,"E56000035","E54000025","E00120196","E01023667","E02004936"
"AL1 9DF","AL1  9DF","AL1 9DF","200507","201308","E10000015","E58000664","E07000240","E05013956","E43000290","1","517328","0206823","1","E18000006","E40000007","E92000001","E12000006","5","E14001507","E15000006","E24000005","E30000237","E16000150","E07000240","26UGFX","E00120196","26UGFX","E65000001","E01023667","E02004936","5","6D1","E00120196","E01023667","E02004936","E33027453","E38000079","E63011552","C1","5A2",51.747828,-0.301865,"E37000048","","E23000027",30628,"E56000035","E54000025","E00120196","E01023667","E02004936"
"AL1 9DG","AL1  9DG","AL1 9DG","201701","201709","E10000015","E58000664","E07000240","E05013956","E43000290","1","517321","0206803","1","E18000006","E40000007","E92000001","E12000006","5","E14001507","E15000006","E24000005","E30000237","E16000150","E07000240","26UGFX","E00120196","26UGFX","E65000001","E01023667","E02004936","5","6D1","E00120196","E01023667","E02004936","E33027453","E38000079","E63011552","C1","5A2",51.747655,-0.301949,"E37000048","","E23000027",30628,"E56000035","E54000025","E00120196","E01023667","E02004936"
"AL1 9DH","AL1  9DH","AL1 9DH","202004","202011","E10000015","E58000664","E07000240","E05013956","E43000290","1","517321","0206803","1","E18000006","E40000007","E92000001","E12000006","5","E14001507","E15000006","E24000005","E30000237","E16000150","E07000240","26UGFX","E00120196","26UGFX","E65000001","E01023667","E02004936","5","6D1","E00120196","E01023667","E02004936","E33027453","E38000079","E63011552","C1","5A2",51.747655,-0.301949,"E37000048","","E23000027",30628,"E56000035","E54000025","E00120196","E01023667","E02004936"
"AL1 9DJ","AL1  9DJ","AL1 9DJ","200509","201010","E10000015","E58000664","E07000240","E05013956","E43000290","1","517328","0206823","1","E18000006","E40000007","E92000001","E12000006","5","E14001507","E15000006","E24000005","E30000237","E16000150","E07000240","26UGFX","E00120196","26UGFX","E65000001","E01023667","E02004936","5","6D1","E00120196","E01023667","E02004936","E33027453","E38000079","E63011552","C1","5A2",51.747828,-0.301865,"E37000048","","E23000027",30628,"E56000035","E54000025","E00120196","E01023667","E02004936"
"AL1 9DL","AL1  9DL","AL1 9DL","201702","202004","E10000015","E58000664","E07000240","E05013956","E43000290","1","517321","0206803","1","E18000006","E40000007","E92000001","E12000006","5","E14001507","E15000006","E24000005","E30000237","E16000150","E07000240","26UGFX","E00120196","26UGFX","E65000001","E01023667","E02004936","5","6D1","E00120196","E01023667","E02004936","E33027453","E38000079","E63011552","C1","5A2",51.747655,-0.301949,"E37000048","","E23000027",30628,"E56000035","E54000025","E00120196","E01023667","E02004936"
"AL1 9DN","AL1  9DN","AL1 9DN","200701","201110","E10000015","E58000664","E07000240","E05013956","E43000290","1","517328","0206823","1","E18000006","E40000007","E92000001","E12000006","5","E14001507","E15000006","E24000005","E30000237","E16000150","E07000240","26UGFX","E00120196","26UGFX","E65000001","E01023667","E02004936","5","6D1","E00120196","E01023667","E02004936","E33027453","E38000079","E63011552","C1","5A2",51.747828,-0.301865,"E37000048","","E23000027",30628,"E56000035","E54000025","E00120196","E01023667","E02004936"
"AL1 9DP","AL1  9DP","AL1 9DP","201703","201710","E10000015","E58000664","E07000240","E05013956","E43000290","1","517321","0206803","1","E18000006","E40000007","E92000001","E12000006","5","E14001507","E15000006","E24000005","E30000237","E16000150","E07000240","26UGFX","E00120196","26UGFX","E65000001","E01023667","E02004936","5","6D1","E00120196","E01023667","E02004936","E33027453","E38000079","E63011552","C1","5A2",51.747655,-0.301949,"E37000048","","E23000027",30628,"E56000035","E54000025","E00120196","E01023667","E02004936"
"AL1 9DQ","AL1  9DQ","AL1 9DQ","202012","202107","E10000015","E58000664","E07000240","E05013956","E43000290","1","517321","0206803","1","E18000006","E40000007","E92000001","E12000006","5","E14001507","E15000006","E24000005","E30000237","E16000150","E07000240","26UGFX","E00120196","26UGFX","E65000001","E01023667","E02004936","5","6D1","E00120196","E01023667","E02004936","E33027453","E38000079","E63011552","C1","5A2",51.747655,-0.301949,"E37000048","","E23000027",30628,"E56000035","E54000025","E00120196","E01023667","E02004936"
"AL1 9DR","AL1  9DR","AL1 9DR","200510","200901","E10000015","E58000664","E07000240","E05013956","E43000290","1","517328","0206823","1","E18000006","E40000007","E92000001","E12000006","5","E14001507","E15000006","E24000005","E30000237","E16000150","E07000240","26UGFX","E00120196","26UGFX","E65000001","E01023667","E02004936","5","6D1","E00120196","E01023667","E02004936","E33027453","E38000079","E63011552","C1","5A2",51.747828,-0.301865,"E37000048","","E23000027",30628,"E56000035","E54000025","E00120196","E01023667","E02004936"
"AL1 9DS","AL1  9DS","AL1 9DS","201703","","E10000015","E58000664","E07000240","E05013956","E43000290","1","517321","0206803","1","E18000006","E40000007","E92000001","E12000006","5","E14001507","E15000006","E24000005","E30000237","E16000150","E07000240","26UGFX","E00120196","26UGFX","E65000001","E01023667","E02004936","5","6D1","E00120196","E01023667","E02004936","E33027453","E38000079","E63011552","C1","5A2",51.747655,-0.301949,"E37000048","","E23000027",30628,"E56000035","E54000025","E00120196","E01023667","E02004936"
"AL1 9DT","AL1  9DT","AL1 9DT","200510","201112","E10000015","E58000664","E07000240","E05013956","E43000290","1","517328","0206823","1","E18000006","E40000007","E92000001","E12000006","5","E14001507","E15000006","E24000005","E30000237","E16000150","E07000240","26UGFX","E00120196","26UGFX","E65000001","E01023667","E02004936","5","6D1","E00120196","E01023667","E02004936","E33027453","E38000079","E63011552","C1","5A2",51.747828,-0.301865,"E37000048","","E23000027",30628,"E56000035","E54000025","E00120196","E01023667","E02004936"
"AL1 9DU","AL1  9DU","AL1 9DU","202012","202104","E10000015","E58000664","E07000240","E05013956","E43000290","1","517321","0206803","1","E18000006","E40000007","E92000001","E12000006","5","E14001507","E15000006","E24000005","E30000237","E16000150","E07000240","26UGFX","E00120196","26UGFX","E65000001","E01023667","E02004936","5","6D1","E00120196","E01023667","E02004936","E33027453","E38000079","E63011552","C1","5A2",51.747655,-0.301949,"E37000048","","E23000027",30628,"E56000035","E54000025","E00120196","E01023667","E02004936"
"AL1 9DW","AL1  9DW","AL1 9DW","200511","201307","E10000015","E58000664","E07000240","E05013956","E43000290","1","517328","0206823","1","E18000006","E40000007","E92000001","E12000006","5","E14001507","E15000006","E24000005","E30000237","E16000150","E07000240","26UGFX","E00120196","26UGFX","E65000001","E01023667","E02004936","5","6D1","E00120196","E01023667","E02004936","E33027453","E38000079","E63011552","C1","5A2",51.747828,-0.301865,"E37000048","","E23000027",30628,"E56000035","E54000025","E00120196","E01023667","E02004936"
"AL1 9DX","AL1  9DX","AL1 9DX","201704","201710","E10000015","E58000664","E07000240","E05013956","E43000290","1","517321","0206803","1","E18000006","E40000007","E92000001","E12000006","5","E14001507","E15000006","E24000005","E30000237","E16000150","E07000240","26UGFX","E00120196","26UGFX","E65000001","E01023667","E02004936","5","6D1","E00120196","E01023667","E02004936","E33027453","E38000079","E63011552","C1","5A2",51.747655,-0.301949,"E37000048","","E23000027",30628,"E56000035","E54000025","E00120196","E01023667","E02004936"
"AL1 9DY","AL1  9DY","AL1 9DY","201704","202005","E10000015","E58000664","E07000240","E05013956","E43000290","1","517321","0206803","1","E18000006","E40000007","E92000001","E12000006","5","E14001507","E15000006","E24000005","E30000237","E16000150","E07000240","26UGFX","E00120196","26UGFX","E65000001","E01023667","E02004936","5","6D1","E00120196","E01023667","E02004936","E33027453","E38000079","E63011552","C1","5A2",51.747655,-0.301949,"E37000048","","E23000027",30628,"E56000035","E54000025","E00120196","E01023667","E02004936"
"AL1 9DZ","AL1  9DZ","AL1 9DZ","200512","201202","E10000015","E58000664","E07000240","E05013956","E43000290","1","517328","0206823","1","E18000006","E40000007","E92000001","E12000006","5","E14001507","E15000006","E24000005","E30000237","E16000150","E07000240","26UGFX","E00120196","26UGFX","E65000001","E01023667","E02004936","5","6D1","E00120196","E01023667","E02004936","E33027453","E38000079","E63011552","C1","5A2",51.747828,-0.301865,"E37000048","","E23000027",30628,"E56000035","E54000025","E00120196","E01023667","E02004936"
"AL1 9EA","AL1  9EA","AL1 9EA","202004","202011","E10000015","E58000664","E07000240","E05013956","E43000290","1","517321","0206803","1","E18000006","E40000007","E92000001","E12000006","5","E14001507","E15000006","E24000005","E30000237","E16000150","E07000240","26UGFX","E00120196","26UGFX","E65000001","E01023667","E02004936","5","6D1","E00120196","E01023667","E02004936","E33027453","E38000079","E63011552","C1","5A2",51.747655,-0.301949,"E37000048","","E23000027",30628,"E56000035","E54000025","E00120196","E01023667","E02004936"
"AL1 9EB","AL1  9EB","AL1 9EB","200512","201402","E10000015","E58000664","E07000240","E05013956","E43000290","1","517328","0206823","1","E18000006","E40000007","E92000001","E12000006","5","E14001507","E15000006","E24000005","E30000237","E16000150","E07000240","26UGFX","E00120196","26UGFX","E65000001","E01023667","E02004936","5","6D1","E00120196","E01023667","E02004936","E33027453","E38000079","E63011552","C1","5A2",51.747828,-0.301865,"E37000048","","E23000027",30628,"E56000035","E54000025","E00120196","E01023667","E02004936"
"AL1 9ED","AL1  9ED","AL1 9ED","202005","","E10000015","E58000664","E07000240","E05013956","E43000290","1","517321","0206803","1","E18000006","E40000007","E92000001","E12000006","5","E14001507","E15000006","E24000005","E30000237","E16000150","E07000240","26UGFX","E00120196","26UGFX","E65000001","E01023667","E02004936","5","6D1","E00120196","E01023667","E02004936","E33027453","E38000079","E63011552","C1","5A2",51.747655,-0.301949,"E37000048","","E23000027",30628,"E56000035","E54000025","E00120196","E01023667","E02004936"
"AL1 9EE","AL1  9EE","AL1 9EE","200601","200702","E10000015","E58000664","E07000240","E05013956","E43000290","1","517328","0206823","1","E18000006","E40000007","E92000001","E12000006","5","E14001507","E15000006","E24000005","E30000237","E16000150","E07000240","26UGFX","E00120196","26UGFX","E65000001","E01023667","E02004936","5","6D1","E00120196","E01023667","E02004936","E33027453","E38000079","E63011552","C1","5A2",51.747828,-0.301865,"E37000048","","E23000027",30628,"E56000035","E54000025","E00120196","E01023667","E02004936"
"AL1 9EF","AL1  9EF","AL1 9EF","202006","202101","E10000015","E58000664","E07000240","E05013956","E43000290","1","517321","0206803","1","E18000006","E40000007","E92000001","E12000006","5","E14001507","E15000006","E24000005","E30000237","E16000150","E07000240","26UGFX","E00120196","26UGFX","E65000001","E01023667","E02004936","5","6D1","E00120196","E01023667","E02004936","E33027453","E38000079","E63011552","C1","5A2",51.747655,-0.301949,"E37000048","","E23000027",30628,"E56000035","E54000025","E00120196","E01023667","E02004936"
"AL1 9EG","AL1  9EG","AL1 9EG","200902","201401","E10000015","E58000664","E07000240","E05013956","E43000290","1","517328","0206823","1","E18000006","E40000007","E92000001","E12000006","5","E14001507","E15000006","E24000005","E30000237","E16000150","E07000240","26UGFX","E00120196","26UGFX","E65000001","E01023667","E02004936","5","6D1","E00120196","E01023667","E02004936","E33027453","E38000079","E63011552","C1","5A2",51.747828,-0.301865,"E37000048","","E23000027",30628,"E56000035","E54000025","E00120196","E01023667","E02004936"
"AL1 9EH","AL1  9EH","AL1 9EH","202102","202109","E10000015","E58000664","E07000240","E05013956","E43000290","1","517321","0206803","1","E18000006","E40000007","E92000001","E12000006","5","E14001507","E15000006","E24000005","E30000237","E16000150","E07000240","26UGFX","E00120196","26UGFX","E65000001","E01023667","E02004936","5","6D1","E00120196","E01023667","E02004936","E33027453","E38000079","E63011552","C1","5A2",51.747655,-0.301949,"E37000048","","E23000027",30628,"E56000035","E54000025","E00120196","E01023667","E02004936"
"AL1 9EJ","AL1  9EJ","AL1 9EJ","200601","201602","E10000015","E58000664","E07000240","E05013956","E43000290","1","517321","0206803","1","E18000006","E40000007","E92000001","E12000006","5","E14001507","E15000006","E24000005","E30000237","E16000150","E07000240","26UGFX","E00120196","26UGFX","E65000001","E01023667","E02004936","5","6D1","E00120196","E01023667","E02004936","E33027453","E38000079","E63011552","C1","5A2",51.747650,-0.301973,"E37000048","","E23000027",30628,"E56000035","E54000025","E00120196","E01023667","E02004936"
"AL1 9EL","AL1  9EL","AL1 9EL","200601","201301","E10000015","E58000664","E07000240","E05013956","E43000290","1","517328","0206823","1","E18000006","E40000007","E92000001","E12000006","5","E14001507","E15000006","E24000005","E30000237","E16000150","E07000240","26UGFX","E00120196","26UGFX","E65000001","E01023667","E02004936","5","6D1","E00120196","E01023667","E02004936","E33027453","E38000079","E63011552","C1","5A2",51.747828,-0.301865,"E37000048","","E23000027",30628,"E56000035","E54000025","E00120196","E01023667","E02004936"
"AL1 9EN","AL1  9EN","AL1 9EN","202103","202106","E10000015","E58000664","E07000240","E05013956","E43000290","1","517321","0206803","1","E18000006","E40000007","E92000001","E12000006","5","E14001507","E15000006","E24000005","E30000237","E16000150","E07000240","26UGFX","E00120196","26UGFX","E65000001","E01023667","E02004936","5","6D1","E00120196","E01023667","E02004936","E33027453","E38000079","E63011552","C1","5A2",51.747655,-0.301949,"E37000048","","E23000027",30628,"E56000035","E54000025","E00120196","E01023667","E02004936"
"AL1 9EP","AL1  9EP","AL1 9EP","202103","202107","E10000015","E58000664","E07000240","E05013956","E43000290","1","517321","0206803","1","E18000006","E40000007","E92000001","E12000006","5","E14001507","E15000006","E24000005","E30000237","E16000150","E07000240","26UGFX","E00120196","26UGFX","E65000001","E01023667","E02004936","5","6D1","E00120196","E01023667","E02004936","E33027453","E38000079","E63011552","C1","5A2",51.747655,-0.301949,"E37000048","","E23000027",30628,"E56000035","E54000025","E00120196","E01023667","E02004936"
"AL1 9EQ","AL1  9EQ","AL1 9EQ","202103","202304","E10000015","E58000664","E07000240","E05013956","E43000290","1","517321","0206803","1","E18000006","E40000007","E92000001","E12000006","5","E14001507","E15000006","E24000005","E30000237","E16000150","E07000240","26UGFX","E00120196","26UGFX","E65000001","E01023667","E02004936","5","6D1","E00120196","E01023667","E02004936","E33027453","E38000079","E63011552","C1","5A2",51.747655,-0.301949,"E37000048","","E23000027",30628,"E56000035","E54000025","E00120196","E01023667","E02004936"
"AL1 9ER","AL1  9ER","AL1 9ER","200601","","E10000015","E58000664","E07000240","E05013956","E43000290","1","517321","0206803","1","E18000006","E40000007","E92000001","E12000006","5","E14001507","E15000006","E24000005","E30000237","E16000150","E07000240","26UGFX","E00120196","26UGFX","E65000001","E01023667","E02004936","5","6D1","E00120196","E01023667","E02004936","E33027453","E38000079","E63011552","C1","5A2",51.747650,-0.301973,"E37000048","","E23000027",30628,"E56000035","E54000025","E00120196","E01023667","E02004936"
"AL1 9ES","AL1  9ES","AL1 9ES","200601","201403","E10000015","E58000664","E07000240","E05013956","E43000290","1","517328","0206823","1","E18000006","E40000007","E92000001","E12000006","5","E14001507","E15000006","E24000005","E30000237","E16000150","E07000240","26UGFX","E00120196","26UGFX","E65000001","E01023667","E02004936","5","6D1","E00120196","E01023667","E02004936","E33027453","E38000079","E63011552","C1","5A2",51.747828,-0.301865,"E37000048","","E23000027",30628,"E56000035","E54000025","E00120196","E01023667","E02004936"
"AL1 9ET","AL1  9ET","AL1 9ET","202007","","E10000015","E58000664","E07000240","E05013956","E43000290","1","517321","0206803","1","E18000006","E40000007","E92000001","E12000006","5","E14001507","E15000006","E24000005","E30000237","E16000150","E07000240","26UGFX","E00120196","26UGFX","E65000001","E01023667","E02004936","5","6D1","E00120196","E01023667","E02004936","E33027453","E38000079","E63011552","C1","5A2",51.747655,-0.301949,"E37000048","","E23000027",30628,"E56000035","E54000025","E00120196","E01023667","E02004936"
"AL1 9EU","AL1  9EU","AL1 9EU","202103","","E10000015","E58000664","E07000240","E05013956","E43000290","1","517321","0206803","1","E18000006","E40000007","E92000001","E12000006","5","E14001507","E15000006","E24000005","E30000237","E16000150","E07000240","26UGFX","E00120196","26UGFX","E65000001","E01023667","E02004936","5","6D1","E00120196","E01023667","E02004936","E33027453","E38000079","E63011552","C1","5A2",51.747655,-0.301949,"E37000048","","E23000027",30628,"E56000035","E54000025","E00120196","E01023667","E02004936"
"AL1 9EW","AL1  9EW","AL1 9EW","202104","202211","E10000015","E58000664","E07000240","E05013956","E43000290","1","517321","0206803","1","E18000006","E40000007","E92000001","E12000006","5","E14001507","E15000006","E24000005","E30000237","E16000150","E07000240","26UGFX","E00120196","26UGFX","E65000001","E01023667","E02004936","5","6D1","E00120196","E01023667","E02004936","E33027453","E38000079","E63011552","C1","5A2",51.747655,-0.301949,"E37000048","","E23000027",30628,"E56000035","E54000025","E00120196","E01023667","E02004936"
"AL1 9EX","AL1  9EX","AL1 9EX","202105","202112","E10000015","E58000664","E07000240","E05013956","E43000290","1","517321","0206803","1","E18000006","E40000007","E92000001","E12000006","5","E14001507","E15000006","E24000005","E30000237","E16000150","E07000240","26UGFX","E00120196","26UGFX","E65000001","E01023667","E02004936","5","6D1","E00120196","E01023667","E02004936","E33027453","E38000079","E63011552","C1","5A2",51.747655,-0.301949,"E37000048","","E23000027",30628,"E56000035","E54000025","E00120196","E01023667","E02004936"
"AL1 9EY","AL1  9EY","AL1 9EY","202007","202102","E10000015","E58000664","E07000240","E05013956","E43000290","1","517321","0206803","1","E18000006","E40000007","E92000001","E12000006","5","E14001507","E15000006","E24000005","E30000237","E16000150","E07000240","26UGFX","E00120196","26UGFX","E65000001","E01023667","E02004936","5","6D1","E00120196","E01023667","E02004936","E33027453","E38000079","E63011552","C1","5A2",51.747655,-0.301949,"E37000048","","E23000027",30628,"E56000035","E54000025","E00120196","E01023667","E02004936"
"AL1 9EZ","AL1  9EZ","AL1 9EZ","202402","202404","E10000015","E58000664","E07000240","E05013956","E43000290","1","517321","0206803","1","E18000006","E40000007","E92000001","E12000006","5","E14001507","E15000006","E24000005","E30000237","E16000150","E07000240","26UGFX","E00120196","26UGFX","E65000001","E01023667","E02004936","5","6D1","E00120196","E01023667","E02004936","E33027453","E38000079","E63011552","C1","5A2",51.747655,-0.301949,"E37000048","","E23000027",30628,"E56000035","E54000025","E00120196","E01023667","E02004936"
"AL1 9FA","AL1  9FA","AL1 9FA","202106","","E10000015","E58000664","E07000240","E05013956","E43000290","1","517321","0206803","1","E18000006","E40000007","E92000001","E12000006","5","E14001507","E15000006","E24000005","E30000237","E16000150","E07000240","26UGFX","E00120196","26UGFX","E65000001","E01023667","E02004936","5","6D1","E00120196","E01023667","E02004936","E33027453","E38000079","E63011552","C1","5A2",51.747655,-0.301949,"E37000048","","E23000027",30628,"E56000035","E54000025","E00120196","E01023667","E02004936"
"AL1 9FB","AL1  9FB","AL1 9FB","202008","","E10000015","E58000664","E07000240","E05013956","E43000290","1","517321","0206803","1","E18000006","E40000007","E92000001","E12000006","5","E14001507","E15000006","E24000005","E30000237","E16000150","E07000240","26UGFX","E00120196","26UGFX","E65000001","E01023667","E02004936","5","6D1","E00120196","E01023667","E02004936","E33027453","E38000079","E63011552","C1","5A2",51.747655,-0.301949,"E37000048","","E23000027",30628,"E56000035","E54000025","E00120196","E01023667","E02004936"
"AL1 9FD","AL1  9FD","AL1 9FD","201704","201711","E10000015","E58000664","E07000240","E05013956","E43000290","1","517321","0206803","1","E18000006","E40000007","E92000001","E12000006","5","E14001507","E15000006","E24000005","E30000237","E16000150","E07000240","26UGFX","E00120196","26UGFX","E65000001","E01023667","E02004936","5","6D1","E00120196","E01023667","E02004936","E33027453","E38000079","E63011552","C1","5A2",51.747655,-0.301949,"E37000048","","E23000027",30628,"E56000035","E54000025","E00120196","E01023667","E02004936"
"AL1 9FE","AL1  9FE","AL1 9FE","202108","202202","E10000015","E58000664","E07000240","E05013956","E43000290","1","517321","0206803","1","E18000006","E40000007","E92000001","E12000006","5","E14001507","E15000006","E24000005","E30000237","E16000150","E07000240","26UGFX","E00120196","26UGFX","E65000001","E01023667","E02004936","5","6D1","E00120196","E01023667","E02004936","E33027453","E38000079","E63011552","C1","5A2",51.747655,-0.301949,"E37000048","","E23000027",30628,"E56000035","E54000025","E00120196","E01023667","E02004936"
"AL1 9FF","AL1  9FF","AL1 9FF","200604","201206","E10000015","E58000664","E07000240","E05013956","E43000290","1","517328","0206823","1","E18000006","E40000007","E92000001","E12000006","5","E14001507","E15000006","E24000005","E30000237","E16000150","E07000240","26UGFX","E00120196","26UGFX","E65000001","E01023667","E02004936","5","6D1","E00120196","E01023667","E02004936","E33027453","E38000079","E63011552","C1","5A2",51.747828,-0.301865,"E37000048","","E23000027",30628,"E56000035","E54000025","E00120196","E01023667","E02004936"
"AL1 9FG","AL1  9FG","AL1 9FG","201704","201711","E10000015","E58000664","E07000240","E05013956","E43000290","1","517321","0206803","1","E18000006","E40000007","E92000001","E12000006","5","E14001507","E15000006","E24000005","E30000237","E16000150","E07000240","26UGFX","E00120196","26UGFX","E65000001","E01023667","E02004936","5","6D1","E00120196","E01023667","E02004936","E33027453","E38000079","E63011552","C1","5A2",51.747655,-0.301949,"E37000048","","E23000027",30628,"E56000035","E54000025","E00120196","E01023667","E02004936"
"AL1 9FH","AL1  9FH","AL1 9FH","200604","201807","E10000015","E58000664","E07000240","E05013956","E43000290","1","517321","0206803","1","E18000006","E40000007","E92000001","E12000006","5","E14001507","E15000006","E24000005","E30000237","E16000150","E07000240","26UGFX","E00120196","26UGFX","E65000001","E01023667","E02004936","5","6D1","E00120196","E01023667","E02004936","E33027453","E38000079","E63011552","C1","5A2",51.747650,-0.301973,"E37000048","","E23000027",30628,"E56000035","E54000025","E00120196","E01023667","E02004936"
"AL1 9FJ","AL1  9FJ","AL1 9FJ","201705","201709","E10000015","E58000664","E07000240","E05013956","E43000290","1","517321","0206803","1","E18000006","E40000007","E92000001","E12000006","5","E14001507","E15000006","E24000005","E30000237","E16000150","E07000240","26UGFX","E00120196","26UGFX","E65000001","E01023667","E02004936","5","6D1","E00120196","E01023667","E02004936","E33027453","E38000079","E63011552","C1","5A2",51.747655,-0.301949,"E37000048","","E23000027",30628,"E56000035","E54000025","E00120196","E01023667","E02004936"
"AL1 9FL","AL1  9FL","AL1 9FL","202202","","E10000015","E58000664","E07000240","E05013956","E43000290","1","517321","0206803","1","E18000006","E40000007","E92000001","E12000006","5","E14001507","E15000006","E24000005","E30000237","E16000150","E07000240","26UGFX","E00120196","26UGFX","E65000001","E01023667","E02004936","5","6D1","E00120196","E01023667","E02004936","E33027453","E38000079","E63011552","C1","5A2",51.747655,-0.301949,"E37000048","","E23000027",30628,"E56000035","E54000025","E00120196","E01023667","E02004936"
"AL1 9FN","AL1  9FN","AL1 9FN","201705","201805","E10000015","E58000664","E07000240","E05013956","E43000290","1","517321","0206803","1","E18000006","E40000007","E92000001","E12000006","5","E14001507","E15000006","E24000005","E30000237","E16000150","E07000240","26UGFX","E00120196","26UGFX","E65000001","E01023667","E02004936","5","6D1","E00120196","E01023667","E02004936","E33027453","E38000079","E63011552","C1","5A2",51.747655,-0.301949,"E37000048","","E23000027",30628,"E56000035","E54000025","E00120196","E01023667","E02004936"
"AL1 9FP","AL1  9FP","AL1 9FP","202001","","E10000015","E58000664","E07000240","E05013956","E43000290","1","517321","0206803","1","E18000006","E40000007","E92000001","E12000006","5","E14001507","E15000006","E24000005","E30000237","E16000150","E07000240","26UGFX","E00120196","26UGFX","E65000001","E01023667","E02004936","5","6D1","E00120196","E01023667","E02004936","E33027453","E38000079","E63011552","C1","5A2",51.747655,-0.301949,"E37000048","","E23000027",30628,"E56000035","E54000025","E00120196","E01023667","E02004936"
"AL1 9FQ","AL1  9FQ","AL1 9FQ","200605","","E10000015","E58000664","E07000240","E05013956","E43000290","1","517321","0206803","1","E18000006","E40000007","E92000001","E12000006","5","E14001507","E15000006","E24000005","E30000237","E16000150","E07000240","26UGFX","E00120196","26UGFX","E65000001","E01023667","E02004936","5","6D1","E00120196","E01023667","E02004936","E33027453","E38000079","E63011552","C1","5A2",51.747650,-0.301973,"E37000048","","E23000027",30628,"E56000035","E54000025","E00120196","E01023667","E02004936"
"AL1 9FR","AL1  9FR","AL1 9FR","200607","201307","E10000015","E58000664","E07000240","E05013956","E43000290","1","517328","0206823","1","E18000006","E40000007","E92000001","E12000006","5","E14001507","E15000006","E24000005","E30000237","E16000150","E07000240","26UGFX","E00120196","26UGFX","E65000001","E01023667","E02004936","5","6D1","E00120196","E01023667","E02004936","E33027453","E38000079","E63011552","C1","5A2",51.747828,-0.301865,"E37000048","","E23000027",30628,"E56000035","E54000025","E00120196","E01023667","E02004936"
"AL1 9FS","AL1  9FS","AL1 9FS","202110","202210","E10000015","E58000664","E07000240","E05013956","E43000290","1","517321","0206803","1","E18000006","E40000007","E92000001","E12000006","5","E14001507","E15000006","E24000005","E30000237","E16000150","E07000240","26UGFX","E00120196","26UGFX","E65000001","E01023667","E02004936","5","6D1","E00120196","E01023667","E02004936","E33027453","E38000079","E63011552","C1","5A2",51.747655,-0.301949,"E37000048","","E23000027",30628,"E56000035","E54000025","E00120196","E01023667","E02004936"
"AL1 9FT","AL1  9FT","AL1 9FT","202110","202205","E10000015","E58000664","E07000240","E05013956","E43000290","1","517321","0206803","1","E18000006","E40000007","E92000001","E12000006","5","E14001507","E15000006","E24000005","E30000237","E16000150","E07000240","26UGFX","E00120196","26UGFX","E65000001","E01023667","E02004936","5","6D1","E00120196","E01023667","E02004936","E33027453","E38000079","E63011552","C1","5A2",51.747655,-0.301949,"E37000048","","E23000027",30628,"E56000035","E54000025","E00120196","E01023667","E02004936"
"AL1 9FU","AL1  9FU","AL1 9FU","200607","201206","E10000015","E58000664","E07000240","E05013956","E43000290","1","517328","0206823","1","E18000006","E40000007","E92000001","E12000006","5","E14001507","E15000006","E24000005","E30000237","E16000150","E07000240","26UGFX","E00120196","26UGFX","E65000001","E01023667","E02004936","5","6D1","E00120196","E01023667","E02004936","E33027453","E38000079","E63011552","C1","5A2",51.747828,-0.301865,"E37000048","","E23000027",30628,"E56000035","E54000025","E00120196","E01023667","E02004936"
"AL1 9FW","AL1  9FW","AL1 9FW","202110","202202","E10000015","E58000664","E07000240","E05013956","E43000290","1","517321","0206803","1","E18000006","E40000007","E92000001","E12000006","5","E14001507","E15000006","E24000005","E30000237","E16000150","E07000240","26UGFX","E00120196","26UGFX","E65000001","E01023667","E02004936","5","6D1","E00120196","E01023667","E02004936","E33027453","E38000079","E63011552","C1","5A2",51.747655,-0.301949,"E37000048","","E23000027",30628,"E56000035","E54000025","E00120196","E01023667","E02004936"
"AL1 9FX","AL1  9FX","AL1 9FX","201705","201906","E10000015","E58000664","E07000240","E05013956","E43000290","1","517321","0206803","1","E18000006","E40000007","E92000001","E12000006","5","E14001507","E15000006","E24000005","E30000237","E16000150","E07000240","26UGFX","E00120196","26UGFX","E65000001","E01023667","E02004936","5","6D1","E00120196","E01023667","E02004936","E33027453","E38000079","E63011552","C1","5A2",51.747655,-0.301949,"E37000048","","E23000027",30628,"E56000035","E54000025","E00120196","E01023667","E02004936"
"AL1 9FY","AL1  9FY","AL1 9FY","202111","202203","E10000015","E58000664","E07000240","E05013956","E43000290","1","517321","0206803","1","E18000006","E40000007","E92000001","E12000006","5","E14001507","E15000006","E24000005","E30000237","E16000150","E07000240","26UGFX","E00120196","26UGFX","E65000001","E01023667","E02004936","5","6D1","E00120196","E01023667","E02004936","E33027453","E38000079","E63011552","C1","5A2",51.747655,-0.301949,"E37000048","","E23000027",30628,"E56000035","E54000025","E00120196","E01023667","E02004936"
"AL1 9FZ","AL1  9FZ","AL1 9FZ","202212","","E10000015","E58000664","E07000240","E05013956","E43000290","1","517321","0206803","1","E18000006","E40000007","E92000001","E12000006","5","E14001507","E15000006","E24000005","E30000237","E16000150","E07000240","26UGFX","E00120196","26UGFX","E65000001","E01023667","E02004936","5","6D1","E00120196","E01023667","E02004936","E33027453","E38000079","E63011552","C1","5A2",51.747655,-0.301949,"E37000048","","E23000027",30628,"E56000035","E54000025","E00120196","E01023667","E02004936"
"AL1 9GA","AL1  9GA","AL1 9GA","201706","201807","E10000015","E58000664","E07000240","E05013956","E43000290","1","517321","0206803","1","E18000006","E40000007","E92000001","E12000006","5","E14001507","E15000006","E24000005","E30000237","E16000150","E07000240","26UGFX","E00120196","26UGFX","E65000001","E01023667","E02004936","5","6D1","E00120196","E01023667","E02004936","E33027453","E38000079","E63011552","C1","5A2",51.747655,-0.301949,"E37000048","","E23000027",30628,"E56000035","E54000025","E00120196","E01023667","E02004936"
"AL1 9GB","AL1  9GB","AL1 9GB","200607","201809","E10000015","E58000664","E07000240","E05013956","E43000290","1","517321","0206803","1","E18000006","E40000007","E92000001","E12000006","5","E14001507","E15000006","E24000005","E30000237","E16000150","E07000240","26UGFX","E00120196","26UGFX","E65000001","E01023667","E02004936","5","6D1","E00120196","E01023667","E02004936","E33027453","E38000079","E63011552","C1","5A2",51.747650,-0.301973,"E37000048","","E23000027",30628,"E56000035","E54000025","E00120196","E01023667","E02004936"
"AL1 9GD","AL1  9GD","AL1 9GD","202112","","E10000015","E58000664","E07000240","E05013956","E43000290","1","517321","0206803","1","E18000006","E40000007","E92000001","E12000006","5","E14001507","E15000006","E24000005","E30000237","E16000150","E07000240","26UGFX","E00120196","26UGFX","E65000001","E01023667","E02004936","5","6D1","E00120196","E01023667","E02004936","E33027453","E38000079","E63011552","C1","5A2",51.747655,-0.301949,"E37000048","","E23000027",30628,"E56000035","E54000025","E00120196","E01023667","E02004936"
"AL1 9GE","AL1  9GE","AL1 9GE","202310","202404","E10000015","E58000664","E07000240","E05013956","E43000290","1","517321","0206803","1","E18000006","E40000007","E92000001","E12000006","5","E14001507","E15000006","E24000005","E30000237","E16000150","E07000240","26UGFX","E00120196","26UGFX","E65000001","E01023667","E02004936","5","6D1","E00120196","E01023667","E02004936","E33027453","E38000079","E63011552","C1","5A2",51.747655,-0.301949,"E37000048","","E23000027",30628,"E56000035","E54000025","E00120196","E01023667","E02004936"
"AL1 9GF","AL1  9GF","AL1 9GF","201706","","E10000015","E58000664","E07000240","E05013956","E43000290","1","517321","0206803","1","E18000006","E40000007","E92000001","E12000006","5","E14001507","E15000006","E24000005","E30000237","E16000150","E07000240","26UGFX","E00120196","26UGFX","E65000001","E01023667","E02004936","5","6D1","E00120196","E01023667","E02004936","E33027453","E38000079","E63011552","C1","5A2",51.747655,-0.301949,"E37000048","","E23000027",30628,"E56000035","E54000025","E00120196","E01023667","E02004936"
"AL1 9GG","AL1  9GG","AL1 9GG","202202","202206","E10000015","E58000664","E07000240","E05013956","E43000290","1","517321","0206803","1","E18000006","E40000007","E92000001","E12000006","5","E14001507","E15000006","E24000005","E30000237","E16000150","E07000240","26UGFX","E00120196","26UGFX","E65000001","E01023667","E02004936","5","6D1","E00120196","E01023667","E02004936","E33027453","E38000079","E63011552","C1","5A2",51.747655,-0.301949,"E37000048","","E23000027",30628,"E56000035","E54000025","E00120196","E01023667","E02004936"
"AL1 9GH","AL1  9GH","AL1 9GH","200608","201509","E10000015","E58000664","E07000240","E05013956","E43000290","1","517328","0206823","1","E18000006","E40000007","E92000001","E12000006","5","E14001507","E15000006","E24000005","E30000237","E16000150","E07000240","26UGFX","E00120196","26UGFX","E65000001","E01023667","E02004936","5","6D1","E00120196","E01023667","E02004936","E33027453","E38000079","E63011552","C1","5A2",51.747828,-0.301865,"E37000048","","E23000027",30628,"E56000035","E54000025","E00120196","E01023667","E02004936"
"AL1 9GJ","AL1  9GJ","AL1 9GJ","202202","","E10000015","E58000664","E07000240","E05013956","E43000290","1","517321","0206803","1","E18000006","E40000007","E92000001","E12000006","5","E14001507","E15000006","E24000005","E30000237","E16000150","E07000240","26UGFX","E00120196","26UGFX","E65000001","E01023667","E02004936","5","6D1","E00120196","E01023667","E02004936","E33027453","E38000079","E63011552","C1","5A2",51.747655,-0.301949,"E37000048","","E23000027",30628,"E56000035","E54000025","E00120196","E01023667","E02004936"
"AL1 9GL","AL1  9GL","AL1 9GL","200608","201210","E10000015","E58000664","E07000240","E05013956","E43000290","1","517328","0206823","1","E18000006","E40000007","E92000001","E12000006","5","E14001507","E15000006","E24000005","E30000237","E16000150","E07000240","26UGFX","E00120196","26UGFX","E65000001","E01023667","E02004936","5","6D1","E00120196","E01023667","E02004936","E33027453","E38000079","E63011552","C1","5A2",51.747828,-0.301865,"E37000048","","E23000027",30628,"E56000035","E54000025","E00120196","E01023667","E02004936"
"AL1 9GN","AL1  9GN","AL1 9GN","202203","202210","E10000015","E58000664","E07000240","E05013956","E43000290","1","517321","0206803","1","E18000006","E40000007","E92000001","E12000006","5","E14001507","E15000006","E24000005","E30000237","E16000150","E07000240","26UGFX","E00120196","26UGFX","E65000001","E01023667","E02004936","5","6D1","E00120196","E01023667","E02004936","E33027453","E38000079","E63011552","C1","5A2",51.747655,-0.301949,"E37000048","","E23000027",30628,"E56000035","E54000025","E00120196","E01023667","E02004936"
"AL1 9GP","AL1  9GP","AL1 9GP","200801","201202","E10000015","E58000664","E07000240","E05013956","E43000290","1","517328","0206823","1","E18000006","E40000007","E92000001","E12000006","5","E14001507","E15000006","E24000005","E30000237","E16000150","E07000240","26UGFX","E00120196","26UGFX","E65000001","E01023667","E02004936","5","6D1","E00120196","E01023667","E02004936","E33027453","E38000079","E63011552","C1","5A2",51.747828,-0.301865,"E37000048","","E23000027",30628,"E56000035","E54000025","E00120196","E01023667","E02004936"
"AL1 9GQ","AL1  9GQ","AL1 9GQ","201709","201804","E10000015","E58000664","E07000240","E05013956","E43000290","1","517321","0206803","1","E18000006","E40000007","E92000001","E12000006","5","E14001507","E15000006","E24000005","E30000237","E16000150","E07000240","26UGFX","E00120196","26UGFX","E65000001","E01023667","E02004936","5","6D1","E00120196","E01023667","E02004936","E33027453","E38000079","E63011552","C1","5A2",51.747655,-0.301949,"E37000048","","E23000027",30628,"E56000035","E54000025","E00120196","E01023667","E02004936"
"AL1 9GR","AL1  9GR","AL1 9GR","200610","201111","E10000015","E58000664","E07000240","E05013956","E43000290","1","517328","0206823","1","E18000006","E40000007","E92000001","E12000006","5","E14001507","E15000006","E24000005","E30000237","E16000150","E07000240","26UGFX","E00120196","26UGFX","E65000001","E01023667","E02004936","5","6D1","E00120196","E01023667","E02004936","E33027453","E38000079","E63011552","C1","5A2",51.747828,-0.301865,"E37000048","","E23000027",30628,"E56000035","E54000025","E00120196","E01023667","E02004936"
"AL1 9GS","AL1  9GS","AL1 9GS","200610","201311","E10000015","E58000664","E07000240","E05013956","E43000290","1","517328","0206823","1","E18000006","E40000007","E92000001","E12000006","5","E14001507","E15000006","E24000005","E30000237","E16000150","E07000240","26UGFX","E00120196","26UGFX","E65000001","E01023667","E02004936","5","6D1","E00120196","E01023667","E02004936","E33027453","E38000079","E63011552","C1","5A2",51.747828,-0.301865,"E37000048","","E23000027",30628,"E56000035","E54000025","E00120196","E01023667","E02004936"
"AL1 9GT","AL1  9GT","AL1 9GT","202203","202308","E10000015","E58000664","E07000240","E05013956","E43000290","1","517321","0206803","1","E18000006","E40000007","E92000001","E12000006","5","E14001507","E15000006","E24000005","E30000237","E16000150","E07000240","26UGFX","E00120196","26UGFX","E65000001","E01023667","E02004936","5","6D1","E00120196","E01023667","E02004936","E33027453","E38000079","E63011552","C1","5A2",51.747655,-0.301949,"E37000048","","E23000027",30628,"E56000035","E54000025","E00120196","E01023667","E02004936"
"AL1 9GU","AL1  9GU","AL1 9GU","202203","202207","E10000015","E58000664","E07000240","E05013956","E43000290","1","517321","0206803","1","E18000006","E40000007","E92000001","E12000006","5","E14001507","E15000006","E24000005","E30000237","E16000150","E07000240","26UGFX","E00120196","26UGFX","E65000001","E01023667","E02004936","5","6D1","E00120196","E01023667","E02004936","E33027453","E38000079","E63011552","C1","5A2",51.747655,-0.301949,"E37000048","","E23000027",30628,"E56000035","E54000025","E00120196","E01023667","E02004936"
"AL1 9GW","AL1  9GW","AL1 9GW","201803","201904","E10000015","E58000664","E07000240","E05013956","E43000290","1","517321","0206803","5","E18000006","E40000007","E92000001","E12000006","5","E14001507","E15000006","E24000005","E30000237","E16000150","E07000240","26UGFX","E00120196","26UGFX","E65000001","E01023667","E02004936","5","6D1","E00120196","E01023667","E02004936","E33027453","E38000079","E63011552","C1","5A2",51.747655,-0.301949,"E37000048","","E23000027",30628,"E56000035","E54000025","E00120196","E01023667","E02004936"
"AL1 9GX","AL1  9GX","AL1 9GX","202203","202205","E10000015","E58000664","E07000240","E05013956","E43000290","1","517321","0206803","1","E18000006","E40000007","E92000001","E12000006","5","E14001507","E15000006","E24000005","E30000237","E16000150","E07000240","26UGFX","E00120196","26UGFX","E65000001","E01023667","E02004936","5","6D1","E00120196","E01023667","E02004936","E33027453","E38000079","E63011552","C1","5A2",51.747655,-0.301949,"E37000048","","E23000027",30628,"E56000035","E54000025","E00120196","E01023667","E02004936"
"AL1 9GY","AL1  9GY","AL1 9GY","201709","201710","E10000015","E58000664","E07000240","E05013956","E43000290","1","517321","0206803","1","E18000006","E40000007","E92000001","E12000006","5","E14001507","E15000006","E24000005","E30000237","E16000150","E07000240","26UGFX","E00120196","26UGFX","E65000001","E01023667","E02004936","5","6D1","E00120196","E01023667","E02004936","E33027453","E38000079","E63011552","C1","5A2",51.747655,-0.301949,"E37000048","","E23000027",30628,"E56000035","E54000025","E00120196","E01023667","E02004936"
"AL1 9GZ","AL1  9GZ","AL1 9GZ","200801","201605","E10000015","E58000664","E07000240","E05013956","E43000290","1","517321","0206803","1","E18000006","E40000007","E92000001","E12000006","5","E14001507","E15000006","E24000005","E30000237","E16000150","E07000240","26UGFX","E00120196","26UGFX","E65000001","E01023667","E02004936","5","6D1","E00120196","E01023667","E02004936","E33027453","E38000079","E63011552","C1","5A2",51.747650,-0.301973,"E37000048","","E23000027",30628,"E56000035","E54000025","E00120196","E01023667","E02004936"
"AL1 9HA","AL1  9HA","AL1 9HA","201709","201910","E10000015","E58000664","E07000240","E05013956","E43000290","1","517321","0206803","1","E18000006","E40000007","E92000001","E12000006","5","E14001507","E15000006","E24000005","E30000237","E16000150","E07000240","26UGFX","E00120196","26UGFX","E65000001","E01023667","E02004936","5","6D1","E00120196","E01023667","E02004936","E33027453","E38000079","E63011552","C1","5A2",51.747655,-0.301949,"E37000048","","E23000027",30628,"E56000035","E54000025","E00120196","E01023667","E02004936"
"AL1 9HB","AL1  9HB","AL1 9HB","201710","201810","E10000015","E58000664","E07000240","E05013956","E43000290","1","517321","0206803","1","E18000006","E40000007","E92000001","E12000006","5","E14001507","E15000006","E24000005","E30000237","E16000150","E07000240","26UGFX","E00120196","26UGFX","E65000001","E01023667","E02004936","5","6D1","E00120196","E01023667","E02004936","E33027453","E38000079","E63011552","C1","5A2",51.747655,-0.301949,"E37000048","","E23000027",30628,"E56000035","E54000025","E00120196","E01023667","E02004936"
"AL1 9HD","AL1  9HD","AL1 9HD","201710","201804","E10000015","E58000664","E07000240","E05013956","E43000290","1","517321","0206803","1","E18000006","E40000007","E92000001","E12000006","5","E14001507","E15000006","E24000005","E30000237","E16000150","E07000240","26UGFX","E00120196","26UGFX","E65000001","E01023667","E02004936","5","6D1","E00120196","E01023667","E02004936","E33027453","E38000079","E63011552","C1","5A2",51.747655,-0.301949,"E37000048","","E23000027",30628,"E56000035","E54000025","E00120196","E01023667","E02004936"
"AL1 9HE","AL1  9HE","AL1 9HE","202204","202211","E10000015","E58000664","E07000240","E05013956","E43000290","1","517321","0206803","1","E18000006","E40000007","E92000001","E12000006","5","E14001507","E15000006","E24000005","E30000237","E16000150","E07000240","26UGFX","E00120196","26UGFX","E65000001","E01023667","E02004936","5","6D1","E00120196","E01023667","E02004936","E33027453","E38000079","E63011552","C1","5A2",51.747655,-0.301949,"E37000048","","E23000027",30628,"E56000035","E54000025","E00120196","E01023667","E02004936"
"AL1 9HF","AL1  9HF","AL1 9HF","201711","201901","E10000015","E58000664","E07000240","E05013956","E43000290","1","517321","0206803","1","E18000006","E40000007","E92000001","E12000006","5","E14001507","E15000006","E24000005","E30000237","E16000150","E07000240","26UGFX","E00120196","26UGFX","E65000001","E01023667","E02004936","5","6D1","E00120196","E01023667","E02004936","E33027453","E38000079","E63011552","C1","5A2",51.747655,-0.301949,"E37000048","","E23000027",30628,"E56000035","E54000025","E00120196","E01023667","E02004936"
"AL1 9HG","AL1  9HG","AL1 9HG","201711","201806","E10000015","E58000664","E07000240","E05013956","E43000290","1","517321","0206803","1","E18000006","E40000007","E92000001","E12000006","5","E14001507","E15000006","E24000005","E30000237","E16000150","E07000240","26UGFX","E00120196","26UGFX","E65000001","E01023667","E02004936","5","6D1","E00120196","E01023667","E02004936","E33027453","E38000079","E63011552","C1","5A2",51.747655,-0.301949,"E37000048","","E23000027",30628,"E56000035","E54000025","E00120196","E01023667","E02004936"
"AL1 9HH","AL1  9HH","AL1 9HH","201712","201901","E10000015","E58000664","E07000240","E05013956","E43000290","1","517321","0206803","1","E18000006","E40000007","E92000001","E12000006","5","E14001507","E15000006","E24000005","E30000237","E16000150","E07000240","26UGFX","E00120196","26UGFX","E65000001","E01023667","E02004936","5","6D1","E00120196","E01023667","E02004936","E33027453","E38000079","E63011552","C1","5A2",51.747655,-0.301949,"E37000048","","E23000027",30628,"E56000035","E54000025","E00120196","E01023667","E02004936"
"AL1 9HJ","AL1  9HJ","AL1 9HJ","201605","","E10000015","E58000664","E07000240","E05013956","E43000290","1","517321","0206803","1","E18000006","E40000007","E92000001","E12000006","5","E14001507","E15000006","E24000005","E30000237","E16000150","E07000240","26UGFX","E00120196","26UGFX","E65000001","E01023667","E02004936","5","6D1","E00120196","E01023667","E02004936","E33027453","E38000079","E63011552","C1","5A2",51.747650,-0.301973,"E37000048","","E23000027",30628,"E56000035","E54000025","E00120196","E01023667","E02004936"
"AL1 9HL","AL1  9HL","AL1 9HL","200702","201503","E10000015","E58000664","E07000240","E05013956","E43000290","1","517328","0206823","1","E18000006","E40000007","E92000001","E12000006","5","E14001507","E15000006","E24000005","E30000237","E16000150","E07000240","26UGFX","E00120196","26UGFX","E65000001","E01023667","E02004936","5","6D1","E00120196","E01023667","E02004936","E33027453","E38000079","E63011552","C1","5A2",51.747828,-0.301865,"E37000048","","E23000027",30628,"E56000035","E54000025","E00120196","E01023667","E02004936"
"AL1 9HN","AL1  9HN","AL1 9HN","200702","201902","E10000015","E58000664","E07000240","E05013956","E43000290","1","517321","0206803","1","E18000006","E40000007","E92000001","E12000006","5","E14001507","E15000006","E24000005","E30000237","E16000150","E07000240","26UGFX","E00120196","26UGFX","E65000001","E01023667","E02004936","5","6D1","E00120196","E01023667","E02004936","E33027453","E38000079","E63011552","C1","5A2",51.747650,-0.301973,"E37000048","","E23000027",30628,"E56000035","E54000025","E00120196","E01023667","E02004936"
"AL1 9HP","AL1  9HP","AL1 9HP","201307","202305","E10000015","E58000664","E07000240","E05013956","E43000290","1","517321","0206803","1","E18000006","E40000007","E92000001","E12000006","5","E14001507","E15000006","E24000005","E30000237","E16000150","E07000240","26UGFX","E00120196","26UGFX","E65000001","E01023667","E02004936","5","6D1","E00120196","E01023667","E02004936","E33027453","E38000079","E63011552","C1","5A2",51.747650,-0.301973,"E37000048","","E23000027",30628,"E56000035","E54000025","E00120196","E01023667","E02004936"
"AL1 9HQ","AL1  9HQ","AL1 9HQ","201801","201808","E10000015","E58000664","E07000240","E05013956","E43000290","1","517321","0206803","1","E18000006","E40000007","E92000001","E12000006","5","E14001507","E15000006","E24000005","E30000237","E16000150","E07000240","26UGFX","E00120196","26UGFX","E65000001","E01023667","E02004936","5","6D1","E00120196","E01023667","E02004936","E33027453","E38000079","E63011552","C1","5A2",51.747655,-0.301949,"E37000048","","E23000027",30628,"E56000035","E54000025","E00120196","E01023667","E02004936"
"AL1 9HR","AL1  9HR","AL1 9HR","201801","","E10000015","E58000664","E07000240","E05013956","E43000290","1","517321","0206803","1","E18000006","E40000007","E92000001","E12000006","5","E14001507","E15000006","E24000005","E30000237","E16000150","E07000240","26UGFX","E00120196","26UGFX","E65000001","E01023667","E02004936","5","6D1","E00120196","E01023667","E02004936","E33027453","E38000079","E63011552","C1","5A2",51.747655,-0.301949,"E37000048","","E23000027",30628,"E56000035","E54000025","E00120196","E01023667","E02004936"
"AL1 9HS","AL1  9HS","AL1 9HS","201802","202009","E10000015","E58000664","E07000240","E05013956","E43000290","1","517321","0206803","1","E18000006","E40000007","E92000001","E12000006","5","E14001507","E15000006","E24000005","E30000237","E16000150","E07000240","26UGFX","E00120196","26UGFX","E65000001","E01023667","E02004936","5","6D1","E00120196","E01023667","E02004936","E33027453","E38000079","E63011552","C1","5A2",51.747655,-0.301949,"E37000048","","E23000027",30628,"E56000035","E54000025","E00120196","E01023667","E02004936"
"AL1 9HT","AL1  9HT","AL1 9HT","201802","202004","E10000015","E58000664","E07000240","E05013956","E43000290","1","517321","0206803","1","E18000006","E40000007","E92000001","E12000006","5","E14001507","E15000006","E24000005","E30000237","E16000150","E07000240","26UGFX","E00120196","26UGFX","E65000001","E01023667","E02004936","5","6D1","E00120196","E01023667","E02004936","E33027453","E38000079","E63011552","C1","5A2",51.747655,-0.301949,"E37000048","","E23000027",30628,"E56000035","E54000025","E00120196","E01023667","E02004936"
"AL1 9HU","AL1  9HU","AL1 9HU","202202","","E10000015","E58000664","E07000240","E05013956","E43000290","1","517321","0206803","1","E18000006","E40000007","E92000001","E12000006","5","E14001507","E15000006","E24000005","E30000237","E16000150","E07000240","26UGFX","E00120196","26UGFX","E65000001","E01023667","E02004936","5","6D1","E00120196","E01023667","E02004936","E33027453","E38000079","E63011552","C1","5A2",51.747655,-0.301949,"E37000048","","E23000027",30628,"E56000035","E54000025","E00120196","E01023667","E02004936"
"AL1 9HW","AL1  9HW","AL1 9HW","201803","201904","E10000015","E58000664","E07000240","E05013956","E43000290","1","517321","0206803","1","E18000006","E40000007","E92000001","E12000006","5","E14001507","E15000006","E24000005","E30000237","E16000150","E07000240","26UGFX","E00120196","26UGFX","E65000001","E01023667","E02004936","5","6D1","E00120196","E01023667","E02004936","E33027453","E38000079","E63011552","C1","5A2",51.747655,-0.301949,"E37000048","","E23000027",30628,"E56000035","E54000025","E00120196","E01023667","E02004936"
"AL1 9HX","AL1  9HX","AL1 9HX","200704","","E10000015","E58000664","E07000240","E05013956","E43000290","1","517321","0206803","1","E18000006","E40000007","E92000001","E12000006","5","E14001507","E15000006","E24000005","E30000237","E16000150","E07000240","26UGFX","E00120196","26UGFX","E65000001","E01023667","E02004936","5","6D1","E00120196","E01023667","E02004936","E33027453","E38000079","E63011552","C1","5A2",51.747650,-0.301973,"E37000048","","E23000027",30628,"E56000035","E54000025","E00120196","E01023667","E02004936"
"AL1 9HY","AL1  9HY","AL1 9HY","201803","201810","E10000015","E58000664","E07000240","E05013956","E43000290","1","517321","0206803","1","E18000006","E40000007","E92000001","E12000006","5","E14001507","E15000006","E24000005","E30000237","E16000150","E07000240","26UGFX","E00120196","26UGFX","E65000001","E01023667","E02004936","5","6D1","E00120196","E01023667","E02004936","E33027453","E38000079","E63011552","C1","5A2",51.747655,-0.301949,"E37000048","","E23000027",30628,"E56000035","E54000025","E00120196","E01023667","E02004936"
"AL1 9HZ","AL1  9HZ","AL1 9HZ","201804","201811","E10000015","E58000664","E07000240","E05013956","E43000290","1","517321","0206803","1","E18000006","E40000007","E92000001","E12000006","5","E14001507","E15000006","E24000005","E30000237","E16000150","E07000240","26UGFX","E00120196","26UGFX","E65000001","E01023667","E02004936","5","6D1","E00120196","E01023667","E02004936","E33027453","E38000079","E63011552","C1","5A2",51.747655,-0.301949,"E37000048","","E23000027",30628,"E56000035","E54000025","E00120196","E01023667","E02004936"
"AL1 9JA","AL1  9JA","AL1 9JA","201805","","E10000015","E58000664","E07000240","E05013956","E43000290","1","517321","0206803","1","E18000006","E40000007","E92000001","E12000006","5","E14001507","E15000006","E24000005","E30000237","E16000150","E07000240","26UGFX","E00120196","26UGFX","E65000001","E01023667","E02004936","5","6D1","E00120196","E01023667","E02004936","E33027453","E38000079","E63011552","C1","5A2",51.747655,-0.301949,"E37000048","","E23000027",30628,"E56000035","E54000025","E00120196","E01023667","E02004936"
"AL1 9JB","AL1  9JB","AL1 9JB","202202","","E10000015","E58000664","E07000240","E05013956","E43000290","1","517321","0206803","1","E18000006","E40000007","E92000001","E12000006","5","E14001507","E15000006","E24000005","E30000237","E16000150","E07000240","26UGFX","E00120196","26UGFX","E65000001","E01023667","E02004936","5","6D1","E00120196","E01023667","E02004936","E33027453","E38000079","E63011552","C1","5A2",51.747655,-0.301949,"E37000048","","E23000027",30628,"E56000035","E54000025","E00120196","E01023667","E02004936"
"AL1 9JD","AL1  9JD","AL1 9JD","201806","201902","E10000015","E58000664","E07000240","E05013956","E43000290","1","517321","0206803","1","E18000006","E40000007","E92000001","E12000006","5","E14001507","E15000006","E24000005","E30000237","E16000150","E07000240","26UGFX","E00120196","26UGFX","E65000001","E01023667","E02004936","5","6D1","E00120196","E01023667","E02004936","E33027453","E38000079","E63011552","C1","5A2",51.747655,-0.301949,"E37000048","","E23000027",30628,"E56000035","E54000025","E00120196","E01023667","E02004936"
"AL1 9JE","AL1  9JE","AL1 9JE","201807","","E10000015","E58000664","E07000240","E05013956","E43000290","1","517321","0206803","1","E18000006","E40000007","E92000001","E12000006","5","E14001507","E15000006","E24000005","E30000237","E16000150","E07000240","26UGFX","E00120196","26UGFX","E65000001","E01023667","E02004936","5","6D1","E00120196","E01023667","E02004936","E33027453","E38000079","E63011552","C1","5A2",51.747655,-0.301949,"E37000048","","E23000027",30628,"E56000035","E54000025","E00120196","E01023667","E02004936"
"AL1 9JF","AL1  9JF","AL1 9JF","202312","202408","E10000015","E58000664","E07000240","E05013956","E43000290","1","517321","0206803","1","E18000006","E40000007","E92000001","E12000006","5","E14001507","E15000006","E24000005","E30000237","E16000150","E07000240","26UGFX","E00120196","26UGFX","E65000001","E01023667","E02004936","5","6D1","E00120196","E01023667","E02004936","E33027453","E38000079","E63011552","C1","5A2",51.747655,-0.301949,"E37000048","","E23000027",30628,"E56000035","E54000025","E00120196","E01023667","E02004936"
"AL1 9JG","AL1  9JG","AL1 9JG","201808","201909","E10000015","E58000664","E07000240","E05013956","E43000290","1","517321","0206803","1","E18000006","E40000007","E92000001","E12000006","5","E14001507","E15000006","E24000005","E30000237","E16000150","E07000240","26UGFX","E00120196","26UGFX","E65000001","E01023667","E02004936","5","6D1","E00120196","E01023667","E02004936","E33027453","E38000079","E63011552","C1","5A2",51.747655,-0.301949,"E37000048","","E23000027",30628,"E56000035","E54000025","E00120196","E01023667","E02004936"
"AL1 9JH","AL1  9JH","AL1 9JH","202301","","E10000015","E58000664","E07000240","E05013956","E43000290","1","517321","0206803","1","E18000006","E40000007","E92000001","E12000006","5","E14001507","E15000006","E24000005","E30000237","E16000150","E07000240","26UGFX","E00120196","26UGFX","E65000001","E01023667","E02004936","5","6D1","E00120196","E01023667","E02004936","E33027453","E38000079","E63011552","C1","5A2",51.747655,-0.301949,"E37000048","","E23000027",30628,"E56000035","E54000025","E00120196","E01023667","E02004936"
"AL1 9JJ","AL1  9JJ","AL1 9JJ","201809","202002","E10000015","E58000664","E07000240","E05013956","E43000290","1","517321","0206803","1","E18000006","E40000007","E92000001","E12000006","5","E14001507","E15000006","E24000005","E30000237","E16000150","E07000240","26UGFX","E00120196","26UGFX","E65000001","E01023667","E02004936","5","6D1","E00120196","E01023667","E02004936","E33027453","E38000079","E63011552","C1","5A2",51.747655,-0.301949,"E37000048","","E23000027",30628,"E56000035","E54000025","E00120196","E01023667","E02004936"
"AL1 9JL","AL1  9JL","AL1 9JL","201809","","E10000015","E58000664","E07000240","E05013956","E43000290","1","517321","0206803","1","E18000006","E40000007","E92000001","E12000006","5","E14001507","E15000006","E24000005","E30000237","E16000150","E07000240","26UGFX","E00120196","26UGFX","E65000001","E01023667","E02004936","5","6D1","E00120196","E01023667","E02004936","E33027453","E38000079","E63011552","C1","5A2",51.747655,-0.301949,"E37000048","","E23000027",30628,"E56000035","E54000025","E00120196","E01023667","E02004936"
"AL1 9JN","AL1  9JN","AL1 9JN","201809","201910","E10000015","E58000664","E07000240","E05013956","E43000290","1","517321","0206803","1","E18000006","E40000007","E92000001","E12000006","5","E14001507","E15000006","E24000005","E30000237","E16000150","E07000240","26UGFX","E00120196","26UGFX","E65000001","E01023667","E02004936","5","6D1","E00120196","E01023667","E02004936","E33027453","E38000079","E63011552","C1","5A2",51.747655,-0.301949,"E37000048","","E23000027",30628,"E56000035","E54000025","E00120196","E01023667","E02004936"
"AL1 9JP","AL1  9JP","AL1 9JP","202204","202208","E10000015","E58000664","E07000240","E05013956","E43000290","1","517321","0206803","1","E18000006","E40000007","E92000001","E12000006","5","E14001507","E15000006","E24000005","E30000237","E16000150","E07000240","26UGFX","E00120196","26UGFX","E65000001","E01023667","E02004936","5","6D1","E00120196","E01023667","E02004936","E33027453","E38000079","E63011552","C1","5A2",51.747655,-0.301949,"E37000048","","E23000027",30628,"E56000035","E54000025","E00120196","E01023667","E02004936"
"AL1 9JQ","AL1  9JQ","AL1 9JQ","201812","201906","E10000015","E58000664","E07000240","E05013956","E43000290","1","517321","0206803","1","E18000006","E40000007","E92000001","E12000006","5","E14001507","E15000006","E24000005","E30000237","E16000150","E07000240","26UGFX","E00120196","26UGFX","E65000001","E01023667","E02004936","5","6D1","E00120196","E01023667","E02004936","E33027453","E38000079","E63011552","C1","5A2",51.747655,-0.301949,"E37000048","","E23000027",30628,"E56000035","E54000025","E00120196","E01023667","E02004936"
"AL1 9JR","AL1  9JR","AL1 9JR","202205","","E10000015","E58000664","E07000240","E05013956","E43000290","1","517321","0206803","1","E18000006","E40000007","E92000001","E12000006","5","E14001507","E15000006","E24000005","E30000237","E16000150","E07000240","26UGFX","E00120196","26UGFX","E65000001","E01023667","E02004936","5","6D1","E00120196","E01023667","E02004936","E33027453","E38000079","E63011552","C1","5A2",51.747655,-0.301949,"E37000048","","E23000027",30628,"E56000035","E54000025","E00120196","E01023667","E02004936"
"AL1 9JS","AL1  9JS","AL1 9JS","202407","","E10000015","E58000664","E07000240","E05013956","E43000290","1","517321","0206803","1","E18000006","E40000007","E92000001","E12000006","5","E14001507","E15000006","E24000005","E30000237","E16000150","E07000240","26UGFX","E00120196","26UGFX","E65000001","E01023667","E02004936","5","6D1","E00120196","E01023667","E02004936","E33027453","E38000079","E63011552","C1","5A2",51.747655,-0.301949,"E37000048","","E23000027",30628,"E56000035","E54000025","E00120196","E01023667","E02004936"
"AL1 9JT","AL1  9JT","AL1 9JT","201812","","E10000015","E58000664","E07000240","E05013956","E43000290","1","517321","0206803","1","E18000006","E40000007","E92000001","E12000006","5","E14001507","E15000006","E24000005","E30000237","E16000150","E07000240","26UGFX","E00120196","26UGFX","E65000001","E01023667","E02004936","5","6D1","E00120196","E01023667","E02004936","E33027453","E38000079","E63011552","C1","5A2",51.747655,-0.301949,"E37000048","","E23000027",30628,"E56000035","E54000025","E00120196","E01023667","E02004936"
"AL1 9JU","AL1  9JU","AL1 9JU","201812","","E10000015","E58000664","E07000240","E05013956","E43000290","1","517321","0206803","1","E18000006","E40000007","E92000001","E12000006","5","E14001507","E15000006","E24000005","E30000237","E16000150","E07000240","26UGFX","E00120196","26UGFX","E65000001","E01023667","E02004936","5","6D1","E00120196","E01023667","E02004936","E33027453","E38000079","E63011552","C1","5A2",51.747655,-0.301949,"E37000048","","E23000027",30628,"E56000035","E54000025","E00120196","E01023667","E02004936"
"AL1 9JW","AL1  9JW","AL1 9JW","201812","","E10000015","E58000664","E07000240","E05013956","E43000290","1","517321","0206803","1","E18000006","E40000007","E92000001","E12000006","5","E14001507","E15000006","E24000005","E30000237","E16000150","E07000240","26UGFX","E00120196","26UGFX","E65000001","E01023667","E02004936","5","6D1","E00120196","E01023667","E02004936","E33027453","E38000079","E63011552","C1","5A2",51.747655,-0.301949,"E37000048","","E23000027",30628,"E56000035","E54000025","E00120196","E01023667","E02004936"
"AL1 9JX","AL1  9JX","AL1 9JX","201310","","E10000015","E58000664","E07000240","E05013956","E43000290","1","517321","0206803","1","E18000006","E40000007","E92000001","E12000006","5","E14001507","E15000006","E24000005","E30000237","E16000150","E07000240","26UGFX","E00120196","26UGFX","E65000001","E01023667","E02004936","5","6D1","E00120196","E01023667","E02004936","E33027453","E38000079","E63011552","C1","5A2",51.747650,-0.301973,"E37000048","","E23000027",30628,"E56000035","E54000025","E00120196","E01023667","E02004936"
"AL1 9JY","AL1  9JY","AL1 9JY","201812","201907","E10000015","E58000664","E07000240","E05013956","E43000290","1","517321","0206803","1","E18000006","E40000007","E92000001","E12000006","5","E14001507","E15000006","E24000005","E30000237","E16000150","E07000240","26UGFX","E00120196","26UGFX","E65000001","E01023667","E02004936","5","6D1","E00120196","E01023667","E02004936","E33027453","E38000079","E63011552","C1","5A2",51.747655,-0.301949,"E37000048","","E23000027",30628,"E56000035","E54000025","E00120196","E01023667","E02004936"
"AL1 9JZ","AL1  9JZ","AL1 9JZ","201901","","E10000015","E58000664","E07000240","E05013956","E43000290","1","517321","0206803","1","E18000006","E40000007","E92000001","E12000006","5","E14001507","E15000006","E24000005","E30000237","E16000150","E07000240","26UGFX","E00120196","26UGFX","E65000001","E01023667","E02004936","5","6D1","E00120196","E01023667","E02004936","E33027453","E38000079","E63011552","C1","5A2",51.747655,-0.301949,"E37000048","","E23000027",30628,"E56000035","E54000025","E00120196","E01023667","E02004936"
"AL1 9LA","AL1  9LA","AL1 9LA","201901","201903","E10000015","E58000664","E07000240","E05013956","E43000290","1","517321","0206803","1","E18000006","E40000007","E92000001","E12000006","5","E14001507","E15000006","E24000005","E30000237","E16000150","E07000240","26UGFX","E00120196","26UGFX","E65000001","E01023667","E02004936","5","6D1","E00120196","E01023667","E02004936","E33027453","E38000079","E63011552","C1","5A2",51.747655,-0.301949,"E37000048","","E23000027",30628,"E56000035","E54000025","E00120196","E01023667","E02004936"
"AL1 9LB","AL1  9LB","AL1 9LB","201902","202103","E10000015","E58000664","E07000240","E05013956","E43000290","1","517321","0206803","1","E18000006","E40000007","E92000001","E12000006","5","E14001507","E15000006","E24000005","E30000237","E16000150","E07000240","26UGFX","E00120196","26UGFX","E65000001","E01023667","E02004936","5","6D1","E00120196","E01023667","E02004936","E33027453","E38000079","E63011552","C1","5A2",51.747655,-0.301949,"E37000048","","E23000027",30628,"E56000035","E54000025","E00120196","E01023667","E02004936"
"AL1 9LD","AL1  9LD","AL1 9LD","201902","201909","E10000015","E58000664","E07000240","E05013956","E43000290","1","517321","0206803","1","E18000006","E40000007","E92000001","E12000006","5","E14001507","E15000006","E24000005","E30000237","E16000150","E07000240","26UGFX","E00120196","26UGFX","E65000001","E01023667","E02004936","5","6D1","E00120196","E01023667","E02004936","E33027453","E38000079","E63011552","C1","5A2",51.747655,-0.301949,"E37000048","","E23000027",30628,"E56000035","E54000025","E00120196","E01023667","E02004936"
"AL1 9LE","AL1  9LE","AL1 9LE","202205","202209","E10000015","E58000664","E07000240","E05013956","E43000290","1","517321","0206803","1","E18000006","E40000007","E92000001","E12000006","5","E14001507","E15000006","E24000005","E30000237","E16000150","E07000240","26UGFX","E00120196","26UGFX","E65000001","E01023667","E02004936","5","6D1","E00120196","E01023667","E02004936","E33027453","E38000079","E63011552","C1","5A2",51.747655,-0.301949,"E37000048","","E23000027",30628,"E56000035","E54000025","E00120196","E01023667","E02004936"
"AL1 9LF","AL1  9LF","AL1 9LF","201903","201909","E10000015","E58000664","E07000240","E05013956","E43000290","1","517321","0206803","1","E18000006","E40000007","E92000001","E12000006","5","E14001507","E15000006","E24000005","E30000237","E16000150","E07000240","26UGFX","E00120196","26UGFX","E65000001","E01023667","E02004936","5","6D1","E00120196","E01023667","E02004936","E33027453","E38000079","E63011552","C1","5A2",51.747655,-0.301949,"E37000048","","E23000027",30628,"E56000035","E54000025","E00120196","E01023667","E02004936"
"AL1 9LG","AL1  9LG","AL1 9LG","201903","","E10000015","E58000664","E07000240","E05013956","E43000290","1","517321","0206803","1","E18000006","E40000007","E92000001","E12000006","5","E14001507","E15000006","E24000005","E30000237","E16000150","E07000240","26UGFX","E00120196","26UGFX","E65000001","E01023667","E02004936","5","6D1","E00120196","E01023667","E02004936","E33027453","E38000079","E63011552","C1","5A2",51.747655,-0.301949,"E37000048","","E23000027",30628,"E56000035","E54000025","E00120196","E01023667","E02004936"
"AL1 9LH","AL1  9LH","AL1 9LH","202205","202212","E10000015","E58000664","E07000240","E05013956","E43000290","1","517321","0206803","1","E18000006","E40000007","E92000001","E12000006","5","E14001507","E15000006","E24000005","E30000237","E16000150","E07000240","26UGFX","E00120196","26UGFX","E65000001","E01023667","E02004936","5","6D1","E00120196","E01023667","E02004936","E33027453","E38000079","E63011552","C1","5A2",51.747655,-0.301949,"E37000048","","E23000027",30628,"E56000035","E54000025","E00120196","E01023667","E02004936"
"AL1 9LJ","AL1  9LJ","AL1 9LJ","201903","202204","E10000015","E58000664","E07000240","E05013956","E43000290","1","517321","0206803","1","E18000006","E40000007","E92000001","E12000006","5","E14001507","E15000006","E24000005","E30000237","E16000150","E07000240","26UGFX","E00120196","26UGFX","E65000001","E01023667","E02004936","5","6D1","E00120196","E01023667","E02004936","E33027453","E38000079","E63011552","C1","5A2",51.747655,-0.301949,"E37000048","","E23000027",30628,"E56000035","E54000025","E00120196","E01023667","E02004936"
"AL1 9LL","AL1  9LL","AL1 9LL","201903","202004","E10000015","E58000664","E07000240","E05013956","E43000290","1","517321","0206803","1","E18000006","E40000007","E92000001","E12000006","5","E14001507","E15000006","E24000005","E30000237","E16000150","E07000240","26UGFX","E00120196","26UGFX","E65000001","E01023667","E02004936","5","6D1","E00120196","E01023667","E02004936","E33027453","E38000079","E63011552","C1","5A2",51.747655,-0.301949,"E37000048","","E23000027",30628,"E56000035","E54000025","E00120196","E01023667","E02004936"
"AL1 9LN","AL1  9LN","AL1 9LN","201904","201910","E10000015","E58000664","E07000240","E05013956","E43000290","1","517321","0206803","1","E18000006","E40000007","E92000001","E12000006","5","E14001507","E15000006","E24000005","E30000237","E16000150","E07000240","26UGFX","E00120196","26UGFX","E65000001","E01023667","E02004936","5","6D1","E00120196","E01023667","E02004936","E33027453","E38000079","E63011552","C1","5A2",51.747655,-0.301949,"E37000048","","E23000027",30628,"E56000035","E54000025","E00120196","E01023667","E02004936"
"AL1 9LP","AL1  9LP","AL1 9LP","200710","201311","E10000015","E58000664","E07000240","E05013956","E43000290","1","517328","0206823","1","E18000006","E40000007","E92000001","E12000006","5","E14001507","E15000006","E24000005","E30000237","E16000150","E07000240","26UGFX","E00120196","26UGFX","E65000001","E01023667","E02004936","5","6D1","E00120196","E01023667","E02004936","E33027453","E38000079","E63011552","C1","5A2",51.747828,-0.301865,"E37000048","","E23000027",30628,"E56000035","E54000025","E00120196","E01023667","E02004936"
"AL1 9LQ","AL1  9LQ","AL1 9LQ","200711","201112","E10000015","E58000664","E07000240","E05013956","E43000290","1","517328","0206823","1","E18000006","E40000007","E92000001","E12000006","5","E14001507","E15000006","E24000005","E30000237","E16000150","E07000240","26UGFX","E00120196","26UGFX","E65000001","E01023667","E02004936","5","6D1","E00120196","E01023667","E02004936","E33027453","E38000079","E63011552","C1","5A2",51.747828,-0.301865,"E37000048","","E23000027",30628,"E56000035","E54000025","E00120196","E01023667","E02004936"
"AL1 9LR","AL1  9LR","AL1 9LR","200908","201307","E10000015","E58000664","E07000240","E05013956","E43000290","1","517328","0206823","1","E18000006","E40000007","E92000001","E12000006","5","E14001507","E15000006","E24000005","E30000237","E16000150","E07000240","26UGFX","E00120196","26UGFX","E65000001","E01023667","E02004936","5","6D1","E00120196","E01023667","E02004936","E33027453","E38000079","E63011552","C1","5A2",51.747828,-0.301865,"E37000048","","E23000027",30628,"E56000035","E54000025","E00120196","E01023667","E02004936"
"AL1 9LS","AL1  9LS","AL1 9LS","202206","","E10000015","E58000664","E07000240","E05013956","E43000290","1","517321","0206803","1","E18000006","E40000007","E92000001","E12000006","5","E14001507","E15000006","E24000005","E30000237","E16000150","E07000240","26UGFX","E00120196","26UGFX","E65000001","E01023667","E02004936","5","6D1","E00120196","E01023667","E02004936","E33027453","E38000079","E63011552","C1","5A2",51.747655,-0.301949,"E37000048","","E23000027",30628,"E56000035","E54000025","E00120196","E01023667","E02004936"
"AL1 9LT","AL1  9LT","AL1 9LT","202207","","E10000015","E58000664","E07000240","E05013956","E43000290","1","517321","0206803","1","E18000006","E40000007","E92000001","E12000006","5","E14001507","E15000006","E24000005","E30000237","E16000150","E07000240","26UGFX","E00120196","26UGFX","E65000001","E01023667","E02004936","5","6D1","E00120196","E01023667","E02004936","E33027453","E38000079","E63011552","C1","5A2",51.747655,-0.301949,"E37000048","","E23000027",30628,"E56000035","E54000025","E00120196","E01023667","E02004936"
"AL1 9LU","AL1  9LU","AL1 9LU","200801","201307","E10000015","E58000664","E07000240","E05013956","E43000290","1","517328","0206823","1","E18000006","E40000007","E92000001","E12000006","5","E14001507","E15000006","E24000005","E30000237","E16000150","E07000240","26UGFX","E00120196","26UGFX","E65000001","E01023667","E02004936","5","6D1","E00120196","E01023667","E02004936","E33027453","E38000079","E63011552","C1","5A2",51.747828,-0.301865,"E37000048","","E23000027",30628,"E56000035","E54000025","E00120196","E01023667","E02004936"
"AL1 9LW","AL1  9LW","AL1 9LW","202207","","E10000015","E58000664","E07000240","E05013956","E43000290","1","517321","0206803","1","E18000006","E40000007","E92000001","E12000006","5","E14001507","E15000006","E24000005","E30000237","E16000150","E07000240","26UGFX","E00120196","26UGFX","E65000001","E01023667","E02004936","5","6D1","E00120196","E01023667","E02004936","E33027453","E38000079","E63011552","C1","5A2",51.747655,-0.301949,"E37000048","","E23000027",30628,"E56000035","E54000025","E00120196","E01023667","E02004936"
"AL1 9LX","AL1  9LX","AL1 9LX","200801","201402","E10000015","E58000664","E07000240","E05013956","E43000290","1","517328","0206823","1","E18000006","E40000007","E92000001","E12000006","5","E14001507","E15000006","E24000005","E30000237","E16000150","E07000240","26UGFX","E00120196","26UGFX","E65000001","E01023667","E02004936","5","6D1","E00120196","E01023667","E02004936","E33027453","E38000079","E63011552","C1","5A2",51.747828,-0.301865,"E37000048","","E23000027",30628,"E56000035","E54000025","E00120196","E01023667","E02004936"
"AL1 9LY","AL1  9LY","AL1 9LY","202208","202407","E10000015","E58000664","E07000240","E05013956","E43000290","1","517321","0206803","1","E18000006","E40000007","E92000001","E12000006","5","E14001507","E15000006","E24000005","E30000237","E16000150","E07000240","26UGFX","E00120196","26UGFX","E65000001","E01023667","E02004936","5","6D1","E00120196","E01023667","E02004936","E33027453","E38000079","E63011552","C1","5A2",51.747655,-0.301949,"E37000048","","E23000027",30628,"E56000035","E54000025","E00120196","E01023667","E02004936"
"AL1 9LZ","AL1  9LZ","AL1 9LZ","200801","","E10000015","E58000664","E07000240","E05013956","E43000290","1","517321","0206803","1","E18000006","E40000007","E92000001","E12000006","5","E14001507","E15000006","E24000005","E30000237","E16000150","E07000240","26UGFX","E00120196","26UGFX","E65000001","E01023667","E02004936","5","6D1","E00120196","E01023667","E02004936","E33027453","E38000079","E63011552","C1","5A2",51.747650,-0.301973,"E37000048","","E23000027",30628,"E56000035","E54000025","E00120196","E01023667","E02004936"
"AL1 9NA","AL1  9NA","AL1 9NA","200801","200902","E10000015","E58000664","E07000240","E05013956","E43000290","1","517328","0206823","1","E18000006","E40000007","E92000001","E12000006","5","E14001507","E15000006","E24000005","E30000237","E16000150","E07000240","26UGFX","E00120196","26UGFX","E65000001","E01023667","E02004936","5","6D1","E00120196","E01023667","E02004936","E33027453","E38000079","E63011552","C1","5A2",51.747828,-0.301865,"E37000048","","E23000027",30628,"E56000035","E54000025","E00120196","E01023667","E02004936"
"AL1 9NB","AL1  9NB","AL1 9NB","201103","","E10000015","E58000664","E07000240","E05013956","E43000290","1","517321","0206803","1","E18000006","E40000007","E92000001","E12000006","5","E14001507","E15000006","E24000005","E30000237","E16000150","E07000240","26UGFX","E00120196","26UGFX","E65000001","E01023667","E02004936","5","6D1","E00120196","E01023667","E02004936","E33027453","E38000079","E63011552","C1","5A2",51.747650,-0.301973,"E37000048","","E23000027",30628,"E56000035","E54000025","E00120196","E01023667","E02004936"
"AL1 9ND","AL1  9ND","AL1 9ND","201904","201911","E10000015","E58000664","E07000240","E05013956","E43000290","1","517321","0206803","1","E18000006","E40000007","E92000001","E12000006","5","E14001507","E15000006","E24000005","E30000237","E16000150","E07000240","26UGFX","E00120196","26UGFX","E65000001","E01023667","E02004936","5","6D1","E00120196","E01023667","E02004936","E33027453","E38000079","E63011552","C1","5A2",51.747655,-0.301949,"E37000048","","E23000027",30628,"E56000035","E54000025","E00120196","E01023667","E02004936"
"AL1 9NE","AL1  9NE","AL1 9NE","202209","","E10000015","E58000664","E07000240","E05013956","E43000290","1","517321","0206803","1","E18000006","E40000007","E92000001","E12000006","5","E14001507","E15000006","E24000005","E30000237","E16000150","E07000240","26UGFX","E00120196","26UGFX","E65000001","E01023667","E02004936","5","6D1","E00120196","E01023667","E02004936","E33027453","E38000079","E63011552","C1","5A2",51.747655,-0.301949,"E37000048","","E23000027",30628,"E56000035","E54000025","E00120196","E01023667","E02004936"
"AL1 9NF","AL1  9NF","AL1 9NF","201506","","E10000015","E58000664","E07000240","E05013956","E43000290","1","517321","0206803","1","E18000006","E40000007","E92000001","E12000006","5","E14001507","E15000006","E24000005","E30000237","E16000150","E07000240","26UGFX","E00120196","26UGFX","E65000001","E01023667","E02004936","5","6D1","E00120196","E01023667","E02004936","E33027453","E38000079","E63011552","C1","5A2",51.747650,-0.301973,"E37000048","","E23000027",30628,"E56000035","E54000025","E00120196","E01023667","E02004936"
"AL1 9NG","AL1  9NG","AL1 9NG","202005","","E10000015","E58000664","E07000240","E05013956","E43000290","1","517321","0206803","1","E18000006","E40000007","E92000001","E12000006","5","E14001507","E15000006","E24000005","E30000237","E16000150","E07000240","26UGFX","E00120196","26UGFX","E65000001","E01023667","E02004936","5","6D1","E00120196","E01023667","E02004936","E33027453","E38000079","E63011552","C1","5A2",51.747655,-0.301949,"E37000048","","E23000027",30628,"E56000035","E54000025","E00120196","E01023667","E02004936"
"AL1 9NH","AL1  9NH","AL1 9NH","201906","202301","E10000015","E58000664","E07000240","E05013956","E43000290","1","517321","0206803","1","E18000006","E40000007","E92000001","E12000006","5","E14001507","E15000006","E24000005","E30000237","E16000150","E07000240","26UGFX","E00120196","26UGFX","E65000001","E01023667","E02004936","5","6D1","E00120196","E01023667","E02004936","E33027453","E38000079","E63011552","C1","5A2",51.747655,-0.301949,"E37000048","","E23000027",30628,"E56000035","E54000025","E00120196","E01023667","E02004936"
"AL1 9NJ","AL1  9NJ","AL1 9NJ","202209","202210","E10000015","E58000664","E07000240","E05013956","E43000290","1","517321","0206803","5","E18000006","E40000007","E92000001","E12000006","5","E14001507","E15000006","E24000005","E30000237","E16000150","E07000240","26UGFX","E00120196","26UGFX","E65000001","E01023667","E02004936","5","6D1","E00120196","E01023667","E02004936","E33027453","E38000079","E63011552","C1","5A2",51.747655,-0.301949,"E37000048","","E23000027",30628,"E56000035","E54000025","E00120196","E01023667","E02004936"
"AL1 9NL","AL1  9NL","AL1 9NL","202210","202302","E10000015","E58000664","E07000240","E05013956","E43000290","1","517321","0206803","1","E18000006","E40000007","E92000001","E12000006","5","E14001507","E15000006","E24000005","E30000237","E16000150","E07000240","26UGFX","E00120196","26UGFX","E65000001","E01023667","E02004936","5","6D1","E00120196","E01023667","E02004936","E33027453","E38000079","E63011552","C1","5A2",51.747655,-0.301949,"E37000048","","E23000027",30628,"E56000035","E54000025","E00120196","E01023667","E02004936"
"AL1 9NN","AL1  9NN","AL1 9NN","202211","202302","E10000015","E58000664","E07000240","E05013956","E43000290","1","517321","0206803","1","E18000006","E40000007","E92000001","E12000006","5","E14001507","E15000006","E24000005","E30000237","E16000150","E07000240","26UGFX","E00120196","26UGFX","E65000001","E01023667","E02004936","5","6D1","E00120196","E01023667","E02004936","E33027453","E38000079","E63011552","C1","5A2",51.747655,-0.301949,"E37000048","","E23000027",30628,"E56000035","E54000025","E00120196","E01023667","E02004936"
"AL1 9NP","AL1  9NP","AL1 9NP","201108","201405","E10000015","E58000664","E07000240","E05013956","E43000290","1","517328","0206823","1","E18000006","E40000007","E92000001","E12000006","5","E14001507","E15000006","E24000005","E30000237","E16000150","E07000240","26UGFX","E00120196","26UGFX","E65000001","E01023667","E02004936","5","6D1","E00120196","E01023667","E02004936","E33027453","E38000079","E63011552","C1","5A2",51.747828,-0.301865,"E37000048","","E23000027",30628,"E56000035","E54000025","E00120196","E01023667","E02004936"
"AL1 9NQ","AL1  9NQ","AL1 9NQ","201907","","E10000015","E58000664","E07000240","E05013956","E43000290","1","517321","0206803","1","E18000006","E40000007","E92000001","E12000006","5","E14001507","E15000006","E24000005","E30000237","E16000150","E07000240","26UGFX","E00120196","26UGFX","E65000001","E01023667","E02004936","5","6D1","E00120196","E01023667","E02004936","E33027453","E38000079","E63011552","C1","5A2",51.747655,-0.301949,"E37000048","","E23000027",30628,"E56000035","E54000025","E00120196","E01023667","E02004936"
"AL1 9NR","AL1  9NR","AL1 9NR","202211","202304","E10000015","E58000664","E07000240","E05013956","E43000290","1","517321","0206803","1","E18000006","E40000007","E92000001","E12000006","5","E14001507","E15000006","E24000005","E30000237","E16000150","E07000240","26UGFX","E00120196","26UGFX","E65000001","E01023667","E02004936","5","6D1","E00120196","E01023667","E02004936","E33027453","E38000079","E63011552","C1","5A2",51.747655,-0.301949,"E37000048","","E23000027",30628,"E56000035","E54000025","E00120196","E01023667","E02004936"
"AL1 9NS","AL1  9NS","AL1 9NS","202212","","E10000015","E58000664","E07000240","E05013956","E43000290","1","517321","0206803","1","E18000006","E40000007","E92000001","E12000006","5","E14001507","E15000006","E24000005","E30000237","E16000150","E07000240","26UGFX","E00120196","26UGFX","E65000001","E01023667","E02004936","5","6D1","E00120196","E01023667","E02004936","E33027453","E38000079","E63011552","C1","5A2",51.747655,-0.301949,"E37000048","","E23000027",30628,"E56000035","E54000025","E00120196","E01023667","E02004936"
"AL1 9NT","AL1  9NT","AL1 9NT","202301","","E10000015","E58000664","E07000240","E05013956","E43000290","1","517321","0206803","1","E18000006","E40000007","E92000001","E12000006","5","E14001507","E15000006","E24000005","E30000237","E16000150","E07000240","26UGFX","E00120196","26UGFX","E65000001","E01023667","E02004936","5","6D1","E00120196","E01023667","E02004936","E33027453","E38000079","E63011552","C1","5A2",51.747655,-0.301949,"E37000048","","E23000027",30628,"E56000035","E54000025","E00120196","E01023667","E02004936"
"AL1 9NU","AL1  9NU","AL1 9NU","200911","201305","E10000015","E58000664","E07000240","E05013956","E43000290","1","517328","0206823","1","E18000006","E40000007","E92000001","E12000006","5","E14001507","E15000006","E24000005","E30000237","E16000150","E07000240","26UGFX","E00120196","26UGFX","E65000001","E01023667","E02004936","5","6D1","E00120196","E01023667","E02004936","E33027453","E38000079","E63011552","C1","5A2",51.747828,-0.301865,"E37000048","","E23000027",30628,"E56000035","E54000025","E00120196","E01023667","E02004936"
"AL1 9NW","AL1  9NW","AL1 9NW","202302","202403","E10000015","E58000664","E07000240","E05013956","E43000290","1","517321","0206803","1","E18000006","E40000007","E92000001","E12000006","5","E14001507","E15000006","E24000005","E30000237","E16000150","E07000240","26UGFX","E00120196","26UGFX","E65000001","E01023667","E02004936","5","6D1","E00120196","E01023667","E02004936","E33027453","E38000079","E63011552","C1","5A2",51.747655,-0.301949,"E37000048","","E23000027",30628,"E56000035","E54000025","E00120196","E01023667","E02004936"
"AL1 9NX","AL1  9NX","AL1 9NX","202304","202305","E10000015","E58000664","E07000240","E05013956","E43000290","1","517321","0206803","1","E18000006","E40000007","E92000001","E12000006","5","E14001507","E15000006","E24000005","E30000237","E16000150","E07000240","26UGFX","E00120196","26UGFX","E65000001","E01023667","E02004936","5","6D1","E00120196","E01023667","E02004936","E33027453","E38000079","E63011552","C1","5A2",51.747655,-0.301949,"E37000048","","E23000027",30628,"E56000035","E54000025","E00120196","E01023667","E02004936"
"AL1 9NY","AL1  9NY","AL1 9NY","201303","201403","E10000015","E58000664","E07000240","E05013956","E43000290","1","517328","0206823","1","E18000006","E40000007","E92000001","E12000006","5","E14001507","E15000006","E24000005","E30000237","E16000150","E07000240","26UGFX","E00120196","26UGFX","E65000001","E01023667","E02004936","5","6D1","E00120196","E01023667","E02004936","E33027453","E38000079","E63011552","C1","5A2",51.747828,-0.301865,"E37000048","","E23000027",30628,"E56000035","E54000025","E00120196","E01023667","E02004936"
"AL1 9NZ","AL1  9NZ","AL1 9NZ","202304","202405","E10000015","E58000664","E07000240","E05013956","E43000290","1","517321","0206803","1","E18000006","E40000007","E92000001","E12000006","5","E14001507","E15000006","E24000005","E30000237","E16000150","E07000240","26UGFX","E00120196","26UGFX","E65000001","E01023667","E02004936","5","6D1","E00120196","E01023667","E02004936","E33027453","E38000079","E63011552","C1","5A2",51.747655,-0.301949,"E37000048","","E23000027",30628,"E56000035","E54000025","E00120196","E01023667","E02004936"
"AL1 9PA","AL1  9PA","AL1 9PA","202304","202310","E10000015","E58000664","E07000240","E05013956","E43000290","1","517321","0206803","1","E18000006","E40000007","E92000001","E12000006","5","E14001507","E15000006","E24000005","E30000237","E16000150","E07000240","26UGFX","E00120196","26UGFX","E65000001","E01023667","E02004936","5","6D1","E00120196","E01023667","E02004936","E33027453","E38000079","E63011552","C1","5A2",51.747655,-0.301949,"E37000048","","E23000027",30628,"E56000035","E54000025","E00120196","E01023667","E02004936"
"AL1 9PB","AL1  9PB","AL1 9PB","202307","202311","E10000015","E58000664","E07000240","E05013956","E43000290","1","517321","0206803","1","E18000006","E40000007","E92000001","E12000006","5","E14001507","E15000006","E24000005","E30000237","E16000150","E07000240","26UGFX","E00120196","26UGFX","E65000001","E01023667","E02004936","5","6D1","E00120196","E01023667","E02004936","E33027453","E38000079","E63011552","C1","5A2",51.747655,-0.301949,"E37000048","","E23000027",30628,"E56000035","E54000025","E00120196","E01023667","E02004936"
"AL1 9PD","AL1  9PD","AL1 9PD","201907","202008","E10000015","E58000664","E07000240","E05013956","E43000290","1","517321","0206803","1","E18000006","E40000007","E92000001","E12000006","5","E14001507","E15000006","E24000005","E30000237","E16000150","E07000240","26UGFX","E00120196","26UGFX","E65000001","E01023667","E02004936","5","6D1","E00120196","E01023667","E02004936","E33027453","E38000079","E63011552","C1","5A2",51.747655,-0.301949,"E37000048","","E23000027",30628,"E56000035","E54000025","E00120196","E01023667","E02004936"
"AL1 9PE","AL1  9PE","AL1 9PE","201907","202108","E10000015","E58000664","E07000240","E05013956","E43000290","1","517321","0206803","1","E18000006","E40000007","E92000001","E12000006","5","E14001507","E15000006","E24000005","E30000237","E16000150","E07000240","26UGFX","E00120196","26UGFX","E65000001","E01023667","E02004936","5","6D1","E00120196","E01023667","E02004936","E33027453","E38000079","E63011552","C1","5A2",51.747655,-0.301949,"E37000048","","E23000027",30628,"E56000035","E54000025","E00120196","E01023667","E02004936"
"AL1 9PF","AL1  9PF","AL1 9PF","200805","200901","E10000015","E58000664","E07000240","E05013956","E43000290","1","517328","0206823","1","E18000006","E40000007","E92000001","E12000006","5","E14001507","E15000006","E24000005","E30000237","E16000150","E07000240","26UGFX","E00120196","26UGFX","E65000001","E01023667","E02004936","5","6D1","E00120196","E01023667","E02004936","E33027453","E38000079","E63011552","C1","5A2",51.747828,-0.301865,"E37000048","","E23000027",30628,"E56000035","E54000025","E00120196","E01023667","E02004936"
"AL1 9PG","AL1  9PG","AL1 9PG","202308","202406","E10000015","E99999999","E07000240","E05013956","E43000290","1","517321","0206803","1","E18000006","E40000007","E92000001","E12000006","5","E14001507","E15000006","E24000005","E30000237","E16000150","E07000240","26UGFX","E00120196","26UGFX","E65000001","E01023667","E02004936","5","6D1","E00120196","E01023667","E02004936","E33027453","E38000079","E63011552","C1","5A2",51.747655,-0.301949,"E37000048","","E23000027",30628,"E56000035","E54000025","E00120196","E01023667","E02004936"
"AL1 9PH","AL1  9PH","AL1 9PH","200806","201207","E10000015","E58000664","E07000240","E05013956","E43000290","1","517328","0206823","1","E18000006","E40000007","E92000001","E12000006","5","E14001507","E15000006","E24000005","E30000237","E16000150","E07000240","26UGFX","E00120196","26UGFX","E65000001","E01023667","E02004936","5","6D1","E00120196","E01023667","E02004936","E33027453","E38000079","E63011552","C1","5A2",51.747828,-0.301865,"E37000048","","E23000027",30628,"E56000035","E54000025","E00120196","E01023667","E02004936"
"AL1 9PJ","AL1  9PJ","AL1 9PJ","202310","","E10000015","E58000664","E07000240","E05013956","E43000290","1","517321","0206803","1","E18000006","E40000007","E92000001","E12000006","5","E14001507","E15000006","E24000005","E30000237","E16000150","E07000240","26UGFX","E00120196","26UGFX","E65000001","E01023667","E02004936","5","6D1","E00120196","E01023667","E02004936","E33027453","E38000079","E63011552","C1","5A2",51.747655,-0.301949,"E37000048","","E23000027",30628,"E56000035","E54000025","E00120196","E01023667","E02004936"
"AL1 9PL","AL1  9PL","AL1 9PL","202310","202402","E10000015","E58000664","E07000240","E05013956","E43000290","1","517321","0206803","1","E18000006","E40000007","E92000001","E12000006","5","E14001507","E15000006","E24000005","E30000237","E16000150","E07000240","26UGFX","E00120196","26UGFX","E65000001","E01023667","E02004936","5","6D1","E00120196","E01023667","E02004936","E33027453","E38000079","E63011552","C1","5A2",51.747655,-0.301949,"E37000048","","E23000027",30628,"E56000035","E54000025","E00120196","E01023667","E02004936"
"AL1 9PN","AL1  9PN","AL1 9PN","200807","201109","E10000015","E58000664","E07000240","E05013956","E43000290","1","517328","0206823","1","E18000006","E40000007","E92000001","E12000006","5","E14001507","E15000006","E24000005","E30000237","E16000150","E07000240","26UGFX","E00120196","26UGFX","E65000001","E01023667","E02004936","5","6D1","E00120196","E01023667","E02004936","E33027453","E38000079","E63011552","C1","5A2",51.747828,-0.301865,"E37000048","","E23000027",30628,"E56000035","E54000025","E00120196","E01023667","E02004936"
"AL1 9PP","AL1  9PP","AL1 9PP","202310","","E10000015","E58000664","E07000240","E05013956","E43000290","1","517321","0206803","1","E18000006","E40000007","E92000001","E12000006","5","E14001507","E15000006","E24000005","E30000237","E16000150","E07000240","26UGFX","E00120196","26UGFX","E65000001","E01023667","E02004936","5","6D1","E00120196","E01023667","E02004936","E33027453","E38000079","E63011552","C1","5A2",51.747655,-0.301949,"E37000048","","E23000027",30628,"E56000035","E54000025","E00120196","E01023667","E02004936"
"AL1 9PQ","AL1  9PQ","AL1 9PQ","202311","","E10000015","E58000664","E07000240","E05013956","E43000290","1","517321","0206803","1","E18000006","E40000007","E92000001","E12000006","5","E14001507","E15000006","E24000005","E30000237","E16000150","E07000240","26UGFX","E00120196","26UGFX","E65000001","E01023667","E02004936","5","6D1","E00120196","E01023667","E02004936","E33027453","E38000079","E63011552","C1","5A2",51.747655,-0.301949,"E37000048","","E23000027",30628,"E56000035","E54000025","E00120196","E01023667","E02004936"
"AL1 9PR","AL1  9PR","AL1 9PR","201909","202010","E10000015","E58000664","E07000240","E05013956","E43000290","1","517321","0206803","1","E18000006","E40000007","E92000001","E12000006","5","E14001507","E15000006","E24000005","E30000237","E16000150","E07000240","26UGFX","E00120196","26UGFX","E65000001","E01023667","E02004936","5","6D1","E00120196","E01023667","E02004936","E33027453","E38000079","E63011552","C1","5A2",51.747655,-0.301949,"E37000048","","E23000027",30628,"E56000035","E54000025","E00120196","E01023667","E02004936"
"AL1 9PS","AL1  9PS","AL1 9PS","200807","201408","E10000015","E58000664","E07000240","E05013956","E43000290","1","517328","0206823","1","E18000006","E40000007","E92000001","E12000006","5","E14001507","E15000006","E24000005","E30000237","E16000150","E07000240","26UGFX","E00120196","26UGFX","E65000001","E01023667","E02004936","5","6D1","E00120196","E01023667","E02004936","E33027453","E38000079","E63011552","C1","5A2",51.747828,-0.301865,"E37000048","","E23000027",30628,"E56000035","E54000025","E00120196","E01023667","E02004936"
"AL1 9PT","AL1  9PT","AL1 9PT","202006","202104","E10000015","E58000664","E07000240","E05013956","E43000290","1","517321","0206803","1","E18000006","E40000007","E92000001","E12000006","5","E14001507","E15000006","E24000005","E30000237","E16000150","E07000240","26UGFX","E00120196","26UGFX","E65000001","E01023667","E02004936","5","6D1","E00120196","E01023667","E02004936","E33027453","E38000079","E63011552","C1","5A2",51.747655,-0.301949,"E37000048","","E23000027",30628,"E56000035","E54000025","E00120196","E01023667","E02004936"
"AL1 9PU","AL1  9PU","AL1 9PU","202312","","E10000015","E58000664","E07000240","E05013956","E43000290","1","517321","0206803","1","E18000006","E40000007","E92000001","E12000006","5","E14001507","E15000006","E24000005","E30000237","E16000150","E07000240","26UGFX","E00120196","26UGFX","E65000001","E01023667","E02004936","5","6D1","E00120196","E01023667","E02004936","E33027453","E38000079","E63011552","C1","5A2",51.747655,-0.301949,"E37000048","","E23000027",30628,"E56000035","E54000025","E00120196","E01023667","E02004936"
"AL1 9PW","AL1  9PW","AL1 9PW","200809","202012","E10000015","E58000664","E07000240","E05013956","E43000290","1","517321","0206803","1","E18000006","E40000007","E92000001","E12000006","5","E14001507","E15000006","E24000005","E30000237","E16000150","E07000240","26UGFX","E00120196","26UGFX","E65000001","E01023667","E02004936","5","6D1","E00120196","E01023667","E02004936","E33027453","E38000079","E63011552","C1","5A2",51.747650,-0.301973,"E37000048","","E23000027",30628,"E56000035","E54000025","E00120196","E01023667","E02004936"
"AL1 9PX","AL1  9PX","AL1 9PX","201909","202111","E10000015","E58000664","E07000240","E05013956","E43000290","1","517321","0206803","1","E18000006","E40000007","E92000001","E12000006","5","E14001507","E15000006","E24000005","E30000237","E16000150","E07000240","26UGFX","E00120196","26UGFX","E65000001","E01023667","E02004936","5","6D1","E00120196","E01023667","E02004936","E33027453","E38000079","E63011552","C1","5A2",51.747655,-0.301949,"E37000048","","E23000027",30628,"E56000035","E54000025","E00120196","E01023667","E02004936"
"AL1 9PY","AL1  9PY","AL1 9PY","200810","201110","E10000015","E58000664","E07000240","E05013956","E43000290","1","517328","0206823","1","E18000006","E40000007","E92000001","E12000006","5","E14001507","E15000006","E24000005","E30000237","E16000150","E07000240","26UGFX","E00120196","26UGFX","E65000001","E01023667","E02004936","5","6D1","E00120196","E01023667","E02004936","E33027453","E38000079","E63011552","C1","5A2",51.747828,-0.301865,"E37000048","","E23000027",30628,"E56000035","E54000025","E00120196","E01023667","E02004936"
"AL1 9PZ","AL1  9PZ","AL1 9PZ","200810","201209","E10000015","E58000664","E07000240","E05013956","E43000290","1","517328","0206823","1","E18000006","E40000007","E92000001","E12000006","5","E14001507","E15000006","E24000005","E30000237","E16000150","E07000240","26UGFX","E00120196","26UGFX","E65000001","E01023667","E02004936","5","6D1","E00120196","E01023667","E02004936","E33027453","E38000079","E63011552","C1","5A2",51.747828,-0.301865,"E37000048","","E23000027",30628,"E56000035","E54000025","E00120196","E01023667","E02004936"
"AL1 9QA","AL1  9QA","AL1 9QA","202401","202403","E10000015","E58000664","E07000240","E05013956","E43000290","1","517321","0206803","1","E18000006","E40000007","E92000001","E12000006","5","E14001507","E15000006","E24000005","E30000237","E16000150","E07000240","26UGFX","E00120196","26UGFX","E65000001","E01023667","E02004936","5","6D1","E00120196","E01023667","E02004936","E33027453","E38000079","E63011552","C1","5A2",51.747655,-0.301949,"E37000048","","E23000027",30628,"E56000035","E54000025","E00120196","E01023667","E02004936"
"AL1 9QB","AL1  9QB","AL1 9QB","200810","202401","E10000015","E58000664","E07000240","E05013956","E43000290","1","517321","0206803","1","E18000006","E40000007","E92000001","E12000006","5","E14001507","E15000006","E24000005","E30000237","E16000150","E07000240","26UGFX","E00120196","26UGFX","E65000001","E01023667","E02004936","5","6D1","E00120196","E01023667","E02004936","E33027453","E38000079","E63011552","C1","5A2",51.747650,-0.301973,"E37000048","","E23000027",30628,"E56000035","E54000025","E00120196","E01023667","E02004936"
"AL1 9QD","AL1  9QD","AL1 9QD","202401","","E10000015","E58000664","E07000240","E05013956","E43000290","1","517321","0206803","1","E18000006","E40000007","E92000001","E12000006","5","E14001507","E15000006","E24000005","E30000237","E16000150","E07000240","26UGFX","E00120196","26UGFX","E65000001","E01023667","E02004936","5","6D1","E00120196","E01023667","E02004936","E33027453","E38000079","E63011552","C1","5A2",51.747655,-0.301949,"E37000048","","E23000027",30628,"E56000035","E54000025","E00120196","E01023667","E02004936"
"AL1 9QE","AL1  9QE","AL1 9QE","201910","202005","E10000015","E58000664","E07000240","E05013956","E43000290","1","517321","0206803","1","E18000006","E40000007","E92000001","E12000006","5","E14001507","E15000006","E24000005","E30000237","E16000150","E07000240","26UGFX","E00120196","26UGFX","E65000001","E01023667","E02004936","5","6D1","E00120196","E01023667","E02004936","E33027453","E38000079","E63011552","C1","5A2",51.747655,-0.301949,"E37000048","","E23000027",30628,"E56000035","E54000025","E00120196","E01023667","E02004936"
"AL1 9QF","AL1  9QF","AL1 9QF","201910","","E10000015","E58000664","E07000240","E05013956","E43000290","1","517321","0206803","1","E18000006","E40000007","E92000001","E12000006","5","E14001507","E15000006","E24000005","E30000237","E16000150","E07000240","26UGFX","E00120196","26UGFX","E65000001","E01023667","E02004936","5","6D1","E00120196","E01023667","E02004936","E33027453","E38000079","E63011552","C1","5A2",51.747655,-0.301949,"E37000048","","E23000027",30628,"E56000035","E54000025","E00120196","E01023667","E02004936"
"AL1 9QG","AL1  9QG","AL1 9QG","201003","","E10000015","E58000664","E07000240","E05013956","E43000290","1","517321","0206803","1","E18000006","E40000007","E92000001","E12000006","5","E14001507","E15000006","E24000005","E30000237","E16000150","E07000240","26UGFX","E00120196","26UGFX","E65000001","E01023667","E02004936","5","6D1","E00120196","E01023667","E02004936","E33027453","E38000079","E63011552","C1","5A2",51.747650,-0.301973,"E37000048","","E23000027",30628,"E56000035","E54000025","E00120196","E01023667","E02004936"
"AL1 9QH","AL1  9QH","AL1 9QH","201911","202111","E10000015","E58000664","E07000240","E05013956","E43000290","1","517321","0206803","1","E18000006","E40000007","E92000001","E12000006","5","E14001507","E15000006","E24000005","E30000237","E16000150","E07000240","26UGFX","E00120196","26UGFX","E65000001","E01023667","E02004936","5","6D1","E00120196","E01023667","E02004936","E33027453","E38000079","E63011552","C1","5A2",51.747655,-0.301949,"E37000048","","E23000027",30628,"E56000035","E54000025","E00120196","E01023667","E02004936"
"AL1 9QJ","AL1  9QJ","AL1 9QJ","200902","201202","E10000015","E58000664","E07000240","E05013956","E43000290","1","517328","0206823","1","E18000006","E40000007","E92000001","E12000006","5","E14001507","E15000006","E24000005","E30000237","E16000150","E07000240","26UGFX","E00120196","26UGFX","E65000001","E01023667","E02004936","5","6D1","E00120196","E01023667","E02004936","E33027453","E38000079","E63011552","C1","5A2",51.747828,-0.301865,"E37000048","","E23000027",30628,"E56000035","E54000025","E00120196","E01023667","E02004936"
"AL1 9QL","AL1  9QL","AL1 9QL","200901","201301","E10000015","E58000664","E07000240","E05013956","E43000290","1","517328","0206823","1","E18000006","E40000007","E92000001","E12000006","5","E14001507","E15000006","E24000005","E30000237","E16000150","E07000240","26UGFX","E00120196","26UGFX","E65000001","E01023667","E02004936","5","6D1","E00120196","E01023667","E02004936","E33027453","E38000079","E63011552","C1","5A2",51.747828,-0.301865,"E37000048","","E23000027",30628,"E56000035","E54000025","E00120196","E01023667","E02004936"
"AL1 9QN","AL1  9QN","AL1 9QN","202402","","E10000015","E58000664","E07000240","E05013956","E43000290","1","517321","0206803","1","E18000006","E40000007","E92000001","E12000006","5","E14001507","E15000006","E24000005","E30000237","E16000150","E07000240","26UGFX","E00120196","26UGFX","E65000001","E01023667","E02004936","5","6D1","E00120196","E01023667","E02004936","E33027453","E38000079","E63011552","C1","5A2",51.747655,-0.301949,"E37000048","","E23000027",30628,"E56000035","E54000025","E00120196","E01023667","E02004936"
"AL1 9QP","AL1  9QP","AL1 9QP","202402","","E10000015","E58000664","E07000240","E05013956","E43000290","1","517321","0206803","1","E18000006","E40000007","E92000001","E12000006","5","E14001507","E15000006","E24000005","E30000237","E16000150","E07000240","26UGFX","E00120196","26UGFX","E65000001","E01023667","E02004936","5","6D1","E00120196","E01023667","E02004936","E33027453","E38000079","E63011552","C1","5A2",51.747655,-0.301949,"E37000048","","E23000027",30628,"E56000035","E54000025","E00120196","E01023667","E02004936"
"AL1 9QQ","AL1  9QQ","AL1 9QQ","201202","201608","E10000015","E58000664","E07000240","E05013956","E43000290","1","517321","0206803","1","E18000006","E40000007","E92000001","E12000006","5","E14001507","E15000006","E24000005","E30000237","E16000150","E07000240","26UGFX","E00120196","26UGFX","E65000001","E01023667","E02004936","5","6D1","E00120196","E01023667","E02004936","E33027453","E38000079","E63011552","C1","5A2",51.747650,-0.301973,"E37000048","","E23000027",30628,"E56000035","E54000025","E00120196","E01023667","E02004936"
"AL1 9QR","AL1  9QR","AL1 9QR","202403","202411","E10000015","E58000664","E07000240","E05013956","E43000290","1","517321","0206803","1","E18000006","E40000007","E92000001","E12000006","5","E14001507","E15000006","E24000005","E30000237","E16000150","E07000240","26UGFX","E00120196","26UGFX","E65000001","E01023667","E02004936","5","6D1","E00120196","E01023667","E02004936","E33027453","E38000079","E63011552","C1","5A2",51.747655,-0.301949,"E37000048","","E23000027",30628,"E56000035","E54000025","E00120196","E01023667","E02004936"
"AL1 9QS","AL1  9QS","AL1 9QS","201912","","E10000015","E58000664","E07000240","E05013956","E43000290","1","517321","0206803","1","E18000006","E40000007","E92000001","E12000006","5","E14001507","E15000006","E24000005","E30000237","E16000150","E07000240","26UGFX","E00120196","26UGFX","E65000001","E01023667","E02004936","5","6D1","E00120196","E01023667","E02004936","E33027453","E38000079","E63011552","C1","5A2",51.747655,-0.301949,"E37000048","","E23000027",30628,"E56000035","E54000025","E00120196","E01023667","E02004936"
"AL1 9QT","AL1  9QT","AL1 9QT","202001","","E10000015","E58000664","E07000240","E05013956","E43000290","1","517321","0206803","1","E18000006","E40000007","E92000001","E12000006","5","E14001507","E15000006","E24000005","E30000237","E16000150","E07000240","26UGFX","E00120196","26UGFX","E65000001","E01023667","E02004936","5","6D1","E00120196","E01023667","E02004936","E33027453","E38000079","E63011552","C1","5A2",51.747655,-0.301949,"E37000048","","E23000027",30628,"E56000035","E54000025","E00120196","E01023667","E02004936"
"AL1 9QU","AL1  9QU","AL1 9QU","200901","200905","E10000015","E58000664","E07000240","E05013956","E43000290","1","517328","0206823","5","E18000006","E40000007","E92000001","E12000006","5","E14001507","E15000006","E24000005","E30000237","E16000150","E07000240","26UGFX","E00120196","26UGFX","E65000001","E01023667","E02004936","5","6D1","E00120196","E01023667","E02004936","E33027453","E38000079","E63011552","C1","5A2",51.747828,-0.301865,"E37000048","","E23000027",30628,"E56000035","E54000025","E00120196","E01023667","E02004936"
"AL1 9QW","AL1  9QW","AL1 9QW","202403","202407","E10000015","E58000664","E07000240","E05013956","E43000290","1","517321","0206803","1","E18000006","E40000007","E92000001","E12000006","5","E14001507","E15000006","E24000005","E30000237","E16000150","E07000240","26UGFX","E00120196","26UGFX","E65000001","E01023667","E02004936","5","6D1","E00120196","E01023667","E02004936","E33027453","E38000079","E63011552","C1","5A2",51.747655,-0.301949,"E37000048","","E23000027",30628,"E56000035","E54000025","E00120196","E01023667","E02004936"
"AL1 9QX","AL1  9QX","AL1 9QX","200902","201407","E10000015","E58000664","E07000240","E05013956","E43000290","1","517328","0206823","1","E18000006","E40000007","E92000001","E12000006","5","E14001507","E15000006","E24000005","E30000237","E16000150","E07000240","26UGFX","E00120196","26UGFX","E65000001","E01023667","E02004936","5","6D1","E00120196","E01023667","E02004936","E33027453","E38000079","E63011552","C1","5A2",51.747828,-0.301865,"E37000048","","E23000027",30628,"E56000035","E54000025","E00120196","E01023667","E02004936"
"AL1 9QY","AL1  9QY","AL1 9QY","202406","202410","E10000015","E99999999","E07000240","E05013956","E43000290","1","517321","0206803","1","E18000006","E40000007","E92000001","E12000006","5","E14001507","E15000006","E24000005","E30000237","E16000150","E07000240","26UGFX","E00120196","26UGFX","E65000001","E01023667","E02004936","5","6D1","E00120196","E01023667","E02004936","E33027453","E38000079","E63011552","C1","5A2",51.747655,-0.301949,"E37000048","","E23000027",30628,"E56000035","E54000025","E00120196","E01023667","E02004936"
"AL1 9QZ","AL1  9QZ","AL1 9QZ","202406","202410","E10000015","E99999999","E07000240","E05013956","E43000290","1","517321","0206803","1","E18000006","E40000007","E92000001","E12000006","5","E14001507","E15000006","E24000005","E30000237","E16000150","E07000240","26UGFX","E00120196","26UGFX","E65000001","E01023667","E02004936","5","6D1","E00120196","E01023667","E02004936","E33027453","E38000079","E63011552","C1","5A2",51.747655,-0.301949,"E37000048","","E23000027",30628,"E56000035","E54000025","E00120196","E01023667","E02004936"
"AL1 9RA","AL1  9RA","AL1 9RA","202407","","E10000015","E58000664","E07000240","E05013956","E43000290","1","517321","0206803","1","E18000006","E40000007","E92000001","E12000006","5","E14001507","E15000006","E24000005","E30000237","E16000150","E07000240","26UGFX","E00120196","26UGFX","E65000001","E01023667","E02004936","5","6D1","E00120196","E01023667","E02004936","E33027453","E38000079","E63011552","C1","5A2",51.747655,-0.301949,"E37000048","","E23000027",30628,"E56000035","E54000025","E00120196","E01023667","E02004936"
"AL1 9RB","AL1  9RB","AL1 9RB","202407","","E10000015","E58000664","E07000240","E05013956","E43000290","1","517321","0206803","1","E18000006","E40000007","E92000001","E12000006","5","E14001507","E15000006","E24000005","E30000237","E16000150","E07000240","26UGFX","E00120196","26UGFX","E65000001","E01023667","E02004936","5","6D1","E00120196","E01023667","E02004936","E33027453","E38000079","E63011552","C1","5A2",51.747655,-0.301949,"E37000048","","E23000027",30628,"E56000035","E54000025","E00120196","E01023667","E02004936"
"AL1 9RD","AL1  9RD","AL1 9RD","202408","202501","E10000015","E58000664","E07000240","E05013956","E43000290","1","517321","0206803","1","E18000006","E40000007","E92000001","E12000006","5","E14001507","E15000006","E24000005","E30000237","E16000150","E07000240","26UGFX","E00120196","26UGFX","E65000001","E01023667","E02004936","5","6D1","E00120196","E01023667","E02004936","E33027453","E38000079","E63011552","C1","5A2",51.747655,-0.301949,"E37000048","","E23000027",30628,"E56000035","E54000025","E00120196","E01023667","E02004936"
"AL1 9RE","AL1  9RE","AL1 9RE","200904","201505","E10000015","E58000664","E07000240","E05013956","E43000290","1","517328","0206823","1","E18000006","E40000007","E92000001","E12000006","5","E14001507","E15000006","E24000005","E30000237","E16000150","E07000240","26UGFX","E00120196","26UGFX","E65000001","E01023667","E02004936","5","6D1","E00120196","E01023667","E02004936","E33027453","E38000079","E63011552","C1","5A2",51.747828,-0.301865,"E37000048","","E23000027",30628,"E56000035","E54000025","E00120196","E01023667","E02004936"
"AL1 9RF","AL1  9RF","AL1 9RF","200904","201307","E10000015","E58000664","E07000240","E05013956","E43000290","1","517328","0206823","1","E18000006","E40000007","E92000001","E12000006","5","E14001507","E15000006","E24000005","E30000237","E16000150","E07000240","26UGFX","E00120196","26UGFX","E65000001","E01023667","E02004936","5","6D1","E00120196","E01023667","E02004936","E33027453","E38000079","E63011552","C1","5A2",51.747828,-0.301865,"E37000048","","E23000027",30628,"E56000035","E54000025","E00120196","E01023667","E02004936"
"AL1 9RG","AL1  9RG","AL1 9RG","202408","","E10000015","E58000664","E07000240","E05013956","E43000290","1","517321","0206803","1","E18000006","E40000007","E92000001","E12000006","5","E14001507","E15000006","E24000005","E30000237","E16000150","E07000240","26UGFX","E00120196","26UGFX","E65000001","E01023667","E02004936","5","6D1","E00120196","E01023667","E02004936","E33027453","E38000079","E63011552","C1","5A2",51.747655,-0.301949,"E37000048","","E23000027",30628,"E56000035","E54000025","E00120196","E01023667","E02004936"
"AL1 9RH","AL1  9RH","AL1 9RH","200904","201604","E10000015","E58000664","E07000240","E05013956","E43000290","1","517321","0206803","1","E18000006","E40000007","E92000001","E12000006","5","E14001507","E15000006","E24000005","E30000237","E16000150","E07000240","26UGFX","E00120196","26UGFX","E65000001","E01023667","E02004936","5","6D1","E00120196","E01023667","E02004936","E33027453","E38000079","E63011552","C1","5A2",51.747650,-0.301973,"E37000048","","E23000027",30628,"E56000035","E54000025","E00120196","E01023667","E02004936"
"AL1 9RJ","AL1  9RJ","AL1 9RJ","200904","","E10000015","E58000664","E07000240","E05013956","E43000290","1","517321","0206803","1","E18000006","E40000007","E92000001","E12000006","5","E14001507","E15000006","E24000005","E30000237","E16000150","E07000240","26UGFX","E00120196","26UGFX","E65000001","E01023667","E02004936","5","6D1","E00120196","E01023667","E02004936","E33027453","E38000079","E63011552","C1","5A2",51.747650,-0.301973,"E37000048","","E23000027",30628,"E56000035","E54000025","E00120196","E01023667","E02004936"
"AL1 9RL","AL1  9RL","AL1 9RL","202409","","E10000015","E58000664","E07000240","E05013956","E43000290","1","517321","0206803","1","E18000006","E40000007","E92000001","E12000006","5","E14001507","E15000006","E24000005","E30000237","E16000150","E07000240","26UGFX","E00120196","26UGFX","E65000001","E01023667","E02004936","5","6D1","E00120196","E01023667","E02004936","E33027453","E38000079","E63011552","C1","5A2",51.747655,-0.301949,"E37000048","","E23000027",30628,"E56000035","E54000025","E00120196","E01023667","E02004936"
"AL1 9RN","AL1  9RN","AL1 9RN","200905","201406","E10000015","E58000664","E07000240","E05013956","E43000290","1","517328","0206823","1","E18000006","E40000007","E92000001","E12000006","5","E14001507","E15000006","E24000005","E30000237","E16000150","E07000240","26UGFX","E00120196","26UGFX","E65000001","E01023667","E02004936","5","6D1","E00120196","E01023667","E02004936","E33027453","E38000079","E63011552","C1","5A2",51.747828,-0.301865,"E37000048","","E23000027",30628,"E56000035","E54000025","E00120196","E01023667","E02004936"
"AL1 9RP","AL1  9RP","AL1 9RP","200905","201511","E10000015","E58000664","E07000240","E05013956","E43000290","1","517328","0206823","1","E18000006","E40000007","E92000001","E12000006","5","E14001507","E15000006","E24000005","E30000237","E16000150","E07000240","26UGFX","E00120196","26UGFX","E65000001","E01023667","E02004936","5","6D1","E00120196","E01023667","E02004936","E33027453","E38000079","E63011552","C1","5A2",51.747828,-0.301865,"E37000048","","E23000027",30628,"E56000035","E54000025","E00120196","E01023667","E02004936"
"AL1 9RQ","AL1  9RQ","AL1 9RQ","200905","201406","E10000015","E58000664","E07000240","E05013956","E43000290","1","517328","0206823","1","E18000006","E40000007","E92000001","E12000006","5","E14001507","E15000006","E24000005","E30000237","E16000150","E07000240","26UGFX","E00120196","26UGFX","E65000001","E01023667","E02004936","5","6D1","E00120196","E01023667","E02004936","E33027453","E38000079","E63011552","C1","5A2",51.747828,-0.301865,"E37000048","","E23000027",30628,"E56000035","E54000025","E00120196","E01023667","E02004936"
"AL1 9RR","AL1  9RR","AL1 9RR","202409","","E10000015","E58000664","E07000240","E05013956","E43000290","1","517321","0206803","1","E18000006","E40000007","E92000001","E12000006","5","E14001507","E15000006","E24000005","E30000237","E16000150","E07000240","26UGFX","E00120196","26UGFX","E65000001","E01023667","E02004936","5","6D1","E00120196","E01023667","E02004936","E33027453","E38000079","E63011552","C1","5A2",51.747655,-0.301949,"E37000048","","E23000027",30628,"E56000035","E54000025","E00120196","E01023667","E02004936"
"AL1 9RS","AL1  9RS","AL1 9RS","202409","","E10000015","E58000664","E07000240","E05013956","E43000290","1","517321","0206803","1","E18000006","E40000007","E92000001","E12000006","5","E14001507","E15000006","E24000005","E30000237","E16000150","E07000240","26UGFX","E00120196","26UGFX","E65000001","E01023667","E02004936","5","6D1","E00120196","E01023667","E02004936","E33027453","E38000079","E63011552","C1","5A2",51.747655,-0.301949,"E37000048","","E23000027",30628,"E56000035","E54000025","E00120196","E01023667","E02004936"
"AL1 9RT","AL1  9RT","AL1 9RT","202409","202410","E10000015","E58000664","E07000240","E05013956","E43000290","1","517321","0206803","1","E18000006","E40000007","E92000001","E12000006","5","E14001507","E15000006","E24000005","E30000237","E16000150","E07000240","26UGFX","E00120196","26UGFX","E65000001","E01023667","E02004936","5","6D1","E00120196","E01023667","E02004936","E33027453","E38000079","E63011552","C1","5A2",51.747655,-0.301949,"E37000048","","E23000027",30628,"E56000035","E54000025","E00120196","E01023667","E02004936"
"AL1 9RU","AL1  9RU","AL1 9RU","200907","201208","E10000015","E58000664","E07000240","E05013956","E43000290","1","517328","0206823","1","E18000006","E40000007","E92000001","E12000006","5","E14001507","E15000006","E24000005","E30000237","E16000150","E07000240","26UGFX","E00120196","26UGFX","E65000001","E01023667","E02004936","5","6D1","E00120196","E01023667","E02004936","E33027453","E38000079","E63011552","C1","5A2",51.747828,-0.301865,"E37000048","","E23000027",30628,"E56000035","E54000025","E00120196","E01023667","E02004936"
"AL1 9RW","AL1  9RW","AL1 9RW","202411","","E10000015","E58000664","E07000240","E05013956","E43000290","1","517321","0206803","1","E18000006","E40000007","E92000001","E12000006","5","E14001507","E15000006","E24000005","E30000237","E16000150","E07000240","26UGFX","E00120196","26UGFX","E65000001","E01023667","E02004936","5","6D1","E00120196","E01023667","E02004936","E33027453","E38000079","E63011552","C1","5A2",51.747655,-0.301949,"E37000048","","E23000027",30628,"E56000035","E54000025","E00120196","E01023667","E02004936"
"AL1 9RX","AL1  9RX","AL1 9RX","200908","201307","E10000015","E58000664","E07000240","E05013956","E43000290","1","517328","0206823","1","E18000006","E40000007","E92000001","E12000006","5","E14001507","E15000006","E24000005","E30000237","E16000150","E07000240","26UGFX","E00120196","26UGFX","E65000001","E01023667","E02004936","5","6D1","E00120196","E01023667","E02004936","E33027453","E38000079","E63011552","C1","5A2",51.747828,-0.301865,"E37000048","","E23000027",30628,"E56000035","E54000025","E00120196","E01023667","E02004936"
"AL1 9RY","AL1  9RY","AL1 9RY","200909","201210","E10000015","E58000664","E07000240","E05013956","E43000290","1","517328","0206823","1","E18000006","E40000007","E92000001","E12000006","5","E14001507","E15000006","E24000005","E30000237","E16000150","E07000240","26UGFX","E00120196","26UGFX","E65000001","E01023667","E02004936","5","6D1","E00120196","E01023667","E02004936","E33027453","E38000079","E63011552","C1","5A2",51.747828,-0.301865,"E37000048","","E23000027",30628,"E56000035","E54000025","E00120196","E01023667","E02004936"
"AL1 9RZ","AL1  9RZ","AL1 9RZ","202411","","E10000015","E58000664","E07000240","E05013956","E43000290","1","517321","0206803","1","E18000006","E40000007","E92000001","E12000006","5","E14001507","E15000006","E24000005","E30000237","E16000150","E07000240","26UGFX","E00120196","26UGFX","E65000001","E01023667","E02004936","5","6D1","E00120196","E01023667","E02004936","E33027453","E38000079","E63011552","C1","5A2",51.747655,-0.301949,"E37000048","","E23000027",30628,"E56000035","E54000025","E00120196","E01023667","E02004936"
"AL1 9SA","AL1  9SA","AL1 9SA","200502","","E10000015","E58000663","E07000240","E05013964","E43000290","1","514949","0207389","1","E18000006","E40000007","E92000001","E12000006","5","E14001507","E15000006","E24000005","E30000237","E16000150","E07000240","26UGGM","E00120479","26UGGM","E65000001","E01023727","E02004935","5","2B1","E00120479","E01023727","E02004935","E33024328","E38000079","E63011552","C1","2D1",51.753408,-0.336123,"E37000048","","E23000027",15120,"E56000035","E54000025","E00120479","E01023727","E02004935"
"AL1 9SB","AL1  9SB","AL1 9SB","200502","","E10000015","E58000663","E07000240","E05013964","E43000290","1","514949","0207389","1","E18000006","E40000007","E92000001","E12000006","5","E14001507","E15000006","E24000005","E30000237","E16000150","E07000240","26UGGM","E00120479","26UGGM","E65000001","E01023727","E02004935","5","2B1","E00120479","E01023727","E02004935","E33024328","E38000079","E63011552","C1","2D1",51.753408,-0.336123,"E37000048","","E23000027",15120,"E56000035","E54000025","E00120479","E01023727","E02004935"
"AL1 9SD","AL1  9SD","AL1 9SD","201603","","E10000015","E58000663","E07000240","E05013964","E43000290","1","514949","0207389","5","E18000006","E40000007","E92000001","E12000006","5","E14001507","E15000006","E24000005","E30000237","E16000150","E07000240","26UGGM","E00120479","26UGGM","E65000001","E01023727","E02004935","5","2B1","E00120479","E01023727","E02004935","E33024328","E38000079","E63011552","C1","2D1",51.753408,-0.336123,"E37000048","","E23000027",15120,"E56000035","E54000025","E00120479","E01023727","E02004935"
"AL1 9SE","AL1  9SE","AL1 9SE","202501","","E10000015","E58000664","E07000240","E05013956","E43000290","1","517321","0206803","1","E18000006","E40000007","E92000001","E12000006","5","E14001507","E15000006","E24000005","E30000237","E16000150","E07000240","26UGFX","E00120196","26UGFX","E65000001","E01023667","E02004936","5","6D1","E00120196","E01023667","E02004936","E33027453","E38000079","E63011552","C1","5A2",51.747655,-0.301949,"E37000048","","E23000027",30628,"E56000035","E54000025","E00120196","E01023667","E02004936"
"AL1 9SF","AL1  9SF","AL1 9SF","201202","201511","E10000015","E58000664","E07000240","E05013956","E43000290","1","517328","0206823","1","E18000006","E40000007","E92000001","E12000006","5","E14001507","E15000006","E24000005","E30000237","E16000150","E07000240","26UGFX","E00120196","26UGFX","E65000001","E01023667","E02004936","5","6D1","E00120196","E01023667","E02004936","E33027453","E38000079","E63011552","C1","5A2",51.747828,-0.301865,"E37000048","","E23000027",30628,"E56000035","E54000025","E00120196","E01023667","E02004936"
"AL1 9SG","AL1  9SG","AL1 9SG","201203","","E10000015","E58000664","E07000240","E05013956","E43000290","1","517321","0206803","1","E18000006","E40000007","E92000001","E12000006","5","E14001507","E15000006","E24000005","E30000237","E16000150","E07000240","26UGFX","E00120196","26UGFX","E65000001","E01023667","E02004936","5","6D1","E00120196","E01023667","E02004936","E33027453","E38000079","E63011552","C1","5A2",51.747650,-0.301973,"E37000048","","E23000027",30628,"E56000035","E54000025","E00120196","E01023667","E02004936"
"AL1 9SH","AL1  9SH","AL1 9SH","200912","201102","E10000015","E58000664","E07000240","E05013956","E43000290","1","517328","0206823","1","E18000006","E40000007","E92000001","E12000006","5","E14001507","E15000006","E24000005","E30000237","E16000150","E07000240","26UGFX","E00120196","26UGFX","E65000001","E01023667","E02004936","5","6D1","E00120196","E01023667","E02004936","E33027453","E38000079","E63011552","C1","5A2",51.747828,-0.301865,"E37000048","","E23000027",30628,"E56000035","E54000025","E00120196","E01023667","E02004936"
"AL1 9SJ","AL1  9SJ","AL1 9SJ","200912","201307","E10000015","E58000664","E07000240","E05013956","E43000290","1","517328","0206823","1","E18000006","E40000007","E92000001","E12000006","5","E14001507","E15000006","E24000005","E30000237","E16000150","E07000240","26UGFX","E00120196","26UGFX","E65000001","E01023667","E02004936","5","6D1","E00120196","E01023667","E02004936","E33027453","E38000079","E63011552","C1","5A2",51.747828,-0.301865,"E37000048","","E23000027",30628,"E56000035","E54000025","E00120196","E01023667","E02004936"
"AL1 9SL","AL1  9SL","AL1 9SL","201001","201407","E10000015","E58000664","E07000240","E05013956","E43000290","1","517328","0206823","1","E18000006","E40000007","E92000001","E12000006","5","E14001507","E15000006","E24000005","E30000237","E16000150","E07000240","26UGFX","E00120196","26UGFX","E65000001","E01023667","E02004936","5","6D1","E00120196","E01023667","E02004936","E33027453","E38000079","E63011552","C1","5A2",51.747828,-0.301865,"E37000048","","E23000027",30628,"E56000035","E54000025","E00120196","E01023667","E02004936"
"AL1 9SN","AL1  9SN","AL1 9SN","201002","201103","E10000015","E58000664","E07000240","E05013956","E43000290","1","517328","0206823","1","E18000006","E40000007","E92000001","E12000006","5","E14001507","E15000006","E24000005","E30000237","E16000150","E07000240","26UGFX","E00120196","26UGFX","E65000001","E01023667","E02004936","5","6D1","E00120196","E01023667","E02004936","E33027453","E38000079","E63011552","C1","5A2",51.747828,-0.301865,"E37000048","","E23000027",30628,"E56000035","E54000025","E00120196","E01023667","E02004936"
"AL1 9SP","AL1  9SP","AL1 9SP","201002","201105","E10000015","E58000664","E07000240","E05013956","E43000290","1","517328","0206823","1","E18000006","E40000007","E92000001","E12000006","5","E14001507","E15000006","E24000005","E30000237","E16000150","E07000240","26UGFX","E00120196","26UGFX","E65000001","E01023667","E02004936","5","6D1","E00120196","E01023667","E02004936","E33027453","E38000079","E63011552","C1","5A2",51.747828,-0.301865,"E37000048","","E23000027",30628,"E56000035","E54000025","E00120196","E01023667","E02004936"
"AL1 9SQ","AL1  9SQ","AL1 9SQ","201305","201602","E10000015","E58000664","E07000240","E05013956","E43000290","1","517321","0206803","1","E18000006","E40000007","E92000001","E12000006","5","E14001507","E15000006","E24000005","E30000237","E16000150","E07000240","26UGFX","E00120196","26UGFX","E65000001","E01023667","E02004936","5","6D1","E00120196","E01023667","E02004936","E33027453","E38000079","E63011552","C1","5A2",51.747650,-0.301973,"E37000048","","E23000027",30628,"E56000035","E54000025","E00120196","E01023667","E02004936"
"AL1 9SR","AL1  9SR","AL1 9SR","201002","201105","E10000015","E58000664","E07000240","E05013956","E43000290","1","517328","0206823","1","E18000006","E40000007","E92000001","E12000006","5","E14001507","E15000006","E24000005","E30000237","E16000150","E07000240","26UGFX","E00120196","26UGFX","E65000001","E01023667","E02004936","5","6D1","E00120196","E01023667","E02004936","E33027453","E38000079","E63011552","C1","5A2",51.747828,-0.301865,"E37000048","","E23000027",30628,"E56000035","E54000025","E00120196","E01023667","E02004936"
"AL1 9SS","AL1  9SS","AL1 9SS","201004","201105","E10000015","E58000664","E07000240","E05013956","E43000290","1","517328","0206823","1","E18000006","E40000007","E92000001","E12000006","5","E14001507","E15000006","E24000005","E30000237","E16000150","E07000240","26UGFX","E00120196","26UGFX","E65000001","E01023667","E02004936","5","6D1","E00120196","E01023667","E02004936","E33027453","E38000079","E63011552","C1","5A2",51.747828,-0.301865,"E37000048","","E23000027",30628,"E56000035","E54000025","E00120196","E01023667","E02004936"
"AL1 9ST","AL1  9ST","AL1 9ST","201004","201206","E10000015","E58000664","E07000240","E05013956","E43000290","1","517328","0206823","1","E18000006","E40000007","E92000001","E12000006","5","E14001507","E15000006","E24000005","E30000237","E16000150","E07000240","26UGFX","E00120196","26UGFX","E65000001","E01023667","E02004936","5","6D1","E00120196","E01023667","E02004936","E33027453","E38000079","E63011552","C1","5A2",51.747828,-0.301865,"E37000048","","E23000027",30628,"E56000035","E54000025","E00120196","E01023667","E02004936"
"AL1 9SU","AL1  9SU","AL1 9SU","201004","201105","E10000015","E58000664","E07000240","E05013956","E43000290","1","517328","0206823","1","E18000006","E40000007","E92000001","E12000006","5","E14001507","E15000006","E24000005","E30000237","E16000150","E07000240","26UGFX","E00120196","26UGFX","E65000001","E01023667","E02004936","5","6D1","E00120196","E01023667","E02004936","E33027453","E38000079","E63011552","C1","5A2",51.747828,-0.301865,"E37000048","","E23000027",30628,"E56000035","E54000025","E00120196","E01023667","E02004936"
"AL1 9SW","AL1  9SW","AL1 9SW","201004","201605","E10000015","E58000664","E07000240","E05013956","E43000290","1","517321","0206803","1","E18000006","E40000007","E92000001","E12000006","5","E14001507","E15000006","E24000005","E30000237","E16000150","E07000240","26UGFX","E00120196","26UGFX","E65000001","E01023667","E02004936","5","6D1","E00120196","E01023667","E02004936","E33027453","E38000079","E63011552","C1","5A2",51.747650,-0.301973,"E37000048","","E23000027",30628,"E56000035","E54000025","E00120196","E01023667","E02004936"
"AL1 9SX","AL1  9SX","AL1 9SX","201004","201206","E10000015","E58000664","E07000240","E05013956","E43000290","1","517328","0206823","1","E18000006","E40000007","E92000001","E12000006","5","E14001507","E15000006","E24000005","E30000237","E16000150","E07000240","26UGFX","E00120196","26UGFX","E65000001","E01023667","E02004936","5","6D1","E00120196","E01023667","E02004936","E33027453","E38000079","E63011552","C1","5A2",51.747828,-0.301865,"E37000048","","E23000027",30628,"E56000035","E54000025","E00120196","E01023667","E02004936"
"AL1 9SY","AL1  9SY","AL1 9SY","201701","","E10000015","E58000663","E07000240","E05013964","E43000290","1","514949","0207389","5","E18000006","E40000007","E92000001","E12000006","5","E14001507","E15000006","E24000005","E30000237","E16000150","E07000240","26UGGM","E00120479","26UGGM","E65000001","E01023727","E02004935","5","2B1","E00120479","E01023727","E02004935","E33024328","E38000079","E63011552","C1","2D1",51.753414,-0.336099,"E37000048","","E23000027",15120,"E56000035","E54000025","E00120479","E01023727","E02004935"
"AL1 9SZ","AL1  9SZ","AL1 9SZ","201701","","E10000015","E58000663","E07000240","E05013964","E43000290","1","514949","0207389","5","E18000006","E40000007","E92000001","E12000006","5","E14001507","E15000006","E24000005","E30000237","E16000150","E07000240","26UGGM","E00120479","26UGGM","E65000001","E01023727","E02004935","5","2B1","E00120479","E01023727","E02004935","E33024328","E38000079","E63011552","C1","2D1",51.753414,-0.336099,"E37000048","","E23000027",15120,"E56000035","E54000025","E00120479","E01023727","E02004935"
"AL1 9TA","AL1  9TA","AL1 9TA","201701","","E10000015","E58000664","E07000240","E05013956","E43000290","1","517321","0206803","5","E18000006","E40000007","E92000001","E12000006","5","E14001507","E15000006","E24000005","E30000237","E16000150","E07000240","26UGFX","E00120196","26UGFX","E65000001","E01023667","E02004936","5","6D1","E00120196","E01023667","E02004936","E33027453","E38000079","E63011552","C1","5A2",51.747655,-0.301949,"E37000048","","E23000027",30628,"E56000035","E54000025","E00120196","E01023667","E02004936"
"AL1 9TB","AL1  9TB","AL1 9TB","201008","201310","E10000015","E58000664","E07000240","E05013956","E43000290","1","517328","0206823","1","E18000006","E40000007","E92000001","E12000006","5","E14001507","E15000006","E24000005","E30000237","E16000150","E07000240","26UGFX","E00120196","26UGFX","E65000001","E01023667","E02004936","5","6D1","E00120196","E01023667","E02004936","E33027453","E38000079","E63011552","C1","5A2",51.747828,-0.301865,"E37000048","","E23000027",30628,"E56000035","E54000025","E00120196","E01023667","E02004936"
"AL1 9TD","AL1  9TD","AL1 9TD","201008","201209","E10000015","E58000664","E07000240","E05013956","E43000290","1","517328","0206823","1","E18000006","E40000007","E92000001","E12000006","5","E14001507","E15000006","E24000005","E30000237","E16000150","E07000240","26UGFX","E00120196","26UGFX","E65000001","E01023667","E02004936","5","6D1","E00120196","E01023667","E02004936","E33027453","E38000079","E63011552","C1","5A2",51.747828,-0.301865,"E37000048","","E23000027",30628,"E56000035","E54000025","E00120196","E01023667","E02004936"
"AL1 9TE","AL1  9TE","AL1 9TE","201009","201409","E10000015","E58000664","E07000240","E05013956","E43000290","1","517328","0206823","1","E18000006","E40000007","E92000001","E12000006","5","E14001507","E15000006","E24000005","E30000237","E16000150","E07000240","26UGFX","E00120196","26UGFX","E65000001","E01023667","E02004936","5","6D1","E00120196","E01023667","E02004936","E33027453","E38000079","E63011552","C1","5A2",51.747828,-0.301865,"E37000048","","E23000027",30628,"E56000035","E54000025","E00120196","E01023667","E02004936"
"AL1 9TF","AL1  9TF","AL1 9TF","201009","201307","E10000015","E58000664","E07000240","E05013956","E43000290","1","517328","0206823","1","E18000006","E40000007","E92000001","E12000006","5","E14001507","E15000006","E24000005","E30000237","E16000150","E07000240","26UGFX","E00120196","26UGFX","E65000001","E01023667","E02004936","5","6D1","E00120196","E01023667","E02004936","E33027453","E38000079","E63011552","C1","5A2",51.747828,-0.301865,"E37000048","","E23000027",30628,"E56000035","E54000025","E00120196","E01023667","E02004936"
"AL1 9TG","AL1  9TG","AL1 9TG","201009","","E10000015","E58000664","E07000240","E05013956","E43000290","1","517321","0206803","1","E18000006","E40000007","E92000001","E12000006","5","E14001507","E15000006","E24000005","E30000237","E16000150","E07000240","26UGFX","E00120196","26UGFX","E65000001","E01023667","E02004936","5","6D1","E00120196","E01023667","E02004936","E33027453","E38000079","E63011552","C1","5A2",51.747650,-0.301973,"E37000048","","E23000027",30628,"E56000035","E54000025","E00120196","E01023667","E02004936"
"AL1 9TH","AL1  9TH","AL1 9TH","201010","201605","E10000015","E58000664","E07000240","E05013956","E43000290","1","517321","0206803","1","E18000006","E40000007","E92000001","E12000006","5","E14001507","E15000006","E24000005","E30000237","E16000150","E07000240","26UGFX","E00120196","26UGFX","E65000001","E01023667","E02004936","5","6D1","E00120196","E01023667","E02004936","E33027453","E38000079","E63011552","C1","5A2",51.747650,-0.301973,"E37000048","","E23000027",30628,"E56000035","E54000025","E00120196","E01023667","E02004936"
"AL1 9TJ","AL1  9TJ","AL1 9TJ","201010","201012","E10000015","E58000664","E07000240","E05013956","E43000290","1","517328","0206823","5","E18000006","E40000007","E92000001","E12000006","5","E14001507","E15000006","E24000005","E30000237","E16000150","E07000240","26UGFX","E00120196","26UGFX","E65000001","E01023667","E02004936","5","6D1","E00120196","E01023667","E02004936","E33027453","E38000079","E63011552","C1","5A2",51.747828,-0.301865,"E37000048","","E23000027",30628,"E56000035","E54000025","E00120196","E01023667","E02004936"
"AL1 9TL","AL1  9TL","AL1 9TL","201701","","E10000015","E58000664","E07000240","E05013956","E43000290","1","517321","0206803","5","E18000006","E40000007","E92000001","E12000006","5","E14001507","E15000006","E24000005","E30000237","E16000150","E07000240","26UGFX","E00120196","26UGFX","E65000001","E01023667","E02004936","5","6D1","E00120196","E01023667","E02004936","E33027453","E38000079","E63011552","C1","5A2",51.747655,-0.301949,"E37000048","","E23000027",30628,"E56000035","E54000025","E00120196","E01023667","E02004936"
"AL1 9TN","AL1  9TN","AL1 9TN","201701","","E10000015","E58000664","E07000240","E05013956","E43000290","1","517321","0206803","5","E18000006","E40000007","E92000001","E12000006","5","E14001507","E15000006","E24000005","E30000237","E16000150","E07000240","26UGFX","E00120196","26UGFX","E65000001","E01023667","E02004936","5","6D1","E00120196","E01023667","E02004936","E33027453","E38000079","E63011552","C1","5A2",51.747655,-0.301949,"E37000048","","E23000027",30628,"E56000035","E54000025","E00120196","E01023667","E02004936"
"AL1 9TP","AL1  9TP","AL1 9TP","201701","","E10000015","E58000664","E07000240","E05013956","E43000290","1","517321","0206803","5","E18000006","E40000007","E92000001","E12000006","5","E14001507","E15000006","E24000005","E30000237","E16000150","E07000240","26UGFX","E00120196","26UGFX","E65000001","E01023667","E02004936","5","6D1","E00120196","E01023667","E02004936","E33027453","E38000079","E63011552","C1","5A2",51.747655,-0.301949,"E37000048","","E23000027",30628,"E56000035","E54000025","E00120196","E01023667","E02004936"
"AL1 9TQ","AL1  9TQ","AL1 9TQ","201010","","E10000015","E58000664","E07000240","E05013956","E43000290","1","517321","0206803","1","E18000006","E40000007","E92000001","E12000006","5","E14001507","E15000006","E24000005","E30000237","E16000150","E07000240","26UGFX","E00120196","26UGFX","E65000001","E01023667","E02004936","5","6D1","E00120196","E01023667","E02004936","E33027453","E38000079","E63011552","C1","5A2",51.747650,-0.301973,"E37000048","","E23000027",30628,"E56000035","E54000025","E00120196","E01023667","E02004936"
"AL1 9TR","AL1  9TR","AL1 9TR","202204","","E10000015","E58000664","E07000240","E05013956","E43000290","1","517321","0206803","1","E18000006","E40000007","E92000001","E12000006","5","E14001507","E15000006","E24000005","E30000237","E16000150","E07000240","26UGFX","E00120196","26UGFX","E65000001","E01023667","E02004936","5","6D1","E00120196","E01023667","E02004936","E33027453","E38000079","E63011552","C1","5A2",51.747655,-0.301949,"E37000048","","E23000027",30628,"E56000035","E54000025","E00120196","E01023667","E02004936"
"AL1 9TS","AL1  9TS","AL1 9TS","201701","","E10000015","E58000664","E07000240","E05013956","E43000290","1","517321","0206803","5","E18000006","E40000007","E92000001","E12000006","5","E14001507","E15000006","E24000005","E30000237","E16000150","E07000240","26UGFX","E00120196","26UGFX","E65000001","E01023667","E02004936","5","6D1","E00120196","E01023667","E02004936","E33027453","E38000079","E63011552","C1","5A2",51.747655,-0.301949,"E37000048","","E23000027",30628,"E56000035","E54000025","E00120196","E01023667","E02004936"
"AL1 9TT","AL1  9TT","AL1 9TT","201701","","E10000015","E58000664","E07000240","E05013956","E43000290","1","517321","0206803","5","E18000006","E40000007","E92000001","E12000006","5","E14001507","E15000006","E24000005","E30000237","E16000150","E07000240","26UGFX","E00120196","26UGFX","E65000001","E01023667","E02004936","5","6D1","E00120196","E01023667","E02004936","E33027453","E38000079","E63011552","C1","5A2",51.747655,-0.301949,"E37000048","","E23000027",30628,"E56000035","E54000025","E00120196","E01023667","E02004936"
"AL1 9TU","AL1  9TU","AL1 9TU","201701","","E10000015","E58000664","E07000240","E05013956","E43000290","1","517321","0206803","5","E18000006","E40000007","E92000001","E12000006","5","E14001507","E15000006","E24000005","E30000237","E16000150","E07000240","26UGFX","E00120196","26UGFX","E65000001","E01023667","E02004936","5","6D1","E00120196","E01023667","E02004936","E33027453","E38000079","E63011552","C1","5A2",51.747655,-0.301949,"E37000048","","E23000027",30628,"E56000035","E54000025","E00120196","E01023667","E02004936"
"AL1 9TW","AL1  9TW","AL1 9TW","201011","201112","E10000015","E58000664","E07000240","E05013956","E43000290","1","517328","0206823","1","E18000006","E40000007","E92000001","E12000006","5","E14001507","E15000006","E24000005","E30000237","E16000150","E07000240","26UGFX","E00120196","26UGFX","E65000001","E01023667","E02004936","5","6D1","E00120196","E01023667","E02004936","E33027453","E38000079","E63011552","C1","5A2",51.747828,-0.301865,"E37000048","","E23000027",30628,"E56000035","E54000025","E00120196","E01023667","E02004936"
"AL1 9TX","AL1  9TX","AL1 9TX","201602","201707","E10000015","E58000664","E07000240","E05013956","E43000290","1","517321","0206803","1","E18000006","E40000007","E92000001","E12000006","5","E14001507","E15000006","E24000005","E30000237","E16000150","E07000240","26UGFX","E00120196","26UGFX","E65000001","E01023667","E02004936","5","6D1","E00120196","E01023667","E02004936","E33027453","E38000079","E63011552","C1","5A2",51.747650,-0.301973,"E37000048","","E23000027",30628,"E56000035","E54000025","E00120196","E01023667","E02004936"
"AL1 9TY","AL1  9TY","AL1 9TY","201101","","E10000015","E58000664","E07000240","E05013956","E43000290","1","517321","0206803","1","E18000006","E40000007","E92000001","E12000006","5","E14001507","E15000006","E24000005","E30000237","E16000150","E07000240","26UGFX","E00120196","26UGFX","E65000001","E01023667","E02004936","5","6D1","E00120196","E01023667","E02004936","E33027453","E38000079","E63011552","C1","5A2",51.747650,-0.301973,"E37000048","","E23000027",30628,"E56000035","E54000025","E00120196","E01023667","E02004936"
"AL1 9TZ","AL1  9TZ","AL1 9TZ","201101","201202","E10000015","E58000664","E07000240","E05013956","E43000290","1","517328","0206823","1","E18000006","E40000007","E92000001","E12000006","5","E14001507","E15000006","E24000005","E30000237","E16000150","E07000240","26UGFX","E00120196","26UGFX","E65000001","E01023667","E02004936","5","6D1","E00120196","E01023667","E02004936","E33027453","E38000079","E63011552","C1","5A2",51.747828,-0.301865,"E37000048","","E23000027",30628,"E56000035","E54000025","E00120196","E01023667","E02004936"
"AL1 9UA","AL1  9UA","AL1 9UA","201007","201206","E10000015","E58000664","E07000240","E05013956","E43000290","1","517328","0206823","1","E18000006","E40000007","E92000001","E12000006","5","E14001507","E15000006","E24000005","E30000237","E16000150","E07000240","26UGFX","E00120196","26UGFX","E65000001","E01023667","E02004936","5","6D1","E00120196","E01023667","E02004936","E33027453","E38000079","E63011552","C1","5A2",51.747828,-0.301865,"E37000048","","E23000027",30628,"E56000035","E54000025","E00120196","E01023667","E02004936"
"AL1 9UB","AL1  9UB","AL1 9UB","201102","201603","E10000015","E58000664","E07000240","E05013956","E43000290","1","517321","0206803","1","E18000006","E40000007","E92000001","E12000006","5","E14001507","E15000006","E24000005","E30000237","E16000150","E07000240","26UGFX","E00120196","26UGFX","E65000001","E01023667","E02004936","5","6D1","E00120196","E01023667","E02004936","E33027453","E38000079","E63011552","C1","5A2",51.747650,-0.301973,"E37000048","","E23000027",30628,"E56000035","E54000025","E00120196","E01023667","E02004936"
"AL1 9UD","AL1  9UD","AL1 9UD","201102","201605","E10000015","E58000664","E07000240","E05013956","E43000290","1","517321","0206803","1","E18000006","E40000007","E92000001","E12000006","5","E14001507","E15000006","E24000005","E30000237","E16000150","E07000240","26UGFX","E00120196","26UGFX","E65000001","E01023667","E02004936","5","6D1","E00120196","E01023667","E02004936","E33027453","E38000079","E63011552","C1","5A2",51.747650,-0.301973,"E37000048","","E23000027",30628,"E56000035","E54000025","E00120196","E01023667","E02004936"
"AL1 9UE","AL1  9UE","AL1 9UE","201103","201204","E10000015","E58000664","E07000240","E05013956","E43000290","1","517328","0206823","1","E18000006","E40000007","E92000001","E12000006","5","E14001507","E15000006","E24000005","E30000237","E16000150","E07000240","26UGFX","E00120196","26UGFX","E65000001","E01023667","E02004936","5","6D1","E00120196","E01023667","E02004936","E33027453","E38000079","E63011552","C1","5A2",51.747828,-0.301865,"E37000048","","E23000027",30628,"E56000035","E54000025","E00120196","E01023667","E02004936"
"AL1 9UF","AL1  9UF","AL1 9UF","201103","201204","E10000015","E58000664","E07000240","E05013956","E43000290","1","517328","0206823","1","E18000006","E40000007","E92000001","E12000006","5","E14001507","E15000006","E24000005","E30000237","E16000150","E07000240","26UGFX","E00120196","26UGFX","E65000001","E01023667","E02004936","5","6D1","E00120196","E01023667","E02004936","E33027453","E38000079","E63011552","C1","5A2",51.747828,-0.301865,"E37000048","","E23000027",30628,"E56000035","E54000025","E00120196","E01023667","E02004936"
"AL1 9UG","AL1  9UG","AL1 9UG","201105","201305","E10000015","E58000664","E07000240","E05013956","E43000290","1","517328","0206823","1","E18000006","E40000007","E92000001","E12000006","5","E14001507","E15000006","E24000005","E30000237","E16000150","E07000240","26UGFX","E00120196","26UGFX","E65000001","E01023667","E02004936","5","6D1","E00120196","E01023667","E02004936","E33027453","E38000079","E63011552","C1","5A2",51.747828,-0.301865,"E37000048","","E23000027",30628,"E56000035","E54000025","E00120196","E01023667","E02004936"
"AL1 9UH","AL1  9UH","AL1 9UH","201408","","E10000015","E58000664","E07000240","E05013956","E43000290","1","517321","0206803","1","E18000006","E40000007","E92000001","E12000006","5","E14001507","E15000006","E24000005","E30000237","E16000150","E07000240","26UGFX","E00120196","26UGFX","E65000001","E01023667","E02004936","5","6D1","E00120196","E01023667","E02004936","E33027453","E38000079","E63011552","C1","5A2",51.747650,-0.301973,"E37000048","","E23000027",30628,"E56000035","E54000025","E00120196","E01023667","E02004936"
"AL1 9UJ","AL1  9UJ","AL1 9UJ","201105","202206","E10000015","E58000664","E07000240","E05013956","E43000290","1","517321","0206803","1","E18000006","E40000007","E92000001","E12000006","5","E14001507","E15000006","E24000005","E30000237","E16000150","E07000240","26UGFX","E00120196","26UGFX","E65000001","E01023667","E02004936","5","6D1","E00120196","E01023667","E02004936","E33027453","E38000079","E63011552","C1","5A2",51.747650,-0.301973,"E37000048","","E23000027",30628,"E56000035","E54000025","E00120196","E01023667","E02004936"
"AL1 9UL","AL1  9UL","AL1 9UL","201105","201206","E10000015","E58000664","E07000240","E05013956","E43000290","1","517328","0206823","1","E18000006","E40000007","E92000001","E12000006","5","E14001507","E15000006","E24000005","E30000237","E16000150","E07000240","26UGFX","E00120196","26UGFX","E65000001","E01023667","E02004936","5","6D1","E00120196","E01023667","E02004936","E33027453","E38000079","E63011552","C1","5A2",51.747828,-0.301865,"E37000048","","E23000027",30628,"E56000035","E54000025","E00120196","E01023667","E02004936"
"AL1 9UN","AL1  9UN","AL1 9UN","201105","201406","E10000015","E58000664","E07000240","E05013956","E43000290","1","517328","0206823","1","E18000006","E40000007","E92000001","E12000006","5","E14001507","E15000006","E24000005","E30000237","E16000150","E07000240","26UGFX","E00120196","26UGFX","E65000001","E01023667","E02004936","5","6D1","E00120196","E01023667","E02004936","E33027453","E38000079","E63011552","C1","5A2",51.747828,-0.301865,"E37000048","","E23000027",30628,"E56000035","E54000025","E00120196","E01023667","E02004936"
"AL1 9UP","AL1  9UP","AL1 9UP","201409","201508","E10000015","E58000664","E07000240","E05013956","E43000290","1","517328","0206823","1","E18000006","E40000007","E92000001","E12000006","5","E14001507","E15000006","E24000005","E30000237","E16000150","E07000240","26UGFX","E00120196","26UGFX","E65000001","E01023667","E02004936","5","6D1","E00120196","E01023667","E02004936","E33027453","E38000079","E63011552","C1","5A2",51.747828,-0.301865,"E37000048","","E23000027",30628,"E56000035","E54000025","E00120196","E01023667","E02004936"
"AL1 9UQ","AL1  9UQ","AL1 9UQ","201704","","E10000015","E58000664","E07000240","E05013956","E43000290","1","517321","0206803","1","E18000006","E40000007","E92000001","E12000006","5","E14001507","E15000006","E24000005","E30000237","E16000150","E07000240","26UGFX","E00120196","26UGFX","E65000001","E01023667","E02004936","5","6D1","E00120196","E01023667","E02004936","E33027453","E38000079","E63011552","C1","5A2",51.747655,-0.301949,"E37000048","","E23000027",30628,"E56000035","E54000025","E00120196","E01023667","E02004936"
"AL1 9UR","AL1  9UR","AL1 9UR","201107","201508","E10000015","E58000664","E07000240","E05013956","E43000290","1","517328","0206823","1","E18000006","E40000007","E92000001","E12000006","5","E14001507","E15000006","E24000005","E30000237","E16000150","E07000240","26UGFX","E00120196","26UGFX","E65000001","E01023667","E02004936","5","6D1","E00120196","E01023667","E02004936","E33027453","E38000079","E63011552","C1","5A2",51.747828,-0.301865,"E37000048","","E23000027",30628,"E56000035","E54000025","E00120196","E01023667","E02004936"
"AL1 9US","AL1  9US","AL1 9US","201110","201605","E10000015","E58000664","E07000240","E05013956","E43000290","1","517321","0206803","1","E18000006","E40000007","E92000001","E12000006","5","E14001507","E15000006","E24000005","E30000237","E16000150","E07000240","26UGFX","E00120196","26UGFX","E65000001","E01023667","E02004936","5","6D1","E00120196","E01023667","E02004936","E33027453","E38000079","E63011552","C1","5A2",51.747650,-0.301973,"E37000048","","E23000027",30628,"E56000035","E54000025","E00120196","E01023667","E02004936"
"AL1 9UT","AL1  9UT","AL1 9UT","202303","202312","E10000015","E58000664","E07000240","E05013956","E43000290","1","517321","0206803","1","E18000006","E40000007","E92000001","E12000006","5","E14001507","E15000006","E24000005","E30000237","E16000150","E07000240","26UGFX","E00120196","26UGFX","E65000001","E01023667","E02004936","5","6D1","E00120196","E01023667","E02004936","E33027453","E38000079","E63011552","C1","5A2",51.747655,-0.301949,"E37000048","","E23000027",30628,"E56000035","E54000025","E00120196","E01023667","E02004936"
"AL1 9UU","AL1  9UU","AL1 9UU","201111","201501","E10000015","E58000664","E07000240","E05013956","E43000290","1","517328","0206823","1","E18000006","E40000007","E92000001","E12000006","5","E14001507","E15000006","E24000005","E30000237","E16000150","E07000240","26UGFX","E00120196","26UGFX","E65000001","E01023667","E02004936","5","6D1","E00120196","E01023667","E02004936","E33027453","E38000079","E63011552","C1","5A2",51.747828,-0.301865,"E37000048","","E23000027",30628,"E56000035","E54000025","E00120196","E01023667","E02004936"
"AL1 9UW","AL1  9UW","AL1 9UW","202001","","E10000015","E58000664","E07000240","E05013956","E43000290","1","517321","0206803","1","E18000006","E40000007","E92000001","E12000006","5","E14001507","E15000006","E24000005","E30000237","E16000150","E07000240","26UGFX","E00120196","26UGFX","E65000001","E01023667","E02004936","5","6D1","E00120196","E01023667","E02004936","E33027453","E38000079","E63011552","C1","5A2",51.747655,-0.301949,"E37000048","","E23000027",30628,"E56000035","E54000025","E00120196","E01023667","E02004936"
"AL1 9UX","AL1  9UX","AL1 9UX","201112","201207","E10000015","E58000664","E07000240","E05013956","E43000290","1","517328","0206823","1","E18000006","E40000007","E92000001","E12000006","5","E14001507","E15000006","E24000005","E30000237","E16000150","E07000240","26UGFX","E00120196","26UGFX","E65000001","E01023667","E02004936","5","6D1","E00120196","E01023667","E02004936","E33027453","E38000079","E63011552","C1","5A2",51.747828,-0.301865,"E37000048","","E23000027",30628,"E56000035","E54000025","E00120196","E01023667","E02004936"
"AL1 9UY","AL1  9UY","AL1 9UY","201202","201605","E10000015","E58000664","E07000240","E05013956","E43000290","1","517321","0206803","1","E18000006","E40000007","E92000001","E12000006","5","E14001507","E15000006","E24000005","E30000237","E16000150","E07000240","26UGFX","E00120196","26UGFX","E65000001","E01023667","E02004936","5","6D1","E00120196","E01023667","E02004936","E33027453","E38000079","E63011552","C1","5A2",51.747650,-0.301973,"E37000048","","E23000027",30628,"E56000035","E54000025","E00120196","E01023667","E02004936"
"AL1 9UZ","AL1  9UZ","AL1 9UZ","201202","201502","E10000015","E58000664","E07000240","E05013956","E43000290","1","517328","0206823","1","E18000006","E40000007","E92000001","E12000006","5","E14001507","E15000006","E24000005","E30000237","E16000150","E07000240","26UGFX","E00120196","26UGFX","E65000001","E01023667","E02004936","5","6D1","E00120196","E01023667","E02004936","E33027453","E38000079","E63011552","C1","5A2",51.747828,-0.301865,"E37000048","","E23000027",30628,"E56000035","E54000025","E00120196","E01023667","E02004936"
"AL1 9WA","AL1  9WA","AL1 9WA","201202","201603","E10000015","E58000664","E07000240","E05013956","E43000290","1","517321","0206803","1","E18000006","E40000007","E92000001","E12000006","5","E14001507","E15000006","E24000005","E30000237","E16000150","E07000240","26UGFX","E00120196","26UGFX","E65000001","E01023667","E02004936","5","6D1","E00120196","E01023667","E02004936","E33027453","E38000079","E63011552","C1","5A2",51.747650,-0.301973,"E37000048","","E23000027",30628,"E56000035","E54000025","E00120196","E01023667","E02004936"
"AL1 9WB","AL1  9WB","AL1 9WB","201202","","E10000015","E58000664","E07000240","E05013956","E43000290","1","517321","0206803","1","E18000006","E40000007","E92000001","E12000006","5","E14001507","E15000006","E24000005","E30000237","E16000150","E07000240","26UGFX","E00120196","26UGFX","E65000001","E01023667","E02004936","5","6D1","E00120196","E01023667","E02004936","E33027453","E38000079","E63011552","C1","5A2",51.747650,-0.301973,"E37000048","","E23000027",30628,"E56000035","E54000025","E00120196","E01023667","E02004936"
"AL1 9WD","AL1  9WD","AL1 9WD","201203","201410","E10000015","E58000664","E07000240","E05013956","E43000290","1","517328","0206823","1","E18000006","E40000007","E92000001","E12000006","5","E14001507","E15000006","E24000005","E30000237","E16000150","E07000240","26UGFX","E00120196","26UGFX","E65000001","E01023667","E02004936","5","6D1","E00120196","E01023667","E02004936","E33027453","E38000079","E63011552","C1","5A2",51.747828,-0.301865,"E37000048","","E23000027",30628,"E56000035","E54000025","E00120196","E01023667","E02004936"
"AL1 9WE","AL1  9WE","AL1 9WE","201204","201605","E10000015","E58000664","E07000240","E05013956","E43000290","1","517321","0206803","1","E18000006","E40000007","E92000001","E12000006","5","E14001507","E15000006","E24000005","E30000237","E16000150","E07000240","26UGFX","E00120196","26UGFX","E65000001","E01023667","E02004936","5","6D1","E00120196","E01023667","E02004936","E33027453","E38000079","E63011552","C1","5A2",51.747650,-0.301973,"E37000048","","E23000027",30628,"E56000035","E54000025","E00120196","E01023667","E02004936"
"AL1 9WF","AL1  9WF","AL1 9WF","201204","201804","E10000015","E58000664","E07000240","E05013956","E43000290","1","517321","0206803","1","E18000006","E40000007","E92000001","E12000006","5","E14001507","E15000006","E24000005","E30000237","E16000150","E07000240","26UGFX","E00120196","26UGFX","E65000001","E01023667","E02004936","5","6D1","E00120196","E01023667","E02004936","E33027453","E38000079","E63011552","C1","5A2",51.747650,-0.301973,"E37000048","","E23000027",30628,"E56000035","E54000025","E00120196","E01023667","E02004936"
"AL1 9WG","AL1  9WG","AL1 9WG","201204","201305","E10000015","E58000664","E07000240","E05013956","E43000290","1","517328","0206823","1","E18000006","E40000007","E92000001","E12000006","5","E14001507","E15000006","E24000005","E30000237","E16000150","E07000240","26UGFX","E00120196","26UGFX","E65000001","E01023667","E02004936","5","6D1","E00120196","E01023667","E02004936","E33027453","E38000079","E63011552","C1","5A2",51.747828,-0.301865,"E37000048","","E23000027",30628,"E56000035","E54000025","E00120196","E01023667","E02004936"
"AL1 9WH","AL1  9WH","AL1 9WH","201207","201402","E10000015","E58000664","E07000240","E05013956","E43000290","1","517328","0206823","1","E18000006","E40000007","E92000001","E12000006","5","E14001507","E15000006","E24000005","E30000237","E16000150","E07000240","26UGFX","E00120196","26UGFX","E65000001","E01023667","E02004936","5","6D1","E00120196","E01023667","E02004936","E33027453","E38000079","E63011552","C1","5A2",51.747828,-0.301865,"E37000048","","E23000027",30628,"E56000035","E54000025","E00120196","E01023667","E02004936"
"AL1 9WJ","AL1  9WJ","AL1 9WJ","201208","201305","E10000015","E58000664","E07000240","E05013956","E43000290","1","517328","0206823","1","E18000006","E40000007","E92000001","E12000006","5","E14001507","E15000006","E24000005","E30000237","E16000150","E07000240","26UGFX","E00120196","26UGFX","E65000001","E01023667","E02004936","5","6D1","E00120196","E01023667","E02004936","E33027453","E38000079","E63011552","C1","5A2",51.747828,-0.301865,"E37000048","","E23000027",30628,"E56000035","E54000025","E00120196","E01023667","E02004936"
"AL1 9WL","AL1  9WL","AL1 9WL","201404","201910","E10000015","E58000664","E07000240","E05013956","E43000290","1","517321","0206803","1","E18000006","E40000007","E92000001","E12000006","5","E14001507","E15000006","E24000005","E30000237","E16000150","E07000240","26UGFX","E00120196","26UGFX","E65000001","E01023667","E02004936","5","6D1","E00120196","E01023667","E02004936","E33027453","E38000079","E63011552","C1","5A2",51.747650,-0.301973,"E37000048","","E23000027",30628,"E56000035","E54000025","E00120196","E01023667","E02004936"
"AL1 9WN","AL1  9WN","AL1 9WN","201210","201406","E10000015","E58000664","E07000240","E05013956","E43000290","1","517328","0206823","1","E18000006","E40000007","E92000001","E12000006","5","E14001507","E15000006","E24000005","E30000237","E16000150","E07000240","26UGFX","E00120196","26UGFX","E65000001","E01023667","E02004936","5","6D1","E00120196","E01023667","E02004936","E33027453","E38000079","E63011552","C1","5A2",51.747828,-0.301865,"E37000048","","E23000027",30628,"E56000035","E54000025","E00120196","E01023667","E02004936"
"AL1 9WP","AL1  9WP","AL1 9WP","201508","201512","E10000015","E58000664","E07000240","E05013956","E43000290","1","517328","0206823","1","E18000006","E40000007","E92000001","E12000006","5","E14001507","E15000006","E24000005","E30000237","E16000150","E07000240","26UGFX","E00120196","26UGFX","E65000001","E01023667","E02004936","5","6D1","E00120196","E01023667","E02004936","E33027453","E38000079","E63011552","C1","5A2",51.747828,-0.301865,"E37000048","","E23000027",30628,"E56000035","E54000025","E00120196","E01023667","E02004936"
"AL1 9WQ","AL1  9WQ","AL1 9WQ","202302","202501","E10000015","E58000664","E07000240","E05013956","E43000290","1","517321","0206803","1","E18000006","E40000007","E92000001","E12000006","5","E14001507","E15000006","E24000005","E30000237","E16000150","E07000240","26UGFX","E00120196","26UGFX","E65000001","E01023667","E02004936","5","6D1","E00120196","E01023667","E02004936","E33027453","E38000079","E63011552","C1","5A2",51.747655,-0.301949,"E37000048","","E23000027",30628,"E56000035","E54000025","E00120196","E01023667","E02004936"
"AL1 9WR","AL1  9WR","AL1 9WR","202203","","E10000015","E58000664","E07000240","E05013956","E43000290","1","517321","0206803","1","E18000006","E40000007","E92000001","E12000006","5","E14001507","E15000006","E24000005","E30000237","E16000150","E07000240","26UGFX","E00120196","26UGFX","E65000001","E01023667","E02004936","5","6D1","E00120196","E01023667","E02004936","E33027453","E38000079","E63011552","C1","5A2",51.747655,-0.301949,"E37000048","","E23000027",30628,"E56000035","E54000025","E00120196","E01023667","E02004936"
"AL1 9WS","AL1  9WS","AL1 9WS","201301","","E10000015","E58000664","E07000240","E05013956","E43000290","1","517321","0206803","1","E18000006","E40000007","E92000001","E12000006","5","E14001507","E15000006","E24000005","E30000237","E16000150","E07000240","26UGFX","E00120196","26UGFX","E65000001","E01023667","E02004936","5","6D1","E00120196","E01023667","E02004936","E33027453","E38000079","E63011552","C1","5A2",51.747650,-0.301973,"E37000048","","E23000027",30628,"E56000035","E54000025","E00120196","E01023667","E02004936"
"AL1 9WT","AL1  9WT","AL1 9WT","201303","201404","E10000015","E58000664","E07000240","E05013956","E43000290","1","517328","0206823","1","E18000006","E40000007","E92000001","E12000006","5","E14001507","E15000006","E24000005","E30000237","E16000150","E07000240","26UGFX","E00120196","26UGFX","E65000001","E01023667","E02004936","5","6D1","E00120196","E01023667","E02004936","E33027453","E38000079","E63011552","C1","5A2",51.747828,-0.301865,"E37000048","","E23000027",30628,"E56000035","E54000025","E00120196","E01023667","E02004936"
"AL1 9WU","AL1  9WU","AL1 9WU","201304","","E10000015","E58000664","E07000240","E05013956","E43000290","1","517321","0206803","1","E18000006","E40000007","E92000001","E12000006","5","E14001507","E15000006","E24000005","E30000237","E16000150","E07000240","26UGFX","E00120196","26UGFX","E65000001","E01023667","E02004936","5","6D1","E00120196","E01023667","E02004936","E33027453","E38000079","E63011552","C1","5A2",51.747650,-0.301973,"E37000048","","E23000027",30628,"E56000035","E54000025","E00120196","E01023667","E02004936"
"AL1 9WW","AL1  9WW","AL1 9WW","201304","201405","E10000015","E58000664","E07000240","E05013956","E43000290","1","517328","0206823","1","E18000006","E40000007","E92000001","E12000006","5","E14001507","E15000006","E24000005","E30000237","E16000150","E07000240","26UGFX","E00120196","26UGFX","E65000001","E01023667","E02004936","5","6D1","E00120196","E01023667","E02004936","E33027453","E38000079","E63011552","C1","5A2",51.747828,-0.301865,"E37000048","","E23000027",30628,"E56000035","E54000025","E00120196","E01023667","E02004936"
"AL1 9WX","AL1  9WX","AL1 9WX","201307","201506","E10000015","E58000664","E07000240","E05013956","E43000290","1","517328","0206823","1","E18000006","E40000007","E92000001","E12000006","5","E14001507","E15000006","E24000005","E30000237","E16000150","E07000240","26UGFX","E00120196","26UGFX","E65000001","E01023667","E02004936","5","6D1","E00120196","E01023667","E02004936","E33027453","E38000079","E63011552","C1","5A2",51.747828,-0.301865,"E37000048","","E23000027",30628,"E56000035","E54000025","E00120196","E01023667","E02004936"
"AL1 9WY","AL1  9WY","AL1 9WY","201307","201506","E10000015","E58000664","E07000240","E05013956","E43000290","1","517328","0206823","1","E18000006","E40000007","E92000001","E12000006","5","E14001507","E15000006","E24000005","E30000237","E16000150","E07000240","26UGFX","E00120196","26UGFX","E65000001","E01023667","E02004936","5","6D1","E00120196","E01023667","E02004936","E33027453","E38000079","E63011552","C1","5A2",51.747828,-0.301865,"E37000048","","E23000027",30628,"E56000035","E54000025","E00120196","E01023667","E02004936"
"AL1 9WZ","AL1  9WZ","AL1 9WZ","201307","201405","E10000015","E58000664","E07000240","E05013956","E43000290","1","517328","0206823","1","E18000006","E40000007","E92000001","E12000006","5","E14001507","E15000006","E24000005","E30000237","E16000150","E07000240","26UGFX","E00120196","26UGFX","E65000001","E01023667","E02004936","5","6D1","E00120196","E01023667","E02004936","E33027453","E38000079","E63011552","C1","5A2",51.747828,-0.301865,"E37000048","","E23000027",30628,"E56000035","E54000025","E00120196","E01023667","E02004936"
"AL1 9XA","AL1  9XA","AL1 9XA","201307","201408","E10000015","E58000664","E07000240","E05013956","E43000290","1","517328","0206823","1","E18000006","E40000007","E92000001","E12000006","5","E14001507","E15000006","E24000005","E30000237","E16000150","E07000240","26UGFX","E00120196","26UGFX","E65000001","E01023667","E02004936","5","6D1","E00120196","E01023667","E02004936","E33027453","E38000079","E63011552","C1","5A2",51.747828,-0.301865,"E37000048","","E23000027",30628,"E56000035","E54000025","E00120196","E01023667","E02004936"
"AL1 9XB","AL1  9XB","AL1 9XB","201308","201409","E10000015","E58000664","E07000240","E05013956","E43000290","1","517328","0206823","1","E18000006","E40000007","E92000001","E12000006","5","E14001507","E15000006","E24000005","E30000237","E16000150","E07000240","26UGFX","E00120196","26UGFX","E65000001","E01023667","E02004936","5","6D1","E00120196","E01023667","E02004936","E33027453","E38000079","E63011552","C1","5A2",51.747828,-0.301865,"E37000048","","E23000027",30628,"E56000035","E54000025","E00120196","E01023667","E02004936"
"AL1 9XD","AL1  9XD","AL1 9XD","201309","201910","E10000015","E58000664","E07000240","E05013956","E43000290","1","517321","0206803","1","E18000006","E40000007","E92000001","E12000006","5","E14001507","E15000006","E24000005","E30000237","E16000150","E07000240","26UGFX","E00120196","26UGFX","E65000001","E01023667","E02004936","5","6D1","E00120196","E01023667","E02004936","E33027453","E38000079","E63011552","C1","5A2",51.747650,-0.301973,"E37000048","","E23000027",30628,"E56000035","E54000025","E00120196","E01023667","E02004936"
"AL1 9XE","AL1  9XE","AL1 9XE","201310","201410","E10000015","E58000664","E07000240","E05013956","E43000290","1","517328","0206823","1","E18000006","E40000007","E92000001","E12000006","5","E14001507","E15000006","E24000005","E30000237","E16000150","E07000240","26UGFX","E00120196","26UGFX","E65000001","E01023667","E02004936","5","6D1","E00120196","E01023667","E02004936","E33027453","E38000079","E63011552","C1","5A2",51.747828,-0.301865,"E37000048","","E23000027",30628,"E56000035","E54000025","E00120196","E01023667","E02004936"
"AL1 9XF","AL1  9XF","AL1 9XF","201311","","E10000015","E58000664","E07000240","E05013956","E43000290","1","517321","0206803","1","E18000006","E40000007","E92000001","E12000006","5","E14001507","E15000006","E24000005","E30000237","E16000150","E07000240","26UGFX","E00120196","26UGFX","E65000001","E01023667","E02004936","5","6D1","E00120196","E01023667","E02004936","E33027453","E38000079","E63011552","C1","5A2",51.747650,-0.301973,"E37000048","","E23000027",30628,"E56000035","E54000025","E00120196","E01023667","E02004936"
"AL1 9XG","AL1  9XG","AL1 9XG","201402","201603","E10000015","E58000664","E07000240","E05013956","E43000290","1","517321","0206803","1","E18000006","E40000007","E92000001","E12000006","5","E14001507","E15000006","E24000005","E30000237","E16000150","E07000240","26UGFX","E00120196","26UGFX","E65000001","E01023667","E02004936","5","6D1","E00120196","E01023667","E02004936","E33027453","E38000079","E63011552","C1","5A2",51.747650,-0.301973,"E37000048","","E23000027",30628,"E56000035","E54000025","E00120196","E01023667","E02004936"
"AL1 9XH","AL1  9XH","AL1 9XH","201406","201507","E10000015","E58000664","E07000240","E05013956","E43000290","1","517328","0206823","1","E18000006","E40000007","E92000001","E12000006","5","E14001507","E15000006","E24000005","E30000237","E16000150","E07000240","26UGFX","E00120196","26UGFX","E65000001","E01023667","E02004936","5","6D1","E00120196","E01023667","E02004936","E33027453","E38000079","E63011552","C1","5A2",51.747828,-0.301865,"E37000048","","E23000027",30628,"E56000035","E54000025","E00120196","E01023667","E02004936"
"AL1 9XJ","AL1  9XJ","AL1 9XJ","201406","202208","E10000015","E58000664","E07000240","E05013956","E43000290","1","517321","0206803","1","E18000006","E40000007","E92000001","E12000006","5","E14001507","E15000006","E24000005","E30000237","E16000150","E07000240","26UGFX","E00120196","26UGFX","E65000001","E01023667","E02004936","5","6D1","E00120196","E01023667","E02004936","E33027453","E38000079","E63011552","C1","5A2",51.747650,-0.301973,"E37000048","","E23000027",30628,"E56000035","E54000025","E00120196","E01023667","E02004936"
"AL1 9XL","AL1  9XL","AL1 9XL","201909","202008","E10000015","E58000664","E07000240","E05013956","E43000290","1","517321","0206803","1","E18000006","E40000007","E92000001","E12000006","5","E14001507","E15000006","E24000005","E30000237","E16000150","E07000240","26UGFX","E00120196","26UGFX","E65000001","E01023667","E02004936","5","6D1","E00120196","E01023667","E02004936","E33027453","E38000079","E63011552","C1","5A2",51.747655,-0.301949,"E37000048","","E23000027",30628,"E56000035","E54000025","E00120196","E01023667","E02004936"
"AL1 9XN","AL1  9XN","AL1 9XN","201407","201502","E10000015","E58000664","E07000240","E05013956","E43000290","1","517328","0206823","1","E18000006","E40000007","E92000001","E12000006","5","E14001507","E15000006","E24000005","E30000237","E16000150","E07000240","26UGFX","E00120196","26UGFX","E65000001","E01023667","E02004936","5","6D1","E00120196","E01023667","E02004936","E33027453","E38000079","E63011552","C1","5A2",51.747828,-0.301865,"E37000048","","E23000027",30628,"E56000035","E54000025","E00120196","E01023667","E02004936"
"AL1 9XP","AL1  9XP","AL1 9XP","201410","","E10000015","E58000664","E07000240","E05013956","E43000290","1","517321","0206803","1","E18000006","E40000007","E92000001","E12000006","5","E14001507","E15000006","E24000005","E30000237","E16000150","E07000240","26UGFX","E00120196","26UGFX","E65000001","E01023667","E02004936","5","6D1","E00120196","E01023667","E02004936","E33027453","E38000079","E63011552","C1","5A2",51.747650,-0.301973,"E37000048","","E23000027",30628,"E56000035","E54000025","E00120196","E01023667","E02004936"
"AL1 9XQ","AL1  9XQ","AL1 9XQ","201501","","E10000015","E58000664","E07000240","E05013956","E43000290","1","517321","0206803","1","E18000006","E40000007","E92000001","E12000006","5","E14001507","E15000006","E24000005","E30000237","E16000150","E07000240","26UGFX","E00120196","26UGFX","E65000001","E01023667","E02004936","5","6D1","E00120196","E01023667","E02004936","E33027453","E38000079","E63011552","C1","5A2",51.747650,-0.301973,"E37000048","","E23000027",30628,"E56000035","E54000025","E00120196","E01023667","E02004936"
"AL1 9XR","AL1  9XR","AL1 9XR","201502","","E10000015","E58000663","E07000240","E05013964","E43000290","1","514949","0207389","1","E18000006","E40000007","E92000001","E12000006","5","E14001507","E15000006","E24000005","E30000237","E16000150","E07000240","26UGGM","E00120479","26UGGM","E65000001","E01023727","E02004935","5","2B1","E00120479","E01023727","E02004935","E33024328","E38000079","E63011552","C1","2D1",51.753408,-0.336123,"E37000048","","E23000027",15120,"E56000035","E54000025","E00120479","E01023727","E02004935"
"AL1 9XS","AL1  9XS","AL1 9XS","201502","","E10000015","E58000663","E07000240","E05013964","E43000290","1","514949","0207389","1","E18000006","E40000007","E92000001","E12000006","5","E14001507","E15000006","E24000005","E30000237","E16000150","E07000240","26UGGM","E00120479","26UGGM","E65000001","E01023727","E02004935","5","2B1","E00120479","E01023727","E02004935","E33024328","E38000079","E63011552","C1","2D1",51.753408,-0.336123,"E37000048","","E23000027",15120,"E56000035","E54000025","E00120479","E01023727","E02004935"
"AL1 9XT","AL1  9XT","AL1 9XT","201502","","E10000015","E58000663","E07000240","E05013964","E43000290","1","514949","0207389","1","E18000006","E40000007","E92000001","E12000006","5","E14001507","E15000006","E24000005","E30000237","E16000150","E07000240","26UGGM","E00120479","26UGGM","E65000001","E01023727","E02004935","5","2B1","E00120479","E01023727","E02004935","E33024328","E38000079","E63011552","C1","2D1",51.753408,-0.336123,"E37000048","","E23000027",15120,"E56000035","E54000025","E00120479","E01023727","E02004935"
"AL1 9XU","AL1  9XU","AL1 9XU","201502","","E10000015","E58000663","E07000240","E05013964","E43000290","1","514949","0207389","1","E18000006","E40000007","E92000001","E12000006","5","E14001507","E15000006","E24000005","E30000237","E16000150","E07000240","26UGGM","E00120479","26UGGM","E65000001","E01023727","E02004935","5","2B1","E00120479","E01023727","E02004935","E33024328","E38000079","E63011552","C1","2D1",51.753408,-0.336123,"E37000048","","E23000027",15120,"E56000035","E54000025","E00120479","E01023727","E02004935"
"AL1 9XW","AL1  9XW","AL1 9XW","201502","","E10000015","E58000663","E07000240","E05013964","E43000290","1","514949","0207389","1","E18000006","E40000007","E92000001","E12000006","5","E14001507","E15000006","E24000005","E30000237","E16000150","E07000240","26UGGM","E00120479","26UGGM","E65000001","E01023727","E02004935","5","2B1","E00120479","E01023727","E02004935","E33024328","E38000079","E63011552","C1","2D1",51.753408,-0.336123,"E37000048","","E23000027",15120,"E56000035","E54000025","E00120479","E01023727","E02004935"
"AL1 9XX","AL1  9XX","AL1 9XX","201502","","E10000015","E58000663","E07000240","E05013964","E43000290","1","514949","0207389","1","E18000006","E40000007","E92000001","E12000006","5","E14001507","E15000006","E24000005","E30000237","E16000150","E07000240","26UGGM","E00120479","26UGGM","E65000001","E01023727","E02004935","5","2B1","E00120479","E01023727","E02004935","E33024328","E38000079","E63011552","C1","2D1",51.753408,-0.336123,"E37000048","","E23000027",15120,"E56000035","E54000025","E00120479","E01023727","E02004935"
"AL1 9XY","AL1  9XY","AL1 9XY","201502","","E10000015","E58000663","E07000240","E05013964","E43000290","1","514949","0207389","1","E18000006","E40000007","E92000001","E12000006","5","E14001507","E15000006","E24000005","E30000237","E16000150","E07000240","26UGGM","E00120479","26UGGM","E65000001","E01023727","E02004935","5","2B1","E00120479","E01023727","E02004935","E33024328","E38000079","E63011552","C1","2D1",51.753408,-0.336123,"E37000048","","E23000027",15120,"E56000035","E54000025","E00120479","E01023727","E02004935"
"AL1 9XZ","AL1  9XZ","AL1 9XZ","201502","","E10000015","E58000663","E07000240","E05013964","E43000290","1","514949","0207389","1","E18000006","E40000007","E92000001","E12000006","5","E14001507","E15000006","E24000005","E30000237","E16000150","E07000240","26UGGM","E00120479","26UGGM","E65000001","E01023727","E02004935","5","2B1","E00120479","E01023727","E02004935","E33024328","E38000079","E63011552","C1","2D1",51.753408,-0.336123,"E37000048","","E23000027",15120,"E56000035","E54000025","E00120479","E01023727","E02004935"
"AL1 9YA","AL1  9YA","AL1 9YA","201502","","E10000015","E58000663","E07000240","E05013964","E43000290","1","514949","0207389","1","E18000006","E40000007","E92000001","E12000006","5","E14001507","E15000006","E24000005","E30000237","E16000150","E07000240","26UGGM","E00120479","26UGGM","E65000001","E01023727","E02004935","5","2B1","E00120479","E01023727","E02004935","E33024328","E38000079","E63011552","C1","2D1",51.753408,-0.336123,"E37000048","","E23000027",15120,"E56000035","E54000025","E00120479","E01023727","E02004935"
"AL1 9YB","AL1  9YB","AL1 9YB","201502","","E10000015","E58000663","E07000240","E05013964","E43000290","1","514949","0207389","1","E18000006","E40000007","E92000001","E12000006","5","E14001507","E15000006","E24000005","E30000237","E16000150","E07000240","26UGGM","E00120479","26UGGM","E65000001","E01023727","E02004935","5","2B1","E00120479","E01023727","E02004935","E33024328","E38000079","E63011552","C1","2D1",51.753408,-0.336123,"E37000048","","E23000027",15120,"E56000035","E54000025","E00120479","E01023727","E02004935"
"AL1 9YD","AL1  9YD","AL1 9YD","201502","","E10000015","E58000663","E07000240","E05013964","E43000290","1","514949","0207389","1","E18000006","E40000007","E92000001","E12000006","5","E14001507","E15000006","E24000005","E30000237","E16000150","E07000240","26UGGM","E00120479","26UGGM","E65000001","E01023727","E02004935","5","2B1","E00120479","E01023727","E02004935","E33024328","E38000079","E63011552","C1","2D1",51.753408,-0.336123,"E37000048","","E23000027",15120,"E56000035","E54000025","E00120479","E01023727","E02004935"
"AL1 9YE","AL1  9YE","AL1 9YE","201502","","E10000015","E58000663","E07000240","E05013964","E43000290","1","514949","0207389","1","E18000006","E40000007","E92000001","E12000006","5","E14001507","E15000006","E24000005","E30000237","E16000150","E07000240","26UGGM","E00120479","26UGGM","E65000001","E01023727","E02004935","5","2B1","E00120479","E01023727","E02004935","E33024328","E38000079","E63011552","C1","2D1",51.753408,-0.336123,"E37000048","","E23000027",15120,"E56000035","E54000025","E00120479","E01023727","E02004935"
"AL1 9YF","AL1  9YF","AL1 9YF","201502","","E10000015","E58000663","E07000240","E05013964","E43000290","1","514949","0207389","1","E18000006","E40000007","E92000001","E12000006","5","E14001507","E15000006","E24000005","E30000237","E16000150","E07000240","26UGGM","E00120479","26UGGM","E65000001","E01023727","E02004935","5","2B1","E00120479","E01023727","E02004935","E33024328","E38000079","E63011552","C1","2D1",51.753408,-0.336123,"E37000048","","E23000027",15120,"E56000035","E54000025","E00120479","E01023727","E02004935"
"AL1 9YG","AL1  9YG","AL1 9YG","201502","","E10000015","E58000663","E07000240","E05013964","E43000290","1","514949","0207389","1","E18000006","E40000007","E92000001","E12000006","5","E14001507","E15000006","E24000005","E30000237","E16000150","E07000240","26UGGM","E00120479","26UGGM","E65000001","E01023727","E02004935","5","2B1","E00120479","E01023727","E02004935","E33024328","E38000079","E63011552","C1","2D1",51.753408,-0.336123,"E37000048","","E23000027",15120,"E56000035","E54000025","E00120479","E01023727","E02004935"
"AL1 9YH","AL1  9YH","AL1 9YH","201502","","E10000015","E58000663","E07000240","E05013964","E43000290","1","514949","0207389","1","E18000006","E40000007","E92000001","E12000006","5","E14001507","E15000006","E24000005","E30000237","E16000150","E07000240","26UGGM","E00120479","26UGGM","E65000001","E01023727","E02004935","5","2B1","E00120479","E01023727","E02004935","E33024328","E38000079","E63011552","C1","2D1",51.753408,-0.336123,"E37000048","","E23000027",15120,"E56000035","E54000025","E00120479","E01023727","E02004935"
"AL1 9YJ","AL1  9YJ","AL1 9YJ","201502","","E10000015","E58000663","E07000240","E05013964","E43000290","1","514949","0207389","1","E18000006","E40000007","E92000001","E12000006","5","E14001507","E15000006","E24000005","E30000237","E16000150","E07000240","26UGGM","E00120479","26UGGM","E65000001","E01023727","E02004935","5","2B1","E00120479","E01023727","E02004935","E33024328","E38000079","E63011552","C1","2D1",51.753408,-0.336123,"E37000048","","E23000027",15120,"E56000035","E54000025","E00120479","E01023727","E02004935"
"AL1 9YL","AL1  9YL","AL1 9YL","201502","","E10000015","E58000663","E07000240","E05013964","E43000290","1","514949","0207389","1","E18000006","E40000007","E92000001","E12000006","5","E14001507","E15000006","E24000005","E30000237","E16000150","E07000240","26UGGM","E00120479","26UGGM","E65000001","E01023727","E02004935","5","2B1","E00120479","E01023727","E02004935","E33024328","E38000079","E63011552","C1","2D1",51.753408,-0.336123,"E37000048","","E23000027",15120,"E56000035","E54000025","E00120479","E01023727","E02004935"
"AL1 9YN","AL1  9YN","AL1 9YN","201502","","E10000015","E58000663","E07000240","E05013964","E43000290","1","514949","0207389","1","E18000006","E40000007","E92000001","E12000006","5","E14001507","E15000006","E24000005","E30000237","E16000150","E07000240","26UGGM","E00120479","26UGGM","E65000001","E01023727","E02004935","5","2B1","E00120479","E01023727","E02004935","E33024328","E38000079","E63011552","C1","2D1",51.753408,-0.336123,"E37000048","","E23000027",15120,"E56000035","E54000025","E00120479","E01023727","E02004935"
"AL1 9YP","AL1  9YP","AL1 9YP","201502","","E10000015","E58000663","E07000240","E05013964","E43000290","1","514949","0207389","1","E18000006","E40000007","E92000001","E12000006","5","E14001507","E15000006","E24000005","E30000237","E16000150","E07000240","26UGGM","E00120479","26UGGM","E65000001","E01023727","E02004935","5","2B1","E00120479","E01023727","E02004935","E33024328","E38000079","E63011552","C1","2D1",51.753408,-0.336123,"E37000048","","E23000027",15120,"E56000035","E54000025","E00120479","E01023727","E02004935"
"AL1 9YQ","AL1  9YQ","AL1 9YQ","201502","","E10000015","E58000663","E07000240","E05013964","E43000290","1","514949","0207389","1","E18000006","E40000007","E92000001","E12000006","5","E14001507","E15000006","E24000005","E30000237","E16000150","E07000240","26UGGM","E00120479","26UGGM","E65000001","E01023727","E02004935","5","2B1","E00120479","E01023727","E02004935","E33024328","E38000079","E63011552","C1","2D1",51.753408,-0.336123,"E37000048","","E23000027",15120,"E56000035","E54000025","E00120479","E01023727","E02004935"
"AL1 9YR","AL1  9YR","AL1 9YR","201502","201702","E10000015","E58000664","E07000240","E05013956","E43000290","1","517321","0206803","1","E18000006","E40000007","E92000001","E12000006","5","E14001507","E15000006","E24000005","E30000237","E16000150","E07000240","26UGFX","E00120196","26UGFX","E65000001","E01023667","E02004936","5","6D1","E00120196","E01023667","E02004936","E33027453","E38000079","E63011552","C1","5A2",51.747650,-0.301973,"E37000048","","E23000027",30628,"E56000035","E54000025","E00120196","E01023667","E02004936"
"AL1 9YS","AL1  9YS","AL1 9YS","201906","202302","E10000015","E58000664","E07000240","E05013956","E43000290","1","517321","0206803","1","E18000006","E40000007","E92000001","E12000006","5","E14001507","E15000006","E24000005","E30000237","E16000150","E07000240","26UGFX","E00120196","26UGFX","E65000001","E01023667","E02004936","5","6D1","E00120196","E01023667","E02004936","E33027453","E38000079","E63011552","C1","5A2",51.747655,-0.301949,"E37000048","","E23000027",30628,"E56000035","E54000025","E00120196","E01023667","E02004936"
"AL1 9YT","AL1  9YT","AL1 9YT","201503","201504","E10000015","E58000664","E07000240","E05013956","E43000290","1","517328","0206823","1","E18000006","E40000007","E92000001","E12000006","5","E14001507","E15000006","E24000005","E30000237","E16000150","E07000240","26UGFX","E00120196","26UGFX","E65000001","E01023667","E02004936","5","6D1","E00120196","E01023667","E02004936","E33027453","E38000079","E63011552","C1","5A2",51.747828,-0.301865,"E37000048","","E23000027",30628,"E56000035","E54000025","E00120196","E01023667","E02004936"
"AL1 9YU","AL1  9YU","AL1 9YU","201504","202405","E10000015","E58000664","E07000240","E05013956","E43000290","1","517321","0206803","1","E18000006","E40000007","E92000001","E12000006","5","E14001507","E15000006","E24000005","E30000237","E16000150","E07000240","26UGFX","E00120196","26UGFX","E65000001","E01023667","E02004936","5","6D1","E00120196","E01023667","E02004936","E33027453","E38000079","E63011552","C1","5A2",51.747650,-0.301973,"E37000048","","E23000027",30628,"E56000035","E54000025","E00120196","E01023667","E02004936"
"AL1 9YW","AL1  9YW","AL1 9YW","201504","201511","E10000015","E58000664","E07000240","E05013956","E43000290","1","517328","0206823","1","E18000006","E40000007","E92000001","E12000006","5","E14001507","E15000006","E24000005","E30000237","E16000150","E07000240","26UGFX","E00120196","26UGFX","E65000001","E01023667","E02004936","5","6D1","E00120196","E01023667","E02004936","E33027453","E38000079","E63011552","C1","5A2",51.747828,-0.301865,"E37000048","","E23000027",30628,"E56000035","E54000025","E00120196","E01023667","E02004936"
"AL1 9YX","AL1  9YX","AL1 9YX","201506","201606","E10000015","E58000664","E07000240","E05013956","E43000290","1","517321","0206803","1","E18000006","E40000007","E92000001","E12000006","5","E14001507","E15000006","E24000005","E30000237","E16000150","E07000240","26UGFX","E00120196","26UGFX","E65000001","E01023667","E02004936","5","6D1","E00120196","E01023667","E02004936","E33027453","E38000079","E63011552","C1","5A2",51.747650,-0.301973,"E37000048","","E23000027",30628,"E56000035","E54000025","E00120196","E01023667","E02004936"
"AL1 9YY","AL1  9YY","AL1 9YY","201508","201609","E10000015","E58000664","E07000240","E05013956","E43000290","1","517321","0206803","1","E18000006","E40000007","E92000001","E12000006","5","E14001507","E15000006","E24000005","E30000237","E16000150","E07000240","26UGFX","E00120196","26UGFX","E65000001","E01023667","E02004936","5","6D1","E00120196","E01023667","E02004936","E33027453","E38000079","E63011552","C1","5A2",51.747650,-0.301973,"E37000048","","E23000027",30628,"E56000035","E54000025","E00120196","E01023667","E02004936"
"AL1 9YZ","AL1  9YZ","AL1 9YZ","201602","","E10000015","E58000664","E07000240","E05013956","E43000290","1","517321","0206803","1","E18000006","E40000007","E92000001","E12000006","5","E14001507","E15000006","E24000005","E30000237","E16000150","E07000240","26UGFX","E00120196","26UGFX","E65000001","E01023667","E02004936","5","6D1","E00120196","E01023667","E02004936","E33027453","E38000079","E63011552","C1","5A2",51.747650,-0.301973,"E37000048","","E23000027",30628,"E56000035","E54000025","E00120196","E01023667","E02004936"
"AL1 9ZA","AL1  9ZA","AL1 9ZA","200501","200502","","","","","","1","","","9","","","E92000001",""," ","","","","","","","","","","","",""," ","","","","","","","","","",99.999999,0.000000,"","","",0,"","","","",""
"AL1 9ZB","AL1  9ZB","AL1 9ZB","200501","200502","","","","","","1","","","9","","","E92000001",""," ","","","","","","","","","","","",""," ","","","","","","","","","",99.999999,0.000000,"","","",0,"","","","",""
"AL1 9ZD","AL1  9ZD","AL1 9ZD","200501","200502","","","","","","1","","","9","","","E92000001",""," ","","","","","","","","","","","",""," ","","","","","","","","","",99.999999,0.000000,"","","",0,"","","","",""
"AL1 9ZE","AL1  9ZE","AL1 9ZE","200501","200502","","","","","","1","","","9","","","E92000001",""," ","","","","","","","","","","","",""," ","","","","","","","","","",99.999999,0.000000,"","","",0,"","","","",""
"AL1 9ZF","AL1  9ZF","AL1 9ZF","200501","200502","","","","","","1","","","9","","","E92000001",""," ","","","","","","","","","","","",""," ","","","","","","","","","",99.999999,0.000000,"","","",0,"","","","",""
"AL1 9ZG","AL1  9ZG","AL1 9ZG","200501","200502","","","","","","1","","","9","","","E92000001",""," ","","","","","","","","","","","",""," ","","","","","","","","","",99.999999,0.000000,"","","",0,"","","","",""
"AL1 9ZH","AL1  9ZH","AL1 9ZH","200501","200502","","","","","","1","","","9","","","E92000001",""," ","","","","","","","","","","","",""," ","","","","","","","","","",99.999999,0.000000,"","","",0,"","","","",""
"AL1 9ZJ","AL1  9ZJ","AL1 9ZJ","200501","200502","","","","","","1","","","9","","","E92000001",""," ","","","","","","","","","","","",""," ","","","","","","","","","",99.999999,0.000000,"","","",0,"","","","",""
"AL1 9ZL","AL1  9ZL","AL1 9ZL","200501","200502","","","","","","1","","","9","","","E92000001",""," ","","","","","","","","","","","",""," ","","","","","","","","","",99.999999,0.000000,"","","",0,"","","","",""
"AL1 9ZN","AL1  9ZN","AL1 9ZN","200501","200502","","","","","","1","","","9","","","E92000001",""," ","","","","","","","","","","","",""," ","","","","","","","","","",99.999999,0.000000,"","","",0,"","","","",""
"AL1 9ZP","AL1  9ZP","AL1 9ZP","200501","200502","","","","","","1","","","9","","","E92000001",""," ","","","","","","","","","","","",""," ","","","","","","","","","",99.999999,0.000000,"","","",0,"","","","",""
"AL1 9ZQ","AL1  9ZQ","AL1 9ZQ","200501","200502","","","","","","1","","","9","","","E92000001",""," ","","","","","","","","","","","",""," ","","","","","","","","","",99.999999,0.000000,"","","",0,"","","","",""
"AL1 9ZR","AL1  9ZR","AL1 9ZR","200501","200502","","","","","","1","","","9","","","E92000001",""," ","","","","","","","","","","","",""," ","","","","","","","","","",99.999999,0.000000,"","","",0,"","","","",""
"AL1 9ZS","AL1  9ZS","AL1 9ZS","200501","200502","","","","","","1","","","9","","","E92000001",""," ","","","","","","","","","","","",""," ","","","","","","","","","",99.999999,0.000000,"","","",0,"","","","",""
"AL1 9ZT","AL1  9ZT","AL1 9ZT","200501","200502","","","","","","1","","","9","","","E92000001",""," ","","","","","","","","","","","",""," ","","","","","","","","","",99.999999,0.000000,"","","",0,"","","","",""
"AL1 9ZU","AL1  9ZU","AL1 9ZU","200501","200502","","","","","","1","","","9","","","E92000001",""," ","","","","","","","","","","","",""," ","","","","","","","","","",99.999999,0.000000,"","","",0,"","","","",""
"AL1 9ZW","AL1  9ZW","AL1 9ZW","200501","200502","","","","","","1","","","9","","","E92000001",""," ","","","","","","","","","","","",""," ","","","","","","","","","",99.999999,0.000000,"","","",0,"","","","",""
"AL1 9ZX","AL1  9ZX","AL1 9ZX","200501","200502","","","","","","1","","","9","","","E92000001",""," ","","","","","","","","","","","",""," ","","","","","","","","","",99.999999,0.000000,"","","",0,"","","","",""
"AL1 9ZY","AL1  9ZY","AL1 9ZY","200501","200502","","","","","","1","","","9","","","E92000001",""," ","","","","","","","","","","","",""," ","","","","","","","","","",99.999999,0.000000,"","","",0,"","","","",""
"AL1 9ZZ","AL1  9ZZ","AL1 9ZZ","201603","","E10000015","E58000664","E07000240","E05013956","E43000290","1","517321","0206803","5","E18000006","E40000007","E92000001","E12000006","5","E14001507","E15000006","E24000005","E30000237","E16000150","E07000240","26UGFX","E00120196","26UGFX","E65000001","E01023667","E02004936","5","6D1","E00120196","E01023667","E02004936","E33027453","E38000079","E63011552","C1","5A2",51.747650,-0.301973,"E37000048","","E23000027",30628,"E56000035","E54000025","E00120196","E01023667","E02004936"
"AL100AA","AL10 0AA","AL10 0AA","198001","","E10000015","E58000628","E07000241","E05011061","E04004819","1","522503","0208775","1","E18000006","E40000007","E92000001","E12000006","5","E14001573","E15000006","E24000005","E30000272","E16000150","E07000241","26ULGM","E00121461","26ULGM","E65000001","E01023920","E02004991","5","2A2","E00121461","E01023920","E02004991","E33024486","E38000049","E63011549","C1","3A2",51.764264,-0.226254,"E37000048","","E23000027",6540,"E56000035","E54000025","E00121461","E01023920","E02004991"
"AL100AB","AL10 0AB","AL10 0AB","198001","","E10000015","E58000628","E07000241","E05011061","E04004819","0","522680","0209766","1","E18000006","E40000007","E92000001","E12000006","5","E14001573","E15000006","E24000005","E30000272","E16000150","E07000241","26ULGP","E00121504","26ULGP","E65000001","E01023931","E02004989","5","5B4","E00121504","E01033311","E02004989","E33027654","E38000049","E63011549","C1","7A3",51.773137,-0.223316,"E37000048","","E23000027",18334,"E56000035","E54000025","E00121504","E01033311","E02004989"
"AL100AD","AL10 0AD","AL10 0AD","198001","","E10000015","E58000628","E07000241","E05011061","E04004819","0","523003","0209814","1","E18000006","E40000007","E92000001","E12000006","5","E14001573","E15000006","E24000005","E30000272","E16000150","E07000241","26ULGP","E00121510","26ULGP","E65000001","E01023930","E02004989","5","7A2","E00121510","E01023930","E02004989","E33027657","E38000049","E63011549","C1","4A2",51.773498,-0.218620,"E37000048","","E23000027",11495,"E56000035","E54000025","E00121510","E01023930","E02004989"
"AL100AE","AL10 0AE","AL10 0AE","198001","","E10000015","E58000628","E07000241","E05011061","E04004819","0","522532","0209747","1","E18000006","E40000007","E92000001","E12000006","5","E14001573","E15000006","E24000005","E30000272","E16000150","E07000241","26ULGP","E00121504","26ULGP","E65000001","E01023931","E02004989","5","5B4","E00121504","E01033311","E02004989","E33027654","E38000049","E63011549","C1","7A3",51.772999,-0.225467,"E37000048","","E23000027",18334,"E56000035","E54000025","E00121504","E01033311","E02004989"
"AL100AF","AL10 0AF","AL10 0AF","199612","200602","E10000015","E58000628","E07000241","E05011061","E04004819","1","522507","0208780","1","E18000006","E40000007","E92000001","E12000006","5","E14001573","E15000006","E24000005","E30000272","E16000150","E07000241","26ULGM","E00121461","26ULGM","E65000001","E01023920","E02004991","5","2A2","E00121461","E01023920","E02004991","E33024486","E38000049","E63011549","C1","3A2",51.764308,-0.226194,"E37000048","","E23000027",6540,"E56000035","E54000025","E00121461","E01023920","E02004991"
"AL100AG","AL10 0AG","AL10 0AG","198001","","E10000015","E58000628","E07000241","E05011061","E04004819","0","522515","0209794","1","E18000006","E40000007","E92000001","E12000006","5","E14001573","E15000006","E24000005","E30000272","E16000150","E07000241","26ULGP","E00121504","26ULGP","E65000001","E01023931","E02004989","5","5B4","E00121504","E01033311","E02004989","E33027654","E38000049","E63011549","C1","7A3",51.773419,-0.225721,"E37000048","","E23000027",18334,"E56000035","E54000025","E00121504","E01033311","E02004989"
"AL100AH","AL10 0AH","AL10 0AH","198001","","E10000015","E58000628","E07000241","E05011061","E04004819","0","522677","0209836","1","E18000006","E40000007","E92000001","E12000006","5","E14001573","E15000006","E24000005","E30000272","E16000150","E07000241","26ULGP","E00121504","26ULGP","E65000001","E01023931","E02004989","5","5B4","E00121504","E01033311","E02004989","E33027654","E38000049","E63011549","C1","7A3",51.773761,-0.223359,"E37000048","","E23000027",18334,"E56000035","E54000025","E00121504","E01033311","E02004989"
"AL100AJ","AL10 0AJ","AL10 0AJ","198001","","E10000015","E58000628","E07000241","E05011061","E04004819","0","522758","0209716","1","E18000006","E40000007","E92000001","E12000006","5","E14001573","E15000006","E24000005","E30000272","E16000150","E07000241","26ULGP","E00121512","26ULGP","E65000001","E01023929","E02004989","5","1A2","E00121512","E01023929","E02004989","E33027657","E38000049","E63011549","C1","4A2",51.772671,-0.222204,"E37000048","","E23000027",15027,"E56000035","E54000025","E00121512","E01023929","E02004989"
"AL100AL","AL10 0AL","AL10 0AL","198001","","E10000015","E58000628","E07000241","E05011061","E04004819","0","522676","0209727","1","E18000006","E40000007","E92000001","E12000006","5","E14001573","E15000006","E24000005","E30000272","E16000150","E07000241","26ULGP","E00121512","26ULGP","E65000001","E01023929","E02004989","5","1A2","E00121512","E01023929","E02004989","E33027657","E38000049","E63011549","C1","4A2",51.772788,-0.223388,"E37000048","","E23000027",15027,"E56000035","E54000025","E00121512","E01023929","E02004989"
"AL100AN","AL10 0AN","AL10 0AN","198001","","E10000015","E58000628","E07000241","E05011061","E04004819","0","522902","0209859","1","E18000006","E40000007","E92000001","E12000006","5","E14001573","E15000006","E24000005","E30000272","E16000150","E07000241","26ULGP","E00121508","26ULGP","E65000001","E01023931","E02004989","5","5B2","E00121508","E01033311","E02004989","E33024491","E38000049","E63011549","C1","7A3",51.773918,-0.220092,"E37000048","","E23000027",18334,"E56000035","E54000025","E00121508","E01033311","E02004989"
"AL100AP","AL10 0AP","AL10 0AP","199706","199812","E10000015","E58000628","E07000241","E05011061","E04004819","1","522414","0209116","6","E18000006","E40000007","E92000001","E12000006","5","E14001573","E15000006","E24000005","E30000272","E16000150","E07000241","26ULGP","E00121517","26ULGP","E65000001","E01023931","E02004989","5","7A3","E00121517","E01033311","E02004989","E33027655","E38000049","E63011549","C1","4C3",51.767348,-0.227423,"E37000048","","E23000027",18334,"E56000035","E54000025","E00121517","E01033311","E02004989"
"AL100AQ","AL10 0AQ","AL10 0AQ","198001","","E10000015","E58000628","E07000241","E05011061","E04004819","0","522562","0209797","1","E18000006","E40000007","E92000001","E12000006","5","E14001573","E15000006","E24000005","E30000272","E16000150","E07000241","26ULGP","E00121504","26ULGP","E65000001","E01023931","E02004989","5","5B4","E00121504","E01033311","E02004989","E33027654","E38000049","E63011549","C1","7A3",51.773436,-0.225039,"E37000048","","E23000027",18334,"E56000035","E54000025","E00121504","E01033311","E02004989"
"AL100AR","AL10 0AR","AL10 0AR","198504","200812","E10000015","E58000628","E07000241","E05011061","E04004819","1","522420","0208799","1","E18000006","E40000007","E92000001","E12000006","5","E14001573","E15000006","E24000005","E30000272","E16000150","E07000241","26ULGM","E00121479","26ULGM","E65000001","E01023920","E02004991","5","5B1","E00121479","E01023920","E02004991","E33027664","E38000049","E63011549","C1","3A1",51.764498,-0.227447,"E37000048","","E23000027",6540,"E56000035","E54000025","E00121479","E01023920","E02004991"
"AL100AS","AL10 0AS","AL10 0AS","199301","200506","E10000015","E58000628","E07000241","E05011061","E04004819","0","522780","0209914","1","E18000006","E40000007","E92000001","E12000006","5","E14001573","E15000006","E24000005","E30000272","E16000150","E07000241","26ULGP","E00121508","26ULGP","E65000001","E01023931","E02004989","5","5B2","E00121508","E01033311","E02004989","E33024491","E38000049","E63011549","C1","7A3",51.774439,-0.221840,"E37000048","","E23000027",18334,"E56000035","E54000025","E00121508","E01033311","E02004989"
"AL100AT","AL10 0AT","AL10 0AT","199412","","E10000015","E58000627","E07000241","E05011062","E04004819","0","523088","0209240","1","E18000006","E40000007","E92000001","E12000006","5","E14001573","E15000006","E24000005","E30000272","E16000150","E07000241","26ULGP","E00121515","26ULGP","E65000001","E01023930","E02004989","5","5B3","E00121515","E01023930","E02004989","E33027657","E38000049","E63011549","C1","4A3",51.768321,-0.217592,"E37000048","","E23000027",11495,"E56000035","E54000025","E00121515","E01023930","E02004989"
"AL100AU","AL10 0AU","AL10 0AU","198001","","E10000015","E58000628","E07000241","E05011061","E04004819","0","522367","0208850","1","E18000006","E40000007","E92000001","E12000006","5","E14001573","E15000006","E24000005","E30000272","E16000150","E07000241","26ULGM","E00121479","26ULGM","E65000001","E01023920","E02004991","5","5B1","E00121479","E01023920","E02004991","E33027664","E38000049","E63011549","C1","3A1",51.764974,-0.228173,"E37000048","","E23000027",6540,"E56000035","E54000025","E00121479","E01023920","E02004991"
"AL100AW","AL10 0AW","AL10 0AW","199501","","E10000015","E58000628","E07000241","E05011061","E04004819","0","522151","0209037","1","E18000006","E40000007","E92000001","E12000006","5","E14001573","E15000006","E24000005","E30000272","E16000150","E07000241","26ULGM","E00121475","26ULGM","E65000001","E01023920","E02004991","5","5B3","E00121475","E01023920","E02004991","E33027664","E38000049","E63011549","C1","7A3",51.766695,-0.231260,"E37000048","","E23000027",6540,"E56000035","E54000025","E00121475","E01023920","E02004991"
"AL100AX","AL10 0AX","AL10 0AX","198001","","E10000015","E58000628","E07000241","E05011061","E04004819","0","522273","0208822","1","E18000006","E40000007","E92000001","E12000006","5","E14001573","E15000006","E24000005","E30000272","E16000150","E07000241","26ULGM","E00121479","26ULGM","E65000001","E01023920","E02004991","5","5B1","E00121479","E01023920","E02004991","E33027664","E38000049","E63011549","C1","3A1",51.764742,-0.229544,"E37000048","","E23000027",6540,"E56000035","E54000025","E00121479","E01023920","E02004991"
"AL100AY","AL10 0AY","AL10 0AY","198001","","E10000015","E58000628","E07000241","E05011061","E04004819","0","522302","0208877","1","E18000006","E40000007","E92000001","E12000006","5","E14001573","E15000006","E24000005","E30000272","E16000150","E07000241","26ULGM","E00121479","26ULGM","E65000001","E01023920","E02004991","5","5B1","E00121479","E01023920","E02004991","E33027664","E38000049","E63011549","C1","3A1",51.765225,-0.229129,"E37000048","","E23000027",6540,"E56000035","E54000025","E00121479","E01023920","E02004991"
"AL100AZ","AL10 0AZ","AL10 0AZ","198001","","E10000015","E58000628","E07000241","E05011061","E04004819","0","522180","0208761","1","E18000006","E40000007","E92000001","E12000006","5","E14001573","E15000006","E24000005","E30000272","E16000150","E07000241","26ULGM","E00121477","26ULGM","E65000001","E01023920","E02004991","5","5B3","E00121477","E01023920","E02004991","E33027664","E38000049","E63011549","C1","4A2",51.764209,-0.230937,"E37000048","","E23000027",6540,"E56000035","E54000025","E00121477","E01023920","E02004991"
"AL100BA","AL10 0BA","AL10 0BA","198001","","E10000015","E58000628","E07000241","E05011061","E04004819","0","522168","0208833","1","E18000006","E40000007","E92000001","E12000006","5","E14001573","E15000006","E24000005","E30000272","E16000150","E07000241","26ULGM","E00121458","26ULGM","E65000001","E01023920","E02004991","5","5B3","E00121458","E01023920","E02004991","E33027664","E38000049","E63011549","C1","3C1",51.764858,-0.231085,"E37000048","","E23000027",6540,"E56000035","E54000025","E00121458","E01023920","E02004991"
"AL100BB","AL10 0BB","AL10 0BB","198001","","E10000015","E58000628","E07000241","E05011061","E04004819","0","522210","0208729","1","E18000006","E40000007","E92000001","E12000006","5","E14001573","E15000006","E24000005","E30000272","E16000150","E07000241","26ULGM","E00121477","26ULGM","E65000001","E01023920","E02004991","5","5B3","E00121477","E01023920","E02004991","E33027664","E38000049","E63011549","C1","4A2",51.763920,-0.230489,"E37000048","","E23000027",6540,"E56000035","E54000025","E00121477","E01023920","E02004991"
"AL100BD","AL10 0BD","AL10 0BD","198001","","E10000015","E58000628","E07000241","E05011061","E04004819","0","522223","0208708","1","E18000006","E40000007","E92000001","E12000006","5","E14001573","E15000006","E24000005","E30000272","E16000150","E07000241","26ULGM","E00121477","26ULGM","E65000001","E01023920","E02004991","5","5B3","E00121477","E01023920","E02004991","E33027664","E38000049","E63011549","C1","4A2",51.763729,-0.230309,"E37000048","","E23000027",6540,"E56000035","E54000025","E00121477","E01023920","E02004991"
"AL100BE","AL10 0BE","AL10 0BE","198001","","E10000015","E58000628","E07000241","E05011061","E04004819","0","522384","0208828","1","E18000006","E40000007","E92000001","E12000006","5","E14001573","E15000006","E24000005","E30000272","E16000150","E07000241","26ULGM","E00121479","26ULGM","E65000001","E01023920","E02004991","5","5B1","E00121479","E01023920","E02004991","E33027664","E38000049","E63011549","C1","3A1",51.764772,-0.227934,"E37000048","","E23000027",6540,"E56000035","E54000025","E00121479","E01023920","E02004991"
"AL100BG","AL10 0BG","AL10 0BG","199501","","E10000015","E58000628","E07000241","E05011061","E04004819","0","522208","0209025","1","E18000006","E40000007","E92000001","E12000006","5","E14001573","E15000006","E24000005","E30000272","E16000150","E07000241","26ULGM","E00121475","26ULGM","E65000001","E01023920","E02004991","5","5B3","E00121475","E01023920","E02004991","E33027664","E38000049","E63011549","C1","7A3",51.766581,-0.230414,"E37000048","","E23000027",6540,"E56000035","E54000025","E00121475","E01023920","E02004991"
"AL100BH","AL10 0BH","AL10 0BH","198803","","E10000015","E58000628","E07000241","E05011061","E04004819","0","522118","0209079","1","E18000006","E40000007","E92000001","E12000006","5","E14001573","E15000006","E24000005","E30000272","E16000150","E07000241","26ULGM","E00121474","26ULGM","E65000001","E01023921","E02004991","5","2B2","E00121474","E01023921","E02004991","E33027664","E38000049","E63011549","C1","4A2",51.767086,-0.231699,"E37000048","","E23000027",12010,"E56000035","E54000025","E00121474","E01023921","E02004991"
"AL100BJ","AL10 0BJ","AL10 0BJ","198803","","E10000015","E58000628","E07000241","E05011061","E04004819","0","522108","0209028","1","E18000006","E40000007","E92000001","E12000006","5","E14001573","E15000006","E24000005","E30000272","E16000150","E07000241","26ULGM","E00121476","26ULGM","E65000001","E01023920","E02004991","5","7A2","E00121476","E01023920","E02004991","E33027664","E38000049","E63011549","C1","3A1",51.766624,-0.231886,"E37000048","","E23000027",6540,"E56000035","E54000025","E00121476","E01023920","E02004991"
"AL100BL","AL10 0BL","AL10 0BL","198803","","E10000015","E58000628","E07000241","E05011061","E04004819","0","522069","0209067","1","E18000006","E40000007","E92000001","E12000006","5","E14001573","E15000006","E24000005","E30000272","E16000150","E07000241","26ULGM","E00121474","26ULGM","E65000001","E01023921","E02004991","5","2B2","E00121474","E01023921","E02004991","E33027664","E38000049","E63011549","C1","4A2",51.766989,-0.232413,"E37000048","","E23000027",12010,"E56000035","E54000025","E00121474","E01023921","E02004991"
"AL100BN","AL10 0BN","AL10 0BN","198803","","E10000015","E58000628","E07000241","E05011061","E04004819","0","522026","0209057","1","E18000006","E40000007","E92000001","E12000006","5","E14001573","E15000006","E24000005","E30000272","E16000150","E07000241","26ULGM","E00121474","26ULGM","E65000001","E01023921","E02004991","5","2B2","E00121474","E01023921","E02004991","E33027664","E38000049","E63011549","C1","4A2",51.766908,-0.233039,"E37000048","","E23000027",12010,"E56000035","E54000025","E00121474","E01023921","E02004991"
"AL100BP","AL10 0BP","AL10 0BP","198001","200108","E10000015","E58000628","E07000241","E05011061","E04004819","1","522507","0208780","1","E18000006","E40000007","E92000001","E12000006","5","E14001573","E15000006","E24000005","E30000272","E16000150","E07000241","26ULGM","E00121461","26ULGM","E65000001","E01023920","E02004991","5","2A2","E00121461","E01023920","E02004991","E33024486","E38000049","E63011549","C1","3A2",51.764308,-0.226194,"E37000048","","E23000027",6540,"E56000035","E54000025","E00121461","E01023920","E02004991"
"AL100BQ","AL10 0BQ","AL10 0BQ","198803","","E10000015","E58000628","E07000241","E05011061","E04004819","0","522063","0209110","1","E18000006","E40000007","E92000001","E12000006","5","E14001573","E15000006","E24000005","E30000272","E16000150","E07000241","26ULGM","E00121474","26ULGM","E65000001","E01023921","E02004991","5","2B2","E00121474","E01023921","E02004991","E33027664","E38000049","E63011549","C1","4A2",51.767371,-0.232509,"E37000048","","E23000027",12010,"E56000035","E54000025","E00121474","E01023921","E02004991"
"AL100BS","AL10 0BS","AL10 0BS","198001","","E10000015","E58000627","E07000241","E05011062","E04004819","0","522443","0208996","1","E18000006","E40000007","E92000001","E12000006","5","E14001573","E15000006","E24000005","E30000272","E16000150","E07000241","26ULGN","E00121498","26ULGN","E65000001","E01023927","E02004990","5","5B1","E00121498","E01023927","E02004990","E33027659","E38000049","E63011549","C1","4A2",51.766269,-0.227021,"E37000048","","E23000027",17409,"E56000035","E54000025","E00121498","E01023927","E02004990"
"AL100BT","AL10 0BT","AL10 0BT","199512","199806","E10000015","E58000628","E07000241","E05011061","E04004819","1","522413","0209116","6","E18000006","E40000007","E92000001","E12000006","5","E14001573","E15000006","E24000005","E30000272","E16000150","E07000241","26ULGP","E00121517","26ULGP","E65000001","E01023931","E02004989","5","7A3","E00121517","E01033311","E02004989","E33027655","E38000049","E63011549","C1","4C3",51.767348,-0.227437,"E37000048","","E23000027",18334,"E56000035","E54000025","E00121517","E01033311","E02004989"
"AL100BU","AL10 0BU","AL10 0BU","198001","","E10000015","E58000628","E07000241","E05011061","E04004819","0","522351","0208956","1","E18000006","E40000007","E92000001","E12000006","5","E14001573","E15000006","E24000005","E30000272","E16000150","E07000241","26ULGM","E00121475","26ULGM","E65000001","E01023920","E02004991","5","5B3","E00121475","E01023920","E02004991","E33027664","E38000049","E63011549","C1","7A3",51.765924,-0.228392,"E37000048","","E23000027",6540,"E56000035","E54000025","E00121475","E01023920","E02004991"
"AL100BW","AL10 0BW","AL10 0BW","201301","","E10000015","E58000627","E07000241","E05011062","E04004819","0","522455","0208942","1","E18000006","E40000007","E92000001","E12000006","5","E14001573","E15000006","E24000005","E30000272","E16000150","E07000241","26ULGN","E00121498","26ULGN","E65000001","E01023927","E02004990","5","5B1","E00121498","E01023927","E02004990","E33027659","E38000049","E63011549","C1","4A2",51.765775,-0.226890,"E37000048","","E23000027",17409,"E56000035","E54000025","E00121498","E01023927","E02004990"
"AL100BX","AL10 0BX","AL10 0BX","198001","","E10000015","E58000628","E07000241","E05011061","E04004819","0","522353","0209077","1","E18000006","E40000007","E92000001","E12000006","5","E14001573","E15000006","E24000005","E30000272","E16000150","E07000241","26ULGP","E00121517","26ULGP","E65000001","E01023931","E02004989","5","7A3","E00121517","E01033311","E02004989","E33027655","E38000049","E63011549","C1","4C3",51.767017,-0.228296,"E37000048","","E23000027",18334,"E56000035","E54000025","E00121517","E01033311","E02004989"
"AL100BY","AL10 0BY","AL10 0BY","198001","","E10000015","E58000628","E07000241","E05011061","E04004819","0","522176","0209153","1","E18000006","E40000007","E92000001","E12000006","5","E14001573","E15000006","E24000005","E30000272","E16000150","E07000241","26ULGP","E00121517","26ULGP","E65000001","E01023931","E02004989","5","7A3","E00121517","E01033311","E02004989","E33027655","E38000049","E63011549","C1","4C3",51.767738,-0.230833,"E37000048","","E23000027",18334,"E56000035","E54000025","E00121517","E01033311","E02004989"
"AL100BZ","AL10 0BZ","AL10 0BZ","198504","199405","E10000015","E58000628","E07000241","E05011061","E04004819","1","522100","0209000","8","E18000006","E40000007","E92000001","E12000006","5","E14001573","E15000006","E24000005","E30000272","E16000150","E07000241","26ULGM","E00121476","26ULGM","E65000001","E01023920","E02004991","5","7A2","E00121476","E01023920","E02004991","E33027664","E38000049","E63011549","C1","3A1",51.766374,-0.232011,"E37000048","","E23000027",6540,"E56000035","E54000025","E00121476","E01023920","E02004991"
"AL100DA","AL10 0DA","AL10 0DA","198001","","E10000015","E58000628","E07000241","E05011061","E04004819","0","522100","0209182","1","E18000006","E40000007","E92000001","E12000006","5","E14001573","E15000006","E24000005","E30000272","E16000150","E07000241","26ULGM","E00121474","26ULGM","E65000001","E01023921","E02004991","5","2B2","E00121474","E01023921","E02004991","E33027664","E38000049","E63011549","C1","4A2",51.768016,-0.231923,"E37000048","","E23000027",12010,"E56000035","E54000025","E00121474","E01023921","E02004991"
"AL100DB","AL10 0DB","AL10 0DB","198001","","E10000015","E58000628","E07000241","E05011061","E04004819","0","522278","0209076","1","E18000006","E40000007","E92000001","E12000006","5","E14001573","E15000006","E24000005","E30000272","E16000150","E07000241","26ULGP","E00121517","26ULGP","E65000001","E01023931","E02004989","5","7A3","E00121517","E01033311","E02004989","E33027655","E38000049","E63011549","C1","4C3",51.767024,-0.229382,"E37000048","","E23000027",18334,"E56000035","E54000025","E00121517","E01033311","E02004989"
"AL100DD","AL10 0DD","AL10 0DD","200607","","E10000015","E58000627","E07000241","E05011062","E04004819","0","522508","0208971","1","E18000006","E40000007","E92000001","E12000006","5","E14001573","E15000006","E24000005","E30000272","E16000150","E07000241","26ULGN","E00121498","26ULGN","E65000001","E01023927","E02004990","5","5B1","E00121498","E01023927","E02004990","E33027659","E38000049","E63011549","C1","4A2",51.766024,-0.226112,"E37000048","","E23000027",17409,"E56000035","E54000025","E00121498","E01023927","E02004990"
"AL100DE","AL10 0DE","AL10 0DE","198504","","E10000015","E58000628","E07000241","E05011061","E04004819","0","521968","0208684","1","E18000006","E40000007","E92000001","E12000006","5","E14001573","E15000006","E24000005","E30000272","E16000150","E07000241","26ULGM","E00121460","26ULGM","E65000001","E01023921","E02004991","5","6B2","E00121460","E01023921","E02004991","E33027664","E38000049","E63011549","C1","4A2",51.763569,-0.234010,"E37000048","","E23000027",12010,"E56000035","E54000025","E00121460","E01023921","E02004991"
"AL100DF","AL10 0DF","AL10 0DF","198109","","E10000015","E58000627","E07000241","E05011062","E04004819","0","522842","0209012","1","E18000006","E40000007","E92000001","E12000006","5","E14001573","E15000006","E24000005","E30000272","E16000150","E07000241","26ULGN","E00121501","26ULGN","E65000001","E01023927","E02004990","5","1A3","E00121501","E01023927","E02004990","E33027659","E38000049","E63011549","C1","4A1",51.766326,-0.221236,"E37000048","","E23000027",17409,"E56000035","E54000025","E00121501","E01023927","E02004990"
"AL100DG","AL10 0DG","AL10 0DG","198109","","E10000015","E58000627","E07000241","E05011062","E04004819","0","522811","0209111","1","E18000006","E40000007","E92000001","E12000006","5","E14001573","E15000006","E24000005","E30000272","E16000150","E07000241","26ULGN","E00121499","26ULGN","E65000001","E01023927","E02004990","5","1A3","E00121499","E01023927","E02004990","E33027659","E38000049","E63011549","C1","4A2",51.767222,-0.221650,"E37000048","","E23000027",17409,"E56000035","E54000025","E00121499","E01023927","E02004990"
"AL100DH","AL10 0DH","AL10 0DH","198001","","E10000015","E58000628","E07000241","E05011061","E04004819","0","522124","0208630","1","E18000006","E40000007","E92000001","E12000006","5","E14001573","E15000006","E24000005","E30000272","E16000150","E07000241","26ULGM","E00121477","26ULGM","E65000001","E01023920","E02004991","5","5B3","E00121477","E01023920","E02004991","E33027664","E38000049","E63011549","C1","4A2",51.763049,-0.231770,"E37000048","","E23000027",6540,"E56000035","E54000025","E00121477","E01023920","E02004991"
"AL100DJ","AL10 0DJ","AL10 0DJ","198001","","E10000015","E58000628","E07000241","E05011061","E04004819","0","522081","0208706","1","E18000006","E40000007","E92000001","E12000006","5","E14001573","E15000006","E24000005","E30000272","E16000150","E07000241","26ULGM","E00121477","26ULGM","E65000001","E01023920","E02004991","5","5B3","E00121477","E01023920","E02004991","E33027664","E38000049","E63011549","C1","4A2",51.763742,-0.232366,"E37000048","","E23000027",6540,"E56000035","E54000025","E00121477","E01023920","E02004991"
"AL100DL","AL10 0DL","AL10 0DL","198001","","E10000015","E58000628","E07000241","E05011061","E04004819","0","521984","0208782","1","E18000006","E40000007","E92000001","E12000006","5","E14001573","E15000006","E24000005","E30000272","E16000150","E07000241","26ULGM","E00121460","26ULGM","E65000001","E01023921","E02004991","5","6B2","E00121460","E01023921","E02004991","E33027664","E38000049","E63011549","C1","4A2",51.764446,-0.233744,"E37000048","","E23000027",12010,"E56000035","E54000025","E00121460","E01023921","E02004991"
"AL100DN","AL10 0DN","AL10 0DN","198001","","E10000015","E58000628","E07000241","E05011061","E04004819","0","521978","0208828","1","E18000006","E40000007","E92000001","E12000006","5","E14001573","E15000006","E24000005","E30000272","E16000150","E07000241","26ULGM","E00121458","26ULGM","E65000001","E01023920","E02004991","5","5B3","E00121458","E01023920","E02004991","E33027664","E38000049","E63011549","C1","3C1",51.764855,-0.233839,"E37000048","","E23000027",6540,"E56000035","E54000025","E00121458","E01023920","E02004991"
"AL100DP","AL10 0DP","AL10 0DP","198001","","E10000015","E58000628","E07000241","E05011061","E04004819","0","521873","0208746","1","E18000006","E40000007","E92000001","E12000006","5","E14001573","E15000006","E24000005","E30000272","E16000150","E07000241","26ULGM","E00121460","26ULGM","E65000001","E01023921","E02004991","5","6B2","E00121460","E01023921","E02004991","E33027664","E38000049","E63011549","C1","4A2",51.764147,-0.235364,"E37000048","","E23000027",12010,"E56000035","E54000025","E00121460","E01023921","E02004991"
"AL100DQ","AL10 0DQ","AL10 0DQ","198109","","E10000015","E58000627","E07000241","E05011062","E04004819","0","522879","0209101","1","E18000006","E40000007","E92000001","E12000006","5","E14001573","E15000006","E24000005","E30000272","E16000150","E07000241","26ULGN","E00121499","26ULGN","E65000001","E01023927","E02004990","5","1A3","E00121499","E01023927","E02004990","E33027659","E38000049","E63011549","C1","4A2",51.767117,-0.220669,"E37000048","","E23000027",17409,"E56000035","E54000025","E00121499","E01023927","E02004990"
"AL100DR","AL10 0DR","AL10 0DR","198001","","E10000015","E58000628","E07000241","E05011061","E04004819","0","521827","0208697","1","E18000006","E40000007","E92000001","E12000006","5","E14001573","E15000006","E24000005","E30000272","E16000150","E07000241","26ULGM","E00121460","26ULGM","E65000001","E01023921","E02004991","5","6B2","E00121460","E01023921","E02004991","E33027664","E38000049","E63011549","C1","4A2",51.763716,-0.236048,"E37000048","","E23000027",12010,"E56000035","E54000025","E00121460","E01023921","E02004991"
"AL100DS","AL10 0DS","AL10 0DS","198001","","E10000015","E58000628","E07000241","E05011061","E04004819","0","521903","0208666","1","E18000006","E40000007","E92000001","E12000006","5","E14001573","E15000006","E24000005","E30000272","E16000150","E07000241","26ULGM","E00121460","26ULGM","E65000001","E01023921","E02004991","5","6B2","E00121460","E01023921","E02004991","E33027664","E38000049","E63011549","C1","4A2",51.763421,-0.234958,"E37000048","","E23000027",12010,"E56000035","E54000025","E00121460","E01023921","E02004991"
"AL100DT","AL10 0DT","AL10 0DT","200207","","E10000015","E58000628","E07000241","E05011061","E04004819","0","521982","0209161","1","E18000006","E40000007","E92000001","E12000006","5","E14001573","E15000006","E24000005","E30000272","E16000150","E07000241","26ULGM","E00121474","26ULGM","E65000001","E01023921","E02004991","5","2B2","E00121474","E01023921","E02004991","E33027664","E38000049","E63011549","C1","4A2",51.767847,-0.233664,"E37000048","","E23000027",12010,"E56000035","E54000025","E00121474","E01023921","E02004991"
"AL100DU","AL10 0DU","AL10 0DU","198001","","E10000015","E58000628","E07000241","E05011061","E04004819","0","521874","0208793","1","E18000006","E40000007","E92000001","E12000006","5","E14001573","E15000006","E24000005","E30000272","E16000150","E07000241","26ULGM","E00121460","26ULGM","E65000001","E01023921","E02004991","5","6B2","E00121460","E01023921","E02004991","E33027664","E38000049","E63011549","C1","4A2",51.764569,-0.235333,"E37000048","","E23000027",12010,"E56000035","E54000025","E00121460","E01023921","E02004991"
"AL100DW","AL10 0DW","AL10 0DW","198001","","E10000015","E58000628","E07000241","E05011061","E04004819","0","521941","0208743","1","E18000006","E40000007","E92000001","E12000006","5","E14001573","E15000006","E24000005","E30000272","E16000150","E07000241","26ULGM","E00121460","26ULGM","E65000001","E01023921","E02004991","5","6B2","E00121460","E01023921","E02004991","E33027664","E38000049","E63011549","C1","4A2",51.764105,-0.234380,"E37000048","","E23000027",12010,"E56000035","E54000025","E00121460","E01023921","E02004991"
"AL100DX","AL10 0DX","AL10 0DX","198001","","E10000015","E58000628","E07000241","E05011061","E04004819","0","521848","0208820","1","E18000006","E40000007","E92000001","E12000006","5","E14001573","E15000006","E24000005","E30000272","E16000150","E07000241","26ULGM","E00121478","26ULGM","E65000001","E01023921","E02004991","5","2B1","E00121478","E01023921","E02004991","E33027664","E38000049","E63011549","C1","3D1",51.764817,-0.235700,"E37000048","","E23000027",12010,"E56000035","E54000025","E00121478","E01023921","E02004991"
"AL100DY","AL10 0DY","AL10 0DY","198001","","E10000015","E58000628","E07000241","E05011061","E04004819","0","521939","0208929","1","E18000006","E40000007","E92000001","E12000006","5","E14001573","E15000006","E24000005","E30000272","E16000150","E07000241","26ULGM","E00121478","26ULGM","E65000001","E01023921","E02004991","5","2B1","E00121478","E01023921","E02004991","E33027664","E38000049","E63011549","C1","3D1",51.765777,-0.234344,"E37000048","","E23000027",12010,"E56000035","E54000025","E00121478","E01023921","E02004991"
"AL100DZ","AL10 0DZ","AL10 0DZ","198001","","E10000015","E58000628","E07000241","E05011061","E04004819","0","521970","0208995","1","E18000006","E40000007","E92000001","E12000006","5","E14001573","E15000006","E24000005","E30000272","E16000150","E07000241","26ULGM","E00121474","26ULGM","E65000001","E01023921","E02004991","5","2B2","E00121474","E01023921","E02004991","E33027664","E38000049","E63011549","C1","4A2",51.766363,-0.233872,"E37000048","","E23000027",12010,"E56000035","E54000025","E00121474","E01023921","E02004991"
"AL100EA","AL10 0EA","AL10 0EA","198001","","E10000015","E58000628","E07000241","E05011061","E04004819","0","522044","0209143","1","E18000006","E40000007","E92000001","E12000006","5","E14001573","E15000006","E24000005","E30000272","E16000150","E07000241","26ULGM","E00121474","26ULGM","E65000001","E01023921","E02004991","5","2B2","E00121474","E01023921","E02004991","E33027664","E38000049","E63011549","C1","4A2",51.767677,-0.232748,"E37000048","","E23000027",12010,"E56000035","E54000025","E00121474","E01023921","E02004991"
"AL100EB","AL10 0EB","AL10 0EB","198001","200408","E10000015","E58000628","E07000241","E05011061","E04004819","0","522108","0208569","1","E18000006","E40000007","E92000001","E12000006","5","E14001573","E15000006","E24000005","E30000272","E16000150","E07000241","26ULGM","E00121462","26ULGM","E65000001","E01023921","E02004991","5","5B3","E00121462","E01023921","E02004991","E33027666","E38000049","E63011549","C1","4A2",51.762499,-0.232047,"E37000048","","E23000027",12010,"E56000035","E54000025","E00121462","E01023921","E02004991"
"AL100ED","AL10 0ED","AL10 0ED","198001","","E10000015","E58000628","E07000241","E05011061","E04004819","0","522070","0208979","1","E18000006","E40000007","E92000001","E12000006","5","E14001573","E15000006","E24000005","E30000272","E16000150","E07000241","26ULGM","E00121476","26ULGM","E65000001","E01023920","E02004991","5","7A2","E00121476","E01023920","E02004991","E33027664","E38000049","E63011549","C1","3A1",51.766198,-0.232429,"E37000048","","E23000027",6540,"E56000035","E54000025","E00121476","E01023920","E02004991"
"AL100EE","AL10 0EE","AL10 0EE","198001","","E10000015","E58000628","E07000241","E05011061","E04004819","0","522094","0208941","1","E18000006","E40000007","E92000001","E12000006","5","E14001573","E15000006","E24000005","E30000272","E16000150","E07000241","26ULGM","E00121476","26ULGM","E65000001","E01023920","E02004991","5","7A2","E00121476","E01023920","E02004991","E33027664","E38000049","E63011549","C1","3A1",51.765851,-0.232095,"E37000048","","E23000027",6540,"E56000035","E54000025","E00121476","E01023920","E02004991"
"AL100EF","AL10 0EF","AL10 0EF","198001","","E10000015","E58000628","E07000241","E05011061","E04004819","0","522133","0208879","1","E18000006","E40000007","E92000001","E12000006","5","E14001573","E15000006","E24000005","E30000272","E16000150","E07000241","26ULGM","E00121476","26ULGM","E65000001","E01023920","E02004991","5","7A2","E00121476","E01023920","E02004991","E33027664","E38000049","E63011549","C1","3A1",51.765279,-0.231576,"E37000048","","E23000027",6540,"E56000035","E54000025","E00121476","E01023920","E02004991"
"AL100EG","AL10 0EG","AL10 0EG","198001","","E10000015","E58000628","E07000241","E05011061","E04004819","0","522088","0208832","1","E18000006","E40000007","E92000001","E12000006","5","E14001573","E15000006","E24000005","E30000272","E16000150","E07000241","26ULGM","E00121458","26ULGM","E65000001","E01023920","E02004991","5","5B3","E00121458","E01023920","E02004991","E33027664","E38000049","E63011549","C1","3C1",51.764867,-0.232244,"E37000048","","E23000027",6540,"E56000035","E54000025","E00121458","E01023920","E02004991"
"AL100EH","AL10 0EH","AL10 0EH","198001","","E10000015","E58000627","E07000241","E05011062","E04004819","0","522850","0208859","1","E18000006","E40000007","E92000001","E12000006","5","E14001573","E15000006","E24000005","E30000272","E16000150","E07000241","26ULGN","E00121501","26ULGN","E65000001","E01023927","E02004990","5","1A3","E00121501","E01023927","E02004990","E33027659","E38000049","E63011549","C1","4A1",51.764949,-0.221174,"E37000048","","E23000027",17409,"E56000035","E54000025","E00121501","E01023927","E02004990"
"AL100EJ","AL10 0EJ","AL10 0EJ","198001","","E10000015","E58000627","E07000241","E05011062","E04004819","0","522859","0208818","1","E18000006","E40000007","E92000001","E12000006","5","E14001573","E15000006","E24000005","E30000272","E16000150","E07000241","26ULGN","E00121484","26ULGN","E65000001","E01023927","E02004990","5","4D1","E00121484","E01023927","E02004990","E33027658","E38000049","E63011549","C1","5B1",51.764578,-0.221059,"E37000048","","E23000027",17409,"E56000035","E54000025","E00121484","E01023927","E02004990"
"AL100EL","AL10 0EL","AL10 0EL","198106","200511","E10000015","E58000627","E07000241","E05011062","E04004819","1","522919","0208912","1","E18000006","E40000007","E92000001","E12000006","5","E14001573","E15000006","E24000005","E30000272","E16000150","E07000241","26ULGN","E00121501","26ULGN","E65000001","E01023927","E02004990","5","1A3","E00121501","E01023927","E02004990","E33027659","E38000049","E63011549","C1","4A1",51.765404,-0.220180,"E37000048","","E23000027",17409,"E56000035","E54000025","E00121501","E01023927","E02004990"
"AL100EN","AL10 0EN","AL10 0EN","198001","200812","E10000015","E58000627","E07000241","E05011062","E04004819","1","522964","0208969","1","E18000006","E40000007","E92000001","E12000006","5","E14001573","E15000006","E24000005","E30000272","E16000150","E07000241","26ULGN","E00121501","26ULGN","E65000001","E01023927","E02004990","5","1A3","E00121501","E01023927","E02004990","E33027659","E38000049","E63011549","C1","4A1",51.765907,-0.219508,"E37000048","","E23000027",17409,"E56000035","E54000025","E00121501","E01023927","E02004990"
"AL100EP","AL10 0EP","AL10 0EP","200604","201007","E10000015","E58000627","E07000241","E05011062","E04004819","0","522997","0208998","1","E18000006","E40000007","E92000001","E12000006","5","E14001573","E15000006","E24000005","E30000272","E16000150","E07000241","26ULGN","E00121501","26ULGN","E65000001","E01023927","E02004990","5","1A3","E00121501","E01023927","E02004990","E33027659","E38000049","E63011549","C1","4A1",51.766160,-0.219020,"E37000048","","E23000027",17409,"E56000035","E54000025","E00121501","E01023927","E02004990"
"AL100EQ","AL10 0EQ","AL10 0EQ","198301","","E10000015","E58000628","E07000241","E05011061","E04004819","0","522208","0208921","1","E18000006","E40000007","E92000001","E12000006","5","E14001573","E15000006","E24000005","E30000272","E16000150","E07000241","26ULGM","E00121475","26ULGM","E65000001","E01023920","E02004991","5","5B3","E00121475","E01023920","E02004991","E33027664","E38000049","E63011549","C1","7A3",51.765640,-0.230475,"E37000048","","E23000027",6540,"E56000035","E54000025","E00121475","E01023920","E02004991"
"AL100ER","AL10 0ER","AL10 0ER","198001","","E10000015","E58000627","E07000241","E05011062","E04004819","0","523032","0208956","1","E18000006","E40000007","E92000001","E12000006","5","E14001573","E15000006","E24000005","E30000272","E16000150","E07000241","26ULGN","E00121486","26ULGN","E65000001","E01023926","E02004990","5","2B2","E00121486","E01023926","E02004990","E33024490","E38000049","E63011549","C1","4A2",51.765775,-0.218528,"E37000048","","E23000027",29833,"E56000035","E54000025","E00121486","E01023926","E02004990"
"AL100ES","AL10 0ES","AL10 0ES","200303","","E10000015","E58000627","E07000241","E05011062","E04004819","1","522999","0209014","1","E18000006","E40000007","E92000001","E12000006","5","E14001573","E15000006","E24000005","E30000272","E16000150","E07000241","26ULGN","E00121501","26ULGN","E65000001","E01023927","E02004990","5","1A3","E00121501","E01023927","E02004990","E33027659","E38000049","E63011549","C1","4A1",51.766303,-0.218986,"E37000048","","E23000027",17409,"E56000035","E54000025","E00121501","E01023927","E02004990"
"AL100ET","AL10 0ET","AL10 0ET","198001","","E10000015","E58000627","E07000241","E05011062","E04004819","0","523048","0209045","1","E18000006","E40000007","E92000001","E12000006","5","E14001573","E15000006","E24000005","E30000272","E16000150","E07000241","26ULGN","E00121486","26ULGN","E65000001","E01023926","E02004990","5","2B2","E00121486","E01023926","E02004990","E33024490","E38000049","E63011549","C1","4A2",51.766571,-0.218265,"E37000048","","E23000027",29833,"E56000035","E54000025","E00121486","E01023926","E02004990"
"AL100EU","AL10 0EU","AL10 0EU","198001","199507","E10000015","E58000628","E07000241","E05011061","E04004819","1","522400","0208600","8","E18000006","E40000007","E92000001","E12000006","5","E14001573","E15000006","E24000005","E30000272","E16000150","E07000241","26ULGM","E00121461","26ULGM","E65000001","E01023920","E02004991","5","2A2","E00121461","E01023920","E02004991","E33024487","E38000049","E63011549","C1","3A2",51.762714,-0.227807,"E37000048","","E23000027",6540,"E56000035","E54000025","E00121461","E01023920","E02004991"
"AL100EW","AL10 0EW","AL10 0EW","199507","","E10000015","E58000627","E07000241","E05011062","E04004819","0","523063","0209002","1","E18000006","E40000007","E92000001","E12000006","5","E14001573","E15000006","E24000005","E30000272","E16000150","E07000241","26ULGN","E00121486","26ULGN","E65000001","E01023926","E02004990","5","2B2","E00121486","E01023926","E02004990","E33024490","E38000049","E63011549","C1","4A2",51.766181,-0.218063,"E37000048","","E23000027",29833,"E56000035","E54000025","E00121486","E01023926","E02004990"
"AL100EX","AL10 0EX","AL10 0EX","198001","199405","E10000015","E58000628","E07000241","E05011061","E04004819","1","522500","0208700","8","E18000006","E40000007","E92000001","E12000006","5","E14001573","E15000006","E24000005","E30000272","E16000150","E07000241","26ULGM","E00121461","26ULGM","E65000001","E01023920","E02004991","5","2A2","E00121461","E01023920","E02004991","E33024487","E38000049","E63011549","C1","3A2",51.763591,-0.226324,"E37000048","","E23000027",6540,"E56000035","E54000025","E00121461","E01023920","E02004991"
"AL100EY","AL10 0EY","AL10 0EY","198001","","E10000015","E58000627","E07000241","E05011062","E04004819","0","523073","0209079","1","E18000006","E40000007","E92000001","E12000006","5","E14001573","E15000006","E24000005","E30000272","E16000150","E07000241","26ULGP","E00121503","26ULGP","E65000001","E01023930","E02004989","5","6B2","E00121503","E01023930","E02004989","E33027657","E38000049","E63011549","C1","4A2",51.766871,-0.217891,"E37000048","","E23000027",11495,"E56000035","E54000025","E00121503","E01023930","E02004989"
"AL100EZ","AL10 0EZ","AL10 0EZ","198001","200212","E10000015","E58000627","E07000241","E05011062","E04004819","1","523086","0209104","1","E18000006","E40000007","E92000001","E12000006","5","E14001573","E15000006","E24000005","E30000272","E16000150","E07000241","26ULGP","E00121503","26ULGP","E65000001","E01023930","E02004989","5","6B2","E00121503","E01023930","E02004989","E33027657","E38000049","E63011549","C1","4A2",51.767093,-0.217694,"E37000048","","E23000027",11495,"E56000035","E54000025","E00121503","E01023930","E02004989"
"AL100FA","AL10 0FA","AL10 0FA","200106","200806","E10000015","E58000628","E07000241","E05011061","E04004819","1","522507","0208780","1","E18000006","E40000007","E92000001","E12000006","5","E14001573","E15000006","E24000005","E30000272","E16000150","E07000241","26ULGM","E00121461","26ULGM","E65000001","E01023920","E02004991","5","2A2","E00121461","E01023920","E02004991","E33024486","E38000049","E63011549","C1","3A2",51.764308,-0.226194,"E37000048","","E23000027",6540,"E56000035","E54000025","E00121461","E01023920","E02004991"
"AL100FB","AL10 0FB","AL10 0FB","200106","200310","E10000015","E58000628","E07000241","E05011061","E04004819","1","522507","0208780","1","E18000006","E40000007","E92000001","E12000006","5","E14001573","E15000006","E24000005","E30000272","E16000150","E07000241","26ULGM","E00121461","26ULGM","E65000001","E01023920","E02004991","5","2A2","E00121461","E01023920","E02004991","E33024486","E38000049","E63011549","C1","3A2",51.764308,-0.226194,"E37000048","","E23000027",6540,"E56000035","E54000025","E00121461","E01023920","E02004991"
"AL100FD","AL10 0FD","AL10 0FD","200510","","E10000015","E58000627","E07000241","E05011062","E04004819","0","522548","0208823","1","E18000006","E40000007","E92000001","E12000006","5","E14001573","E15000006","E24000005","E30000272","E16000150","E07000241","26ULGN","E00121498","26ULGN","E65000001","E01023927","E02004990","5","5B1","E00121498","E01023927","E02004990","E33027659","E38000049","E63011549","C1","4A2",51.764686,-0.225585,"E37000048","","E23000027",17409,"E56000035","E54000025","E00121498","E01023927","E02004990"
"AL100FE","AL10 0FE","AL10 0FE","200811","","E10000015","E58000628","E07000241","E05011061","E04004819","0","522037","0208683","1","E18000006","E40000007","E92000001","E12000006","5","E14001573","E15000006","E24000005","E30000272","E16000150","E07000241","26ULGM","E00121460","26ULGM","E65000001","E01023921","E02004991","5","6B2","E00121460","E01023921","E02004991","E33027664","E38000049","E63011549","C1","4A2",51.763539,-0.233035,"E37000048","","E23000027",12010,"E56000035","E54000025","E00121460","E01023921","E02004991"
"AL100FF","AL10 0FF","AL10 0FF","200811","","E10000015","E58000628","E07000241","E05011061","E04004819","0","522056","0208672","1","E18000006","E40000007","E92000001","E12000006","5","E14001573","E15000006","E24000005","E30000272","E16000150","E07000241","26ULGM","E00121460","26ULGM","E65000001","E01023921","E02004991","5","6B2","E00121460","E01023921","E02004991","E33027664","E38000049","E63011549","C1","4A2",51.763436,-0.232764,"E37000048","","E23000027",12010,"E56000035","E54000025","E00121460","E01023921","E02004991"
"AL100FG","AL10 0FG","AL10 0FG","200811","","E10000015","E58000628","E07000241","E05011061","E04004819","0","522068","0208644","1","E18000006","E40000007","E92000001","E12000006","5","E14001573","E15000006","E24000005","E30000272","E16000150","E07000241","26ULGM","E00121460","26ULGM","E65000001","E01023921","E02004991","5","6B2","E00121460","E01023921","E02004991","E33027664","E38000049","E63011549","C1","4A2",51.763182,-0.232600,"E37000048","","E23000027",12010,"E56000035","E54000025","E00121460","E01023921","E02004991"
"AL100FH","AL10 0FH","AL10 0FH","201108","","E10000015","E58000627","E07000241","E05011061","E04004819","0","521858","0208550","1","E18000006","E40000007","E92000001","E12000006","5","E14001573","E15000006","E24000005","E30000272","E16000150","E07000241","26ULGM","E00121459","26ULGM","E65000001","E01023921","E02004991","5","7A2","E00121459","E01023921","E02004991","E33024485","E38000049","E63011549","C1","4A2",51.762388,-0.235650,"E37000048","","E23000027",12010,"E56000035","E54000025","E00121459","E01023921","E02004991"
"AL100FJ","AL10 0FJ","AL10 0FJ","201108","","E10000015","E58000627","E07000241","E05011062","E04004819","0","522973","0208974","1","E18000006","E40000007","E92000001","E12000006","5","E14001573","E15000006","E24000005","E30000272","E16000150","E07000241","26ULGN","E00121501","26ULGN","E65000001","E01023927","E02004990","5","1A3","E00121501","E01023927","E02004990","E33027659","E38000049","E63011549","C1","4A1",51.765949,-0.219376,"E37000048","","E23000027",17409,"E56000035","E54000025","E00121501","E01023927","E02004990"
"AL100FL","AL10 0FL","AL10 0FL","201209","","E10000015","E58000627","E07000241","E05011062","E04004819","0","522905","0208920","1","E18000006","E40000007","E92000001","E12000006","5","E14001573","E15000006","E24000005","E30000272","E16000150","E07000241","26ULGN","E00121501","26ULGN","E65000001","E01023927","E02004990","5","1A3","E00121501","E01023927","E02004990","E33027659","E38000049","E63011549","C1","4A1",51.765485,-0.220356,"E37000048","","E23000027",17409,"E56000035","E54000025","E00121501","E01023927","E02004990"
"AL100FN","AL10 0FN","AL10 0FN","201701","","E10000015","E58000628","E07000241","E05011061","E04004819","0","521770","0208554","1","E18000006","E40000007","E92000001","E12000006","5","E14001573","E15000006","E24000005","E30000272","E16000150","E07000241","26ULGM","E00121459","26ULGM","E65000001","E01023921","E02004991","5","7A2","E00121459","E01023921","E02004991","E33024485","E38000049","E63011549","C1","4A2",51.762443,-0.236923,"E37000048","","E23000027",12010,"E56000035","E54000025","E00121459","E01023921","E02004991"
"AL100FP","AL10 0FP","AL10 0FP","201812","","E10000015","E58000627","E07000241","E05011061","E04004819","0","521609","0208322","1","E18000006","E40000007","E92000001","E12000006","5","E14001573","E15000006","E24000005","E30000272","E16000150","E07000241","26ULGM","E00121459","26ULGM","E65000001","E01023921","E02004991","5","7A2","E00121459","E01023921","E02004991","E33024485","E38000049","E63011549","C1","4A2",51.760393,-0.239336,"E37000048","","E23000027",12010,"E56000035","E54000025","E00121459","E01023921","E02004991"
"AL100FQ","AL10 0FQ","AL10 0FQ","202307","","E10000015","E58000628","E07000241","E05011061","E04004819","0","522641","0208718","1","E18000006","E40000007","E92000001","E12000006","5","E14001573","E15000006","E24000005","E30000272","E16000150","E07000241","26ULGM","E00121461","26ULGM","E65000001","E01023920","E02004991","5","2A2","E00121461","E01023920","E02004991","E33024486","E38000049","E63011549","C1","3A2",51.763808,-0.224205,"E37000048","","E23000027",6540,"E56000035","E54000025","E00121461","E01023920","E02004991"
"AL100FR","AL10 0FR","AL10 0FR","202307","","E10000015","E58000628","E07000241","E05011061","E04004819","0","522593","0208703","1","E18000006","E40000007","E92000001","E12000006","5","E14001573","E15000006","E24000005","E30000272","E16000150","E07000241","26ULGM","E00121461","26ULGM","E65000001","E01023920","E02004991","5","2A2","E00121461","E01023920","E02004991","E33024486","E38000049","E63011549","C1","3A2",51.763619,-0.224835,"E37000048","","E23000027",6540,"E56000035","E54000025","E00121461","E01023920","E02004991"
"AL100FS","AL10 0FS","AL10 0FS","202307","","E10000015","E58000628","E07000241","E05011061","E04004819","0","522579","0208738","1","E18000006","E40000007","E92000001","E12000006","5","E14001573","E15000006","E24000005","E30000272","E16000150","E07000241","26ULGM","E00121461","26ULGM","E65000001","E01023920","E02004991","5","2A2","E00121461","E01023920","E02004991","E33024486","E38000049","E63011549","C1","3A2",51.763956,-0.225112,"E37000048","","E23000027",6540,"E56000035","E54000025","E00121461","E01023920","E02004991"
"AL100FT","AL10 0FT","AL10 0FT","202410","","E10000015","E58000628","E07000241","E05011061","E04004819","0","522579","0208738","5","E18000006","E40000007","E92000001","E12000006","5","E14001573","E15000006","E24000005","E30000272","E16000150","E07000241","26ULGM","E00121461","26ULGM","E65000001","E01023920","E02004991","5","2A2","E00121461","E01023920","E02004991","E33024486","E38000049","E63011549","C1","3A2",51.763921,-0.225142,"E37000048","","E23000027",6540,"E56000035","E54000025","E00121461","E01023920","E02004991"
"AL100GY","AL10 0GY","AL10 0GY","199912","200602","E10000015","E58000628","E07000241","E05011061","E04004819","1","522507","0208780","1","E18000006","E40000007","E92000001","E12000006","5","E14001573","E15000006","E24000005","E30000272","E16000150","E07000241","26ULGM","E00121461","26ULGM","E65000001","E01023920","E02004991","5","2A2","E00121461","E01023920","E02004991","E33024486","E38000049","E63011549","C1","3A2",51.764308,-0.226194,"E37000048","","E23000027",6540,"E56000035","E54000025","E00121461","E01023920","E02004991"
"AL100HA","AL10 0HA","AL10 0HA","198001","200804","E10000015","E58000627","E07000241","E05011062","E04004819","1","523057","0209108","1","E18000006","E40000007","E92000001","E12000006","5","E14001573","E15000006","E24000005","E30000272","E16000150","E07000241","26ULGP","E00121503","26ULGP","E65000001","E01023930","E02004989","5","6B2","E00121503","E01023930","E02004989","E33027657","E38000049","E63011549","C1","4A2",51.767135,-0.218112,"E37000048","","E23000027",11495,"E56000035","E54000025","E00121503","E01023930","E02004989"
"AL100HB","AL10 0HB","AL10 0HB","198001","201202","E10000015","E58000627","E07000241","E05011062","E04004819","0","523101","0209111","1","E18000006","E40000007","E92000001","E12000006","5","E14001573","E15000006","E24000005","E30000272","E16000150","E07000241","26ULGP","E00121503","26ULGP","E65000001","E01023930","E02004989","5","6B2","E00121503","E01023930","E02004989","E33027657","E38000049","E63011549","C1","4A2",51.767153,-0.217474,"E37000048","","E23000027",11495,"E56000035","E54000025","E00121503","E01023930","E02004989"
"AL100HD","AL10 0HD","AL10 0HD","198001","199112","E10000015","E58000627","E07000241","E05011062","E04004819","0","523100","0209100","8","E18000006","E40000007","E92000001","E12000006","5","E14001573","E15000006","E24000005","E30000272","E16000150","E07000241","26ULGP","E00121503","26ULGP","E65000001","E01023930","E02004989","5","6B2","E00121503","E01023930","E02004989","E33027657","E38000049","E63011549","C1","4A2",51.767054,-0.217492,"E37000048","","E23000027",11495,"E56000035","E54000025","E00121503","E01023930","E02004989"
"AL100HE","AL10 0HE","AL10 0HE","198001","","E10000015","E58000627","E07000241","E05011062","E04004819","0","523133","0209145","1","E18000006","E40000007","E92000001","E12000006","5","E14001573","E15000006","E24000005","E30000272","E16000150","E07000241","26ULGP","E00121503","26ULGP","E65000001","E01023930","E02004989","5","6B2","E00121503","E01023930","E02004989","E33027657","E38000049","E63011549","C1","4A2",51.767457,-0.216974,"E37000048","","E23000027",11495,"E56000035","E54000025","E00121503","E01023930","E02004989"
"AL100HF","AL10 0HF","AL10 0HF","198001","","E10000015","E58000627","E07000241","E05011062","E04004819","0","523001","0209243","1","E18000006","E40000007","E92000001","E12000006","5","E14001573","E15000006","E24000005","E30000272","E16000150","E07000241","26ULGP","E00121503","26ULGP","E65000001","E01023930","E02004989","5","6B2","E00121503","E01023930","E02004989","E33027657","E38000049","E63011549","C1","4A2",51.768367,-0.218851,"E37000048","","E23000027",11495,"E56000035","E54000025","E00121503","E01023930","E02004989"
"AL100HG","AL10 0HG","AL10 0HG","198001","","E10000015","E58000627","E07000241","E05011062","E04004819","0","523000","0209206","1","E18000006","E40000007","E92000001","E12000006","5","E14001573","E15000006","E24000005","E30000272","E16000150","E07000241","26ULGP","E00121503","26ULGP","E65000001","E01023930","E02004989","5","6B2","E00121503","E01023930","E02004989","E33027657","E38000049","E63011549","C1","4A2",51.768034,-0.218879,"E37000048","","E23000027",11495,"E56000035","E54000025","E00121503","E01023930","E02004989"
"AL100HH","AL10 0HH","AL10 0HH","198001","","E10000015","E58000627","E07000241","E05011062","E04004819","0","522927","0209212","1","E18000006","E40000007","E92000001","E12000006","5","E14001573","E15000006","E24000005","E30000272","E16000150","E07000241","26ULGP","E00121503","26ULGP","E65000001","E01023930","E02004989","5","6B2","E00121503","E01023930","E02004989","E33027657","E38000049","E63011549","C1","4A2",51.768104,-0.219934,"E37000048","","E23000027",11495,"E56000035","E54000025","E00121503","E01023930","E02004989"
"AL100HJ","AL10 0HJ","AL10 0HJ","198001","","E10000015","E58000627","E07000241","E05011062","E04004819","0","523010","0209080","1","E18000006","E40000007","E92000001","E12000006","5","E14001573","E15000006","E24000005","E30000272","E16000150","E07000241","26ULGP","E00121503","26ULGP","E65000001","E01023930","E02004989","5","6B2","E00121503","E01023930","E02004989","E33027657","E38000049","E63011549","C1","4A2",51.766900,-0.218779,"E37000048","","E23000027",11495,"E56000035","E54000025","E00121503","E01023930","E02004989"
"AL100HL","AL10 0HL","AL10 0HL","198001","","E10000015","E58000627","E07000241","E05011062","E04004819","0","522934","0209008","1","E18000006","E40000007","E92000001","E12000006","5","E14001573","E15000006","E24000005","E30000272","E16000150","E07000241","26ULGN","E00121501","26ULGN","E65000001","E01023927","E02004990","5","1A3","E00121501","E01023927","E02004990","E33027659","E38000049","E63011549","C1","4A1",51.766269,-0.219905,"E37000048","","E23000027",17409,"E56000035","E54000025","E00121501","E01023927","E02004990"
"AL100HN","AL10 0HN","AL10 0HN","198001","","E10000015","E58000627","E07000241","E05011062","E04004819","0","522908","0209027","1","E18000006","E40000007","E92000001","E12000006","5","E14001573","E15000006","E24000005","E30000272","E16000150","E07000241","26ULGN","E00121501","26ULGN","E65000001","E01023927","E02004990","5","1A3","E00121501","E01023927","E02004990","E33027659","E38000049","E63011549","C1","4A1",51.766446,-0.220275,"E37000048","","E23000027",17409,"E56000035","E54000025","E00121501","E01023927","E02004990"
"AL100HP","AL10 0HP","AL10 0HP","198001","","E10000015","E58000627","E07000241","E05011062","E04004819","0","522703","0208910","1","E18000006","E40000007","E92000001","E12000006","5","E14001573","E15000006","E24000005","E30000272","E16000150","E07000241","26ULGN","E00121498","26ULGN","E65000001","E01023927","E02004990","5","5B1","E00121498","E01023927","E02004990","E33027659","E38000049","E63011549","C1","4A2",51.765439,-0.223285,"E37000048","","E23000027",17409,"E56000035","E54000025","E00121498","E01023927","E02004990"
"AL100HQ","AL10 0HQ","AL10 0HQ","198001","","E10000015","E58000627","E07000241","E05011062","E04004819","0","522903","0209184","1","E18000006","E40000007","E92000001","E12000006","5","E14001573","E15000006","E24000005","E30000272","E16000150","E07000241","26ULGP","E00121503","26ULGP","E65000001","E01023930","E02004989","5","6B2","E00121503","E01023930","E02004989","E33027657","E38000049","E63011549","C1","4A2",51.767858,-0.220292,"E37000048","","E23000027",11495,"E56000035","E54000025","E00121503","E01023930","E02004989"
"AL100HR","AL10 0HR","AL10 0HR","198001","","E10000015","E58000627","E07000241","E05011062","E04004819","0","522697","0209168","1","E18000006","E40000007","E92000001","E12000006","5","E14001573","E15000006","E24000005","E30000272","E16000150","E07000241","26ULGN","E00121497","26ULGN","E65000001","E01023927","E02004990","5","1A3","E00121497","E01023927","E02004990","E33027659","E38000049","E63011549","C1","4A1",51.767759,-0.223281,"E37000048","","E23000027",17409,"E56000035","E54000025","E00121497","E01023927","E02004990"
"AL100HS","AL10 0HS","AL10 0HS","198001","","E10000015","E58000627","E07000241","E05011062","E04004819","0","522711","0209145","1","E18000006","E40000007","E92000001","E12000006","5","E14001573","E15000006","E24000005","E30000272","E16000150","E07000241","26ULGN","E00121497","26ULGN","E65000001","E01023927","E02004990","5","1A3","E00121497","E01023927","E02004990","E33027659","E38000049","E63011549","C1","4A1",51.767549,-0.223086,"E37000048","","E23000027",17409,"E56000035","E54000025","E00121497","E01023927","E02004990"
"AL100HT","AL10 0HT","AL10 0HT","198001","199512","E10000015","E58000627","E07000241","E05011062","E04004819","1","523000","0209000","8","E18000006","E40000007","E92000001","E12000006","5","E14001573","E15000006","E24000005","E30000272","E16000150","E07000241","26ULGN","E00121501","26ULGN","E65000001","E01023927","E02004990","5","1A3","E00121501","E01023927","E02004990","E33027659","E38000049","E63011549","C1","4A1",51.766177,-0.218976,"E37000048","","E23000027",17409,"E56000035","E54000025","E00121501","E01023927","E02004990"
"AL100HU","AL10 0HU","AL10 0HU","200603","","E10000015","E58000627","E07000241","E05011062","E04004819","0","522509","0209053","1","E18000006","E40000007","E92000001","E12000006","5","E14001573","E15000006","E24000005","E30000272","E16000150","E07000241","26ULGN","E00121498","26ULGN","E65000001","E01023927","E02004990","5","5B1","E00121498","E01023927","E02004990","E33027659","E38000049","E63011549","C1","4A2",51.766761,-0.226069,"E37000048","","E23000027",17409,"E56000035","E54000025","E00121498","E01023927","E02004990"
"AL100HW","AL10 0HW","AL10 0HW","198001","","E10000015","E58000627","E07000241","E05011062","E04004819","0","522718","0208938","1","E18000006","E40000007","E92000001","E12000006","5","E14001573","E15000006","E24000005","E30000272","E16000150","E07000241","26ULGN","E00121501","26ULGN","E65000001","E01023927","E02004990","5","1A3","E00121501","E01023927","E02004990","E33027659","E38000049","E63011549","C1","4A1",51.765688,-0.223058,"E37000048","","E23000027",17409,"E56000035","E54000025","E00121501","E01023927","E02004990"
"AL100HX","AL10 0HX","AL10 0HX","198001","","E10000015","E58000627","E07000241","E05011062","E04004819","0","522579","0209089","1","E18000006","E40000007","E92000001","E12000006","5","E14001573","E15000006","E24000005","E30000272","E16000150","E07000241","26ULGN","E00121498","26ULGN","E65000001","E01023927","E02004990","5","5B1","E00121498","E01023927","E02004990","E33027659","E38000049","E63011549","C1","4A2",51.767069,-0.225042,"E37000048","","E23000027",17409,"E56000035","E54000025","E00121498","E01023927","E02004990"
"AL100HY","AL10 0HY","AL10 0HY","198001","","E10000015","E58000627","E07000241","E05011062","E04004819","0","522832","0209229","1","E18000006","E40000007","E92000001","E12000006","5","E14001573","E15000006","E24000005","E30000272","E16000150","E07000241","26ULGP","E00121503","26ULGP","E65000001","E01023930","E02004989","5","6B2","E00121503","E01023930","E02004989","E33027657","E38000049","E63011549","C1","4A2",51.768272,-0.221328,"E37000048","","E23000027",11495,"E56000035","E54000025","E00121503","E01023930","E02004989"
"AL100HZ","AL10 0HZ","AL10 0HZ","198001","","E10000015","E58000627","E07000241","E05011062","E04004819","0","522725","0208850","1","E18000006","E40000007","E92000001","E12000006","5","E14001573","E15000006","E24000005","E30000272","E16000150","E07000241","26ULGN","E00121498","26ULGN","E65000001","E01023927","E02004990","5","5B1","E00121498","E01023927","E02004990","E33027659","E38000049","E63011549","C1","4A2",51.764895,-0.222988,"E37000048","","E23000027",17409,"E56000035","E54000025","E00121498","E01023927","E02004990"
"AL100JA","AL10 0JA","AL10 0JA","198001","","E10000015","E58000627","E07000241","E05011062","E04004819","0","523013","0209306","1","E18000006","E40000007","E92000001","E12000006","5","E14001573","E15000006","E24000005","E30000272","E16000150","E07000241","26ULGP","E00121515","26ULGP","E65000001","E01023930","E02004989","5","5B3","E00121515","E01023930","E02004989","E33027657","E38000049","E63011549","C1","4A3",51.768924,-0.218680,"E37000048","","E23000027",11495,"E56000035","E54000025","E00121515","E01023930","E02004989"
"AL100JB","AL10 0JB","AL10 0JB","198001","","E10000015","E58000627","E07000241","E05011062","E04004819","0","522789","0208972","1","E18000006","E40000007","E92000001","E12000006","5","E14001573","E15000006","E24000005","E30000272","E16000150","E07000241","26ULGN","E00121501","26ULGN","E65000001","E01023927","E02004990","5","1A3","E00121501","E01023927","E02004990","E33027659","E38000049","E63011549","C1","4A1",51.765978,-0.222018,"E37000048","","E23000027",17409,"E56000035","E54000025","E00121501","E01023927","E02004990"
"AL100JD","AL10 0JD","AL10 0JD","198001","","E10000015","E58000627","E07000241","E05011062","E04004819","0","522750","0208987","1","E18000006","E40000007","E92000001","E12000006","5","E14001573","E15000006","E24000005","E30000272","E16000150","E07000241","26ULGN","E00121501","26ULGN","E65000001","E01023927","E02004990","5","1A3","E00121501","E01023927","E02004990","E33027659","E38000049","E63011549","C1","4A1",51.766121,-0.222577,"E37000048","","E23000027",17409,"E56000035","E54000025","E00121501","E01023927","E02004990"
"AL100JE","AL10 0JE","AL10 0JE","198001","","E10000015","E58000627","E07000241","E05011062","E04004819","0","522762","0209038","1","E18000006","E40000007","E92000001","E12000006","5","E14001573","E15000006","E24000005","E30000272","E16000150","E07000241","26ULGN","E00121499","26ULGN","E65000001","E01023927","E02004990","5","1A3","E00121499","E01023927","E02004990","E33027659","E38000049","E63011549","C1","4A2",51.766577,-0.222386,"E37000048","","E23000027",17409,"E56000035","E54000025","E00121499","E01023927","E02004990"
"AL100JF","AL10 0JF","AL10 0JF","198001","","E10000015","E58000627","E07000241","E05011062","E04004819","0","522685","0209055","1","E18000006","E40000007","E92000001","E12000006","5","E14001573","E15000006","E24000005","E30000272","E16000150","E07000241","26ULGN","E00121497","26ULGN","E65000001","E01023927","E02004990","5","1A3","E00121497","E01023927","E02004990","E33027659","E38000049","E63011549","C1","4A1",51.766746,-0.223495,"E37000048","","E23000027",17409,"E56000035","E54000025","E00121497","E01023927","E02004990"
"AL100JG","AL10 0JG","AL10 0JG","198001","","E10000015","E58000627","E07000241","E05011062","E04004819","0","522729","0209103","1","E18000006","E40000007","E92000001","E12000006","5","E14001573","E15000006","E24000005","E30000272","E16000150","E07000241","26ULGN","E00121497","26ULGN","E65000001","E01023927","E02004990","5","1A3","E00121497","E01023927","E02004990","E33027659","E38000049","E63011549","C1","4A1",51.767168,-0.222841,"E37000048","","E23000027",17409,"E56000035","E54000025","E00121497","E01023927","E02004990"
"AL100JH","AL10 0JH","AL10 0JH","198001","201005","E10000015","E58000628","E07000241","E05011061","E04004819","1","522484","0208770","1","E18000006","E40000007","E92000001","E12000006","5","E14001573","E15000006","E24000005","E30000272","E16000150","E07000241","26ULGM","E00121461","26ULGM","E65000001","E01023920","E02004991","5","2A2","E00121461","E01023920","E02004991","E33024486","E38000049","E63011549","C1","3A2",51.764223,-0.226531,"E37000048","","E23000027",6540,"E56000035","E54000025","E00121461","E01023920","E02004991"
"AL100JJ","AL10 0JJ","AL10 0JJ","198001","","E10000015","E58000628","E07000241","E05011061","E04004819","0","522470","0208721","1","E18000006","E40000007","E92000001","E12000006","5","E14001573","E15000006","E24000005","E30000272","E16000150","E07000241","26ULGM","E00121461","26ULGM","E65000001","E01023920","E02004991","5","2A2","E00121461","E01023920","E02004991","E33024487","E38000049","E63011549","C1","3A2",51.763786,-0.226751,"E37000048","","E23000027",6540,"E56000035","E54000025","E00121461","E01023920","E02004991"
"AL100JL","AL10 0JL","AL10 0JL","198001","","E10000015","E58000628","E07000241","E05011061","E04004819","0","522467","0208690","1","E18000006","E40000007","E92000001","E12000006","5","E14001573","E15000006","E24000005","E30000272","E16000150","E07000241","26ULGM","E00121461","26ULGM","E65000001","E01023920","E02004991","5","2A2","E00121461","E01023920","E02004991","E33024487","E38000049","E63011549","C1","3A2",51.763508,-0.226805,"E37000048","","E23000027",6540,"E56000035","E54000025","E00121461","E01023920","E02004991"
"AL100JN","AL10 0JN","AL10 0JN","198001","200308","E10000015","E58000628","E07000241","E05011061","E04004819","1","522494","0208680","3","E18000006","E40000007","E92000001","E12000006","5","E14001573","E15000006","E24000005","E30000272","E16000150","E07000241","26ULGM","E00121461","26ULGM","E65000001","E01023920","E02004991","5","2A2","E00121461","E01023920","E02004991","E33024487","E38000049","E63011549","C1","3A2",51.763412,-0.226418,"E37000048","","E23000027",6540,"E56000035","E54000025","E00121461","E01023920","E02004991"
"AL100JP","AL10 0JP","AL10 0JP","198001","202301","E10000015","E58000628","E07000241","E05011061","E04004819","1","522420","0208671","1","E18000006","E40000007","E92000001","E12000006","5","E14001573","E15000006","E24000005","E30000272","E16000150","E07000241","26ULGM","E00121461","26ULGM","E65000001","E01023920","E02004991","5","2A2","E00121461","E01023920","E02004991","E33024487","E38000049","E63011549","C1","3A2",51.763348,-0.227492,"E37000048","","E23000027",6540,"E56000035","E54000025","E00121461","E01023920","E02004991"
"AL100JQ","AL10 0JQ","AL10 0JQ","198001","","E10000015","E58000627","E07000241","E05011062","E04004819","0","522778","0209140","1","E18000006","E40000007","E92000001","E12000006","5","E14001573","E15000006","E24000005","E30000272","E16000150","E07000241","26ULGN","E00121499","26ULGN","E65000001","E01023927","E02004990","5","1A3","E00121499","E01023927","E02004990","E33027659","E38000049","E63011549","C1","4A2",51.767490,-0.222118,"E37000048","","E23000027",17409,"E56000035","E54000025","E00121499","E01023927","E02004990"
"AL100JR","AL10 0JR","AL10 0JR","199706","200311","E10000015","E58000628","E07000241","E05011061","E04004819","1","522507","0208780","1","E18000006","E40000007","E92000001","E12000006","5","E14001573","E15000006","E24000005","E30000272","E16000150","E07000241","26ULGM","E00121461","26ULGM","E65000001","E01023920","E02004991","5","2A2","E00121461","E01023920","E02004991","E33024486","E38000049","E63011549","C1","3A2",51.764308,-0.226194,"E37000048","","E23000027",6540,"E56000035","E54000025","E00121461","E01023920","E02004991"
"AL100JS","AL10 0JS","AL10 0JS","198001","202307","E10000015","E58000628","E07000241","E05011061","E04004819","1","522457","0208646","1","E18000006","E40000007","E92000001","E12000006","5","E14001573","E15000006","E24000005","E30000272","E16000150","E07000241","26ULGM","E00121461","26ULGM","E65000001","E01023920","E02004991","5","2A2","E00121461","E01023920","E02004991","E33024487","E38000049","E63011549","C1","3A2",51.763115,-0.226965,"E37000048","","E23000027",6540,"E56000035","E54000025","E00121461","E01023920","E02004991"
"AL100JT","AL10 0JT","AL10 0JT","198001","","E10000015","E58000628","E07000241","E05011061","E04004819","0","522496","0208663","1","E18000006","E40000007","E92000001","E12000006","5","E14001573","E15000006","E24000005","E30000272","E16000150","E07000241","26ULGM","E00121461","26ULGM","E65000001","E01023920","E02004991","5","2A2","E00121461","E01023920","E02004991","E33024487","E38000049","E63011549","C1","3A2",51.763259,-0.226395,"E37000048","","E23000027",6540,"E56000035","E54000025","E00121461","E01023920","E02004991"
"AL100JU","AL10 0JU","AL10 0JU","198001","202301","E10000015","E58000628","E07000241","E05011061","E04004819","1","522477","0208655","1","E18000006","E40000007","E92000001","E12000006","5","E14001573","E15000006","E24000005","E30000272","E16000150","E07000241","26ULGM","E00121461","26ULGM","E65000001","E01023920","E02004991","5","2A2","E00121461","E01023920","E02004991","E33024487","E38000049","E63011549","C1","3A2",51.763191,-0.226673,"E37000048","","E23000027",6540,"E56000035","E54000025","E00121461","E01023920","E02004991"
"AL100JW","AL10 0JW","AL10 0JW","198001","","E10000015","E58000628","E07000241","E05011061","E04004819","0","522420","0208671","1","E18000006","E40000007","E92000001","E12000006","5","E14001573","E15000006","E24000005","E30000272","E16000150","E07000241","26ULGM","E00121461","26ULGM","E65000001","E01023920","E02004991","5","2A2","E00121461","E01023920","E02004991","E33024487","E38000049","E63011549","C1","3A2",51.763353,-0.227468,"E37000048","","E23000027",6540,"E56000035","E54000025","E00121461","E01023920","E02004991"
"AL100JX","AL10 0JX","AL10 0JX","198001","202307","E10000015","E58000628","E07000241","E05011061","E04004819","1","522489","0208658","1","E18000006","E40000007","E92000001","E12000006","5","E14001573","E15000006","E24000005","E30000272","E16000150","E07000241","26ULGM","E00121461","26ULGM","E65000001","E01023920","E02004991","5","2A2","E00121461","E01023920","E02004991","E33024487","E38000049","E63011549","C1","3A2",51.763216,-0.226498,"E37000048","","E23000027",6540,"E56000035","E54000025","E00121461","E01023920","E02004991"
"AL100JY","AL10 0JY","AL10 0JY","198001","","E10000015","E58000628","E07000241","E05011061","E04004819","0","522556","0208657","1","E18000006","E40000007","E92000001","E12000006","5","E14001573","E15000006","E24000005","E30000272","E16000150","E07000241","26ULGM","E00121461","26ULGM","E65000001","E01023920","E02004991","5","2A2","E00121461","E01023920","E02004991","E33024487","E38000049","E63011549","C1","3A2",51.763198,-0.225504,"E37000048","","E23000027",6540,"E56000035","E54000025","E00121461","E01023920","E02004991"
"AL100JZ","AL10 0JZ","AL10 0JZ","198001","","E10000015","E58000628","E07000241","E05011061","E04004819","0","522556","0208686","1","E18000006","E40000007","E92000001","E12000006","5","E14001573","E15000006","E24000005","E30000272","E16000150","E07000241","26ULGM","E00121461","26ULGM","E65000001","E01023920","E02004991","5","2A2","E00121461","E01023920","E02004991","E33024486","E38000049","E63011549","C1","3A2",51.763458,-0.225494,"E37000048","","E23000027",6540,"E56000035","E54000025","E00121461","E01023920","E02004991"
"AL100LA","AL10 0LA","AL10 0LA","198604","199906","E10000015","E58000628","E07000241","E05011061","E04004819","1","522414","0209116","6","E18000006","E40000007","E92000001","E12000006","5","E14001573","E15000006","E24000005","E30000272","E16000150","E07000241","26ULGP","E00121517","26ULGP","E65000001","E01023931","E02004989","5","7A3","E00121517","E01033311","E02004989","E33027655","E38000049","E63011549","C1","4C3",51.767348,-0.227423,"E37000048","","E23000027",18334,"E56000035","E54000025","E00121517","E01033311","E02004989"
"AL100LB","AL10 0LB","AL10 0LB","200905","200911","E10000015","E58000628","E07000241","E05011061","E04004819","1","522555","0208762","5","E18000006","E40000007","E92000001","E12000006","5","E14001573","E15000006","E24000005","E30000272","E16000150","E07000241","26ULGM","E00121461","26ULGM","E65000001","E01023920","E02004991","5","2A2","E00121461","E01023920","E02004991","E33024486","E38000049","E63011549","C1","3A2",51.764136,-0.225505,"E37000048","","E23000027",6540,"E56000035","E54000025","E00121461","E01023920","E02004991"
"AL100LD","AL10 0LD","AL10 0LD","198001","","E10000015","E58000628","E07000241","E05011061","E04004819","0","522549","0208758","1","E18000006","E40000007","E92000001","E12000006","5","E14001573","E15000006","E24000005","E30000272","E16000150","E07000241","26ULGM","E00121461","26ULGM","E65000001","E01023920","E02004991","5","2A2","E00121461","E01023920","E02004991","E33024486","E38000049","E63011549","C1","3A2",51.764107,-0.225569,"E37000048","","E23000027",6540,"E56000035","E54000025","E00121461","E01023920","E02004991"
"AL100LE","AL10 0LE","AL10 0LE","198001","200203","E10000015","E58000628","E07000241","E05011061","E04004819","0","522639","0208710","1","E18000006","E40000007","E92000001","E12000006","5","E14001573","E15000006","E24000005","E30000272","E16000150","E07000241","26ULGM","E00121461","26ULGM","E65000001","E01023920","E02004991","5","2A2","E00121461","E01023920","E02004991","E33024486","E38000049","E63011549","C1","3A2",51.763650,-0.224307,"E37000048","","E23000027",6540,"E56000035","E54000025","E00121461","E01023920","E02004991"
"AL100LF","AL10 0LF","AL10 0LF","198001","","E10000015","E58000628","E07000241","E05011061","E04004819","0","522614","0208649","1","E18000006","E40000007","E92000001","E12000006","5","E14001573","E15000006","E24000005","E30000272","E16000150","E07000241","26ULGM","E00121461","26ULGM","E65000001","E01023920","E02004991","5","2A2","E00121461","E01023920","E02004991","E33024486","E38000049","E63011549","C1","3A2",51.763107,-0.224691,"E37000048","","E23000027",6540,"E56000035","E54000025","E00121461","E01023920","E02004991"
"AL100LG","AL10 0LG","AL10 0LG","198001","","E10000015","E58000628","E07000241","E05011061","E04004819","0","522571","0208633","1","E18000006","E40000007","E92000001","E12000006","5","E14001573","E15000006","E24000005","E30000272","E16000150","E07000241","26ULGM","E00121461","26ULGM","E65000001","E01023920","E02004991","5","2A2","E00121461","E01023920","E02004991","E33024487","E38000049","E63011549","C1","3A2",51.762979,-0.225295,"E37000048","","E23000027",6540,"E56000035","E54000025","E00121461","E01023920","E02004991"
"AL100LH","AL10 0LH","AL10 0LH","198001","199706","E10000015","E58000628","E07000241","E05011061","E04004819","0","522500","0208600","8","E18000006","E40000007","E92000001","E12000006","5","E14001573","E15000006","E24000005","E30000272","E16000150","E07000241","26ULGM","E00121461","26ULGM","E65000001","E01023920","E02004991","5","2A2","E00121461","E01023920","E02004991","E33024487","E38000049","E63011549","C1","3A2",51.762692,-0.226359,"E37000048","","E23000027",6540,"E56000035","E54000025","E00121461","E01023920","E02004991"
"AL100LJ","AL10 0LJ","AL10 0LJ","198001","","E10000015","E58000628","E07000241","E05011061","E04004819","0","522497","0208597","1","E18000006","E40000007","E92000001","E12000006","5","E14001573","E15000006","E24000005","E30000272","E16000150","E07000241","26ULGM","E00121461","26ULGM","E65000001","E01023920","E02004991","5","2A2","E00121461","E01023920","E02004991","E33024487","E38000049","E63011549","C1","3A2",51.762671,-0.226379,"E37000048","","E23000027",6540,"E56000035","E54000025","E00121461","E01023920","E02004991"
"AL100LL","AL10 0LL","AL10 0LL","199612","199712","E10000015","E58000628","E07000241","E05011061","E04004819","1","522413","0209116","6","E18000006","E40000007","E92000001","E12000006","5","E14001573","E15000006","E24000005","E30000272","E16000150","E07000241","26ULGP","E00121517","26ULGP","E65000001","E01023931","E02004989","5","7A3","E00121517","E01033311","E02004989","E33027655","E38000049","E63011549","C1","4C3",51.767348,-0.227437,"E37000048","","E23000027",18334,"E56000035","E54000025","E00121517","E01033311","E02004989"
"AL100LN","AL10 0LN","AL10 0LN","198001","","E10000015","E58000628","E07000241","E05011061","E04004819","0","522498","0208595","1","E18000006","E40000007","E92000001","E12000006","5","E14001573","E15000006","E24000005","E30000272","E16000150","E07000241","26ULGM","E00121461","26ULGM","E65000001","E01023920","E02004991","5","2A2","E00121461","E01023920","E02004991","E33024487","E38000049","E63011549","C1","3A2",51.762653,-0.226366,"E37000048","","E23000027",6540,"E56000035","E54000025","E00121461","E01023920","E02004991"
"AL100LP","AL10 0LP","AL10 0LP","198001","","E10000015","E58000628","E07000241","E05011061","E04004819","0","522452","0208760","1","E18000006","E40000007","E92000001","E12000006","5","E14001573","E15000006","E24000005","E30000272","E16000150","E07000241","26ULGM","E00121461","26ULGM","E65000001","E01023920","E02004991","5","2A2","E00121461","E01023920","E02004991","E33024487","E38000049","E63011549","C1","3A2",51.764140,-0.226998,"E37000048","","E23000027",6540,"E56000035","E54000025","E00121461","E01023920","E02004991"
"AL100LQ","AL10 0LQ","AL10 0LQ","198001","200302","E10000015","E58000628","E07000241","E05011061","E04004819","0","522580","0208611","1","E18000006","E40000007","E92000001","E12000006","5","E14001573","E15000006","E24000005","E30000272","E16000150","E07000241","26ULGM","E00121461","26ULGM","E65000001","E01023920","E02004991","5","2A2","E00121461","E01023920","E02004991","E33024487","E38000049","E63011549","C1","3A2",51.762773,-0.225196,"E37000048","","E23000027",6540,"E56000035","E54000025","E00121461","E01023920","E02004991"
"AL100LR","AL10 0LR","AL10 0LR","198001","","E10000015","E58000628","E07000241","E05011061","E04004819","0","522456","0208556","1","E18000006","E40000007","E92000001","E12000006","5","E14001573","E15000006","E24000005","E30000272","E16000150","E07000241","26ULGM","E00121461","26ULGM","E65000001","E01023920","E02004991","5","2A2","E00121461","E01023920","E02004991","E33024487","E38000049","E63011549","C1","3A2",51.762306,-0.227012,"E37000048","","E23000027",6540,"E56000035","E54000025","E00121461","E01023920","E02004991"
"AL100LS","AL10 0LS","AL10 0LS","198001","","E10000015","E58000628","E07000241","E05011061","E04004819","0","522456","0208556","1","E18000006","E40000007","E92000001","E12000006","5","E14001573","E15000006","E24000005","E30000272","E16000150","E07000241","26ULGM","E00121461","26ULGM","E65000001","E01023920","E02004991","5","2A2","E00121461","E01023920","E02004991","E33024487","E38000049","E63011549","C1","3A2",51.762306,-0.227012,"E37000048","","E23000027",6540,"E56000035","E54000025","E00121461","E01023920","E02004991"
"AL100LT","AL10 0LT","AL10 0LT","198504","","E10000015","E58000628","E07000241","E05011061","E04004819","0","522432","0208555","1","E18000006","E40000007","E92000001","E12000006","5","E14001573","E15000006","E24000005","E30000272","E16000150","E07000241","26ULGM","E00121461","26ULGM","E65000001","E01023920","E02004991","5","2A2","E00121461","E01023920","E02004991","E33024487","E38000049","E63011549","C1","3A2",51.762302,-0.227359,"E37000048","","E23000027",6540,"E56000035","E54000025","E00121461","E01023920","E02004991"
"AL100LU","AL10 0LU","AL10 0LU","198504","","E10000015","E58000628","E07000241","E05011061","E04004819","0","522193","0208595","1","E18000006","E40000007","E92000001","E12000006","5","E14001573","E15000006","E24000005","E30000272","E16000150","E07000241","26ULGM","E00121461","26ULGM","E65000001","E01023920","E02004991","5","2A2","E00121461","E01023920","E02004991","E33024487","E38000049","E63011549","C1","3A2",51.762720,-0.230783,"E37000048","","E23000027",6540,"E56000035","E54000025","E00121461","E01023920","E02004991"
"AL100LW","AL10 0LW","AL10 0LW","198106","","E10000015","E58000628","E07000241","E05011061","E04004819","0","522456","0208556","1","E18000006","E40000007","E92000001","E12000006","5","E14001573","E15000006","E24000005","E30000272","E16000150","E07000241","26ULGM","E00121461","26ULGM","E65000001","E01023920","E02004991","5","2A2","E00121461","E01023920","E02004991","E33024487","E38000049","E63011549","C1","3A2",51.762312,-0.226988,"E37000048","","E23000027",6540,"E56000035","E54000025","E00121461","E01023920","E02004991"
"AL100LX","AL10 0LX","AL10 0LX","198001","","E10000015","E58000628","E07000241","E05011061","E04004819","0","522239","0208647","1","E18000006","E40000007","E92000001","E12000006","5","E14001573","E15000006","E24000005","E30000272","E16000150","E07000241","26ULGM","E00121477","26ULGM","E65000001","E01023920","E02004991","5","5B3","E00121477","E01023920","E02004991","E33027664","E38000049","E63011549","C1","4A2",51.763171,-0.230122,"E37000048","","E23000027",6540,"E56000035","E54000025","E00121477","E01023920","E02004991"
"AL100LY","AL10 0LY","AL10 0LY","198001","","E10000015","E58000628","E07000241","E05011061","E04004819","0","522281","0208684","1","E18000006","E40000007","E92000001","E12000006","5","E14001573","E15000006","E24000005","E30000272","E16000150","E07000241","26ULGM","E00121461","26ULGM","E65000001","E01023920","E02004991","5","2A2","E00121461","E01023920","E02004991","E33024487","E38000049","E63011549","C1","3A2",51.763495,-0.229501,"E37000048","","E23000027",6540,"E56000035","E54000025","E00121461","E01023920","E02004991"
"AL100LZ","AL10 0LZ","AL10 0LZ","198001","","E10000015","E58000628","E07000241","E05011061","E04004819","0","522312","0208708","1","E18000006","E40000007","E92000001","E12000006","5","E14001573","E15000006","E24000005","E30000272","E16000150","E07000241","26ULGM","E00121479","26ULGM","E65000001","E01023920","E02004991","5","5B1","E00121479","E01023920","E02004991","E33027664","E38000049","E63011549","C1","3A1",51.763704,-0.229044,"E37000048","","E23000027",6540,"E56000035","E54000025","E00121479","E01023920","E02004991"
"AL100NA","AL10 0NA","AL10 0NA","198001","","E10000015","E58000628","E07000241","E05011061","E04004819","0","522346","0208733","1","E18000006","E40000007","E92000001","E12000006","5","E14001573","E15000006","E24000005","E30000272","E16000150","E07000241","26ULGM","E00121479","26ULGM","E65000001","E01023920","E02004991","5","5B1","E00121479","E01023920","E02004991","E33027664","E38000049","E63011549","C1","3A1",51.763921,-0.228542,"E37000048","","E23000027",6540,"E56000035","E54000025","E00121479","E01023920","E02004991"
"AL100NB","AL10 0NB","AL10 0NB","200006","202301","E10000015","E58000628","E07000241","E05011061","E04004819","1","522372","0208758","1","E18000006","E40000007","E92000001","E12000006","5","E14001573","E15000006","E24000005","E30000272","E16000150","E07000241","26ULGM","E00121479","26ULGM","E65000001","E01023920","E02004991","5","5B1","E00121479","E01023920","E02004991","E33027664","E38000049","E63011549","C1","3A1",51.764140,-0.228157,"E37000048","","E23000027",6540,"E56000035","E54000025","E00121479","E01023920","E02004991"
"AL100ND","AL10 0ND","AL10 0ND","198001","","E10000015","E58000628","E07000241","E05011061","E04004819","0","522416","0208792","1","E18000006","E40000007","E92000001","E12000006","5","E14001573","E15000006","E24000005","E30000272","E16000150","E07000241","26ULGM","E00121479","26ULGM","E65000001","E01023920","E02004991","5","5B1","E00121479","E01023920","E02004991","E33027664","E38000049","E63011549","C1","3A1",51.764442,-0.227484,"E37000048","","E23000027",6540,"E56000035","E54000025","E00121479","E01023920","E02004991"
"AL100NE","AL10 0NE","AL10 0NE","201506","202007","E10000015","E58000628","E07000241","E05011061","E04004819","1","522503","0208775","1","E18000006","E40000007","E92000001","E12000006","5","E14001573","E15000006","E24000005","E30000272","E16000150","E07000241","26ULGM","E00121461","26ULGM","E65000001","E01023920","E02004991","5","2A2","E00121461","E01023920","E02004991","E33024486","E38000049","E63011549","C1","3A2",51.764264,-0.226254,"E37000048","","E23000027",6540,"E56000035","E54000025","E00121461","E01023920","E02004991"
"AL100NF","AL10 0NF","AL10 0NF","198001","","E10000015","E58000628","E07000241","E05011061","E04004819","1","522481","0208839","1","E18000006","E40000007","E92000001","E12000006","5","E14001573","E15000006","E24000005","E30000272","E16000150","E07000241","26ULGM","E00121461","26ULGM","E65000001","E01023920","E02004991","5","2A2","E00121461","E01023920","E02004991","E33024486","E38000049","E63011549","C1","3A2",51.764850,-0.226526,"E37000048","","E23000027",6540,"E56000035","E54000025","E00121461","E01023920","E02004991"
"AL100NG","AL10 0NG","AL10 0NG","199512","","E10000015","E58000627","E07000241","E05011062","E04004819","1","523032","0208956","1","E18000006","E40000007","E92000001","E12000006","5","E14001573","E15000006","E24000005","E30000272","E16000150","E07000241","26ULGN","E00121486","26ULGN","E65000001","E01023926","E02004990","5","2B2","E00121486","E01023926","E02004990","E33024490","E38000049","E63011549","C1","4A2",51.765775,-0.218528,"E37000048","","E23000027",29833,"E56000035","E54000025","E00121486","E01023926","E02004990"
"AL100NH","AL10 0NH","AL10 0NH","198001","199812","E10000015","E58000628","E07000241","E05011061","E04004819","0","522387","0208632","1","E18000006","E40000007","E92000001","E12000006","5","E14001573","E15000006","E24000005","E30000272","E16000150","E07000241","26ULGM","E00121461","26ULGM","E65000001","E01023920","E02004991","5","2A2","E00121461","E01023920","E02004991","E33024487","E38000049","E63011549","C1","3A2",51.763004,-0.227984,"E37000048","","E23000027",6540,"E56000035","E54000025","E00121461","E01023920","E02004991"
"AL100NJ","AL10 0NJ","AL10 0NJ","198001","199812","E10000015","E58000628","E07000241","E05011061","E04004819","0","522328","0208667","1","E18000006","E40000007","E92000001","E12000006","5","E14001573","E15000006","E24000005","E30000272","E16000150","E07000241","26ULGM","E00121461","26ULGM","E65000001","E01023920","E02004991","5","2A2","E00121461","E01023920","E02004991","E33024487","E38000049","E63011549","C1","3A2",51.763332,-0.228826,"E37000048","","E23000027",6540,"E56000035","E54000025","E00121461","E01023920","E02004991"
"AL100NL","AL10 0NL","AL10 0NL","198001","","E10000015","E58000628","E07000241","E05011061","E04004819","1","522442","0208808","1","E18000006","E40000007","E92000001","E12000006","5","E14001573","E15000006","E24000005","E30000272","E16000150","E07000241","26ULGM","E00121479","26ULGM","E65000001","E01023920","E02004991","5","5B1","E00121479","E01023920","E02004991","E33027664","E38000049","E63011549","C1","3A1",51.764574,-0.227126,"E37000048","","E23000027",6540,"E56000035","E54000025","E00121479","E01023920","E02004991"
"AL100NN","AL10 0NN","AL10 0NN","198001","199405","E10000015","E58000628","E07000241","E05011061","E04004819","1","522300","0208600","8","E18000006","E40000007","E92000001","E12000006","5","E14001573","E15000006","E24000005","E30000272","E16000150","E07000241","26ULGM","E00121461","26ULGM","E65000001","E01023920","E02004991","5","2A2","E00121461","E01023920","E02004991","E33024487","E38000049","E63011549","C1","3A2",51.762736,-0.229255,"E37000048","","E23000027",6540,"E56000035","E54000025","E00121461","E01023920","E02004991"
"AL100NP","AL10 0NP","AL10 0NP","198001","199405","E10000015","E58000627","E07000241","E05011063","E04004819","1","522400","0208500","8","E18000006","E40000007","E92000001","E12000006","5","E14001573","E15000006","E24000005","E30000272","E16000150","E07000241","26ULGM","E00121463","26ULGM","E65000001","E01023922","E02004991","5","1A3","E00121463","E01023922","E02004991","E33027666","E38000049","E63011549","C1","4A1",51.761815,-0.227842,"E37000048","","E23000027",15640,"E56000035","E54000025","E00121463","E01023922","E02004991"
"AL100NQ","AL10 0NQ","AL10 0NQ","198001","199812","E10000015","E58000628","E07000241","E05011061","E04004819","0","522387","0208632","1","E18000006","E40000007","E92000001","E12000006","5","E14001573","E15000006","E24000005","E30000272","E16000150","E07000241","26ULGM","E00121461","26ULGM","E65000001","E01023920","E02004991","5","2A2","E00121461","E01023920","E02004991","E33024487","E38000049","E63011549","C1","3A2",51.763004,-0.227984,"E37000048","","E23000027",6540,"E56000035","E54000025","E00121461","E01023920","E02004991"
"AL100NR","AL10 0NR","AL10 0NR","198001","199405","E10000015","E58000627","E07000241","E05011063","E04004819","1","522400","0208500","8","E18000006","E40000007","E92000001","E12000006","5","E14001573","E15000006","E24000005","E30000272","E16000150","E07000241","26ULGM","E00121463","26ULGM","E65000001","E01023922","E02004991","5","1A3","E00121463","E01023922","E02004991","E33027666","E38000049","E63011549","C1","4A1",51.761815,-0.227842,"E37000048","","E23000027",15640,"E56000035","E54000025","E00121463","E01023922","E02004991"
"AL100NS","AL10 0NS","AL10 0NS","199606","199612","E10000015","E58000628","E07000241","E05011061","E04004819","1","522400","0208600","8","E18000006","E40000007","E92000001","E12000006","5","E14001573","E15000006","E24000005","E30000272","E16000150","E07000241","26ULGM","E00121461","26ULGM","E65000001","E01023920","E02004991","5","2A2","E00121461","E01023920","E02004991","E33024487","E38000049","E63011549","C1","3A2",51.762714,-0.227807,"E37000048","","E23000027",6540,"E56000035","E54000025","E00121461","E01023920","E02004991"
"AL100NT","AL10 0NT","AL10 0NT","199512","200203","E10000015","E58000628","E07000241","E05011061","E04004819","1","522500","0208700","5","E18000006","E40000007","E92000001","E12000006","5","E14001573","E15000006","E24000005","E30000272","E16000150","E07000241","26ULGM","E00121461","26ULGM","E65000001","E01023920","E02004991","5","2A2","E00121461","E01023920","E02004991","E33024487","E38000049","E63011549","C1","3A2",51.763591,-0.226324,"E37000048","","E23000027",6540,"E56000035","E54000025","E00121461","E01023920","E02004991"
"AL100NU","AL10 0NU","AL10 0NU","199706","200006","E10000015","E58000628","E07000241","E05011061","E04004819","1","522429","0209119","6","E18000006","E40000007","E92000001","E12000006","5","E14001573","E15000006","E24000005","E30000272","E16000150","E07000241","26ULGP","E00121517","26ULGP","E65000001","E01023931","E02004989","5","7A3","E00121517","E01033311","E02004989","E33027655","E38000049","E63011549","C1","4C3",51.767372,-0.227204,"E37000048","","E23000027",18334,"E56000035","E54000025","E00121517","E01033311","E02004989"
"AL100NW","AL10 0NW","AL10 0NW","198001","199606","E10000015","E58000628","E07000241","E05011061","E04004819","1","522400","0208600","8","E18000006","E40000007","E92000001","E12000006","5","E14001573","E15000006","E24000005","E30000272","E16000150","E07000241","26ULGM","E00121461","26ULGM","E65000001","E01023920","E02004991","5","2A2","E00121461","E01023920","E02004991","E33024487","E38000049","E63011549","C1","3A2",51.762714,-0.227807,"E37000048","","E23000027",6540,"E56000035","E54000025","E00121461","E01023920","E02004991"
"AL100NX","AL10 0NX","AL10 0NX","199612","","E10000015","E58000628","E07000241","E05011061","E04004819","0","522241","0208669","1","E18000006","E40000007","E92000001","E12000006","5","E14001573","E15000006","E24000005","E30000272","E16000150","E07000241","26ULGM","E00121477","26ULGM","E65000001","E01023920","E02004991","5","5B3","E00121477","E01023920","E02004991","E33027664","E38000049","E63011549","C1","4A2",51.763369,-0.230086,"E37000048","","E23000027",6540,"E56000035","E54000025","E00121477","E01023920","E02004991"
"AL100NY","AL10 0NY","AL10 0NY","198001","202301","E10000015","E58000628","E07000241","E05011061","E04004819","1","522575","0208687","1","E18000006","E40000007","E92000001","E12000006","5","E14001573","E15000006","E24000005","E30000272","E16000150","E07000241","26ULGM","E00121461","26ULGM","E65000001","E01023920","E02004991","5","2A2","E00121461","E01023920","E02004991","E33024486","E38000049","E63011549","C1","3A2",51.763457,-0.225242,"E37000048","","E23000027",6540,"E56000035","E54000025","E00121461","E01023920","E02004991"
"AL100NZ","AL10 0NZ","AL10 0NZ","198504","","E10000015","E58000628","E07000241","E05011061","E04004819","0","522223","0208625","1","E18000006","E40000007","E92000001","E12000006","5","E14001573","E15000006","E24000005","E30000272","E16000150","E07000241","26ULGM","E00121461","26ULGM","E65000001","E01023920","E02004991","5","2A2","E00121461","E01023920","E02004991","E33024487","E38000049","E63011549","C1","3A2",51.762977,-0.230362,"E37000048","","E23000027",6540,"E56000035","E54000025","E00121461","E01023920","E02004991"
"AL100PA","AL10 0PA","AL10 0PA","198001","","E10000015","E58000628","E07000241","E05011061","E04004819","0","522653","0209287","1","E18000006","E40000007","E92000001","E12000006","5","E14001573","E15000006","E24000005","E30000272","E16000150","E07000241","26ULGP","E00121518","26ULGP","E65000001","E01023929","E02004989","5","1B1","E00121518","E01023929","E02004989","E33027655","E38000049","E63011549","C1","4A2",51.768838,-0.223876,"E37000048","","E23000027",15027,"E56000035","E54000025","E00121518","E01023929","E02004989"
"AL100PB","AL10 0PB","AL10 0PB","198001","","E10000015","E58000628","E07000241","E05011061","E04004819","0","522655","0209246","1","E18000006","E40000007","E92000001","E12000006","5","E14001573","E15000006","E24000005","E30000272","E16000150","E07000241","26ULGP","E00121518","26ULGP","E65000001","E01023929","E02004989","5","1B1","E00121518","E01023929","E02004989","E33027655","E38000049","E63011549","C1","4A2",51.768469,-0.223862,"E37000048","","E23000027",15027,"E56000035","E54000025","E00121518","E01023929","E02004989"
"AL100PD","AL10 0PD","AL10 0PD","198001","","E10000015","E58000628","E07000241","E05011061","E04004819","0","522540","0209241","1","E18000006","E40000007","E92000001","E12000006","5","E14001573","E15000006","E24000005","E30000272","E16000150","E07000241","26ULGP","E00121519","26ULGP","E65000001","E01023931","E02004989","5","6C1","E00121519","E01033311","E02004989","E33027655","E38000049","E63011549","C1","4A1",51.768450,-0.225529,"E37000048","","E23000027",18334,"E56000035","E54000025","E00121519","E01033311","E02004989"
"AL100PE","AL10 0PE","AL10 0PE","198001","","E10000015","E58000628","E07000241","E05011061","E04004819","0","522384","0209150","1","E18000006","E40000007","E92000001","E12000006","5","E14001573","E15000006","E24000005","E30000272","E16000150","E07000241","26ULGP","E00121519","26ULGP","E65000001","E01023931","E02004989","5","6C1","E00121519","E01033311","E02004989","E33027655","E38000049","E63011549","C1","4A1",51.767666,-0.227821,"E37000048","","E23000027",18334,"E56000035","E54000025","E00121519","E01033311","E02004989"
"AL100PF","AL10 0PF","AL10 0PF","198001","","E10000015","E58000628","E07000241","E05011061","E04004819","0","522309","0209129","1","E18000006","E40000007","E92000001","E12000006","5","E14001573","E15000006","E24000005","E30000272","E16000150","E07000241","26ULGP","E00121517","26ULGP","E65000001","E01023931","E02004989","5","7A3","E00121517","E01033311","E02004989","E33027655","E38000049","E63011549","C1","4C3",51.767494,-0.228915,"E37000048","","E23000027",18334,"E56000035","E54000025","E00121517","E01033311","E02004989"
"AL100PG","AL10 0PG","AL10 0PG","198001","","E10000015","E58000628","E07000241","E05011061","E04004819","0","522204","0209280","1","E18000006","E40000007","E92000001","E12000006","5","E14001573","E15000006","E24000005","E30000272","E16000150","E07000241","26ULGP","E00121519","26ULGP","E65000001","E01023931","E02004989","5","6C1","E00121519","E01033311","E02004989","E33027655","E38000049","E63011549","C1","4A1",51.768874,-0.230382,"E37000048","","E23000027",18334,"E56000035","E54000025","E00121519","E01033311","E02004989"
"AL100PH","AL10 0PH","AL10 0PH","198001","","E10000015","E58000628","E07000241","E05011061","E04004819","0","522075","0209302","1","E18000006","E40000007","E92000001","E12000006","5","E14001573","E15000006","E24000005","E30000272","E16000150","E07000241","26ULGP","E00121509","26ULGP","E65000001","E01023931","E02004989","5","6D1","E00173234","E01033311","E02004989","E33027654","E38000049","E63011549","C1","4C3",51.769099,-0.232243,"E37000048","","E23000027",18334,"E56000035","E54000025","E00173234","E01033311","E02004989"
"AL100PJ","AL10 0PJ","AL10 0PJ","198001","","E10000015","E58000628","E07000241","E05011061","E04004819","0","522098","0209419","1","E18000006","E40000007","E92000001","E12000006","5","E14001573","E15000006","E24000005","E30000272","E16000150","E07000241","26ULGP","E00121509","26ULGP","E65000001","E01023931","E02004989","5","6D1","E00173234","E01033311","E02004989","E33027654","E38000049","E63011549","C1","4C3",51.770146,-0.231869,"E37000048","","E23000027",18334,"E56000035","E54000025","E00173234","E01033311","E02004989"
"AL100PL","AL10 0PL","AL10 0PL","198001","","E10000015","E58000628","E07000241","E05011061","E04004819","0","522148","0209370","1","E18000006","E40000007","E92000001","E12000006","5","E14001573","E15000006","E24000005","E30000272","E16000150","E07000241","26ULGP","E00121509","26ULGP","E65000001","E01023931","E02004989","5","6D1","E00173234","E01033311","E02004989","E33027654","E38000049","E63011549","C1","4C3",51.769695,-0.231162,"E37000048","","E23000027",18334,"E56000035","E54000025","E00173234","E01033311","E02004989"
"AL100PN","AL10 0PN","AL10 0PN","198001","","E10000015","E58000628","E07000241","E05011061","E04004819","0","522242","0209362","1","E18000006","E40000007","E92000001","E12000006","5","E14001573","E15000006","E24000005","E30000272","E16000150","E07000241","26ULGP","E00121509","26ULGP","E65000001","E01023931","E02004989","5","6D1","E00173234","E01033311","E02004989","E33027654","E38000049","E63011549","C1","4C3",51.769602,-0.229803,"E37000048","","E23000027",18334,"E56000035","E54000025","E00173234","E01033311","E02004989"
"AL100PP","AL10 0PP","AL10 0PP","198001","","E10000015","E58000628","E07000241","E05011061","E04004819","0","522379","0209248","1","E18000006","E40000007","E92000001","E12000006","5","E14001573","E15000006","E24000005","E30000272","E16000150","E07000241","26ULGP","E00121519","26ULGP","E65000001","E01023931","E02004989","5","6C1","E00121519","E01033311","E02004989","E33027655","E38000049","E63011549","C1","4A1",51.768548,-0.227859,"E37000048","","E23000027",18334,"E56000035","E54000025","E00121519","E01033311","E02004989"
"AL100PQ","AL10 0PQ","AL10 0PQ","198001","","E10000015","E58000628","E07000241","E05011061","E04004819","0","522132","0209326","1","E18000006","E40000007","E92000001","E12000006","5","E14001573","E15000006","E24000005","E30000272","E16000150","E07000241","26ULGP","E00121509","26ULGP","E65000001","E01023931","E02004989","5","6D1","E00173234","E01033311","E02004989","E33027654","E38000049","E63011549","C1","4C3",51.769303,-0.231409,"E37000048","","E23000027",18334,"E56000035","E54000025","E00173234","E01033311","E02004989"
"AL100PR","AL10 0PR","AL10 0PR","198001","","E10000015","E58000628","E07000241","E05011061","E04004819","0","522401","0209373","1","E18000006","E40000007","E92000001","E12000006","5","E14001573","E15000006","E24000005","E30000272","E16000150","E07000241","26ULGP","E00121513","26ULGP","E65000001","E01023929","E02004989","5","6A2","E00121513","E01023929","E02004989","E33027654","E38000049","E63011549","C1","5A2",51.769666,-0.227496,"E37000048","","E23000027",15027,"E56000035","E54000025","E00121513","E01023929","E02004989"
"AL100PS","AL10 0PS","AL10 0PS","198001","","E10000015","E58000628","E07000241","E05011061","E04004819","0","522429","0209346","1","E18000006","E40000007","E92000001","E12000006","5","E14001573","E15000006","E24000005","E30000272","E16000150","E07000241","26ULGP","E00121518","26ULGP","E65000001","E01023929","E02004989","5","1B1","E00121518","E01023929","E02004989","E33027655","E38000049","E63011549","C1","4A2",51.769418,-0.227100,"E37000048","","E23000027",15027,"E56000035","E54000025","E00121518","E01023929","E02004989"
"AL100PT","AL10 0PT","AL10 0PT","198001","","E10000015","E58000628","E07000241","E05011061","E04004819","0","522548","0209461","1","E18000006","E40000007","E92000001","E12000006","5","E14001573","E15000006","E24000005","E30000272","E16000150","E07000241","26ULGP","E00121518","26ULGP","E65000001","E01023929","E02004989","5","1B1","E00121518","E01023929","E02004989","E33027655","E38000049","E63011549","C1","4A2",51.770425,-0.225336,"E37000048","","E23000027",15027,"E56000035","E54000025","E00121518","E01023929","E02004989"
"AL100PU","AL10 0PU","AL10 0PU","198001","","E10000015","E58000628","E07000241","E05011061","E04004819","0","522843","0209556","1","E18000006","E40000007","E92000001","E12000006","5","E14001573","E15000006","E24000005","E30000272","E16000150","E07000241","26ULGP","E00121516","26ULGP","E65000001","E01023930","E02004989","5","1B1","E00121516","E01023930","E02004989","E33027657","E38000049","E63011549","C1","4A2",51.771214,-0.221029,"E37000048","","E23000027",11495,"E56000035","E54000025","E00121516","E01023930","E02004989"
"AL100PW","AL10 0PW","AL10 0PW","198001","","E10000015","E58000628","E07000241","E05011061","E04004819","0","522220","0209321","1","E18000006","E40000007","E92000001","E12000006","5","E14001573","E15000006","E24000005","E30000272","E16000150","E07000241","26ULGP","E00121519","26ULGP","E65000001","E01023931","E02004989","5","6C1","E00121519","E01033311","E02004989","E33027655","E38000049","E63011549","C1","4A1",51.769233,-0.230161,"E37000048","","E23000027",18334,"E56000035","E54000025","E00121519","E01033311","E02004989"
"AL100PX","AL10 0PX","AL10 0PX","198001","","E10000015","E58000628","E07000241","E05011061","E04004819","0","522858","0209499","1","E18000006","E40000007","E92000001","E12000006","5","E14001573","E15000006","E24000005","E30000272","E16000150","E07000241","26ULGP","E00121512","26ULGP","E65000001","E01023929","E02004989","5","1A2","E00121512","E01023929","E02004989","E33027657","E38000049","E63011549","C1","4A2",51.770699,-0.220832,"E37000048","","E23000027",15027,"E56000035","E54000025","E00121512","E01023929","E02004989"
"AL100PY","AL10 0PY","AL10 0PY","199812","","E10000015","E58000628","E07000241","E05011061","E04004819","0","522223","0209364","1","E18000006","E40000007","E92000001","E12000006","5","E14001573","E15000006","E24000005","E30000272","E16000150","E07000241","26ULGP","E00121509","26ULGP","E65000001","E01023931","E02004989","5","6D1","E00173234","E01033311","E02004989","E33027654","E38000049","E63011549","C1","4C3",51.769624,-0.230078,"E37000048","","E23000027",18334,"E56000035","E54000025","E00173234","E01033311","E02004989"
"AL100PZ","AL10 0PZ","AL10 0PZ","199002","199212","E10000015","E58000628","E07000241","E05011061","E04004819","1","522200","0208500","8","E18000006","E40000007","E92000001","E12000006","5","E14001573","E15000006","E24000005","E30000272","E16000150","E07000241","26ULGM","E00121461","26ULGM","E65000001","E01023920","E02004991","5","2A2","E00121461","E01023920","E02004991","E33024487","E38000049","E63011549","C1","3A2",51.761859,-0.230739,"E37000048","","E23000027",6540,"E56000035","E54000025","E00121461","E01023920","E02004991"
"AL100QA","AL10 0QA","AL10 0QA","198001","","E10000015","E58000628","E07000241","E05011061","E04004819","0","522945","0209547","1","E18000006","E40000007","E92000001","E12000006","5","E14001573","E15000006","E24000005","E30000272","E16000150","E07000241","26ULGP","E00121516","26ULGP","E65000001","E01023930","E02004989","5","1B1","E00121516","E01023930","E02004989","E33027657","E38000049","E63011549","C1","4A2",51.771105,-0.219579,"E37000048","","E23000027",11495,"E56000035","E54000025","E00121516","E01023930","E02004989"
"AL100QB","AL10 0QB","AL10 0QB","198001","","E10000015","E58000628","E07000241","E05011061","E04004819","0","522964","0209579","1","E18000006","E40000007","E92000001","E12000006","5","E14001573","E15000006","E24000005","E30000272","E16000150","E07000241","26ULGP","E00121516","26ULGP","E65000001","E01023930","E02004989","5","1B1","E00121516","E01023930","E02004989","E33027657","E38000049","E63011549","C1","4A2",51.771394,-0.219268,"E37000048","","E23000027",11495,"E56000035","E54000025","E00121516","E01023930","E02004989"
"AL100QD","AL10 0QD","AL10 0QD","198704","199112","E10000015","E58000628","E07000241","E05011061","E04004819","1","522600","0209600","8","E18000006","E40000007","E92000001","E12000006","5","E14001573","E15000006","E24000005","E30000272","E16000150","E07000241","26ULGP","E00121513","26ULGP","E65000001","E01023929","E02004989","5","6A2","E00121513","E01023929","E02004989","E33027654","E38000049","E63011549","C1","5A2",51.771657,-0.224558,"E37000048","","E23000027",15027,"E56000035","E54000025","E00121513","E01023929","E02004989"
"AL100QG","AL10 0QG","AL10 0QG","198301","199507","E10000015","E58000628","E07000241","E05011061","E04004819","0","522300","0209700","8","E18000006","E40000007","E92000001","E12000006","5","E14001573","E15000006","E24000005","E30000272","E16000150","E07000241","26ULGP","E00121507","26ULGP","E65000001","E01023929","E02004989","5","5B4","E00121507","E01023929","E02004989","E33027654","E38000049","E63011549","C1","4A1",51.772621,-0.228868,"E37000048","","E23000027",15027,"E56000035","E54000025","E00121507","E01023929","E02004989"
"AL100QH","AL10 0QH","AL10 0QH","198001","","E10000015","E58000628","E07000241","E05011061","E04004819","0","522810","0209317","1","E18000006","E40000007","E92000001","E12000006","5","E14001573","E15000006","E24000005","E30000272","E16000150","E07000241","26ULGP","E00121503","26ULGP","E65000001","E01023930","E02004989","5","6B2","E00121503","E01023930","E02004989","E33027657","E38000049","E63011549","C1","4A2",51.769068,-0.221616,"E37000048","","E23000027",11495,"E56000035","E54000025","E00121503","E01023930","E02004989"
"AL100QJ","AL10 0QJ","AL10 0QJ","198001","","E10000015","E58000628","E07000241","E05011061","E04004819","0","522711","0209391","1","E18000006","E40000007","E92000001","E12000006","5","E14001573","E15000006","E24000005","E30000272","E16000150","E07000241","26ULGP","E00121518","26ULGP","E65000001","E01023929","E02004989","5","1B1","E00121518","E01023929","E02004989","E33027655","E38000049","E63011549","C1","4A2",51.769760,-0.222999,"E37000048","","E23000027",15027,"E56000035","E54000025","E00121518","E01023929","E02004989"
"AL100QL","AL10 0QL","AL10 0QL","198001","","E10000015","E58000628","E07000241","E05011061","E04004819","0","522743","0209419","1","E18000006","E40000007","E92000001","E12000006","5","E14001573","E15000006","E24000005","E30000272","E16000150","E07000241","26ULGP","E00121516","26ULGP","E65000001","E01023930","E02004989","5","1B1","E00121516","E01023930","E02004989","E33027657","E38000049","E63011549","C1","4A2",51.770005,-0.222526,"E37000048","","E23000027",11495,"E56000035","E54000025","E00121516","E01023930","E02004989"
"AL100QN","AL10 0QN","AL10 0QN","198001","","E10000015","E58000628","E07000241","E05011061","E04004819","0","522594","0209559","1","E18000006","E40000007","E92000001","E12000006","5","E14001573","E15000006","E24000005","E30000272","E16000150","E07000241","26ULGP","E00121513","26ULGP","E65000001","E01023929","E02004989","5","6A2","E00121513","E01023929","E02004989","E33027654","E38000049","E63011549","C1","5A2",51.771296,-0.224635,"E37000048","","E23000027",15027,"E56000035","E54000025","E00121513","E01023929","E02004989"
"AL100QP","AL10 0QP","AL10 0QP","198001","","E10000015","E58000628","E07000241","E05011061","E04004819","0","522541","0209641","1","E18000006","E40000007","E92000001","E12000006","5","E14001573","E15000006","E24000005","E30000272","E16000150","E07000241","26ULGP","E00121513","26ULGP","E65000001","E01023929","E02004989","5","6A2","E00121513","E01023929","E02004989","E33027654","E38000049","E63011549","C1","5A2",51.772038,-0.225398,"E37000048","","E23000027",15027,"E56000035","E54000025","E00121513","E01023929","E02004989"
"AL100QQ","AL10 0QQ","AL10 0QQ","198001","","E10000015","E58000628","E07000241","E05011061","E04004819","0","522770","0209294","1","E18000006","E40000007","E92000001","E12000006","5","E14001573","E15000006","E24000005","E30000272","E16000150","E07000241","26ULGP","E00121503","26ULGP","E65000001","E01023930","E02004989","5","6B2","E00121503","E01023930","E02004989","E33027657","E38000049","E63011549","C1","4A2",51.768870,-0.222204,"E37000048","","E23000027",11495,"E56000035","E54000025","E00121503","E01023930","E02004989"
"AL100QR","AL10 0QR","AL10 0QR","198001","","E10000015","E58000628","E07000241","E05011061","E04004819","0","522460","0209713","1","E18000006","E40000007","E92000001","E12000006","5","E14001573","E15000006","E24000005","E30000272","E16000150","E07000241","26ULGP","E00121511","26ULGP","E65000001","E01023929","E02004989","5","6A2","E00121511","E01023929","E02004989","E33027654","E38000049","E63011549","C1","8A1",51.772703,-0.226546,"E37000048","","E23000027",15027,"E56000035","E54000025","E00121511","E01023929","E02004989"
"AL100QS","AL10 0QS","AL10 0QS","198001","","E10000015","E58000628","E07000241","E05011061","E04004819","0","522484","0209749","1","E18000006","E40000007","E92000001","E12000006","5","E14001573","E15000006","E24000005","E30000272","E16000150","E07000241","26ULGP","E00121511","26ULGP","E65000001","E01023929","E02004989","5","6A2","E00121511","E01023929","E02004989","E33027654","E38000049","E63011549","C1","8A1",51.773027,-0.226161,"E37000048","","E23000027",15027,"E56000035","E54000025","E00121511","E01023929","E02004989"
"AL100QT","AL10 0QT","AL10 0QT","198001","","E10000015","E58000628","E07000241","E05011061","E04004819","0","522476","0209796","1","E18000006","E40000007","E92000001","E12000006","5","E14001573","E15000006","E24000005","E30000272","E16000150","E07000241","26ULGP","E00121504","26ULGP","E65000001","E01023931","E02004989","5","5B4","E00121504","E01033311","E02004989","E33027654","E38000049","E63011549","C1","7A3",51.773451,-0.226260,"E37000048","","E23000027",18334,"E56000035","E54000025","E00121504","E01033311","E02004989"
"AL100QU","AL10 0QU","AL10 0QU","198001","","E10000015","E58000628","E07000241","E05011061","E04004819","0","522445","0209823","1","E18000006","E40000007","E92000001","E12000006","5","E14001573","E15000006","E24000005","E30000272","E16000150","E07000241","26ULGP","E00121507","26ULGP","E65000001","E01023929","E02004989","5","5B4","E00121507","E01023929","E02004989","E33027654","E38000049","E63011549","C1","4A1",51.773701,-0.226700,"E37000048","","E23000027",15027,"E56000035","E54000025","E00121507","E01023929","E02004989"
"AL100QW","AL10 0QW","AL10 0QW","198001","","E10000015","E58000628","E07000241","E05011061","E04004819","0","522595","0209630","1","E18000006","E40000007","E92000001","E12000006","5","E14001573","E15000006","E24000005","E30000272","E16000150","E07000241","26ULGP","E00121513","26ULGP","E65000001","E01023929","E02004989","5","6A2","E00121513","E01023929","E02004989","E33027654","E38000049","E63011549","C1","5A2",51.771934,-0.224595,"E37000048","","E23000027",15027,"E56000035","E54000025","E00121513","E01023929","E02004989"
"AL100QX","AL10 0QX","AL10 0QX","198001","","E10000015","E58000628","E07000241","E05011061","E04004819","0","522391","0209694","1","E18000006","E40000007","E92000001","E12000006","5","E14001573","E15000006","E24000005","E30000272","E16000150","E07000241","26ULGP","E00121507","26ULGP","E65000001","E01023929","E02004989","5","5B4","E00121507","E01023929","E02004989","E33027654","E38000049","E63011549","C1","4A1",51.772553,-0.227528,"E37000048","","E23000027",15027,"E56000035","E54000025","E00121507","E01023929","E02004989"
"AL100QY","AL10 0QY","AL10 0QY","198001","","E10000015","E58000628","E07000241","E05011061","E04004819","0","522375","0209722","1","E18000006","E40000007","E92000001","E12000006","5","E14001573","E15000006","E24000005","E30000272","E16000150","E07000241","26ULGP","E00121507","26ULGP","E65000001","E01023929","E02004989","5","5B4","E00121507","E01023929","E02004989","E33027654","E38000049","E63011549","C1","4A1",51.772809,-0.227750,"E37000048","","E23000027",15027,"E56000035","E54000025","E00121507","E01023929","E02004989"
"AL100QZ","AL10 0QZ","AL10 0QZ","198001","","E10000015","E58000628","E07000241","E05011061","E04004819","0","522278","0209604","1","E18000006","E40000007","E92000001","E12000006","5","E14001573","E15000006","E24000005","E30000272","E16000150","E07000241","26ULGP","E00121507","26ULGP","E65000001","E01023929","E02004989","5","5B4","E00121507","E01023929","E02004989","E33027654","E38000049","E63011549","C1","4A1",51.771769,-0.229196,"E37000048","","E23000027",15027,"E56000035","E54000025","E00121507","E01023929","E02004989"
"AL100RA","AL10 0RA","AL10 0RA","198001","","E10000015","E58000628","E07000241","E05011061","E04004819","0","522286","0209568","1","E18000006","E40000007","E92000001","E12000006","5","E14001573","E15000006","E24000005","E30000272","E16000150","E07000241","26ULGP","E00121507","26ULGP","E65000001","E01023929","E02004989","5","5B4","E00121507","E01023929","E02004989","E33027654","E38000049","E63011549","C1","4A1",51.771444,-0.229093,"E37000048","","E23000027",15027,"E56000035","E54000025","E00121507","E01023929","E02004989"
"AL100RB","AL10 0RB","AL10 0RB","198001","","E10000015","E58000628","E07000241","E05011061","E04004819","0","522372","0209647","1","E18000006","E40000007","E92000001","E12000006","5","E14001573","E15000006","E24000005","E30000272","E16000150","E07000241","26ULGP","E00121511","26ULGP","E65000001","E01023929","E02004989","5","6A2","E00121511","E01023929","E02004989","E33027654","E38000049","E63011549","C1","8A1",51.772135,-0.227820,"E37000048","","E23000027",15027,"E56000035","E54000025","E00121511","E01023929","E02004989"
"AL100RD","AL10 0RD","AL10 0RD","198001","","E10000015","E58000628","E07000241","E05011061","E04004819","0","522434","0209643","1","E18000006","E40000007","E92000001","E12000006","5","E14001573","E15000006","E24000005","E30000272","E16000150","E07000241","26ULGP","E00121511","26ULGP","E65000001","E01023929","E02004989","5","6A2","E00121511","E01023929","E02004989","E33027654","E38000049","E63011549","C1","8A1",51.772086,-0.226923,"E37000048","","E23000027",15027,"E56000035","E54000025","E00121511","E01023929","E02004989"
"AL100RE","AL10 0RE","AL10 0RE","198001","","E10000015","E58000628","E07000241","E05011061","E04004819","0","522343","0209513","1","E18000006","E40000007","E92000001","E12000006","5","E14001573","E15000006","E24000005","E30000272","E16000150","E07000241","26ULGP","E00121511","26ULGP","E65000001","E01023929","E02004989","5","6A2","E00121511","E01023929","E02004989","E33027654","E38000049","E63011549","C1","8A1",51.770937,-0.228287,"E37000048","","E23000027",15027,"E56000035","E54000025","E00121511","E01023929","E02004989"
"AL100RF","AL10 0RF","AL10 0RF","198001","","E10000015","E58000628","E07000241","E05011061","E04004819","0","522267","0209513","1","E18000006","E40000007","E92000001","E12000006","5","E14001573","E15000006","E24000005","E30000272","E16000150","E07000241","26ULGP","E00121507","26ULGP","E65000001","E01023929","E02004989","5","5B4","E00121507","E01023929","E02004989","E33027654","E38000049","E63011549","C1","4A1",51.770954,-0.229388,"E37000048","","E23000027",15027,"E56000035","E54000025","E00121507","E01023929","E02004989"
"AL100RG","AL10 0RG","AL10 0RG","198001","","E10000015","E58000628","E07000241","E05011061","E04004819","0","522159","0209401","1","E18000006","E40000007","E92000001","E12000006","5","E14001573","E15000006","E24000005","E30000272","E16000150","E07000241","26ULGP","E00121507","26ULGP","E65000001","E01023929","E02004989","5","5B4","E00121507","E01023929","E02004989","E33027654","E38000049","E63011549","C1","4A1",51.769965,-0.231016,"E37000048","","E23000027",15027,"E56000035","E54000025","E00121507","E01023929","E02004989"
"AL100RH","AL10 0RH","AL10 0RH","198001","","E10000015","E58000628","E07000241","E05011061","E04004819","0","522368","0209420","1","E18000006","E40000007","E92000001","E12000006","5","E14001573","E15000006","E24000005","E30000272","E16000150","E07000241","26ULGP","E00121513","26ULGP","E65000001","E01023929","E02004989","5","6A2","E00121513","E01023929","E02004989","E33027654","E38000049","E63011549","C1","5A2",51.770096,-0.227957,"E37000048","","E23000027",15027,"E56000035","E54000025","E00121513","E01023929","E02004989"
"AL100RJ","AL10 0RJ","AL10 0RJ","198001","","E10000015","E58000628","E07000241","E05011061","E04004819","0","522498","0209507","1","E18000006","E40000007","E92000001","E12000006","5","E14001573","E15000006","E24000005","E30000272","E16000150","E07000241","26ULGP","E00121513","26ULGP","E65000001","E01023929","E02004989","5","6A2","E00121513","E01023929","E02004989","E33027654","E38000049","E63011549","C1","5A2",51.770849,-0.226044,"E37000048","","E23000027",15027,"E56000035","E54000025","E00121513","E01023929","E02004989"
"AL100RL","AL10 0RL","AL10 0RL","198001","","E10000015","E58000628","E07000241","E05011061","E04004819","0","522487","0209553","1","E18000006","E40000007","E92000001","E12000006","5","E14001573","E15000006","E24000005","E30000272","E16000150","E07000241","26ULGP","E00121513","26ULGP","E65000001","E01023929","E02004989","5","6A2","E00121513","E01023929","E02004989","E33027654","E38000049","E63011549","C1","5A2",51.771265,-0.226187,"E37000048","","E23000027",15027,"E56000035","E54000025","E00121513","E01023929","E02004989"
"AL100RN","AL10 0RN","AL10 0RN","198510","","E10000015","E58000628","E07000241","E05011061","E04004819","0","522010","0208626","1","E18000006","E40000007","E92000001","E12000006","5","E14001573","E15000006","E24000005","E30000272","E16000150","E07000241","26ULGM","E00121460","26ULGM","E65000001","E01023921","E02004991","5","6B2","E00121460","E01023921","E02004991","E33027664","E38000049","E63011549","C1","4A2",51.763033,-0.233446,"E37000048","","E23000027",12010,"E56000035","E54000025","E00121460","E01023921","E02004991"
"AL100RP","AL10 0RP","AL10 0RP","199007","","E10000015","E58000628","E07000241","E05011061","E04004819","0","521897","0208996","1","E18000006","E40000007","E92000001","E12000006","5","E14001573","E15000006","E24000005","E30000272","E16000150","E07000241","26ULGM","E00121478","26ULGM","E65000001","E01023921","E02004991","5","2B1","E00121478","E01023921","E02004991","E33027664","E38000049","E63011549","C1","3D1",51.766382,-0.234953,"E37000048","","E23000027",12010,"E56000035","E54000025","E00121478","E01023921","E02004991"
"AL100RQ","AL10 0RQ","AL10 0RQ","198001","","E10000015","E58000628","E07000241","E05011061","E04004819","0","522346","0209453","1","E18000006","E40000007","E92000001","E12000006","5","E14001573","E15000006","E24000005","E30000272","E16000150","E07000241","26ULGP","E00121511","26ULGP","E65000001","E01023929","E02004989","5","6A2","E00121511","E01023929","E02004989","E33027654","E38000049","E63011549","C1","8A1",51.770397,-0.228265,"E37000048","","E23000027",15027,"E56000035","E54000025","E00121511","E01023929","E02004989"
"AL100RR","AL10 0RR","AL10 0RR","199007","","E10000015","E58000628","E07000241","E05011061","E04004819","0","521859","0208913","1","E18000006","E40000007","E92000001","E12000006","5","E14001573","E15000006","E24000005","E30000272","E16000150","E07000241","26ULGM","E00121478","26ULGM","E65000001","E01023921","E02004991","5","2B1","E00121478","E01023921","E02004991","E33027664","E38000049","E63011549","C1","3D1",51.765645,-0.235533,"E37000048","","E23000027",12010,"E56000035","E54000025","E00121478","E01023921","E02004991"
"AL100RS","AL10 0RS","AL10 0RS","199007","","E10000015","E58000628","E07000241","E05011061","E04004819","0","521919","0209058","1","E18000006","E40000007","E92000001","E12000006","5","E14001573","E15000006","E24000005","E30000272","E16000150","E07000241","26ULGM","E00121474","26ULGM","E65000001","E01023921","E02004991","5","2B2","E00121474","E01023921","E02004991","E33027664","E38000049","E63011549","C1","4A2",51.766935,-0.234613,"E37000048","","E23000027",12010,"E56000035","E54000025","E00121474","E01023921","E02004991"
"AL100RT","AL10 0RT","AL10 0RT","199002","","E10000015","E58000627","E07000241","E05011061","E04004819","0","521815","0208557","1","E18000006","E40000007","E92000001","E12000006","5","E14001573","E15000006","E24000005","E30000272","E16000150","E07000241","26ULGM","E00121459","26ULGM","E65000001","E01023921","E02004991","5","7A2","E00121459","E01023921","E02004991","E33024485","E38000049","E63011549","C1","4A2",51.762455,-0.236295,"E37000048","","E23000027",12010,"E56000035","E54000025","E00121459","E01023921","E02004991"
"AL100RU","AL10 0RU","AL10 0RU","198001","","E10000015","E58000628","E07000241","E05011061","E04004819","0","522123","0208509","1","E18000006","E40000007","E92000001","E12000006","5","E14001573","E15000006","E24000005","E30000272","E16000150","E07000241","26ULGM","E00121462","26ULGM","E65000001","E01023921","E02004991","5","5B3","E00121462","E01023921","E02004991","E33027666","E38000049","E63011549","C1","4A2",51.761956,-0.231851,"E37000048","","E23000027",12010,"E56000035","E54000025","E00121462","E01023921","E02004991"
"AL100RW","AL10 0RW","AL10 0RW","198803","","E10000015","E58000627","E07000241","E05011062","E04004819","0","522509","0208930","1","E18000006","E40000007","E92000001","E12000006","5","E14001573","E15000006","E24000005","E30000272","E16000150","E07000241","26ULGN","E00121498","26ULGN","E65000001","E01023927","E02004990","5","5B1","E00121498","E01023927","E02004990","E33027659","E38000049","E63011549","C1","4A2",51.765656,-0.226112,"E37000048","","E23000027",17409,"E56000035","E54000025","E00121498","E01023927","E02004990"
"AL100RX","AL10 0RX","AL10 0RX","198001","","E10000015","E58000627","E07000241","E05011061","E04004819","0","521946","0208485","1","E18000006","E40000007","E92000001","E12000006","5","E14001573","E15000006","E24000005","E30000272","E16000150","E07000241","26ULGM","E00121462","26ULGM","E65000001","E01023921","E02004991","5","5B3","E00121462","E01023921","E02004991","E33027666","E38000049","E63011549","C1","4A2",51.761785,-0.234399,"E37000048","","E23000027",12010,"E56000035","E54000025","E00121462","E01023921","E02004991"
"AL100RY","AL10 0RY","AL10 0RY","198001","","E10000015","E58000627","E07000241","E05011061","E04004819","0","521984","0208434","1","E18000006","E40000007","E92000001","E12000006","5","E14001573","E15000006","E24000005","E30000272","E16000150","E07000241","26ULGM","E00121462","26ULGM","E65000001","E01023921","E02004991","5","5B3","E00121462","E01023921","E02004991","E33027666","E38000049","E63011549","C1","4A2",51.761313,-0.233890,"E37000048","","E23000027",12010,"E56000035","E54000025","E00121462","E01023921","E02004991"
"AL100RZ","AL10 0RZ","AL10 0RZ","198001","","E10000015","E58000627","E07000241","E05011061","E04004819","0","521839","0208453","1","E18000006","E40000007","E92000001","E12000006","5","E14001573","E15000006","E24000005","E30000272","E16000150","E07000241","26ULGM","E00121459","26ULGM","E65000001","E01023921","E02004991","5","7A2","E00121459","E01023921","E02004991","E33024485","E38000049","E63011549","C1","4A2",51.761521,-0.235959,"E37000048","","E23000027",12010,"E56000035","E54000025","E00121459","E01023921","E02004991"
"AL100SA","AL10 0SA","AL10 0SA","198001","","E10000015","E58000627","E07000241","E05011061","E04004819","0","521859","0208377","1","E18000006","E40000007","E92000001","E12000006","5","E14001573","E15000006","E24000005","E30000272","E16000150","E07000241","26ULGM","E00121462","26ULGM","E65000001","E01023921","E02004991","5","5B3","E00121462","E01023921","E02004991","E33027666","E38000049","E63011549","C1","4A2",51.760833,-0.235696,"E37000048","","E23000027",12010,"E56000035","E54000025","E00121462","E01023921","E02004991"
"AL100SB","AL10 0SB","AL10 0SB","198001","","E10000015","E58000627","E07000241","E05011061","E04004819","0","521904","0208421","1","E18000006","E40000007","E92000001","E12000006","5","E14001573","E15000006","E24000005","E30000272","E16000150","E07000241","26ULGM","E00121462","26ULGM","E65000001","E01023921","E02004991","5","5B3","E00121462","E01023921","E02004991","E33027666","E38000049","E63011549","C1","4A2",51.761219,-0.235029,"E37000048","","E23000027",12010,"E56000035","E54000025","E00121462","E01023921","E02004991"
"AL100SD","AL10 0SD","AL10 0SD","198001","","E10000015","E58000627","E07000241","E05011061","E04004819","0","521787","0208364","1","E18000006","E40000007","E92000001","E12000006","5","E14001573","E15000006","E24000005","E30000272","E16000150","E07000241","26ULGM","E00121464","26ULGM","E65000001","E01023921","E02004991","5","5B3","E00121464","E01023921","E02004991","E33027666","E38000049","E63011549","C1","4A2",51.760732,-0.236744,"E37000048","","E23000027",12010,"E56000035","E54000025","E00121464","E01023921","E02004991"
"AL100SE","AL10 0SE","AL10 0SE","198001","","E10000015","E58000627","E07000241","E05011061","E04004819","0","521826","0208318","1","E18000006","E40000007","E92000001","E12000006","5","E14001573","E15000006","E24000005","E30000272","E16000150","E07000241","26ULGM","E00121464","26ULGM","E65000001","E01023921","E02004991","5","5B3","E00121464","E01023921","E02004991","E33027666","E38000049","E63011549","C1","4A2",51.760310,-0.236195,"E37000048","","E23000027",12010,"E56000035","E54000025","E00121464","E01023921","E02004991"
"AL100SF","AL10 0SF","AL10 0SF","198001","","E10000015","E58000627","E07000241","E05011061","E04004819","0","521743","0208320","1","E18000006","E40000007","E92000001","E12000006","5","E14001573","E15000006","E24000005","E30000272","E16000150","E07000241","26ULGM","E00121464","26ULGM","E65000001","E01023921","E02004991","5","5B3","E00121464","E01023921","E02004991","E33027666","E38000049","E63011549","C1","4A2",51.760346,-0.237396,"E37000048","","E23000027",12010,"E56000035","E54000025","E00121464","E01023921","E02004991"
"AL100SG","AL10 0SG","AL10 0SG","198001","","E10000015","E58000627","E07000241","E05011061","E04004819","0","521670","0208240","1","E18000006","E40000007","E92000001","E12000006","5","E14001573","E15000006","E24000005","E30000272","E16000150","E07000241","26ULGM","E00121464","26ULGM","E65000001","E01023921","E02004991","5","5B3","E00121464","E01023921","E02004991","E33027666","E38000049","E63011549","C1","4A2",51.759643,-0.238482,"E37000048","","E23000027",12010,"E56000035","E54000025","E00121464","E01023921","E02004991"
"AL100SH","AL10 0SH","AL10 0SH","198001","","E10000015","E58000627","E07000241","E05011061","E04004819","0","521692","0208385","1","E18000006","E40000007","E92000001","E12000006","5","E14001573","E15000006","E24000005","E30000272","E16000150","E07000241","26ULGM","E00121459","26ULGM","E65000001","E01023921","E02004991","5","7A2","E00121459","E01023921","E02004991","E33024485","E38000049","E63011549","C1","4A2",51.760936,-0.238136,"E37000048","","E23000027",12010,"E56000035","E54000025","E00121459","E01023921","E02004991"
"AL100SJ","AL10 0SJ","AL10 0SJ","198001","","E10000015","E58000627","E07000241","E05011061","E04004819","0","521648","0208311","1","E18000006","E40000007","E92000001","E12000006","5","E14001573","E15000006","E24000005","E30000272","E16000150","E07000241","26ULGM","E00121464","26ULGM","E65000001","E01023921","E02004991","5","5B3","E00121464","E01023921","E02004991","E33027666","E38000049","E63011549","C1","4A2",51.760286,-0.238775,"E37000048","","E23000027",12010,"E56000035","E54000025","E00121464","E01023921","E02004991"
"AL100SL","AL10 0SL","AL10 0SL","198001","","E10000015","E58000627","E07000241","E05011061","E04004819","0","521748","0208378","1","E18000006","E40000007","E92000001","E12000006","5","E14001573","E15000006","E24000005","E30000272","E16000150","E07000241","26ULGM","E00121464","26ULGM","E65000001","E01023921","E02004991","5","5B3","E00121464","E01023921","E02004991","E33027666","E38000049","E63011549","C1","4A2",51.760866,-0.237304,"E37000048","","E23000027",12010,"E56000035","E54000025","E00121464","E01023921","E02004991"
"AL100SN","AL10 0SN","AL10 0SN","198001","","E10000015","E58000627","E07000241","E05011061","E04004819","0","521913","0208519","1","E18000006","E40000007","E92000001","E12000006","5","E14001573","E15000006","E24000005","E30000272","E16000150","E07000241","26ULGM","E00121460","26ULGM","E65000001","E01023921","E02004991","5","6B2","E00121460","E01023921","E02004991","E33027664","E38000049","E63011549","C1","4A2",51.762092,-0.234889,"E37000048","","E23000027",12010,"E56000035","E54000025","E00121460","E01023921","E02004991"
"AL100SP","AL10 0SP","AL10 0SP","198001","","E10000015","E58000628","E07000241","E05011061","E04004819","0","521979","0208664","1","E18000006","E40000007","E92000001","E12000006","5","E14001573","E15000006","E24000005","E30000272","E16000150","E07000241","26ULGM","E00121460","26ULGM","E65000001","E01023921","E02004991","5","6B2","E00121460","E01023921","E02004991","E33027664","E38000049","E63011549","C1","4A2",51.763387,-0.233858,"E37000048","","E23000027",12010,"E56000035","E54000025","E00121460","E01023921","E02004991"
"AL100SQ","AL10 0SQ","AL10 0SQ","198001","","E10000015","E58000627","E07000241","E05011061","E04004819","0","521595","0208235","1","E18000006","E40000007","E92000001","E12000006","5","E14001573","E15000006","E24000005","E30000272","E16000150","E07000241","26ULGM","E00121464","26ULGM","E65000001","E01023921","E02004991","5","5B3","E00121464","E01023921","E02004991","E33027666","E38000049","E63011549","C1","4A2",51.759614,-0.239569,"E37000048","","E23000027",12010,"E56000035","E54000025","E00121464","E01023921","E02004991"
"AL100SR","AL10 0SR","AL10 0SR","198001","201211","E10000015","E58000627","E07000241","E05011061","E04004819","0","521893","0208541","1","E18000006","E40000007","E92000001","E12000006","5","E14001573","E15000006","E24000005","E30000272","E16000150","E07000241","26ULGM","E00121459","26ULGM","E65000001","E01023921","E02004991","5","7A2","E00121459","E01023921","E02004991","E33024485","E38000049","E63011549","C1","4A2",51.762294,-0.235171,"E37000048","","E23000027",12010,"E56000035","E54000025","E00121459","E01023921","E02004991"
"AL100SS","AL10 0SS","AL10 0SS","198301","199501","E10000015","E58000627","E07000241","E05011061","E04004819","1","521900","0208500","8","E18000006","E40000007","E92000001","E12000006","5","E14001573","E15000006","E24000005","E30000272","E16000150","E07000241","26ULGM","E00121462","26ULGM","E65000001","E01023921","E02004991","5","5B3","E00121462","E01023921","E02004991","E33027666","E38000049","E63011549","C1","4A2",51.761924,-0.235084,"E37000048","","E23000027",12010,"E56000035","E54000025","E00121462","E01023921","E02004991"
"AL100ST","AL10 0ST","AL10 0ST","198001","","E10000015","E58000628","E07000241","E05011061","E04004819","0","521785","0208634","1","E18000006","E40000007","E92000001","E12000006","5","E14001573","E15000006","E24000005","E30000272","E16000150","E07000241","26ULGM","E00121459","26ULGM","E65000001","E01023921","E02004991","5","7A2","E00121459","E01023921","E02004991","E33024485","E38000049","E63011549","C1","4A2",51.763153,-0.236702,"E37000048","","E23000027",12010,"E56000035","E54000025","E00121459","E01023921","E02004991"
"AL100SU","AL10 0SU","AL10 0SU","199002","199501","E10000015","E58000628","E07000241","E05011061","E04004819","1","521700","0208600","8","E18000006","E40000007","E92000001","E12000006","5","E14001573","E15000006","E24000005","E30000272","E16000150","E07000241","26ULGM","E00121459","26ULGM","E65000001","E01023921","E02004991","5","7A2","E00121459","E01023921","E02004991","E33024485","E38000049","E63011549","C1","4A2",51.762866,-0.237945,"E37000048","","E23000027",12010,"E56000035","E54000025","E00121459","E01023921","E02004991"
"AL100SW","AL10 0SW","AL10 0SW","198001","","E10000015","E58000628","E07000241","E05011061","E04004819","0","521964","0208585","1","E18000006","E40000007","E92000001","E12000006","5","E14001573","E15000006","E24000005","E30000272","E16000150","E07000241","26ULGM","E00121460","26ULGM","E65000001","E01023921","E02004991","5","6B2","E00121460","E01023921","E02004991","E33027664","E38000049","E63011549","C1","4A2",51.762680,-0.234103,"E37000048","","E23000027",12010,"E56000035","E54000025","E00121460","E01023921","E02004991"
"AL100SX","AL10 0SX","AL10 0SX","198001","","E10000015","E58000628","E07000241","E05011061","E04004819","0","521664","0208502","1","E18000006","E40000007","E92000001","E12000006","5","E14001573","E15000006","E24000005","E30000272","E16000150","E07000241","26ULGM","E00121459","26ULGM","E65000001","E01023921","E02004991","5","7A2","E00121459","E01023921","E02004991","E33024485","E38000049","E63011549","C1","4A2",51.761999,-0.238477,"E37000048","","E23000027",12010,"E56000035","E54000025","E00121459","E01023921","E02004991"
"AL100SY","AL10 0SY","AL10 0SY","198001","","E10000015","E58000628","E07000241","E05011061","E04004819","0","521696","0208479","1","E18000006","E40000007","E92000001","E12000006","5","E14001573","E15000006","E24000005","E30000272","E16000150","E07000241","26ULGM","E00121459","26ULGM","E65000001","E01023921","E02004991","5","7A2","E00121459","E01023921","E02004991","E33024485","E38000049","E63011549","C1","4A2",51.761785,-0.238021,"E37000048","","E23000027",12010,"E56000035","E54000025","E00121459","E01023921","E02004991"
"AL100SZ","AL10 0SZ","AL10 0SZ","198001","","E10000015","E58000628","E07000241","E05011061","E04004819","0","521808","0208572","1","E18000006","E40000007","E92000001","E12000006","5","E14001573","E15000006","E24000005","E30000272","E16000150","E07000241","26ULGM","E00121459","26ULGM","E65000001","E01023921","E02004991","5","7A2","E00121459","E01023921","E02004991","E33024485","E38000049","E63011549","C1","4A2",51.762597,-0.236367,"E37000048","","E23000027",12010,"E56000035","E54000025","E00121459","E01023921","E02004991"
"AL100TA","AL10 0TA","AL10 0TA","198001","","E10000015","E58000627","E07000241","E05011061","E04004819","0","521961","0208523","1","E18000006","E40000007","E92000001","E12000006","5","E14001573","E15000006","E24000005","E30000272","E16000150","E07000241","26ULGM","E00121460","26ULGM","E65000001","E01023921","E02004991","5","6B2","E00121460","E01023921","E02004991","E33027664","E38000049","E63011549","C1","4A2",51.762123,-0.234168,"E37000048","","E23000027",12010,"E56000035","E54000025","E00121460","E01023921","E02004991"
"AL100TB","AL10 0TB","AL10 0TB","199501","199806","E10000015","E58000628","E07000241","E05011061","E04004819","1","521909","0208587","1","E18000006","E40000007","E92000001","E12000006","5","E14001573","E15000006","E24000005","E30000272","E16000150","E07000241","26ULGM","E00121460","26ULGM","E65000001","E01023921","E02004991","5","6B2","E00121460","E01023921","E02004991","E33027664","E38000049","E63011549","C1","4A2",51.762704,-0.234923,"E37000048","","E23000027",12010,"E56000035","E54000025","E00121460","E01023921","E02004991"
"AL100TD","AL10 0TD","AL10 0TD","198001","","E10000015","E58000628","E07000241","E05011061","E04004819","0","522026","0208544","1","E18000006","E40000007","E92000001","E12000006","5","E14001573","E15000006","E24000005","E30000272","E16000150","E07000241","26ULGM","E00121462","26ULGM","E65000001","E01023921","E02004991","5","5B3","E00121462","E01023921","E02004991","E33027666","E38000049","E63011549","C1","4A2",51.762292,-0.233243,"E37000048","","E23000027",12010,"E56000035","E54000025","E00121462","E01023921","E02004991"
"AL100TE","AL10 0TE","AL10 0TE","198301","200110","E10000015","E58000628","E07000241","E05011061","E04004819","1","521909","0208587","1","E18000006","E40000007","E92000001","E12000006","5","E14001573","E15000006","E24000005","E30000272","E16000150","E07000241","26ULGM","E00121460","26ULGM","E65000001","E01023921","E02004991","5","6B2","E00121460","E01023921","E02004991","E33027664","E38000049","E63011549","C1","4A2",51.762704,-0.234923,"E37000048","","E23000027",12010,"E56000035","E54000025","E00121460","E01023921","E02004991"
"AL100TF","AL10 0TF","AL10 0TF","200206","","E10000015","E58000628","E07000241","E05011061","E04004819","0","521889","0208587","1","E18000006","E40000007","E92000001","E12000006","5","E14001573","E15000006","E24000005","E30000272","E16000150","E07000241","26ULGM","E00121460","26ULGM","E65000001","E01023921","E02004991","5","6B2","E00121460","E01023921","E02004991","E33027664","E38000049","E63011549","C1","4A2",51.762708,-0.235212,"E37000048","","E23000027",12010,"E56000035","E54000025","E00121460","E01023921","E02004991"
"AL100TG","AL10 0TG","AL10 0TG","199301","199405","E10000015","E58000628","E07000241","E05011061","E04004819","1","522300","0208900","8","E18000006","E40000007","E92000001","E12000006","5","E14001573","E15000006","E24000005","E30000272","E16000150","E07000241","26ULGM","E00121479","26ULGM","E65000001","E01023920","E02004991","5","5B1","E00121479","E01023920","E02004991","E33027664","E38000049","E63011549","C1","3A1",51.765432,-0.229150,"E37000048","","E23000027",6540,"E56000035","E54000025","E00121479","E01023920","E02004991"
"AL100TH","AL10 0TH","AL10 0TH","199405","199512","E10000015","E58000628","E07000241","E05011061","E04004819","1","522700","0209300","8","E18000006","E40000007","E92000001","E12000006","5","E14001573","E15000006","E24000005","E30000272","E16000150","E07000241","26ULGP","E00121518","26ULGP","E65000001","E01023929","E02004989","5","1B1","E00121518","E01023929","E02004989","E33027655","E38000049","E63011549","C1","4A2",51.768939,-0.223215,"E37000048","","E23000027",15027,"E56000035","E54000025","E00121518","E01023929","E02004989"
"AL100TJ","AL10 0TJ","AL10 0TJ","199405","199507","E10000015","E58000628","E07000241","E05011061","E04004819","1","522700","0209300","8","E18000006","E40000007","E92000001","E12000006","5","E14001573","E15000006","E24000005","E30000272","E16000150","E07000241","26ULGP","E00121518","26ULGP","E65000001","E01023929","E02004989","5","1B1","E00121518","E01023929","E02004989","E33027655","E38000049","E63011549","C1","4A2",51.768939,-0.223215,"E37000048","","E23000027",15027,"E56000035","E54000025","E00121518","E01023929","E02004989"
"AL100TL","AL10 0TL","AL10 0TL","198001","","E10000015","E58000628","E07000241","E05011061","E04004819","0","522914","0209435","1","E18000006","E40000007","E92000001","E12000006","5","E14001573","E15000006","E24000005","E30000272","E16000150","E07000241","26ULGP","E00121516","26ULGP","E65000001","E01023930","E02004989","5","1B1","E00121516","E01023930","E02004989","E33027657","E38000049","E63011549","C1","4A2",51.770111,-0.220043,"E37000048","","E23000027",11495,"E56000035","E54000025","E00121516","E01023930","E02004989"
"AL100TN","AL10 0TN","AL10 0TN","198001","","E10000015","E58000628","E07000241","E05011061","E04004819","0","522922","0209387","1","E18000006","E40000007","E92000001","E12000006","5","E14001573","E15000006","E24000005","E30000272","E16000150","E07000241","26ULGP","E00121516","26ULGP","E65000001","E01023930","E02004989","5","1B1","E00121516","E01023930","E02004989","E33027657","E38000049","E63011549","C1","4A2",51.769678,-0.219945,"E37000048","","E23000027",11495,"E56000035","E54000025","E00121516","E01023930","E02004989"
"AL100TP","AL10 0TP","AL10 0TP","198001","","E10000015","E58000628","E07000241","E05011061","E04004819","0","523063","0209446","1","E18000006","E40000007","E92000001","E12000006","5","E14001573","E15000006","E24000005","E30000272","E16000150","E07000241","26ULGP","E00121516","26ULGP","E65000001","E01023930","E02004989","5","1B1","E00121516","E01023930","E02004989","E33027657","E38000049","E63011549","C1","4A2",51.770177,-0.217881,"E37000048","","E23000027",11495,"E56000035","E54000025","E00121516","E01023930","E02004989"
"AL100TQ","AL10 0TQ","AL10 0TQ","199812","200109","E10000015","E58000627","E07000241","E05011061","E04004819","1","521900","0208500","5","E18000006","E40000007","E92000001","E12000006","5","E14001573","E15000006","E24000005","E30000272","E16000150","E07000241","26ULGM","E00121462","26ULGM","E65000001","E01023921","E02004991","5","5B3","E00121462","E01023921","E02004991","E33027666","E38000049","E63011549","C1","4A2",51.761924,-0.235084,"E37000048","","E23000027",12010,"E56000035","E54000025","E00121462","E01023921","E02004991"
"AL100TR","AL10 0TR","AL10 0TR","198001","","E10000015","E58000628","E07000241","E05011061","E04004819","0","523098","0209556","1","E18000006","E40000007","E92000001","E12000006","5","E14001573","E15000006","E24000005","E30000272","E16000150","E07000241","26ULGP","E00121515","26ULGP","E65000001","E01023930","E02004989","5","5B3","E00121515","E01023930","E02004989","E33027657","E38000049","E63011549","C1","4A3",51.771158,-0.217335,"E37000048","","E23000027",11495,"E56000035","E54000025","E00121515","E01023930","E02004989"
"AL100TS","AL10 0TS","AL10 0TS","198001","","E10000015","E58000628","E07000241","E05011061","E04004819","0","523111","0209456","1","E18000006","E40000007","E92000001","E12000006","5","E14001573","E15000006","E24000005","E30000272","E16000150","E07000241","26ULGP","E00121515","26ULGP","E65000001","E01023930","E02004989","5","5B3","E00121515","E01023930","E02004989","E33027657","E38000049","E63011549","C1","4A3",51.770257,-0.217182,"E37000048","","E23000027",11495,"E56000035","E54000025","E00121515","E01023930","E02004989"
"AL100TT","AL10 0TT","AL10 0TT","198001","","E10000015","E58000628","E07000241","E05011061","E04004819","0","523046","0209540","1","E18000006","E40000007","E92000001","E12000006","5","E14001573","E15000006","E24000005","E30000272","E16000150","E07000241","26ULGP","E00121510","26ULGP","E65000001","E01023930","E02004989","5","7A2","E00121510","E01023930","E02004989","E33027657","E38000049","E63011549","C1","4A2",51.771026,-0.218094,"E37000048","","E23000027",11495,"E56000035","E54000025","E00121510","E01023930","E02004989"
"AL100TU","AL10 0TU","AL10 0TU","198001","","E10000015","E58000628","E07000241","E05011061","E04004819","0","522998","0209640","1","E18000006","E40000007","E92000001","E12000006","5","E14001573","E15000006","E24000005","E30000272","E16000150","E07000241","26ULGP","E00121510","26ULGP","E65000001","E01023930","E02004989","5","7A2","E00121510","E01023930","E02004989","E33027657","E38000049","E63011549","C1","4A2",51.771935,-0.218754,"E37000048","","E23000027",11495,"E56000035","E54000025","E00121510","E01023930","E02004989"
"AL100TW","AL10 0TW","AL10 0TW","198001","","E10000015","E58000628","E07000241","E05011061","E04004819","0","523084","0209355","1","E18000006","E40000007","E92000001","E12000006","5","E14001573","E15000006","E24000005","E30000272","E16000150","E07000241","26ULGP","E00121515","26ULGP","E65000001","E01023930","E02004989","5","5B3","E00121515","E01023930","E02004989","E33027657","E38000049","E63011549","C1","4A3",51.769355,-0.217609,"E37000048","","E23000027",11495,"E56000035","E54000025","E00121515","E01023930","E02004989"
"AL100TX","AL10 0TX","AL10 0TX","198001","","E10000015","E58000628","E07000241","E05011061","E04004819","0","523089","0209602","1","E18000006","E40000007","E92000001","E12000006","5","E14001573","E15000006","E24000005","E30000272","E16000150","E07000241","26ULGP","E00121508","26ULGP","E65000001","E01023931","E02004989","5","5B2","E00121508","E01033311","E02004989","E33024491","E38000049","E63011549","C1","7A3",51.771568,-0.217474,"E37000048","","E23000027",18334,"E56000035","E54000025","E00121508","E01033311","E02004989"
"AL100TY","AL10 0TY","AL10 0TY","198001","","E10000015","E58000628","E07000241","E05011061","E04004819","0","523044","0209714","1","E18000006","E40000007","E92000001","E12000006","5","E14001573","E15000006","E24000005","E30000272","E16000150","E07000241","26ULGP","E00121508","26ULGP","E65000001","E01023931","E02004989","5","5B2","E00121508","E01033311","E02004989","E33024491","E38000049","E63011549","C1","7A3",51.772584,-0.218086,"E37000048","","E23000027",18334,"E56000035","E54000025","E00121508","E01033311","E02004989"
"AL100TZ","AL10 0TZ","AL10 0TZ","198001","","E10000015","E58000628","E07000241","E05011061","E04004819","0","522931","0209801","1","E18000006","E40000007","E92000001","E12000006","5","E14001573","E15000006","E24000005","E30000272","E16000150","E07000241","26ULGP","E00121510","26ULGP","E65000001","E01023930","E02004989","5","7A2","E00121510","E01023930","E02004989","E33027657","E38000049","E63011549","C1","4A2",51.773391,-0.219692,"E37000048","","E23000027",11495,"E56000035","E54000025","E00121510","E01023930","E02004989"
"AL100UA","AL10 0UA","AL10 0UA","198001","","E10000015","E58000628","E07000241","E05011061","E04004819","0","522973","0209742","1","E18000006","E40000007","E92000001","E12000006","5","E14001573","E15000006","E24000005","E30000272","E16000150","E07000241","26ULGP","E00121510","26ULGP","E65000001","E01023930","E02004989","5","7A2","E00121510","E01023930","E02004989","E33027657","E38000049","E63011549","C1","4A2",51.772857,-0.219080,"E37000048","","E23000027",11495,"E56000035","E54000025","E00121510","E01023930","E02004989"
"AL100UB","AL10 0UB","AL10 0UB","198001","","E10000015","E58000628","E07000241","E05011061","E04004819","0","522922","0209702","1","E18000006","E40000007","E92000001","E12000006","5","E14001573","E15000006","E24000005","E30000272","E16000150","E07000241","26ULGP","E00121510","26ULGP","E65000001","E01023930","E02004989","5","7A2","E00121510","E01023930","E02004989","E33027657","E38000049","E63011549","C1","4A2",51.772503,-0.219858,"E37000048","","E23000027",11495,"E56000035","E54000025","E00121510","E01023930","E02004989"
"AL100UD","AL10 0UD","AL10 0UD","198001","","E10000015","E58000628","E07000241","E05011061","E04004819","0","522818","0209683","1","E18000006","E40000007","E92000001","E12000006","5","E14001573","E15000006","E24000005","E30000272","E16000150","E07000241","26ULGP","E00121514","26ULGP","E65000001","E01023930","E02004989","5","5B3","E00121514","E01023930","E02004989","E33027657","E38000049","E63011549","C1","3C1",51.772355,-0.221371,"E37000048","","E23000027",11495,"E56000035","E54000025","E00121514","E01023930","E02004989"
"AL100UE","AL10 0UE","AL10 0UE","198001","","E10000015","E58000628","E07000241","E05011061","E04004819","0","522881","0209616","1","E18000006","E40000007","E92000001","E12000006","5","E14001573","E15000006","E24000005","E30000272","E16000150","E07000241","26ULGP","E00121514","26ULGP","E65000001","E01023930","E02004989","5","5B3","E00121514","E01023930","E02004989","E33027657","E38000049","E63011549","C1","3C1",51.771739,-0.220482,"E37000048","","E23000027",11495,"E56000035","E54000025","E00121514","E01023930","E02004989"
"AL100UF","AL10 0UF","AL10 0UF","199812","200112","E10000015","E58000628","E07000241","E05011061","E04004819","1","522507","0208780","1","E18000006","E40000007","E92000001","E12000006","5","E14001573","E15000006","E24000005","E30000272","E16000150","E07000241","26ULGM","E00121461","26ULGM","E65000001","E01023920","E02004991","5","2A2","E00121461","E01023920","E02004991","E33024486","E38000049","E63011549","C1","3A2",51.764308,-0.226194,"E37000048","","E23000027",6540,"E56000035","E54000025","E00121461","E01023920","E02004991"
"AL100UG","AL10 0UG","AL10 0UG","198001","","E10000015","E58000628","E07000241","E05011061","E04004819","0","522698","0209628","1","E18000006","E40000007","E92000001","E12000006","5","E14001573","E15000006","E24000005","E30000272","E16000150","E07000241","26ULGP","E00121512","26ULGP","E65000001","E01023929","E02004989","5","1A2","E00121512","E01023929","E02004989","E33027657","E38000049","E63011549","C1","4A2",51.771893,-0.223104,"E37000048","","E23000027",15027,"E56000035","E54000025","E00121512","E01023929","E02004989"
"AL100UH","AL10 0UH","AL10 0UH","198001","","E10000015","E58000628","E07000241","E05011061","E04004819","0","522736","0209616","1","E18000006","E40000007","E92000001","E12000006","5","E14001573","E15000006","E24000005","E30000272","E16000150","E07000241","26ULGP","E00121512","26ULGP","E65000001","E01023929","E02004989","5","1A2","E00121512","E01023929","E02004989","E33027657","E38000049","E63011549","C1","4A2",51.771777,-0.222558,"E37000048","","E23000027",15027,"E56000035","E54000025","E00121512","E01023929","E02004989"
"AL100UJ","AL10 0UJ","AL10 0UJ","198001","","E10000015","E58000628","E07000241","E05011061","E04004819","0","522721","0209553","1","E18000006","E40000007","E92000001","E12000006","5","E14001573","E15000006","E24000005","E30000272","E16000150","E07000241","26ULGP","E00121512","26ULGP","E65000001","E01023929","E02004989","5","1A2","E00121512","E01023929","E02004989","E33027657","E38000049","E63011549","C1","4A2",51.771214,-0.222797,"E37000048","","E23000027",15027,"E56000035","E54000025","E00121512","E01023929","E02004989"
"AL100UL","AL10 0UL","AL10 0UL","198001","","E10000015","E58000628","E07000241","E05011061","E04004819","0","522722","0209483","1","E18000006","E40000007","E92000001","E12000006","5","E14001573","E15000006","E24000005","E30000272","E16000150","E07000241","26ULGP","E00121512","26ULGP","E65000001","E01023929","E02004989","5","1A2","E00121512","E01023929","E02004989","E33027657","E38000049","E63011549","C1","4A2",51.770585,-0.222808,"E37000048","","E23000027",15027,"E56000035","E54000025","E00121512","E01023929","E02004989"
"AL100UN","AL10 0UN","AL10 0UN","198001","","E10000015","E58000628","E07000241","E05011061","E04004819","0","522789","0209731","1","E18000006","E40000007","E92000001","E12000006","5","E14001573","E15000006","E24000005","E30000272","E16000150","E07000241","26ULGP","E00121510","26ULGP","E65000001","E01023930","E02004989","5","7A2","E00121510","E01023930","E02004989","E33027657","E38000049","E63011549","C1","4A2",51.772793,-0.221774,"E37000048","","E23000027",11495,"E56000035","E54000025","E00121510","E01023930","E02004989"
"AL100UP","AL10 0UP","AL10 0UP","198001","","E10000015","E58000628","E07000241","E05011061","E04004819","0","522910","0209668","1","E18000006","E40000007","E92000001","E12000006","5","E14001573","E15000006","E24000005","E30000272","E16000150","E07000241","26ULGP","E00121514","26ULGP","E65000001","E01023930","E02004989","5","5B3","E00121514","E01023930","E02004989","E33027657","E38000049","E63011549","C1","3C1",51.772200,-0.220043,"E37000048","","E23000027",11495,"E56000035","E54000025","E00121514","E01023930","E02004989"
"AL100UQ","AL10 0UQ","AL10 0UQ","198001","","E10000015","E58000628","E07000241","E05011061","E04004819","0","522778","0209612","1","E18000006","E40000007","E92000001","E12000006","5","E14001573","E15000006","E24000005","E30000272","E16000150","E07000241","26ULGP","E00121514","26ULGP","E65000001","E01023930","E02004989","5","5B3","E00121514","E01023930","E02004989","E33027657","E38000049","E63011549","C1","3C1",51.771726,-0.221975,"E37000048","","E23000027",11495,"E56000035","E54000025","E00121514","E01023930","E02004989"
"AL100UR","AL10 0UR","AL10 0UR","199806","","E10000015","E58000628","E07000241","E05011061","E04004819","0","522481","0208839","1","E18000006","E40000007","E92000001","E12000006","5","E14001573","E15000006","E24000005","E30000272","E16000150","E07000241","26ULGM","E00121461","26ULGM","E65000001","E01023920","E02004991","5","2A2","E00121461","E01023920","E02004991","E33024486","E38000049","E63011549","C1","3A2",51.764850,-0.226526,"E37000048","","E23000027",6540,"E56000035","E54000025","E00121461","E01023920","E02004991"
"AL100UT","AL10 0UT","AL10 0UT","200607","","E10000015","E58000628","E07000241","E05011061","E04004819","0","521809","0208613","1","E18000006","E40000007","E92000001","E12000006","5","E14001573","E15000006","E24000005","E30000272","E16000150","E07000241","26ULGM","E00121459","26ULGM","E65000001","E01023921","E02004991","5","7A2","E00121459","E01023921","E02004991","E33024485","E38000049","E63011549","C1","4A2",51.762959,-0.236362,"E37000048","","E23000027",12010,"E56000035","E54000025","E00121459","E01023921","E02004991"
"AL100UW","AL10 0UW","AL10 0UW","199201","","E10000015","E58000627","E07000241","E05011062","E04004819","0","522877","0208903","1","E18000006","E40000007","E92000001","E12000006","5","E14001573","E15000006","E24000005","E30000272","E16000150","E07000241","26ULGN","E00121501","26ULGN","E65000001","E01023927","E02004990","5","1A3","E00121501","E01023927","E02004990","E33027659","E38000049","E63011549","C1","4A1",51.765332,-0.220792,"E37000048","","E23000027",17409,"E56000035","E54000025","E00121501","E01023927","E02004990"
"AL100UX","AL10 0UX","AL10 0UX","199812","200110","E10000015","E58000628","E07000241","E05011061","E04004819","1","521536","0208427","1","E18000006","E40000007","E92000001","E12000006","5","E14001573","E15000006","E24000005","E30000272","E16000150","E07000241","26ULGM","E00121459","26ULGM","E65000001","E01023921","E02004991","5","7A2","E00121459","E01023921","E02004991","E33024485","E38000049","E63011549","C1","4A2",51.761347,-0.240381,"E37000048","","E23000027",12010,"E56000035","E54000025","E00121459","E01023921","E02004991"
"AL100UY","AL10 0UY","AL10 0UY","199412","199812","E10000015","E58000628","E07000241","E05011061","E04004819","1","522414","0209116","6","E18000006","E40000007","E92000001","E12000006","5","E14001573","E15000006","E24000005","E30000272","E16000150","E07000241","26ULGP","E00121517","26ULGP","E65000001","E01023931","E02004989","5","7A3","E00121517","E01033311","E02004989","E33027655","E38000049","E63011549","C1","4C3",51.767348,-0.227423,"E37000048","","E23000027",18334,"E56000035","E54000025","E00121517","E01033311","E02004989"
"AL100UZ","AL10 0UZ","AL10 0UZ","199501","199712","E10000015","E58000628","E07000241","E05011061","E04004819","1","522413","0209116","6","E18000006","E40000007","E92000001","E12000006","5","E14001573","E15000006","E24000005","E30000272","E16000150","E07000241","26ULGP","E00121517","26ULGP","E65000001","E01023931","E02004989","5","7A3","E00121517","E01033311","E02004989","E33027655","E38000049","E63011549","C1","4C3",51.767348,-0.227437,"E37000048","","E23000027",18334,"E56000035","E54000025","E00121517","E01033311","E02004989"
"AL100WA","AL10 0WA","AL10 0WA","200112","200212","E10000015","E58000628","E07000241","E05011061","E04004819","1","521536","0208427","5","E18000006","E40000007","E92000001","E12000006","5","E14001573","E15000006","E24000005","E30000272","E16000150","E07000241","26ULGM","E00121459","26ULGM","E65000001","E01023921","E02004991","5","7A2","E00121459","E01023921","E02004991","E33024485","E38000049","E63011549","C1","4A2",51.761347,-0.240381,"E37000048","","E23000027",12010,"E56000035","E54000025","E00121459","E01023921","E02004991"
"AL100WG","AL10 0WG","AL10 0WG","200207","200310","E10000015","E58000627","E07000241","E05011062","E04004819","1","522876","0208901","5","E18000006","E40000007","E92000001","E12000006","5","E14001573","E15000006","E24000005","E30000272","E16000150","E07000241","26ULGN","E00121501","26ULGN","E65000001","E01023927","E02004990","5","1A3","E00121501","E01023927","E02004990","E33027659","E38000049","E63011549","C1","4A1",51.765315,-0.220807,"E37000048","","E23000027",17409,"E56000035","E54000025","E00121501","E01023927","E02004990"
"AL100WH","AL10 0WH","AL10 0WH","199606","199712","E10000015","E58000628","E07000241","E05011061","E04004819","1","522413","0209116","6","E18000006","E40000007","E92000001","E12000006","5","E14001573","E15000006","E24000005","E30000272","E16000150","E07000241","26ULGP","E00121517","26ULGP","E65000001","E01023931","E02004989","5","7A3","E00121517","E01033311","E02004989","E33027655","E38000049","E63011549","C1","4C3",51.767348,-0.227437,"E37000048","","E23000027",18334,"E56000035","E54000025","E00121517","E01033311","E02004989"
"AL100WX","AL10 0WX","AL10 0WX","200701","200701","E10000015","E58000628","E07000241","E05011061","E04004819","1","522507","0208780","1","E18000006","E40000007","E92000001","E12000006","5","E14001573","E15000006","E24000005","E30000272","E16000150","E07000241","26ULGM","E00121461","26ULGM","E65000001","E01023920","E02004991","5","2A2","E00121461","E01023920","E02004991","E33024486","E38000049","E63011549","C1","3A2",51.764308,-0.226194,"E37000048","","E23000027",6540,"E56000035","E54000025","E00121461","E01023920","E02004991"
"AL100WY","AL10 0WY","AL10 0WY","200410","201009","E10000015","E58000628","E07000241","E05011061","E04004819","1","522507","0208780","1","E18000006","E40000007","E92000001","E12000006","5","E14001573","E15000006","E24000005","E30000272","E16000150","E07000241","26ULGM","E00121461","26ULGM","E65000001","E01023920","E02004991","5","2A2","E00121461","E01023920","E02004991","E33024486","E38000049","E63011549","C1","3A2",51.764308,-0.226194,"E37000048","","E23000027",6540,"E56000035","E54000025","E00121461","E01023920","E02004991"
"AL100WZ","AL10 0WZ","AL10 0WZ","200408","200806","E10000015","E58000628","E07000241","E05011061","E04004819","1","522507","0208780","1","E18000006","E40000007","E92000001","E12000006","5","E14001573","E15000006","E24000005","E30000272","E16000150","E07000241","26ULGM","E00121461","26ULGM","E65000001","E01023920","E02004991","5","2A2","E00121461","E01023920","E02004991","E33024486","E38000049","E63011549","C1","3A2",51.764308,-0.226194,"E37000048","","E23000027",6540,"E56000035","E54000025","E00121461","E01023920","E02004991"
"AL100XA","AL10 0XA","AL10 0XA","198504","199405","E10000015","E58000628","E07000241","E05011061","E04004819","1","522400","0208800","8","E18000006","E40000007","E92000001","E12000006","5","E14001573","E15000006","E24000005","E30000272","E16000150","E07000241","26ULGM","E00121479","26ULGM","E65000001","E01023920","E02004991","5","5B1","E00121479","E01023920","E02004991","E33027664","E38000049","E63011549","C1","3A1",51.764511,-0.227737,"E37000048","","E23000027",6540,"E56000035","E54000025","E00121479","E01023920","E02004991"
"AL100XB","AL10 0XB","AL10 0XB","199412","199512","E10000015","E58000630","E07000241","E05011064","E04004819","1","521400","0208300","8","E18000006","E40000007","E92000001","E12000006","5","E14001573","E15000006","E24000005","E30000272","E16000150","E07000241","26ULGR","E00121548","26ULGR","E65000001","E01023938","E02004989","5","4B4","E00121548","E01023938","E02004989","E33024492","E38000049","","C1","4C1",51.760235,-0.242395,"E37000048","","E23000027",25209,"E56000035","E54000025","E00190321","E01023938","E02004989"
"AL100XD","AL10 0XD","AL10 0XD","199507","199612","E10000015","E58000630","E07000241","E05011064","E04004819","1","521400","0208300","8","E18000006","E40000007","E92000001","E12000006","5","E14001573","E15000006","E24000005","E30000272","E16000150","E07000241","26ULGR","E00121548","26ULGR","E65000001","E01023938","E02004989","5","4B4","E00121548","E01023938","E02004989","E33024492","E38000049","","C1","4C1",51.760235,-0.242395,"E37000048","","E23000027",25209,"E56000035","E54000025","E00190321","E01023938","E02004989"
"AL100XE","AL10 0XE","AL10 0XE","199507","199612","E10000015","E58000630","E07000241","E05011064","E04004819","1","521400","0208300","8","E18000006","E40000007","E92000001","E12000006","5","E14001573","E15000006","E24000005","E30000272","E16000150","E07000241","26ULGR","E00121548","26ULGR","E65000001","E01023938","E02004989","5","4B4","E00121548","E01023938","E02004989","E33024492","E38000049","","C1","4C1",51.760235,-0.242395,"E37000048","","E23000027",25209,"E56000035","E54000025","E00190321","E01023938","E02004989"
"AL100XF","AL10 0XF","AL10 0XF","199507","199812","E10000015","E58000628","E07000241","E05011061","E04004819","1","522414","0209116","6","E18000006","E40000007","E92000001","E12000006","5","E14001573","E15000006","E24000005","E30000272","E16000150","E07000241","26ULGP","E00121517","26ULGP","E65000001","E01023931","E02004989","5","7A3","E00121517","E01033311","E02004989","E33027655","E38000049","E63011549","C1","4C3",51.767348,-0.227423,"E37000048","","E23000027",18334,"E56000035","E54000025","E00121517","E01033311","E02004989"
"AL100XG","AL10 0XG","AL10 0XG","200106","200204","E10000015","E58000628","E07000241","E05011061","E04004819","1","522507","0208780","1","E18000006","E40000007","E92000001","E12000006","5","E14001573","E15000006","E24000005","E30000272","E16000150","E07000241","26ULGM","E00121461","26ULGM","E65000001","E01023920","E02004991","5","2A2","E00121461","E01023920","E02004991","E33024486","E38000049","E63011549","C1","3A2",51.764308,-0.226194,"E37000048","","E23000027",6540,"E56000035","E54000025","E00121461","E01023920","E02004991"
"AL100XJ","AL10 0XJ","AL10 0XJ","200207","200806","E10000015","E58000628","E07000241","E05011061","E04004819","1","522507","0208780","1","E18000006","E40000007","E92000001","E12000006","5","E14001573","E15000006","E24000005","E30000272","E16000150","E07000241","26ULGM","E00121461","26ULGM","E65000001","E01023920","E02004991","5","2A2","E00121461","E01023920","E02004991","E33024486","E38000049","E63011549","C1","3A2",51.764308,-0.226194,"E37000048","","E23000027",6540,"E56000035","E54000025","E00121461","E01023920","E02004991"
"AL100XN","AL10 0XN","AL10 0XN","200209","200307","E10000015","E58000628","E07000241","E05011061","E04004819","1","521536","0208427","5","E18000006","E40000007","E92000001","E12000006","5","E14001573","E15000006","E24000005","E30000272","E16000150","E07000241","26ULGM","E00121459","26ULGM","E65000001","E01023921","E02004991","5","7A2","E00121459","E01023921","E02004991","E33024485","E38000049","E63011549","C1","4A2",51.761347,-0.240381,"E37000048","","E23000027",12010,"E56000035","E54000025","E00121459","E01023921","E02004991"
"AL100XR","AL10 0XR","AL10 0XR","199201","","E10000015","E58000628","E07000241","E05011061","E04004819","0","521536","0208427","1","E18000006","E40000007","E92000001","E12000006","5","E14001573","E15000006","E24000005","E30000272","E16000150","E07000241","26ULGM","E00121459","26ULGM","E65000001","E01023921","E02004991","5","7A2","E00121459","E01023921","E02004991","E33024485","E38000049","E63011549","C1","4A2",51.761353,-0.240357,"E37000048","","E23000027",12010,"E56000035","E54000025","E00121459","E01023921","E02004991"
"AL100XS","AL10 0XS","AL10 0XS","199201","","E10000015","E58000628","E07000241","E05011061","E04004819","0","521666","0208610","1","E18000006","E40000007","E92000001","E12000006","5","E14001573","E15000006","E24000005","E30000272","E16000150","E07000241","26ULGM","E00121459","26ULGM","E65000001","E01023921","E02004991","5","7A2","E00121459","E01023921","E02004991","E33024485","E38000049","E63011549","C1","4A2",51.762964,-0.238434,"E37000048","","E23000027",12010,"E56000035","E54000025","E00121459","E01023921","E02004991"
"AL100XT","AL10 0XT","AL10 0XT","199201","199405","E10000015","E58000630","E07000241","E05011064","E04004819","1","521400","0208300","8","E18000006","E40000007","E92000001","E12000006","5","E14001573","E15000006","E24000005","E30000272","E16000150","E07000241","26ULGR","E00121548","26ULGR","E65000001","E01023938","E02004989","5","4B4","E00121548","E01023938","E02004989","E33024492","E38000049","","C1","4C1",51.760235,-0.242395,"E37000048","","E23000027",25209,"E56000035","E54000025","E00190321","E01023938","E02004989"
"AL100XU","AL10 0XU","AL10 0XU","199201","","E10000015","E58000628","E07000241","E05011061","E04004819","0","521666","0208610","1","E18000006","E40000007","E92000001","E12000006","5","E14001573","E15000006","E24000005","E30000272","E16000150","E07000241","26ULGM","E00121459","26ULGM","E65000001","E01023921","E02004991","5","7A2","E00121459","E01023921","E02004991","E33024485","E38000049","E63011549","C1","4A2",51.762964,-0.238434,"E37000048","","E23000027",12010,"E56000035","E54000025","E00121459","E01023921","E02004991"
"AL100XX","AL10 0XX","AL10 0XX","199201","","E10000015","E58000628","E07000241","E05011061","E04004819","0","521666","0208610","1","E18000006","E40000007","E92000001","E12000006","5","E14001573","E15000006","E24000005","E30000272","E16000150","E07000241","26ULGM","E00121459","26ULGM","E65000001","E01023921","E02004991","5","7A2","E00121459","E01023921","E02004991","E33024485","E38000049","E63011549","C1","4A2",51.762964,-0.238434,"E37000048","","E23000027",12010,"E56000035","E54000025","E00121459","E01023921","E02004991"
"AL100XY","AL10 0XY","AL10 0XY","199201","","E10000015","E58000628","E07000241","E05011061","E04004819","0","521657","0208583","1","E18000006","E40000007","E92000001","E12000006","5","E14001573","E15000006","E24000005","E30000272","E16000150","E07000241","26ULGM","E00121459","26ULGM","E65000001","E01023921","E02004991","5","7A2","E00121459","E01023921","E02004991","E33024485","E38000049","E63011549","C1","4A2",51.762729,-0.238550,"E37000048","","E23000027",12010,"E56000035","E54000025","E00121459","E01023921","E02004991"
"AL100YA","AL10 0YA","AL10 0YA","199201","","E10000015","E58000628","E07000241","E05011061","E04004819","0","521536","0208427","1","E18000006","E40000007","E92000001","E12000006","5","E14001573","E15000006","E24000005","E30000272","E16000150","E07000241","26ULGM","E00121459","26ULGM","E65000001","E01023921","E02004991","5","7A2","E00121459","E01023921","E02004991","E33024485","E38000049","E63011549","C1","4A2",51.761347,-0.240381,"E37000048","","E23000027",12010,"E56000035","E54000025","E00121459","E01023921","E02004991"
"AL100YB","AL10 0YB","AL10 0YB","199201","","E10000015","E58000628","E07000241","E05011061","E04004819","0","521536","0208427","1","E18000006","E40000007","E92000001","E12000006","5","E14001573","E15000006","E24000005","E30000272","E16000150","E07000241","26ULGM","E00121459","26ULGM","E65000001","E01023921","E02004991","5","7A2","E00121459","E01023921","E02004991","E33024485","E38000049","E63011549","C1","4A2",51.761347,-0.240381,"E37000048","","E23000027",12010,"E56000035","E54000025","E00121459","E01023921","E02004991"
"AL100YD","AL10 0YD","AL10 0YD","199201","","E10000015","E58000628","E07000241","E05011061","E04004819","0","521527","0208393","1","E18000006","E40000007","E92000001","E12000006","5","E14001573","E15000006","E24000005","E30000272","E16000150","E07000241","26ULGM","E00121459","26ULGM","E65000001","E01023921","E02004991","5","7A2","E00121459","E01023921","E02004991","E33024485","E38000049","E63011549","C1","4A2",51.761049,-0.240499,"E37000048","","E23000027",12010,"E56000035","E54000025","E00121459","E01023921","E02004991"
"AL100YE","AL10 0YE","AL10 0YE","199201","199812","E10000015","E58000628","E07000241","E05011061","E04004819","0","521666","0208610","1","E18000006","E40000007","E92000001","E12000006","5","E14001573","E15000006","E24000005","E30000272","E16000150","E07000241","26ULGM","E00121459","26ULGM","E65000001","E01023921","E02004991","5","7A2","E00121459","E01023921","E02004991","E33024485","E38000049","E63011549","C1","4A2",51.762964,-0.238434,"E37000048","","E23000027",12010,"E56000035","E54000025","E00121459","E01023921","E02004991"
"AL100YF","AL10 0YF","AL10 0YF","200803","201709","E10000015","E58000628","E07000241","E05011061","E04004819","1","522503","0208775","1","E18000006","E40000007","E92000001","E12000006","5","E14001573","E15000006","E24000005","E30000272","E16000150","E07000241","26ULGM","E00121461","26ULGM","E65000001","E01023920","E02004991","5","2A2","E00121461","E01023920","E02004991","E33024486","E38000049","E63011549","C1","3A2",51.764264,-0.226254,"E37000048","","E23000027",6540,"E56000035","E54000025","E00121461","E01023920","E02004991"
"AL100YH","AL10 0YH","AL10 0YH","200205","201107","E10000015","E58000628","E07000241","E05011061","E04004819","1","522507","0208780","1","E18000006","E40000007","E92000001","E12000006","5","E14001573","E15000006","E24000005","E30000272","E16000150","E07000241","26ULGM","E00121461","26ULGM","E65000001","E01023920","E02004991","5","2A2","E00121461","E01023920","E02004991","E33024486","E38000049","E63011549","C1","3A2",51.764308,-0.226194,"E37000048","","E23000027",6540,"E56000035","E54000025","E00121461","E01023920","E02004991"
"AL100YQ","AL10 0YQ","AL10 0YQ","200407","200508","E10000015","E58000628","E07000241","E05011061","E04004819","1","521536","0208427","5","E18000006","E40000007","E92000001","E12000006","5","E14001573","E15000006","E24000005","E30000272","E16000150","E07000241","26ULGM","E00121459","26ULGM","E65000001","E01023921","E02004991","5","7A2","E00121459","E01023921","E02004991","E33024485","E38000049","E63011549","C1","4A2",51.761347,-0.240381,"E37000048","","E23000027",12010,"E56000035","E54000025","E00121459","E01023921","E02004991"
"AL100YS","AL10 0YS","AL10 0YS","200307","200806","E10000015","E58000628","E07000241","E05011061","E04004819","1","522507","0208780","1","E18000006","E40000007","E92000001","E12000006","5","E14001573","E15000006","E24000005","E30000272","E16000150","E07000241","26ULGM","E00121461","26ULGM","E65000001","E01023920","E02004991","5","2A2","E00121461","E01023920","E02004991","E33024486","E38000049","E63011549","C1","3A2",51.764308,-0.226194,"E37000048","","E23000027",6540,"E56000035","E54000025","E00121461","E01023920","E02004991"
"AL100YY","AL10 0YY","AL10 0YY","199806","200101","E10000015","E58000628","E07000241","E05011061","E04004819","1","522479","0208649","1","E18000006","E40000007","E92000001","E12000006","5","E14001573","E15000006","E24000005","E30000272","E16000150","E07000241","26ULGM","E00121461","26ULGM","E65000001","E01023920","E02004991","5","2A2","E00121461","E01023920","E02004991","E33024487","E38000049","E63011549","C1","3A2",51.763137,-0.226646,"E37000048","","E23000027",6540,"E56000035","E54000025","E00121461","E01023920","E02004991"
"AL100YZ","AL10 0YZ","AL10 0YZ","200311","200602","E10000015","E58000628","E07000241","E05011061","E04004819","1","522507","0208780","1","E18000006","E40000007","E92000001","E12000006","5","E14001573","E15000006","E24000005","E30000272","E16000150","E07000241","26ULGM","E00121461","26ULGM","E65000001","E01023920","E02004991","5","2A2","E00121461","E01023920","E02004991","E33024486","E38000049","E63011549","C1","3A2",51.764308,-0.226194,"E37000048","","E23000027",6540,"E56000035","E54000025","E00121461","E01023920","E02004991"
"AL100ZD","AL10 0ZD","AL10 0ZD","199806","199906","E10000015","E58000628","E07000241","E05011061","E04004819","1","522414","0209116","6","E18000006","E40000007","E92000001","E12000006","5","E14001573","E15000006","E24000005","E30000272","E16000150","E07000241","26ULGP","E00121517","26ULGP","E65000001","E01023931","E02004989","5","7A3","E00121517","E01033311","E02004989","E33027655","E38000049","E63011549","C1","4C3",51.767348,-0.227423,"E37000048","","E23000027",18334,"E56000035","E54000025","E00121517","E01033311","E02004989"
"AL100ZE","AL10 0ZE","AL10 0ZE","199806","199906","E10000015","E58000628","E07000241","E05011061","E04004819","1","522414","0209116","6","E18000006","E40000007","E92000001","E12000006","5","E14001573","E15000006","E24000005","E30000272","E16000150","E07000241","26ULGP","E00121517","26ULGP","E65000001","E01023931","E02004989","5","7A3","E00121517","E01033311","E02004989","E33027655","E38000049","E63011549","C1","4C3",51.767348,-0.227423,"E37000048","","E23000027",18334,"E56000035","E54000025","E00121517","E01033311","E02004989"
"AL100ZF","AL10 0ZF","AL10 0ZF","199806","199906","E10000015","E58000628","E07000241","E05011061","E04004819","1","522414","0209116","6","E18000006","E40000007","E92000001","E12000006","5","E14001573","E15000006","E24000005","E30000272","E16000150","E07000241","26ULGP","E00121517","26ULGP","E65000001","E01023931","E02004989","5","7A3","E00121517","E01033311","E02004989","E33027655","E38000049","E63011549","C1","4C3",51.767348,-0.227423,"E37000048","","E23000027",18334,"E56000035","E54000025","E00121517","E01033311","E02004989"
"AL100ZG","AL10 0ZG","AL10 0ZG","199806","199912","E10000015","E58000628","E07000241","E05011061","E04004819","1","522429","0209119","6","E18000006","E40000007","E92000001","E12000006","5","E14001573","E15000006","E24000005","E30000272","E16000150","E07000241","26ULGP","E00121517","26ULGP","E65000001","E01023931","E02004989","5","7A3","E00121517","E01033311","E02004989","E33027655","E38000049","E63011549","C1","4C3",51.767372,-0.227204,"E37000048","","E23000027",18334,"E56000035","E54000025","E00121517","E01033311","E02004989"
"AL100ZH","AL10 0ZH","AL10 0ZH","199812","200101","E10000015","E58000628","E07000241","E05011061","E04004819","1","522414","0209116","6","E18000006","E40000007","E92000001","E12000006","5","E14001573","E15000006","E24000005","E30000272","E16000150","E07000241","26ULGP","E00121517","26ULGP","E65000001","E01023931","E02004989","5","7A3","E00121517","E01033311","E02004989","E33027655","E38000049","E63011549","C1","4C3",51.767348,-0.227423,"E37000048","","E23000027",18334,"E56000035","E54000025","E00121517","E01033311","E02004989"
"AL100ZJ","AL10 0ZJ","AL10 0ZJ","199812","200006","E10000015","E58000628","E07000241","E05011061","E04004819","1","522429","0209119","6","E18000006","E40000007","E92000001","E12000006","5","E14001573","E15000006","E24000005","E30000272","E16000150","E07000241","26ULGP","E00121517","26ULGP","E65000001","E01023931","E02004989","5","7A3","E00121517","E01033311","E02004989","E33027655","E38000049","E63011549","C1","4C3",51.767372,-0.227204,"E37000048","","E23000027",18334,"E56000035","E54000025","E00121517","E01033311","E02004989"
"AL100ZL","AL10 0ZL","AL10 0ZL","199812","200108","E10000015","E58000628","E07000241","E05011061","E04004819","1","522507","0208780","1","E18000006","E40000007","E92000001","E12000006","5","E14001573","E15000006","E24000005","E30000272","E16000150","E07000241","26ULGM","E00121461","26ULGM","E65000001","E01023920","E02004991","5","2A2","E00121461","E01023920","E02004991","E33024486","E38000049","E63011549","C1","3A2",51.764308,-0.226194,"E37000048","","E23000027",6540,"E56000035","E54000025","E00121461","E01023920","E02004991"
"AL100ZN","AL10 0ZN","AL10 0ZN","199812","200011","E10000015","E58000628","E07000241","E05011061","E04004819","1","522429","0209119","6","E18000006","E40000007","E92000001","E12000006","5","E14001573","E15000006","E24000005","E30000272","E16000150","E07000241","26ULGP","E00121517","26ULGP","E65000001","E01023931","E02004989","5","7A3","E00121517","E01033311","E02004989","E33027655","E38000049","E63011549","C1","4C3",51.767372,-0.227204,"E37000048","","E23000027",18334,"E56000035","E54000025","E00121517","E01033311","E02004989"
"AL100ZP","AL10 0ZP","AL10 0ZP","200012","200201","E10000015","E58000628","E07000241","E05011061","E04004819","1","522507","0208780","1","E18000006","E40000007","E92000001","E12000006","5","E14001573","E15000006","E24000005","E30000272","E16000150","E07000241","26ULGM","E00121461","26ULGM","E65000001","E01023920","E02004991","5","2A2","E00121461","E01023920","E02004991","E33024486","E38000049","E63011549","C1","3A2",51.764308,-0.226194,"E37000048","","E23000027",6540,"E56000035","E54000025","E00121461","E01023920","E02004991"
"AL100ZQ","AL10 0ZQ","AL10 0ZQ","200012","200408","E10000015","E58000628","E07000241","E05011061","E04004819","1","522507","0208780","1","E18000006","E40000007","E92000001","E12000006","5","E14001573","E15000006","E24000005","E30000272","E16000150","E07000241","26ULGM","E00121461","26ULGM","E65000001","E01023920","E02004991","5","2A2","E00121461","E01023920","E02004991","E33024486","E38000049","E63011549","C1","3A2",51.764308,-0.226194,"E37000048","","E23000027",6540,"E56000035","E54000025","E00121461","E01023920","E02004991"
"AL100ZR","AL10 0ZR","AL10 0ZR","199812","199912","E10000015","E58000628","E07000241","E05011061","E04004819","1","522429","0209119","6","E18000006","E40000007","E92000001","E12000006","5","E14001573","E15000006","E24000005","E30000272","E16000150","E07000241","26ULGP","E00121517","26ULGP","E65000001","E01023931","E02004989","5","7A3","E00121517","E01033311","E02004989","E33027655","E38000049","E63011549","C1","4C3",51.767372,-0.227204,"E37000048","","E23000027",18334,"E56000035","E54000025","E00121517","E01033311","E02004989"
"AL100ZS","AL10 0ZS","AL10 0ZS","200012","200601","E10000015","E58000628","E07000241","E05011061","E04004819","1","522507","0208780","1","E18000006","E40000007","E92000001","E12000006","5","E14001573","E15000006","E24000005","E30000272","E16000150","E07000241","26ULGM","E00121461","26ULGM","E65000001","E01023920","E02004991","5","2A2","E00121461","E01023920","E02004991","E33024486","E38000049","E63011549","C1","3A2",51.764308,-0.226194,"E37000048","","E23000027",6540,"E56000035","E54000025","E00121461","E01023920","E02004991"
"AL100ZT","AL10 0ZT","AL10 0ZT","200006","200303","E10000015","E58000628","E07000241","E05011061","E04004819","1","522507","0208780","1","E18000006","E40000007","E92000001","E12000006","5","E14001573","E15000006","E24000005","E30000272","E16000150","E07000241","26ULGM","E00121461","26ULGM","E65000001","E01023920","E02004991","5","2A2","E00121461","E01023920","E02004991","E33024486","E38000049","E63011549","C1","3A2",51.764308,-0.226194,"E37000048","","E23000027",6540,"E56000035","E54000025","E00121461","E01023920","E02004991"
"AL100ZU","AL10 0ZU","AL10 0ZU","199912","200203","E10000015","E58000628","E07000241","E05011061","E04004819","1","522507","0208780","1","E18000006","E40000007","E92000001","E12000006","5","E14001573","E15000006","E24000005","E30000272","E16000150","E07000241","26ULGM","E00121461","26ULGM","E65000001","E01023920","E02004991","5","2A2","E00121461","E01023920","E02004991","E33024486","E38000049","E63011549","C1","3A2",51.764308,-0.226194,"E37000048","","E23000027",6540,"E56000035","E54000025","E00121461","E01023920","E02004991"
"AL100ZW","AL10 0ZW","AL10 0ZW","199912","201811","E10000015","E58000628","E07000241","E05011061","E04004819","1","522503","0208775","1","E18000006","E40000007","E92000001","E12000006","5","E14001573","E15000006","E24000005","E30000272","E16000150","E07000241","26ULGM","E00121461","26ULGM","E65000001","E01023920","E02004991","5","2A2","E00121461","E01023920","E02004991","E33024486","E38000049","E63011549","C1","3A2",51.764264,-0.226254,"E37000048","","E23000027",6540,"E56000035","E54000025","E00121461","E01023920","E02004991"
"AL100ZX","AL10 0ZX","AL10 0ZX","200402","200509","E10000015","E58000628","E07000241","E05011061","E04004819","1","522507","0208780","1","E18000006","E40000007","E92000001","E12000006","5","E14001573","E15000006","E24000005","E30000272","E16000150","E07000241","26ULGM","E00121461","26ULGM","E65000001","E01023920","E02004991","5","2A2","E00121461","E01023920","E02004991","E33024486","E38000049","E63011549","C1","3A2",51.764308,-0.226194,"E37000048","","E23000027",6540,"E56000035","E54000025","E00121461","E01023920","E02004991"
"AL100ZY","AL10 0ZY","AL10 0ZY","200106","200806","E10000015","E58000628","E07000241","E05011061","E04004819","1","522507","0208780","1","E18000006","E40000007","E92000001","E12000006","5","E14001573","E15000006","E24000005","E30000272","E16000150","E07000241","26ULGM","E00121461","26ULGM","E65000001","E01023920","E02004991","5","2A2","E00121461","E01023920","E02004991","E33024486","E38000049","E63011549","C1","3A2",51.764308,-0.226194,"E37000048","","E23000027",6540,"E56000035","E54000025","E00121461","E01023920","E02004991"
"AL100ZZ","AL10 0ZZ","AL10 0ZZ","199906","200006","E10000015","E58000628","E07000241","E05011061","E04004819","1","522429","0209119","6","E18000006","E40000007","E92000001","E12000006","5","E14001573","E15000006","E24000005","E30000272","E16000150","E07000241","26ULGP","E00121517","26ULGP","E65000001","E01023931","E02004989","5","7A3","E00121517","E01033311","E02004989","E33027655","E38000049","E63011549","C1","4C3",51.767372,-0.227204,"E37000048","","E23000027",18334,"E56000035","E54000025","E00121517","E01033311","E02004989"
"AL101AA","AL10 1AA","AL10 1AA","200501","201202","E10000015","E58000628","E07000241","E05011061","E04004819","1","522507","0208780","1","E18000006","E40000007","E92000001","E12000006","5","E14001573","E15000006","E24000005","E30000272","E16000150","E07000241","26ULGM","E00121461","26ULGM","E65000001","E01023920","E02004991","5","2A2","E00121461","E01023920","E02004991","E33024486","E38000049","E63011549","C1","3A2",51.764308,-0.226194,"E37000048","","E23000027",6540,"E56000035","E54000025","E00121461","E01023920","E02004991"
"AL101AB","AL10 1AB","AL10 1AB","200501","200801","E10000015","E58000628","E07000241","E05011061","E04004819","1","522507","0208780","1","E18000006","E40000007","E92000001","E12000006","5","E14001573","E15000006","E24000005","E30000272","E16000150","E07000241","26ULGM","E00121461","26ULGM","E65000001","E01023920","E02004991","5","2A2","E00121461","E01023920","E02004991","E33024486","E38000049","E63011549","C1","3A2",51.764308,-0.226194,"E37000048","","E23000027",6540,"E56000035","E54000025","E00121461","E01023920","E02004991"
"AL101AD","AL10 1AD","AL10 1AD","200501","200603","E10000015","E58000628","E07000241","E05011061","E04004819","1","522507","0208780","1","E18000006","E40000007","E92000001","E12000006","5","E14001573","E15000006","E24000005","E30000272","E16000150","E07000241","26ULGM","E00121461","26ULGM","E65000001","E01023920","E02004991","5","2A2","E00121461","E01023920","E02004991","E33024486","E38000049","E63011549","C1","3A2",51.764308,-0.226194,"E37000048","","E23000027",6540,"E56000035","E54000025","E00121461","E01023920","E02004991"
"AL101AE","AL10 1AE","AL10 1AE","200502","200803","E10000015","E58000628","E07000241","E05011061","E04004819","1","522507","0208780","1","E18000006","E40000007","E92000001","E12000006","5","E14001573","E15000006","E24000005","E30000272","E16000150","E07000241","26ULGM","E00121461","26ULGM","E65000001","E01023920","E02004991","5","2A2","E00121461","E01023920","E02004991","E33024486","E38000049","E63011549","C1","3A2",51.764308,-0.226194,"E37000048","","E23000027",6540,"E56000035","E54000025","E00121461","E01023920","E02004991"
"AL101AF","AL10 1AF","AL10 1AF","200606","200607","E10000015","E58000628","E07000241","E05011061","E04004819","1","522507","0208780","1","E18000006","E40000007","E92000001","E12000006","5","E14001573","E15000006","E24000005","E30000272","E16000150","E07000241","26ULGM","E00121461","26ULGM","E65000001","E01023920","E02004991","5","2A2","E00121461","E01023920","E02004991","E33024486","E38000049","E63011549","C1","3A2",51.764308,-0.226194,"E37000048","","E23000027",6540,"E56000035","E54000025","E00121461","E01023920","E02004991"
"AL101AG","AL10 1AG","AL10 1AG","200502","200604","E10000015","E58000628","E07000241","E05011061","E04004819","1","522507","0208780","1","E18000006","E40000007","E92000001","E12000006","5","E14001573","E15000006","E24000005","E30000272","E16000150","E07000241","26ULGM","E00121461","26ULGM","E65000001","E01023920","E02004991","5","2A2","E00121461","E01023920","E02004991","E33024486","E38000049","E63011549","C1","3A2",51.764308,-0.226194,"E37000048","","E23000027",6540,"E56000035","E54000025","E00121461","E01023920","E02004991"
"AL101AH","AL10 1AH","AL10 1AH","200503","200604","E10000015","E58000628","E07000241","E05011061","E04004819","1","522507","0208780","1","E18000006","E40000007","E92000001","E12000006","5","E14001573","E15000006","E24000005","E30000272","E16000150","E07000241","26ULGM","E00121461","26ULGM","E65000001","E01023920","E02004991","5","2A2","E00121461","E01023920","E02004991","E33024486","E38000049","E63011549","C1","3A2",51.764308,-0.226194,"E37000048","","E23000027",6540,"E56000035","E54000025","E00121461","E01023920","E02004991"
"AL101AJ","AL10 1AJ","AL10 1AJ","200503","","E10000015","E58000628","E07000241","E05011061","E04004819","1","522503","0208775","1","E18000006","E40000007","E92000001","E12000006","5","E14001573","E15000006","E24000005","E30000272","E16000150","E07000241","26ULGM","E00121461","26ULGM","E65000001","E01023920","E02004991","5","2A2","E00121461","E01023920","E02004991","E33024486","E38000049","E63011549","C1","3A2",51.764264,-0.226254,"E37000048","","E23000027",6540,"E56000035","E54000025","E00121461","E01023920","E02004991"
"AL101AL","AL10 1AL","AL10 1AL","200503","","E10000015","E58000628","E07000241","E05011061","E04004819","1","522503","0208775","1","E18000006","E40000007","E92000001","E12000006","5","E14001573","E15000006","E24000005","E30000272","E16000150","E07000241","26ULGM","E00121461","26ULGM","E65000001","E01023920","E02004991","5","2A2","E00121461","E01023920","E02004991","E33024486","E38000049","E63011549","C1","3A2",51.764264,-0.226254,"E37000048","","E23000027",6540,"E56000035","E54000025","E00121461","E01023920","E02004991"
"AL101AN","AL10 1AN","AL10 1AN","200503","200804","E10000015","E58000628","E07000241","E05011061","E04004819","1","522507","0208780","1","E18000006","E40000007","E92000001","E12000006","5","E14001573","E15000006","E24000005","E30000272","E16000150","E07000241","26ULGM","E00121461","26ULGM","E65000001","E01023920","E02004991","5","2A2","E00121461","E01023920","E02004991","E33024486","E38000049","E63011549","C1","3A2",51.764308,-0.226194,"E37000048","","E23000027",6540,"E56000035","E54000025","E00121461","E01023920","E02004991"
"AL101AP","AL10 1AP","AL10 1AP","200504","200601","","","","","","1","","","9","","","E92000001",""," ","","","","","","","","","","","",""," ","","","","","","","","","",99.999999,0.000000,"","","",0,"","","","",""
"AL101AQ","AL10 1AQ","AL10 1AQ","200504","200605","E10000015","E58000628","E07000241","E05011061","E04004819","1","522507","0208780","1","E18000006","E40000007","E92000001","E12000006","5","E14001573","E15000006","E24000005","E30000272","E16000150","E07000241","26ULGM","E00121461","26ULGM","E65000001","E01023920","E02004991","5","2A2","E00121461","E01023920","E02004991","E33024486","E38000049","E63011549","C1","3A2",51.764308,-0.226194,"E37000048","","E23000027",6540,"E56000035","E54000025","E00121461","E01023920","E02004991"
"AL101AR","AL10 1AR","AL10 1AR","200505","200605","E10000015","E58000628","E07000241","E05011061","E04004819","1","522507","0208780","1","E18000006","E40000007","E92000001","E12000006","5","E14001573","E15000006","E24000005","E30000272","E16000150","E07000241","26ULGM","E00121461","26ULGM","E65000001","E01023920","E02004991","5","2A2","E00121461","E01023920","E02004991","E33024486","E38000049","E63011549","C1","3A2",51.764308,-0.226194,"E37000048","","E23000027",6540,"E56000035","E54000025","E00121461","E01023920","E02004991"
"AL101AS","AL10 1AS","AL10 1AS","200606","200607","E10000015","E58000628","E07000241","E05011061","E04004819","1","522507","0208780","1","E18000006","E40000007","E92000001","E12000006","5","E14001573","E15000006","E24000005","E30000272","E16000150","E07000241","26ULGM","E00121461","26ULGM","E65000001","E01023920","E02004991","5","2A2","E00121461","E01023920","E02004991","E33024486","E38000049","E63011549","C1","3A2",51.764308,-0.226194,"E37000048","","E23000027",6540,"E56000035","E54000025","E00121461","E01023920","E02004991"
"AL101AT","AL10 1AT","AL10 1AT","200505","200707","E10000015","E58000628","E07000241","E05011061","E04004819","1","522507","0208780","1","E18000006","E40000007","E92000001","E12000006","5","E14001573","E15000006","E24000005","E30000272","E16000150","E07000241","26ULGM","E00121461","26ULGM","E65000001","E01023920","E02004991","5","2A2","E00121461","E01023920","E02004991","E33024486","E38000049","E63011549","C1","3A2",51.764308,-0.226194,"E37000048","","E23000027",6540,"E56000035","E54000025","E00121461","E01023920","E02004991"
"AL101AU","AL10 1AU","AL10 1AU","200606","200607","E10000015","E58000628","E07000241","E05011061","E04004819","1","522507","0208780","1","E18000006","E40000007","E92000001","E12000006","5","E14001573","E15000006","E24000005","E30000272","E16000150","E07000241","26ULGM","E00121461","26ULGM","E65000001","E01023920","E02004991","5","2A2","E00121461","E01023920","E02004991","E33024486","E38000049","E63011549","C1","3A2",51.764308,-0.226194,"E37000048","","E23000027",6540,"E56000035","E54000025","E00121461","E01023920","E02004991"
"AL101AW","AL10 1AW","AL10 1AW","200606","200607","E10000015","E58000628","E07000241","E05011061","E04004819","1","522507","0208780","1","E18000006","E40000007","E92000001","E12000006","5","E14001573","E15000006","E24000005","E30000272","E16000150","E07000241","26ULGM","E00121461","26ULGM","E65000001","E01023920","E02004991","5","2A2","E00121461","E01023920","E02004991","E33024486","E38000049","E63011549","C1","3A2",51.764308,-0.226194,"E37000048","","E23000027",6540,"E56000035","E54000025","E00121461","E01023920","E02004991"
"AL101AX","AL10 1AX","AL10 1AX","200507","200808","E10000015","E58000628","E07000241","E05011061","E04004819","1","522507","0208780","1","E18000006","E40000007","E92000001","E12000006","5","E14001573","E15000006","E24000005","E30000272","E16000150","E07000241","26ULGM","E00121461","26ULGM","E65000001","E01023920","E02004991","5","2A2","E00121461","E01023920","E02004991","E33024486","E38000049","E63011549","C1","3A2",51.764308,-0.226194,"E37000048","","E23000027",6540,"E56000035","E54000025","E00121461","E01023920","E02004991"
"AL101AY","AL10 1AY","AL10 1AY","200507","201809","E10000015","E58000628","E07000241","E05011061","E04004819","1","522503","0208775","1","E18000006","E40000007","E92000001","E12000006","5","E14001573","E15000006","E24000005","E30000272","E16000150","E07000241","26ULGM","E00121461","26ULGM","E65000001","E01023920","E02004991","5","2A2","E00121461","E01023920","E02004991","E33024486","E38000049","E63011549","C1","3A2",51.764264,-0.226254,"E37000048","","E23000027",6540,"E56000035","E54000025","E00121461","E01023920","E02004991"
"AL101AZ","AL10 1AZ","AL10 1AZ","200508","202110","E10000015","E58000628","E07000241","E05011061","E04004819","1","522503","0208775","1","E18000006","E40000007","E92000001","E12000006","5","E14001573","E15000006","E24000005","E30000272","E16000150","E07000241","26ULGM","E00121461","26ULGM","E65000001","E01023920","E02004991","5","2A2","E00121461","E01023920","E02004991","E33024486","E38000049","E63011549","C1","3A2",51.764264,-0.226254,"E37000048","","E23000027",6540,"E56000035","E54000025","E00121461","E01023920","E02004991"
"AL101BA","AL10 1BA","AL10 1BA","200510","200605","E10000015","E58000628","E07000241","E05011061","E04004819","1","522507","0208780","1","E18000006","E40000007","E92000001","E12000006","5","E14001573","E15000006","E24000005","E30000272","E16000150","E07000241","26ULGM","E00121461","26ULGM","E65000001","E01023920","E02004991","5","2A2","E00121461","E01023920","E02004991","E33024486","E38000049","E63011549","C1","3A2",51.764308,-0.226194,"E37000048","","E23000027",6540,"E56000035","E54000025","E00121461","E01023920","E02004991"
"AL101BB","AL10 1BB","AL10 1BB","200510","200806","E10000015","E58000628","E07000241","E05011061","E04004819","1","522507","0208780","1","E18000006","E40000007","E92000001","E12000006","5","E14001573","E15000006","E24000005","E30000272","E16000150","E07000241","26ULGM","E00121461","26ULGM","E65000001","E01023920","E02004991","5","2A2","E00121461","E01023920","E02004991","E33024486","E38000049","E63011549","C1","3A2",51.764308,-0.226194,"E37000048","","E23000027",6540,"E56000035","E54000025","E00121461","E01023920","E02004991"
"AL101BD","AL10 1BD","AL10 1BD","200701","200701","E10000015","E58000628","E07000241","E05011061","E04004819","1","522507","0208780","1","E18000006","E40000007","E92000001","E12000006","5","E14001573","E15000006","E24000005","E30000272","E16000150","E07000241","26ULGM","E00121461","26ULGM","E65000001","E01023920","E02004991","5","2A2","E00121461","E01023920","E02004991","E33024486","E38000049","E63011549","C1","3A2",51.764308,-0.226194,"E37000048","","E23000027",6540,"E56000035","E54000025","E00121461","E01023920","E02004991"
"AL101BE","AL10 1BE","AL10 1BE","200601","201403","E10000015","E58000628","E07000241","E05011061","E04004819","1","522507","0208780","1","E18000006","E40000007","E92000001","E12000006","5","E14001573","E15000006","E24000005","E30000272","E16000150","E07000241","26ULGM","E00121461","26ULGM","E65000001","E01023920","E02004991","5","2A2","E00121461","E01023920","E02004991","E33024486","E38000049","E63011549","C1","3A2",51.764308,-0.226194,"E37000048","","E23000027",6540,"E56000035","E54000025","E00121461","E01023920","E02004991"
"AL101BF","AL10 1BF","AL10 1BF","200602","200902","E10000015","E58000628","E07000241","E05011061","E04004819","1","522507","0208780","1","E18000006","E40000007","E92000001","E12000006","5","E14001573","E15000006","E24000005","E30000272","E16000150","E07000241","26ULGM","E00121461","26ULGM","E65000001","E01023920","E02004991","5","2A2","E00121461","E01023920","E02004991","E33024486","E38000049","E63011549","C1","3A2",51.764308,-0.226194,"E37000048","","E23000027",6540,"E56000035","E54000025","E00121461","E01023920","E02004991"
"AL101BG","AL10 1BG","AL10 1BG","200602","201105","E10000015","E58000628","E07000241","E05011061","E04004819","1","522507","0208780","1","E18000006","E40000007","E92000001","E12000006","5","E14001573","E15000006","E24000005","E30000272","E16000150","E07000241","26ULGM","E00121461","26ULGM","E65000001","E01023920","E02004991","5","2A2","E00121461","E01023920","E02004991","E33024486","E38000049","E63011549","C1","3A2",51.764308,-0.226194,"E37000048","","E23000027",6540,"E56000035","E54000025","E00121461","E01023920","E02004991"
"AL101BH","AL10 1BH","AL10 1BH","200603","200704","E10000015","E58000628","E07000241","E05011061","E04004819","1","522507","0208780","1","E18000006","E40000007","E92000001","E12000006","5","E14001573","E15000006","E24000005","E30000272","E16000150","E07000241","26ULGM","E00121461","26ULGM","E65000001","E01023920","E02004991","5","2A2","E00121461","E01023920","E02004991","E33024486","E38000049","E63011549","C1","3A2",51.764308,-0.226194,"E37000048","","E23000027",6540,"E56000035","E54000025","E00121461","E01023920","E02004991"
"AL101BJ","AL10 1BJ","AL10 1BJ","200603","200610","E10000015","E58000628","E07000241","E05011061","E04004819","1","522507","0208780","1","E18000006","E40000007","E92000001","E12000006","5","E14001573","E15000006","E24000005","E30000272","E16000150","E07000241","26ULGM","E00121461","26ULGM","E65000001","E01023920","E02004991","5","2A2","E00121461","E01023920","E02004991","E33024486","E38000049","E63011549","C1","3A2",51.764308,-0.226194,"E37000048","","E23000027",6540,"E56000035","E54000025","E00121461","E01023920","E02004991"
"AL101BL","AL10 1BL","AL10 1BL","200604","200705","E10000015","E58000628","E07000241","E05011061","E04004819","1","522507","0208780","1","E18000006","E40000007","E92000001","E12000006","5","E14001573","E15000006","E24000005","E30000272","E16000150","E07000241","26ULGM","E00121461","26ULGM","E65000001","E01023920","E02004991","5","2A2","E00121461","E01023920","E02004991","E33024486","E38000049","E63011549","C1","3A2",51.764308,-0.226194,"E37000048","","E23000027",6540,"E56000035","E54000025","E00121461","E01023920","E02004991"
"AL101BN","AL10 1BN","AL10 1BN","200706","200707","E10000015","E58000628","E07000241","E05011061","E04004819","1","522507","0208780","1","E18000006","E40000007","E92000001","E12000006","5","E14001573","E15000006","E24000005","E30000272","E16000150","E07000241","26ULGM","E00121461","26ULGM","E65000001","E01023920","E02004991","5","2A2","E00121461","E01023920","E02004991","E33024486","E38000049","E63011549","C1","3A2",51.764308,-0.226194,"E37000048","","E23000027",6540,"E56000035","E54000025","E00121461","E01023920","E02004991"
"AL101BP","AL10 1BP","AL10 1BP","200605","200808","E10000015","E58000628","E07000241","E05011061","E04004819","1","522507","0208780","1","E18000006","E40000007","E92000001","E12000006","5","E14001573","E15000006","E24000005","E30000272","E16000150","E07000241","26ULGM","E00121461","26ULGM","E65000001","E01023920","E02004991","5","2A2","E00121461","E01023920","E02004991","E33024486","E38000049","E63011549","C1","3A2",51.764308,-0.226194,"E37000048","","E23000027",6540,"E56000035","E54000025","E00121461","E01023920","E02004991"
"AL101BQ","AL10 1BQ","AL10 1BQ","200607","201008","E10000015","E58000628","E07000241","E05011061","E04004819","1","522507","0208780","1","E18000006","E40000007","E92000001","E12000006","5","E14001573","E15000006","E24000005","E30000272","E16000150","E07000241","26ULGM","E00121461","26ULGM","E65000001","E01023920","E02004991","5","2A2","E00121461","E01023920","E02004991","E33024486","E38000049","E63011549","C1","3A2",51.764308,-0.226194,"E37000048","","E23000027",6540,"E56000035","E54000025","E00121461","E01023920","E02004991"
"AL101BR","AL10 1BR","AL10 1BR","200607","200808","E10000015","E58000628","E07000241","E05011061","E04004819","1","522507","0208780","1","E18000006","E40000007","E92000001","E12000006","5","E14001573","E15000006","E24000005","E30000272","E16000150","E07000241","26ULGM","E00121461","26ULGM","E65000001","E01023920","E02004991","5","2A2","E00121461","E01023920","E02004991","E33024486","E38000049","E63011549","C1","3A2",51.764308,-0.226194,"E37000048","","E23000027",6540,"E56000035","E54000025","E00121461","E01023920","E02004991"
"AL101BS","AL10 1BS","AL10 1BS","200607","200708","E10000015","E58000628","E07000241","E05011061","E04004819","1","522507","0208780","1","E18000006","E40000007","E92000001","E12000006","5","E14001573","E15000006","E24000005","E30000272","E16000150","E07000241","26ULGM","E00121461","26ULGM","E65000001","E01023920","E02004991","5","2A2","E00121461","E01023920","E02004991","E33024486","E38000049","E63011549","C1","3A2",51.764308,-0.226194,"E37000048","","E23000027",6540,"E56000035","E54000025","E00121461","E01023920","E02004991"
"AL101BT","AL10 1BT","AL10 1BT","200608","200704","E10000015","E58000628","E07000241","E05011061","E04004819","1","522507","0208780","1","E18000006","E40000007","E92000001","E12000006","5","E14001573","E15000006","E24000005","E30000272","E16000150","E07000241","26ULGM","E00121461","26ULGM","E65000001","E01023920","E02004991","5","2A2","E00121461","E01023920","E02004991","E33024486","E38000049","E63011549","C1","3A2",51.764308,-0.226194,"E37000048","","E23000027",6540,"E56000035","E54000025","E00121461","E01023920","E02004991"
"AL101BU","AL10 1BU","AL10 1BU","200609","200806","E10000015","E58000628","E07000241","E05011061","E04004819","1","522507","0208780","1","E18000006","E40000007","E92000001","E12000006","5","E14001573","E15000006","E24000005","E30000272","E16000150","E07000241","26ULGM","E00121461","26ULGM","E65000001","E01023920","E02004991","5","2A2","E00121461","E01023920","E02004991","E33024486","E38000049","E63011549","C1","3A2",51.764308,-0.226194,"E37000048","","E23000027",6540,"E56000035","E54000025","E00121461","E01023920","E02004991"
"AL101BW","AL10 1BW","AL10 1BW","200705","200711","E10000015","E58000628","E07000241","E05011061","E04004819","1","522507","0208780","1","E18000006","E40000007","E92000001","E12000006","5","E14001573","E15000006","E24000005","E30000272","E16000150","E07000241","26ULGM","E00121461","26ULGM","E65000001","E01023920","E02004991","5","2A2","E00121461","E01023920","E02004991","E33024486","E38000049","E63011549","C1","3A2",51.764308,-0.226194,"E37000048","","E23000027",6540,"E56000035","E54000025","E00121461","E01023920","E02004991"
"AL101BX","AL10 1BX","AL10 1BX","200812","200903","E10000015","E58000628","E07000241","E05011061","E04004819","1","522507","0208780","1","E18000006","E40000007","E92000001","E12000006","5","E14001573","E15000006","E24000005","E30000272","E16000150","E07000241","26ULGM","E00121461","26ULGM","E65000001","E01023920","E02004991","5","2A2","E00121461","E01023920","E02004991","E33024486","E38000049","E63011549","C1","3A2",51.764308,-0.226194,"E37000048","","E23000027",6540,"E56000035","E54000025","E00121461","E01023920","E02004991"
"AL101BY","AL10 1BY","AL10 1BY","200701","201212","E10000015","E58000628","E07000241","E05011061","E04004819","1","522507","0208780","1","E18000006","E40000007","E92000001","E12000006","5","E14001573","E15000006","E24000005","E30000272","E16000150","E07000241","26ULGM","E00121461","26ULGM","E65000001","E01023920","E02004991","5","2A2","E00121461","E01023920","E02004991","E33024486","E38000049","E63011549","C1","3A2",51.764308,-0.226194,"E37000048","","E23000027",6540,"E56000035","E54000025","E00121461","E01023920","E02004991"
"AL101BZ","AL10 1BZ","AL10 1BZ","200703","201804","E10000015","E58000628","E07000241","E05011061","E04004819","1","522503","0208775","1","E18000006","E40000007","E92000001","E12000006","5","E14001573","E15000006","E24000005","E30000272","E16000150","E07000241","26ULGM","E00121461","26ULGM","E65000001","E01023920","E02004991","5","2A2","E00121461","E01023920","E02004991","E33024486","E38000049","E63011549","C1","3A2",51.764264,-0.226254,"E37000048","","E23000027",6540,"E56000035","E54000025","E00121461","E01023920","E02004991"
"AL101DA","AL10 1DA","AL10 1DA","200703","200804","E10000015","E58000628","E07000241","E05011061","E04004819","1","522507","0208780","1","E18000006","E40000007","E92000001","E12000006","5","E14001573","E15000006","E24000005","E30000272","E16000150","E07000241","26ULGM","E00121461","26ULGM","E65000001","E01023920","E02004991","5","2A2","E00121461","E01023920","E02004991","E33024486","E38000049","E63011549","C1","3A2",51.764308,-0.226194,"E37000048","","E23000027",6540,"E56000035","E54000025","E00121461","E01023920","E02004991"
"AL101DB","AL10 1DB","AL10 1DB","200705","200806","E10000015","E58000628","E07000241","E05011061","E04004819","1","522507","0208780","1","E18000006","E40000007","E92000001","E12000006","5","E14001573","E15000006","E24000005","E30000272","E16000150","E07000241","26ULGM","E00121461","26ULGM","E65000001","E01023920","E02004991","5","2A2","E00121461","E01023920","E02004991","E33024486","E38000049","E63011549","C1","3A2",51.764308,-0.226194,"E37000048","","E23000027",6540,"E56000035","E54000025","E00121461","E01023920","E02004991"
"AL101DD","AL10 1DD","AL10 1DD","200707","200908","E10000015","E58000628","E07000241","E05011061","E04004819","1","522507","0208780","1","E18000006","E40000007","E92000001","E12000006","5","E14001573","E15000006","E24000005","E30000272","E16000150","E07000241","26ULGM","E00121461","26ULGM","E65000001","E01023920","E02004991","5","2A2","E00121461","E01023920","E02004991","E33024486","E38000049","E63011549","C1","3A2",51.764308,-0.226194,"E37000048","","E23000027",6540,"E56000035","E54000025","E00121461","E01023920","E02004991"
"AL101DE","AL10 1DE","AL10 1DE","200708","200809","E10000015","E58000628","E07000241","E05011061","E04004819","1","522507","0208780","1","E18000006","E40000007","E92000001","E12000006","5","E14001573","E15000006","E24000005","E30000272","E16000150","E07000241","26ULGM","E00121461","26ULGM","E65000001","E01023920","E02004991","5","2A2","E00121461","E01023920","E02004991","E33024486","E38000049","E63011549","C1","3A2",51.764308,-0.226194,"E37000048","","E23000027",6540,"E56000035","E54000025","E00121461","E01023920","E02004991"
"AL101DF","AL10 1DF","AL10 1DF","200709","200810","E10000015","E58000628","E07000241","E05011061","E04004819","1","522507","0208780","1","E18000006","E40000007","E92000001","E12000006","5","E14001573","E15000006","E24000005","E30000272","E16000150","E07000241","26ULGM","E00121461","26ULGM","E65000001","E01023920","E02004991","5","2A2","E00121461","E01023920","E02004991","E33024486","E38000049","E63011549","C1","3A2",51.764308,-0.226194,"E37000048","","E23000027",6540,"E56000035","E54000025","E00121461","E01023920","E02004991"
"AL101DG","AL10 1DG","AL10 1DG","200711","200903","E10000015","E58000628","E07000241","E05011061","E04004819","1","522507","0208780","1","E18000006","E40000007","E92000001","E12000006","5","E14001573","E15000006","E24000005","E30000272","E16000150","E07000241","26ULGM","E00121461","26ULGM","E65000001","E01023920","E02004991","5","2A2","E00121461","E01023920","E02004991","E33024486","E38000049","E63011549","C1","3A2",51.764308,-0.226194,"E37000048","","E23000027",6540,"E56000035","E54000025","E00121461","E01023920","E02004991"
"AL101DH","AL10 1DH","AL10 1DH","200801","200901","E10000015","E58000628","E07000241","E05011061","E04004819","1","522507","0208780","1","E18000006","E40000007","E92000001","E12000006","5","E14001573","E15000006","E24000005","E30000272","E16000150","E07000241","26ULGM","E00121461","26ULGM","E65000001","E01023920","E02004991","5","2A2","E00121461","E01023920","E02004991","E33024486","E38000049","E63011549","C1","3A2",51.764308,-0.226194,"E37000048","","E23000027",6540,"E56000035","E54000025","E00121461","E01023920","E02004991"
"AL101DJ","AL10 1DJ","AL10 1DJ","200802","201809","E10000015","E58000628","E07000241","E05011061","E04004819","1","522503","0208775","1","E18000006","E40000007","E92000001","E12000006","5","E14001573","E15000006","E24000005","E30000272","E16000150","E07000241","26ULGM","E00121461","26ULGM","E65000001","E01023920","E02004991","5","2A2","E00121461","E01023920","E02004991","E33024486","E38000049","E63011549","C1","3A2",51.764264,-0.226254,"E37000048","","E23000027",6540,"E56000035","E54000025","E00121461","E01023920","E02004991"
"AL101DL","AL10 1DL","AL10 1DL","201305","201504","E10000015","E58000628","E07000241","E05011061","E04004819","1","522507","0208780","1","E18000006","E40000007","E92000001","E12000006","5","E14001573","E15000006","E24000005","E30000272","E16000150","E07000241","26ULGM","E00121461","26ULGM","E65000001","E01023920","E02004991","5","2A2","E00121461","E01023920","E02004991","E33024486","E38000049","E63011549","C1","3A2",51.764308,-0.226194,"E37000048","","E23000027",6540,"E56000035","E54000025","E00121461","E01023920","E02004991"
"AL101DN","AL10 1DN","AL10 1DN","200905","201204","E10000015","E58000628","E07000241","E05011061","E04004819","1","522507","0208780","1","E18000006","E40000007","E92000001","E12000006","5","E14001573","E15000006","E24000005","E30000272","E16000150","E07000241","26ULGM","E00121461","26ULGM","E65000001","E01023920","E02004991","5","2A2","E00121461","E01023920","E02004991","E33024486","E38000049","E63011549","C1","3A2",51.764308,-0.226194,"E37000048","","E23000027",6540,"E56000035","E54000025","E00121461","E01023920","E02004991"
"AL101DP","AL10 1DP","AL10 1DP","200803","200908","E10000015","E58000628","E07000241","E05011061","E04004819","1","522507","0208780","1","E18000006","E40000007","E92000001","E12000006","5","E14001573","E15000006","E24000005","E30000272","E16000150","E07000241","26ULGM","E00121461","26ULGM","E65000001","E01023920","E02004991","5","2A2","E00121461","E01023920","E02004991","E33024486","E38000049","E63011549","C1","3A2",51.764308,-0.226194,"E37000048","","E23000027",6540,"E56000035","E54000025","E00121461","E01023920","E02004991"
"AL101DQ","AL10 1DQ","AL10 1DQ","200803","201204","E10000015","E58000628","E07000241","E05011061","E04004819","1","522507","0208780","1","E18000006","E40000007","E92000001","E12000006","5","E14001573","E15000006","E24000005","E30000272","E16000150","E07000241","26ULGM","E00121461","26ULGM","E65000001","E01023920","E02004991","5","2A2","E00121461","E01023920","E02004991","E33024486","E38000049","E63011549","C1","3A2",51.764308,-0.226194,"E37000048","","E23000027",6540,"E56000035","E54000025","E00121461","E01023920","E02004991"
"AL101DR","AL10 1DR","AL10 1DR","200804","201809","E10000015","E58000628","E07000241","E05011061","E04004819","1","522503","0208775","1","E18000006","E40000007","E92000001","E12000006","5","E14001573","E15000006","E24000005","E30000272","E16000150","E07000241","26ULGM","E00121461","26ULGM","E65000001","E01023920","E02004991","5","2A2","E00121461","E01023920","E02004991","E33024486","E38000049","E63011549","C1","3A2",51.764264,-0.226254,"E37000048","","E23000027",6540,"E56000035","E54000025","E00121461","E01023920","E02004991"
"AL101DS","AL10 1DS","AL10 1DS","200804","201206","E10000015","E58000628","E07000241","E05011061","E04004819","1","522507","0208780","1","E18000006","E40000007","E92000001","E12000006","5","E14001573","E15000006","E24000005","E30000272","E16000150","E07000241","26ULGM","E00121461","26ULGM","E65000001","E01023920","E02004991","5","2A2","E00121461","E01023920","E02004991","E33024486","E38000049","E63011549","C1","3A2",51.764308,-0.226194,"E37000048","","E23000027",6540,"E56000035","E54000025","E00121461","E01023920","E02004991"
"AL101DT","AL10 1DT","AL10 1DT","202109","202206","E10000015","E58000628","E07000241","E05011061","E04004819","1","522503","0208775","1","E18000006","E40000007","E92000001","E12000006","5","E14001573","E15000006","E24000005","E30000272","E16000150","E07000241","26ULGM","E00121461","26ULGM","E65000001","E01023920","E02004991","5","2A2","E00121461","E01023920","E02004991","E33024486","E38000049","E63011549","C1","3A2",51.764270,-0.226230,"E37000048","","E23000027",6540,"E56000035","E54000025","E00121461","E01023920","E02004991"
"AL101DU","AL10 1DU","AL10 1DU","200804","201811","E10000015","E58000628","E07000241","E05011061","E04004819","1","522503","0208775","1","E18000006","E40000007","E92000001","E12000006","5","E14001573","E15000006","E24000005","E30000272","E16000150","E07000241","26ULGM","E00121461","26ULGM","E65000001","E01023920","E02004991","5","2A2","E00121461","E01023920","E02004991","E33024486","E38000049","E63011549","C1","3A2",51.764264,-0.226254,"E37000048","","E23000027",6540,"E56000035","E54000025","E00121461","E01023920","E02004991"
"AL101DW","AL10 1DW","AL10 1DW","200808","200908","E10000015","E58000628","E07000241","E05011061","E04004819","1","522507","0208780","1","E18000006","E40000007","E92000001","E12000006","5","E14001573","E15000006","E24000005","E30000272","E16000150","E07000241","26ULGM","E00121461","26ULGM","E65000001","E01023920","E02004991","5","2A2","E00121461","E01023920","E02004991","E33024486","E38000049","E63011549","C1","3A2",51.764308,-0.226194,"E37000048","","E23000027",6540,"E56000035","E54000025","E00121461","E01023920","E02004991"
"AL101DX","AL10 1DX","AL10 1DX","200804","200905","E10000015","E58000628","E07000241","E05011061","E04004819","1","522507","0208780","1","E18000006","E40000007","E92000001","E12000006","5","E14001573","E15000006","E24000005","E30000272","E16000150","E07000241","26ULGM","E00121461","26ULGM","E65000001","E01023920","E02004991","5","2A2","E00121461","E01023920","E02004991","E33024486","E38000049","E63011549","C1","3A2",51.764308,-0.226194,"E37000048","","E23000027",6540,"E56000035","E54000025","E00121461","E01023920","E02004991"
"AL101DY","AL10 1DY","AL10 1DY","200805","201106","E10000015","E58000628","E07000241","E05011061","E04004819","1","522507","0208780","1","E18000006","E40000007","E92000001","E12000006","5","E14001573","E15000006","E24000005","E30000272","E16000150","E07000241","26ULGM","E00121461","26ULGM","E65000001","E01023920","E02004991","5","2A2","E00121461","E01023920","E02004991","E33024486","E38000049","E63011549","C1","3A2",51.764308,-0.226194,"E37000048","","E23000027",6540,"E56000035","E54000025","E00121461","E01023920","E02004991"
"AL101DZ","AL10 1DZ","AL10 1DZ","200807","200902","E10000015","E58000628","E07000241","E05011061","E04004819","1","522507","0208780","1","E18000006","E40000007","E92000001","E12000006","5","E14001573","E15000006","E24000005","E30000272","E16000150","E07000241","26ULGM","E00121461","26ULGM","E65000001","E01023920","E02004991","5","2A2","E00121461","E01023920","E02004991","E33024486","E38000049","E63011549","C1","3A2",51.764308,-0.226194,"E37000048","","E23000027",6540,"E56000035","E54000025","E00121461","E01023920","E02004991"
"AL101EA","AL10 1EA","AL10 1EA","200810","200911","E10000015","E58000628","E07000241","E05011061","E04004819","1","522507","0208780","5","E18000006","E40000007","E92000001","E12000006","5","E14001573","E15000006","E24000005","E30000272","E16000150","E07000241","26ULGM","E00121461","26ULGM","E65000001","E01023920","E02004991","5","2A2","E00121461","E01023920","E02004991","E33024486","E38000049","E63011549","C1","3A2",51.764308,-0.226194,"E37000048","","E23000027",6540,"E56000035","E54000025","E00121461","E01023920","E02004991"
"AL101EB","AL10 1EB","AL10 1EB","200811","200912","E10000015","E58000628","E07000241","E05011061","E04004819","1","522507","0208780","1","E18000006","E40000007","E92000001","E12000006","5","E14001573","E15000006","E24000005","E30000272","E16000150","E07000241","26ULGM","E00121461","26ULGM","E65000001","E01023920","E02004991","5","2A2","E00121461","E01023920","E02004991","E33024486","E38000049","E63011549","C1","3A2",51.764308,-0.226194,"E37000048","","E23000027",6540,"E56000035","E54000025","E00121461","E01023920","E02004991"
"AL101ED","AL10 1ED","AL10 1ED","200912","201012","E10000015","E58000628","E07000241","E05011061","E04004819","1","522507","0208780","1","E18000006","E40000007","E92000001","E12000006","5","E14001573","E15000006","E24000005","E30000272","E16000150","E07000241","26ULGM","E00121461","26ULGM","E65000001","E01023920","E02004991","5","2A2","E00121461","E01023920","E02004991","E33024486","E38000049","E63011549","C1","3A2",51.764308,-0.226194,"E37000048","","E23000027",6540,"E56000035","E54000025","E00121461","E01023920","E02004991"
"AL101EE","AL10 1EE","AL10 1EE","200811","201012","E10000015","E58000628","E07000241","E05011061","E04004819","1","522507","0208780","1","E18000006","E40000007","E92000001","E12000006","5","E14001573","E15000006","E24000005","E30000272","E16000150","E07000241","26ULGM","E00121461","26ULGM","E65000001","E01023920","E02004991","5","2A2","E00121461","E01023920","E02004991","E33024486","E38000049","E63011549","C1","3A2",51.764308,-0.226194,"E37000048","","E23000027",6540,"E56000035","E54000025","E00121461","E01023920","E02004991"
"AL101EF","AL10 1EF","AL10 1EF","202006","202012","E10000015","E58000628","E07000241","E05011061","E04004819","1","522503","0208775","1","E18000006","E40000007","E92000001","E12000006","5","E14001573","E15000006","E24000005","E30000272","E16000150","E07000241","26ULGM","E00121461","26ULGM","E65000001","E01023920","E02004991","5","2A2","E00121461","E01023920","E02004991","E33024486","E38000049","E63011549","C1","3A2",51.764270,-0.226230,"E37000048","","E23000027",6540,"E56000035","E54000025","E00121461","E01023920","E02004991"
"AL101EG","AL10 1EG","AL10 1EG","200812","201001","E10000015","E58000628","E07000241","E05011061","E04004819","1","522507","0208780","1","E18000006","E40000007","E92000001","E12000006","5","E14001573","E15000006","E24000005","E30000272","E16000150","E07000241","26ULGM","E00121461","26ULGM","E65000001","E01023920","E02004991","5","2A2","E00121461","E01023920","E02004991","E33024486","E38000049","E63011549","C1","3A2",51.764308,-0.226194,"E37000048","","E23000027",6540,"E56000035","E54000025","E00121461","E01023920","E02004991"
"AL101EH","AL10 1EH","AL10 1EH","200901","201202","E10000015","E58000628","E07000241","E05011061","E04004819","1","522507","0208780","1","E18000006","E40000007","E92000001","E12000006","5","E14001573","E15000006","E24000005","E30000272","E16000150","E07000241","26ULGM","E00121461","26ULGM","E65000001","E01023920","E02004991","5","2A2","E00121461","E01023920","E02004991","E33024486","E38000049","E63011549","C1","3A2",51.764308,-0.226194,"E37000048","","E23000027",6540,"E56000035","E54000025","E00121461","E01023920","E02004991"
"AL101EJ","AL10 1EJ","AL10 1EJ","200902","201102","E10000015","E58000628","E07000241","E05011061","E04004819","1","522507","0208780","1","E18000006","E40000007","E92000001","E12000006","5","E14001573","E15000006","E24000005","E30000272","E16000150","E07000241","26ULGM","E00121461","26ULGM","E65000001","E01023920","E02004991","5","2A2","E00121461","E01023920","E02004991","E33024486","E38000049","E63011549","C1","3A2",51.764308,-0.226194,"E37000048","","E23000027",6540,"E56000035","E54000025","E00121461","E01023920","E02004991"
"AL101EL","AL10 1EL","AL10 1EL","200902","200904","E10000015","E58000628","E07000241","E05011061","E04004819","1","522507","0208780","5","E18000006","E40000007","E92000001","E12000006","5","E14001573","E15000006","E24000005","E30000272","E16000150","E07000241","26ULGM","E00121461","26ULGM","E65000001","E01023920","E02004991","5","2A2","E00121461","E01023920","E02004991","E33024486","E38000049","E63011549","C1","3A2",51.764308,-0.226194,"E37000048","","E23000027",6540,"E56000035","E54000025","E00121461","E01023920","E02004991"
"AL101EN","AL10 1EN","AL10 1EN","200902","201105","E10000015","E58000628","E07000241","E05011061","E04004819","1","522507","0208780","1","E18000006","E40000007","E92000001","E12000006","5","E14001573","E15000006","E24000005","E30000272","E16000150","E07000241","26ULGM","E00121461","26ULGM","E65000001","E01023920","E02004991","5","2A2","E00121461","E01023920","E02004991","E33024486","E38000049","E63011549","C1","3A2",51.764308,-0.226194,"E37000048","","E23000027",6540,"E56000035","E54000025","E00121461","E01023920","E02004991"
"AL101EP","AL10 1EP","AL10 1EP","200903","201105","E10000015","E58000628","E07000241","E05011061","E04004819","1","522507","0208780","1","E18000006","E40000007","E92000001","E12000006","5","E14001573","E15000006","E24000005","E30000272","E16000150","E07000241","26ULGM","E00121461","26ULGM","E65000001","E01023920","E02004991","5","2A2","E00121461","E01023920","E02004991","E33024486","E38000049","E63011549","C1","3A2",51.764308,-0.226194,"E37000048","","E23000027",6540,"E56000035","E54000025","E00121461","E01023920","E02004991"
"AL101EQ","AL10 1EQ","AL10 1EQ","200908","200909","E10000015","E58000628","E07000241","E05011061","E04004819","1","522507","0208780","5","E18000006","E40000007","E92000001","E12000006","5","E14001573","E15000006","E24000005","E30000272","E16000150","E07000241","26ULGM","E00121461","26ULGM","E65000001","E01023920","E02004991","5","2A2","E00121461","E01023920","E02004991","E33024486","E38000049","E63011549","C1","3A2",51.764308,-0.226194,"E37000048","","E23000027",6540,"E56000035","E54000025","E00121461","E01023920","E02004991"
"AL101ER","AL10 1ER","AL10 1ER","200906","201106","E10000015","E58000628","E07000241","E05011061","E04004819","1","522507","0208780","1","E18000006","E40000007","E92000001","E12000006","5","E14001573","E15000006","E24000005","E30000272","E16000150","E07000241","26ULGM","E00121461","26ULGM","E65000001","E01023920","E02004991","5","2A2","E00121461","E01023920","E02004991","E33024486","E38000049","E63011549","C1","3A2",51.764308,-0.226194,"E37000048","","E23000027",6540,"E56000035","E54000025","E00121461","E01023920","E02004991"
"AL101ES","AL10 1ES","AL10 1ES","200907","","E10000015","E58000628","E07000241","E05011061","E04004819","1","522503","0208775","1","E18000006","E40000007","E92000001","E12000006","5","E14001573","E15000006","E24000005","E30000272","E16000150","E07000241","26ULGM","E00121461","26ULGM","E65000001","E01023920","E02004991","5","2A2","E00121461","E01023920","E02004991","E33024486","E38000049","E63011549","C1","3A2",51.764264,-0.226254,"E37000048","","E23000027",6540,"E56000035","E54000025","E00121461","E01023920","E02004991"
"AL101ET","AL10 1ET","AL10 1ET","201110","201209","E10000015","E58000628","E07000241","E05011061","E04004819","1","522507","0208780","1","E18000006","E40000007","E92000001","E12000006","5","E14001573","E15000006","E24000005","E30000272","E16000150","E07000241","26ULGM","E00121461","26ULGM","E65000001","E01023920","E02004991","5","2A2","E00121461","E01023920","E02004991","E33024486","E38000049","E63011549","C1","3A2",51.764308,-0.226194,"E37000048","","E23000027",6540,"E56000035","E54000025","E00121461","E01023920","E02004991"
"AL101EU","AL10 1EU","AL10 1EU","201612","201710","E10000015","E58000628","E07000241","E05011061","E04004819","1","522503","0208775","1","E18000006","E40000007","E92000001","E12000006","5","E14001573","E15000006","E24000005","E30000272","E16000150","E07000241","26ULGM","E00121461","26ULGM","E65000001","E01023920","E02004991","5","2A2","E00121461","E01023920","E02004991","E33024486","E38000049","E63011549","C1","3A2",51.764270,-0.226230,"E37000048","","E23000027",6540,"E56000035","E54000025","E00121461","E01023920","E02004991"
"AL101EW","AL10 1EW","AL10 1EW","201301","201412","E10000015","E58000628","E07000241","E05011061","E04004819","1","522507","0208780","1","E18000006","E40000007","E92000001","E12000006","5","E14001573","E15000006","E24000005","E30000272","E16000150","E07000241","26ULGM","E00121461","26ULGM","E65000001","E01023920","E02004991","5","2A2","E00121461","E01023920","E02004991","E33024486","E38000049","E63011549","C1","3A2",51.764308,-0.226194,"E37000048","","E23000027",6540,"E56000035","E54000025","E00121461","E01023920","E02004991"
"AL101EX","AL10 1EX","AL10 1EX","201502","201712","E10000015","E58000628","E07000241","E05011061","E04004819","1","522503","0208775","1","E18000006","E40000007","E92000001","E12000006","5","E14001573","E15000006","E24000005","E30000272","E16000150","E07000241","26ULGM","E00121461","26ULGM","E65000001","E01023920","E02004991","5","2A2","E00121461","E01023920","E02004991","E33024486","E38000049","E63011549","C1","3A2",51.764264,-0.226254,"E37000048","","E23000027",6540,"E56000035","E54000025","E00121461","E01023920","E02004991"
"AL101EY","AL10 1EY","AL10 1EY","201001","201809","E10000015","E58000628","E07000241","E05011061","E04004819","1","522503","0208775","1","E18000006","E40000007","E92000001","E12000006","5","E14001573","E15000006","E24000005","E30000272","E16000150","E07000241","26ULGM","E00121461","26ULGM","E65000001","E01023920","E02004991","5","2A2","E00121461","E01023920","E02004991","E33024486","E38000049","E63011549","C1","3A2",51.764264,-0.226254,"E37000048","","E23000027",6540,"E56000035","E54000025","E00121461","E01023920","E02004991"
"AL101EZ","AL10 1EZ","AL10 1EZ","201001","201402","E10000015","E58000628","E07000241","E05011061","E04004819","1","522507","0208780","1","E18000006","E40000007","E92000001","E12000006","5","E14001573","E15000006","E24000005","E30000272","E16000150","E07000241","26ULGM","E00121461","26ULGM","E65000001","E01023920","E02004991","5","2A2","E00121461","E01023920","E02004991","E33024486","E38000049","E63011549","C1","3A2",51.764308,-0.226194,"E37000048","","E23000027",6540,"E56000035","E54000025","E00121461","E01023920","E02004991"
"AL101FA","AL10 1FA","AL10 1FA","201002","201905","E10000015","E58000628","E07000241","E05011061","E04004819","1","522503","0208775","1","E18000006","E40000007","E92000001","E12000006","5","E14001573","E15000006","E24000005","E30000272","E16000150","E07000241","26ULGM","E00121461","26ULGM","E65000001","E01023920","E02004991","5","2A2","E00121461","E01023920","E02004991","E33024486","E38000049","E63011549","C1","3A2",51.764264,-0.226254,"E37000048","","E23000027",6540,"E56000035","E54000025","E00121461","E01023920","E02004991"
"AL101FB","AL10 1FB","AL10 1FB","201004","201105","E10000015","E58000628","E07000241","E05011061","E04004819","1","522507","0208780","1","E18000006","E40000007","E92000001","E12000006","5","E14001573","E15000006","E24000005","E30000272","E16000150","E07000241","26ULGM","E00121461","26ULGM","E65000001","E01023920","E02004991","5","2A2","E00121461","E01023920","E02004991","E33024486","E38000049","E63011549","C1","3A2",51.764308,-0.226194,"E37000048","","E23000027",6540,"E56000035","E54000025","E00121461","E01023920","E02004991"
"AL101FD","AL10 1FD","AL10 1FD","201005","","E10000015","E58000628","E07000241","E05011061","E04004819","1","522503","0208775","1","E18000006","E40000007","E92000001","E12000006","5","E14001573","E15000006","E24000005","E30000272","E16000150","E07000241","26ULGM","E00121461","26ULGM","E65000001","E01023920","E02004991","5","2A2","E00121461","E01023920","E02004991","E33024486","E38000049","E63011549","C1","3A2",51.764264,-0.226254,"E37000048","","E23000027",6540,"E56000035","E54000025","E00121461","E01023920","E02004991"
"AL101FE","AL10 1FE","AL10 1FE","201006","201507","E10000015","E58000628","E07000241","E05011061","E04004819","1","522507","0208780","1","E18000006","E40000007","E92000001","E12000006","5","E14001573","E15000006","E24000005","E30000272","E16000150","E07000241","26ULGM","E00121461","26ULGM","E65000001","E01023920","E02004991","5","2A2","E00121461","E01023920","E02004991","E33024486","E38000049","E63011549","C1","3A2",51.764308,-0.226194,"E37000048","","E23000027",6540,"E56000035","E54000025","E00121461","E01023920","E02004991"
"AL101FF","AL10 1FF","AL10 1FF","201008","201105","E10000015","E58000628","E07000241","E05011061","E04004819","1","522507","0208780","1","E18000006","E40000007","E92000001","E12000006","5","E14001573","E15000006","E24000005","E30000272","E16000150","E07000241","26ULGM","E00121461","26ULGM","E65000001","E01023920","E02004991","5","2A2","E00121461","E01023920","E02004991","E33024486","E38000049","E63011549","C1","3A2",51.764308,-0.226194,"E37000048","","E23000027",6540,"E56000035","E54000025","E00121461","E01023920","E02004991"
"AL101FG","AL10 1FG","AL10 1FG","201105","201304","E10000015","E58000628","E07000241","E05011061","E04004819","1","522507","0208780","1","E18000006","E40000007","E92000001","E12000006","5","E14001573","E15000006","E24000005","E30000272","E16000150","E07000241","26ULGM","E00121461","26ULGM","E65000001","E01023920","E02004991","5","2A2","E00121461","E01023920","E02004991","E33024486","E38000049","E63011549","C1","3A2",51.764308,-0.226194,"E37000048","","E23000027",6540,"E56000035","E54000025","E00121461","E01023920","E02004991"
"AL101FH","AL10 1FH","AL10 1FH","201105","201206","E10000015","E58000628","E07000241","E05011061","E04004819","1","522507","0208780","1","E18000006","E40000007","E92000001","E12000006","5","E14001573","E15000006","E24000005","E30000272","E16000150","E07000241","26ULGM","E00121461","26ULGM","E65000001","E01023920","E02004991","5","2A2","E00121461","E01023920","E02004991","E33024486","E38000049","E63011549","C1","3A2",51.764308,-0.226194,"E37000048","","E23000027",6540,"E56000035","E54000025","E00121461","E01023920","E02004991"
"AL101FJ","AL10 1FJ","AL10 1FJ","201105","201406","E10000015","E58000628","E07000241","E05011061","E04004819","1","522507","0208780","1","E18000006","E40000007","E92000001","E12000006","5","E14001573","E15000006","E24000005","E30000272","E16000150","E07000241","26ULGM","E00121461","26ULGM","E65000001","E01023920","E02004991","5","2A2","E00121461","E01023920","E02004991","E33024486","E38000049","E63011549","C1","3A2",51.764308,-0.226194,"E37000048","","E23000027",6540,"E56000035","E54000025","E00121461","E01023920","E02004991"
"AL101FL","AL10 1FL","AL10 1FL","201108","201508","E10000015","E58000628","E07000241","E05011061","E04004819","1","522507","0208780","1","E18000006","E40000007","E92000001","E12000006","5","E14001573","E15000006","E24000005","E30000272","E16000150","E07000241","26ULGM","E00121461","26ULGM","E65000001","E01023920","E02004991","5","2A2","E00121461","E01023920","E02004991","E33024486","E38000049","E63011549","C1","3A2",51.764308,-0.226194,"E37000048","","E23000027",6540,"E56000035","E54000025","E00121461","E01023920","E02004991"
"AL101FN","AL10 1FN","AL10 1FN","201108","","E10000015","E58000628","E07000241","E05011061","E04004819","1","522503","0208775","1","E18000006","E40000007","E92000001","E12000006","5","E14001573","E15000006","E24000005","E30000272","E16000150","E07000241","26ULGM","E00121461","26ULGM","E65000001","E01023920","E02004991","5","2A2","E00121461","E01023920","E02004991","E33024486","E38000049","E63011549","C1","3A2",51.764264,-0.226254,"E37000048","","E23000027",6540,"E56000035","E54000025","E00121461","E01023920","E02004991"
"AL101FP","AL10 1FP","AL10 1FP","201109","201410","E10000015","E58000628","E07000241","E05011061","E04004819","1","522507","0208780","1","E18000006","E40000007","E92000001","E12000006","5","E14001573","E15000006","E24000005","E30000272","E16000150","E07000241","26ULGM","E00121461","26ULGM","E65000001","E01023920","E02004991","5","2A2","E00121461","E01023920","E02004991","E33024486","E38000049","E63011549","C1","3A2",51.764308,-0.226194,"E37000048","","E23000027",6540,"E56000035","E54000025","E00121461","E01023920","E02004991"
"AL101FQ","AL10 1FQ","AL10 1FQ","201111","201307","E10000015","E58000628","E07000241","E05011061","E04004819","1","522507","0208780","1","E18000006","E40000007","E92000001","E12000006","5","E14001573","E15000006","E24000005","E30000272","E16000150","E07000241","26ULGM","E00121461","26ULGM","E65000001","E01023920","E02004991","5","2A2","E00121461","E01023920","E02004991","E33024486","E38000049","E63011549","C1","3A2",51.764308,-0.226194,"E37000048","","E23000027",6540,"E56000035","E54000025","E00121461","E01023920","E02004991"
"AL101FR","AL10 1FR","AL10 1FR","201202","201207","E10000015","E58000628","E07000241","E05011061","E04004819","1","522507","0208780","1","E18000006","E40000007","E92000001","E12000006","5","E14001573","E15000006","E24000005","E30000272","E16000150","E07000241","26ULGM","E00121461","26ULGM","E65000001","E01023920","E02004991","5","2A2","E00121461","E01023920","E02004991","E33024486","E38000049","E63011549","C1","3A2",51.764308,-0.226194,"E37000048","","E23000027",6540,"E56000035","E54000025","E00121461","E01023920","E02004991"
"AL101FS","AL10 1FS","AL10 1FS","201202","201408","E10000015","E58000628","E07000241","E05011061","E04004819","1","522507","0208780","1","E18000006","E40000007","E92000001","E12000006","5","E14001573","E15000006","E24000005","E30000272","E16000150","E07000241","26ULGM","E00121461","26ULGM","E65000001","E01023920","E02004991","5","2A2","E00121461","E01023920","E02004991","E33024486","E38000049","E63011549","C1","3A2",51.764308,-0.226194,"E37000048","","E23000027",6540,"E56000035","E54000025","E00121461","E01023920","E02004991"
"AL101FT","AL10 1FT","AL10 1FT","201203","201304","E10000015","E58000628","E07000241","E05011061","E04004819","1","522507","0208780","1","E18000006","E40000007","E92000001","E12000006","5","E14001573","E15000006","E24000005","E30000272","E16000150","E07000241","26ULGM","E00121461","26ULGM","E65000001","E01023920","E02004991","5","2A2","E00121461","E01023920","E02004991","E33024486","E38000049","E63011549","C1","3A2",51.764308,-0.226194,"E37000048","","E23000027",6540,"E56000035","E54000025","E00121461","E01023920","E02004991"
"AL101FU","AL10 1FU","AL10 1FU","201206","201811","E10000015","E58000628","E07000241","E05011061","E04004819","1","522503","0208775","1","E18000006","E40000007","E92000001","E12000006","5","E14001573","E15000006","E24000005","E30000272","E16000150","E07000241","26ULGM","E00121461","26ULGM","E65000001","E01023920","E02004991","5","2A2","E00121461","E01023920","E02004991","E33024486","E38000049","E63011549","C1","3A2",51.764264,-0.226254,"E37000048","","E23000027",6540,"E56000035","E54000025","E00121461","E01023920","E02004991"
"AL101FW","AL10 1FW","AL10 1FW","201211","201802","E10000015","E58000628","E07000241","E05011061","E04004819","1","522503","0208775","1","E18000006","E40000007","E92000001","E12000006","5","E14001573","E15000006","E24000005","E30000272","E16000150","E07000241","26ULGM","E00121461","26ULGM","E65000001","E01023920","E02004991","5","2A2","E00121461","E01023920","E02004991","E33024486","E38000049","E63011549","C1","3A2",51.764264,-0.226254,"E37000048","","E23000027",6540,"E56000035","E54000025","E00121461","E01023920","E02004991"
"AL101FX","AL10 1FX","AL10 1FX","201301","201401","E10000015","E58000628","E07000241","E05011061","E04004819","1","522507","0208780","1","E18000006","E40000007","E92000001","E12000006","5","E14001573","E15000006","E24000005","E30000272","E16000150","E07000241","26ULGM","E00121461","26ULGM","E65000001","E01023920","E02004991","5","2A2","E00121461","E01023920","E02004991","E33024486","E38000049","E63011549","C1","3A2",51.764308,-0.226194,"E37000048","","E23000027",6540,"E56000035","E54000025","E00121461","E01023920","E02004991"
"AL101FY","AL10 1FY","AL10 1FY","201401","201805","E10000015","E58000628","E07000241","E05011061","E04004819","1","522503","0208775","1","E18000006","E40000007","E92000001","E12000006","5","E14001573","E15000006","E24000005","E30000272","E16000150","E07000241","26ULGM","E00121461","26ULGM","E65000001","E01023920","E02004991","5","2A2","E00121461","E01023920","E02004991","E33024486","E38000049","E63011549","C1","3A2",51.764264,-0.226254,"E37000048","","E23000027",6540,"E56000035","E54000025","E00121461","E01023920","E02004991"
"AL101FZ","AL10 1FZ","AL10 1FZ","201404","201411","E10000015","E58000628","E07000241","E05011061","E04004819","1","522507","0208780","1","E18000006","E40000007","E92000001","E12000006","5","E14001573","E15000006","E24000005","E30000272","E16000150","E07000241","26ULGM","E00121461","26ULGM","E65000001","E01023920","E02004991","5","2A2","E00121461","E01023920","E02004991","E33024486","E38000049","E63011549","C1","3A2",51.764308,-0.226194,"E37000048","","E23000027",6540,"E56000035","E54000025","E00121461","E01023920","E02004991"
"AL101GA","AL10 1GA","AL10 1GA","201407","202208","E10000015","E58000628","E07000241","E05011061","E04004819","1","522503","0208775","1","E18000006","E40000007","E92000001","E12000006","5","E14001573","E15000006","E24000005","E30000272","E16000150","E07000241","26ULGM","E00121461","26ULGM","E65000001","E01023920","E02004991","5","2A2","E00121461","E01023920","E02004991","E33024486","E38000049","E63011549","C1","3A2",51.764264,-0.226254,"E37000048","","E23000027",6540,"E56000035","E54000025","E00121461","E01023920","E02004991"
"AL101GB","AL10 1GB","AL10 1GB","201411","","E10000015","E58000628","E07000241","E05011061","E04004819","1","522503","0208775","1","E18000006","E40000007","E92000001","E12000006","5","E14001573","E15000006","E24000005","E30000272","E16000150","E07000241","26ULGM","E00121461","26ULGM","E65000001","E01023920","E02004991","5","2A2","E00121461","E01023920","E02004991","E33024486","E38000049","E63011549","C1","3A2",51.764264,-0.226254,"E37000048","","E23000027",6540,"E56000035","E54000025","E00121461","E01023920","E02004991"
"AL101GE","AL10 1GE","AL10 1GE","201509","201604","E10000015","E58000628","E07000241","E05011061","E04004819","1","522503","0208775","1","E18000006","E40000007","E92000001","E12000006","5","E14001573","E15000006","E24000005","E30000272","E16000150","E07000241","26ULGM","E00121461","26ULGM","E65000001","E01023920","E02004991","5","2A2","E00121461","E01023920","E02004991","E33024486","E38000049","E63011549","C1","3A2",51.764264,-0.226254,"E37000048","","E23000027",6540,"E56000035","E54000025","E00121461","E01023920","E02004991"
"AL101GF","AL10 1GF","AL10 1GF","201512","201607","E10000015","E58000628","E07000241","E05011061","E04004819","1","522503","0208775","1","E18000006","E40000007","E92000001","E12000006","5","E14001573","E15000006","E24000005","E30000272","E16000150","E07000241","26ULGM","E00121461","26ULGM","E65000001","E01023920","E02004991","5","2A2","E00121461","E01023920","E02004991","E33024486","E38000049","E63011549","C1","3A2",51.764264,-0.226254,"E37000048","","E23000027",6540,"E56000035","E54000025","E00121461","E01023920","E02004991"
"AL101GG","AL10 1GG","AL10 1GG","201601","","E10000015","E58000628","E07000241","E05011061","E04004819","1","522503","0208775","1","E18000006","E40000007","E92000001","E12000006","5","E14001573","E15000006","E24000005","E30000272","E16000150","E07000241","26ULGM","E00121461","26ULGM","E65000001","E01023920","E02004991","5","2A2","E00121461","E01023920","E02004991","E33024486","E38000049","E63011549","C1","3A2",51.764264,-0.226254,"E37000048","","E23000027",6540,"E56000035","E54000025","E00121461","E01023920","E02004991"
"AL101GH","AL10 1GH","AL10 1GH","201602","202408","E10000015","E58000628","E07000241","E05011061","E04004819","1","522503","0208775","1","E18000006","E40000007","E92000001","E12000006","5","E14001573","E15000006","E24000005","E30000272","E16000150","E07000241","26ULGM","E00121461","26ULGM","E65000001","E01023920","E02004991","5","2A2","E00121461","E01023920","E02004991","E33024486","E38000049","E63011549","C1","3A2",51.764264,-0.226254,"E37000048","","E23000027",6540,"E56000035","E54000025","E00121461","E01023920","E02004991"
"AL101GL","AL10 1GL","AL10 1GL","201608","","E10000015","E58000628","E07000241","E05011061","E04004819","1","522503","0208775","1","E18000006","E40000007","E92000001","E12000006","5","E14001573","E15000006","E24000005","E30000272","E16000150","E07000241","26ULGM","E00121461","26ULGM","E65000001","E01023920","E02004991","5","2A2","E00121461","E01023920","E02004991","E33024486","E38000049","E63011549","C1","3A2",51.764270,-0.226230,"E37000048","","E23000027",6540,"E56000035","E54000025","E00121461","E01023920","E02004991"
"AL101GP","AL10 1GP","AL10 1GP","201703","202101","E10000015","E58000628","E07000241","E05011061","E04004819","1","522503","0208775","1","E18000006","E40000007","E92000001","E12000006","5","E14001573","E15000006","E24000005","E30000272","E16000150","E07000241","26ULGM","E00121461","26ULGM","E65000001","E01023920","E02004991","5","2A2","E00121461","E01023920","E02004991","E33024486","E38000049","E63011549","C1","3A2",51.764270,-0.226230,"E37000048","","E23000027",6540,"E56000035","E54000025","E00121461","E01023920","E02004991"
"AL101GQ","AL10 1GQ","AL10 1GQ","201701","201808","E10000015","E58000628","E07000241","E05011061","E04004819","1","522503","0208775","1","E18000006","E40000007","E92000001","E12000006","5","E14001573","E15000006","E24000005","E30000272","E16000150","E07000241","26ULGM","E00121461","26ULGM","E65000001","E01023920","E02004991","5","2A2","E00121461","E01023920","E02004991","E33024486","E38000049","E63011549","C1","3A2",51.764270,-0.226230,"E37000048","","E23000027",6540,"E56000035","E54000025","E00121461","E01023920","E02004991"
"AL101GR","AL10 1GR","AL10 1GR","201706","201907","E10000015","E58000628","E07000241","E05011061","E04004819","1","522503","0208775","1","E18000006","E40000007","E92000001","E12000006","5","E14001573","E15000006","E24000005","E30000272","E16000150","E07000241","26ULGM","E00121461","26ULGM","E65000001","E01023920","E02004991","5","2A2","E00121461","E01023920","E02004991","E33024486","E38000049","E63011549","C1","3A2",51.764270,-0.226230,"E37000048","","E23000027",6540,"E56000035","E54000025","E00121461","E01023920","E02004991"
"AL101GS","AL10 1GS","AL10 1GS","201605","202406","E10000015","E58000628","E07000241","E05011061","E04004819","1","522503","0208775","1","E18000006","E40000007","E92000001","E12000006","5","E14001573","E15000006","E24000005","E30000272","E16000150","E07000241","26ULGM","E00121461","26ULGM","E65000001","E01023920","E02004991","5","2A2","E00121461","E01023920","E02004991","E33024486","E38000049","E63011549","C1","3A2",51.764264,-0.226254,"E37000048","","E23000027",6540,"E56000035","E54000025","E00121461","E01023920","E02004991"
"AL101GT","AL10 1GT","AL10 1GT","201707","201809","E10000015","E58000628","E07000241","E05011061","E04004819","1","522503","0208775","1","E18000006","E40000007","E92000001","E12000006","5","E14001573","E15000006","E24000005","E30000272","E16000150","E07000241","26ULGM","E00121461","26ULGM","E65000001","E01023920","E02004991","5","2A2","E00121461","E01023920","E02004991","E33024486","E38000049","E63011549","C1","3A2",51.764270,-0.226230,"E37000048","","E23000027",6540,"E56000035","E54000025","E00121461","E01023920","E02004991"
"AL101GU","AL10 1GU","AL10 1GU","201709","201810","E10000015","E58000628","E07000241","E05011061","E04004819","1","522503","0208775","1","E18000006","E40000007","E92000001","E12000006","5","E14001573","E15000006","E24000005","E30000272","E16000150","E07000241","26ULGM","E00121461","26ULGM","E65000001","E01023920","E02004991","5","2A2","E00121461","E01023920","E02004991","E33024486","E38000049","E63011549","C1","3A2",51.764270,-0.226230,"E37000048","","E23000027",6540,"E56000035","E54000025","E00121461","E01023920","E02004991"
"AL101GW","AL10 1GW","AL10 1GW","201710","201809","E10000015","E58000628","E07000241","E05011061","E04004819","1","522503","0208775","1","E18000006","E40000007","E92000001","E12000006","5","E14001573","E15000006","E24000005","E30000272","E16000150","E07000241","26ULGM","E00121461","26ULGM","E65000001","E01023920","E02004991","5","2A2","E00121461","E01023920","E02004991","E33024486","E38000049","E63011549","C1","3A2",51.764270,-0.226230,"E37000048","","E23000027",6540,"E56000035","E54000025","E00121461","E01023920","E02004991"
"AL101GX","AL10 1GX","AL10 1GX","201801","","E10000015","E58000628","E07000241","E05011061","E04004819","1","522503","0208775","1","E18000006","E40000007","E92000001","E12000006","5","E14001573","E15000006","E24000005","E30000272","E16000150","E07000241","26ULGM","E00121461","26ULGM","E65000001","E01023920","E02004991","5","2A2","E00121461","E01023920","E02004991","E33024486","E38000049","E63011549","C1","3A2",51.764270,-0.226230,"E37000048","","E23000027",6540,"E56000035","E54000025","E00121461","E01023920","E02004991"
"AL101GY","AL10 1GY","AL10 1GY","201802","202203","E10000015","E58000628","E07000241","E05011061","E04004819","1","522503","0208775","1","E18000006","E40000007","E92000001","E12000006","5","E14001573","E15000006","E24000005","E30000272","E16000150","E07000241","26ULGM","E00121461","26ULGM","E65000001","E01023920","E02004991","5","2A2","E00121461","E01023920","E02004991","E33024486","E38000049","E63011549","C1","3A2",51.764270,-0.226230,"E37000048","","E23000027",6540,"E56000035","E54000025","E00121461","E01023920","E02004991"
"AL101GZ","AL10 1GZ","AL10 1GZ","201804","201904","E10000015","E58000628","E07000241","E05011061","E04004819","1","522503","0208775","1","E18000006","E40000007","E92000001","E12000006","5","E14001573","E15000006","E24000005","E30000272","E16000150","E07000241","26ULGM","E00121461","26ULGM","E65000001","E01023920","E02004991","5","2A2","E00121461","E01023920","E02004991","E33024486","E38000049","E63011549","C1","3A2",51.764270,-0.226230,"E37000048","","E23000027",6540,"E56000035","E54000025","E00121461","E01023920","E02004991"
"AL101HA","AL10 1HA","AL10 1HA","201806","201901","E10000015","E58000628","E07000241","E05011061","E04004819","1","522503","0208775","1","E18000006","E40000007","E92000001","E12000006","5","E14001573","E15000006","E24000005","E30000272","E16000150","E07000241","26ULGM","E00121461","26ULGM","E65000001","E01023920","E02004991","5","2A2","E00121461","E01023920","E02004991","E33024486","E38000049","E63011549","C1","3A2",51.764270,-0.226230,"E37000048","","E23000027",6540,"E56000035","E54000025","E00121461","E01023920","E02004991"
"AL101HB","AL10 1HB","AL10 1HB","202109","202202","E10000015","E58000628","E07000241","E05011061","E04004819","1","522503","0208775","1","E18000006","E40000007","E92000001","E12000006","5","E14001573","E15000006","E24000005","E30000272","E16000150","E07000241","26ULGM","E00121461","26ULGM","E65000001","E01023920","E02004991","5","2A2","E00121461","E01023920","E02004991","E33024486","E38000049","E63011549","C1","3A2",51.764270,-0.226230,"E37000048","","E23000027",6540,"E56000035","E54000025","E00121461","E01023920","E02004991"
"AL101HD","AL10 1HD","AL10 1HD","201807","201902","E10000015","E58000628","E07000241","E05011061","E04004819","1","522503","0208775","1","E18000006","E40000007","E92000001","E12000006","5","E14001573","E15000006","E24000005","E30000272","E16000150","E07000241","26ULGM","E00121461","26ULGM","E65000001","E01023920","E02004991","5","2A2","E00121461","E01023920","E02004991","E33024486","E38000049","E63011549","C1","3A2",51.764270,-0.226230,"E37000048","","E23000027",6540,"E56000035","E54000025","E00121461","E01023920","E02004991"
"AL101HE","AL10 1HE","AL10 1HE","201807","201909","E10000015","E58000628","E07000241","E05011061","E04004819","1","522503","0208775","1","E18000006","E40000007","E92000001","E12000006","5","E14001573","E15000006","E24000005","E30000272","E16000150","E07000241","26ULGM","E00121461","26ULGM","E65000001","E01023920","E02004991","5","2A2","E00121461","E01023920","E02004991","E33024486","E38000049","E63011549","C1","3A2",51.764270,-0.226230,"E37000048","","E23000027",6540,"E56000035","E54000025","E00121461","E01023920","E02004991"
"AL101HF","AL10 1HF","AL10 1HF","202205","202210","E10000015","E58000628","E07000241","E05011061","E04004819","1","522503","0208775","1","E18000006","E40000007","E92000001","E12000006","5","E14001573","E15000006","E24000005","E30000272","E16000150","E07000241","26ULGM","E00121461","26ULGM","E65000001","E01023920","E02004991","5","2A2","E00121461","E01023920","E02004991","E33024486","E38000049","E63011549","C1","3A2",51.764270,-0.226230,"E37000048","","E23000027",6540,"E56000035","E54000025","E00121461","E01023920","E02004991"
"AL101HG","AL10 1HG","AL10 1HG","201901","202002","E10000015","E58000628","E07000241","E05011061","E04004819","1","522503","0208775","1","E18000006","E40000007","E92000001","E12000006","5","E14001573","E15000006","E24000005","E30000272","E16000150","E07000241","26ULGM","E00121461","26ULGM","E65000001","E01023920","E02004991","5","2A2","E00121461","E01023920","E02004991","E33024486","E38000049","E63011549","C1","3A2",51.764270,-0.226230,"E37000048","","E23000027",6540,"E56000035","E54000025","E00121461","E01023920","E02004991"
"AL101HH","AL10 1HH","AL10 1HH","201904","201911","E10000015","E58000628","E07000241","E05011061","E04004819","1","522503","0208775","1","E18000006","E40000007","E92000001","E12000006","5","E14001573","E15000006","E24000005","E30000272","E16000150","E07000241","26ULGM","E00121461","26ULGM","E65000001","E01023920","E02004991","5","2A2","E00121461","E01023920","E02004991","E33024486","E38000049","E63011549","C1","3A2",51.764270,-0.226230,"E37000048","","E23000027",6540,"E56000035","E54000025","E00121461","E01023920","E02004991"
"AL101HJ","AL10 1HJ","AL10 1HJ","201905","","E10000015","E58000628","E07000241","E05011061","E04004819","1","522503","0208775","1","E18000006","E40000007","E92000001","E12000006","5","E14001573","E15000006","E24000005","E30000272","E16000150","E07000241","26ULGM","E00121461","26ULGM","E65000001","E01023920","E02004991","5","2A2","E00121461","E01023920","E02004991","E33024486","E38000049","E63011549","C1","3A2",51.764270,-0.226230,"E37000048","","E23000027",6540,"E56000035","E54000025","E00121461","E01023920","E02004991"
"AL101HL","AL10 1HL","AL10 1HL","202209","202301","E10000015","E58000628","E07000241","E05011061","E04004819","1","522503","0208775","1","E18000006","E40000007","E92000001","E12000006","5","E14001573","E15000006","E24000005","E30000272","E16000150","E07000241","26ULGM","E00121461","26ULGM","E65000001","E01023920","E02004991","5","2A2","E00121461","E01023920","E02004991","E33024486","E38000049","E63011549","C1","3A2",51.764270,-0.226230,"E37000048","","E23000027",6540,"E56000035","E54000025","E00121461","E01023920","E02004991"
"AL101HN","AL10 1HN","AL10 1HN","201912","202007","E10000015","E58000628","E07000241","E05011061","E04004819","1","522503","0208775","1","E18000006","E40000007","E92000001","E12000006","5","E14001573","E15000006","E24000005","E30000272","E16000150","E07000241","26ULGM","E00121461","26ULGM","E65000001","E01023920","E02004991","5","2A2","E00121461","E01023920","E02004991","E33024486","E38000049","E63011549","C1","3A2",51.764270,-0.226230,"E37000048","","E23000027",6540,"E56000035","E54000025","E00121461","E01023920","E02004991"
"AL101HP","AL10 1HP","AL10 1HP","201912","202007","E10000015","E58000628","E07000241","E05011061","E04004819","1","522503","0208775","1","E18000006","E40000007","E92000001","E12000006","5","E14001573","E15000006","E24000005","E30000272","E16000150","E07000241","26ULGM","E00121461","26ULGM","E65000001","E01023920","E02004991","5","2A2","E00121461","E01023920","E02004991","E33024486","E38000049","E63011549","C1","3A2",51.764270,-0.226230,"E37000048","","E23000027",6540,"E56000035","E54000025","E00121461","E01023920","E02004991"
"AL101HQ","AL10 1HQ","AL10 1HQ","202005","202206","E10000015","E58000628","E07000241","E05011061","E04004819","1","522503","0208775","1","E18000006","E40000007","E92000001","E12000006","5","E14001573","E15000006","E24000005","E30000272","E16000150","E07000241","26ULGM","E00121461","26ULGM","E65000001","E01023920","E02004991","5","2A2","E00121461","E01023920","E02004991","E33024486","E38000049","E63011549","C1","3A2",51.764270,-0.226230,"E37000048","","E23000027",6540,"E56000035","E54000025","E00121461","E01023920","E02004991"
"AL101HR","AL10 1HR","AL10 1HR","202010","202101","E10000015","E58000628","E07000241","E05011061","E04004819","1","522503","0208775","1","E18000006","E40000007","E92000001","E12000006","5","E14001573","E15000006","E24000005","E30000272","E16000150","E07000241","26ULGM","E00121461","26ULGM","E65000001","E01023920","E02004991","5","2A2","E00121461","E01023920","E02004991","E33024486","E38000049","E63011549","C1","3A2",51.764270,-0.226230,"E37000048","","E23000027",6540,"E56000035","E54000025","E00121461","E01023920","E02004991"
"AL101HS","AL10 1HS","AL10 1HS","202011","202301","E10000015","E58000628","E07000241","E05011061","E04004819","1","522503","0208775","1","E18000006","E40000007","E92000001","E12000006","5","E14001573","E15000006","E24000005","E30000272","E16000150","E07000241","26ULGM","E00121461","26ULGM","E65000001","E01023920","E02004991","5","2A2","E00121461","E01023920","E02004991","E33024486","E38000049","E63011549","C1","3A2",51.764270,-0.226230,"E37000048","","E23000027",6540,"E56000035","E54000025","E00121461","E01023920","E02004991"
"AL101HT","AL10 1HT","AL10 1HT","202012","202104","E10000015","E58000628","E07000241","E05011061","E04004819","1","522503","0208775","1","E18000006","E40000007","E92000001","E12000006","5","E14001573","E15000006","E24000005","E30000272","E16000150","E07000241","26ULGM","E00121461","26ULGM","E65000001","E01023920","E02004991","5","2A2","E00121461","E01023920","E02004991","E33024486","E38000049","E63011549","C1","3A2",51.764270,-0.226230,"E37000048","","E23000027",6540,"E56000035","E54000025","E00121461","E01023920","E02004991"
"AL101HU","AL10 1HU","AL10 1HU","202012","202202","E10000015","E58000628","E07000241","E05011061","E04004819","1","522503","0208775","1","E18000006","E40000007","E92000001","E12000006","5","E14001573","E15000006","E24000005","E30000272","E16000150","E07000241","26ULGM","E00121461","26ULGM","E65000001","E01023920","E02004991","5","2A2","E00121461","E01023920","E02004991","E33024486","E38000049","E63011549","C1","3A2",51.764270,-0.226230,"E37000048","","E23000027",6540,"E56000035","E54000025","E00121461","E01023920","E02004991"
"AL101HW","AL10 1HW","AL10 1HW","202102","202106","E10000015","E58000628","E07000241","E05011061","E04004819","1","522503","0208775","1","E18000006","E40000007","E92000001","E12000006","5","E14001573","E15000006","E24000005","E30000272","E16000150","E07000241","26ULGM","E00121461","26ULGM","E65000001","E01023920","E02004991","5","2A2","E00121461","E01023920","E02004991","E33024486","E38000049","E63011549","C1","3A2",51.764270,-0.226230,"E37000048","","E23000027",6540,"E56000035","E54000025","E00121461","E01023920","E02004991"
"AL101HX","AL10 1HX","AL10 1HX","202102","202303","E10000015","E58000628","E07000241","E05011061","E04004819","1","522503","0208775","1","E18000006","E40000007","E92000001","E12000006","5","E14001573","E15000006","E24000005","E30000272","E16000150","E07000241","26ULGM","E00121461","26ULGM","E65000001","E01023920","E02004991","5","2A2","E00121461","E01023920","E02004991","E33024486","E38000049","E63011549","C1","3A2",51.764270,-0.226230,"E37000048","","E23000027",6540,"E56000035","E54000025","E00121461","E01023920","E02004991"
"AL101HY","AL10 1HY","AL10 1HY","202102","202109","E10000015","E58000628","E07000241","E05011061","E04004819","1","522503","0208775","1","E18000006","E40000007","E92000001","E12000006","5","E14001573","E15000006","E24000005","E30000272","E16000150","E07000241","26ULGM","E00121461","26ULGM","E65000001","E01023920","E02004991","5","2A2","E00121461","E01023920","E02004991","E33024486","E38000049","E63011549","C1","3A2",51.764270,-0.226230,"E37000048","","E23000027",6540,"E56000035","E54000025","E00121461","E01023920","E02004991"
"AL101HZ","AL10 1HZ","AL10 1HZ","202108","202209","E10000015","E58000628","E07000241","E05011061","E04004819","1","522503","0208775","1","E18000006","E40000007","E92000001","E12000006","5","E14001573","E15000006","E24000005","E30000272","E16000150","E07000241","26ULGM","E00121461","26ULGM","E65000001","E01023920","E02004991","5","2A2","E00121461","E01023920","E02004991","E33024486","E38000049","E63011549","C1","3A2",51.764270,-0.226230,"E37000048","","E23000027",6540,"E56000035","E54000025","E00121461","E01023920","E02004991"
"AL101JA","AL10 1JA","AL10 1JA","202108","202210","E10000015","E58000628","E07000241","E05011061","E04004819","1","522503","0208775","1","E18000006","E40000007","E92000001","E12000006","5","E14001573","E15000006","E24000005","E30000272","E16000150","E07000241","26ULGM","E00121461","26ULGM","E65000001","E01023920","E02004991","5","2A2","E00121461","E01023920","E02004991","E33024486","E38000049","E63011549","C1","3A2",51.764270,-0.226230,"E37000048","","E23000027",6540,"E56000035","E54000025","E00121461","E01023920","E02004991"
"AL101JB","AL10 1JB","AL10 1JB","202109","202210","E10000015","E58000628","E07000241","E05011061","E04004819","1","522503","0208775","1","E18000006","E40000007","E92000001","E12000006","5","E14001573","E15000006","E24000005","E30000272","E16000150","E07000241","26ULGM","E00121461","26ULGM","E65000001","E01023920","E02004991","5","2A2","E00121461","E01023920","E02004991","E33024486","E38000049","E63011549","C1","3A2",51.764270,-0.226230,"E37000048","","E23000027",6540,"E56000035","E54000025","E00121461","E01023920","E02004991"
"AL101JD","AL10 1JD","AL10 1JD","202110","202202","E10000015","E58000628","E07000241","E05011061","E04004819","1","522503","0208775","1","E18000006","E40000007","E92000001","E12000006","5","E14001573","E15000006","E24000005","E30000272","E16000150","E07000241","26ULGM","E00121461","26ULGM","E65000001","E01023920","E02004991","5","2A2","E00121461","E01023920","E02004991","E33024486","E38000049","E63011549","C1","3A2",51.764270,-0.226230,"E37000048","","E23000027",6540,"E56000035","E54000025","E00121461","E01023920","E02004991"
"AL101JE","AL10 1JE","AL10 1JE","202202","202301","E10000015","E58000628","E07000241","E05011061","E04004819","1","522503","0208775","1","E18000006","E40000007","E92000001","E12000006","5","E14001573","E15000006","E24000005","E30000272","E16000150","E07000241","26ULGM","E00121461","26ULGM","E65000001","E01023920","E02004991","5","2A2","E00121461","E01023920","E02004991","E33024486","E38000049","E63011549","C1","3A2",51.764270,-0.226230,"E37000048","","E23000027",6540,"E56000035","E54000025","E00121461","E01023920","E02004991"
"AL101JF","AL10 1JF","AL10 1JF","202202","202208","E10000015","E58000628","E07000241","E05011061","E04004819","1","522503","0208775","1","E18000006","E40000007","E92000001","E12000006","5","E14001573","E15000006","E24000005","E30000272","E16000150","E07000241","26ULGM","E00121461","26ULGM","E65000001","E01023920","E02004991","5","2A2","E00121461","E01023920","E02004991","E33024486","E38000049","E63011549","C1","3A2",51.764270,-0.226230,"E37000048","","E23000027",6540,"E56000035","E54000025","E00121461","E01023920","E02004991"
"AL101JG","AL10 1JG","AL10 1JG","202205","202212","E10000015","E58000628","E07000241","E05011061","E04004819","1","522503","0208775","1","E18000006","E40000007","E92000001","E12000006","5","E14001573","E15000006","E24000005","E30000272","E16000150","E07000241","26ULGM","E00121461","26ULGM","E65000001","E01023920","E02004991","5","2A2","E00121461","E01023920","E02004991","E33024486","E38000049","E63011549","C1","3A2",51.764270,-0.226230,"E37000048","","E23000027",6540,"E56000035","E54000025","E00121461","E01023920","E02004991"
"AL101JH","AL10 1JH","AL10 1JH","202208","202309","E10000015","E58000628","E07000241","E05011061","E04004819","1","522503","0208775","1","E18000006","E40000007","E92000001","E12000006","5","E14001573","E15000006","E24000005","E30000272","E16000150","E07000241","26ULGM","E00121461","26ULGM","E65000001","E01023920","E02004991","5","2A2","E00121461","E01023920","E02004991","E33024486","E38000049","E63011549","C1","3A2",51.764270,-0.226230,"E37000048","","E23000027",6540,"E56000035","E54000025","E00121461","E01023920","E02004991"
"AL101JJ","AL10 1JJ","AL10 1JJ","202209","202301","E10000015","E58000628","E07000241","E05011061","E04004819","1","522503","0208775","1","E18000006","E40000007","E92000001","E12000006","5","E14001573","E15000006","E24000005","E30000272","E16000150","E07000241","26ULGM","E00121461","26ULGM","E65000001","E01023920","E02004991","5","2A2","E00121461","E01023920","E02004991","E33024486","E38000049","E63011549","C1","3A2",51.764270,-0.226230,"E37000048","","E23000027",6540,"E56000035","E54000025","E00121461","E01023920","E02004991"
"AL101JL","AL10 1JL","AL10 1JL","202211","202304","E10000015","E58000628","E07000241","E05011061","E04004819","1","522503","0208775","1","E18000006","E40000007","E92000001","E12000006","5","E14001573","E15000006","E24000005","E30000272","E16000150","E07000241","26ULGM","E00121461","26ULGM","E65000001","E01023920","E02004991","5","2A2","E00121461","E01023920","E02004991","E33024486","E38000049","E63011549","C1","3A2",51.764270,-0.226230,"E37000048","","E23000027",6540,"E56000035","E54000025","E00121461","E01023920","E02004991"
"AL101JQ","AL10 1JQ","AL10 1JQ","202303","","E10000015","E58000628","E07000241","E05011061","E04004819","1","522503","0208775","1","E18000006","E40000007","E92000001","E12000006","5","E14001573","E15000006","E24000005","E30000272","E16000150","E07000241","26ULGM","E00121461","26ULGM","E65000001","E01023920","E02004991","5","2A2","E00121461","E01023920","E02004991","E33024486","E38000049","E63011549","C1","3A2",51.764270,-0.226230,"E37000048","","E23000027",6540,"E56000035","E54000025","E00121461","E01023920","E02004991"
"AL101JR","AL10 1JR","AL10 1JR","202306","","E10000015","E58000628","E07000241","E05011061","E04004819","1","522503","0208775","1","E18000006","E40000007","E92000001","E12000006","5","E14001573","E15000006","E24000005","E30000272","E16000150","E07000241","26ULGM","E00121461","26ULGM","E65000001","E01023920","E02004991","5","2A2","E00121461","E01023920","E02004991","E33024486","E38000049","E63011549","C1","3A2",51.764270,-0.226230,"E37000048","","E23000027",6540,"E56000035","E54000025","E00121461","E01023920","E02004991"
"AL101JS","AL10 1JS","AL10 1JS","202308","","E10000015","E99999999","E07000241","E05011061","E04004819","1","522503","0208775","1","E18000006","E40000007","E92000001","E12000006","5","E14001573","E15000006","E24000005","E30000272","E16000150","E07000241","26ULGM","E00121461","26ULGM","E65000001","E01023920","E02004991","5","2A2","E00121461","E01023920","E02004991","E33024486","E38000049","E63011549","C1","3A2",51.764270,-0.226230,"E37000048","","E23000027",6540,"E56000035","E54000025","E00121461","E01023920","E02004991"
"AL101JT","AL10 1JT","AL10 1JT","202308","202309","E10000015","E99999999","E07000241","E05011061","E04004819","1","522503","0208775","5","E18000006","E40000007","E92000001","E12000006","5","E14001573","E15000006","E24000005","E30000272","E16000150","E07000241","26ULGM","E00121461","26ULGM","E65000001","E01023920","E02004991","5","2A2","E00121461","E01023920","E02004991","E33024486","E38000049","E63011549","C1","3A2",51.764270,-0.226230,"E37000048","","E23000027",6540,"E56000035","E54000025","E00121461","E01023920","E02004991"
"AL101JU","AL10 1JU","AL10 1JU","202403","202409","E10000015","E58000628","E07000241","E05011061","E04004819","1","522503","0208775","1","E18000006","E40000007","E92000001","E12000006","5","E14001573","E15000006","E24000005","E30000272","E16000150","E07000241","26ULGM","E00121461","26ULGM","E65000001","E01023920","E02004991","5","2A2","E00121461","E01023920","E02004991","E33024486","E38000049","E63011549","C1","3A2",51.764270,-0.226230,"E37000048","","E23000027",6540,"E56000035","E54000025","E00121461","E01023920","E02004991"
"AL101JW","AL10 1JW","AL10 1JW","202404","","E10000015","E58000628","E07000241","E05011061","E04004819","1","522503","0208775","1","E18000006","E40000007","E92000001","E12000006","5","E14001573","E15000006","E24000005","E30000272","E16000150","E07000241","26ULGM","E00121461","26ULGM","E65000001","E01023920","E02004991","5","2A2","E00121461","E01023920","E02004991","E33024486","E38000049","E63011549","C1","3A2",51.764270,-0.226230,"E37000048","","E23000027",6540,"E56000035","E54000025","E00121461","E01023920","E02004991"
"AL101JX","AL10 1JX","AL10 1JX","202409","202501","E10000015","E58000628","E07000241","E05011061","E04004819","1","522503","0208775","1","E18000006","E40000007","E92000001","E12000006","5","E14001573","E15000006","E24000005","E30000272","E16000150","E07000241","26ULGM","E00121461","26ULGM","E65000001","E01023920","E02004991","5","2A2","E00121461","E01023920","E02004991","E33024486","E38000049","E63011549","C1","3A2",51.764270,-0.226230,"E37000048","","E23000027",6540,"E56000035","E54000025","E00121461","E01023920","E02004991"
"AL101JY","AL10 1JY","AL10 1JY","202501","","E10000015","E58000628","E07000241","E05011061","E04004819","1","522503","0208775","1","E18000006","E40000007","E92000001","E12000006","5","E14001573","E15000006","E24000005","E30000272","E16000150","E07000241","26ULGM","E00121461","26ULGM","E65000001","E01023920","E02004991","5","2A2","E00121461","E01023920","E02004991","E33024486","E38000049","E63011549","C1","3A2",51.764270,-0.226230,"E37000048","","E23000027",6540,"E56000035","E54000025","E00121461","E01023920","E02004991"
"AL101ZY","AL10 1ZY","AL10 1ZY","200606","200607","E10000015","E58000628","E07000241","E05011061","E04004819","1","522507","0208780","1","E18000006","E40000007","E92000001","E12000006","5","E14001573","E15000006","E24000005","E30000272","E16000150","E07000241","26ULGM","E00121461","26ULGM","E65000001","E01023920","E02004991","5","2A2","E00121461","E01023920","E02004991","E33024486","E38000049","E63011549","C1","3A2",51.764308,-0.226194,"E37000048","","E23000027",6540,"E56000035","E54000025","E00121461","E01023920","E02004991"
"AL101ZZ","AL10 1ZZ","AL10 1ZZ","200411","200504","","","","","","1","","","9","","","E92000001",""," ","","","","","","","","","","","",""," ","","","","","","","","","",99.999999,0.000000,"","","",0,"","","","",""
"AL108AA","AL10 8AA","AL10 8AA","198001","","E10000015","E58000627","E07000241","E05011062","E04004819","0","523051","0208472","1","E18000006","E40000007","E92000001","E12000006","5","E14001573","E15000006","E24000005","E30000272","E16000150","E07000241","26ULGN","E00121486","26ULGN","E65000001","E01023926","E02004990","5","2B2","E00121486","E01023926","E02004990","E33024489","E38000049","E63011549","C1","4A2",51.761427,-0.218400,"E37000048","","E23000027",29833,"E56000035","E54000025","E00121486","E01023926","E02004990"
"AL108AB","AL10 8AB","AL10 8AB","198001","","E10000015","E58000627","E07000241","E05011062","E04004819","1","522909","0208334","1","E18000006","E40000007","E92000001","E12000006","5","E14001573","E15000006","E24000005","E30000272","E16000150","E07000241","26ULGN","E00121487","26ULGN","E65000001","E01023924","E02004990","5","7A2","E00121487","E01023924","E02004990","E33027658","E38000049","E63011549","C1","4B1",51.760212,-0.220529,"E37000048","","E23000027",10771,"E56000035","E54000025","E00121487","E01023924","E02004990"
"AL108AD","AL10 8AD","AL10 8AD","198001","200904","E10000015","E58000627","E07000241","E05011062","E04004819","0","522691","0208179","1","E18000006","E40000007","E92000001","E12000006","5","E14001573","E15000006","E24000005","E30000272","E16000150","E07000241","26ULGN","E00121487","26ULGN","E65000001","E01023924","E02004990","5","7A2","E00121487","E01023924","E02004990","E33027658","E38000049","E63011549","C1","4B1",51.758867,-0.223741,"E37000048","","E23000027",10771,"E56000035","E54000025","E00121487","E01023924","E02004990"
"AL108AE","AL10 8AE","AL10 8AE","198001","","E10000015","E58000627","E07000241","E05011062","E04004819","0","522779","0208370","1","E18000006","E40000007","E92000001","E12000006","5","E14001573","E15000006","E24000005","E30000272","E16000150","E07000241","26ULGN","E00121487","26ULGN","E65000001","E01023924","E02004990","5","7A2","E00121487","E01023924","E02004990","E33027658","E38000049","E63011549","C1","4B1",51.760570,-0.222376,"E37000048","","E23000027",10771,"E56000035","E54000025","E00121487","E01023924","E02004990"
"AL108AF","AL10 8AF","AL10 8AF","198001","","E10000015","E58000627","E07000241","E05011062","E04004819","0","522839","0208504","1","E18000006","E40000007","E92000001","E12000006","5","E14001573","E15000006","E24000005","E30000272","E16000150","E07000241","26ULGN","E00121487","26ULGN","E65000001","E01023924","E02004990","5","7A2","E00121487","E01023924","E02004990","E33027658","E38000049","E63011549","C1","4B1",51.761761,-0.221459,"E37000048","","E23000027",10771,"E56000035","E54000025","E00121487","E01023924","E02004990"
"AL108AG","AL10 8AG","AL10 8AG","198001","","E10000015","E58000627","E07000241","E05011062","E04004819","0","522800","0208621","1","E18000006","E40000007","E92000001","E12000006","5","E14001573","E15000006","E24000005","E30000272","E16000150","E07000241","26ULGN","E00121502","26ULGN","E65000001","E01023924","E02004990","5","7A2","E00121502","E01023924","E02004990","E33027658","E38000049","E63011549","C1","3A2",51.762821,-0.221983,"E37000048","","E23000027",10771,"E56000035","E54000025","E00121502","E01023924","E02004990"
"AL108AH","AL10 8AH","AL10 8AH","198001","","E10000015","E58000627","E07000241","E05011062","E04004819","0","522861","0208669","1","E18000006","E40000007","E92000001","E12000006","5","E14001573","E15000006","E24000005","E30000272","E16000150","E07000241","26ULGN","E00121502","26ULGN","E65000001","E01023924","E02004990","5","7A2","E00121502","E01023924","E02004990","E33027658","E38000049","E63011549","C1","3A2",51.763239,-0.221082,"E37000048","","E23000027",10771,"E56000035","E54000025","E00121502","E01023924","E02004990"
"AL108AJ","AL10 8AJ","AL10 8AJ","198001","","E10000015","E58000627","E07000241","E05011062","E04004819","0","522916","0208618","1","E18000006","E40000007","E92000001","E12000006","5","E14001573","E15000006","E24000005","E30000272","E16000150","E07000241","26ULGN","E00121484","26ULGN","E65000001","E01023927","E02004990","5","4D1","E00121484","E01023927","E02004990","E33027658","E38000049","E63011549","C1","5B1",51.762768,-0.220304,"E37000048","","E23000027",17409,"E56000035","E54000025","E00121484","E01023927","E02004990"
"AL108AL","AL10 8AL","AL10 8AL","198001","","E10000015","E58000627","E07000241","E05011062","E04004819","0","523035","0208622","1","E18000006","E40000007","E92000001","E12000006","5","E14001573","E15000006","E24000005","E30000272","E16000150","E07000241","26ULGN","E00121484","26ULGN","E65000001","E01023927","E02004990","5","4D1","E00121484","E01023927","E02004990","E33027658","E38000049","E63011549","C1","5B1",51.762778,-0.218579,"E37000048","","E23000027",17409,"E56000035","E54000025","E00121484","E01023927","E02004990"
"AL108AN","AL10 8AN","AL10 8AN","198001","","E10000015","E58000627","E07000241","E05011062","E04004819","0","523056","0208613","1","E18000006","E40000007","E92000001","E12000006","5","E14001573","E15000006","E24000005","E30000272","E16000150","E07000241","26ULGN","E00121484","26ULGN","E65000001","E01023927","E02004990","5","4D1","E00121484","E01023927","E02004990","E33027658","E38000049","E63011549","C1","5B1",51.762693,-0.218278,"E37000048","","E23000027",17409,"E56000035","E54000025","E00121484","E01023927","E02004990"
"AL108AP","AL10 8AP","AL10 8AP","198001","","E10000015","E58000627","E07000241","E05011062","E04004819","0","522973","0208693","1","E18000006","E40000007","E92000001","E12000006","5","E14001573","E15000006","E24000005","E30000272","E16000150","E07000241","26ULGN","E00121484","26ULGN","E65000001","E01023927","E02004990","5","4D1","E00121484","E01023927","E02004990","E33027658","E38000049","E63011549","C1","5B1",51.763430,-0.219452,"E37000048","","E23000027",17409,"E56000035","E54000025","E00121484","E01023927","E02004990"
"AL108AQ","AL10 8AQ","AL10 8AQ","198001","","E10000015","E58000627","E07000241","E05011062","E04004819","0","522711","0208692","1","E18000006","E40000007","E92000001","E12000006","5","E14001573","E15000006","E24000005","E30000272","E16000150","E07000241","26ULGN","E00121502","26ULGN","E65000001","E01023924","E02004990","5","7A2","E00121502","E01023924","E02004990","E33027658","E38000049","E63011549","C1","3A2",51.763473,-0.223271,"E37000048","","E23000027",10771,"E56000035","E54000025","E00121502","E01023924","E02004990"
"AL108AR","AL10 8AR","AL10 8AR","198001","","E10000015","E58000627","E07000241","E05011062","E04004819","0","523103","0208710","1","E18000006","E40000007","E92000001","E12000006","5","E14001573","E15000006","E24000005","E30000272","E16000150","E07000241","26ULGN","E00121484","26ULGN","E65000001","E01023927","E02004990","5","4D1","E00121484","E01023927","E02004990","E33027658","E38000049","E63011549","C1","5B1",51.763548,-0.217587,"E37000048","","E23000027",17409,"E56000035","E54000025","E00121484","E01023927","E02004990"
"AL108AS","AL10 8AS","AL10 8AS","198001","","E10000015","E58000627","E07000241","E05011062","E04004819","0","523064","0208786","1","E18000006","E40000007","E92000001","E12000006","5","E14001573","E15000006","E24000005","E30000272","E16000150","E07000241","26ULGN","E00121484","26ULGN","E65000001","E01023927","E02004990","5","4D1","E00121484","E01023927","E02004990","E33027658","E38000049","E63011549","C1","5B1",51.764246,-0.218101,"E37000048","","E23000027",17409,"E56000035","E54000025","E00121484","E01023927","E02004990"
"AL108AT","AL10 8AT","AL10 8AT","198001","","E10000015","E58000627","E07000241","E05011062","E04004819","0","523096","0208806","1","E18000006","E40000007","E92000001","E12000006","5","E14001573","E15000006","E24000005","E30000272","E16000150","E07000241","26ULGN","E00121484","26ULGN","E65000001","E01023927","E02004990","5","4D1","E00121484","E01023927","E02004990","E33027658","E38000049","E63011549","C1","5B1",51.764418,-0.217630,"E37000048","","E23000027",17409,"E56000035","E54000025","E00121484","E01023927","E02004990"
"AL108AU","AL10 8AU","AL10 8AU","198001","","E10000015","E58000627","E07000241","E05011062","E04004819","0","523107","0208890","1","E18000006","E40000007","E92000001","E12000006","5","E14001573","E15000006","E24000005","E30000272","E16000150","E07000241","26ULGN","E00121484","26ULGN","E65000001","E01023927","E02004990","5","4D1","E00121484","E01023927","E02004990","E33027658","E38000049","E63011549","C1","5B1",51.765171,-0.217441,"E37000048","","E23000027",17409,"E56000035","E54000025","E00121484","E01023927","E02004990"
"AL108AW","AL10 8AW","AL10 8AW","198001","","E10000015","E58000627","E07000241","E05011062","E04004819","0","522998","0208656","1","E18000006","E40000007","E92000001","E12000006","5","E14001573","E15000006","E24000005","E30000272","E16000150","E07000241","26ULGN","E00121484","26ULGN","E65000001","E01023927","E02004990","5","4D1","E00121484","E01023927","E02004990","E33027658","E38000049","E63011549","C1","5B1",51.763092,-0.219103,"E37000048","","E23000027",17409,"E56000035","E54000025","E00121484","E01023927","E02004990"
"AL108AX","AL10 8AX","AL10 8AX","198001","","E10000015","E58000627","E07000241","E05011062","E04004819","0","523036","0208883","1","E18000006","E40000007","E92000001","E12000006","5","E14001573","E15000006","E24000005","E30000272","E16000150","E07000241","26ULGN","E00121484","26ULGN","E65000001","E01023927","E02004990","5","4D1","E00121484","E01023927","E02004990","E33027658","E38000049","E63011549","C1","5B1",51.765124,-0.218472,"E37000048","","E23000027",17409,"E56000035","E54000025","E00121484","E01023927","E02004990"
"AL108AY","AL10 8AY","AL10 8AY","199002","199612","E10000015","E58000627","E07000241","E05011062","E04004819","1","523100","0209000","8","E18000006","E40000007","E92000001","E12000006","5","E14001573","E15000006","E24000005","E30000272","E16000150","E07000241","26ULGN","E00121486","26ULGN","E65000001","E01023926","E02004990","5","2B2","E00121486","E01023926","E02004990","E33024490","E38000049","E63011549","C1","4A2",51.766155,-0.217528,"E37000048","","E23000027",29833,"E56000035","E54000025","E00121486","E01023926","E02004990"
"AL108AZ","AL10 8AZ","AL10 8AZ","198001","199512","E10000015","E58000627","E07000241","E05011062","E04004819","0","523100","0209000","8","E18000006","E40000007","E92000001","E12000006","5","E14001573","E15000006","E24000005","E30000272","E16000150","E07000241","26ULGN","E00121486","26ULGN","E65000001","E01023926","E02004990","5","2B2","E00121486","E01023926","E02004990","E33024490","E38000049","E63011549","C1","4A2",51.766155,-0.217528,"E37000048","","E23000027",29833,"E56000035","E54000025","E00121486","E01023926","E02004990"
"AL108BA","AL10 8BA","AL10 8BA","198001","200404","E10000015","E58000627","E07000241","E05011062","E04004819","1","523162","0208822","1","E18000006","E40000007","E92000001","E12000006","5","E14001573","E15000006","E24000005","E30000272","E16000150","E07000241","26ULGN","E00121486","26ULGN","E65000001","E01023926","E02004990","5","2B2","E00121486","E01023926","E02004990","E33024489","E38000049","E63011549","C1","4A2",51.764542,-0.216693,"E37000048","","E23000027",29833,"E56000035","E54000025","E00121486","E01023926","E02004990"
"AL108BB","AL10 8BB","AL10 8BB","198001","","E10000015","E58000627","E07000241","E05011062","E04004819","0","523155","0208782","1","E18000006","E40000007","E92000001","E12000006","5","E14001573","E15000006","E24000005","E30000272","E16000150","E07000241","26ULGN","E00121486","26ULGN","E65000001","E01023926","E02004990","5","2B2","E00121486","E01023926","E02004990","E33024489","E38000049","E63011549","C1","4A2",51.764184,-0.216808,"E37000048","","E23000027",29833,"E56000035","E54000025","E00121486","E01023926","E02004990"
"AL108BD","AL10 8BD","AL10 8BD","199109","199612","E10000015","E58000627","E07000241","E05011062","E04004819","0","523000","0208800","8","E18000006","E40000007","E92000001","E12000006","5","E14001573","E15000006","E24000005","E30000272","E16000150","E07000241","26ULGN","E00121484","26ULGN","E65000001","E01023927","E02004990","5","4D1","E00121484","E01023927","E02004990","E33027658","E38000049","E63011549","C1","5B1",51.764380,-0.219047,"E37000048","","E23000027",17409,"E56000035","E54000025","E00121484","E01023927","E02004990"
"AL108BE","AL10 8BE","AL10 8BE","198001","","E10000015","E58000627","E07000241","E05011062","E04004819","0","523154","0208689","1","E18000006","E40000007","E92000001","E12000006","5","E14001573","E15000006","E24000005","E30000272","E16000150","E07000241","26ULGN","E00121486","26ULGN","E65000001","E01023926","E02004990","5","2B2","E00121486","E01023926","E02004990","E33024489","E38000049","E63011549","C1","4A2",51.763354,-0.216832,"E37000048","","E23000027",29833,"E56000035","E54000025","E00121486","E01023926","E02004990"
"AL108BF","AL10 8BF","AL10 8BF","199612","200009","E10000015","E58000627","E07000241","E05011063","E04004819","1","522427","0207618","6","E18000006","E40000007","E92000001","E12000006","5","E14001573","E15000006","E24000005","E30000272","E16000150","E07000241","26ULGR","E00121538","26ULGR","E65000001","E01023936","E02004992","5","1B2","E00121538","E01023936","E02004992","E33027667","E38000049","E63011549","C1","4A2",51.753883,-0.227762,"E37000048","","E23000027",15671,"E56000035","E54000025","E00121538","E01023936","E02004992"
"AL108BG","AL10 8BG","AL10 8BG","199002","","E10000015","E58000627","E07000241","E05011062","E04004819","0","522726","0208352","1","E18000006","E40000007","E92000001","E12000006","5","E14001573","E15000006","E24000005","E30000272","E16000150","E07000241","26ULGN","E00121489","26ULGN","E65000001","E01023924","E02004990","5","1B2","E00121489","E01023924","E02004990","E33027658","E38000049","E63011549","C1","4B1",51.760419,-0.223150,"E37000048","","E23000027",10771,"E56000035","E54000025","E00121489","E01023924","E02004990"
"AL108BH","AL10 8BH","AL10 8BH","198001","199507","E10000015","E58000627","E07000241","E05011062","E04004819","1","523100","0208500","8","E18000006","E40000007","E92000001","E12000006","5","E14001573","E15000006","E24000005","E30000272","E16000150","E07000241","26ULGN","E00121488","26ULGN","E65000001","E01023924","E02004990","5","5B3","E00121488","E01023924","E02004990","E33027661","E38000049","E63011549","C1","3D1",51.761662,-0.217705,"E37000048","","E23000027",10771,"E56000035","E54000025","E00121488","E01023924","E02004990"
"AL108BJ","AL10 8BJ","AL10 8BJ","198001","","E10000015","E58000627","E07000241","E05011062","E04004819","0","523149","0208572","1","E18000006","E40000007","E92000001","E12000006","5","E14001573","E15000006","E24000005","E30000272","E16000150","E07000241","26ULGN","E00121486","26ULGN","E65000001","E01023926","E02004990","5","2B2","E00121486","E01023926","E02004990","E33024489","E38000049","E63011549","C1","4A2",51.762304,-0.216946,"E37000048","","E23000027",29833,"E56000035","E54000025","E00121486","E01023926","E02004990"
"AL108BL","AL10 8BL","AL10 8BL","198001","","E10000015","E58000627","E07000241","E05011062","E04004819","0","522884","0208529","1","E18000006","E40000007","E92000001","E12000006","5","E14001573","E15000006","E24000005","E30000272","E16000150","E07000241","26ULGN","E00121487","26ULGN","E65000001","E01023924","E02004990","5","7A2","E00121487","E01023924","E02004990","E33027658","E38000049","E63011549","C1","4B1",51.761970,-0.220823,"E37000048","","E23000027",10771,"E56000035","E54000025","E00121487","E01023924","E02004990"
"AL108BN","AL10 8BN","AL10 8BN","198001","","E10000015","E58000627","E07000241","E05011062","E04004819","0","522862","0208482","1","E18000006","E40000007","E92000001","E12000006","5","E14001573","E15000006","E24000005","E30000272","E16000150","E07000241","26ULGN","E00121490","26ULGN","E65000001","E01023924","E02004990","5","5B1","E00121490","E01023924","E02004990","E33027658","E38000049","E63011549","C1","4A2",51.761558,-0.221134,"E37000048","","E23000027",10771,"E56000035","E54000025","E00121490","E01023924","E02004990"
"AL108BP","AL10 8BP","AL10 8BP","198001","","E10000015","E58000627","E07000241","E05011062","E04004819","0","522940","0208443","1","E18000006","E40000007","E92000001","E12000006","5","E14001573","E15000006","E24000005","E30000272","E16000150","E07000241","26ULGN","E00121490","26ULGN","E65000001","E01023924","E02004990","5","5B1","E00121490","E01023924","E02004990","E33027658","E38000049","E63011549","C1","4A2",51.761190,-0.220018,"E37000048","","E23000027",10771,"E56000035","E54000025","E00121490","E01023924","E02004990"
"AL108BQ","AL10 8BQ","AL10 8BQ","198001","200908","E10000015","E58000627","E07000241","E05011062","E04004819","1","523153","0208629","1","E18000006","E40000007","E92000001","E12000006","5","E14001573","E15000006","E24000005","E30000272","E16000150","E07000241","26ULGN","E00121486","26ULGN","E65000001","E01023926","E02004990","5","2B2","E00121486","E01023926","E02004990","E33024489","E38000049","E63011549","C1","4A2",51.762810,-0.216891,"E37000048","","E23000027",29833,"E56000035","E54000025","E00121486","E01023926","E02004990"
"AL108BS","AL10 8BS","AL10 8BS","198001","","E10000015","E58000627","E07000241","E05011062","E04004819","0","523032","0208345","1","E18000006","E40000007","E92000001","E12000006","5","E14001573","E15000006","E24000005","E30000272","E16000150","E07000241","26ULGN","E00121487","26ULGN","E65000001","E01023924","E02004990","5","7A2","E00121487","E01023924","E02004990","E33027658","E38000049","E63011549","C1","4B1",51.760284,-0.218744,"E37000048","","E23000027",10771,"E56000035","E54000025","E00121487","E01023924","E02004990"
"AL108BT","AL10 8BT","AL10 8BT","198001","","E10000015","E58000627","E07000241","E05011062","E04004819","0","522945","0208524","1","E18000006","E40000007","E92000001","E12000006","5","E14001573","E15000006","E24000005","E30000272","E16000150","E07000241","26ULGN","E00121490","26ULGN","E65000001","E01023924","E02004990","5","5B1","E00121490","E01023924","E02004990","E33027658","E38000049","E63011549","C1","4A2",51.761912,-0.219941,"E37000048","","E23000027",10771,"E56000035","E54000025","E00121490","E01023924","E02004990"
"AL108BU","AL10 8BU","AL10 8BU","198001","","E10000015","E58000627","E07000241","E05011062","E04004819","0","522970","0208474","1","E18000006","E40000007","E92000001","E12000006","5","E14001573","E15000006","E24000005","E30000272","E16000150","E07000241","26ULGN","E00121490","26ULGN","E65000001","E01023924","E02004990","5","5B1","E00121490","E01023924","E02004990","E33027658","E38000049","E63011549","C1","4A2",51.761462,-0.219573,"E37000048","","E23000027",10771,"E56000035","E54000025","E00121490","E01023924","E02004990"
"AL108BW","AL10 8BW","AL10 8BW","198001","","E10000015","E58000627","E07000241","E05011062","E04004819","0","523055","0208363","1","E18000006","E40000007","E92000001","E12000006","5","E14001573","E15000006","E24000005","E30000272","E16000150","E07000241","26ULGN","E00121487","26ULGN","E65000001","E01023924","E02004990","5","7A2","E00121487","E01023924","E02004990","E33027658","E38000049","E63011549","C1","4B1",51.760446,-0.218381,"E37000048","","E23000027",10771,"E56000035","E54000025","E00121487","E01023924","E02004990"
"AL108BX","AL10 8BX","AL10 8BX","198001","","E10000015","E58000627","E07000241","E05011062","E04004819","0","522823","0208735","1","E18000006","E40000007","E92000001","E12000006","5","E14001573","E15000006","E24000005","E30000272","E16000150","E07000241","26ULGN","E00121502","26ULGN","E65000001","E01023924","E02004990","5","7A2","E00121502","E01023924","E02004990","E33027658","E38000049","E63011549","C1","3A2",51.763835,-0.221633,"E37000048","","E23000027",10771,"E56000035","E54000025","E00121502","E01023924","E02004990"
"AL108BY","AL10 8BY","AL10 8BY","198001","","E10000015","E58000627","E07000241","E05011062","E04004819","0","523028","0208557","1","E18000006","E40000007","E92000001","E12000006","5","E14001573","E15000006","E24000005","E30000272","E16000150","E07000241","26ULGN","E00121490","26ULGN","E65000001","E01023924","E02004990","5","5B1","E00121490","E01023924","E02004990","E33027658","E38000049","E63011549","C1","4A2",51.762190,-0.218727,"E37000048","","E23000027",10771,"E56000035","E54000025","E00121490","E01023924","E02004990"
"AL108BZ","AL10 8BZ","AL10 8BZ","198001","","E10000015","E58000627","E07000241","E05011062","E04004819","0","523109","0208434","1","E18000006","E40000007","E92000001","E12000006","5","E14001573","E15000006","E24000005","E30000272","E16000150","E07000241","26ULGN","E00121488","26ULGN","E65000001","E01023924","E02004990","5","5B3","E00121488","E01023924","E02004990","E33027661","E38000049","E63011549","C1","3D1",51.761072,-0.217574,"E37000048","","E23000027",10771,"E56000035","E54000025","E00121488","E01023924","E02004990"
"AL108DA","AL10 8DA","AL10 8DA","198001","","E10000015","E58000627","E07000241","E05011063","E04004819","0","522094","0208307","1","E18000006","E40000007","E92000001","E12000006","5","E14001573","E15000006","E24000005","E30000272","E16000150","E07000241","26ULGM","E00121465","26ULGM","E65000001","E01023922","E02004991","5","5B3","E00121465","E01023922","E02004991","E33027666","E38000049","E63011549","C1","4A2",51.760153,-0.232318,"E37000048","","E23000027",15640,"E56000035","E54000025","E00121465","E01023922","E02004991"
"AL108DB","AL10 8DB","AL10 8DB","198001","","E10000015","E58000627","E07000241","E05011063","E04004819","0","522167","0208353","1","E18000006","E40000007","E92000001","E12000006","5","E14001573","E15000006","E24000005","E30000272","E16000150","E07000241","26ULGM","E00121465","26ULGM","E65000001","E01023922","E02004991","5","5B3","E00121465","E01023922","E02004991","E33027666","E38000049","E63011549","C1","4A2",51.760545,-0.231268,"E37000048","","E23000027",15640,"E56000035","E54000025","E00121465","E01023922","E02004991"
"AL108DD","AL10 8DD","AL10 8DD","198001","","E10000015","E58000627","E07000241","E05011063","E04004819","0","522145","0208414","1","E18000006","E40000007","E92000001","E12000006","5","E14001573","E15000006","E24000005","E30000272","E16000150","E07000241","26ULGM","E00121465","26ULGM","E65000001","E01023922","E02004991","5","5B3","E00121465","E01023922","E02004991","E33027666","E38000049","E63011549","C1","4A2",51.761098,-0.231566,"E37000048","","E23000027",15640,"E56000035","E54000025","E00121465","E01023922","E02004991"
"AL108DE","AL10 8DE","AL10 8DE","198001","","E10000015","E58000627","E07000241","E05011063","E04004819","0","522024","0208395","1","E18000006","E40000007","E92000001","E12000006","5","E14001573","E15000006","E24000005","E30000272","E16000150","E07000241","26ULGM","E00121462","26ULGM","E65000001","E01023921","E02004991","5","5B3","E00121462","E01023921","E02004991","E33027666","E38000049","E63011549","C1","4A2",51.760959,-0.233301,"E37000048","","E23000027",12010,"E56000035","E54000025","E00121462","E01023921","E02004991"
"AL108DF","AL10 8DF","AL10 8DF","198001","","E10000015","E58000627","E07000241","E05011063","E04004819","0","522010","0208340","1","E18000006","E40000007","E92000001","E12000006","5","E14001573","E15000006","E24000005","E30000272","E16000150","E07000241","26ULGM","E00121465","26ULGM","E65000001","E01023922","E02004991","5","5B3","E00121465","E01023922","E02004991","E33027666","E38000049","E63011549","C1","4A2",51.760468,-0.233523,"E37000048","","E23000027",15640,"E56000035","E54000025","E00121465","E01023922","E02004991"
"AL108DG","AL10 8DG","AL10 8DG","198001","","E10000015","E58000627","E07000241","E05011063","E04004819","0","521946","0208283","1","E18000006","E40000007","E92000001","E12000006","5","E14001573","E15000006","E24000005","E30000272","E16000150","E07000241","26ULGM","E00121465","26ULGM","E65000001","E01023922","E02004991","5","5B3","E00121465","E01023922","E02004991","E33027666","E38000049","E63011549","C1","4A2",51.759964,-0.234493,"E37000048","","E23000027",15640,"E56000035","E54000025","E00121465","E01023922","E02004991"
"AL108DH","AL10 8DH","AL10 8DH","198001","","E10000015","E58000627","E07000241","E05011063","E04004819","0","521973","0208252","1","E18000006","E40000007","E92000001","E12000006","5","E14001573","E15000006","E24000005","E30000272","E16000150","E07000241","26ULGM","E00121470","26ULGM","E65000001","E01023922","E02004991","5","5B3","E00121470","E01023922","E02004991","E33027666","E38000049","E63011549","C1","4A2",51.759685,-0.234089,"E37000048","","E23000027",15640,"E56000035","E54000025","E00121470","E01023922","E02004991"
"AL108DJ","AL10 8DJ","AL10 8DJ","198001","","E10000015","E58000627","E07000241","E05011063","E04004819","0","521911","0208227","1","E18000006","E40000007","E92000001","E12000006","5","E14001573","E15000006","E24000005","E30000272","E16000150","E07000241","26ULGM","E00121470","26ULGM","E65000001","E01023922","E02004991","5","5B3","E00121470","E01023922","E02004991","E33027666","E38000049","E63011549","C1","4A2",51.759468,-0.235020,"E37000048","","E23000027",15640,"E56000035","E54000025","E00121470","E01023922","E02004991"
"AL108DL","AL10 8DL","AL10 8DL","198001","","E10000015","E58000627","E07000241","E05011063","E04004819","0","521970","0208196","1","E18000006","E40000007","E92000001","E12000006","5","E14001573","E15000006","E24000005","E30000272","E16000150","E07000241","26ULGM","E00121470","26ULGM","E65000001","E01023922","E02004991","5","5B3","E00121470","E01023922","E02004991","E33027666","E38000049","E63011549","C1","4A2",51.759183,-0.234153,"E37000048","","E23000027",15640,"E56000035","E54000025","E00121470","E01023922","E02004991"
"AL108DN","AL10 8DN","AL10 8DN","198001","","E10000015","E58000627","E07000241","E05011063","E04004819","0","521849","0208116","1","E18000006","E40000007","E92000001","E12000006","5","E14001573","E15000006","E24000005","E30000272","E16000150","E07000241","26ULGM","E00121466","26ULGM","E65000001","E01023922","E02004991","5","1A3","E00121466","E01023922","E02004991","E33027666","E38000049","E63011549","C1","4A2",51.758490,-0.235933,"E37000048","","E23000027",15640,"E56000035","E54000025","E00121466","E01023922","E02004991"
"AL108DP","AL10 8DP","AL10 8DP","198001","","E10000015","E58000627","E07000241","E05011063","E04004819","0","521947","0208177","1","E18000006","E40000007","E92000001","E12000006","5","E14001573","E15000006","E24000005","E30000272","E16000150","E07000241","26ULGM","E00121466","26ULGM","E65000001","E01023922","E02004991","5","1A3","E00121466","E01023922","E02004991","E33027666","E38000049","E63011549","C1","4A2",51.759011,-0.234516,"E37000048","","E23000027",15640,"E56000035","E54000025","E00121466","E01023922","E02004991"
"AL108DQ","AL10 8DQ","AL10 8DQ","198001","","E10000015","E58000627","E07000241","E05011063","E04004819","0","522055","0208223","1","E18000006","E40000007","E92000001","E12000006","5","E14001573","E15000006","E24000005","E30000272","E16000150","E07000241","26ULGM","E00121465","26ULGM","E65000001","E01023922","E02004991","5","5B3","E00121465","E01023922","E02004991","E33027666","E38000049","E63011549","C1","4A2",51.759407,-0.232912,"E37000048","","E23000027",15640,"E56000035","E54000025","E00121465","E01023922","E02004991"
"AL108DR","AL10 8DR","AL10 8DR","198001","","E10000015","E58000627","E07000241","E05011063","E04004819","0","522016","0208168","1","E18000006","E40000007","E92000001","E12000006","5","E14001573","E15000006","E24000005","E30000272","E16000150","E07000241","26ULGM","E00121470","26ULGM","E65000001","E01023922","E02004991","5","5B3","E00121470","E01023922","E02004991","E33027666","E38000049","E63011549","C1","4A2",51.758921,-0.233496,"E37000048","","E23000027",15640,"E56000035","E54000025","E00121470","E01023922","E02004991"
"AL108DS","AL10 8DS","AL10 8DS","198001","","E10000015","E58000627","E07000241","E05011063","E04004819","0","522138","0208252","1","E18000006","E40000007","E92000001","E12000006","5","E14001573","E15000006","E24000005","E30000272","E16000150","E07000241","26ULGM","E00121468","26ULGM","E65000001","E01023922","E02004991","5","7A2","E00121468","E01023922","E02004991","E33027666","E38000049","E63011549","C1","4A2",51.759649,-0.231700,"E37000048","","E23000027",15640,"E56000035","E54000025","E00121468","E01023922","E02004991"
"AL108DT","AL10 8DT","AL10 8DT","199412","199512","E10000015","E58000627","E07000241","E05011063","E04004819","1","522000","0208100","8","E18000006","E40000007","E92000001","E12000006","5","E14001573","E15000006","E24000005","E30000272","E16000150","E07000241","26ULGM","E00121468","26ULGM","E65000001","E01023922","E02004991","5","7A2","E00121468","E01023922","E02004991","E33027666","E38000049","E63011549","C1","4A2",51.758308,-0.233776,"E37000048","","E23000027",15640,"E56000035","E54000025","E00121468","E01023922","E02004991"
"AL108DU","AL10 8DU","AL10 8DU","198001","","E10000015","E58000627","E07000241","E05011063","E04004819","0","522075","0208170","1","E18000006","E40000007","E92000001","E12000006","5","E14001573","E15000006","E24000005","E30000272","E16000150","E07000241","26ULGM","E00121468","26ULGM","E65000001","E01023922","E02004991","5","7A2","E00121468","E01023922","E02004991","E33027666","E38000049","E63011549","C1","4A2",51.758926,-0.232641,"E37000048","","E23000027",15640,"E56000035","E54000025","E00121468","E01023922","E02004991"
"AL108DW","AL10 8DW","AL10 8DW","198001","","E10000015","E58000627","E07000241","E05011063","E04004819","0","521884","0208099","1","E18000006","E40000007","E92000001","E12000006","5","E14001573","E15000006","E24000005","E30000272","E16000150","E07000241","26ULGM","E00121466","26ULGM","E65000001","E01023922","E02004991","5","1A3","E00121466","E01023922","E02004991","E33027666","E38000049","E63011549","C1","4A2",51.758329,-0.235432,"E37000048","","E23000027",15640,"E56000035","E54000025","E00121466","E01023922","E02004991"
"AL108DX","AL10 8DX","AL10 8DX","198001","","E10000015","E58000627","E07000241","E05011063","E04004819","0","521982","0208103","1","E18000006","E40000007","E92000001","E12000006","5","E14001573","E15000006","E24000005","E30000272","E16000150","E07000241","26ULGM","E00121470","26ULGM","E65000001","E01023922","E02004991","5","5B3","E00121470","E01023922","E02004991","E33027666","E38000049","E63011549","C1","4A2",51.758344,-0.234011,"E37000048","","E23000027",15640,"E56000035","E54000025","E00121470","E01023922","E02004991"
"AL108DY","AL10 8DY","AL10 8DY","198001","","E10000015","E58000627","E07000241","E05011063","E04004819","0","521928","0208081","1","E18000006","E40000007","E92000001","E12000006","5","E14001573","E15000006","E24000005","E30000272","E16000150","E07000241","26ULGM","E00121470","26ULGM","E65000001","E01023922","E02004991","5","5B3","E00121470","E01023922","E02004991","E33027666","E38000049","E63011549","C1","4A2",51.758158,-0.234801,"E37000048","","E23000027",15640,"E56000035","E54000025","E00121470","E01023922","E02004991"
"AL108DZ","AL10 8DZ","AL10 8DZ","198001","","E10000015","E58000627","E07000241","E05011063","E04004819","0","521900","0207979","1","E18000006","E40000007","E92000001","E12000006","5","E14001573","E15000006","E24000005","E30000272","E16000150","E07000241","26ULGM","E00121471","26ULGM","E65000001","E01023923","E02004991","5","1B1","E00121471","E01023923","E02004991","E33027666","E38000049","E63011549","C1","4A2",51.757248,-0.235242,"E37000048","","E23000027",20450,"E56000035","E54000025","E00121471","E01023923","E02004991"
"AL108EA","AL10 8EA","AL10 8EA","198001","","E10000015","E58000627","E07000241","E05011063","E04004819","0","521824","0207904","1","E18000006","E40000007","E92000001","E12000006","5","E14001573","E15000006","E24000005","E30000272","E16000150","E07000241","26ULGM","E00121471","26ULGM","E65000001","E01023923","E02004991","5","1B1","E00121471","E01023923","E02004991","E33027666","E38000049","E63011549","C1","4A2",51.756590,-0.236369,"E37000048","","E23000027",20450,"E56000035","E54000025","E00121471","E01023923","E02004991"
"AL108EB","AL10 8EB","AL10 8EB","198001","","E10000015","E58000627","E07000241","E05011063","E04004819","0","521788","0208062","1","E18000006","E40000007","E92000001","E12000006","5","E14001573","E15000006","E24000005","E30000272","E16000150","E07000241","26ULGM","E00121471","26ULGM","E65000001","E01023923","E02004991","5","1B1","E00121471","E01023923","E02004991","E33027666","E38000049","E63011549","C1","4A2",51.758018,-0.236835,"E37000048","","E23000027",20450,"E56000035","E54000025","E00121471","E01023923","E02004991"
"AL108ED","AL10 8ED","AL10 8ED","198001","","E10000015","E58000627","E07000241","E05011063","E04004819","0","521802","0208178","1","E18000006","E40000007","E92000001","E12000006","5","E14001573","E15000006","E24000005","E30000272","E16000150","E07000241","26ULGM","E00121466","26ULGM","E65000001","E01023922","E02004991","5","1A3","E00121466","E01023922","E02004991","E33027666","E38000049","E63011549","C1","4A2",51.759057,-0.236592,"E37000048","","E23000027",15640,"E56000035","E54000025","E00121466","E01023922","E02004991"
"AL108EE","AL10 8EE","AL10 8EE","198001","","E10000015","E58000627","E07000241","E05011063","E04004819","0","521721","0208164","1","E18000006","E40000007","E92000001","E12000006","5","E14001573","E15000006","E24000005","E30000272","E16000150","E07000241","26ULGM","E00121466","26ULGM","E65000001","E01023922","E02004991","5","1A3","E00121466","E01023922","E02004991","E33027666","E38000049","E63011549","C1","4A2",51.758949,-0.237770,"E37000048","","E23000027",15640,"E56000035","E54000025","E00121466","E01023922","E02004991"
"AL108EF","AL10 8EF","AL10 8EF","198001","","E10000015","E58000627","E07000241","E05011063","E04004819","0","521873","0208249","1","E18000006","E40000007","E92000001","E12000006","5","E14001573","E15000006","E24000005","E30000272","E16000150","E07000241","26ULGM","E00121470","26ULGM","E65000001","E01023922","E02004991","5","5B3","E00121470","E01023922","E02004991","E33027666","E38000049","E63011549","C1","4A2",51.759674,-0.235562,"E37000048","","E23000027",15640,"E56000035","E54000025","E00121470","E01023922","E02004991"
"AL108EG","AL10 8EG","AL10 8EG","199512","199708","E10000015","E58000627","E07000241","E05011063","E04004819","1","521824","0207905","8","E18000006","E40000007","E92000001","E12000006","5","E14001573","E15000006","E24000005","E30000272","E16000150","E07000241","26ULGM","E00121471","26ULGM","E65000001","E01023923","E02004991","5","1B1","E00121471","E01023923","E02004991","E33027666","E38000049","E63011549","C1","4A2",51.756594,-0.236393,"E37000048","","E23000027",20450,"E56000035","E54000025","E00121471","E01023923","E02004991"
"AL108EH","AL10 8EH","AL10 8EH","199606","199712","E10000015","E58000627","E07000241","E05011063","E04004819","1","522427","0207618","6","E18000006","E40000007","E92000001","E12000006","5","E14001573","E15000006","E24000005","E30000272","E16000150","E07000241","26ULGR","E00121538","26ULGR","E65000001","E01023936","E02004992","5","1B2","E00121538","E01023936","E02004992","E33027667","E38000049","E63011549","C1","4A2",51.753883,-0.227762,"E37000048","","E23000027",15671,"E56000035","E54000025","E00121538","E01023936","E02004992"
"AL108EJ","AL10 8EJ","AL10 8EJ","199507","199812","E10000015","E58000627","E07000241","E05011063","E04004819","1","522427","0207618","6","E18000006","E40000007","E92000001","E12000006","5","E14001573","E15000006","E24000005","E30000272","E16000150","E07000241","26ULGR","E00121538","26ULGR","E65000001","E01023936","E02004992","5","1B2","E00121538","E01023936","E02004992","E33027667","E38000049","E63011549","C1","4A2",51.753883,-0.227762,"E37000048","","E23000027",15671,"E56000035","E54000025","E00121538","E01023936","E02004992"
"AL108EL","AL10 8EL","AL10 8EL","199606","199706","E10000015","E58000627","E07000241","E05011063","E04004819","1","521824","0207905","8","E18000006","E40000007","E92000001","E12000006","5","E14001573","E15000006","E24000005","E30000272","E16000150","E07000241","26ULGM","E00121471","26ULGM","E65000001","E01023923","E02004991","5","1B1","E00121471","E01023923","E02004991","E33027666","E38000049","E63011549","C1","4A2",51.756594,-0.236393,"E37000048","","E23000027",20450,"E56000035","E54000025","E00121471","E01023923","E02004991"
"AL108EN","AL10 8EN","AL10 8EN","199412","","E10000015","E58000627","E07000241","E05011062","E04004819","0","522644","0208433","1","E18000006","E40000007","E92000001","E12000006","5","E14001573","E15000006","E24000005","E30000272","E16000150","E07000241","26ULGN","E00121485","26ULGN","E65000001","E01023924","E02004990","5","7A2","E00121485","E01023924","E02004990","E33027658","E38000049","E63011549","C1","3A2",51.761160,-0.224332,"E37000048","","E23000027",10771,"E56000035","E54000025","E00121485","E01023924","E02004990"
"AL108EP","AL10 8EP","AL10 8EP","198001","","E10000015","E58000627","E07000241","E05011063","E04004819","0","522223","0208409","1","E18000006","E40000007","E92000001","E12000006","5","E14001573","E15000006","E24000005","E30000272","E16000150","E07000241","26ULGM","E00121463","26ULGM","E65000001","E01023922","E02004991","5","1A3","E00121463","E01023922","E02004991","E33027666","E38000049","E63011549","C1","4A1",51.761042,-0.230414,"E37000048","","E23000027",15640,"E56000035","E54000025","E00121463","E01023922","E02004991"
"AL108EQ","AL10 8EQ","AL10 8EQ","199208","200104","E10000015","E58000627","E07000241","E05011062","E04004819","1","523155","0208922","1","E18000006","E40000007","E92000001","E12000006","5","E14001573","E15000006","E24000005","E30000272","E16000150","E07000241","26ULGN","E00121486","26ULGN","E65000001","E01023926","E02004990","5","2B2","E00121486","E01023926","E02004990","E33024488","E38000049","E63011549","C1","4A2",51.765442,-0.216759,"E37000048","","E23000027",29833,"E56000035","E54000025","E00121486","E01023926","E02004990"
"AL108ER","AL10 8ER","AL10 8ER","198001","","E10000015","E58000627","E07000241","E05011063","E04004819","0","522192","0208374","1","E18000006","E40000007","E92000001","E12000006","5","E14001573","E15000006","E24000005","E30000272","E16000150","E07000241","26ULGM","E00121463","26ULGM","E65000001","E01023922","E02004991","5","1A3","E00121463","E01023922","E02004991","E33027666","E38000049","E63011549","C1","4A1",51.760734,-0.230875,"E37000048","","E23000027",15640,"E56000035","E54000025","E00121463","E01023922","E02004991"
"AL108ES","AL10 8ES","AL10 8ES","198001","","E10000015","E58000627","E07000241","E05011063","E04004819","0","522292","0208316","1","E18000006","E40000007","E92000001","E12000006","5","E14001573","E15000006","E24000005","E30000272","E16000150","E07000241","26ULGM","E00121463","26ULGM","E65000001","E01023922","E02004991","5","1A3","E00121463","E01023922","E02004991","E33027666","E38000049","E63011549","C1","4A1",51.760191,-0.229447,"E37000048","","E23000027",15640,"E56000035","E54000025","E00121463","E01023922","E02004991"
"AL108ET","AL10 8ET","AL10 8ET","198001","","E10000015","E58000627","E07000241","E05011063","E04004819","0","522222","0208278","1","E18000006","E40000007","E92000001","E12000006","5","E14001573","E15000006","E24000005","E30000272","E16000150","E07000241","26ULGM","E00121468","26ULGM","E65000001","E01023922","E02004991","5","7A2","E00121468","E01023922","E02004991","E33027666","E38000049","E63011549","C1","4A2",51.759865,-0.230474,"E37000048","","E23000027",15640,"E56000035","E54000025","E00121468","E01023922","E02004991"
"AL108EU","AL10 8EU","AL10 8EU","198001","","E10000015","E58000627","E07000241","E05011063","E04004819","0","522285","0208144","1","E18000006","E40000007","E92000001","E12000006","5","E14001573","E15000006","E24000005","E30000272","E16000150","E07000241","26ULGM","E00121468","26ULGM","E65000001","E01023922","E02004991","5","7A2","E00121468","E01023922","E02004991","E33027666","E38000049","E63011549","C1","4A2",51.758647,-0.229609,"E37000048","","E23000027",15640,"E56000035","E54000025","E00121468","E01023922","E02004991"
"AL108EW","AL10 8EW","AL10 8EW","198001","","E10000015","E58000627","E07000241","E05011063","E04004819","0","522323","0208416","1","E18000006","E40000007","E92000001","E12000006","5","E14001573","E15000006","E24000005","E30000272","E16000150","E07000241","26ULGM","E00121463","26ULGM","E65000001","E01023922","E02004991","5","1A3","E00121463","E01023922","E02004991","E33027666","E38000049","E63011549","C1","4A1",51.761083,-0.228963,"E37000048","","E23000027",15640,"E56000035","E54000025","E00121463","E01023922","E02004991"
"AL108EX","AL10 8EX","AL10 8EX","198001","","E10000015","E58000627","E07000241","E05011063","E04004819","0","522315","0207857","1","E18000006","E40000007","E92000001","E12000006","5","E14001573","E15000006","E24000005","E30000272","E16000150","E07000241","26ULGM","E00121469","26ULGM","E65000001","E01023923","E02004991","5","6B2","E00121469","E01023923","E02004991","E33027666","E38000049","E63011549","C1","8D2",51.756061,-0.229276,"E37000048","","E23000027",20450,"E56000035","E54000025","E00121469","E01023923","E02004991"
"AL108EY","AL10 8EY","AL10 8EY","198001","","E10000015","E58000627","E07000241","E05011063","E04004819","0","522294","0207753","1","E18000006","E40000007","E92000001","E12000006","5","E14001573","E15000006","E24000005","E30000272","E16000150","E07000241","26ULGM","E00121473","26ULGM","E65000001","E01023923","E02004991","5","6D1","E00121473","E01023923","E02004991","E33027665","E38000049","E63011549","C1","4C3",51.755131,-0.229617,"E37000048","","E23000027",20450,"E56000035","E54000025","E00121473","E01023923","E02004991"
"AL108EZ","AL10 8EZ","AL10 8EZ","198001","","E10000015","E58000627","E07000241","E05011063","E04004819","0","522191","0208041","1","E18000006","E40000007","E92000001","E12000006","5","E14001573","E15000006","E24000005","E30000272","E16000150","E07000241","26ULGM","E00121469","26ULGM","E65000001","E01023923","E02004991","5","6B2","E00121469","E01023923","E02004991","E33027666","E38000049","E63011549","C1","8D2",51.757741,-0.231007,"E37000048","","E23000027",20450,"E56000035","E54000025","E00121469","E01023923","E02004991"
"AL108FA","AL10 8FA","AL10 8FA","200112","201507","E10000015","E58000628","E07000241","E05011061","E04004819","1","522507","0208780","1","E18000006","E40000007","E92000001","E12000006","5","E14001573","E15000006","E24000005","E30000272","E16000150","E07000241","26ULGM","E00121461","26ULGM","E65000001","E01023920","E02004991","5","2A2","E00121461","E01023920","E02004991","E33024486","E38000049","E63011549","C1","3A2",51.764308,-0.226194,"E37000048","","E23000027",6540,"E56000035","E54000025","E00121461","E01023920","E02004991"
"AL108FB","AL10 8FB","AL10 8FB","201805","","E10000015","E58000630","E07000241","E05011071","E04004819","0","522234","0206422","1","E18000006","E40000007","E92000001","E12000006","5","E14001573","E15000006","E24000005","E30000272","E16000150","E07000241","26ULGQ","E00121535","26ULGQ","E65000001","E01023932","E02004992","5","1B1","E00121535","E01023932","E02004992","E33027668","E38000049","E63011549","C1","4A2",51.743182,-0.230954,"E37000048","","E23000027",20795,"E56000035","E54000025","E00121535","E01023932","E02004992"
"AL108FD","AL10 8FD","AL10 8FD","200909","","E10000015","E58000627","E07000241","E05011063","E04004819","0","521804","0207983","1","E18000006","E40000007","E92000001","E12000006","5","E14001573","E15000006","E24000005","E30000272","E16000150","E07000241","26ULGM","E00121471","26ULGM","E65000001","E01023923","E02004991","5","1B1","E00121471","E01023923","E02004991","E33027666","E38000049","E63011549","C1","4A2",51.757299,-0.236655,"E37000048","","E23000027",20450,"E56000035","E54000025","E00121471","E01023923","E02004991"
"AL108FE","AL10 8FE","AL10 8FE","201001","","E10000015","E58000627","E07000241","E05011062","E04004819","0","522679","0208213","1","E18000006","E40000007","E92000001","E12000006","5","E14001573","E15000006","E24000005","E30000272","E16000150","E07000241","26ULGN","E00121487","26ULGN","E65000001","E01023924","E02004990","5","7A2","E00121487","E01023924","E02004990","E33027658","E38000049","E63011549","C1","4B1",51.759175,-0.223903,"E37000048","","E23000027",10771,"E56000035","E54000025","E00121487","E01023924","E02004990"
"AL108FF","AL10 8FF","AL10 8FF","202006","","E10000015","E58000627","E07000241","E05011062","E04004819","0","523129","0209044","1","E18000006","E40000007","E92000001","E12000006","5","E14001573","E15000006","E24000005","E30000272","E16000150","E07000241","26ULGN","E00121486","26ULGN","E65000001","E01023926","E02004990","5","2B2","E00121486","E01023926","E02004990","E33024490","E38000049","E63011549","C1","4A2",51.766550,-0.217068,"E37000048","","E23000027",29833,"E56000035","E54000025","E00121486","E01023926","E02004990"
"AL108FG","AL10 8FG","AL10 8FG","202110","","E10000015","E58000630","E07000241","E05011063","E04004819","0","522055","0207078","1","E18000006","E40000007","E92000001","E12000006","5","E14001573","E15000006","E24000005","E30000272","E16000150","E07000241","26ULGR","E00121543","26ULGR","E65000001","E01023937","E02004992","5","7A3","E00121543","E01023937","E02004992","E33027668","E38000049","E63011549","C1","4A2",51.749116,-0.233315,"E37000048","","E23000027",11751,"E56000035","E54000025","E00190240","E01023937","E02004992"
"AL108FH","AL10 8FH","AL10 8FH","202110","","E10000015","E58000630","E07000241","E05011063","E04004819","0","521970","0207046","1","E18000006","E40000007","E92000001","E12000006","5","E14001573","E15000006","E24000005","E30000272","E16000150","E07000241","26ULGR","E00121543","26ULGR","E65000001","E01023937","E02004992","5","7A3","E00121543","E01023937","E02004992","E33027668","E38000049","E63011549","C1","4A2",51.748847,-0.234556,"E37000048","","E23000027",11751,"E56000035","E54000025","E00190240","E01023937","E02004992"
"AL108FJ","AL10 8FJ","AL10 8FJ","202110","","E10000015","E58000630","E07000241","E05011063","E04004819","0","521993","0207075","1","E18000006","E40000007","E92000001","E12000006","5","E14001573","E15000006","E24000005","E30000272","E16000150","E07000241","26ULGR","E00121543","26ULGR","E65000001","E01023937","E02004992","5","7A3","E00121543","E01023937","E02004992","E33027668","E38000049","E63011549","C1","4A2",51.749103,-0.234213,"E37000048","","E23000027",11751,"E56000035","E54000025","E00190240","E01023937","E02004992"
"AL108FL","AL10 8FL","AL10 8FL","202110","","E10000015","E58000630","E07000241","E05011063","E04004819","0","521970","0207033","1","E18000006","E40000007","E92000001","E12000006","5","E14001573","E15000006","E24000005","E30000272","E16000150","E07000241","26ULGR","E00121543","26ULGR","E65000001","E01023937","E02004992","5","7A3","E00121543","E01023937","E02004992","E33027668","E38000049","E63011549","C1","4A2",51.748730,-0.234561,"E37000048","","E23000027",11751,"E56000035","E54000025","E00190240","E01023937","E02004992"
"AL108FN","AL10 8FN","AL10 8FN","202403","202406","E10000015","E58000630","E07000241","E05011063","E04004819","0","522014","0206991","1","E18000006","E40000007","E92000001","E12000006","5","E14001573","E15000006","E24000005","E30000272","E16000150","E07000241","26ULGR","E00121543","26ULGR","E65000001","E01023937","E02004992","5","7A3","E00121543","E01023937","E02004992","E33027668","E38000049","E63011549","C1","4A2",51.748343,-0.233939,"E37000048","","E23000027",11751,"E56000035","E54000025","E00190240","E01023937","E02004992"
"AL108FP","AL10 8FP","AL10 8FP","202403","202406","E10000015","E58000630","E07000241","E05011063","E04004819","0","521982","0206982","1","E18000006","E40000007","E92000001","E12000006","5","E14001573","E15000006","E24000005","E30000272","E16000150","E07000241","26ULGR","E00121543","26ULGR","E65000001","E01023937","E02004992","5","7A3","E00121543","E01023937","E02004992","E33027668","E38000049","E63011549","C1","4A2",51.748270,-0.234405,"E37000048","","E23000027",11751,"E56000035","E54000025","E00190240","E01023937","E02004992"
"AL108FQ","AL10 8FQ","AL10 8FQ","202403","202406","E10000015","E58000630","E07000241","E05011063","E04004819","0","521995","0206957","1","E18000006","E40000007","E92000001","E12000006","5","E14001573","E15000006","E24000005","E30000272","E16000150","E07000241","26ULGR","E00121543","26ULGR","E65000001","E01023937","E02004992","5","7A3","E00121543","E01023937","E02004992","E33027668","E38000049","E63011549","C1","4A2",51.748042,-0.234226,"E37000048","","E23000027",11751,"E56000035","E54000025","E00190240","E01023937","E02004992"
"AL108FR","AL10 8FR","AL10 8FR","202401","","E10000015","E58000630","E07000241","E05011063","E04004819","0","521958","0207011","1","E18000006","E40000007","E92000001","E12000006","5","E14001573","E15000006","E24000005","E30000272","E16000150","E07000241","26ULGR","E00121543","26ULGR","E65000001","E01023937","E02004992","5","7A3","E00121543","E01023937","E02004992","E33027668","E38000049","E63011549","C1","4A2",51.748554,-0.234756,"E37000048","","E23000027",11751,"E56000035","E54000025","E00190240","E01023937","E02004992"
"AL108FS","AL10 8FS","AL10 8FS","202203","","E10000015","E58000630","E07000241","E05011063","E04004819","0","522032","0207036","1","E18000006","E40000007","E92000001","E12000006","5","E14001573","E15000006","E24000005","E30000272","E16000150","E07000241","26ULGR","E00121543","26ULGR","E65000001","E01023937","E02004992","5","7A3","E00121543","E01023937","E02004992","E33027668","E38000049","E63011549","C1","4A2",51.748744,-0.233662,"E37000048","","E23000027",11751,"E56000035","E54000025","E00190240","E01023937","E02004992"
"AL108FT","AL10 8FT","AL10 8FT","202304","","E10000015","E58000630","E07000241","E05011063","E04004819","0","522049","0206997","1","E18000006","E40000007","E92000001","E12000006","5","E14001573","E15000006","E24000005","E30000272","E16000150","E07000241","26ULGR","E00121543","26ULGR","E65000001","E01023937","E02004992","5","7A3","E00121543","E01023937","E02004992","E33027668","E38000049","E63011549","C1","4A2",51.748390,-0.233430,"E37000048","","E23000027",11751,"E56000035","E54000025","E00190240","E01023937","E02004992"
"AL108FU","AL10 8FU","AL10 8FU","202307","","E10000015","E58000627","E07000241","E05011062","E04004819","0","522943","0208397","1","E18000006","E40000007","E92000001","E12000006","5","E14001573","E15000006","E24000005","E30000272","E16000150","E07000241","26ULGN","E00121490","26ULGN","E65000001","E01023924","E02004990","5","5B1","E00121490","E01023924","E02004990","E33027658","E38000049","E63011549","C1","4A2",51.760776,-0.219991,"E37000048","","E23000027",10771,"E56000035","E54000025","E00121490","E01023924","E02004990"
"AL108FW","AL10 8FW","AL10 8FW","202307","","E10000015","E58000627","E07000241","E05011062","E04004819","0","522972","0208267","1","E18000006","E40000007","E92000001","E12000006","5","E14001573","E15000006","E24000005","E30000272","E16000150","E07000241","26ULGN","E00121487","26ULGN","E65000001","E01023924","E02004990","5","7A2","E00121487","E01023924","E02004990","E33027658","E38000049","","C1","4B1",51.759602,-0.219617,"E37000048","","E23000027",10771,"E56000035","E54000025","E00121487","E01023924","E02004990"
"AL108FX","AL10 8FX","AL10 8FX","202307","","E10000015","E58000627","E07000241","E05011062","E04004819","0","522615","0208499","1","E18000006","E40000007","E92000001","E12000006","5","E14001573","E15000006","E24000005","E30000272","E16000150","E07000241","26ULGN","E00121485","26ULGN","E65000001","E01023924","E02004990","5","7A2","E00121485","E01023924","E02004990","E33027658","E38000049","E63011549","C1","3A2",51.761765,-0.224705,"E37000048","","E23000027",10771,"E56000035","E54000025","E00121485","E01023924","E02004990"
"AL108FY","AL10 8FY","AL10 8FY","202409","","E10000015","E58000630","E07000241","E05011071","E04004819","0","522332","0206581","1","E18000006","E40000007","E92000001","E12000006","5","E14001573","E15000006","E24000005","E30000272","E16000150","E07000241","26ULGQ","E00121535","26ULGQ","E65000001","E01023932","E02004992","5","1B1","E00121535","E01023932","E02004992","E33027668","E38000049","E63011549","C1","4A2",51.744589,-0.229479,"E37000048","","E23000027",20795,"E56000035","E54000025","E00121535","E01023932","E02004992"
"AL108GA","AL10 8GA","AL10 8GA","199706","199912","E10000015","E58000627","E07000241","E05011063","E04004819","1","522427","0207618","6","E18000006","E40000007","E92000001","E12000006","5","E14001573","E15000006","E24000005","E30000272","E16000150","E07000241","26ULGR","E00121538","26ULGR","E65000001","E01023936","E02004992","5","1B2","E00121538","E01023936","E02004992","E33027667","E38000049","E63011549","C1","4A2",51.753883,-0.227762,"E37000048","","E23000027",15671,"E56000035","E54000025","E00121538","E01023936","E02004992"
"AL108GJ","AL10 8GJ","AL10 8GJ","200012","200602","E10000015","E58000628","E07000241","E05011061","E04004819","1","522507","0208780","1","E18000006","E40000007","E92000001","E12000006","5","E14001573","E15000006","E24000005","E30000272","E16000150","E07000241","26ULGM","E00121461","26ULGM","E65000001","E01023920","E02004991","5","2A2","E00121461","E01023920","E02004991","E33024486","E38000049","E63011549","C1","3A2",51.764308,-0.226194,"E37000048","","E23000027",6540,"E56000035","E54000025","E00121461","E01023920","E02004991"
"AL108GP","AL10 8GP","AL10 8GP","199606","199712","E10000015","E58000627","E07000241","E05011063","E04004819","1","522427","0207618","6","E18000006","E40000007","E92000001","E12000006","5","E14001573","E15000006","E24000005","E30000272","E16000150","E07000241","26ULGR","E00121538","26ULGR","E65000001","E01023936","E02004992","5","1B2","E00121538","E01023936","E02004992","E33027667","E38000049","E63011549","C1","4A2",51.753883,-0.227762,"E37000048","","E23000027",15671,"E56000035","E54000025","E00121538","E01023936","E02004992"
"AL108GZ","AL10 8GZ","AL10 8GZ","199712","200006","E10000015","E58000627","E07000241","E05011063","E04004819","1","522427","0207618","6","E18000006","E40000007","E92000001","E12000006","5","E14001573","E15000006","E24000005","E30000272","E16000150","E07000241","26ULGR","E00121538","26ULGR","E65000001","E01023936","E02004992","5","1B2","E00121538","E01023936","E02004992","E33027667","E38000049","E63011549","C1","4A2",51.753883,-0.227762,"E37000048","","E23000027",15671,"E56000035","E54000025","E00121538","E01023936","E02004992"
"AL108HA","AL10 8HA","AL10 8HA","198001","","E10000015","E58000627","E07000241","E05011063","E04004819","0","521996","0207829","1","E18000006","E40000007","E92000001","E12000006","5","E14001573","E15000006","E24000005","E30000272","E16000150","E07000241","26ULGM","E00121469","26ULGM","E65000001","E01023923","E02004991","5","6B2","E00121469","E01023923","E02004991","E33027666","E38000049","E63011549","C1","8D2",51.755879,-0.233905,"E37000048","","E23000027",20450,"E56000035","E54000025","E00121469","E01023923","E02004991"
"AL108HB","AL10 8HB","AL10 8HB","198001","","E10000015","E58000627","E07000241","E05011063","E04004819","0","521973","0207859","1","E18000006","E40000007","E92000001","E12000006","5","E14001573","E15000006","E24000005","E30000272","E16000150","E07000241","26ULGM","E00121469","26ULGM","E65000001","E01023923","E02004991","5","6B2","E00121469","E01023923","E02004991","E33027666","E38000049","E63011549","C1","8D2",51.756153,-0.234228,"E37000048","","E23000027",20450,"E56000035","E54000025","E00121469","E01023923","E02004991"
"AL108HD","AL10 8HD","AL10 8HD","198001","","E10000015","E58000627","E07000241","E05011063","E04004819","0","521939","0207922","1","E18000006","E40000007","E92000001","E12000006","5","E14001573","E15000006","E24000005","E30000272","E16000150","E07000241","26ULGM","E00121471","26ULGM","E65000001","E01023923","E02004991","5","1B1","E00121471","E01023923","E02004991","E33027666","E38000049","E63011549","C1","4A2",51.756727,-0.234698,"E37000048","","E23000027",20450,"E56000035","E54000025","E00121471","E01023923","E02004991"
"AL108HE","AL10 8HE","AL10 8HE","198001","","E10000015","E58000627","E07000241","E05011063","E04004819","0","522007","0207974","1","E18000006","E40000007","E92000001","E12000006","5","E14001573","E15000006","E24000005","E30000272","E16000150","E07000241","26ULGM","E00121469","26ULGM","E65000001","E01023923","E02004991","5","6B2","E00121469","E01023923","E02004991","E33027666","E38000049","E63011549","C1","8D2",51.757179,-0.233695,"E37000048","","E23000027",20450,"E56000035","E54000025","E00121469","E01023923","E02004991"
"AL108HF","AL10 8HF","AL10 8HF","198001","","E10000015","E58000627","E07000241","E05011063","E04004819","0","521978","0208008","1","E18000006","E40000007","E92000001","E12000006","5","E14001573","E15000006","E24000005","E30000272","E16000150","E07000241","26ULGM","E00121471","26ULGM","E65000001","E01023923","E02004991","5","1B1","E00121471","E01023923","E02004991","E33027666","E38000049","E63011549","C1","4A2",51.757491,-0.234103,"E37000048","","E23000027",20450,"E56000035","E54000025","E00121471","E01023923","E02004991"
"AL108HG","AL10 8HG","AL10 8HG","198001","","E10000015","E58000627","E07000241","E05011063","E04004819","0","522074","0208052","1","E18000006","E40000007","E92000001","E12000006","5","E14001573","E15000006","E24000005","E30000272","E16000150","E07000241","26ULGM","E00121470","26ULGM","E65000001","E01023922","E02004991","5","5B3","E00121470","E01023922","E02004991","E33027666","E38000049","E63011549","C1","4A2",51.757866,-0.232697,"E37000048","","E23000027",15640,"E56000035","E54000025","E00121470","E01023922","E02004991"
"AL108HH","AL10 8HH","AL10 8HH","198001","","E10000015","E58000627","E07000241","E05011063","E04004819","0","522076","0208113","1","E18000006","E40000007","E92000001","E12000006","5","E14001573","E15000006","E24000005","E30000272","E16000150","E07000241","26ULGM","E00121468","26ULGM","E65000001","E01023922","E02004991","5","7A2","E00121468","E01023922","E02004991","E33027666","E38000049","E63011549","C1","4A2",51.758414,-0.232647,"E37000048","","E23000027",15640,"E56000035","E54000025","E00121468","E01023922","E02004991"
"AL108HJ","AL10 8HJ","AL10 8HJ","198001","","E10000015","E58000627","E07000241","E05011063","E04004819","0","522187","0208178","1","E18000006","E40000007","E92000001","E12000006","5","E14001573","E15000006","E24000005","E30000272","E16000150","E07000241","26ULGM","E00121468","26ULGM","E65000001","E01023922","E02004991","5","7A2","E00121468","E01023922","E02004991","E33027666","E38000049","E63011549","C1","4A2",51.758973,-0.231016,"E37000048","","E23000027",15640,"E56000035","E54000025","E00121468","E01023922","E02004991"
"AL108HL","AL10 8HL","AL10 8HL","198001","","E10000015","E58000627","E07000241","E05011063","E04004819","0","522169","0208205","1","E18000006","E40000007","E92000001","E12000006","5","E14001573","E15000006","E24000005","E30000272","E16000150","E07000241","26ULGM","E00121468","26ULGM","E65000001","E01023922","E02004991","5","7A2","E00121468","E01023922","E02004991","E33027666","E38000049","E63011549","C1","4A2",51.759220,-0.231268,"E37000048","","E23000027",15640,"E56000035","E54000025","E00121468","E01023922","E02004991"
"AL108HN","AL10 8HN","AL10 8HN","198001","","E10000015","E58000627","E07000241","E05011063","E04004819","0","522172","0208115","1","E18000006","E40000007","E92000001","E12000006","5","E14001573","E15000006","E24000005","E30000272","E16000150","E07000241","26ULGM","E00121470","26ULGM","E65000001","E01023922","E02004991","5","5B3","E00121470","E01023922","E02004991","E33027666","E38000049","E63011549","C1","4A2",51.758411,-0.231256,"E37000048","","E23000027",15640,"E56000035","E54000025","E00121470","E01023922","E02004991"
"AL108HP","AL10 8HP","AL10 8HP","198001","","E10000015","E58000627","E07000241","E05011063","E04004819","1","522445","0208444","1","E18000006","E40000007","E92000001","E12000006","5","E14001573","E15000006","E24000005","E30000272","E16000150","E07000241","26ULGM","E00121463","26ULGM","E65000001","E01023922","E02004991","5","1A3","E00121463","E01023922","E02004991","E33027666","E38000049","E63011549","C1","4A1",51.761302,-0.227210,"E37000048","","E23000027",15640,"E56000035","E54000025","E00121463","E01023922","E02004991"
"AL108HQ","AL10 8HQ","AL10 8HQ","198001","","E10000015","E58000627","E07000241","E05011063","E04004819","0","522140","0208099","1","E18000006","E40000007","E92000001","E12000006","5","E14001573","E15000006","E24000005","E30000272","E16000150","E07000241","26ULGM","E00121470","26ULGM","E65000001","E01023922","E02004991","5","5B3","E00121470","E01023922","E02004991","E33027666","E38000049","E63011549","C1","4A2",51.758274,-0.231725,"E37000048","","E23000027",15640,"E56000035","E54000025","E00121470","E01023922","E02004991"
"AL108HR","AL10 8HR","AL10 8HR","199101","","E10000015","E58000630","E07000241","E05011063","E04004819","0","522090","0206948","1","E18000006","E40000007","E92000001","E12000006","5","E14001573","E15000006","E24000005","E30000272","E16000150","E07000241","26ULGR","E00121543","26ULGR","E65000001","E01023937","E02004992","5","7A3","E00121543","E01023937","E02004992","E33027668","E38000049","E63011549","C1","4A2",51.747940,-0.232854,"E37000048","","E23000027",11751,"E56000035","E54000025","E00190240","E01023937","E02004992"
"AL108HS","AL10 8HS","AL10 8HS","198504","","E10000015","E58000630","E07000241","E05011071","E04012223","0","522187","0206252","1","E18000006","E40000007","E92000001","E12000006","5","E14001573","E15000006","E24000005","E30000272","E16000150","E07000241","26ULGZ","E00121688","26ULGZ","E65000001","E01023964","E02004993","8","3C1","E00121688","E01023964","E02004993","E33027669","E38000049","","E1","5A1",51.741664,-0.231694,"E37000048","","E23000027",23695,"E56000035","E54000025","E00121688","E01035608","E02007092"
"AL108HT","AL10 8HT","AL10 8HT","198704","199405","E10000015","E58000627","E07000241","E05011063","E04004819","1","522200","0207200","8","E18000006","E40000007","E92000001","E12000006","5","E14001573","E15000006","E24000005","E30000272","E16000150","E07000241","26ULGR","E00121545","26ULGR","E65000001","E01023937","E02004992","5","7A2","E00121545","E01023937","E02004992","E33027667","E38000049","E63011549","C1","4B1",51.750176,-0.231195,"E37000048","","E23000027",11751,"E56000035","E54000025","E00121545","E01023937","E02004992"
"AL108HU","AL10 8HU","AL10 8HU","200501","201612","E10000015","E58000627","E07000241","E05011062","E04004819","1","523129","0209044","1","E18000006","E40000007","E92000001","E12000006","5","E14001573","E15000006","E24000005","E30000272","E16000150","E07000241","26ULGN","E00121486","26ULGN","E65000001","E01023926","E02004990","5","2B2","E00121486","E01023926","E02004990","E33024490","E38000049","E63011549","C1","4A2",51.766544,-0.217092,"E37000048","","E23000027",29833,"E56000035","E54000025","E00121486","E01023926","E02004990"
"AL108HW","AL10 8HW","AL10 8HW","198001","","E10000015","E58000627","E07000241","E05011063","E04004819","0","522220","0208092","1","E18000006","E40000007","E92000001","E12000006","5","E14001573","E15000006","E24000005","E30000272","E16000150","E07000241","26ULGM","E00121469","26ULGM","E65000001","E01023923","E02004991","5","6B2","E00121469","E01023923","E02004991","E33027666","E38000049","E63011549","C1","8D2",51.758193,-0.230569,"E37000048","","E23000027",20450,"E56000035","E54000025","E00121469","E01023923","E02004991"
"AL108HX","AL10 8HX","AL10 8HX","201207","","E10000015","E58000627","E07000241","E05011063","E04004819","0","522415","0208489","1","E18000006","E40000007","E92000001","E12000006","5","E14001573","E15000006","E24000005","E30000272","E16000150","E07000241","26ULGM","E00121463","26ULGM","E65000001","E01023922","E02004991","5","1A3","E00121463","E01023922","E02004991","E33027666","E38000049","E63011549","C1","4A1",51.761713,-0.227629,"E37000048","","E23000027",15640,"E56000035","E54000025","E00121463","E01023922","E02004991"
"AL108HY","AL10 8HY","AL10 8HY","198607","","E10000015","E58000630","E07000241","E05011071","E04004819","0","522596","0206737","1","E18000006","E40000007","E92000001","E12000006","5","E14001573","E15000006","E24000005","E30000272","E16000150","E07000241","26ULGQ","E00121529","26ULGQ","E65000001","E01023933","E02004993","5","7A2","E00121529","E01023933","E02004993","E33027669","E38000049","E63011549","C1","3A2",51.745929,-0.225625,"E37000048","","E23000027",12515,"E56000035","E54000025","E00121529","E01023933","E02007092"
"AL108HZ","AL10 8HZ","AL10 8HZ","198001","","E10000015","E58000630","E07000241","E05011063","E04004819","0","522049","0206989","1","E18000006","E40000007","E92000001","E12000006","5","E14001573","E15000006","E24000005","E30000272","E16000150","E07000241","26ULGR","E00121543","26ULGR","E65000001","E01023937","E02004992","5","7A3","E00121543","E01023937","E02004992","E33027668","E38000049","E63011549","C1","4A2",51.748318,-0.233433,"E37000048","","E23000027",11751,"E56000035","E54000025","E00190240","E01023937","E02004992"
"AL108JA","AL10 8JA","AL10 8JA","198001","199507","E10000015","E58000630","E07000241","E05011063","E04004819","1","522000","0206900","8","E18000006","E40000007","E92000001","E12000006","5","E14001573","E15000006","E24000005","E30000272","E16000150","E07000241","26ULGR","E00121543","26ULGR","E65000001","E01023937","E02004992","5","7A3","E00121543","E01023937","E02004992","E33027668","E38000049","E63011549","C1","4A2",51.747524,-0.234196,"E37000048","","E23000027",11751,"E56000035","E54000025","E00190240","E01023937","E02004992"
"AL108JB","AL10 8JB","AL10 8JB","198001","202307","E10000015","E58000630","E07000241","E05011063","E04004819","1","521988","0207012","1","E18000006","E40000007","E92000001","E12000006","5","E14001573","E15000006","E24000005","E30000272","E16000150","E07000241","26ULGR","E00121543","26ULGR","E65000001","E01023937","E02004992","5","7A3","E00121543","E01023937","E02004992","E33027668","E38000049","E63011549","C1","4A2",51.748533,-0.234331,"E37000048","","E23000027",11751,"E56000035","E54000025","E00190240","E01023937","E02004992"
"AL108JD","AL10 8JD","AL10 8JD","198001","199501","E10000015","E58000630","E07000241","E05011063","E04004819","1","521900","0207000","8","E18000006","E40000007","E92000001","E12000006","5","E14001573","E15000006","E24000005","E30000272","E16000150","E07000241","26ULGQ","E00121528","26ULGQ","E65000001","E01023934","E02004992","5","7A2","E00121528","E01023934","E02004992","E33027668","E38000049","E63011549","C1","4B1",51.748444,-0.235609,"E37000048","","E23000027",17680,"E56000035","E54000025","E00121528","E01023934","E02004992"
"AL108JE","AL10 8JE","AL10 8JE","199412","199512","E10000015","E58000630","E07000241","E05011063","E04004819","1","521900","0207000","8","E18000006","E40000007","E92000001","E12000006","5","E14001573","E15000006","E24000005","E30000272","E16000150","E07000241","26ULGQ","E00121528","26ULGQ","E65000001","E01023934","E02004992","5","7A2","E00121528","E01023934","E02004992","E33027668","E38000049","E63011549","C1","4B1",51.748444,-0.235609,"E37000048","","E23000027",17680,"E56000035","E54000025","E00121528","E01023934","E02004992"
"AL108JF","AL10 8JF","AL10 8JF","198001","199512","E10000015","E58000630","E07000241","E05011063","E04004819","0","521900","0207000","8","E18000006","E40000007","E92000001","E12000006","5","E14001573","E15000006","E24000005","E30000272","E16000150","E07000241","26ULGQ","E00121528","26ULGQ","E65000001","E01023934","E02004992","5","7A2","E00121528","E01023934","E02004992","E33027668","E38000049","E63011549","C1","4B1",51.748444,-0.235609,"E37000048","","E23000027",17680,"E56000035","E54000025","E00121528","E01023934","E02004992"
"AL108JG","AL10 8JG","AL10 8JG","199405","199512","E10000015","E58000630","E07000241","E05011063","E04004819","1","521900","0207000","8","E18000006","E40000007","E92000001","E12000006","5","E14001573","E15000006","E24000005","E30000272","E16000150","E07000241","26ULGQ","E00121528","26ULGQ","E65000001","E01023934","E02004992","5","7A2","E00121528","E01023934","E02004992","E33027668","E38000049","E63011549","C1","4B1",51.748444,-0.235609,"E37000048","","E23000027",17680,"E56000035","E54000025","E00121528","E01023934","E02004992"
"AL108JH","AL10 8JH","AL10 8JH","200106","201005","E10000015","E58000628","E07000241","E05011061","E04004819","1","522507","0208780","1","E18000006","E40000007","E92000001","E12000006","5","E14001573","E15000006","E24000005","E30000272","E16000150","E07000241","26ULGM","E00121461","26ULGM","E65000001","E01023920","E02004991","5","2A2","E00121461","E01023920","E02004991","E33024486","E38000049","E63011549","C1","3A2",51.764308,-0.226194,"E37000048","","E23000027",6540,"E56000035","E54000025","E00121461","E01023920","E02004991"
"AL108JL","AL10 8JL","AL10 8JL","201812","","E10000015","E58000627","E07000241","E05011063","E04004819","0","522218","0208124","1","E18000006","E40000007","E92000001","E12000006","5","E14001573","E15000006","E24000005","E30000272","E16000150","E07000241","26ULGM","E00121469","26ULGM","E65000001","E01023923","E02004991","5","6B2","E00121469","E01023923","E02004991","E33027666","E38000049","E63011549","C1","8D2",51.758481,-0.230587,"E37000048","","E23000027",20450,"E56000035","E54000025","E00121469","E01023923","E02004991"
"AL108JN","AL10 8JN","AL10 8JN","198307","200511","E10000015","E58000630","E07000241","E05011071","E04012223","0","521941","0206088","1","E18000006","E40000007","E92000001","E12000006","5","E14001573","E15000006","E24000005","E30000272","E16000150","E07000241","26ULGZ","E00121688","26ULGZ","E65000001","E01023964","E02004993","8","3C1","E00121688","E01023964","E02004993","E33027669","E38000049","","E1","5A1",51.740239,-0.235335,"E37000048","","E23000027",23695,"E56000035","E54000025","E00121688","E01035608","E02007092"
"AL108JP","AL10 8JP","AL10 8JP","198001","","E10000015","E58000630","E07000241","E05011071","E04004819","0","522143","0207069","1","E18000006","E40000007","E92000001","E12000006","5","E14001573","E15000006","E24000005","E30000272","E16000150","E07000241","26ULGR","E00121545","26ULGR","E65000001","E01023937","E02004992","5","7A2","E00121545","E01023937","E02004992","E33027667","E38000049","E63011549","C1","4B1",51.749016,-0.232044,"E37000048","","E23000027",11751,"E56000035","E54000025","E00121545","E01023937","E02004992"
"AL108JR","AL10 8JR","AL10 8JR","198001","","E10000015","E58000630","E07000241","E05011071","E04004819","0","522268","0207078","1","E18000006","E40000007","E92000001","E12000006","5","E14001573","E15000006","E24000005","E30000272","E16000150","E07000241","26ULGR","E00121546","26ULGR","E65000001","E01023937","E02004992","5","7A2","E00121546","E01023937","E02004992","E33027667","E38000049","E63011549","C1","4A2",51.749070,-0.230231,"E37000048","","E23000027",11751,"E56000035","E54000025","E00121546","E01023937","E02004992"
"AL108JS","AL10 8JS","AL10 8JS","198001","","E10000015","E58000630","E07000241","E05011071","E04004819","0","522240","0206991","1","E18000006","E40000007","E92000001","E12000006","5","E14001573","E15000006","E24000005","E30000272","E16000150","E07000241","26ULGR","E00121546","26ULGR","E65000001","E01023937","E02004992","5","7A2","E00121546","E01023937","E02004992","E33027667","E38000049","E63011549","C1","4A2",51.748294,-0.230667,"E37000048","","E23000027",11751,"E56000035","E54000025","E00121546","E01023937","E02004992"
"AL108JT","AL10 8JT","AL10 8JT","198001","","E10000015","E58000630","E07000241","E05011071","E04004819","0","522176","0206991","1","E18000006","E40000007","E92000001","E12000006","5","E14001573","E15000006","E24000005","E30000272","E16000150","E07000241","26ULGR","E00121546","26ULGR","E65000001","E01023937","E02004992","5","7A2","E00121546","E01023937","E02004992","E33027667","E38000049","E63011549","C1","4A2",51.748308,-0.231593,"E37000048","","E23000027",11751,"E56000035","E54000025","E00121546","E01023937","E02004992"
"AL108JU","AL10 8JU","AL10 8JU","198001","","E10000015","E58000630","E07000241","E05011071","E04004819","0","522298","0207009","1","E18000006","E40000007","E92000001","E12000006","5","E14001573","E15000006","E24000005","E30000272","E16000150","E07000241","26ULGR","E00121546","26ULGR","E65000001","E01023937","E02004992","5","7A2","E00121546","E01023937","E02004992","E33027667","E38000049","E63011549","C1","4A2",51.748443,-0.229821,"E37000048","","E23000027",11751,"E56000035","E54000025","E00121546","E01023937","E02004992"
"AL108JW","AL10 8JW","AL10 8JW","198001","","E10000015","E58000630","E07000241","E05011071","E04004819","0","522147","0207119","1","E18000006","E40000007","E92000001","E12000006","5","E14001573","E15000006","E24000005","E30000272","E16000150","E07000241","26ULGR","E00121545","26ULGR","E65000001","E01023937","E02004992","5","7A2","E00121545","E01023937","E02004992","E33027667","E38000049","E63011549","C1","4B1",51.749465,-0.231968,"E37000048","","E23000027",11751,"E56000035","E54000025","E00121545","E01023937","E02004992"
"AL108JX","AL10 8JX","AL10 8JX","198001","","E10000015","E58000630","E07000241","E05011071","E04004819","0","522214","0206942","1","E18000006","E40000007","E92000001","E12000006","5","E14001573","E15000006","E24000005","E30000272","E16000150","E07000241","26ULGR","E00121546","26ULGR","E65000001","E01023937","E02004992","5","7A2","E00121546","E01023937","E02004992","E33027667","E38000049","E63011549","C1","4A2",51.747859,-0.231060,"E37000048","","E23000027",11751,"E56000035","E54000025","E00121546","E01023937","E02004992"
"AL108JY","AL10 8JY","AL10 8JY","198001","","E10000015","E58000630","E07000241","E05011063","E04004819","0","522092","0206924","1","E18000006","E40000007","E92000001","E12000006","5","E14001573","E15000006","E24000005","E30000272","E16000150","E07000241","26ULGR","E00121543","26ULGR","E65000001","E01023937","E02004992","5","7A3","E00121543","E01023937","E02004992","E33027668","E38000049","E63011549","C1","4A2",51.747724,-0.232833,"E37000048","","E23000027",11751,"E56000035","E54000025","E00190240","E01023937","E02004992"
"AL108JZ","AL10 8JZ","AL10 8JZ","198001","","E10000015","E58000630","E07000241","E05011063","E04004819","0","522045","0206862","1","E18000006","E40000007","E92000001","E12000006","5","E14001573","E15000006","E24000005","E30000272","E16000150","E07000241","26ULGQ","E00121530","26ULGQ","E65000001","E01023933","E02004993","5","1B1","E00121530","E01023933","E02004993","E33027669","E38000049","E63011549","C1","4A2",51.747177,-0.233535,"E37000048","","E23000027",12515,"E56000035","E54000025","E00121530","E01023933","E02007092"
"AL108LA","AL10 8LA","AL10 8LA","198001","","E10000015","E58000630","E07000241","E05011063","E04004819","0","522083","0206834","1","E18000006","E40000007","E92000001","E12000006","5","E14001573","E15000006","E24000005","E30000272","E16000150","E07000241","26ULGQ","E00121530","26ULGQ","E65000001","E01023933","E02004993","5","1B1","E00121530","E01023933","E02004993","E33027669","E38000049","E63011549","C1","4A2",51.746917,-0.232995,"E37000048","","E23000027",12515,"E56000035","E54000025","E00121530","E01023933","E02007092"
"AL108LB","AL10 8LB","AL10 8LB","198001","","E10000015","E58000630","E07000241","E05011063","E04004819","0","522123","0206779","1","E18000006","E40000007","E92000001","E12000006","5","E14001573","E15000006","E24000005","E30000272","E16000150","E07000241","26ULGQ","E00121530","26ULGQ","E65000001","E01023933","E02004993","5","1B1","E00121530","E01023933","E02004993","E33027669","E38000049","E63011549","C1","4A2",51.746414,-0.232435,"E37000048","","E23000027",12515,"E56000035","E54000025","E00121530","E01023933","E02007092"
"AL108LD","AL10 8LD","AL10 8LD","198001","","E10000015","E58000630","E07000241","E05011071","E04004819","0","522240","0206702","1","E18000006","E40000007","E92000001","E12000006","5","E14001573","E15000006","E24000005","E30000272","E16000150","E07000241","26ULGQ","E00121530","26ULGQ","E65000001","E01023933","E02004993","5","1B1","E00121530","E01023933","E02004993","E33027669","E38000049","E63011549","C1","4A2",51.745697,-0.230768,"E37000048","","E23000027",12515,"E56000035","E54000025","E00121530","E01023933","E02007092"
"AL108LE","AL10 8LE","AL10 8LE","198001","","E10000015","E58000630","E07000241","E05011071","E04004819","0","522266","0206489","1","E18000006","E40000007","E92000001","E12000006","5","E14001573","E15000006","E24000005","E30000272","E16000150","E07000241","26ULGQ","E00121535","26ULGQ","E65000001","E01023932","E02004992","5","1B1","E00121535","E01023932","E02004992","E33027668","E38000049","E63011549","C1","4A2",51.743777,-0.230467,"E37000048","","E23000027",20795,"E56000035","E54000025","E00121535","E01023932","E02004992"
"AL108LF","AL10 8LF","AL10 8LF","198001","","E10000015","E58000630","E07000241","E05011071","E04004819","0","522232","0206547","1","E18000006","E40000007","E92000001","E12000006","5","E14001573","E15000006","E24000005","E30000272","E16000150","E07000241","26ULGQ","E00121535","26ULGQ","E65000001","E01023932","E02004992","5","1B1","E00121535","E01023932","E02004992","E33027668","E38000049","E63011549","C1","4A2",51.744306,-0.230939,"E37000048","","E23000027",20795,"E56000035","E54000025","E00121535","E01023932","E02004992"
"AL108LG","AL10 8LG","AL10 8LG","198001","","E10000015","E58000630","E07000241","E05011071","E04004819","0","522181","0206714","1","E18000006","E40000007","E92000001","E12000006","5","E14001573","E15000006","E24000005","E30000272","E16000150","E07000241","26ULGQ","E00121530","26ULGQ","E65000001","E01023933","E02004993","5","1B1","E00121530","E01023933","E02004993","E33027669","E38000049","E63011549","C1","4A2",51.745818,-0.231618,"E37000048","","E23000027",12515,"E56000035","E54000025","E00121530","E01023933","E02007092"
"AL108LH","AL10 8LH","AL10 8LH","198001","","E10000015","E58000630","E07000241","E05011071","E04004819","0","522143","0206651","1","E18000006","E40000007","E92000001","E12000006","5","E14001573","E15000006","E24000005","E30000272","E16000150","E07000241","26ULGQ","E00121523","26ULGQ","E65000001","E01023932","E02004992","5","7A2","E00121523","E01023932","E02004992","E33027668","E38000049","E63011549","C1","4B1",51.745260,-0.232191,"E37000048","","E23000027",20795,"E56000035","E54000025","E00121523","E01023932","E02004992"
"AL108LJ","AL10 8LJ","AL10 8LJ","198001","","E10000015","E58000630","E07000241","E05011071","E04004819","0","522121","0206552","1","E18000006","E40000007","E92000001","E12000006","5","E14001573","E15000006","E24000005","E30000272","E16000150","E07000241","26ULGQ","E00121535","26ULGQ","E65000001","E01023932","E02004992","5","1B1","E00121535","E01023932","E02004992","E33027668","E38000049","E63011549","C1","4A2",51.744375,-0.232544,"E37000048","","E23000027",20795,"E56000035","E54000025","E00121535","E01023932","E02004992"
"AL108LL","AL10 8LL","AL10 8LL","198001","","E10000015","E58000630","E07000241","E05011071","E04004819","0","522128","0206461","1","E18000006","E40000007","E92000001","E12000006","5","E14001573","E15000006","E24000005","E30000272","E16000150","E07000241","26ULGQ","E00121535","26ULGQ","E65000001","E01023932","E02004992","5","1B1","E00121535","E01023932","E02004992","E33027668","E38000049","E63011549","C1","4A2",51.743555,-0.232475,"E37000048","","E23000027",20795,"E56000035","E54000025","E00121535","E01023932","E02004992"
"AL108LN","AL10 8LN","AL10 8LN","198001","","E10000015","E58000630","E07000241","E05011071","E04004819","0","522120","0206379","1","E18000006","E40000007","E92000001","E12000006","5","E14001573","E15000006","E24000005","E30000272","E16000150","E07000241","26ULGQ","E00121535","26ULGQ","E65000001","E01023932","E02004992","5","1B1","E00121535","E01023932","E02004992","E33027668","E38000049","E63011549","C1","4A2",51.742820,-0.232619,"E37000048","","E23000027",20795,"E56000035","E54000025","E00121535","E01023932","E02004992"
"AL108LP","AL10 8LP","AL10 8LP","198001","","E10000015","E58000630","E07000241","E05011071","E04004819","0","522419","0206693","1","E18000006","E40000007","E92000001","E12000006","5","E14001573","E15000006","E24000005","E30000272","E16000150","E07000241","26ULGQ","E00121524","26ULGQ","E65000001","E01023933","E02004993","5","6B2","E00121524","E01023933","E02004993","E33027669","E38000049","E63011549","C1","4A2",51.745577,-0.228180,"E37000048","","E23000027",12515,"E56000035","E54000025","E00121524","E01023933","E02007092"
"AL108LQ","AL10 8LQ","AL10 8LQ","198001","","E10000015","E58000630","E07000241","E05011071","E04004819","0","522188","0206582","1","E18000006","E40000007","E92000001","E12000006","5","E14001573","E15000006","E24000005","E30000272","E16000150","E07000241","26ULGQ","E00121523","26ULGQ","E65000001","E01023932","E02004992","5","7A2","E00121523","E01023932","E02004992","E33027668","E38000049","E63011549","C1","4B1",51.744630,-0.231563,"E37000048","","E23000027",20795,"E56000035","E54000025","E00121523","E01023932","E02004992"
"AL108LR","AL10 8LR","AL10 8LR","198106","","E10000015","E58000630","E07000241","E05011071","E04004819","0","522324","0206496","1","E18000006","E40000007","E92000001","E12000006","5","E14001573","E15000006","E24000005","E30000272","E16000150","E07000241","26ULGQ","E00121524","26ULGQ","E65000001","E01023933","E02004993","5","6B2","E00121524","E01023933","E02004993","E33027669","E38000049","E63011549","C1","4A2",51.743827,-0.229625,"E37000048","","E23000027",12515,"E56000035","E54000025","E00121524","E01023933","E02007092"
"AL108LS","AL10 8LS","AL10 8LS","198109","","E10000015","E58000630","E07000241","E05011071","E04004819","0","522406","0206544","1","E18000006","E40000007","E92000001","E12000006","5","E14001573","E15000006","E24000005","E30000272","E16000150","E07000241","26ULGQ","E00121524","26ULGQ","E65000001","E01023933","E02004993","5","6B2","E00121524","E01023933","E02004993","E33027669","E38000049","E63011549","C1","4A2",51.744241,-0.228421,"E37000048","","E23000027",12515,"E56000035","E54000025","E00121524","E01023933","E02007092"
"AL108LT","AL10 8LT","AL10 8LT","199612","199912","E10000015","E58000627","E07000241","E05011063","E04004819","1","522427","0207618","6","E18000006","E40000007","E92000001","E12000006","5","E14001573","E15000006","E24000005","E30000272","E16000150","E07000241","26ULGR","E00121538","26ULGR","E65000001","E01023936","E02004992","5","1B2","E00121538","E01023936","E02004992","E33027667","E38000049","E63011549","C1","4A2",51.753883,-0.227762,"E37000048","","E23000027",15671,"E56000035","E54000025","E00121538","E01023936","E02004992"
"AL108LU","AL10 8LU","AL10 8LU","200006","","E10000015","E58000627","E07000241","E05011063","E04004819","0","522407","0208365","1","E18000006","E40000007","E92000001","E12000006","5","E14001573","E15000006","E24000005","E30000272","E16000150","E07000241","26ULGM","E00121463","26ULGM","E65000001","E01023922","E02004991","5","1A3","E00121463","E01023922","E02004991","E33027666","E38000049","E63011549","C1","4A1",51.760600,-0.227788,"E37000048","","E23000027",15640,"E56000035","E54000025","E00121463","E01023922","E02004991"
"AL108LW","AL10 8LW","AL10 8LW","198001","","E10000015","E58000630","E07000241","E05011071","E04004819","0","522377","0206606","1","E18000006","E40000007","E92000001","E12000006","5","E14001573","E15000006","E24000005","E30000272","E16000150","E07000241","26ULGQ","E00121524","26ULGQ","E65000001","E01023933","E02004993","5","6B2","E00121524","E01023933","E02004993","E33027669","E38000049","E63011549","C1","4A2",51.744799,-0.228841,"E37000048","","E23000027",12515,"E56000035","E54000025","E00121524","E01023933","E02007092"
"AL108LX","AL10 8LX","AL10 8LX","198001","","E10000015","E58000627","E07000241","E05011063","E04004819","0","521757","0208026","1","E18000006","E40000007","E92000001","E12000006","5","E14001573","E15000006","E24000005","E30000272","E16000150","E07000241","26ULGM","E00121471","26ULGM","E65000001","E01023923","E02004991","5","1B1","E00121471","E01023923","E02004991","E33027666","E38000049","E63011549","C1","4A2",51.757701,-0.237297,"E37000048","","E23000027",20450,"E56000035","E54000025","E00121471","E01023923","E02004991"
"AL108LY","AL10 8LY","AL10 8LY","198001","","E10000015","E58000627","E07000241","E05011063","E04004819","0","522267","0207618","1","E18000006","E40000007","E92000001","E12000006","5","E14001573","E15000006","E24000005","E30000272","E16000150","E07000241","26ULGM","E00121473","26ULGM","E65000001","E01023923","E02004991","5","6D1","E00121473","E01023923","E02004991","E33027665","E38000049","E63011549","C1","4C3",51.753923,-0.230055,"E37000048","","E23000027",20450,"E56000035","E54000025","E00121473","E01023923","E02004991"
"AL108LZ","AL10 8LZ","AL10 8LZ","198001","","E10000015","E58000627","E07000241","E05011063","E04004819","0","522201","0207677","1","E18000006","E40000007","E92000001","E12000006","5","E14001573","E15000006","E24000005","E30000272","E16000150","E07000241","26ULGM","E00121473","26ULGM","E65000001","E01023923","E02004991","5","6D1","E00121473","E01023923","E02004991","E33027665","E38000049","E63011549","C1","4C3",51.754468,-0.230990,"E37000048","","E23000027",20450,"E56000035","E54000025","E00121473","E01023923","E02004991"
"AL108NA","AL10 8NA","AL10 8NA","198001","","E10000015","E58000627","E07000241","E05011063","E04004819","0","522396","0207686","1","E18000006","E40000007","E92000001","E12000006","5","E14001573","E15000006","E24000005","E30000272","E16000150","E07000241","26ULGM","E00121473","26ULGM","E65000001","E01023923","E02004991","5","6D1","E00121473","E01023923","E02004991","E33027665","E38000049","E63011549","C1","4C3",51.754506,-0.228163,"E37000048","","E23000027",20450,"E56000035","E54000025","E00121473","E01023923","E02004991"
"AL108NB","AL10 8NB","AL10 8NB","198001","","E10000015","E58000627","E07000241","E05011063","E04004819","0","522039","0207502","1","E18000006","E40000007","E92000001","E12000006","5","E14001573","E15000006","E24000005","E30000272","E16000150","E07000241","26ULGM","E00121473","26ULGM","E65000001","E01023923","E02004991","5","6D1","E00121473","E01023923","E02004991","E33027665","E38000049","E63011549","C1","4C3",51.752925,-0.233421,"E37000048","","E23000027",20450,"E56000035","E54000025","E00121473","E01023923","E02004991"
"AL108NE","AL10 8NE","AL10 8NE","199606","200901","E10000015","E58000628","E07000241","E05011061","E04004819","1","522507","0208780","1","E18000006","E40000007","E92000001","E12000006","5","E14001573","E15000006","E24000005","E30000272","E16000150","E07000241","26ULGM","E00121461","26ULGM","E65000001","E01023920","E02004991","5","2A2","E00121461","E01023920","E02004991","E33024486","E38000049","E63011549","C1","3A2",51.764308,-0.226194,"E37000048","","E23000027",6540,"E56000035","E54000025","E00121461","E01023920","E02004991"
"AL108NH","AL10 8NH","AL10 8NH","198001","200812","E10000015","E58000627","E07000241","E05011063","E04004819","1","522415","0208489","1","E18000006","E40000007","E92000001","E12000006","5","E14001573","E15000006","E24000005","E30000272","E16000150","E07000241","26ULGM","E00121463","26ULGM","E65000001","E01023922","E02004991","5","1A3","E00121463","E01023922","E02004991","E33027666","E38000049","E63011549","C1","4A1",51.761713,-0.227629,"E37000048","","E23000027",15640,"E56000035","E54000025","E00121463","E01023922","E02004991"
"AL108NJ","AL10 8NJ","AL10 8NJ","198001","201107","E10000015","E58000627","E07000241","E05011063","E04004819","1","522415","0208489","1","E18000006","E40000007","E92000001","E12000006","5","E14001573","E15000006","E24000005","E30000272","E16000150","E07000241","26ULGM","E00121463","26ULGM","E65000001","E01023922","E02004991","5","1A3","E00121463","E01023922","E02004991","E33027666","E38000049","E63011549","C1","4A1",51.761713,-0.227629,"E37000048","","E23000027",15640,"E56000035","E54000025","E00121463","E01023922","E02004991"
"AL108NL","AL10 8NL","AL10 8NL","198001","","E10000015","E58000627","E07000241","E05011063","E04004819","1","522514","0208173","1","E18000006","E40000007","E92000001","E12000006","5","E14001573","E15000006","E24000005","E30000272","E16000150","E07000241","26ULGM","E00121467","26ULGM","E65000001","E01023923","E02004991","5","1C3","E00121467","E01023923","E02004991","E33027665","E38000049","E63011549","C1","4A2",51.758852,-0.226306,"E37000048","","E23000027",20450,"E56000035","E54000025","E00121467","E01023923","E02004991"
"AL108NN","AL10 8NN","AL10 8NN","198001","","E10000015","E58000627","E07000241","E05011063","E04004819","0","522577","0208099","1","E18000006","E40000007","E92000001","E12000006","5","E14001573","E15000006","E24000005","E30000272","E16000150","E07000241","26ULGM","E00121467","26ULGM","E65000001","E01023923","E02004991","5","1C3","E00121467","E01023923","E02004991","E33027665","E38000049","E63011549","C1","4A2",51.758178,-0.225397,"E37000048","","E23000027",20450,"E56000035","E54000025","E00121467","E01023923","E02004991"
"AL108NP","AL10 8NP","AL10 8NP","198001","","E10000015","E58000627","E07000241","E05011063","E04004819","0","522561","0207897","1","E18000006","E40000007","E92000001","E12000006","5","E14001573","E15000006","E24000005","E30000272","E16000150","E07000241","26ULGM","E00121467","26ULGM","E65000001","E01023923","E02004991","5","1C3","E00121467","E01023923","E02004991","E33027665","E38000049","E63011549","C1","4A2",51.756366,-0.225700,"E37000048","","E23000027",20450,"E56000035","E54000025","E00121467","E01023923","E02004991"
"AL108NQ","AL10 8NQ","AL10 8NQ","198001","199606","E10000015","E58000627","E07000241","E05011063","E04004819","1","522400","0208400","8","E18000006","E40000007","E92000001","E12000006","5","E14001573","E15000006","E24000005","E30000272","E16000150","E07000241","26ULGM","E00121463","26ULGM","E65000001","E01023922","E02004991","5","1A3","E00121463","E01023922","E02004991","E33027666","E38000049","E63011549","C1","4A1",51.760917,-0.227877,"E37000048","","E23000027",15640,"E56000035","E54000025","E00121463","E01023922","E02004991"
"AL108NR","AL10 8NR","AL10 8NR","198001","","E10000015","E58000627","E07000241","E05011063","E04004819","0","522456","0207888","1","E18000006","E40000007","E92000001","E12000006","5","E14001573","E15000006","E24000005","E30000272","E16000150","E07000241","26ULGM","E00121467","26ULGM","E65000001","E01023923","E02004991","5","1C3","E00121467","E01023923","E02004991","E33027665","E38000049","E63011549","C1","4A2",51.756309,-0.227223,"E37000048","","E23000027",20450,"E56000035","E54000025","E00121467","E01023923","E02004991"
"AL108NS","AL10 8NS","AL10 8NS","198001","","E10000015","E58000627","E07000241","E05011063","E04004819","0","522447","0207844","1","E18000006","E40000007","E92000001","E12000006","5","E14001573","E15000006","E24000005","E30000272","E16000150","E07000241","26ULGM","E00121467","26ULGM","E65000001","E01023923","E02004991","5","1C3","E00121467","E01023923","E02004991","E33027665","E38000049","E63011549","C1","4A2",51.755915,-0.227369,"E37000048","","E23000027",20450,"E56000035","E54000025","E00121467","E01023923","E02004991"
"AL108NT","AL10 8NT","AL10 8NT","198001","","E10000015","E58000627","E07000241","E05011063","E04004819","0","522502","0207937","1","E18000006","E40000007","E92000001","E12000006","5","E14001573","E15000006","E24000005","E30000272","E16000150","E07000241","26ULGM","E00121467","26ULGM","E65000001","E01023923","E02004991","5","1C3","E00121467","E01023923","E02004991","E33027665","E38000049","E63011549","C1","4A2",51.756739,-0.226540,"E37000048","","E23000027",20450,"E56000035","E54000025","E00121467","E01023923","E02004991"
"AL108NU","AL10 8NU","AL10 8NU","198001","","E10000015","E58000627","E07000241","E05011063","E04004819","0","522404","0207950","1","E18000006","E40000007","E92000001","E12000006","5","E14001573","E15000006","E24000005","E30000272","E16000150","E07000241","26ULGM","E00121467","26ULGM","E65000001","E01023923","E02004991","5","1C3","E00121467","E01023923","E02004991","E33027665","E38000049","E63011549","C1","4A2",51.756877,-0.227954,"E37000048","","E23000027",20450,"E56000035","E54000025","E00121467","E01023923","E02004991"
"AL108NW","AL10 8NW","AL10 8NW","198001","","E10000015","E58000627","E07000241","E05011062","E04004819","0","522690","0207897","1","E18000006","E40000007","E92000001","E12000006","5","E14001573","E15000006","E24000005","E30000272","E16000150","E07000241","26ULGM","E00121467","26ULGM","E65000001","E01023923","E02004991","5","1C3","E00121467","E01023923","E02004991","E33027665","E38000049","E63011549","C1","4A2",51.756333,-0.223855,"E37000048","","E23000027",20450,"E56000035","E54000025","E00121467","E01023923","E02004991"
"AL108NX","AL10 8NX","AL10 8NX","198001","","E10000015","E58000627","E07000241","E05011063","E04004819","0","522405","0207819","1","E18000006","E40000007","E92000001","E12000006","5","E14001573","E15000006","E24000005","E30000272","E16000150","E07000241","26ULGM","E00121467","26ULGM","E65000001","E01023923","E02004991","5","1C3","E00121467","E01023923","E02004991","E33027665","E38000049","E63011549","C1","4A2",51.755700,-0.227986,"E37000048","","E23000027",20450,"E56000035","E54000025","E00121467","E01023923","E02004991"
"AL108NY","AL10 8NY","AL10 8NY","198001","","E10000015","E58000627","E07000241","E05011063","E04004819","0","522383","0207760","1","E18000006","E40000007","E92000001","E12000006","5","E14001573","E15000006","E24000005","E30000272","E16000150","E07000241","26ULGM","E00121467","26ULGM","E65000001","E01023923","E02004991","5","1C3","E00121467","E01023923","E02004991","E33027665","E38000049","E63011549","C1","4A2",51.755174,-0.228325,"E37000048","","E23000027",20450,"E56000035","E54000025","E00121467","E01023923","E02004991"
"AL108NZ","AL10 8NZ","AL10 8NZ","198001","","E10000015","E58000627","E07000241","E05011063","E04004819","0","522452","0207742","1","E18000006","E40000007","E92000001","E12000006","5","E14001573","E15000006","E24000005","E30000272","E16000150","E07000241","26ULGM","E00121473","26ULGM","E65000001","E01023923","E02004991","5","6D1","E00121473","E01023923","E02004991","E33027665","E38000049","E63011549","C1","4C3",51.754997,-0.227333,"E37000048","","E23000027",20450,"E56000035","E54000025","E00121473","E01023923","E02004991"
"AL108PA","AL10 8PA","AL10 8PA","198001","","E10000015","E58000627","E07000241","E05011063","E04004819","0","522460","0207806","1","E18000006","E40000007","E92000001","E12000006","5","E14001573","E15000006","E24000005","E30000272","E16000150","E07000241","26ULGM","E00121467","26ULGM","E65000001","E01023923","E02004991","5","1C3","E00121467","E01023923","E02004991","E33027665","E38000049","E63011549","C1","4A2",51.755571,-0.227194,"E37000048","","E23000027",20450,"E56000035","E54000025","E00121467","E01023923","E02004991"
"AL108PB","AL10 8PB","AL10 8PB","198001","","E10000015","E58000627","E07000241","E05011062","E04004819","0","522582","0207768","1","E18000006","E40000007","E92000001","E12000006","5","E14001573","E15000006","E24000005","E30000272","E16000150","E07000241","26ULGM","E00121467","26ULGM","E65000001","E01023923","E02004991","5","1C3","E00121467","E01023923","E02004991","E33027665","E38000049","E63011549","C1","4A2",51.755203,-0.225441,"E37000048","","E23000027",20450,"E56000035","E54000025","E00121467","E01023923","E02004991"
"AL108PD","AL10 8PD","AL10 8PD","198001","","E10000015","E58000627","E07000241","E05011062","E04004819","0","522576","0207708","1","E18000006","E40000007","E92000001","E12000006","5","E14001573","E15000006","E24000005","E30000272","E16000150","E07000241","26ULGM","E00121472","26ULGM","E65000001","E01023923","E02004991","5","1B2","E00121472","E01023923","E02004991","E33027665","E38000049","E63011549","C1","4A2",51.754665,-0.225549,"E37000048","","E23000027",20450,"E56000035","E54000025","E00121472","E01023923","E02004991"
"AL108PE","AL10 8PE","AL10 8PE","198001","","E10000015","E58000627","E07000241","E05011062","E04004819","0","522711","0207776","1","E18000006","E40000007","E92000001","E12000006","5","E14001573","E15000006","E24000005","E30000272","E16000150","E07000241","26ULGM","E00121467","26ULGM","E65000001","E01023923","E02004991","5","1C3","E00121467","E01023923","E02004991","E33027665","E38000049","E63011549","C1","4A2",51.755246,-0.223570,"E37000048","","E23000027",20450,"E56000035","E54000025","E00121467","E01023923","E02004991"
"AL108PF","AL10 8PF","AL10 8PF","198001","","E10000015","E58000627","E07000241","E05011062","E04004819","0","522657","0207705","1","E18000006","E40000007","E92000001","E12000006","5","E14001573","E15000006","E24000005","E30000272","E16000150","E07000241","26ULGM","E00121472","26ULGM","E65000001","E01023923","E02004991","5","1B2","E00121472","E01023923","E02004991","E33027665","E38000049","E63011549","C1","4A2",51.754620,-0.224377,"E37000048","","E23000027",20450,"E56000035","E54000025","E00121472","E01023923","E02004991"
"AL108PG","AL10 8PG","AL10 8PG","198001","","E10000015","E58000627","E07000241","E05011062","E04004819","0","522690","0207684","1","E18000006","E40000007","E92000001","E12000006","5","E14001573","E15000006","E24000005","E30000272","E16000150","E07000241","26ULGM","E00121472","26ULGM","E65000001","E01023923","E02004991","5","1B2","E00121472","E01023923","E02004991","E33027665","E38000049","E63011549","C1","4A2",51.754419,-0.223930,"E37000048","","E23000027",20450,"E56000035","E54000025","E00121472","E01023923","E02004991"
"AL108PH","AL10 8PH","AL10 8PH","198001","","E10000015","E58000627","E07000241","E05011062","E04004819","0","522749","0207663","1","E18000006","E40000007","E92000001","E12000006","5","E14001573","E15000006","E24000005","E30000272","E16000150","E07000241","26ULGM","E00121472","26ULGM","E65000001","E01023923","E02004991","5","1B2","E00121472","E01023923","E02004991","E33027665","E38000049","E63011549","C1","4A2",51.754217,-0.223083,"E37000048","","E23000027",20450,"E56000035","E54000025","E00121472","E01023923","E02004991"
"AL108PJ","AL10 8PJ","AL10 8PJ","198001","","E10000015","E58000627","E07000241","E05011062","E04004819","0","522803","0207634","1","E18000006","E40000007","E92000001","E12000006","5","E14001573","E15000006","E24000005","E30000272","E16000150","E07000241","26ULGM","E00121472","26ULGM","E65000001","E01023923","E02004991","5","1B2","E00121472","E01023923","E02004991","E33027665","E38000049","E63011549","C1","4A2",51.753950,-0.222288,"E37000048","","E23000027",20450,"E56000035","E54000025","E00121472","E01023923","E02004991"
"AL108PL","AL10 8PL","AL10 8PL","198001","","E10000015","E58000627","E07000241","E05011062","E04004819","0","522774","0207639","1","E18000006","E40000007","E92000001","E12000006","5","E14001573","E15000006","E24000005","E30000272","E16000150","E07000241","26ULGM","E00121472","26ULGM","E65000001","E01023923","E02004991","5","1B2","E00121472","E01023923","E02004991","E33027665","E38000049","E63011549","C1","4A2",51.753996,-0.222730,"E37000048","","E23000027",20450,"E56000035","E54000025","E00121472","E01023923","E02004991"
"AL108PN","AL10 8PN","AL10 8PN","198001","","E10000015","E58000627","E07000241","E05011062","E04004819","0","522589","0207596","1","E18000006","E40000007","E92000001","E12000006","5","E14001573","E15000006","E24000005","E30000272","E16000150","E07000241","26ULGR","E00121538","26ULGR","E65000001","E01023936","E02004992","5","1B2","E00121538","E01023936","E02004992","E33027667","E38000049","E63011549","C1","4A2",51.753655,-0.225400,"E37000048","","E23000027",15671,"E56000035","E54000025","E00121538","E01023936","E02004992"
"AL108PP","AL10 8PP","AL10 8PP","198001","","E10000015","E58000627","E07000241","E05011062","E04004819","0","522590","0207418","1","E18000006","E40000007","E92000001","E12000006","5","E14001573","E15000006","E24000005","E30000272","E16000150","E07000241","26ULGR","E00121539","26ULGR","E65000001","E01023936","E02004992","5","7A2","E00121539","E01023936","E02004992","E33027667","E38000049","E63011549","C1","4A2",51.752055,-0.225449,"E37000048","","E23000027",15671,"E56000035","E54000025","E00121539","E01023936","E02004992"
"AL108PQ","AL10 8PQ","AL10 8PQ","198001","","E10000015","E58000627","E07000241","E05011062","E04004819","0","522632","0207588","1","E18000006","E40000007","E92000001","E12000006","5","E14001573","E15000006","E24000005","E30000272","E16000150","E07000241","26ULGR","E00121539","26ULGR","E65000001","E01023936","E02004992","5","7A2","E00121539","E01023936","E02004992","E33027667","E38000049","E63011549","C1","4A2",51.753574,-0.224781,"E37000048","","E23000027",15671,"E56000035","E54000025","E00121539","E01023936","E02004992"
"AL108PR","AL10 8PR","AL10 8PR","198001","","E10000015","E58000627","E07000241","E05011062","E04004819","0","522586","0207503","1","E18000006","E40000007","E92000001","E12000006","5","E14001573","E15000006","E24000005","E30000272","E16000150","E07000241","26ULGR","E00121538","26ULGR","E65000001","E01023936","E02004992","5","1B2","E00121538","E01023936","E02004992","E33027667","E38000049","E63011549","C1","4A2",51.752820,-0.225477,"E37000048","","E23000027",15671,"E56000035","E54000025","E00121538","E01023936","E02004992"
"AL108PS","AL10 8PS","AL10 8PS","198001","","E10000015","E58000627","E07000241","E05011062","E04004819","0","522513","0207542","1","E18000006","E40000007","E92000001","E12000006","5","E14001573","E15000006","E24000005","E30000272","E16000150","E07000241","26ULGR","E00121538","26ULGR","E65000001","E01023936","E02004992","5","1B2","E00121538","E01023936","E02004992","E33027667","E38000049","E63011549","C1","4A2",51.753187,-0.226520,"E37000048","","E23000027",15671,"E56000035","E54000025","E00121538","E01023936","E02004992"
"AL108PT","AL10 8PT","AL10 8PT","198001","","E10000015","E58000627","E07000241","E05011062","E04004819","0","522536","0207640","1","E18000006","E40000007","E92000001","E12000006","5","E14001573","E15000006","E24000005","E30000272","E16000150","E07000241","26ULGR","E00121538","26ULGR","E65000001","E01023936","E02004992","5","1B2","E00121538","E01023936","E02004992","E33027667","E38000049","E63011549","C1","4A2",51.754062,-0.226152,"E37000048","","E23000027",15671,"E56000035","E54000025","E00121538","E01023936","E02004992"
"AL108PU","AL10 8PU","AL10 8PU","198001","","E10000015","E58000627","E07000241","E05011062","E04004819","0","522527","0207693","1","E18000006","E40000007","E92000001","E12000006","5","E14001573","E15000006","E24000005","E30000272","E16000150","E07000241","26ULGM","E00121472","26ULGM","E65000001","E01023923","E02004991","5","1B2","E00121472","E01023923","E02004991","E33027665","E38000049","E63011549","C1","4A2",51.754540,-0.226264,"E37000048","","E23000027",20450,"E56000035","E54000025","E00121472","E01023923","E02004991"
"AL108PW","AL10 8PW","AL10 8PW","198001","","E10000015","E58000627","E07000241","E05011062","E04004819","0","522615","0207454","1","E18000006","E40000007","E92000001","E12000006","5","E14001573","E15000006","E24000005","E30000272","E16000150","E07000241","26ULGR","E00121538","26ULGR","E65000001","E01023936","E02004992","5","1B2","E00121538","E01023936","E02004992","E33027667","E38000049","E63011549","C1","4A2",51.752373,-0.225074,"E37000048","","E23000027",15671,"E56000035","E54000025","E00121538","E01023936","E02004992"
"AL108PX","AL10 8PX","AL10 8PX","198704","199212","E10000015","E58000627","E07000241","E05011062","E04004819","1","522500","0207600","8","E18000006","E40000007","E92000001","E12000006","5","E14001573","E15000006","E24000005","E30000272","E16000150","E07000241","26ULGR","E00121538","26ULGR","E65000001","E01023936","E02004992","5","1B2","E00121538","E01023936","E02004992","E33027667","E38000049","E63011549","C1","4A2",51.753705,-0.226711,"E37000048","","E23000027",15671,"E56000035","E54000025","E00121538","E01023936","E02004992"
"AL108PY","AL10 8PY","AL10 8PY","199109","199212","E10000015","E58000627","E07000241","E05011062","E04004819","1","522500","0207600","8","E18000006","E40000007","E92000001","E12000006","5","E14001573","E15000006","E24000005","E30000272","E16000150","E07000241","26ULGR","E00121538","26ULGR","E65000001","E01023936","E02004992","5","1B2","E00121538","E01023936","E02004992","E33027667","E38000049","E63011549","C1","4A2",51.753705,-0.226711,"E37000048","","E23000027",15671,"E56000035","E54000025","E00121538","E01023936","E02004992"
"AL108PZ","AL10 8PZ","AL10 8PZ","199002","199712","E10000015","E58000627","E07000241","E05011063","E04004819","1","522427","0207618","6","E18000006","E40000007","E92000001","E12000006","5","E14001573","E15000006","E24000005","E30000272","E16000150","E07000241","26ULGR","E00121538","26ULGR","E65000001","E01023936","E02004992","5","1B2","E00121538","E01023936","E02004992","E33027667","E38000049","E63011549","C1","4A2",51.753883,-0.227762,"E37000048","","E23000027",15671,"E56000035","E54000025","E00121538","E01023936","E02004992"
"AL108QD","AL10 8QD","AL10 8QD","198307","199012","E10000015","E58000627","E07000241","E05011062","E04004819","1","522500","0207700","8","E18000006","E40000007","E92000001","E12000006","5","E14001573","E15000006","E24000005","E30000272","E16000150","E07000241","26ULGM","E00121472","26ULGM","E65000001","E01023923","E02004991","5","1B2","E00121472","E01023923","E02004991","E33027665","E38000049","E63011549","C1","4A2",51.754604,-0.226676,"E37000048","","E23000027",20450,"E56000035","E54000025","E00121472","E01023923","E02004991"
"AL108QE","AL10 8QE","AL10 8QE","198001","","E10000015","E58000627","E07000241","E05011062","E04004819","0","522519","0207722","1","E18000006","E40000007","E92000001","E12000006","5","E14001573","E15000006","E24000005","E30000272","E16000150","E07000241","26ULGM","E00121467","26ULGM","E65000001","E01023923","E02004991","5","1C3","E00121467","E01023923","E02004991","E33027665","E38000049","E63011549","C1","4A2",51.754803,-0.226370,"E37000048","","E23000027",20450,"E56000035","E54000025","E00121467","E01023923","E02004991"
"AL108QF","AL10 8QF","AL10 8QF","198001","","E10000015","E58000627","E07000241","E05011063","E04004819","0","522395","0207644","1","E18000006","E40000007","E92000001","E12000006","5","E14001573","E15000006","E24000005","E30000272","E16000150","E07000241","26ULGR","E00121536","26ULGR","E65000001","E01023936","E02004992","5","1B2","E00121536","E01023936","E02004992","E33027667","E38000049","E63011549","C1","4A1",51.754129,-0.228193,"E37000048","","E23000027",15671,"E56000035","E54000025","E00121536","E01023936","E02004992"
"AL108QG","AL10 8QG","AL10 8QG","198001","","E10000015","E58000627","E07000241","E05011063","E04004819","0","522251","0207553","1","E18000006","E40000007","E92000001","E12000006","5","E14001573","E15000006","E24000005","E30000272","E16000150","E07000241","26ULGR","E00121536","26ULGR","E65000001","E01023936","E02004992","5","1B2","E00121536","E01023936","E02004992","E33027667","E38000049","E63011549","C1","4A1",51.753343,-0.230310,"E37000048","","E23000027",15671,"E56000035","E54000025","E00121536","E01023936","E02004992"
"AL108QH","AL10 8QH","AL10 8QH","198001","","E10000015","E58000627","E07000241","E05011063","E04004819","0","522330","0207590","1","E18000006","E40000007","E92000001","E12000006","5","E14001573","E15000006","E24000005","E30000272","E16000150","E07000241","26ULGR","E00121536","26ULGR","E65000001","E01023936","E02004992","5","1B2","E00121536","E01023936","E02004992","E33027667","E38000049","E63011549","C1","4A1",51.753658,-0.229153,"E37000048","","E23000027",15671,"E56000035","E54000025","E00121536","E01023936","E02004992"
"AL108QJ","AL10 8QJ","AL10 8QJ","198001","","E10000015","E58000627","E07000241","E05011063","E04004819","0","522366","0207581","1","E18000006","E40000007","E92000001","E12000006","5","E14001573","E15000006","E24000005","E30000272","E16000150","E07000241","26ULGR","E00121536","26ULGR","E65000001","E01023936","E02004992","5","1B2","E00121536","E01023936","E02004992","E33027667","E38000049","E63011549","C1","4A1",51.753569,-0.228635,"E37000048","","E23000027",15671,"E56000035","E54000025","E00121536","E01023936","E02004992"
"AL108QL","AL10 8QL","AL10 8QL","198001","","E10000015","E58000627","E07000241","E05011063","E04004819","0","522338","0207471","1","E18000006","E40000007","E92000001","E12000006","5","E14001573","E15000006","E24000005","E30000272","E16000150","E07000241","26ULGR","E00121536","26ULGR","E65000001","E01023936","E02004992","5","1B2","E00121536","E01023936","E02004992","E33027667","E38000049","E63011549","C1","4A1",51.752587,-0.229079,"E37000048","","E23000027",15671,"E56000035","E54000025","E00121536","E01023936","E02004992"
"AL108QN","AL10 8QN","AL10 8QN","198001","","E10000015","E58000627","E07000241","E05011063","E04004819","0","522290","0207495","1","E18000006","E40000007","E92000001","E12000006","5","E14001573","E15000006","E24000005","E30000272","E16000150","E07000241","26ULGR","E00121536","26ULGR","E65000001","E01023936","E02004992","5","1B2","E00121536","E01023936","E02004992","E33027667","E38000049","E63011549","C1","4A1",51.752813,-0.229765,"E37000048","","E23000027",15671,"E56000035","E54000025","E00121536","E01023936","E02004992"
"AL108QP","AL10 8QP","AL10 8QP","198001","","E10000015","E58000627","E07000241","E05011063","E04004819","0","522371","0207451","1","E18000006","E40000007","E92000001","E12000006","5","E14001573","E15000006","E24000005","E30000272","E16000150","E07000241","26ULGR","E00121536","26ULGR","E65000001","E01023936","E02004992","5","1B2","E00121536","E01023936","E02004992","E33027667","E38000049","E63011549","C1","4A1",51.752400,-0.228608,"E37000048","","E23000027",15671,"E56000035","E54000025","E00121536","E01023936","E02004992"
"AL108QQ","AL10 8QQ","AL10 8QQ","198001","","E10000015","E58000627","E07000241","E05011063","E04004819","0","522124","0207467","1","E18000006","E40000007","E92000001","E12000006","5","E14001573","E15000006","E24000005","E30000272","E16000150","E07000241","26ULGR","E00121541","26ULGR","E65000001","E01023935","E02004992","5","7A3","E00121541","E01023935","E02004992","E33027668","E38000049","E63011549","C1","4C1",51.752597,-0.232179,"E37000048","","E23000027",20828,"E56000035","E54000025","E00121541","E01023935","E02004992"
"AL108QR","AL10 8QR","AL10 8QR","198001","","E10000015","E58000627","E07000241","E05011063","E04004819","0","522393","0207372","1","E18000006","E40000007","E92000001","E12000006","5","E14001573","E15000006","E24000005","E30000272","E16000150","E07000241","26ULGR","E00121544","26ULGR","E65000001","E01023936","E02004992","5","6A1","E00121544","E01023936","E02004992","E33027667","E38000049","E63011549","C1","4A1",51.751685,-0.228317,"E37000048","","E23000027",15671,"E56000035","E54000025","E00121544","E01023936","E02004992"
"AL108QS","AL10 8QS","AL10 8QS","198001","","E10000015","E58000627","E07000241","E05011063","E04004819","0","522319","0207369","1","E18000006","E40000007","E92000001","E12000006","5","E14001573","E15000006","E24000005","E30000272","E16000150","E07000241","26ULGR","E00121544","26ULGR","E65000001","E01023936","E02004992","5","6A1","E00121544","E01023936","E02004992","E33027667","E38000049","E63011549","C1","4A1",51.751674,-0.229390,"E37000048","","E23000027",15671,"E56000035","E54000025","E00121544","E01023936","E02004992"
"AL108QT","AL10 8QT","AL10 8QT","198001","","E10000015","E58000627","E07000241","E05011063","E04004819","0","522249","0207382","1","E18000006","E40000007","E92000001","E12000006","5","E14001573","E15000006","E24000005","E30000272","E16000150","E07000241","26ULGR","E00121544","26ULGR","E65000001","E01023936","E02004992","5","6A1","E00121544","E01023936","E02004992","E33027667","E38000049","E63011549","C1","4A1",51.751806,-0.230399,"E37000048","","E23000027",15671,"E56000035","E54000025","E00121544","E01023936","E02004992"
"AL108QU","AL10 8QU","AL10 8QU","198001","","E10000015","E58000627","E07000241","E05011063","E04004819","0","522212","0207467","1","E18000006","E40000007","E92000001","E12000006","5","E14001573","E15000006","E24000005","E30000272","E16000150","E07000241","26ULGR","E00121541","26ULGR","E65000001","E01023935","E02004992","5","7A3","E00121541","E01023935","E02004992","E33027668","E38000049","E63011549","C1","4C1",51.752578,-0.230905,"E37000048","","E23000027",20828,"E56000035","E54000025","E00121541","E01023935","E02004992"
"AL108QW","AL10 8QW","AL10 8QW","198001","","E10000015","E58000627","E07000241","E05011063","E04004819","0","522379","0207518","1","E18000006","E40000007","E92000001","E12000006","5","E14001573","E15000006","E24000005","E30000272","E16000150","E07000241","26ULGR","E00121536","26ULGR","E65000001","E01023936","E02004992","5","1B2","E00121536","E01023936","E02004992","E33027667","E38000049","E63011549","C1","4A1",51.753000,-0.228469,"E37000048","","E23000027",15671,"E56000035","E54000025","E00121536","E01023936","E02004992"
"AL108QX","AL10 8QX","AL10 8QX","198001","","E10000015","E58000627","E07000241","E05011063","E04004819","0","522136","0207334","1","E18000006","E40000007","E92000001","E12000006","5","E14001573","E15000006","E24000005","E30000272","E16000150","E07000241","26ULGR","E00121541","26ULGR","E65000001","E01023935","E02004992","5","7A3","E00121541","E01023935","E02004992","E33027668","E38000049","E63011549","C1","4C1",51.751399,-0.232052,"E37000048","","E23000027",20828,"E56000035","E54000025","E00121541","E01023935","E02004992"
"AL108QY","AL10 8QY","AL10 8QY","198001","","E10000015","E58000627","E07000241","E05011063","E04004819","0","522223","0207318","1","E18000006","E40000007","E92000001","E12000006","5","E14001573","E15000006","E24000005","E30000272","E16000150","E07000241","26ULGR","E00121544","26ULGR","E65000001","E01023936","E02004992","5","6A1","E00121544","E01023936","E02004992","E33027667","E38000049","E63011549","C1","4A1",51.751237,-0.230798,"E37000048","","E23000027",15671,"E56000035","E54000025","E00121544","E01023936","E02004992"
"AL108QZ","AL10 8QZ","AL10 8QZ","198001","","E10000015","E58000630","E07000241","E05011063","E04004819","0","522094","0207251","1","E18000006","E40000007","E92000001","E12000006","5","E14001573","E15000006","E24000005","E30000272","E16000150","E07000241","26ULGR","E00121541","26ULGR","E65000001","E01023935","E02004992","5","7A3","E00121541","E01023935","E02004992","E33027668","E38000049","E63011549","C1","4C1",51.750663,-0.232689,"E37000048","","E23000027",20828,"E56000035","E54000025","E00121541","E01023935","E02004992"
"AL108RA","AL10 8RA","AL10 8RA","198001","","E10000015","E58000630","E07000241","E05011063","E04004819","0","522097","0207208","1","E18000006","E40000007","E92000001","E12000006","5","E14001573","E15000006","E24000005","E30000272","E16000150","E07000241","26ULGR","E00121541","26ULGR","E65000001","E01023935","E02004992","5","7A3","E00121541","E01023935","E02004992","E33027668","E38000049","E63011549","C1","4C1",51.750276,-0.232661,"E37000048","","E23000027",20828,"E56000035","E54000025","E00121541","E01023935","E02004992"
"AL108RB","AL10 8RB","AL10 8RB","198001","","E10000015","E58000630","E07000241","E05011063","E04004819","0","522131","0207180","1","E18000006","E40000007","E92000001","E12000006","5","E14001573","E15000006","E24000005","E30000272","E16000150","E07000241","26ULGR","E00121545","26ULGR","E65000001","E01023937","E02004992","5","7A2","E00121545","E01023937","E02004992","E33027667","E38000049","E63011549","C1","4B1",51.750011,-0.232201,"E37000048","","E23000027",11751,"E56000035","E54000025","E00121545","E01023937","E02004992"
"AL108RD","AL10 8RD","AL10 8RD","198001","","E10000015","E58000627","E07000241","E05011063","E04004819","0","522218","0207187","1","E18000006","E40000007","E92000001","E12000006","5","E14001573","E15000006","E24000005","E30000272","E16000150","E07000241","26ULGR","E00121545","26ULGR","E65000001","E01023937","E02004992","5","7A2","E00121545","E01023937","E02004992","E33027667","E38000049","E63011549","C1","4B1",51.750060,-0.230916,"E37000048","","E23000027",11751,"E56000035","E54000025","E00121545","E01023937","E02004992"
"AL108RE","AL10 8RE","AL10 8RE","198001","","E10000015","E58000627","E07000241","E05011063","E04004819","0","522261","0207143","1","E18000006","E40000007","E92000001","E12000006","5","E14001573","E15000006","E24000005","E30000272","E16000150","E07000241","26ULGR","E00121545","26ULGR","E65000001","E01023937","E02004992","5","7A2","E00121545","E01023937","E02004992","E33027667","E38000049","E63011549","C1","4B1",51.749656,-0.230309,"E37000048","","E23000027",11751,"E56000035","E54000025","E00121545","E01023937","E02004992"
"AL108RF","AL10 8RF","AL10 8RF","198001","","E10000015","E58000627","E07000241","E05011063","E04004819","0","522254","0207199","1","E18000006","E40000007","E92000001","E12000006","5","E14001573","E15000006","E24000005","E30000272","E16000150","E07000241","26ULGR","E00121545","26ULGR","E65000001","E01023937","E02004992","5","7A2","E00121545","E01023937","E02004992","E33027667","E38000049","E63011549","C1","4B1",51.750160,-0.230391,"E37000048","","E23000027",11751,"E56000035","E54000025","E00121545","E01023937","E02004992"
"AL108RG","AL10 8RG","AL10 8RG","198001","","E10000015","E58000627","E07000241","E05011063","E04004819","0","522342","0207240","1","E18000006","E40000007","E92000001","E12000006","5","E14001573","E15000006","E24000005","E30000272","E16000150","E07000241","26ULGR","E00121545","26ULGR","E65000001","E01023937","E02004992","5","7A2","E00121545","E01023937","E02004992","E33027667","E38000049","E63011549","C1","4B1",51.750510,-0.229102,"E37000048","","E23000027",11751,"E56000035","E54000025","E00121545","E01023937","E02004992"
"AL108RH","AL10 8RH","AL10 8RH","198001","","E10000015","E58000627","E07000241","E05011063","E04004819","0","522411","0207239","1","E18000006","E40000007","E92000001","E12000006","5","E14001573","E15000006","E24000005","E30000272","E16000150","E07000241","26ULGR","E00121545","26ULGR","E65000001","E01023937","E02004992","5","7A2","E00121545","E01023937","E02004992","E33027667","E38000049","E63011549","C1","4B1",51.750486,-0.228104,"E37000048","","E23000027",11751,"E56000035","E54000025","E00121545","E01023937","E02004992"
"AL108RJ","AL10 8RJ","AL10 8RJ","198001","","E10000015","E58000627","E07000241","E05011063","E04004819","0","522402","0207286","1","E18000006","E40000007","E92000001","E12000006","5","E14001573","E15000006","E24000005","E30000272","E16000150","E07000241","26ULGR","E00121544","26ULGR","E65000001","E01023936","E02004992","5","6A1","E00121544","E01023936","E02004992","E33027667","E38000049","E63011549","C1","4A1",51.750910,-0.228217,"E37000048","","E23000027",15671,"E56000035","E54000025","E00121544","E01023936","E02004992"
"AL108RL","AL10 8RL","AL10 8RL","198001","","E10000015","E58000627","E07000241","E05011063","E04004819","0","522431","0207303","1","E18000006","E40000007","E92000001","E12000006","5","E14001573","E15000006","E24000005","E30000272","E16000150","E07000241","26ULGR","E00121544","26ULGR","E65000001","E01023936","E02004992","5","6A1","E00121544","E01023936","E02004992","E33027667","E38000049","E63011549","C1","4A1",51.751056,-0.227791,"E37000048","","E23000027",15671,"E56000035","E54000025","E00121544","E01023936","E02004992"
"AL108RN","AL10 8RN","AL10 8RN","198001","","E10000015","E58000627","E07000241","E05011063","E04004819","0","522321","0207297","1","E18000006","E40000007","E92000001","E12000006","5","E14001573","E15000006","E24000005","E30000272","E16000150","E07000241","26ULGR","E00121544","26ULGR","E65000001","E01023936","E02004992","5","6A1","E00121544","E01023936","E02004992","E33027667","E38000049","E63011549","C1","4A1",51.751027,-0.229386,"E37000048","","E23000027",15671,"E56000035","E54000025","E00121544","E01023936","E02004992"
"AL108RP","AL10 8RP","AL10 8RP","198001","","E10000015","E58000627","E07000241","E05011063","E04004819","0","522119","0207411","1","E18000006","E40000007","E92000001","E12000006","5","E14001573","E15000006","E24000005","E30000272","E16000150","E07000241","26ULGR","E00121541","26ULGR","E65000001","E01023935","E02004992","5","7A3","E00121541","E01023935","E02004992","E33027668","E38000049","E63011549","C1","4C1",51.752095,-0.232271,"E37000048","","E23000027",20828,"E56000035","E54000025","E00121541","E01023935","E02004992"
"AL108RQ","AL10 8RQ","AL10 8RQ","198001","","E10000015","E58000627","E07000241","E05011063","E04004819","0","522370","0207271","1","E18000006","E40000007","E92000001","E12000006","5","E14001573","E15000006","E24000005","E30000272","E16000150","E07000241","26ULGR","E00121544","26ULGR","E65000001","E01023936","E02004992","5","6A1","E00121544","E01023936","E02004992","E33027667","E38000049","E63011549","C1","4A1",51.750782,-0.228686,"E37000048","","E23000027",15671,"E56000035","E54000025","E00121544","E01023936","E02004992"
"AL108RR","AL10 8RR","AL10 8RR","199208","199507","E10000015","E58000627","E07000241","E05011062","E04004819","1","522600","0208200","8","E18000006","E40000007","E92000001","E12000006","5","E14001573","E15000006","E24000005","E30000272","E16000150","E07000241","26ULGN","E00121489","26ULGN","E65000001","E01023924","E02004990","5","1B2","E00121489","E01023924","E02004990","E33027658","E38000049","E63011549","C1","4B1",51.759075,-0.225052,"E37000048","","E23000027",10771,"E56000035","E54000025","E00121489","E01023924","E02004990"
"AL108RS","AL10 8RS","AL10 8RS","199201","","E10000015","E58000627","E07000241","E05011062","E04004819","0","523178","0208918","1","E18000006","E40000007","E92000001","E12000006","5","E14001573","E15000006","E24000005","E30000272","E16000150","E07000241","26ULGN","E00121486","26ULGN","E65000001","E01023926","E02004990","5","2B2","E00121486","E01023926","E02004990","E33024488","E38000049","E63011549","C1","4A2",51.765401,-0.216427,"E37000048","","E23000027",29833,"E56000035","E54000025","E00121486","E01023926","E02004990"
"AL108RT","AL10 8RT","AL10 8RT","199612","199812","E10000015","E58000627","E07000241","E05011063","E04004819","1","522427","0207618","6","E18000006","E40000007","E92000001","E12000006","5","E14001573","E15000006","E24000005","E30000272","E16000150","E07000241","26ULGR","E00121538","26ULGR","E65000001","E01023936","E02004992","5","1B2","E00121538","E01023936","E02004992","E33027667","E38000049","E63011549","C1","4A2",51.753883,-0.227762,"E37000048","","E23000027",15671,"E56000035","E54000025","E00121538","E01023936","E02004992"
"AL108RU","AL10 8RU","AL10 8RU","198001","","E10000015","E58000630","E07000241","E05011071","E04004819","0","522508","0206673","1","E18000006","E40000007","E92000001","E12000006","5","E14001573","E15000006","E24000005","E30000272","E16000150","E07000241","26ULGQ","E00121524","26ULGQ","E65000001","E01023933","E02004993","5","6B2","E00121524","E01023933","E02004993","E33027669","E38000049","E63011549","C1","4A2",51.745373,-0.226921,"E37000048","","E23000027",12515,"E56000035","E54000025","E00121524","E01023933","E02007092"
"AL108RW","AL10 8RW","AL10 8RW","198001","200311","E10000015","E58000628","E07000241","E05011061","E04004819","1","522507","0208780","1","E18000006","E40000007","E92000001","E12000006","5","E14001573","E15000006","E24000005","E30000272","E16000150","E07000241","26ULGM","E00121461","26ULGM","E65000001","E01023920","E02004991","5","2A2","E00121461","E01023920","E02004991","E33024486","E38000049","E63011549","C1","3A2",51.764308,-0.226194,"E37000048","","E23000027",6540,"E56000035","E54000025","E00121461","E01023920","E02004991"
"AL108RX","AL10 8RX","AL10 8RX","198001","","E10000015","E58000627","E07000241","E05011062","E04004819","0","522755","0207433","1","E18000006","E40000007","E92000001","E12000006","5","E14001573","E15000006","E24000005","E30000272","E16000150","E07000241","26ULGR","E00121539","26ULGR","E65000001","E01023936","E02004992","5","7A2","E00121539","E01023936","E02004992","E33027667","E38000049","E63011549","C1","4A2",51.752154,-0.223054,"E37000048","","E23000027",15671,"E56000035","E54000025","E00121539","E01023936","E02004992"
"AL108RY","AL10 8RY","AL10 8RY","198001","","E10000015","E58000627","E07000241","E05011062","E04004819","0","522680","0207470","1","E18000006","E40000007","E92000001","E12000006","5","E14001573","E15000006","E24000005","E30000272","E16000150","E07000241","26ULGR","E00121539","26ULGR","E65000001","E01023936","E02004992","5","7A2","E00121539","E01023936","E02004992","E33027667","E38000049","E63011549","C1","4A2",51.752503,-0.224127,"E37000048","","E23000027",15671,"E56000035","E54000025","E00121539","E01023936","E02004992"
"AL108RZ","AL10 8RZ","AL10 8RZ","198001","","E10000015","E58000627","E07000241","E05011062","E04004819","0","522605","0207317","1","E18000006","E40000007","E92000001","E12000006","5","E14001573","E15000006","E24000005","E30000272","E16000150","E07000241","26ULGR","E00121537","26ULGR","E65000001","E01023936","E02004992","5","7A2","E00121537","E01023936","E02004992","E33027667","E38000049","E63011549","C1","4A2",51.751139,-0.225290,"E37000048","","E23000027",15671,"E56000035","E54000025","E00121537","E01023936","E02004992"
"AL108SA","AL10 8SA","AL10 8SA","198001","","E10000015","E58000627","E07000241","E05011062","E04004819","0","522529","0207343","1","E18000006","E40000007","E92000001","E12000006","5","E14001573","E15000006","E24000005","E30000272","E16000150","E07000241","26ULGR","E00121537","26ULGR","E65000001","E01023936","E02004992","5","7A2","E00121537","E01023936","E02004992","E33027667","E38000049","E63011549","C1","4A2",51.751395,-0.226358,"E37000048","","E23000027",15671,"E56000035","E54000025","E00121537","E01023936","E02004992"
"AL108SB","AL10 8SB","AL10 8SB","198001","","E10000015","E58000627","E07000241","E05011062","E04004819","0","522482","0207318","1","E18000006","E40000007","E92000001","E12000006","5","E14001573","E15000006","E24000005","E30000272","E16000150","E07000241","26ULGR","E00121537","26ULGR","E65000001","E01023936","E02004992","5","7A2","E00121537","E01023936","E02004992","E33027667","E38000049","E63011549","C1","4A2",51.751180,-0.227048,"E37000048","","E23000027",15671,"E56000035","E54000025","E00121537","E01023936","E02004992"
"AL108SD","AL10 8SD","AL10 8SD","198001","","E10000015","E58000627","E07000241","E05011062","E04004819","0","522485","0207472","1","E18000006","E40000007","E92000001","E12000006","5","E14001573","E15000006","E24000005","E30000272","E16000150","E07000241","26ULGR","E00121538","26ULGR","E65000001","E01023936","E02004992","5","1B2","E00121538","E01023936","E02004992","E33027667","E38000049","E63011549","C1","4A2",51.752564,-0.226950,"E37000048","","E23000027",15671,"E56000035","E54000025","E00121538","E01023936","E02004992"
"AL108SE","AL10 8SE","AL10 8SE","198001","","E10000015","E58000627","E07000241","E05011062","E04004819","0","522498","0207613","1","E18000006","E40000007","E92000001","E12000006","5","E14001573","E15000006","E24000005","E30000272","E16000150","E07000241","26ULGR","E00121538","26ULGR","E65000001","E01023936","E02004992","5","1B2","E00121538","E01023936","E02004992","E33027667","E38000049","E63011549","C1","4A2",51.753828,-0.226712,"E37000048","","E23000027",15671,"E56000035","E54000025","E00121538","E01023936","E02004992"
"AL108SF","AL10 8SF","AL10 8SF","198001","","E10000015","E58000627","E07000241","E05011063","E04004819","0","522441","0207500","1","E18000006","E40000007","E92000001","E12000006","5","E14001573","E15000006","E24000005","E30000272","E16000150","E07000241","26ULGR","E00121538","26ULGR","E65000001","E01023936","E02004992","5","1B2","E00121538","E01023936","E02004992","E33027667","E38000049","E63011549","C1","4A2",51.752825,-0.227577,"E37000048","","E23000027",15671,"E56000035","E54000025","E00121538","E01023936","E02004992"
"AL108SG","AL10 8SG","AL10 8SG","198001","","E10000015","E58000627","E07000241","E05011063","E04004819","0","522456","0207243","1","E18000006","E40000007","E92000001","E12000006","5","E14001573","E15000006","E24000005","E30000272","E16000150","E07000241","26ULGR","E00121537","26ULGR","E65000001","E01023936","E02004992","5","7A2","E00121537","E01023936","E02004992","E33027667","E38000049","E63011549","C1","4A2",51.750507,-0.227474,"E37000048","","E23000027",15671,"E56000035","E54000025","E00121537","E01023936","E02004992"
"AL108SH","AL10 8SH","AL10 8SH","198001","","E10000015","E58000630","E07000241","E05011071","E04004819","0","522388","0206942","1","E18000006","E40000007","E92000001","E12000006","5","E14001573","E15000006","E24000005","E30000272","E16000150","E07000241","26ULGR","E00121546","26ULGR","E65000001","E01023937","E02004992","5","7A2","E00121546","E01023937","E02004992","E33027667","E38000049","E63011549","C1","4A2",51.747822,-0.228541,"E37000048","","E23000027",11751,"E56000035","E54000025","E00121546","E01023937","E02004992"
"AL108SJ","AL10 8SJ","AL10 8SJ","198001","","E10000015","E58000630","E07000241","E05011071","E04004819","0","522404","0206969","1","E18000006","E40000007","E92000001","E12000006","5","E14001573","E15000006","E24000005","E30000272","E16000150","E07000241","26ULGR","E00121537","26ULGR","E65000001","E01023936","E02004992","5","7A2","E00121537","E01023936","E02004992","E33027667","E38000049","E63011549","C1","4A2",51.748061,-0.228300,"E37000048","","E23000027",15671,"E56000035","E54000025","E00121537","E01023936","E02004992"
"AL108SL","AL10 8SL","AL10 8SL","198001","","E10000015","E58000630","E07000241","E05011071","E04004819","0","522225","0206885","1","E18000006","E40000007","E92000001","E12000006","5","E14001573","E15000006","E24000005","E30000272","E16000150","E07000241","26ULGR","E00121547","26ULGR","E65000001","E01023937","E02004992","5","7A2","E00121547","E01023937","E02004992","E33027667","E38000049","E63011549","C1","4A2",51.747345,-0.230921,"E37000048","","E23000027",11751,"E56000035","E54000025","E00121547","E01023937","E02004992"
"AL108SN","AL10 8SN","AL10 8SN","198001","","E10000015","E58000630","E07000241","E05011071","E04004819","0","522273","0206892","1","E18000006","E40000007","E92000001","E12000006","5","E14001573","E15000006","E24000005","E30000272","E16000150","E07000241","26ULGR","E00121547","26ULGR","E65000001","E01023937","E02004992","5","7A2","E00121547","E01023937","E02004992","E33027667","E38000049","E63011549","C1","4A2",51.747397,-0.230224,"E37000048","","E23000027",11751,"E56000035","E54000025","E00121547","E01023937","E02004992"
"AL108SP","AL10 8SP","AL10 8SP","198001","","E10000015","E58000630","E07000241","E05011071","E04004819","0","522393","0206912","1","E18000006","E40000007","E92000001","E12000006","5","E14001573","E15000006","E24000005","E30000272","E16000150","E07000241","26ULGR","E00121547","26ULGR","E65000001","E01023937","E02004992","5","7A2","E00121547","E01023937","E02004992","E33027667","E38000049","E63011549","C1","4A2",51.747551,-0.228479,"E37000048","","E23000027",11751,"E56000035","E54000025","E00121547","E01023937","E02004992"
"AL108SQ","AL10 8SQ","AL10 8SQ","199612","200405","E10000015","E58000628","E07000241","E05011061","E04004819","1","522507","0208780","1","E18000006","E40000007","E92000001","E12000006","5","E14001573","E15000006","E24000005","E30000272","E16000150","E07000241","26ULGM","E00121461","26ULGM","E65000001","E01023920","E02004991","5","2A2","E00121461","E01023920","E02004991","E33024486","E38000049","E63011549","C1","3A2",51.764308,-0.226194,"E37000048","","E23000027",6540,"E56000035","E54000025","E00121461","E01023920","E02004991"
"AL108SR","AL10 8SR","AL10 8SR","198001","","E10000015","E58000630","E07000241","E05011071","E04004819","0","522452","0206922","1","E18000006","E40000007","E92000001","E12000006","5","E14001573","E15000006","E24000005","E30000272","E16000150","E07000241","26ULGR","E00121547","26ULGR","E65000001","E01023937","E02004992","5","7A2","E00121547","E01023937","E02004992","E33027667","E38000049","E63011549","C1","4A2",51.747628,-0.227622,"E37000048","","E23000027",11751,"E56000035","E54000025","E00121547","E01023937","E02004992"
"AL108SS","AL10 8SS","AL10 8SS","198001","","E10000015","E58000630","E07000241","E05011071","E04004819","0","522493","0206892","1","E18000006","E40000007","E92000001","E12000006","5","E14001573","E15000006","E24000005","E30000272","E16000150","E07000241","26ULGR","E00121547","26ULGR","E65000001","E01023937","E02004992","5","7A2","E00121547","E01023937","E02004992","E33027667","E38000049","E63011549","C1","4A2",51.747349,-0.227039,"E37000048","","E23000027",11751,"E56000035","E54000025","E00121547","E01023937","E02004992"
"AL108ST","AL10 8ST","AL10 8ST","198001","","E10000015","E58000630","E07000241","E05011071","E04004819","0","522426","0206881","1","E18000006","E40000007","E92000001","E12000006","5","E14001573","E15000006","E24000005","E30000272","E16000150","E07000241","26ULGR","E00121547","26ULGR","E65000001","E01023937","E02004992","5","7A2","E00121547","E01023937","E02004992","E33027667","E38000049","E63011549","C1","4A2",51.747265,-0.228013,"E37000048","","E23000027",11751,"E56000035","E54000025","E00121547","E01023937","E02004992"
"AL108SU","AL10 8SU","AL10 8SU","198001","","E10000015","E58000630","E07000241","E05011071","E04004819","0","522367","0206870","1","E18000006","E40000007","E92000001","E12000006","5","E14001573","E15000006","E24000005","E30000272","E16000150","E07000241","26ULGR","E00121547","26ULGR","E65000001","E01023937","E02004992","5","7A2","E00121547","E01023937","E02004992","E33027667","E38000049","E63011549","C1","4A2",51.747179,-0.228871,"E37000048","","E23000027",11751,"E56000035","E54000025","E00121547","E01023937","E02004992"
"AL108SW","AL10 8SW","AL10 8SW","198001","","E10000015","E58000630","E07000241","E05011071","E04004819","0","522333","0206902","1","E18000006","E40000007","E92000001","E12000006","5","E14001573","E15000006","E24000005","E30000272","E16000150","E07000241","26ULGR","E00121547","26ULGR","E65000001","E01023937","E02004992","5","7A2","E00121547","E01023937","E02004992","E33027667","E38000049","E63011549","C1","4A2",51.747474,-0.229352,"E37000048","","E23000027",11751,"E56000035","E54000025","E00121547","E01023937","E02004992"
"AL108SX","AL10 8SX","AL10 8SX","198001","","E10000015","E58000630","E07000241","E05011071","E04004819","0","522307","0206861","1","E18000006","E40000007","E92000001","E12000006","5","E14001573","E15000006","E24000005","E30000272","E16000150","E07000241","26ULGR","E00121547","26ULGR","E65000001","E01023937","E02004992","5","7A2","E00121547","E01023937","E02004992","E33027667","E38000049","E63011549","C1","4A2",51.747111,-0.229742,"E37000048","","E23000027",11751,"E56000035","E54000025","E00121547","E01023937","E02004992"
"AL108SY","AL10 8SY","AL10 8SY","198001","","E10000015","E58000630","E07000241","E05011071","E04004819","0","522248","0206850","1","E18000006","E40000007","E92000001","E12000006","5","E14001573","E15000006","E24000005","E30000272","E16000150","E07000241","26ULGR","E00121547","26ULGR","E65000001","E01023937","E02004992","5","7A2","E00121547","E01023937","E02004992","E33027667","E38000049","E63011549","C1","4A2",51.747025,-0.230601,"E37000048","","E23000027",11751,"E56000035","E54000025","E00121547","E01023937","E02004992"
"AL108SZ","AL10 8SZ","AL10 8SZ","198001","","E10000015","E58000630","E07000241","E05011071","E04004819","0","522178","0206791","1","E18000006","E40000007","E92000001","E12000006","5","E14001573","E15000006","E24000005","E30000272","E16000150","E07000241","26ULGQ","E00121530","26ULGQ","E65000001","E01023933","E02004993","5","1B1","E00121530","E01023933","E02004993","E33027669","E38000049","E63011549","C1","4A2",51.746505,-0.231657,"E37000048","","E23000027",12515,"E56000035","E54000025","E00121530","E01023933","E02007092"
"AL108TA","AL10 8TA","AL10 8TA","198001","","E10000015","E58000630","E07000241","E05011071","E04004819","0","522294","0206802","1","E18000006","E40000007","E92000001","E12000006","5","E14001573","E15000006","E24000005","E30000272","E16000150","E07000241","26ULGQ","E00121533","26ULGQ","E65000001","E01023933","E02004993","5","5A2","E00121533","E01023933","E02004993","E33027669","E38000049","E63011549","C1","7D2",51.746584,-0.229951,"E37000048","","E23000027",12515,"E56000035","E54000025","E00121533","E01023933","E02007092"
"AL108TB","AL10 8TB","AL10 8TB","198001","","E10000015","E58000630","E07000241","E05011071","E04004819","0","522392","0206791","1","E18000006","E40000007","E92000001","E12000006","5","E14001573","E15000006","E24000005","E30000272","E16000150","E07000241","26ULGQ","E00121533","26ULGQ","E65000001","E01023933","E02004993","5","5A2","E00121533","E01023933","E02004993","E33027669","E38000049","E63011549","C1","7D2",51.746464,-0.228537,"E37000048","","E23000027",12515,"E56000035","E54000025","E00121533","E01023933","E02007092"
"AL108TD","AL10 8TD","AL10 8TD","198001","","E10000015","E58000630","E07000241","E05011071","E04004819","0","522450","0206813","1","E18000006","E40000007","E92000001","E12000006","5","E14001573","E15000006","E24000005","E30000272","E16000150","E07000241","26ULGQ","E00121533","26ULGQ","E65000001","E01023933","E02004993","5","5A2","E00121533","E01023933","E02004993","E33027669","E38000049","E63011549","C1","7D2",51.746649,-0.227689,"E37000048","","E23000027",12515,"E56000035","E54000025","E00121533","E01023933","E02007092"
"AL108TE","AL10 8TE","AL10 8TE","198001","","E10000015","E58000630","E07000241","E05011071","E04004819","0","522463","0206794","1","E18000006","E40000007","E92000001","E12000006","5","E14001573","E15000006","E24000005","E30000272","E16000150","E07000241","26ULGQ","E00121533","26ULGQ","E65000001","E01023933","E02004993","5","5A2","E00121533","E01023933","E02004993","E33027669","E38000049","E63011549","C1","7D2",51.746475,-0.227508,"E37000048","","E23000027",12515,"E56000035","E54000025","E00121533","E01023933","E02007092"
"AL108TF","AL10 8TF","AL10 8TF","198001","","E10000015","E58000630","E07000241","E05011071","E04004819","0","522524","0206816","1","E18000006","E40000007","E92000001","E12000006","5","E14001573","E15000006","E24000005","E30000272","E16000150","E07000241","26ULGQ","E00121533","26ULGQ","E65000001","E01023933","E02004993","5","5A2","E00121533","E01023933","E02004993","E33027669","E38000049","E63011549","C1","7D2",51.746659,-0.226617,"E37000048","","E23000027",12515,"E56000035","E54000025","E00121533","E01023933","E02007092"
"AL108TG","AL10 8TG","AL10 8TG","198001","","E10000015","E58000630","E07000241","E05011071","E04004819","0","522593","0206672","1","E18000006","E40000007","E92000001","E12000006","5","E14001573","E15000006","E24000005","E30000272","E16000150","E07000241","26ULGQ","E00121524","26ULGQ","E65000001","E01023933","E02004993","5","6B2","E00121524","E01023933","E02004993","E33027669","E38000049","E63011549","C1","4A2",51.745350,-0.225669,"E37000048","","E23000027",12515,"E56000035","E54000025","E00121524","E01023933","E02007092"
"AL108TH","AL10 8TH","AL10 8TH","198001","","E10000015","E58000630","E07000241","E05011071","E04004819","0","522487","0206978","1","E18000006","E40000007","E92000001","E12000006","5","E14001573","E15000006","E24000005","E30000272","E16000150","E07000241","26ULGR","E00121546","26ULGR","E65000001","E01023937","E02004992","5","7A2","E00121546","E01023937","E02004992","E33027667","E38000049","E63011549","C1","4A2",51.748123,-0.227095,"E37000048","","E23000027",11751,"E56000035","E54000025","E00121546","E01023937","E02004992"
"AL108TJ","AL10 8TJ","AL10 8TJ","198001","","E10000015","E58000630","E07000241","E05011071","E04004819","0","522540","0207176","1","E18000006","E40000007","E92000001","E12000006","5","E14001573","E15000006","E24000005","E30000272","E16000150","E07000241","26ULGR","E00121542","26ULGR","E65000001","E01023936","E02004992","5","1B1","E00121542","E01023936","E02004992","E33027667","E38000049","E63011549","C1","8D2",51.743657,-0.223113,"E37000048","","E23000027",15671,"E56000035","E54000025","E00121542","E01023936","E02004992"
"AL108TL","AL10 8TL","AL10 8TL","198001","","E10000015","E58000630","E07000241","E05011071","E04004819","0","522533","0206780","1","E18000006","E40000007","E92000001","E12000006","5","E14001573","E15000006","E24000005","E30000272","E16000150","E07000241","26ULGQ","E00121533","26ULGQ","E65000001","E01023933","E02004993","5","5A2","E00121533","E01023933","E02004993","E33027669","E38000049","E63011549","C1","7D2",51.746329,-0.226522,"E37000048","","E23000027",12515,"E56000035","E54000025","E00121533","E01023933","E02007092"
"AL108TN","AL10 8TN","AL10 8TN","198001","","E10000015","E58000630","E07000241","E05011071","E04004819","0","522459","0206686","1","E18000006","E40000007","E92000001","E12000006","5","E14001573","E15000006","E24000005","E30000272","E16000150","E07000241","26ULGQ","E00121524","26ULGQ","E65000001","E01023933","E02004993","5","6B2","E00121524","E01023933","E02004993","E33027669","E38000049","E63011549","C1","4A2",51.745505,-0.227604,"E37000048","","E23000027",12515,"E56000035","E54000025","E00121524","E01023933","E02007092"
"AL108TP","AL10 8TP","AL10 8TP","198001","","E10000015","E58000627","E07000241","E05011062","E04004819","0","522790","0208452","1","E18000006","E40000007","E92000001","E12000006","5","E14001573","E15000006","E24000005","E30000272","E16000150","E07000241","26ULGN","E00121487","26ULGN","E65000001","E01023924","E02004990","5","7A2","E00121487","E01023924","E02004990","E33027658","E38000049","E63011549","C1","4B1",51.761304,-0.222187,"E37000048","","E23000027",10771,"E56000035","E54000025","E00121487","E01023924","E02004990"
"AL108TQ","AL10 8TQ","AL10 8TQ","198001","","E10000015","E58000630","E07000241","E05011071","E04012223","0","522972","0206280","1","E18000006","E40000007","E92000001","E12000006","5","E14001573","E15000006","E24000005","E30000272","E16000150","E07000241","26ULGZ","E00121683","26ULGZ","E65000001","E01023963","E02004993","5","1C1","E00121683","E01023963","E02004993","E33024506","E38000049","E63011583","C1","8D2",51.741744,-0.220320,"E37000048","","E23000027",22000,"E56000035","E54000025","E00121683","E01023963","E02007092"
"AL108TR","AL10 8TR","AL10 8TR","198001","","E10000015","E58000627","E07000241","E05011062","E04004819","0","522816","0208507","1","E18000006","E40000007","E92000001","E12000006","5","E14001573","E15000006","E24000005","E30000272","E16000150","E07000241","26ULGN","E00121487","26ULGN","E65000001","E01023924","E02004990","5","7A2","E00121487","E01023924","E02004990","E33027658","E38000049","E63011549","C1","4B1",51.761787,-0.221815,"E37000048","","E23000027",10771,"E56000035","E54000025","E00121487","E01023924","E02004990"
"AL108TS","AL10 8TS","AL10 8TS","198001","","E10000015","E58000627","E07000241","E05011062","E04004819","0","522738","0208538","1","E18000006","E40000007","E92000001","E12000006","5","E14001573","E15000006","E24000005","E30000272","E16000150","E07000241","26ULGN","E00121485","26ULGN","E65000001","E01023924","E02004990","5","7A2","E00121485","E01023924","E02004990","E33027658","E38000049","E63011549","C1","3A2",51.762088,-0.222910,"E37000048","","E23000027",10771,"E56000035","E54000025","E00121485","E01023924","E02004990"
"AL108TT","AL10 8TT","AL10 8TT","198001","","E10000015","E58000627","E07000241","E05011062","E04004819","0","522583","0208411","1","E18000006","E40000007","E92000001","E12000006","5","E14001573","E15000006","E24000005","E30000272","E16000150","E07000241","26ULGN","E00121489","26ULGN","E65000001","E01023924","E02004990","5","1B2","E00121489","E01023924","E02004990","E33027658","E38000049","E63011549","C1","4B1",51.760981,-0.225200,"E37000048","","E23000027",10771,"E56000035","E54000025","E00121489","E01023924","E02004990"
"AL108TU","AL10 8TU","AL10 8TU","198001","","E10000015","E58000627","E07000241","E05011062","E04004819","0","522602","0208339","1","E18000006","E40000007","E92000001","E12000006","5","E14001573","E15000006","E24000005","E30000272","E16000150","E07000241","26ULGN","E00121489","26ULGN","E65000001","E01023924","E02004990","5","1B2","E00121489","E01023924","E02004990","E33027658","E38000049","E63011549","C1","4B1",51.760330,-0.224950,"E37000048","","E23000027",10771,"E56000035","E54000025","E00121489","E01023924","E02004990"
"AL108TW","AL10 8TW","AL10 8TW","198106","","E10000015","E58000630","E07000241","E05011071","E04004819","0","522572","0206717","1","E18000006","E40000007","E92000001","E12000006","5","E14001573","E15000006","E24000005","E30000272","E16000150","E07000241","26ULGQ","E00121529","26ULGQ","E65000001","E01023933","E02004993","5","7A2","E00121529","E01023933","E02004993","E33027669","E38000049","E63011549","C1","3A2",51.745754,-0.225979,"E37000048","","E23000027",12515,"E56000035","E54000025","E00121529","E01023933","E02007092"
"AL108TX","AL10 8TX","AL10 8TX","198001","","E10000015","E58000627","E07000241","E05011062","E04004819","0","522551","0208315","1","E18000006","E40000007","E92000001","E12000006","5","E14001573","E15000006","E24000005","E30000272","E16000150","E07000241","26ULGN","E00121489","26ULGN","E65000001","E01023924","E02004990","5","1B2","E00121489","E01023924","E02004990","E33027658","E38000049","E63011549","C1","4B1",51.760125,-0.225697,"E37000048","","E23000027",10771,"E56000035","E54000025","E00121489","E01023924","E02004990"
"AL108TY","AL10 8TY","AL10 8TY","198001","","E10000015","E58000627","E07000241","E05011062","E04004819","0","522523","0208452","1","E18000006","E40000007","E92000001","E12000006","5","E14001573","E15000006","E24000005","E30000272","E16000150","E07000241","26ULGN","E00121489","26ULGN","E65000001","E01023924","E02004990","5","1B2","E00121489","E01023924","E02004990","E33027658","E38000049","E63011549","C1","4B1",51.761363,-0.226054,"E37000048","","E23000027",10771,"E56000035","E54000025","E00121489","E01023924","E02004990"
"AL108TZ","AL10 8TZ","AL10 8TZ","198001","","E10000015","E58000627","E07000241","E05011062","E04004819","0","522676","0208509","1","E18000006","E40000007","E92000001","E12000006","5","E14001573","E15000006","E24000005","E30000272","E16000150","E07000241","26ULGN","E00121485","26ULGN","E65000001","E01023924","E02004990","5","7A2","E00121485","E01023924","E02004990","E33027658","E38000049","E63011549","C1","3A2",51.761836,-0.223842,"E37000048","","E23000027",10771,"E56000035","E54000025","E00121485","E01023924","E02004990"
"AL108UA","AL10 8UA","AL10 8UA","198001","","E10000015","E58000627","E07000241","E05011062","E04004819","0","522676","0208509","1","E18000006","E40000007","E92000001","E12000006","5","E14001573","E15000006","E24000005","E30000272","E16000150","E07000241","26ULGN","E00121485","26ULGN","E65000001","E01023924","E02004990","5","7A2","E00121485","E01023924","E02004990","E33027658","E38000049","E63011549","C1","3A2",51.761836,-0.223842,"E37000048","","E23000027",10771,"E56000035","E54000025","E00121485","E01023924","E02004990"
"AL108UB","AL10 8UB","AL10 8UB","198001","","E10000015","E58000627","E07000241","E05011062","E04004819","0","522711","0208546","1","E18000006","E40000007","E92000001","E12000006","5","E14001573","E15000006","E24000005","E30000272","E16000150","E07000241","26ULGN","E00121485","26ULGN","E65000001","E01023924","E02004990","5","7A2","E00121485","E01023924","E02004990","E33027658","E38000049","E63011549","C1","3A2",51.762166,-0.223298,"E37000048","","E23000027",10771,"E56000035","E54000025","E00121485","E01023924","E02004990"
"AL108UD","AL10 8UD","AL10 8UD","198001","","E10000015","E58000627","E07000241","E05011062","E04004819","0","522780","0208574","1","E18000006","E40000007","E92000001","E12000006","5","E14001573","E15000006","E24000005","E30000272","E16000150","E07000241","26ULGN","E00121485","26ULGN","E65000001","E01023924","E02004990","5","7A2","E00121485","E01023924","E02004990","E33027658","E38000049","E63011549","C1","3A2",51.762403,-0.222289,"E37000048","","E23000027",10771,"E56000035","E54000025","E00121485","E01023924","E02004990"
"AL108UE","AL10 8UE","AL10 8UE","198001","","E10000015","E58000627","E07000241","E05011062","E04004819","0","522809","0208591","1","E18000006","E40000007","E92000001","E12000006","5","E14001573","E15000006","E24000005","E30000272","E16000150","E07000241","26ULGN","E00121502","26ULGN","E65000001","E01023924","E02004990","5","7A2","E00121502","E01023924","E02004990","E33027658","E38000049","E63011549","C1","3A2",51.762549,-0.221863,"E37000048","","E23000027",10771,"E56000035","E54000025","E00121502","E01023924","E02004990"
"AL108UF","AL10 8UF","AL10 8UF","198203","199012","E10000015","E58000627","E07000241","E05011062","E04004819","1","522700","0207600","8","E18000006","E40000007","E92000001","E12000006","5","E14001573","E15000006","E24000005","E30000272","E16000150","E07000241","26ULGM","E00121472","26ULGM","E65000001","E01023923","E02004991","5","1B2","E00121472","E01023923","E02004991","E33027665","E38000049","E63011549","C1","4A2",51.753662,-0.223815,"E37000048","","E23000027",20450,"E56000035","E54000025","E00121472","E01023923","E02004991"
"AL108UG","AL10 8UG","AL10 8UG","198307","","E10000015","E58000630","E07000241","E05011071","E04004819","0","522538","0206689","1","E18000006","E40000007","E92000001","E12000006","5","E14001573","E15000006","E24000005","E30000272","E16000150","E07000241","26ULGQ","E00121524","26ULGQ","E65000001","E01023933","E02004993","5","6B2","E00121524","E01023933","E02004993","E33027669","E38000049","E63011549","C1","4A2",51.745515,-0.226459,"E37000048","","E23000027",12515,"E56000035","E54000025","E00121524","E01023933","E02007092"
"AL108UH","AL10 8UH","AL10 8UH","199208","199405","E10000015","E58000630","E07000241","E05011071","E04004819","1","522500","0206900","8","E18000006","E40000007","E92000001","E12000006","5","E14001573","E15000006","E24000005","E30000272","E16000150","E07000241","26ULGR","E00121547","26ULGR","E65000001","E01023937","E02004992","5","7A2","E00121547","E01023937","E02004992","E33027667","E38000049","E63011549","C1","4A2",51.747415,-0.226957,"E37000048","","E23000027",11751,"E56000035","E54000025","E00121547","E01023937","E02004992"
"AL108UJ","AL10 8UJ","AL10 8UJ","199308","199405","E10000015","E58000630","E07000241","E05011071","E04004819","1","522500","0206900","8","E18000006","E40000007","E92000001","E12000006","5","E14001573","E15000006","E24000005","E30000272","E16000150","E07000241","26ULGR","E00121547","26ULGR","E65000001","E01023937","E02004992","5","7A2","E00121547","E01023937","E02004992","E33027667","E38000049","E63011549","C1","4A2",51.747415,-0.226957,"E37000048","","E23000027",11751,"E56000035","E54000025","E00121547","E01023937","E02004992"
"AL108UN","AL10 8UN","AL10 8UN","198001","","E10000015","E58000630","E07000241","E05011071","E04004819","0","522639","0206942","1","E18000006","E40000007","E92000001","E12000006","5","E14001573","E15000006","E24000005","E30000272","E16000150","E07000241","26ULGQ","E00121531","26ULGQ","E65000001","E01023933","E02004993","5","7A2","E00121531","E01023933","E02004993","E33027669","E38000049","E63011549","C1","4A2",51.747762,-0.224930,"E37000048","","E23000027",12515,"E56000035","E54000025","E00121531","E01023933","E02007092"
"AL108UP","AL10 8UP","AL10 8UP","198001","","E10000015","E58000630","E07000241","E05011071","E04004819","0","522781","0206727","1","E18000006","E40000007","E92000001","E12000006","5","E14001573","E15000006","E24000005","E30000272","E16000150","E07000241","26ULGQ","E00121529","26ULGQ","E65000001","E01023933","E02004993","5","7A2","E00121529","E01023933","E02004993","E33027669","E38000049","E63011549","C1","3A2",51.745803,-0.222927,"E37000048","","E23000027",12515,"E56000035","E54000025","E00121529","E01023933","E02007092"
"AL108UQ","AL10 8UQ","AL10 8UQ","199208","199212","E10000015","E58000630","E07000241","E05011071","E04004819","1","522500","0206800","8","E18000006","E40000007","E92000001","E12000006","5","E14001573","E15000006","E24000005","E30000272","E16000150","E07000241","26ULGQ","E00121533","26ULGQ","E65000001","E01023933","E02004993","5","5A2","E00121533","E01023933","E02004993","E33027669","E38000049","E63011549","C1","7D2",51.746516,-0.226992,"E37000048","","E23000027",12515,"E56000035","E54000025","E00121533","E01023933","E02007092"
"AL108UR","AL10 8UR","AL10 8UR","198001","","E10000015","E58000630","E07000241","E05011071","E04004819","0","522770","0206840","1","E18000006","E40000007","E92000001","E12000006","5","E14001573","E15000006","E24000005","E30000272","E16000150","E07000241","26ULGQ","E00121531","26ULGQ","E65000001","E01023933","E02004993","5","7A2","E00121531","E01023933","E02004993","E33027669","E38000049","E63011549","C1","4A2",51.746821,-0.223047,"E37000048","","E23000027",12515,"E56000035","E54000025","E00121531","E01023933","E02007092"
"AL108US","AL10 8US","AL10 8US","199712","200806","E10000015","E58000628","E07000241","E05011061","E04004819","1","522507","0208780","1","E18000006","E40000007","E92000001","E12000006","5","E14001573","E15000006","E24000005","E30000272","E16000150","E07000241","26ULGM","E00121461","26ULGM","E65000001","E01023920","E02004991","5","2A2","E00121461","E01023920","E02004991","E33024486","E38000049","E63011549","C1","3A2",51.764308,-0.226194,"E37000048","","E23000027",6540,"E56000035","E54000025","E00121461","E01023920","E02004991"
"AL108UT","AL10 8UT","AL10 8UT","198001","","E10000015","E58000630","E07000241","E05011071","E04004819","0","522730","0206920","1","E18000006","E40000007","E92000001","E12000006","5","E14001573","E15000006","E24000005","E30000272","E16000150","E07000241","26ULGQ","E00121531","26ULGQ","E65000001","E01023933","E02004993","5","7A2","E00121531","E01023933","E02004993","E33027669","E38000049","E63011549","C1","4A2",51.747549,-0.223598,"E37000048","","E23000027",12515,"E56000035","E54000025","E00121531","E01023933","E02007092"
"AL108UU","AL10 8UU","AL10 8UU","198001","","E10000015","E58000630","E07000241","E05011071","E04004819","0","522630","0206897","1","E18000006","E40000007","E92000001","E12000006","5","E14001573","E15000006","E24000005","E30000272","E16000150","E07000241","26ULGQ","E00121531","26ULGQ","E65000001","E01023933","E02004993","5","7A2","E00121531","E01023933","E02004993","E33027669","E38000049","E63011549","C1","4A2",51.747364,-0.225053,"E37000048","","E23000027",12515,"E56000035","E54000025","E00121531","E01023933","E02007092"
"AL108UW","AL10 8UW","AL10 8UW","198001","","E10000015","E58000630","E07000241","E05011071","E04004819","0","522640","0206993","1","E18000006","E40000007","E92000001","E12000006","5","E14001573","E15000006","E24000005","E30000272","E16000150","E07000241","26ULGQ","E00121531","26ULGQ","E65000001","E01023933","E02004993","5","7A2","E00121531","E01023933","E02004993","E33027669","E38000049","E63011549","C1","4A2",51.748225,-0.224875,"E37000048","","E23000027",12515,"E56000035","E54000025","E00121531","E01023933","E02007092"
"AL108UX","AL10 8UX","AL10 8UX","198001","","E10000015","E58000630","E07000241","E05011071","E04004819","0","522727","0206807","1","E18000006","E40000007","E92000001","E12000006","5","E14001573","E15000006","E24000005","E30000272","E16000150","E07000241","26ULGQ","E00121529","26ULGQ","E65000001","E01023933","E02004993","5","7A2","E00121529","E01023933","E02004993","E33027669","E38000049","E63011549","C1","3A2",51.746529,-0.223704,"E37000048","","E23000027",12515,"E56000035","E54000025","E00121529","E01023933","E02007092"
"AL108UY","AL10 8UY","AL10 8UY","198001","","E10000015","E58000630","E07000241","E05011071","E04004819","0","522676","0206828","1","E18000006","E40000007","E92000001","E12000006","5","E14001573","E15000006","E24000005","E30000272","E16000150","E07000241","26ULGQ","E00121529","26ULGQ","E65000001","E01023933","E02004993","5","7A2","E00121529","E01023933","E02004993","E33027669","E38000049","E63011549","C1","3A2",51.746729,-0.224435,"E37000048","","E23000027",12515,"E56000035","E54000025","E00121529","E01023933","E02007092"
"AL108UZ","AL10 8UZ","AL10 8UZ","198001","","E10000015","E58000630","E07000241","E05011071","E04004819","0","522618","0206846","1","E18000006","E40000007","E92000001","E12000006","5","E14001573","E15000006","E24000005","E30000272","E16000150","E07000241","26ULGQ","E00121529","26ULGQ","E65000001","E01023933","E02004993","5","7A2","E00121529","E01023933","E02004993","E33027669","E38000049","E63011549","C1","3A2",51.746903,-0.225268,"E37000048","","E23000027",12515,"E56000035","E54000025","E00121529","E01023933","E02007092"
"AL108WA","AL10 8WA","AL10 8WA","200112","200203","E10000015","E58000630","E07000241","E05011071","E04004819","1","522618","0206846","5","E18000006","E40000007","E92000001","E12000006","5","E14001573","E15000006","E24000005","E30000272","E16000150","E07000241","26ULGQ","E00121529","26ULGQ","E65000001","E01023933","E02004993","5","7A2","E00121529","E01023933","E02004993","E33027669","E38000049","E63011549","C1","3A2",51.746903,-0.225268,"E37000048","","E23000027",12515,"E56000035","E54000025","E00121529","E01023933","E02007092"
"AL108WB","AL10 8WB","AL10 8WB","200206","200302","E10000015","E58000630","E07000241","E05011071","E04004819","1","522618","0206846","5","E18000006","E40000007","E92000001","E12000006","5","E14001573","E15000006","E24000005","E30000272","E16000150","E07000241","26ULGQ","E00121529","26ULGQ","E65000001","E01023933","E02004993","5","7A2","E00121529","E01023933","E02004993","E33027669","E38000049","E63011549","C1","3A2",51.746903,-0.225268,"E37000048","","E23000027",12515,"E56000035","E54000025","E00121529","E01023933","E02007092"
"AL108WF","AL10 8WF","AL10 8WF","198106","198112","E10000015","E58000630","E07000241","E05011071","E04004819","1","522600","0206800","8","E18000006","E40000007","E92000001","E12000006","5","E14001573","E15000006","E24000005","E30000272","E16000150","E07000241","26ULGQ","E00121533","26ULGQ","E65000001","E01023933","E02004993","5","5A2","E00121533","E01023933","E02004993","E33027669","E38000049","E63011549","C1","7D2",51.746494,-0.225545,"E37000048","","E23000027",12515,"E56000035","E54000025","E00121533","E01023933","E02007092"
"AL108WG","AL10 8WG","AL10 8WG","200205","200309","E10000015","E58000630","E07000241","E05011071","E04004819","1","522618","0206846","5","E18000006","E40000007","E92000001","E12000006","5","E14001573","E15000006","E24000005","E30000272","E16000150","E07000241","26ULGQ","E00121529","26ULGQ","E65000001","E01023933","E02004993","5","7A2","E00121529","E01023933","E02004993","E33027669","E38000049","E63011549","C1","3A2",51.746903,-0.225268,"E37000048","","E23000027",12515,"E56000035","E54000025","E00121529","E01023933","E02007092"
"AL108WQ","AL10 8WQ","AL10 8WQ","200405","200512","E10000015","E58000628","E07000241","E05011061","E04004819","1","522507","0208780","1","E18000006","E40000007","E92000001","E12000006","5","E14001573","E15000006","E24000005","E30000272","E16000150","E07000241","26ULGM","E00121461","26ULGM","E65000001","E01023920","E02004991","5","2A2","E00121461","E01023920","E02004991","E33024486","E38000049","E63011549","C1","3A2",51.764308,-0.226194,"E37000048","","E23000027",6540,"E56000035","E54000025","E00121461","E01023920","E02004991"
"AL108WX","AL10 8WX","AL10 8WX","200208","200601","E10000015","E58000628","E07000241","E05011061","E04004819","1","522507","0208780","1","E18000006","E40000007","E92000001","E12000006","5","E14001573","E15000006","E24000005","E30000272","E16000150","E07000241","26ULGM","E00121461","26ULGM","E65000001","E01023920","E02004991","5","2A2","E00121461","E01023920","E02004991","E33024486","E38000049","E63011549","C1","3A2",51.764308,-0.226194,"E37000048","","E23000027",6540,"E56000035","E54000025","E00121461","E01023920","E02004991"
"AL108WZ","AL10 8WZ","AL10 8WZ","201106","201205","E10000015","E58000628","E07000241","E05011061","E04004819","1","522507","0208780","1","E18000006","E40000007","E92000001","E12000006","5","E14001573","E15000006","E24000005","E30000272","E16000150","E07000241","26ULGM","E00121461","26ULGM","E65000001","E01023920","E02004991","5","2A2","E00121461","E01023920","E02004991","E33024486","E38000049","E63011549","C1","3A2",51.764308,-0.226194,"E37000048","","E23000027",6540,"E56000035","E54000025","E00121461","E01023920","E02004991"
"AL108XA","AL10 8XA","AL10 8XA","200205","200703","E10000015","E58000630","E07000241","E05011071","E04012223","0","522978","0206449","5","E18000006","E40000007","E92000001","E12000006","5","E14001573","E15000006","E24000005","E30000272","E16000150","E07000241","26ULGZ","E00121683","26ULGZ","E65000001","E01023963","E02004993","5","1C1","E00121683","E01023963","E02004993","E33024506","E38000049","E63011583","C1","8D2",51.743257,-0.220196,"E37000048","","E23000027",22000,"E56000035","E54000025","E00121683","E01023963","E02007092"
"AL108XB","AL10 8XB","AL10 8XB","199002","","E10000015","E58000630","E07000241","E05011071","E04012223","1","522978","0206449","1","E18000006","E40000007","E92000001","E12000006","5","E14001573","E15000006","E24000005","E30000272","E16000150","E07000241","26ULGZ","E00121683","26ULGZ","E65000001","E01023963","E02004993","5","1C1","E00121683","E01023963","E02004993","E33024506","E38000049","E63011583","C1","8D2",51.743257,-0.220196,"E37000048","","E23000027",22000,"E56000035","E54000025","E00121683","E01023963","E02007092"
"AL108XD","AL10 8XD","AL10 8XD","198001","202111","E10000015","E58000627","E07000241","E05011062","E04004819","1","523154","0208713","1","E18000006","E40000007","E92000001","E12000006","5","E14001573","E15000006","E24000005","E30000272","E16000150","E07000241","26ULGN","E00121486","26ULGN","E65000001","E01023926","E02004990","5","2B2","E00121486","E01023926","E02004990","E33024489","E38000049","E63011549","C1","4A2",51.763570,-0.216823,"E37000048","","E23000027",29833,"E56000035","E54000025","E00121486","E01023926","E02004990"
"AL108XE","AL10 8XE","AL10 8XE","199109","199212","E10000015","E58000627","E07000241","E05011062","E04004819","1","523100","0207600","8","E18000006","E40000007","E92000001","E12000006","5","E14001573","E15000006","E24000005","E30000272","E16000150","E07000241","26ULGN","E00121492","26ULGN","E65000001","E01023925","E02004990","8","3C2","E00173212","E01023925","E02004990","E33027660","E38000049","","F1","5B3",51.753574,-0.218023,"E37000048","","E23000027",10810,"E56000035","E54000025","E00190295","E01023925","E02004990"
"AL108XF","AL10 8XF","AL10 8XF","199002","202301","E10000015","E58000630","E07000241","E05011071","E04012223","1","522972","0206280","1","E18000006","E40000007","E92000001","E12000006","5","E14001573","E15000006","E24000005","E30000272","E16000150","E07000241","26ULGZ","E00121683","26ULGZ","E65000001","E01023963","E02004993","5","1C1","E00121683","E01023963","E02004993","E33024506","E38000049","E63011583","C1","8D2",51.741739,-0.220343,"E37000048","","E23000027",22000,"E56000035","E54000025","E00121683","E01023963","E02007092"
"AL108XG","AL10 8XG","AL10 8XG","199002","201307","E10000015","E58000630","E07000241","E05011071","E04012223","1","522701","0206305","1","E18000006","E40000007","E92000001","E12000006","5","E14001573","E15000006","E24000005","E30000272","E16000150","E07000241","26ULGZ","E00121683","26ULGZ","E65000001","E01023963","E02004993","5","1C1","E00121683","E01023963","E02004993","E33024506","E38000049","E63011583","C1","8D2",51.742023,-0.224257,"E37000048","","E23000027",22000,"E56000035","E54000025","E00121683","E01023963","E02007092"
"AL108XH","AL10 8XH","AL10 8XH","199002","200903","E10000015","E58000630","E07000241","E05011071","E04012223","1","522978","0206449","1","E18000006","E40000007","E92000001","E12000006","5","E14001573","E15000006","E24000005","E30000272","E16000150","E07000241","26ULGZ","E00121683","26ULGZ","E65000001","E01023963","E02004993","5","1C1","E00121683","E01023963","E02004993","E33024506","E38000049","E63011583","C1","8D2",51.743257,-0.220196,"E37000048","","E23000027",22000,"E56000035","E54000025","E00121683","E01023963","E02007092"
"AL108XJ","AL10 8XJ","AL10 8XJ","199201","199501","E10000015","E58000630","E07000241","E05011071","E04012223","1","522900","0206600","8","E18000006","E40000007","E92000001","E12000006","5","E14001573","E15000006","E24000005","E30000272","E16000150","E07000241","26ULGZ","E00121683","26ULGZ","E65000001","E01023963","E02004993","5","1C1","E00121683","E01023963","E02004993","E33024506","E38000049","E63011583","C1","8D2",51.744631,-0.221272,"E37000048","","E23000027",22000,"E56000035","E54000025","E00121683","E01023963","E02007092"
"AL108XL","AL10 8XL","AL10 8XL","199208","199405","E10000015","E58000630","E07000241","E05011071","E04012223","1","522900","0206600","8","E18000006","E40000007","E92000001","E12000006","5","E14001573","E15000006","E24000005","E30000272","E16000150","E07000241","26ULGZ","E00121683","26ULGZ","E65000001","E01023963","E02004993","5","1C1","E00121683","E01023963","E02004993","E33024506","E38000049","E63011583","C1","8D2",51.744631,-0.221272,"E37000048","","E23000027",22000,"E56000035","E54000025","E00121683","E01023963","E02007092"
"AL108XN","AL10 8XN","AL10 8XN","199405","199712","E10000015","E58000627","E07000241","E05011063","E04004819","1","522427","0207618","6","E18000006","E40000007","E92000001","E12000006","5","E14001573","E15000006","E24000005","E30000272","E16000150","E07000241","26ULGR","E00121538","26ULGR","E65000001","E01023936","E02004992","5","1B2","E00121538","E01023936","E02004992","E33027667","E38000049","E63011549","C1","4A2",51.753883,-0.227762,"E37000048","","E23000027",15671,"E56000035","E54000025","E00121538","E01023936","E02004992"
"AL108XP","AL10 8XP","AL10 8XP","199412","","E10000015","E58000630","E07000241","E05011071","E04004819","0","522630","0207088","1","E18000006","E40000007","E92000001","E12000006","5","E14001573","E15000006","E24000005","E30000272","E16000150","E07000241","26ULGR","E00121542","26ULGR","E65000001","E01023936","E02004992","5","1B1","E00121542","E01023936","E02004992","E33027667","E38000049","E63011549","C1","8D2",51.749081,-0.224986,"E37000048","","E23000027",15671,"E56000035","E54000025","E00121542","E01023936","E02004992"
"AL108XQ","AL10 8XQ","AL10 8XQ","199002","200507","E10000015","E58000630","E07000241","E05011071","E04012223","1","522978","0206449","1","E18000006","E40000007","E92000001","E12000006","5","E14001573","E15000006","E24000005","E30000272","E16000150","E07000241","26ULGZ","E00121683","26ULGZ","E65000001","E01023963","E02004993","5","1C1","E00121683","E01023963","E02004993","E33024506","E38000049","E63011583","C1","8D2",51.743257,-0.220196,"E37000048","","E23000027",22000,"E56000035","E54000025","E00121683","E01023963","E02007092"
"AL108XR","AL10 8XR","AL10 8XR","199412","","E10000015","E58000630","E07000241","E05011071","E04004819","0","522668","0207112","1","E18000006","E40000007","E92000001","E12000006","5","E14001573","E15000006","E24000005","E30000272","E16000150","E07000241","26ULGR","E00121542","26ULGR","E65000001","E01023936","E02004992","5","1B1","E00121542","E01023936","E02004992","E33027667","E38000049","E63011549","C1","8D2",51.749288,-0.224427,"E37000048","","E23000027",15671,"E56000035","E54000025","E00121542","E01023936","E02004992"
"AL108XS","AL10 8XS","AL10 8XS","199412","","E10000015","E58000630","E07000241","E05011071","E04004819","0","522569","0207005","1","E18000006","E40000007","E92000001","E12000006","5","E14001573","E15000006","E24000005","E30000272","E16000150","E07000241","26ULGR","E00121537","26ULGR","E65000001","E01023936","E02004992","5","7A2","E00121537","E01023936","E02004992","E33027667","E38000049","E63011549","C1","4A2",51.748348,-0.225899,"E37000048","","E23000027",15671,"E56000035","E54000025","E00121537","E01023936","E02004992"
"AL108XT","AL10 8XT","AL10 8XT","199412","","E10000015","E58000630","E07000241","E05011071","E04004819","0","522637","0207057","1","E18000006","E40000007","E92000001","E12000006","5","E14001573","E15000006","E24000005","E30000272","E16000150","E07000241","26ULGR","E00121542","26ULGR","E65000001","E01023936","E02004992","5","1B1","E00121542","E01023936","E02004992","E33027667","E38000049","E63011549","C1","8D2",51.748801,-0.224896,"E37000048","","E23000027",15671,"E56000035","E54000025","E00121542","E01023936","E02004992"
"AL108XU","AL10 8XU","AL10 8XU","199412","","E10000015","E58000630","E07000241","E05011071","E04004819","0","522651","0207030","1","E18000006","E40000007","E92000001","E12000006","5","E14001573","E15000006","E24000005","E30000272","E16000150","E07000241","26ULGR","E00121542","26ULGR","E65000001","E01023936","E02004992","5","1B1","E00121542","E01023936","E02004992","E33027667","E38000049","E63011549","C1","8D2",51.748550,-0.224725,"E37000048","","E23000027",15671,"E56000035","E54000025","E00121542","E01023936","E02004992"
"AL108XW","AL10 8XW","AL10 8XW","199412","","E10000015","E58000630","E07000241","E05011071","E04004819","0","522543","0207062","1","E18000006","E40000007","E92000001","E12000006","5","E14001573","E15000006","E24000005","E30000272","E16000150","E07000241","26ULGR","E00121537","26ULGR","E65000001","E01023936","E02004992","5","7A2","E00121537","E01023936","E02004992","E33027667","E38000049","E63011549","C1","4A2",51.748861,-0.226278,"E37000048","","E23000027",15671,"E56000035","E54000025","E00121537","E01023936","E02004992"
"AL108XX","AL10 8XX","AL10 8XX","199412","","E10000015","E58000630","E07000241","E05011071","E04004819","0","522687","0207220","1","E18000006","E40000007","E92000001","E12000006","5","E14001573","E15000006","E24000005","E30000272","E16000150","E07000241","26ULGR","E00121542","26ULGR","E65000001","E01023936","E02004992","5","1B1","E00121542","E01023936","E02004992","E33027667","E38000049","E63011549","C1","8D2",51.750255,-0.224114,"E37000048","","E23000027",15671,"E56000035","E54000025","E00121542","E01023936","E02004992"
"AL108XY","AL10 8XY","AL10 8XY","199412","202403","E10000015","E58000630","E07000241","E05011071","E04004819","0","522644","0207183","1","E18000006","E40000007","E92000001","E12000006","5","E14001573","E15000006","E24000005","E30000272","E16000150","E07000241","26ULGR","E00121542","26ULGR","E65000001","E01023936","E02004992","5","1B1","E00121542","E01023936","E02004992","E33027667","E38000049","E63011549","C1","8D2",51.749926,-0.224773,"E37000048","","E23000027",15671,"E56000035","E54000025","E00121542","E01023936","E02004992"
"AL108YA","AL10 8YA","AL10 8YA","198106","","E10000015","E58000630","E07000241","E05011071","E04004819","0","522348","0206759","1","E18000006","E40000007","E92000001","E12000006","5","E14001573","E15000006","E24000005","E30000272","E16000150","E07000241","26ULGQ","E00121533","26ULGQ","E65000001","E01023933","E02004993","5","5A2","E00121533","E01023933","E02004993","E33027669","E38000049","E63011549","C1","7D2",51.746181,-0.229207,"E37000048","","E23000027",12515,"E56000035","E54000025","E00121533","E01023933","E02007092"
"AL108YB","AL10 8YB","AL10 8YB","199812","200804","E10000015","E58000627","E07000241","E05011062","E04004819","1","523129","0209044","1","E18000006","E40000007","E92000001","E12000006","5","E14001573","E15000006","E24000005","E30000272","E16000150","E07000241","26ULGN","E00121486","26ULGN","E65000001","E01023926","E02004990","5","2B2","E00121486","E01023926","E02004990","E33024490","E38000049","E63011549","C1","4A2",51.766544,-0.217092,"E37000048","","E23000027",29833,"E56000035","E54000025","E00121486","E01023926","E02004990"
"AL108YD","AL10 8YD","AL10 8YD","199606","200703","E10000015","E58000627","E07000241","E05011062","E04004819","1","523154","0209085","1","E18000006","E40000007","E92000001","E12000006","5","E14001573","E15000006","E24000005","E30000272","E16000150","E07000241","26ULGN","E00121486","26ULGN","E65000001","E01023926","E02004990","5","2B2","E00121486","E01023926","E02004990","E33024488","E38000049","E63011549","C1","4A2",51.766907,-0.216715,"E37000048","","E23000027",29833,"E56000035","E54000025","E00121486","E01023926","E02004990"
"AL108YE","AL10 8YE","AL10 8YE","199501","","E10000015","E58000627","E07000241","E05011062","E04004819","0","523154","0209093","1","E18000006","E40000007","E92000001","E12000006","5","E14001573","E15000006","E24000005","E30000272","E16000150","E07000241","26ULGN","E00121486","26ULGN","E65000001","E01023926","E02004990","5","2B2","E00121486","E01023926","E02004990","E33024488","E38000049","E63011549","C1","4A2",51.766985,-0.216688,"E37000048","","E23000027",29833,"E56000035","E54000025","E00121486","E01023926","E02004990"
"AL108YF","AL10 8YF","AL10 8YF","199806","201307","E10000015","E58000630","E07000241","E05011071","E04012223","1","522701","0206305","1","E18000006","E40000007","E92000001","E12000006","5","E14001573","E15000006","E24000005","E30000272","E16000150","E07000241","26ULGZ","E00121683","26ULGZ","E65000001","E01023963","E02004993","5","1C1","E00121683","E01023963","E02004993","E33024506","E38000049","E63011583","C1","8D2",51.742023,-0.224257,"E37000048","","E23000027",22000,"E56000035","E54000025","E00121683","E01023963","E02007092"
"AL108YG","AL10 8YG","AL10 8YG","199812","","E10000015","E58000627","E07000241","E05011062","E04004819","0","523184","0208991","1","E18000006","E40000007","E92000001","E12000006","5","E14001573","E15000006","E24000005","E30000272","E16000150","E07000241","26ULGN","E00121486","26ULGN","E65000001","E01023926","E02004990","5","2B2","E00121486","E01023926","E02004990","E33024490","E38000049","E63011549","C1","4A2",51.766056,-0.216314,"E37000048","","E23000027",29833,"E56000035","E54000025","E00121486","E01023926","E02004990"
"AL108YH","AL10 8YH","AL10 8YH","199906","200807","E10000015","E58000627","E07000241","E05011062","E04004819","1","523129","0209044","1","E18000006","E40000007","E92000001","E12000006","5","E14001573","E15000006","E24000005","E30000272","E16000150","E07000241","26ULGN","E00121486","26ULGN","E65000001","E01023926","E02004990","5","2B2","E00121486","E01023926","E02004990","E33024490","E38000049","E63011549","C1","4A2",51.766544,-0.217092,"E37000048","","E23000027",29833,"E56000035","E54000025","E00121486","E01023926","E02004990"
"AL108YJ","AL10 8YJ","AL10 8YJ","199906","200309","E10000015","E58000627","E07000241","E05011062","E04004819","1","523154","0209085","1","E18000006","E40000007","E92000001","E12000006","5","E14001573","E15000006","E24000005","E30000272","E16000150","E07000241","26ULGN","E00121486","26ULGN","E65000001","E01023926","E02004990","5","2B2","E00121486","E01023926","E02004990","E33024488","E38000049","E63011549","C1","4A2",51.766907,-0.216715,"E37000048","","E23000027",29833,"E56000035","E54000025","E00121486","E01023926","E02004990"
"AL108YQ","AL10 8YQ","AL10 8YQ","200309","200601","E10000015","E58000628","E07000241","E05011061","E04004819","1","522507","0208780","1","E18000006","E40000007","E92000001","E12000006","5","E14001573","E15000006","E24000005","E30000272","E16000150","E07000241","26ULGM","E00121461","26ULGM","E65000001","E01023920","E02004991","5","2A2","E00121461","E01023920","E02004991","E33024486","E38000049","E63011549","C1","3A2",51.764308,-0.226194,"E37000048","","E23000027",6540,"E56000035","E54000025","E00121461","E01023920","E02004991"
"AL108YX","AL10 8YX","AL10 8YX","200310","200806","E10000015","E58000628","E07000241","E05011061","E04004819","1","522507","0208780","1","E18000006","E40000007","E92000001","E12000006","5","E14001573","E15000006","E24000005","E30000272","E16000150","E07000241","26ULGM","E00121461","26ULGM","E65000001","E01023920","E02004991","5","2A2","E00121461","E01023920","E02004991","E33024486","E38000049","E63011549","C1","3A2",51.764308,-0.226194,"E37000048","","E23000027",6540,"E56000035","E54000025","E00121461","E01023920","E02004991"
"AL108YY","AL10 8YY","AL10 8YY","200404","200510","E10000015","E58000628","E07000241","E05011061","E04004819","1","522507","0208780","5","E18000006","E40000007","E92000001","E12000006","5","E14001573","E15000006","E24000005","E30000272","E16000150","E07000241","26ULGM","E00121461","26ULGM","E65000001","E01023920","E02004991","5","2A2","E00121461","E01023920","E02004991","E33024486","E38000049","E63011549","C1","3A2",51.764308,-0.226194,"E37000048","","E23000027",6540,"E56000035","E54000025","E00121461","E01023920","E02004991"
"AL108YZ","AL10 8YZ","AL10 8YZ","200012","200806","E10000015","E58000628","E07000241","E05011061","E04004819","1","522507","0208780","1","E18000006","E40000007","E92000001","E12000006","5","E14001573","E15000006","E24000005","E30000272","E16000150","E07000241","26ULGM","E00121461","26ULGM","E65000001","E01023920","E02004991","5","2A2","E00121461","E01023920","E02004991","E33024486","E38000049","E63011549","C1","3A2",51.764308,-0.226194,"E37000048","","E23000027",6540,"E56000035","E54000025","E00121461","E01023920","E02004991"
"AL108ZF","AL10 8ZF","AL10 8ZF","199712","199906","E10000015","E58000627","E07000241","E05011063","E04004819","1","522427","0207618","6","E18000006","E40000007","E92000001","E12000006","5","E14001573","E15000006","E24000005","E30000272","E16000150","E07000241","26ULGR","E00121538","26ULGR","E65000001","E01023936","E02004992","5","1B2","E00121538","E01023936","E02004992","E33027667","E38000049","E63011549","C1","4A2",51.753883,-0.227762,"E37000048","","E23000027",15671,"E56000035","E54000025","E00121538","E01023936","E02004992"
"AL108ZG","AL10 8ZG","AL10 8ZG","199712","199906","E10000015","E58000627","E07000241","E05011063","E04004819","1","522427","0207618","6","E18000006","E40000007","E92000001","E12000006","5","E14001573","E15000006","E24000005","E30000272","E16000150","E07000241","26ULGR","E00121538","26ULGR","E65000001","E01023936","E02004992","5","1B2","E00121538","E01023936","E02004992","E33027667","E38000049","E63011549","C1","4A2",51.753883,-0.227762,"E37000048","","E23000027",15671,"E56000035","E54000025","E00121538","E01023936","E02004992"
"AL108ZH","AL10 8ZH","AL10 8ZH","200809","201309","E10000015","E58000628","E07000241","E05011061","E04004819","1","522507","0208780","1","E18000006","E40000007","E92000001","E12000006","5","E14001573","E15000006","E24000005","E30000272","E16000150","E07000241","26ULGM","E00121461","26ULGM","E65000001","E01023920","E02004991","5","2A2","E00121461","E01023920","E02004991","E33024486","E38000049","E63011549","C1","3A2",51.764308,-0.226194,"E37000048","","E23000027",6540,"E56000035","E54000025","E00121461","E01023920","E02004991"
"AL108ZJ","AL10 8ZJ","AL10 8ZJ","199806","199912","E10000015","E58000627","E07000241","E05011063","E04004819","1","522427","0207618","6","E18000006","E40000007","E92000001","E12000006","5","E14001573","E15000006","E24000005","E30000272","E16000150","E07000241","26ULGR","E00121538","26ULGR","E65000001","E01023936","E02004992","5","1B2","E00121538","E01023936","E02004992","E33027667","E38000049","E63011549","C1","4A2",51.753883,-0.227762,"E37000048","","E23000027",15671,"E56000035","E54000025","E00121538","E01023936","E02004992"
"AL108ZL","AL10 8ZL","AL10 8ZL","199806","201005","E10000015","E58000628","E07000241","E05011061","E04004819","1","522507","0208780","1","E18000006","E40000007","E92000001","E12000006","5","E14001573","E15000006","E24000005","E30000272","E16000150","E07000241","26ULGM","E00121461","26ULGM","E65000001","E01023920","E02004991","5","2A2","E00121461","E01023920","E02004991","E33024486","E38000049","E63011549","C1","3A2",51.764308,-0.226194,"E37000048","","E23000027",6540,"E56000035","E54000025","E00121461","E01023920","E02004991"
"AL108ZN","AL10 8ZN","AL10 8ZN","199812","200211","E10000015","E58000628","E07000241","E05011061","E04004819","1","522507","0208780","1","E18000006","E40000007","E92000001","E12000006","5","E14001573","E15000006","E24000005","E30000272","E16000150","E07000241","26ULGM","E00121461","26ULGM","E65000001","E01023920","E02004991","5","2A2","E00121461","E01023920","E02004991","E33024486","E38000049","E63011549","C1","3A2",51.764308,-0.226194,"E37000048","","E23000027",6540,"E56000035","E54000025","E00121461","E01023920","E02004991"
"AL108ZP","AL10 8ZP","AL10 8ZP","199812","200806","E10000015","E58000628","E07000241","E05011061","E04004819","1","522507","0208780","1","E18000006","E40000007","E92000001","E12000006","5","E14001573","E15000006","E24000005","E30000272","E16000150","E07000241","26ULGM","E00121461","26ULGM","E65000001","E01023920","E02004991","5","2A2","E00121461","E01023920","E02004991","E33024486","E38000049","E63011549","C1","3A2",51.764308,-0.226194,"E37000048","","E23000027",6540,"E56000035","E54000025","E00121461","E01023920","E02004991"
"AL108ZQ","AL10 8ZQ","AL10 8ZQ","199812","200806","E10000015","E58000628","E07000241","E05011061","E04004819","1","522507","0208780","1","E18000006","E40000007","E92000001","E12000006","5","E14001573","E15000006","E24000005","E30000272","E16000150","E07000241","26ULGM","E00121461","26ULGM","E65000001","E01023920","E02004991","5","2A2","E00121461","E01023920","E02004991","E33024486","E38000049","E63011549","C1","3A2",51.764308,-0.226194,"E37000048","","E23000027",6540,"E56000035","E54000025","E00121461","E01023920","E02004991"
"AL108ZR","AL10 8ZR","AL10 8ZR","199906","200006","E10000015","E58000627","E07000241","E05011063","E04004819","1","522427","0207618","6","E18000006","E40000007","E92000001","E12000006","5","E14001573","E15000006","E24000005","E30000272","E16000150","E07000241","26ULGR","E00121538","26ULGR","E65000001","E01023936","E02004992","5","1B2","E00121538","E01023936","E02004992","E33027667","E38000049","E63011549","C1","4A2",51.753883,-0.227762,"E37000048","","E23000027",15671,"E56000035","E54000025","E00121538","E01023936","E02004992"
"AL108ZS","AL10 8ZS","AL10 8ZS","199912","200511","E10000015","E58000628","E07000241","E05011061","E04004819","1","522507","0208780","1","E18000006","E40000007","E92000001","E12000006","5","E14001573","E15000006","E24000005","E30000272","E16000150","E07000241","26ULGM","E00121461","26ULGM","E65000001","E01023920","E02004991","5","2A2","E00121461","E01023920","E02004991","E33024486","E38000049","E63011549","C1","3A2",51.764308,-0.226194,"E37000048","","E23000027",6540,"E56000035","E54000025","E00121461","E01023920","E02004991"
"AL108ZT","AL10 8ZT","AL10 8ZT","199912","200101","E10000015","E58000627","E07000241","E05011063","E04004819","1","522427","0207618","6","E18000006","E40000007","E92000001","E12000006","5","E14001573","E15000006","E24000005","E30000272","E16000150","E07000241","26ULGR","E00121538","26ULGR","E65000001","E01023936","E02004992","5","1B2","E00121538","E01023936","E02004992","E33027667","E38000049","E63011549","C1","4A2",51.753883,-0.227762,"E37000048","","E23000027",15671,"E56000035","E54000025","E00121538","E01023936","E02004992"
"AL108ZU","AL10 8ZU","AL10 8ZU","200706","200707","E10000015","E58000628","E07000241","E05011061","E04004819","1","522507","0208780","1","E18000006","E40000007","E92000001","E12000006","5","E14001573","E15000006","E24000005","E30000272","E16000150","E07000241","26ULGM","E00121461","26ULGM","E65000001","E01023920","E02004991","5","2A2","E00121461","E01023920","E02004991","E33024486","E38000049","E63011549","C1","3A2",51.764308,-0.226194,"E37000048","","E23000027",6540,"E56000035","E54000025","E00121461","E01023920","E02004991"
"AL108ZW","AL10 8ZW","AL10 8ZW","200401","200806","E10000015","E58000628","E07000241","E05011061","E04004819","1","522507","0208780","1","E18000006","E40000007","E92000001","E12000006","5","E14001573","E15000006","E24000005","E30000272","E16000150","E07000241","26ULGM","E00121461","26ULGM","E65000001","E01023920","E02004991","5","2A2","E00121461","E01023920","E02004991","E33024486","E38000049","E63011549","C1","3A2",51.764308,-0.226194,"E37000048","","E23000027",6540,"E56000035","E54000025","E00121461","E01023920","E02004991"
"AL108ZX","AL10 8ZX","AL10 8ZX","200610","200809","E10000015","E58000628","E07000241","E05011061","E04004819","1","522507","0208780","1","E18000006","E40000007","E92000001","E12000006","5","E14001573","E15000006","E24000005","E30000272","E16000150","E07000241","26ULGM","E00121461","26ULGM","E65000001","E01023920","E02004991","5","2A2","E00121461","E01023920","E02004991","E33024486","E38000049","E63011549","C1","3A2",51.764308,-0.226194,"E37000048","","E23000027",6540,"E56000035","E54000025","E00121461","E01023920","E02004991"
"AL108ZY","AL10 8ZY","AL10 8ZY","200404","200806","E10000015","E58000628","E07000241","E05011061","E04004819","1","522507","0208780","1","E18000006","E40000007","E92000001","E12000006","5","E14001573","E15000006","E24000005","E30000272","E16000150","E07000241","26ULGM","E00121461","26ULGM","E65000001","E01023920","E02004991","5","2A2","E00121461","E01023920","E02004991","E33024486","E38000049","E63011549","C1","3A2",51.764308,-0.226194,"E37000048","","E23000027",6540,"E56000035","E54000025","E00121461","E01023920","E02004991"
"AL108ZZ","AL10 8ZZ","AL10 8ZZ","199806","199912","E10000015","E58000627","E07000241","E05011063","E04004819","1","522427","0207618","6","E18000006","E40000007","E92000001","E12000006","5","E14001573","E15000006","E24000005","E30000272","E16000150","E07000241","26ULGR","E00121538","26ULGR","E65000001","E01023936","E02004992","5","1B2","E00121538","E01023936","E02004992","E33027667","E38000049","E63011549","C1","4A2",51.753883,-0.227762,"E37000048","","E23000027",15671,"E56000035","E54000025","E00121538","E01023936","E02004992"
"AL109AA","AL10 9AA","AL10 9AA","198001","","E10000015","E58000630","E07000241","E05011063","E04004819","1","521386","0207483","1","E18000006","E40000007","E92000001","E12000006","5","E14001573","E15000006","E24000005","E30000272","E16000150","E07000241","26ULGR","E00121548","26ULGR","E65000001","E01023938","E02004989","5","4B4","E00121548","E01023938","E02004989","E33024492","E38000049","E63011549","C1","4C1",51.752896,-0.242882,"E37000048","","E23000027",25209,"E56000035","E54000025","E00190314","E01023938","E02004989"
"AL109AB","AL10 9AB","AL10 9AB","198001","","E10000015","E58000630","E07000241","E05011063","E04004819","1","521433","0207482","1","E18000006","E40000007","E92000001","E12000006","5","E14001573","E15000006","E24000005","E30000272","E16000150","E07000241","26ULGR","E00121548","26ULGR","E65000001","E01023938","E02004989","5","4B4","E00121548","E01023938","E02004989","E33024492","E38000049","E63011549","C1","4C1",51.752882,-0.242179,"E37000048","","E23000027",25209,"E56000035","E54000025","E00190314","E01023938","E02004989"
"AL109AD","AL10 9AD","AL10 9AD","202407","","E10000015","E58000630","E07000241","E05011063","E04004819","0","521713","0206630","1","E18000006","E40000007","E92000001","E12000006","5","E14001573","E15000006","E24000005","E30000272","E16000150","E07000241","26ULGQ","E00121525","26ULGQ","E65000001","E01023932","E02004992","5","1C3","E00121525","E01023932","E02004992","E33027668","E38000049","","C1","4A2",51.745165,-0.238423,"E37000048","","E23000027",20795,"E56000035","E54000025","E00121525","E01023932","E02004992"
"AL109AE","AL10 9AE","AL10 9AE","199412","","E10000015","E58000628","E07000241","E05011061","E04004819","1","522503","0208775","1","E18000006","E40000007","E92000001","E12000006","5","E14001573","E15000006","E24000005","E30000272","E16000150","E07000241","26ULGM","E00121461","26ULGM","E65000001","E01023920","E02004991","5","2A2","E00121461","E01023920","E02004991","E33024486","E38000049","E63011549","C1","3A2",51.764264,-0.226254,"E37000048","","E23000027",6540,"E56000035","E54000025","E00121461","E01023920","E02004991"
"AL109AF","AL10 9AF","AL10 9AF","198001","","E10000015","E58000630","E07000241","E05011063","E04004819","0","521554","0206703","1","E18000006","E40000007","E92000001","E12000006","5","E14001573","E15000006","E24000005","E30000272","E16000150","E07000241","26ULGQ","E00121522","26ULGQ","E65000001","E01023934","E02004992","5","7A2","E00121522","E01023934","E02004992","E33027668","E38000049","E63011549","C1","4A2",51.745850,-0.240722,"E37000048","","E23000027",17680,"E56000035","E54000025","E00121522","E01023934","E02004992"
"AL109AG","AL10 9AG","AL10 9AG","198001","","E10000015","E58000630","E07000241","E05011063","E04004819","0","521795","0206848","1","E18000006","E40000007","E92000001","E12000006","5","E14001573","E15000006","E24000005","E30000272","E16000150","E07000241","26ULGQ","E00121522","26ULGQ","E65000001","E01023934","E02004992","5","7A2","E00121522","E01023934","E02004992","E33027668","E38000049","E63011549","C1","4A2",51.747106,-0.237160,"E37000048","","E23000027",17680,"E56000035","E54000025","E00121522","E01023934","E02004992"
"AL109AH","AL10 9AH","AL10 9AH","200702","","E10000015","E58000628","E07000241","E05011064","E04004819","0","521089","0209079","1","E18000006","E40000007","E92000001","E12000006","5","E14001573","E15000006","E24000005","E30000272","E16000150","E07000241","26ULGP","E00121509","26ULGP","E65000001","E01023931","E02004989","5","6D1","E00173251","E01033314","E02004989","E33027653","E38000049","E63011549","C1","4A2",51.767303,-0.246627,"E37000048","","E23000027",19631,"E56000035","E54000025","E00173251","E01033314","E02004989"
"AL109AJ","AL10 9AJ","AL10 9AJ","199512","199612","E10000015","E58000630","E07000241","E05011063","E04004819","1","521600","0206600","8","E18000006","E40000007","E92000001","E12000006","5","E14001573","E15000006","E24000005","E30000272","E16000150","E07000241","26ULGQ","E00121522","26ULGQ","E65000001","E01023934","E02004992","5","7A2","E00121522","E01023934","E02004992","E33027668","E38000049","","C1","4A2",51.744914,-0.240092,"E37000048","","E23000027",17680,"E56000035","E54000025","E00121522","E01023934","E02004992"
"AL109AL","AL10 9AL","AL10 9AL","199512","199812","E10000015","E58000630","E07000241","E05011063","E04004819","1","521627","0207668","6","E18000006","E40000007","E92000001","E12000006","5","E14001573","E15000006","E24000005","E30000272","E16000150","E07000241","26ULGR","E00121554","26ULGR","E65000001","E01023935","E02004992","5","1C3","E00121554","E01023935","E02004992","E33027668","E38000049","E63011549","C1","4A2",51.754506,-0.239328,"E37000048","","E23000027",20828,"E56000035","E54000025","E00121554","E01023935","E02004992"
"AL109AN","AL10 9AN","AL10 9AN","199512","200908","E10000015","E58000628","E07000241","E05011061","E04004819","1","522507","0208780","1","E18000006","E40000007","E92000001","E12000006","5","E14001573","E15000006","E24000005","E30000272","E16000150","E07000241","26ULGM","E00121461","26ULGM","E65000001","E01023920","E02004991","5","2A2","E00121461","E01023920","E02004991","E33024486","E38000049","E63011549","C1","3A2",51.764308,-0.226194,"E37000048","","E23000027",6540,"E56000035","E54000025","E00121461","E01023920","E02004991"
"AL109AP","AL10 9AP","AL10 9AP","199512","199912","E10000015","E58000630","E07000241","E05011063","E04004819","1","521622","0207671","6","E18000006","E40000007","E92000001","E12000006","5","E14001573","E15000006","E24000005","E30000272","E16000150","E07000241","26ULGR","E00121554","26ULGR","E65000001","E01023935","E02004992","5","1C3","E00121554","E01023935","E02004992","E33027668","E38000049","E63011549","C1","4A2",51.754534,-0.239399,"E37000048","","E23000027",20828,"E56000035","E54000025","E00121554","E01023935","E02004992"
"AL109AQ","AL10 9AQ","AL10 9AQ","199706","199812","E10000015","E58000630","E07000241","E05011063","E04004819","1","521627","0207668","6","E18000006","E40000007","E92000001","E12000006","5","E14001573","E15000006","E24000005","E30000272","E16000150","E07000241","26ULGR","E00121554","26ULGR","E65000001","E01023935","E02004992","5","1C3","E00121554","E01023935","E02004992","E33027668","E38000049","E63011549","C1","4A2",51.754506,-0.239328,"E37000048","","E23000027",20828,"E56000035","E54000025","E00121554","E01023935","E02004992"
"AL109AR","AL10 9AR","AL10 9AR","199606","200208","E10000015","E58000628","E07000241","E05011061","E04004819","1","522507","0208780","1","E18000006","E40000007","E92000001","E12000006","5","E14001573","E15000006","E24000005","E30000272","E16000150","E07000241","26ULGM","E00121461","26ULGM","E65000001","E01023920","E02004991","5","2A2","E00121461","E01023920","E02004991","E33024486","E38000049","E63011549","C1","3A2",51.764308,-0.226194,"E37000048","","E23000027",6540,"E56000035","E54000025","E00121461","E01023920","E02004991"
"AL109AS","AL10 9AS","AL10 9AS","199612","199712","E10000015","E58000630","E07000241","E05011063","E04004819","1","521627","0207668","6","E18000006","E40000007","E92000001","E12000006","5","E14001573","E15000006","E24000005","E30000272","E16000150","E07000241","26ULGR","E00121554","26ULGR","E65000001","E01023935","E02004992","5","1C3","E00121554","E01023935","E02004992","E33027668","E38000049","E63011549","C1","4A2",51.754506,-0.239328,"E37000048","","E23000027",20828,"E56000035","E54000025","E00121554","E01023935","E02004992"
"AL109AT","AL10 9AT","AL10 9AT","199706","199812","E10000015","E58000630","E07000241","E05011063","E04004819","1","521627","0207668","6","E18000006","E40000007","E92000001","E12000006","5","E14001573","E15000006","E24000005","E30000272","E16000150","E07000241","26ULGR","E00121554","26ULGR","E65000001","E01023935","E02004992","5","1C3","E00121554","E01023935","E02004992","E33027668","E38000049","E63011549","C1","4A2",51.754506,-0.239328,"E37000048","","E23000027",20828,"E56000035","E54000025","E00121554","E01023935","E02004992"
"AL109AU","AL10 9AU","AL10 9AU","200702","","E10000015","E58000628","E07000241","E05011064","E04004819","0","521028","0208761","1","E18000006","E40000007","E92000001","E12000006","5","E14001573","E15000006","E24000005","E30000272","E16000150","E07000241","26ULGP","E00121509","26ULGP","E65000001","E01023931","E02004989","5","6D1","E00173239","E01033308","E02004989","E33027653","E38000049","E63011549","C1","3A2",51.764459,-0.247621,"E37000048","","E23000027",18368,"E56000035","E54000025","E00173239","E01033308","E02004989"
"AL109AW","AL10 9AW","AL10 9AW","199606","199812","E10000015","E58000630","E07000241","E05011063","E04004819","1","521627","0207668","6","E18000006","E40000007","E92000001","E12000006","5","E14001573","E15000006","E24000005","E30000272","E16000150","E07000241","26ULGR","E00121554","26ULGR","E65000001","E01023935","E02004992","5","1C3","E00121554","E01023935","E02004992","E33027668","E38000049","E63011549","C1","4A2",51.754506,-0.239328,"E37000048","","E23000027",20828,"E56000035","E54000025","E00121554","E01023935","E02004992"
"AL109AX","AL10 9AX","AL10 9AX","200403","","E10000015","E58000628","E07000241","E05011064","E04004819","0","521282","0208845","1","E18000006","E40000007","E92000001","E12000006","5","E14001573","E15000006","E24000005","E30000272","E16000150","E07000241","26ULGP","E00121509","26ULGP","E65000001","E01023931","E02004989","5","6D1","E00173243","E01033308","E02004989","E33025059","E38000049","E63011549","C1","2A1",51.765164,-0.243889,"E37000048","","E23000027",18368,"E56000035","E54000025","E00173243","E01033308","E02004989"
"AL109AY","AL10 9AY","AL10 9AY","200610","","E10000015","E58000628","E07000241","E05011064","E04004819","0","521073","0208779","1","E18000006","E40000007","E92000001","E12000006","5","E14001573","E15000006","E24000005","E30000272","E16000150","E07000241","26ULGP","E00121509","26ULGP","E65000001","E01023931","E02004989","5","6D1","E00173239","E01033308","E02004989","E33027653","E38000049","E63011549","C1","3A2",51.764617,-0.246939,"E37000048","","E23000027",18368,"E56000035","E54000025","E00173239","E01033308","E02004989"
"AL109AZ","AL10 9AZ","AL10 9AZ","200405","","E10000015","E58000628","E07000241","E05011064","E04004819","0","521132","0208921","1","E18000006","E40000007","E92000001","E12000006","5","E14001573","E15000006","E24000005","E30000272","E16000150","E07000241","26ULGP","E00121509","26ULGP","E65000001","E01023931","E02004989","5","6D1","E00173249","E01033308","E02004989","E33027653","E38000049","E63011549","C1","2A3",51.765874,-0.246059,"E37000048","","E23000027",18368,"E56000035","E54000025","E00173249","E01033308","E02004989"
"AL109BA","AL10 9BA","AL10 9BA","198001","","E10000015","E58000628","E07000241","E05011064","E04004819","0","519995","0210989","1","E18000006","E40000007","E92000001","E12000006","5","E14001573","E15000006","E24000005","E30000272","E16000150","E07000241","26ULGP","E00121521","26ULGP","E65000001","E01023928","E02004981","8","3C2","E00173254","E01033313","E02004981","E33027629","E38000049","","C1","5B2",51.784710,-0.261790,"E37000048","","E23000027",28266,"E56000035","E54000025","E00173254","E01033313","E02004981"
"AL109BB","AL10 9BB","AL10 9BB","198001","","E10000015","E58000628","E07000241","E05011064","E04004819","0","519896","0211340","1","E18000006","E40000007","E92000001","E12000006","5","E14001573","E15000006","E24000005","E30000272","E16000150","E07000241","26ULGP","E00121521","26ULGP","E65000001","E01023928","E02004981","8","3C2","E00173254","E01033313","E02004981","E33027629","E38000049","","C1","5B2",51.787885,-0.263103,"E37000048","","E23000027",28266,"E56000035","E54000025","E00173254","E01033313","E02004981"
"AL109BD","AL10 9BD","AL10 9BD","200210","","E10000015","E58000628","E07000241","E05011064","E04004819","0","521403","0209515","1","E18000006","E40000007","E92000001","E12000006","5","E14001573","E15000006","E24000005","E30000272","E16000150","E07000241","26ULGP","E00121509","26ULGP","E65000001","E01023931","E02004989","5","6D1","E00173257","E01033314","E02004989","E33025062","E38000049","E63011549","C1","4A2",51.771160,-0.241902,"E37000048","","E23000027",19631,"E56000035","E54000025","E00173257","E01033314","E02004989"
"AL109BE","AL10 9BE","AL10 9BE","200604","","E10000015","E58000628","E07000241","E05011064","E04004819","0","520857","0208444","1","E18000006","E40000007","E92000001","E12000006","5","E14001573","E15000006","E24000005","E30000272","E16000150","E07000241","26ULGP","E00121509","26ULGP","E65000001","E01023931","E02004989","5","6D1","E00173229","E01033308","E02004989","E33025055","E38000049","E63011549","C1","2B2",51.761647,-0.250208,"E37000048","","E23000027",18368,"E56000035","E54000025","E00173229","E01033308","E02004989"
"AL109BF","AL10 9BF","AL10 9BF","200106","200806","E10000015","E58000628","E07000241","E05011061","E04004819","1","522507","0208780","1","E18000006","E40000007","E92000001","E12000006","5","E14001573","E15000006","E24000005","E30000272","E16000150","E07000241","26ULGM","E00121461","26ULGM","E65000001","E01023920","E02004991","5","2A2","E00121461","E01023920","E02004991","E33024486","E38000049","E63011549","C1","3A2",51.764308,-0.226194,"E37000048","","E23000027",6540,"E56000035","E54000025","E00121461","E01023920","E02004991"
"AL109BG","AL10 9BG","AL10 9BG","198001","","E10000015","E58000628","E07000241","E05011064","E04004819","0","521267","0210613","1","E18000006","E40000007","E92000001","E12000006","5","E14001573","E15000006","E24000005","E30000272","E16000150","E07000241","26ULGP","E00121521","26ULGP","E65000001","E01023928","E02004981","8","3C2","E00173254","E01033313","E02004981","E33027629","E38000049","","C1","5B2",51.781057,-0.243490,"E37000048","","E23000027",28266,"E56000035","E54000025","E00173254","E01033313","E02004981"
"AL109BH","AL10 9BH","AL10 9BH","198001","","E10000015","E58000628","E07000241","E05011064","E04004819","0","521866","0210733","1","E18000006","E40000007","E92000001","E12000006","5","E14001573","E15000006","E24000005","E30000272","E16000150","E07000241","26ULGP","E00121521","26ULGP","E65000001","E01023928","E02004981","8","3C2","E00173254","E01033313","E02004981","E33027629","E38000049","","C1","5B2",51.781999,-0.234793,"E37000048","","E23000027",28266,"E56000035","E54000025","E00173254","E01033313","E02004981"
"AL109BJ","AL10 9BJ","AL10 9BJ","198001","","E10000015","E58000628","E07000241","E05011064","E04004819","0","521015","0210034","1","E18000006","E40000007","E92000001","E12000006","5","E14001573","E15000006","E24000005","E30000272","E16000150","E07000241","26ULGP","E00121506","26ULGP","E65000001","E01023928","E02004981","5","6A1","E00173237","E01033313","E02004981","E33025058","E38000049","E63011549","C1","4A2",51.775908,-0.247342,"E37000048","","E23000027",28266,"E56000035","E54000025","E00173237","E01033313","E02004981"
"AL109BL","AL10 9BL","AL10 9BL","200309","","E10000015","E58000628","E07000241","E05011064","E04004819","0","520963","0208478","1","E18000006","E40000007","E92000001","E12000006","5","E14001573","E15000006","E24000005","E30000272","E16000150","E07000241","26ULGP","E00121509","26ULGP","E65000001","E01023931","E02004989","5","6D1","E00173229","E01033308","E02004989","E33025055","E38000049","E63011549","C1","2B2",51.761929,-0.248661,"E37000048","","E23000027",18368,"E56000035","E54000025","E00173229","E01033308","E02004989"
"AL109BN","AL10 9BN","AL10 9BN","200611","201007","E10000015","E58000628","E07000241","E05011061","E04004819","1","522507","0208780","1","E18000006","E40000007","E92000001","E12000006","5","E14001573","E15000006","E24000005","E30000272","E16000150","E07000241","26ULGM","E00121461","26ULGM","E65000001","E01023920","E02004991","5","2A2","E00121461","E01023920","E02004991","E33024486","E38000049","E63011549","C1","3A2",51.764308,-0.226194,"E37000048","","E23000027",6540,"E56000035","E54000025","E00121461","E01023920","E02004991"
"AL109BP","AL10 9BP","AL10 9BP","199812","","E10000015","E58000628","E07000241","E05011064","E04004819","0","520422","0209970","1","E18000006","E40000007","E92000001","E12000006","5","E14001573","E15000006","E24000005","E30000272","E16000150","E07000241","26ULGP","E00121506","26ULGP","E65000001","E01023928","E02004981","5","6A1","E00173237","E01033313","E02004981","E33025058","E38000049","","C1","4A2",51.775460,-0.255956,"E37000048","","E23000027",28266,"E56000035","E54000025","E00173237","E01033313","E02004981"
"AL109BQ","AL10 9BQ","AL10 9BQ","198001","","E10000015","E58000628","E07000241","E05011064","E04004819","0","521251","0210653","1","E18000006","E40000007","E92000001","E12000006","5","E14001573","E15000006","E24000005","E30000272","E16000150","E07000241","26ULGP","E00121521","26ULGP","E65000001","E01023928","E02004981","8","3C2","E00173254","E01033313","E02004981","E33027629","E38000049","","C1","5B2",51.781420,-0.243708,"E37000048","","E23000027",28266,"E56000035","E54000025","E00173254","E01033313","E02004981"
"AL109BS","AL10 9BS","AL10 9BS","200209","","E10000015","E58000628","E07000241","E05011064","E04004819","0","521380","0209617","1","E18000006","E40000007","E92000001","E12000006","5","E14001573","E15000006","E24000005","E30000272","E16000150","E07000241","26ULGP","E00121509","26ULGP","E65000001","E01023931","E02004989","5","6D1","E00173257","E01033314","E02004989","E33025061","E38000049","E63011549","C1","4A2",51.772081,-0.242200,"E37000048","","E23000027",19631,"E56000035","E54000025","E00173257","E01033314","E02004989"
"AL109BT","AL10 9BT","AL10 9BT","198001","","E10000015","E58000630","E07000241","E05011063","E04004819","0","521468","0207259","1","E18000006","E40000007","E92000001","E12000006","5","E14001573","E15000006","E24000005","E30000272","E16000150","E07000241","26ULGR","E00121543","26ULGR","E65000001","E01023937","E02004992","5","7A3","E00121543","E01023937","E02004992","E33027668","E38000049","E63011549","C1","4A2",51.750871,-0.241750,"E37000048","","E23000027",11751,"E56000035","E54000025","E00190240","E01023937","E02004992"
"AL109BU","AL10 9BU","AL10 9BU","198001","","E10000015","E58000630","E07000241","E05011063","E04004819","0","522033","0207272","1","E18000006","E40000007","E92000001","E12000006","5","E14001573","E15000006","E24000005","E30000272","E16000150","E07000241","26ULGR","E00121543","26ULGR","E65000001","E01023937","E02004992","5","7A3","E00121543","E01023937","E02004992","E33027668","E38000049","E63011549","C1","4A2",51.750865,-0.233565,"E37000048","","E23000027",11751,"E56000035","E54000025","E00190240","E01023937","E02004992"
"AL109BW","AL10 9BW","AL10 9BW","201706","","E10000015","E58000628","E07000241","E05011064","E04004819","1","521811","0209312","1","E18000006","E40000007","E92000001","E12000006","5","E14001573","E15000006","E24000005","E30000272","E16000150","E07000241","26ULGP","E00121509","26ULGP","E65000001","E01023931","E02004989","5","6D1","E00173232","E01033308","E02004989","E33025057","E38000049","E63011549","C1","3C1",51.769247,-0.236064,"E37000048","","E23000027",18368,"E56000035","E54000025","E00173232","E01033308","E02004989"
"AL109BX","AL10 9BX","AL10 9BX","198001","","E10000015","E58000630","E07000241","E05011063","E04004819","0","522033","0207199","1","E18000006","E40000007","E92000001","E12000006","5","E14001573","E15000006","E24000005","E30000272","E16000150","E07000241","26ULGR","E00121541","26ULGR","E65000001","E01023935","E02004992","5","7A3","E00121541","E01023935","E02004992","E33027668","E38000049","E63011549","C1","4C1",51.750209,-0.233591,"E37000048","","E23000027",20828,"E56000035","E54000025","E00121541","E01023935","E02004992"
"AL109BY","AL10 9BY","AL10 9BY","198001","","E10000015","E58000630","E07000241","E05011063","E04004819","0","522000","0207104","1","E18000006","E40000007","E92000001","E12000006","5","E14001573","E15000006","E24000005","E30000272","E16000150","E07000241","26ULGR","E00121543","26ULGR","E65000001","E01023937","E02004992","5","7A3","E00121543","E01023937","E02004992","E33027668","E38000049","E63011549","C1","4A2",51.749362,-0.234102,"E37000048","","E23000027",11751,"E56000035","E54000025","E00190240","E01023937","E02004992"
"AL109BZ","AL10 9BZ","AL10 9BZ","198001","","E10000015","E58000630","E07000241","E05011063","E04004819","0","521996","0206908","1","E18000006","E40000007","E92000001","E12000006","5","E14001573","E15000006","E24000005","E30000272","E16000150","E07000241","26ULGR","E00121543","26ULGR","E65000001","E01023937","E02004992","5","7A3","E00121543","E01023937","E02004992","E33027668","E38000049","E63011549","C1","4A2",51.747601,-0.234229,"E37000048","","E23000027",11751,"E56000035","E54000025","E00190240","E01023937","E02004992"
"AL109DA","AL10 9DA","AL10 9DA","198001","","E10000015","E58000630","E07000241","E05011063","E04004819","0","521968","0207125","1","E18000006","E40000007","E92000001","E12000006","5","E14001573","E15000006","E24000005","E30000272","E16000150","E07000241","26ULGR","E00121543","26ULGR","E65000001","E01023937","E02004992","5","7A3","E00121543","E01023937","E02004992","E33027668","E38000049","E63011549","C1","4A2",51.749552,-0.234581,"E37000048","","E23000027",11751,"E56000035","E54000025","E00190240","E01023937","E02004992"
"AL109DB","AL10 9DB","AL10 9DB","199109","200305","E10000015","E58000628","E07000241","E05011061","E04004819","1","522507","0208780","1","E18000006","E40000007","E92000001","E12000006","5","E14001573","E15000006","E24000005","E30000272","E16000150","E07000241","26ULGM","E00121461","26ULGM","E65000001","E01023920","E02004991","5","2A2","E00121461","E01023920","E02004991","E33024486","E38000049","E63011549","C1","3A2",51.764308,-0.226194,"E37000048","","E23000027",6540,"E56000035","E54000025","E00121461","E01023920","E02004991"
"AL109DD","AL10 9DD","AL10 9DD","198001","","E10000015","E58000630","E07000241","E05011063","E04004819","0","521901","0207146","1","E18000006","E40000007","E92000001","E12000006","5","E14001573","E15000006","E24000005","E30000272","E16000150","E07000241","26ULGR","E00121543","26ULGR","E65000001","E01023937","E02004992","5","7A3","E00121543","E01023937","E02004992","E33027668","E38000049","E63011549","C1","4A2",51.749761,-0.235520,"E37000048","","E23000027",11751,"E56000035","E54000025","E00190301","E01023937","E02004992"
"AL109DE","AL10 9DE","AL10 9DE","198001","","E10000015","E58000630","E07000241","E05011063","E04004819","0","521842","0207049","1","E18000006","E40000007","E92000001","E12000006","5","E14001573","E15000006","E24000005","E30000272","E16000150","E07000241","26ULGQ","E00121528","26ULGQ","E65000001","E01023934","E02004992","5","7A2","E00121528","E01023934","E02004992","E33027668","E38000049","E63011549","C1","4B1",51.748902,-0.236409,"E37000048","","E23000027",17680,"E56000035","E54000025","E00121528","E01023934","E02004992"
"AL109DF","AL10 9DF","AL10 9DF","198001","","E10000015","E58000630","E07000241","E05011063","E04004819","0","521815","0207117","1","E18000006","E40000007","E92000001","E12000006","5","E14001573","E15000006","E24000005","E30000272","E16000150","E07000241","26ULGR","E00121543","26ULGR","E65000001","E01023937","E02004992","5","7A3","E00121543","E01023937","E02004992","E33027668","E38000049","E63011549","C1","4A2",51.749519,-0.236776,"E37000048","","E23000027",11751,"E56000035","E54000025","E00190301","E01023937","E02004992"
"AL109DG","AL10 9DG","AL10 9DG","198001","","E10000015","E58000630","E07000241","E05011063","E04004819","0","521783","0207100","1","E18000006","E40000007","E92000001","E12000006","5","E14001573","E15000006","E24000005","E30000272","E16000150","E07000241","26ULGR","E00121543","26ULGR","E65000001","E01023937","E02004992","5","7A3","E00121543","E01023937","E02004992","E33027668","E38000049","E63011549","C1","4A2",51.749373,-0.237245,"E37000048","","E23000027",11751,"E56000035","E54000025","E00190301","E01023937","E02004992"
"AL109DH","AL10 9DH","AL10 9DH","198001","","E10000015","E58000630","E07000241","E05011063","E04004819","0","521771","0206923","1","E18000006","E40000007","E92000001","E12000006","5","E14001573","E15000006","E24000005","E30000272","E16000150","E07000241","26ULGQ","E00121522","26ULGQ","E65000001","E01023934","E02004992","5","7A2","E00121522","E01023934","E02004992","E33027668","E38000049","E63011549","C1","4A2",51.747785,-0.237481,"E37000048","","E23000027",17680,"E56000035","E54000025","E00121522","E01023934","E02004992"
"AL109DJ","AL10 9DJ","AL10 9DJ","198001","","E10000015","E58000630","E07000241","E05011063","E04004819","0","521686","0206928","1","E18000006","E40000007","E92000001","E12000006","5","E14001573","E15000006","E24000005","E30000272","E16000150","E07000241","26ULGQ","E00121527","26ULGQ","E65000001","E01023934","E02004992","5","7A3","E00121527","E01023934","E02004992","E33027668","E38000049","E63011549","C1","4A2",51.747849,-0.238710,"E37000048","","E23000027",17680,"E56000035","E54000025","E00121527","E01023934","E02004992"
"AL109DL","AL10 9DL","AL10 9DL","198001","","E10000015","E58000630","E07000241","E05011063","E04004819","0","521587","0206963","1","E18000006","E40000007","E92000001","E12000006","5","E14001573","E15000006","E24000005","E30000272","E16000150","E07000241","26ULGQ","E00121527","26ULGQ","E65000001","E01023934","E02004992","5","7A3","E00121527","E01023934","E02004992","E33027668","E38000049","E63011549","C1","4A2",51.748179,-0.240154,"E37000048","","E23000027",17680,"E56000035","E54000025","E00121527","E01023934","E02004992"
"AL109DN","AL10 9DN","AL10 9DN","198001","","E10000015","E58000630","E07000241","E05011063","E04004819","0","521653","0206916","1","E18000006","E40000007","E92000001","E12000006","5","E14001573","E15000006","E24000005","E30000272","E16000150","E07000241","26ULGQ","E00121527","26ULGQ","E65000001","E01023934","E02004992","5","7A3","E00121527","E01023934","E02004992","E33027668","E38000049","E63011549","C1","4A2",51.747748,-0.239192,"E37000048","","E23000027",17680,"E56000035","E54000025","E00121527","E01023934","E02004992"
"AL109DP","AL10 9DP","AL10 9DP","198001","","E10000015","E58000630","E07000241","E05011063","E04004819","0","521689","0206818","1","E18000006","E40000007","E92000001","E12000006","5","E14001573","E15000006","E24000005","E30000272","E16000150","E07000241","26ULGQ","E00121522","26ULGQ","E65000001","E01023934","E02004992","5","7A2","E00121522","E01023934","E02004992","E33027668","E38000049","E63011549","C1","4A2",51.746859,-0.238705,"E37000048","","E23000027",17680,"E56000035","E54000025","E00121522","E01023934","E02004992"
"AL109DQ","AL10 9DQ","AL10 9DQ","198001","","E10000015","E58000630","E07000241","E05011063","E04004819","0","521796","0206929","1","E18000006","E40000007","E92000001","E12000006","5","E14001573","E15000006","E24000005","E30000272","E16000150","E07000241","26ULGQ","E00121528","26ULGQ","E65000001","E01023934","E02004992","5","7A2","E00121528","E01023934","E02004992","E33027668","E38000049","E63011549","C1","4B1",51.747834,-0.237117,"E37000048","","E23000027",17680,"E56000035","E54000025","E00121528","E01023934","E02004992"
"AL109DR","AL10 9DR","AL10 9DR","198001","","E10000015","E58000630","E07000241","E05011063","E04004819","0","521726","0206819","1","E18000006","E40000007","E92000001","E12000006","5","E14001573","E15000006","E24000005","E30000272","E16000150","E07000241","26ULGQ","E00121522","26ULGQ","E65000001","E01023934","E02004992","5","7A2","E00121522","E01023934","E02004992","E33027668","E38000049","E63011549","C1","4A2",51.746860,-0.238169,"E37000048","","E23000027",17680,"E56000035","E54000025","E00121522","E01023934","E02004992"
"AL109DS","AL10 9DS","AL10 9DS","198001","","E10000015","E58000630","E07000241","E05011063","E04004819","0","521642","0206760","1","E18000006","E40000007","E92000001","E12000006","5","E14001573","E15000006","E24000005","E30000272","E16000150","E07000241","26ULGQ","E00121522","26ULGQ","E65000001","E01023934","E02004992","5","7A2","E00121522","E01023934","E02004992","E33027668","E38000049","E63011549","C1","4A2",51.746343,-0.239428,"E37000048","","E23000027",17680,"E56000035","E54000025","E00121522","E01023934","E02004992"
"AL109DT","AL10 9DT","AL10 9DT","199612","200211","E10000015","E58000628","E07000241","E05011061","E04004819","1","522507","0208780","1","E18000006","E40000007","E92000001","E12000006","5","E14001573","E15000006","E24000005","E30000272","E16000150","E07000241","26ULGM","E00121461","26ULGM","E65000001","E01023920","E02004991","5","2A2","E00121461","E01023920","E02004991","E33024486","E38000049","E63011549","C1","3A2",51.764308,-0.226194,"E37000048","","E23000027",6540,"E56000035","E54000025","E00121461","E01023920","E02004991"
"AL109DU","AL10 9DU","AL10 9DU","198001","","E10000015","E58000630","E07000241","E05011063","E04004819","0","521777","0206838","1","E18000006","E40000007","E92000001","E12000006","5","E14001573","E15000006","E24000005","E30000272","E16000150","E07000241","26ULGQ","E00121532","26ULGQ","E65000001","E01023934","E02004992","5","7A2","E00121532","E01023934","E02004992","E33027668","E38000049","E63011549","C1","4A2",51.747015,-0.237446,"E37000048","","E23000027",17680,"E56000035","E54000025","E00121532","E01023934","E02004992"
"AL109DW","AL10 9DW","AL10 9DW","198001","","E10000015","E58000630","E07000241","E05011063","E04004819","0","521630","0206884","1","E18000006","E40000007","E92000001","E12000006","5","E14001573","E15000006","E24000005","E30000272","E16000150","E07000241","26ULGQ","E00121522","26ULGQ","E65000001","E01023934","E02004992","5","7A2","E00121522","E01023934","E02004992","E33027668","E38000049","E63011549","C1","4A2",51.747465,-0.239536,"E37000048","","E23000027",17680,"E56000035","E54000025","E00121522","E01023934","E02004992"
"AL109DX","AL10 9DX","AL10 9DX","198001","","E10000015","E58000630","E07000241","E05011063","E04004819","0","521825","0206666","1","E18000006","E40000007","E92000001","E12000006","5","E14001573","E15000006","E24000005","E30000272","E16000150","E07000241","26ULGQ","E00121532","26ULGQ","E65000001","E01023934","E02004992","5","7A2","E00121532","E01023934","E02004992","E33027668","E38000049","E63011549","C1","4A2",51.745459,-0.236812,"E37000048","","E23000027",17680,"E56000035","E54000025","E00121532","E01023934","E02004992"
"AL109DY","AL10 9DY","AL10 9DY","198001","","E10000015","E58000630","E07000241","E05011063","E04004819","0","521827","0206700","1","E18000006","E40000007","E92000001","E12000006","5","E14001573","E15000006","E24000005","E30000272","E16000150","E07000241","26ULGQ","E00121532","26ULGQ","E65000001","E01023934","E02004992","5","7A2","E00121532","E01023934","E02004992","E33027668","E38000049","E63011549","C1","4A2",51.745769,-0.236748,"E37000048","","E23000027",17680,"E56000035","E54000025","E00121532","E01023934","E02004992"
"AL109DZ","AL10 9DZ","AL10 9DZ","198001","","E10000015","E58000630","E07000241","E05011063","E04004819","0","521889","0206643","1","E18000006","E40000007","E92000001","E12000006","5","E14001573","E15000006","E24000005","E30000272","E16000150","E07000241","26ULGQ","E00121525","26ULGQ","E65000001","E01023932","E02004992","5","1C3","E00121525","E01023932","E02004992","E33027668","E38000049","E63011549","C1","4A2",51.745243,-0.235871,"E37000048","","E23000027",20795,"E56000035","E54000025","E00121525","E01023932","E02004992"
"AL109EA","AL10 9EA","AL10 9EA","198001","","E10000015","E58000630","E07000241","E05011063","E04004819","0","521860","0206611","1","E18000006","E40000007","E92000001","E12000006","5","E14001573","E15000006","E24000005","E30000272","E16000150","E07000241","26ULGQ","E00121525","26ULGQ","E65000001","E01023932","E02004992","5","1C3","E00121525","E01023932","E02004992","E33027668","E38000049","E63011549","C1","4A2",51.744962,-0.236302,"E37000048","","E23000027",20795,"E56000035","E54000025","E00121525","E01023932","E02004992"
"AL109EB","AL10 9EB","AL10 9EB","198001","","E10000015","E58000630","E07000241","E05011063","E04004819","0","521870","0206565","1","E18000006","E40000007","E92000001","E12000006","5","E14001573","E15000006","E24000005","E30000272","E16000150","E07000241","26ULGQ","E00121525","26ULGQ","E65000001","E01023932","E02004992","5","1C3","E00121525","E01023932","E02004992","E33027668","E38000049","E63011549","C1","4A2",51.744546,-0.236173,"E37000048","","E23000027",20795,"E56000035","E54000025","E00121525","E01023932","E02004992"
"AL109ED","AL10 9ED","AL10 9ED","198001","","E10000015","E58000630","E07000241","E05011063","E04004819","0","521773","0206616","1","E18000006","E40000007","E92000001","E12000006","5","E14001573","E15000006","E24000005","E30000272","E16000150","E07000241","26ULGQ","E00121525","26ULGQ","E65000001","E01023932","E02004992","5","1C3","E00121525","E01023932","E02004992","E33027668","E38000049","E63011549","C1","4A2",51.745026,-0.237559,"E37000048","","E23000027",20795,"E56000035","E54000025","E00121525","E01023932","E02004992"
"AL109EE","AL10 9EE","AL10 9EE","198001","","E10000015","E58000630","E07000241","E05011063","E04004819","0","521823","0206460","1","E18000006","E40000007","E92000001","E12000006","5","E14001573","E15000006","E24000005","E30000272","E16000150","E07000241","26ULGQ","E00121525","26ULGQ","E65000001","E01023932","E02004992","5","1C3","E00121525","E01023932","E02004992","E33027668","E38000049","E63011549","C1","4A2",51.743613,-0.236890,"E37000048","","E23000027",20795,"E56000035","E54000025","E00121525","E01023932","E02004992"
"AL109EF","AL10 9EF","AL10 9EF","198001","","E10000015","E58000630","E07000241","E05011063","E04004819","0","521895","0206503","1","E18000006","E40000007","E92000001","E12000006","5","E14001573","E15000006","E24000005","E30000272","E16000150","E07000241","26ULGQ","E00121525","26ULGQ","E65000001","E01023932","E02004992","5","1C3","E00121525","E01023932","E02004992","E33027668","E38000049","E63011549","C1","4A2",51.743984,-0.235833,"E37000048","","E23000027",20795,"E56000035","E54000025","E00121525","E01023932","E02004992"
"AL109EG","AL10 9EG","AL10 9EG","198001","","E10000015","E58000630","E07000241","E05011071","E04004819","0","521877","0206447","1","E18000006","E40000007","E92000001","E12000006","5","E14001573","E15000006","E24000005","E30000272","E16000150","E07000241","26ULGQ","E00121525","26ULGQ","E65000001","E01023932","E02004992","5","1C3","E00121525","E01023932","E02004992","E33027668","E38000049","E63011549","C1","4A2",51.743484,-0.236113,"E37000048","","E23000027",20795,"E56000035","E54000025","E00121525","E01023932","E02004992"
"AL109EH","AL10 9EH","AL10 9EH","200305","","E10000015","E58000628","E07000241","E05011064","E04004819","0","521534","0210029","1","E18000006","E40000007","E92000001","E12000006","5","E14001573","E15000006","E24000005","E30000272","E16000150","E07000241","26ULGP","E00121521","26ULGP","E65000001","E01023928","E02004981","8","3C2","E00173248","E01033313","E02004981","E33027629","E38000049","E63011549","C1","4A3",51.775744,-0.239850,"E37000048","","E23000027",28266,"E56000035","E54000025","E00173248","E01033313","E02004981"
"AL109EJ","AL10 9EJ","AL10 9EJ","199002","","E10000015","E58000630","E07000241","E05011063","E04004819","0","521522","0206891","1","E18000006","E40000007","E92000001","E12000006","5","E14001573","E15000006","E24000005","E30000272","E16000150","E07000241","26ULGQ","E00121527","26ULGQ","E65000001","E01023934","E02004992","5","7A3","E00121527","E01023934","E02004992","E33027668","E38000049","E63011549","C1","4A2",51.747546,-0.241120,"E37000048","","E23000027",17680,"E56000035","E54000025","E00121527","E01023934","E02004992"
"AL109EL","AL10 9EL","AL10 9EL","199002","","E10000015","E58000630","E07000241","E05011063","E04004819","0","521579","0206835","1","E18000006","E40000007","E92000001","E12000006","5","E14001573","E15000006","E24000005","E30000272","E16000150","E07000241","26ULGQ","E00121522","26ULGQ","E65000001","E01023934","E02004992","5","7A2","E00121522","E01023934","E02004992","E33027668","E38000049","E63011549","C1","4A2",51.747036,-0.240291,"E37000048","","E23000027",17680,"E56000035","E54000025","E00121522","E01023934","E02004992"
"AL109EN","AL10 9EN","AL10 9EN","200211","","E10000015","E58000628","E07000241","E05011064","E04004819","0","521579","0210106","1","E18000006","E40000007","E92000001","E12000006","5","E14001573","E15000006","E24000005","E30000272","E16000150","E07000241","26ULGP","E00121521","26ULGP","E65000001","E01023928","E02004981","8","3C2","E00173248","E01033313","E02004981","E33027629","E38000049","E63011549","C1","4A3",51.776427,-0.239171,"E37000048","","E23000027",28266,"E56000035","E54000025","E00173248","E01033313","E02004981"
"AL109EP","AL10 9EP","AL10 9EP","198001","","E10000015","E58000630","E07000241","E05011071","E04004819","0","522029","0206337","1","E18000006","E40000007","E92000001","E12000006","5","E14001573","E15000006","E24000005","E30000272","E16000150","E07000241","26ULGQ","E00121535","26ULGQ","E65000001","E01023932","E02004992","5","1B1","E00121535","E01023932","E02004992","E33027668","E38000049","E63011549","C1","4A2",51.742463,-0.233951,"E37000048","","E23000027",20795,"E56000035","E54000025","E00121535","E01023932","E02004992"
"AL109EQ","AL10 9EQ","AL10 9EQ","198001","","E10000015","E58000630","E07000241","E05011063","E04004819","0","521750","0206482","1","E18000006","E40000007","E92000001","E12000006","5","E14001573","E15000006","E24000005","E30000272","E16000150","E07000241","26ULGQ","E00121526","26ULGQ","E65000001","E01023932","E02004992","5","5B3","E00121526","E01023932","E02004992","E33027668","E38000049","E63011549","C1","4A2",51.743821,-0.237962,"E37000048","","E23000027",20795,"E56000035","E54000025","E00121526","E01023932","E02004992"
"AL109ER","AL10 9ER","AL10 9ER","198001","","E10000015","E58000630","E07000241","E05011071","E04004819","0","522101","0206473","1","E18000006","E40000007","E92000001","E12000006","5","E14001573","E15000006","E24000005","E30000272","E16000150","E07000241","26ULGQ","E00121534","26ULGQ","E65000001","E01023932","E02004992","5","1B1","E00121534","E01023932","E02004992","E33027668","E38000049","E63011549","C1","4A1",51.743664,-0.232884,"E37000048","","E23000027",20795,"E56000035","E54000025","E00121534","E01023932","E02004992"
"AL109ES","AL10 9ES","AL10 9ES","198001","","E10000015","E58000630","E07000241","E05011071","E04004819","0","522095","0206649","1","E18000006","E40000007","E92000001","E12000006","5","E14001573","E15000006","E24000005","E30000272","E16000150","E07000241","26ULGQ","E00121523","26ULGQ","E65000001","E01023932","E02004992","5","7A2","E00121523","E01023932","E02004992","E33027668","E38000049","E63011549","C1","4B1",51.745252,-0.232886,"E37000048","","E23000027",20795,"E56000035","E54000025","E00121523","E01023932","E02004992"
"AL109ET","AL10 9ET","AL10 9ET","199208","","E10000015","E58000630","E07000241","E05011063","E04004819","0","521570","0206761","1","E18000006","E40000007","E92000001","E12000006","5","E14001573","E15000006","E24000005","E30000272","E16000150","E07000241","26ULGQ","E00121522","26ULGQ","E65000001","E01023934","E02004992","5","7A2","E00121522","E01023934","E02004992","E33027668","E38000049","E63011549","C1","4A2",51.746368,-0.240470,"E37000048","","E23000027",17680,"E56000035","E54000025","E00121522","E01023934","E02004992"
"AL109EU","AL10 9EU","AL10 9EU","200310","","E10000015","E58000628","E07000241","E05011064","E04004819","0","520853","0208339","1","E18000006","E40000007","E92000001","E12000006","5","E14001573","E15000006","E24000005","E30000272","E16000150","E07000241","26ULGP","E00121509","26ULGP","E65000001","E01023931","E02004989","5","6D1","E00173229","E01033308","E02004989","E33025055","E38000049","E63011549","C1","2B2",51.760704,-0.250303,"E37000048","","E23000027",18368,"E56000035","E54000025","E00173229","E01033308","E02004989"
"AL109EW","AL10 9EW","AL10 9EW","200401","","E10000015","E58000628","E07000241","E05011064","E04004819","0","521294","0209264","1","E18000006","E40000007","E92000001","E12000006","5","E14001573","E15000006","E24000005","E30000272","E16000150","E07000241","26ULGP","E00121509","26ULGP","E65000001","E01023931","E02004989","5","6D1","E00173257","E01033314","E02004989","E33025062","E38000049","E63011549","C1","4A2",51.768922,-0.243593,"E37000048","","E23000027",19631,"E56000035","E54000025","E00173257","E01033314","E02004989"
"AL109EX","AL10 9EX","AL10 9EX","199712","202109","E10000015","E58000628","E07000241","E05011064","E04004819","1","521352","0208512","1","E18000006","E40000007","E92000001","E12000006","5","E14001573","E15000006","E24000005","E30000272","E16000150","E07000241","26ULGP","E00121509","26ULGP","E65000001","E01023931","E02004989","5","6D1","E00173229","E01033308","E02004989","E33025056","E38000049","E63011549","C1","2B2",51.762151,-0.243016,"E37000048","","E23000027",18368,"E56000035","E54000025","E00173229","E01033308","E02004989"
"AL109EY","AL10 9EY","AL10 9EY","199712","201603","E10000015","E58000628","E07000241","E05011064","E04004819","1","521352","0208512","1","E18000006","E40000007","E92000001","E12000006","5","E14001573","E15000006","E24000005","E30000272","E16000150","E07000241","26ULGP","E00121509","26ULGP","E65000001","E01023931","E02004989","5","6D1","E00173229","E01033308","E02004989","E33025056","E38000049","E63011549","C1","2B2",51.762151,-0.243016,"E37000048","","E23000027",18368,"E56000035","E54000025","E00173229","E01033308","E02004989"
"AL109EZ","AL10 9EZ","AL10 9EZ","200801","","E10000015","E58000628","E07000241","E05011064","E04004819","0","521393","0208850","1","E18000006","E40000007","E92000001","E12000006","5","E14001573","E15000006","E24000005","E30000272","E16000150","E07000241","26ULGP","E00121509","26ULGP","E65000001","E01023931","E02004989","5","6D1","E00173243","E01033308","E02004989","E33025059","E38000049","E63011549","C1","2A1",51.765185,-0.242280,"E37000048","","E23000027",18368,"E56000035","E54000025","E00173243","E01033308","E02004989"
"AL109FA","AL10 9FA","AL10 9FA","200206","","E10000015","E58000628","E07000241","E05011064","E04004819","0","521823","0210110","1","E18000006","E40000007","E92000001","E12000006","5","E14001573","E15000006","E24000005","E30000272","E16000150","E07000241","26ULGP","E00121521","26ULGP","E65000001","E01023928","E02004981","8","3C2","E00173268","E01033310","E02004981","E33027629","E38000049","E63011549","C1","4A2",51.776410,-0.235635,"E37000048","","E23000027",26758,"E56000035","E54000025","E00173268","E01033310","E02004981"
"AL109FB","AL10 9FB","AL10 9FB","200206","","E10000015","E58000628","E07000241","E05011064","E04004819","0","521589","0210010","1","E18000006","E40000007","E92000001","E12000006","5","E14001573","E15000006","E24000005","E30000272","E16000150","E07000241","26ULGP","E00121521","26ULGP","E65000001","E01023928","E02004981","8","3C2","E00173248","E01033313","E02004981","E33027629","E38000049","E63011549","C1","4A3",51.775562,-0.239060,"E37000048","","E23000027",28266,"E56000035","E54000025","E00173248","E01033313","E02004981"
"AL109FD","AL10 9FD","AL10 9FD","200112","","E10000015","E58000628","E07000241","E05011064","E04004819","0","521840","0210181","1","E18000006","E40000007","E92000001","E12000006","5","E14001573","E15000006","E24000005","E30000272","E16000150","E07000241","26ULGP","E00121521","26ULGP","E65000001","E01023928","E02004981","8","3C2","E00173254","E01033313","E02004981","E33027629","E38000049","E63011549","C1","5B2",51.777050,-0.235339,"E37000048","","E23000027",28266,"E56000035","E54000025","E00173254","E01033313","E02004981"
"AL109FE","AL10 9FE","AL10 9FE","200206","","E10000015","E58000628","E07000241","E05011064","E04004819","0","521709","0210178","1","E18000006","E40000007","E92000001","E12000006","5","E14001573","E15000006","E24000005","E30000272","E16000150","E07000241","26ULGP","E00121521","26ULGP","E65000001","E01023928","E02004981","8","3C2","E00173254","E01033313","E02004981","E33027629","E38000049","E63011549","C1","5B2",51.777045,-0.237262,"E37000048","","E23000027",28266,"E56000035","E54000025","E00173254","E01033313","E02004981"
"AL109FF","AL10 9FF","AL10 9FF","200210","","E10000015","E58000628","E07000241","E05011064","E04004819","0","521629","0210180","1","E18000006","E40000007","E92000001","E12000006","5","E14001573","E15000006","E24000005","E30000272","E16000150","E07000241","26ULGP","E00121521","26ULGP","E65000001","E01023928","E02004981","8","3C2","E00173248","E01033313","E02004981","E33027629","E38000049","E63011549","C1","4A3",51.777081,-0.238421,"E37000048","","E23000027",28266,"E56000035","E54000025","E00173248","E01033313","E02004981"
"AL109FG","AL10 9FG","AL10 9FG","200206","","E10000015","E58000628","E07000241","E05011064","E04004819","0","521751","0210056","1","E18000006","E40000007","E92000001","E12000006","5","E14001573","E15000006","E24000005","E30000272","E16000150","E07000241","26ULGP","E00121521","26ULGP","E65000001","E01023928","E02004981","8","3C2","E00173268","E01033310","E02004981","E33027629","E38000049","E63011549","C1","4A2",51.775940,-0.236697,"E37000048","","E23000027",26758,"E56000035","E54000025","E00173268","E01033310","E02004981"
"AL109FH","AL10 9FH","AL10 9FH","200206","","E10000015","E58000628","E07000241","E05011064","E04004819","0","521766","0210083","1","E18000006","E40000007","E92000001","E12000006","5","E14001573","E15000006","E24000005","E30000272","E16000150","E07000241","26ULGP","E00121521","26ULGP","E65000001","E01023928","E02004981","8","3C2","E00173268","E01033310","E02004981","E33027629","E38000049","E63011549","C1","4A2",51.776179,-0.236470,"E37000048","","E23000027",26758,"E56000035","E54000025","E00173268","E01033310","E02004981"
"AL109FJ","AL10 9FJ","AL10 9FJ","200206","","E10000015","E58000628","E07000241","E05011064","E04004819","0","521721","0210253","1","E18000006","E40000007","E92000001","E12000006","5","E14001573","E15000006","E24000005","E30000272","E16000150","E07000241","26ULGP","E00121521","26ULGP","E65000001","E01023928","E02004981","8","3C2","E00173254","E01033313","E02004981","E33027629","E38000049","E63011549","C1","5B2",51.777717,-0.237062,"E37000048","","E23000027",28266,"E56000035","E54000025","E00173254","E01033313","E02004981"
"AL109FL","AL10 9FL","AL10 9FL","200210","","E10000015","E58000628","E07000241","E05011064","E04004819","0","521644","0209804","1","E18000006","E40000007","E92000001","E12000006","5","E14001573","E15000006","E24000005","E30000272","E16000150","E07000241","26ULGP","E00121506","26ULGP","E65000001","E01023928","E02004981","5","6A1","E00173245","E01033310","E02004981","E33027629","E38000049","E63011549","C1","4C3",51.773699,-0.238335,"E37000048","","E23000027",26758,"E56000035","E54000025","E00173245","E01033310","E02004981"
"AL109FN","AL10 9FN","AL10 9FN","200311","","E10000015","E58000628","E07000241","E05011064","E04004819","0","521695","0209921","1","E18000006","E40000007","E92000001","E12000006","5","E14001573","E15000006","E24000005","E30000272","E16000150","E07000241","26ULGP","E00121506","26ULGP","E65000001","E01023928","E02004981","5","6A1","E00173245","E01033310","E02004981","E33027629","E38000049","E63011549","C1","4C3",51.774739,-0.237555,"E37000048","","E23000027",26758,"E56000035","E54000025","E00173245","E01033310","E02004981"
"AL109FP","AL10 9FP","AL10 9FP","200305","","E10000015","E58000628","E07000241","E05011064","E04004819","0","521680","0209869","1","E18000006","E40000007","E92000001","E12000006","5","E14001573","E15000006","E24000005","E30000272","E16000150","E07000241","26ULGP","E00121506","26ULGP","E65000001","E01023928","E02004981","5","6A1","E00173245","E01033310","E02004981","E33027629","E38000049","E63011549","C1","4C3",51.774275,-0.237791,"E37000048","","E23000027",26758,"E56000035","E54000025","E00173245","E01033310","E02004981"
"AL109FQ","AL10 9FQ","AL10 9FQ","200302","","E10000015","E58000628","E07000241","E05011064","E04004819","0","521699","0209830","1","E18000006","E40000007","E92000001","E12000006","5","E14001573","E15000006","E24000005","E30000272","E16000150","E07000241","26ULGP","E00121506","26ULGP","E65000001","E01023928","E02004981","5","6A1","E00173245","E01033310","E02004981","E33027629","E38000049","E63011549","C1","4C3",51.773920,-0.237529,"E37000048","","E23000027",26758,"E56000035","E54000025","E00173245","E01033310","E02004981"
"AL109FR","AL10 9FR","AL10 9FR","200210","","E10000015","E58000628","E07000241","E05011064","E04004819","0","521700","0209711","1","E18000006","E40000007","E92000001","E12000006","5","E14001573","E15000006","E24000005","E30000272","E16000150","E07000241","26ULGP","E00121506","26ULGP","E65000001","E01023928","E02004981","5","6A1","E00173235","E01033310","E02004981","E33027629","E38000049","E63011549","C1","5A2",51.772851,-0.237556,"E37000048","","E23000027",26758,"E56000035","E54000025","E00173235","E01033310","E02004981"
"AL109FS","AL10 9FS","AL10 9FS","200403","200707","E10000015","E58000628","E07000241","E05011064","E04004819","0","521645","0209728","5","E18000006","E40000007","E92000001","E12000006","5","E14001573","E15000006","E24000005","E30000272","E16000150","E07000241","26ULGP","E00121506","26ULGP","E65000001","E01023928","E02004981","5","6A1","E00173245","E01033310","E02004981","E33027629","E38000049","E63011549","C1","4C3",51.773015,-0.238347,"E37000048","","E23000027",26758,"E56000035","E54000025","E00173245","E01033310","E02004981"
"AL109FT","AL10 9FT","AL10 9FT","200207","","E10000015","E58000628","E07000241","E05011064","E04004819","0","521590","0209820","1","E18000006","E40000007","E92000001","E12000006","5","E14001573","E15000006","E24000005","E30000272","E16000150","E07000241","26ULGP","E00121506","26ULGP","E65000001","E01023928","E02004981","5","6A1","E00173231","E01033310","E02004981","E33027629","E38000049","E63011549","C1","4C3",51.773854,-0.239112,"E37000048","","E23000027",26758,"E56000035","E54000025","E00173231","E01033310","E02004981"
"AL109FU","AL10 9FU","AL10 9FU","201712","","E10000015","E58000630","E07000241","E05011071","E04004819","0","521945","0206486","1","E18000006","E40000007","E92000001","E12000006","5","E14001573","E15000006","E24000005","E30000272","E16000150","E07000241","26ULGQ","E00121534","26ULGQ","E65000001","E01023932","E02004992","5","1B1","E00121534","E01023932","E02004992","E33027668","E38000049","E63011549","C1","4A1",51.743820,-0.235115,"E37000048","","E23000027",20795,"E56000035","E54000025","E00121534","E01023932","E02004992"
"AL109FW","AL10 9FW","AL10 9FW","200307","","E10000015","E58000628","E07000241","E05011064","E04004819","0","521528","0209953","1","E18000006","E40000007","E92000001","E12000006","5","E14001573","E15000006","E24000005","E30000272","E16000150","E07000241","26ULGP","E00121506","26ULGP","E65000001","E01023928","E02004981","5","6A1","E00173237","E01033313","E02004981","E33025058","E38000049","E63011549","C1","4A2",51.775063,-0.239963,"E37000048","","E23000027",28266,"E56000035","E54000025","E00173237","E01033313","E02004981"
"AL109FX","AL10 9FX","AL10 9FX","200304","","E10000015","E58000628","E07000241","E05011064","E04004819","0","521537","0209856","1","E18000006","E40000007","E92000001","E12000006","5","E14001573","E15000006","E24000005","E30000272","E16000150","E07000241","26ULGP","E00121506","26ULGP","E65000001","E01023928","E02004981","5","6A1","E00173237","E01033313","E02004981","E33025058","E38000049","E63011549","C1","4A2",51.774189,-0.239867,"E37000048","","E23000027",28266,"E56000035","E54000025","E00173237","E01033313","E02004981"
"AL109FY","AL10 9FY","AL10 9FY","200208","","E10000015","E58000628","E07000241","E05011064","E04004819","0","521506","0209779","1","E18000006","E40000007","E92000001","E12000006","5","E14001573","E15000006","E24000005","E30000272","E16000150","E07000241","26ULGP","E00121506","26ULGP","E65000001","E01023928","E02004981","5","6A1","E00173231","E01033310","E02004981","E33027629","E38000049","E63011549","C1","4C3",51.773504,-0.240343,"E37000048","","E23000027",26758,"E56000035","E54000025","E00173231","E01033310","E02004981"
"AL109FZ","AL10 9FZ","AL10 9FZ","200302","","E10000015","E58000628","E07000241","E05011064","E04004819","0","521664","0209650","1","E18000006","E40000007","E92000001","E12000006","5","E14001573","E15000006","E24000005","E30000272","E16000150","E07000241","26ULGP","E00121509","26ULGP","E65000001","E01023931","E02004989","5","6D1","E00173232","E01033308","E02004989","E33025057","E38000049","E63011549","C1","3C1",51.772310,-0.238099,"E37000048","","E23000027",18368,"E56000035","E54000025","E00173232","E01033308","E02004989"
"AL109GA","AL10 9GA","AL10 9GA","200306","","E10000015","E58000628","E07000241","E05011064","E04004819","0","521105","0209222","1","E18000006","E40000007","E92000001","E12000006","5","E14001573","E15000006","E24000005","E30000272","E16000150","E07000241","26ULGP","E00121509","26ULGP","E65000001","E01023931","E02004989","5","6D1","E00173257","E01033314","E02004989","E33025062","E38000049","E63011549","C1","4A2",51.768585,-0.246346,"E37000048","","E23000027",19631,"E56000035","E54000025","E00173257","E01033314","E02004989"
"AL109GB","AL10 9GB","AL10 9GB","200311","","E10000015","E58000628","E07000241","E05011064","E04004819","0","521071","0209269","1","E18000006","E40000007","E92000001","E12000006","5","E14001573","E15000006","E24000005","E30000272","E16000150","E07000241","26ULGP","E00121509","26ULGP","E65000001","E01023931","E02004989","5","6D1","E00173257","E01033314","E02004989","E33025061","E38000049","E63011549","C1","4A2",51.769015,-0.246822,"E37000048","","E23000027",19631,"E56000035","E54000025","E00173257","E01033314","E02004989"
"AL109GD","AL10 9GD","AL10 9GD","200305","","E10000015","E58000628","E07000241","E05011064","E04004819","0","521020","0209195","1","E18000006","E40000007","E92000001","E12000006","5","E14001573","E15000006","E24000005","E30000272","E16000150","E07000241","26ULGP","E00121509","26ULGP","E65000001","E01023931","E02004989","5","6D1","E00173257","E01033314","E02004989","E33025062","E38000049","E63011549","C1","4A2",51.768361,-0.247586,"E37000048","","E23000027",19631,"E56000035","E54000025","E00173257","E01033314","E02004989"
"AL109GE","AL10 9GE","AL10 9GE","200306","","E10000015","E58000628","E07000241","E05011064","E04004819","0","521050","0209255","1","E18000006","E40000007","E92000001","E12000006","5","E14001573","E15000006","E24000005","E30000272","E16000150","E07000241","26ULGP","E00121509","26ULGP","E65000001","E01023931","E02004989","5","6D1","E00173257","E01033314","E02004989","E33025061","E38000049","E63011549","C1","4A2",51.768893,-0.247131,"E37000048","","E23000027",19631,"E56000035","E54000025","E00173257","E01033314","E02004989"
"AL109GF","AL10 9GF","AL10 9GF","200305","","E10000015","E58000628","E07000241","E05011064","E04004819","0","520978","0208974","1","E18000006","E40000007","E92000001","E12000006","5","E14001573","E15000006","E24000005","E30000272","E16000150","E07000241","26ULGP","E00121509","26ULGP","E65000001","E01023931","E02004989","5","6D1","E00173251","E01033314","E02004989","E33027653","E38000049","E63011549","C1","4A2",51.766384,-0.248272,"E37000048","","E23000027",19631,"E56000035","E54000025","E00173251","E01033314","E02004989"
"AL109GG","AL10 9GG","AL10 9GG","200302","","E10000015","E58000628","E07000241","E05011064","E04004819","0","521060","0209119","1","E18000006","E40000007","E92000001","E12000006","5","E14001573","E15000006","E24000005","E30000272","E16000150","E07000241","26ULGP","E00121509","26ULGP","E65000001","E01023931","E02004989","5","6D1","E00173251","E01033314","E02004989","E33027653","E38000049","E63011549","C1","4A2",51.767669,-0.247033,"E37000048","","E23000027",19631,"E56000035","E54000025","E00173251","E01033314","E02004989"
"AL109GH","AL10 9GH","AL10 9GH","200403","","E10000015","E58000628","E07000241","E05011064","E04004819","0","520989","0209193","1","E18000006","E40000007","E92000001","E12000006","5","E14001573","E15000006","E24000005","E30000272","E16000150","E07000241","26ULGP","E00121509","26ULGP","E65000001","E01023931","E02004989","5","6D1","E00173260","E01033314","E02004989","E33027653","E38000049","E63011549","C1","4A2",51.768349,-0.248036,"E37000048","","E23000027",19631,"E56000035","E54000025","E00173260","E01033314","E02004989"
"AL109GJ","AL10 9GJ","AL10 9GJ","200305","","E10000015","E58000628","E07000241","E05011064","E04004819","0","521044","0209144","1","E18000006","E40000007","E92000001","E12000006","5","E14001573","E15000006","E24000005","E30000272","E16000150","E07000241","26ULGP","E00121509","26ULGP","E65000001","E01023931","E02004989","5","6D1","E00173251","E01033314","E02004989","E33027653","E38000049","E63011549","C1","4A2",51.767897,-0.247256,"E37000048","","E23000027",19631,"E56000035","E54000025","E00173251","E01033314","E02004989"
"AL109GL","AL10 9GL","AL10 9GL","200303","","E10000015","E58000628","E07000241","E05011064","E04004819","0","520901","0209121","1","E18000006","E40000007","E92000001","E12000006","5","E14001573","E15000006","E24000005","E30000272","E16000150","E07000241","26ULGP","E00121509","26ULGP","E65000001","E01023931","E02004989","5","6D1","E00173246","E01033314","E02004989","E33027653","E38000049","E63011549","C1","4C3",51.767721,-0.249336,"E37000048","","E23000027",19631,"E56000035","E54000025","E00173246","E01033314","E02004989"
"AL109GN","AL10 9GN","AL10 9GN","200502","","E10000015","E58000628","E07000241","E05011064","E04004819","0","521608","0210036","1","E18000006","E40000007","E92000001","E12000006","5","E14001573","E15000006","E24000005","E30000272","E16000150","E07000241","26ULGP","E00121521","26ULGP","E65000001","E01023928","E02004981","8","3C2","E00173268","E01033310","E02004981","E33027629","E38000049","E63011549","C1","4A2",51.775791,-0.238775,"E37000048","","E23000027",26758,"E56000035","E54000025","E00173268","E01033310","E02004981"
"AL109GP","AL10 9GP","AL10 9GP","200405","","E10000015","E58000628","E07000241","E05011064","E04004819","0","520888","0209228","1","E18000006","E40000007","E92000001","E12000006","5","E14001573","E15000006","E24000005","E30000272","E16000150","E07000241","26ULGP","E00121509","26ULGP","E65000001","E01023931","E02004989","5","6D1","E00173260","E01033314","E02004989","E33027653","E38000049","E63011549","C1","4A2",51.768686,-0.249487,"E37000048","","E23000027",19631,"E56000035","E54000025","E00173260","E01033314","E02004989"
"AL109GQ","AL10 9GQ","AL10 9GQ","200305","","E10000015","E58000628","E07000241","E05011064","E04004819","0","520874","0209206","1","E18000006","E40000007","E92000001","E12000006","5","E14001573","E15000006","E24000005","E30000272","E16000150","E07000241","26ULGP","E00121509","26ULGP","E65000001","E01023931","E02004989","5","6D1","E00173260","E01033314","E02004989","E33027653","E38000049","E63011549","C1","4A2",51.768491,-0.249697,"E37000048","","E23000027",19631,"E56000035","E54000025","E00173260","E01033314","E02004989"
"AL109GR","AL10 9GR","AL10 9GR","200401","","E10000015","E58000628","E07000241","E05011064","E04004819","0","521630","0209980","1","E18000006","E40000007","E92000001","E12000006","5","E14001573","E15000006","E24000005","E30000272","E16000150","E07000241","26ULGP","E00121521","26ULGP","E65000001","E01023928","E02004981","8","3C2","E00173248","E01033313","E02004981","E33027629","E38000049","E63011549","C1","4A3",51.775289,-0.238451,"E37000048","","E23000027",28266,"E56000035","E54000025","E00173248","E01033313","E02004981"
"AL109GS","AL10 9GS","AL10 9GS","200404","","E10000015","E58000628","E07000241","E05011064","E04004819","0","521697","0210008","1","E18000006","E40000007","E92000001","E12000006","5","E14001573","E15000006","E24000005","E30000272","E16000150","E07000241","26ULGP","E00121521","26ULGP","E65000001","E01023928","E02004981","8","3C2","E00173268","E01033310","E02004981","E33027629","E38000049","E63011549","C1","4A2",51.775520,-0.237496,"E37000048","","E23000027",26758,"E56000035","E54000025","E00173268","E01033310","E02004981"
"AL109GT","AL10 9GT","AL10 9GT","200506","","E10000015","E58000628","E07000241","E05011064","E04004819","0","521463","0208831","1","E18000006","E40000007","E92000001","E12000006","5","E14001573","E15000006","E24000005","E30000272","E16000150","E07000241","26ULGP","E00121509","26ULGP","E65000001","E01023931","E02004989","5","6D1","E00173232","E01033308","E02004989","E33025057","E38000049","E63011549","C1","3C1",51.764973,-0.241109,"E37000048","","E23000027",18368,"E56000035","E54000025","E00173232","E01033308","E02004989"
"AL109GU","AL10 9GU","AL10 9GU","200506","","E10000015","E58000628","E07000241","E05011064","E04004819","0","521488","0208819","1","E18000006","E40000007","E92000001","E12000006","5","E14001573","E15000006","E24000005","E30000272","E16000150","E07000241","26ULGP","E00121509","26ULGP","E65000001","E01023931","E02004989","5","6D1","E00173232","E01033308","E02004989","E33025057","E38000049","E63011549","C1","3C1",51.764973,-0.241109,"E37000048","","E23000027",18368,"E56000035","E54000025","E00173232","E01033308","E02004989"
"AL109GW","AL10 9GW","AL10 9GW","200506","","E10000015","E58000628","E07000241","E05011064","E04004819","0","521425","0208789","1","E18000006","E40000007","E92000001","E12000006","5","E14001573","E15000006","E24000005","E30000272","E16000150","E07000241","26ULGP","E00121509","26ULGP","E65000001","E01023931","E02004989","5","6D1","E00173243","E01033308","E02004989","E33025059","E38000049","E63011549","C1","2A1",51.764598,-0.241877,"E37000048","","E23000027",18368,"E56000035","E54000025","E00173243","E01033308","E02004989"
"AL109GX","AL10 9GX","AL10 9GX","200506","","E10000015","E58000628","E07000241","E05011064","E04004819","0","521463","0208781","1","E18000006","E40000007","E92000001","E12000006","5","E14001573","E15000006","E24000005","E30000272","E16000150","E07000241","26ULGP","E00121509","26ULGP","E65000001","E01023931","E02004989","5","6D1","E00173243","E01033308","E02004989","E33025059","E38000049","E63011549","C1","2A1",51.764544,-0.241314,"E37000048","","E23000027",18368,"E56000035","E54000025","E00173243","E01033308","E02004989"
"AL109GY","AL10 9GY","AL10 9GY","200506","","E10000015","E58000628","E07000241","E05011064","E04004819","0","521434","0208728","1","E18000006","E40000007","E92000001","E12000006","5","E14001573","E15000006","E24000005","E30000272","E16000150","E07000241","26ULGP","E00121509","26ULGP","E65000001","E01023931","E02004989","5","6D1","E00173265","E01033308","E02004989","E33027653","E38000049","E63011549","C1","3C1",51.764074,-0.241753,"E37000048","","E23000027",18368,"E56000035","E54000025","E00190269","E01033308","E02004989"
"AL109GZ","AL10 9GZ","AL10 9GZ","200707","","E10000015","E58000628","E07000241","E05011064","E04004819","0","520823","0209126","1","E18000006","E40000007","E92000001","E12000006","5","E14001573","E15000006","E24000005","E30000272","E16000150","E07000241","26ULGP","E00121509","26ULGP","E65000001","E01023931","E02004989","5","6D1","E00173246","E01033314","E02004989","E33027653","E38000049","E63011549","C1","4C3",51.767783,-0.250464,"E37000048","","E23000027",19631,"E56000035","E54000025","E00173246","E01033314","E02004989"
"AL109HA","AL10 9HA","AL10 9HA","198001","","E10000015","E58000627","E07000241","E05011063","E04004819","0","521701","0208078","1","E18000006","E40000007","E92000001","E12000006","5","E14001573","E15000006","E24000005","E30000272","E16000150","E07000241","26ULGM","E00121471","26ULGM","E65000001","E01023923","E02004991","5","1B1","E00121471","E01023923","E02004991","E33027666","E38000049","E63011549","C1","4A2",51.758175,-0.238113,"E37000048","","E23000027",20450,"E56000035","E54000025","E00121471","E01023923","E02004991"
"AL109HB","AL10 9HB","AL10 9HB","198001","","E10000015","E58000630","E07000241","E05011063","E04004819","0","521746","0207929","1","E18000006","E40000007","E92000001","E12000006","5","E14001573","E15000006","E24000005","E30000272","E16000150","E07000241","26ULGR","E00121550","26ULGR","E65000001","E01023935","E02004992","5","6B2","E00121550","E01023935","E02004992","E33027668","E38000049","E63011549","C1","4C1",51.756826,-0.237514,"E37000048","","E23000027",20828,"E56000035","E54000025","E00121550","E01023935","E02004992"
"AL109HD","AL10 9HD","AL10 9HD","198001","","E10000015","E58000630","E07000241","E05011063","E04004819","0","521719","0207942","1","E18000006","E40000007","E92000001","E12000006","5","E14001573","E15000006","E24000005","E30000272","E16000150","E07000241","26ULGR","E00121550","26ULGR","E65000001","E01023935","E02004992","5","6B2","E00121550","E01023935","E02004992","E33027668","E38000049","E63011549","C1","4C1",51.756954,-0.237876,"E37000048","","E23000027",20828,"E56000035","E54000025","E00121550","E01023935","E02004992"
"AL109HE","AL10 9HE","AL10 9HE","198001","","E10000015","E58000627","E07000241","E05011063","E04004819","0","521764","0207977","1","E18000006","E40000007","E92000001","E12000006","5","E14001573","E15000006","E24000005","E30000272","E16000150","E07000241","26ULGM","E00121471","26ULGM","E65000001","E01023923","E02004991","5","1B1","E00121471","E01023923","E02004991","E33027666","E38000049","E63011549","C1","4A2",51.757254,-0.237236,"E37000048","","E23000027",20450,"E56000035","E54000025","E00121471","E01023923","E02004991"
"AL109HF","AL10 9HF","AL10 9HF","199606","","E10000015","E58000627","E07000241","E05011063","E04004819","0","521794","0207935","1","E18000006","E40000007","E92000001","E12000006","5","E14001573","E15000006","E24000005","E30000272","E16000150","E07000241","26ULGM","E00121471","26ULGM","E65000001","E01023923","E02004991","5","1B1","E00121471","E01023923","E02004991","E33027666","E38000049","E63011549","C1","4A2",51.756870,-0.236816,"E37000048","","E23000027",20450,"E56000035","E54000025","E00121471","E01023923","E02004991"
"AL109HG","AL10 9HG","AL10 9HG","198001","","E10000015","E58000630","E07000241","E05011063","E04004819","0","521783","0207834","1","E18000006","E40000007","E92000001","E12000006","5","E14001573","E15000006","E24000005","E30000272","E16000150","E07000241","26ULGR","E00121550","26ULGR","E65000001","E01023935","E02004992","5","6B2","E00121550","E01023935","E02004992","E33027668","E38000049","E63011549","C1","4C1",51.755970,-0.236988,"E37000048","","E23000027",20828,"E56000035","E54000025","E00121550","E01023935","E02004992"
"AL109HH","AL10 9HH","AL10 9HH","198001","","E10000015","E58000630","E07000241","E05011063","E04004819","0","521924","0207728","1","E18000006","E40000007","E92000001","E12000006","5","E14001573","E15000006","E24000005","E30000272","E16000150","E07000241","26ULGR","E00121554","26ULGR","E65000001","E01023935","E02004992","5","1C3","E00121554","E01023935","E02004992","E33027668","E38000049","E63011549","C1","4A2",51.754987,-0.234983,"E37000048","","E23000027",20828,"E56000035","E54000025","E00121554","E01023935","E02004992"
"AL109HJ","AL10 9HJ","AL10 9HJ","198001","","E10000015","E58000627","E07000241","E05011063","E04004819","0","521944","0207775","1","E18000006","E40000007","E92000001","E12000006","5","E14001573","E15000006","E24000005","E30000272","E16000150","E07000241","26ULGM","E00121469","26ULGM","E65000001","E01023923","E02004991","5","6B2","E00121469","E01023923","E02004991","E33027666","E38000049","E63011549","C1","8D2",51.755405,-0.234677,"E37000048","","E23000027",20450,"E56000035","E54000025","E00121469","E01023923","E02004991"
"AL109HL","AL10 9HL","AL10 9HL","198001","","E10000015","E58000628","E07000241","E05011061","E04004819","1","522503","0208775","1","E18000006","E40000007","E92000001","E12000006","5","E14001573","E15000006","E24000005","E30000272","E16000150","E07000241","26ULGM","E00121461","26ULGM","E65000001","E01023920","E02004991","5","2A2","E00121461","E01023920","E02004991","E33024486","E38000049","E63011549","C1","3A2",51.764264,-0.226254,"E37000048","","E23000027",6540,"E56000035","E54000025","E00121461","E01023920","E02004991"
"AL109HN","AL10 9HN","AL10 9HN","198001","","E10000015","E58000627","E07000241","E05011063","E04004819","0","522039","0207560","1","E18000006","E40000007","E92000001","E12000006","5","E14001573","E15000006","E24000005","E30000272","E16000150","E07000241","26ULGM","E00121473","26ULGM","E65000001","E01023923","E02004991","5","6D1","E00121473","E01023923","E02004991","E33027665","E38000049","E63011549","C1","4C3",51.753452,-0.233377,"E37000048","","E23000027",20450,"E56000035","E54000025","E00121473","E01023923","E02004991"
"AL109HP","AL10 9HP","AL10 9HP","198001","","E10000015","E58000630","E07000241","E05011063","E04004819","0","521734","0207877","1","E18000006","E40000007","E92000001","E12000006","5","E14001573","E15000006","E24000005","E30000272","E16000150","E07000241","26ULGR","E00121550","26ULGR","E65000001","E01023935","E02004992","5","6B2","E00121550","E01023935","E02004992","E33027668","E38000049","E63011549","C1","4C1",51.756367,-0.237682,"E37000048","","E23000027",20828,"E56000035","E54000025","E00121550","E01023935","E02004992"
"AL109HQ","AL10 9HQ","AL10 9HQ","198001","","E10000015","E58000627","E07000241","E05011063","E04004819","0","521853","0207835","1","E18000006","E40000007","E92000001","E12000006","5","E14001573","E15000006","E24000005","E30000272","E16000150","E07000241","26ULGM","E00121471","26ULGM","E65000001","E01023923","E02004991","5","1B1","E00121471","E01023923","E02004991","E33027666","E38000049","E63011549","C1","4A2",51.755964,-0.235974,"E37000048","","E23000027",20450,"E56000035","E54000025","E00121471","E01023923","E02004991"
"AL109HR","AL10 9HR","AL10 9HR","198001","","E10000015","E58000630","E07000241","E05011063","E04004819","0","521650","0207940","1","E18000006","E40000007","E92000001","E12000006","5","E14001573","E15000006","E24000005","E30000272","E16000150","E07000241","26ULGR","E00121550","26ULGR","E65000001","E01023935","E02004992","5","6B2","E00121550","E01023935","E02004992","E33027668","E38000049","E63011549","C1","4C1",51.756951,-0.238876,"E37000048","","E23000027",20828,"E56000035","E54000025","E00121550","E01023935","E02004992"
"AL109HS","AL10 9HS","AL10 9HS","198001","","E10000015","E58000630","E07000241","E05011063","E04004819","0","521580","0207937","1","E18000006","E40000007","E92000001","E12000006","5","E14001573","E15000006","E24000005","E30000272","E16000150","E07000241","26ULGR","E00121550","26ULGR","E65000001","E01023935","E02004992","5","6B2","E00121550","E01023935","E02004992","E33027668","E38000049","E63011549","C1","4C1",51.756934,-0.239915,"E37000048","","E23000027",20828,"E56000035","E54000025","E00121550","E01023935","E02004992"
"AL109HT","AL10 9HT","AL10 9HT","198001","","E10000015","E58000630","E07000241","E05011063","E04004819","0","521656","0207843","1","E18000006","E40000007","E92000001","E12000006","5","E14001573","E15000006","E24000005","E30000272","E16000150","E07000241","26ULGR","E00121550","26ULGR","E65000001","E01023935","E02004992","5","6B2","E00121550","E01023935","E02004992","E33027668","E38000049","E63011549","C1","4C1",51.756078,-0.238823,"E37000048","","E23000027",20828,"E56000035","E54000025","E00121550","E01023935","E02004992"
"AL109HU","AL10 9HU","AL10 9HU","198001","","E10000015","E58000630","E07000241","E05011063","E04004819","0","521771","0207748","1","E18000006","E40000007","E92000001","E12000006","5","E14001573","E15000006","E24000005","E30000272","E16000150","E07000241","26ULGR","E00121554","26ULGR","E65000001","E01023935","E02004992","5","1C3","E00121554","E01023935","E02004992","E33027668","E38000049","E63011549","C1","4A2",51.755200,-0.237192,"E37000048","","E23000027",20828,"E56000035","E54000025","E00121554","E01023935","E02004992"
"AL109HW","AL10 9HW","AL10 9HW","198001","","E10000015","E58000630","E07000241","E05011063","E04004819","0","521741","0207820","1","E18000006","E40000007","E92000001","E12000006","5","E14001573","E15000006","E24000005","E30000272","E16000150","E07000241","26ULGR","E00121550","26ULGR","E65000001","E01023935","E02004992","5","6B2","E00121550","E01023935","E02004992","E33027668","E38000049","E63011549","C1","4C1",51.755853,-0.237601,"E37000048","","E23000027",20828,"E56000035","E54000025","E00121550","E01023935","E02004992"
"AL109HX","AL10 9HX","AL10 9HX","198001","","E10000015","E58000630","E07000241","E05011063","E04004819","0","521603","0207757","1","E18000006","E40000007","E92000001","E12000006","5","E14001573","E15000006","E24000005","E30000272","E16000150","E07000241","26ULGR","E00121550","26ULGR","E65000001","E01023935","E02004992","5","6B2","E00121550","E01023935","E02004992","E33027668","E38000049","E63011549","C1","4C1",51.755317,-0.239621,"E37000048","","E23000027",20828,"E56000035","E54000025","E00121550","E01023935","E02004992"
"AL109HY","AL10 9HY","AL10 9HY","198001","","E10000015","E58000630","E07000241","E05011063","E04004819","0","521660","0207784","1","E18000006","E40000007","E92000001","E12000006","5","E14001573","E15000006","E24000005","E30000272","E16000150","E07000241","26ULGR","E00121554","26ULGR","E65000001","E01023935","E02004992","5","1C3","E00121554","E01023935","E02004992","E33027668","E38000049","E63011549","C1","4A2",51.755547,-0.238786,"E37000048","","E23000027",20828,"E56000035","E54000025","E00121554","E01023935","E02004992"
"AL109HZ","AL10 9HZ","AL10 9HZ","198001","","E10000015","E58000630","E07000241","E05011063","E04004819","0","521660","0207709","1","E18000006","E40000007","E92000001","E12000006","5","E14001573","E15000006","E24000005","E30000272","E16000150","E07000241","26ULGR","E00121554","26ULGR","E65000001","E01023935","E02004992","5","1C3","E00121554","E01023935","E02004992","E33027668","E38000049","E63011549","C1","4A2",51.754873,-0.238812,"E37000048","","E23000027",20828,"E56000035","E54000025","E00121554","E01023935","E02004992"
"AL109JA","AL10 9JA","AL10 9JA","198001","","E10000015","E58000630","E07000241","E05011063","E04004819","0","521722","0207665","1","E18000006","E40000007","E92000001","E12000006","5","E14001573","E15000006","E24000005","E30000272","E16000150","E07000241","26ULGR","E00121540","26ULGR","E65000001","E01023935","E02004992","5","7A3","E00121540","E01023935","E02004992","E33027668","E38000049","E63011549","C1","4A2",51.754464,-0.237930,"E37000048","","E23000027",20828,"E56000035","E54000025","E00190237","E01023935","E02004992"
"AL109JB","AL10 9JB","AL10 9JB","198001","","E10000015","E58000630","E07000241","E05011063","E04004819","0","521909","0207627","1","E18000006","E40000007","E92000001","E12000006","5","E14001573","E15000006","E24000005","E30000272","E16000150","E07000241","26ULGR","E00121554","26ULGR","E65000001","E01023935","E02004992","5","1C3","E00121554","E01023935","E02004992","E33027668","E38000049","E63011549","C1","4A2",51.754082,-0.235236,"E37000048","","E23000027",20828,"E56000035","E54000025","E00121554","E01023935","E02004992"
"AL109JD","AL10 9JD","AL10 9JD","198001","","E10000015","E58000630","E07000241","E05011063","E04004819","0","521819","0207585","1","E18000006","E40000007","E92000001","E12000006","5","E14001573","E15000006","E24000005","E30000272","E16000150","E07000241","26ULGR","E00121540","26ULGR","E65000001","E01023935","E02004992","5","7A3","E00121540","E01023935","E02004992","E33027668","E38000049","E63011549","C1","4A2",51.753724,-0.236554,"E37000048","","E23000027",20828,"E56000035","E54000025","E00190230","E01023935","E02004992"
"AL109JE","AL10 9JE","AL10 9JE","198001","","E10000015","E58000630","E07000241","E05011063","E04004819","0","521846","0207675","1","E18000006","E40000007","E92000001","E12000006","5","E14001573","E15000006","E24000005","E30000272","E16000150","E07000241","26ULGR","E00121540","26ULGR","E65000001","E01023935","E02004992","5","7A3","E00121540","E01023935","E02004992","E33027668","E38000049","E63011549","C1","4A2",51.754527,-0.236131,"E37000048","","E23000027",20828,"E56000035","E54000025","E00190230","E01023935","E02004992"
"AL109JF","AL10 9JF","AL10 9JF","199101","201211","E10000015","E58000630","E07000241","E05011063","E04004819","0","521943","0207121","1","E18000006","E40000007","E92000001","E12000006","5","E14001573","E15000006","E24000005","E30000272","E16000150","E07000241","26ULGR","E00121543","26ULGR","E65000001","E01023937","E02004992","5","7A3","E00121543","E01023937","E02004992","E33027668","E38000049","E63011549","C1","4A2",51.749522,-0.234944,"E37000048","","E23000027",11751,"E56000035","E54000025","E00190240","E01023937","E02004992"
"AL109JG","AL10 9JG","AL10 9JG","199002","","E10000015","E58000627","E07000241","E05011063","E04004819","0","522004","0207635","1","E18000006","E40000007","E92000001","E12000006","5","E14001573","E15000006","E24000005","E30000272","E16000150","E07000241","26ULGM","E00121473","26ULGM","E65000001","E01023923","E02004991","5","6D1","E00121473","E01023923","E02004991","E33027665","E38000049","E63011549","C1","4C3",51.754128,-0.233881,"E37000048","","E23000027",20450,"E56000035","E54000025","E00121473","E01023923","E02004991"
"AL109JH","AL10 9JH","AL10 9JH","200411","","E10000015","E58000628","E07000241","E05011064","E04004819","0","520886","0208872","1","E18000006","E40000007","E92000001","E12000006","5","E14001573","E15000006","E24000005","E30000272","E16000150","E07000241","26ULGP","E00121509","26ULGP","E65000001","E01023931","E02004989","5","6D1","E00173262","E01033314","E02004989","E33027653","E38000049","E63011549","C1","4A2",51.765487,-0.249640,"E37000048","","E23000027",19631,"E56000035","E54000025","E00173262","E01033314","E02004989"
"AL109JJ","AL10 9JJ","AL10 9JJ","200501","","E10000015","E58000628","E07000241","E05011064","E04004819","0","520944","0208887","1","E18000006","E40000007","E92000001","E12000006","5","E14001573","E15000006","E24000005","E30000272","E16000150","E07000241","26ULGP","E00121509","26ULGP","E65000001","E01023931","E02004989","5","6D1","E00173262","E01033314","E02004989","E33027653","E38000049","E63011549","C1","4A2",51.765609,-0.248794,"E37000048","","E23000027",19631,"E56000035","E54000025","E00173262","E01033314","E02004989"
"AL109JL","AL10 9JL","AL10 9JL","199002","201410","E10000015","E58000630","E07000241","E05011063","E04004819","0","521917","0207361","1","E18000006","E40000007","E92000001","E12000006","5","E14001573","E15000006","E24000005","E30000272","E16000150","E07000241","26ULGR","E00121541","26ULGR","E65000001","E01023935","E02004992","5","7A3","E00121541","E01023935","E02004992","E33027668","E38000049","E63011549","C1","4C1",51.751684,-0.235236,"E37000048","","E23000027",20828,"E56000035","E54000025","E00121541","E01023935","E02004992"
"AL109JN","AL10 9JN","AL10 9JN","198001","","E10000015","E58000630","E07000241","E05011063","E04004819","0","522074","0207401","1","E18000006","E40000007","E92000001","E12000006","5","E14001573","E15000006","E24000005","E30000272","E16000150","E07000241","26ULGR","E00121541","26ULGR","E65000001","E01023935","E02004992","5","7A3","E00121541","E01023935","E02004992","E33027668","E38000049","E63011549","C1","4C1",51.752015,-0.232926,"E37000048","","E23000027",20828,"E56000035","E54000025","E00121541","E01023935","E02004992"
"AL109JP","AL10 9JP","AL10 9JP","200508","","E10000015","E58000630","E07000241","E05011063","E04004819","0","521896","0207686","1","E18000006","E40000007","E92000001","E12000006","5","E14001573","E15000006","E24000005","E30000272","E16000150","E07000241","26ULGR","E00121554","26ULGR","E65000001","E01023935","E02004992","5","1C3","E00121554","E01023935","E02004992","E33027668","E38000049","E63011549","C1","4A2",51.754610,-0.235427,"E37000048","","E23000027",20828,"E56000035","E54000025","E00121554","E01023935","E02004992"
"AL109JQ","AL10 9JQ","AL10 9JQ","199208","201410","E10000015","E58000630","E07000241","E05011063","E04004819","0","521910","0207481","1","E18000006","E40000007","E92000001","E12000006","5","E14001573","E15000006","E24000005","E30000272","E16000150","E07000241","26ULGR","E00121540","26ULGR","E65000001","E01023935","E02004992","5","7A3","E00121540","E01023935","E02004992","E33027668","E38000049","E63011549","C1","4A2",51.752764,-0.235296,"E37000048","","E23000027",20828,"E56000035","E54000025","E00190230","E01023935","E02004992"
"AL109JR","AL10 9JR","AL10 9JR","200407","","E10000015","E58000628","E07000241","E05011064","E04004819","0","520844","0208843","1","E18000006","E40000007","E92000001","E12000006","5","E14001573","E15000006","E24000005","E30000272","E16000150","E07000241","26ULGP","E00121509","26ULGP","E65000001","E01023931","E02004989","5","6D1","E00173242","E01033314","E02004989","E33027653","E38000049","E63011549","C1","4C3",51.765235,-0.250258,"E37000048","","E23000027",19631,"E56000035","E54000025","E00173242","E01033314","E02004989"
"AL109JS","AL10 9JS","AL10 9JS","198001","","E10000015","E58000628","E07000241","E05011064","E04004819","0","521975","0209574","1","E18000006","E40000007","E92000001","E12000006","5","E14001573","E15000006","E24000005","E30000272","E16000150","E07000241","26ULGP","E00121509","26ULGP","E65000001","E01023931","E02004989","5","6D1","E00173234","E01033311","E02004989","E33027654","E38000049","E63011549","C1","4C3",51.771566,-0.233596,"E37000048","","E23000027",18334,"E56000035","E54000025","E00173234","E01033311","E02004989"
"AL109JT","AL10 9JT","AL10 9JT","198001","","E10000015","E58000628","E07000241","E05011064","E04004819","0","521999","0209679","1","E18000006","E40000007","E92000001","E12000006","5","E14001573","E15000006","E24000005","E30000272","E16000150","E07000241","26ULGP","E00121509","26ULGP","E65000001","E01023931","E02004989","5","6D1","E00173234","E01033311","E02004989","E33027654","E38000049","E63011549","C1","4C3",51.772504,-0.233211,"E37000048","","E23000027",18334,"E56000035","E54000025","E00173234","E01033311","E02004989"
"AL109JU","AL10 9JU","AL10 9JU","198001","","E10000015","E58000628","E07000241","E05011064","E04004819","0","521986","0209844","1","E18000006","E40000007","E92000001","E12000006","5","E14001573","E15000006","E24000005","E30000272","E16000150","E07000241","26ULGP","E00121505","26ULGP","E65000001","E01023928","E02004981","5","6A2","E00121505","E01033310","E02004981","E33027629","E38000049","E63011549","C1","5A2",51.773990,-0.233342,"E37000048","","E23000027",26758,"E56000035","E54000025","E00121505","E01033310","E02004981"
"AL109JW","AL10 9JW","AL10 9JW","198001","201905","E10000015","E58000630","E07000241","E05011063","E04004819","0","522044","0207336","1","E18000006","E40000007","E92000001","E12000006","5","E14001573","E15000006","E24000005","E30000272","E16000150","E07000241","26ULGR","E00121543","26ULGR","E65000001","E01023937","E02004992","5","7A3","E00121543","E01023937","E02004992","E33027668","E38000049","E63011549","C1","4A2",51.751432,-0.233406,"E37000048","","E23000027",11751,"E56000035","E54000025","E00190240","E01023937","E02004992"
"AL109JX","AL10 9JX","AL10 9JX","198001","","E10000015","E58000628","E07000241","E05011064","E04004819","0","522005","0209954","1","E18000006","E40000007","E92000001","E12000006","5","E14001573","E15000006","E24000005","E30000272","E16000150","E07000241","26ULGP","E00121509","26ULGP","E65000001","E01023931","E02004989","5","6D1","E00173234","E01033311","E02004989","E33027654","E38000049","E63011549","C1","4C3",51.774974,-0.233028,"E37000048","","E23000027",18334,"E56000035","E54000025","E00173234","E01033311","E02004989"
"AL109JY","AL10 9JY","AL10 9JY","198001","","E10000015","E58000628","E07000241","E05011064","E04004819","0","521965","0209986","1","E18000006","E40000007","E92000001","E12000006","5","E14001573","E15000006","E24000005","E30000272","E16000150","E07000241","26ULGP","E00121505","26ULGP","E65000001","E01023928","E02004981","5","6A2","E00121505","E01033310","E02004981","E33027629","E38000049","E63011549","C1","5A2",51.775271,-0.233596,"E37000048","","E23000027",26758,"E56000035","E54000025","E00121505","E01033310","E02004981"
"AL109JZ","AL10 9JZ","AL10 9JZ","200507","","E10000015","E58000628","E07000241","E05011064","E04004819","0","520897","0209000","1","E18000006","E40000007","E92000001","E12000006","5","E14001573","E15000006","E24000005","E30000272","E16000150","E07000241","26ULGP","E00121509","26ULGP","E65000001","E01023931","E02004989","5","6D1","E00173251","E01033314","E02004989","E33027653","E38000049","E63011549","C1","4A2",51.766635,-0.249436,"E37000048","","E23000027",19631,"E56000035","E54000025","E00173251","E01033314","E02004989"
"AL109LA","AL10 9LA","AL10 9LA","198001","","E10000015","E58000628","E07000241","E05011064","E04004819","0","521872","0209956","1","E18000006","E40000007","E92000001","E12000006","5","E14001573","E15000006","E24000005","E30000272","E16000150","E07000241","26ULGP","E00121505","26ULGP","E65000001","E01023928","E02004981","5","6A2","E00121505","E01033310","E02004981","E33027629","E38000049","E63011549","C1","5A2",51.775015,-0.234979,"E37000048","","E23000027",26758,"E56000035","E54000025","E00121505","E01033310","E02004981"
"AL109LB","AL10 9LB","AL10 9LB","198001","","E10000015","E58000628","E07000241","E05011064","E04004819","0","521876","0209911","1","E18000006","E40000007","E92000001","E12000006","5","E14001573","E15000006","E24000005","E30000272","E16000150","E07000241","26ULGP","E00121505","26ULGP","E65000001","E01023928","E02004981","5","6A2","E00121505","E01033310","E02004981","E33027629","E38000049","E63011549","C1","5A2",51.774610,-0.234937,"E37000048","","E23000027",26758,"E56000035","E54000025","E00121505","E01033310","E02004981"
"AL109LD","AL10 9LD","AL10 9LD","198001","","E10000015","E58000628","E07000241","E05011064","E04004819","0","521887","0209773","1","E18000006","E40000007","E92000001","E12000006","5","E14001573","E15000006","E24000005","E30000272","E16000150","E07000241","26ULGP","E00121506","26ULGP","E65000001","E01023928","E02004981","5","6A1","E00173235","E01033310","E02004981","E33027629","E38000049","E63011549","C1","5A2",51.773373,-0.234801,"E37000048","","E23000027",26758,"E56000035","E54000025","E00173235","E01033310","E02004981"
"AL109LE","AL10 9LE","AL10 9LE","198001","","E10000015","E58000628","E07000241","E05011064","E04004819","0","521926","0209728","1","E18000006","E40000007","E92000001","E12000006","5","E14001573","E15000006","E24000005","E30000272","E16000150","E07000241","26ULGP","E00121505","26ULGP","E65000001","E01023928","E02004981","5","6A2","E00121505","E01033310","E02004981","E33027629","E38000049","E63011549","C1","5A2",51.772960,-0.234252,"E37000048","","E23000027",26758,"E56000035","E54000025","E00121505","E01033310","E02004981"
"AL109LF","AL10 9LF","AL10 9LF","198001","","E10000015","E58000628","E07000241","E05011064","E04004819","0","521826","0209790","1","E18000006","E40000007","E92000001","E12000006","5","E14001573","E15000006","E24000005","E30000272","E16000150","E07000241","26ULGP","E00121506","26ULGP","E65000001","E01023928","E02004981","5","6A1","E00173235","E01033310","E02004981","E33027629","E38000049","E63011549","C1","5A2",51.773533,-0.235703,"E37000048","","E23000027",26758,"E56000035","E54000025","E00173235","E01033310","E02004981"
"AL109LG","AL10 9LG","AL10 9LG","198001","","E10000015","E58000628","E07000241","E05011064","E04004819","0","521779","0209875","1","E18000006","E40000007","E92000001","E12000006","5","E14001573","E15000006","E24000005","E30000272","E16000150","E07000241","26ULGP","E00121506","26ULGP","E65000001","E01023928","E02004981","5","6A1","E00173245","E01033310","E02004981","E33027629","E38000049","E63011549","C1","4C3",51.774313,-0.236330,"E37000048","","E23000027",26758,"E56000035","E54000025","E00173245","E01033310","E02004981"
"AL109LH","AL10 9LH","AL10 9LH","198001","","E10000015","E58000628","E07000241","E05011064","E04004819","0","521795","0209707","1","E18000006","E40000007","E92000001","E12000006","5","E14001573","E15000006","E24000005","E30000272","E16000150","E07000241","26ULGP","E00121506","26ULGP","E65000001","E01023928","E02004981","5","6A1","E00173235","E01033310","E02004981","E33027629","E38000049","E63011549","C1","5A2",51.772800,-0.236157,"E37000048","","E23000027",26758,"E56000035","E54000025","E00173235","E01033310","E02004981"
"AL109LJ","AL10 9LJ","AL10 9LJ","198001","","E10000015","E58000628","E07000241","E05011064","E04004819","0","521739","0209617","1","E18000006","E40000007","E92000001","E12000006","5","E14001573","E15000006","E24000005","E30000272","E16000150","E07000241","26ULGP","E00121509","26ULGP","E65000001","E01023931","E02004989","5","6D1","E00173232","E01033308","E02004989","E33025057","E38000049","E63011549","C1","3C1",51.771997,-0.237024,"E37000048","","E23000027",18368,"E56000035","E54000025","E00173232","E01033308","E02004989"
"AL109LL","AL10 9LL","AL10 9LL","200801","","E10000015","E58000628","E07000241","E05011064","E04004819","0","521050","0208966","1","E18000006","E40000007","E92000001","E12000006","5","E14001573","E15000006","E24000005","E30000272","E16000150","E07000241","26ULGP","E00121509","26ULGP","E65000001","E01023931","E02004989","5","6D1","E00173251","E01033314","E02004989","E33027653","E38000049","E63011549","C1","4A2",51.766296,-0.247231,"E37000048","","E23000027",19631,"E56000035","E54000025","E00173251","E01033314","E02004989"
"AL109LN","AL10 9LN","AL10 9LN","198001","","E10000015","E58000628","E07000241","E05011064","E04004819","0","521861","0209566","1","E18000006","E40000007","E92000001","E12000006","5","E14001573","E15000006","E24000005","E30000272","E16000150","E07000241","26ULGP","E00121509","26ULGP","E65000001","E01023931","E02004989","5","6D1","E00173234","E01033311","E02004989","E33027654","E38000049","E63011549","C1","4C3",51.771519,-0.235250,"E37000048","","E23000027",18334,"E56000035","E54000025","E00173234","E01033311","E02004989"
"AL109LP","AL10 9LP","AL10 9LP","200305","","E10000015","E58000628","E07000241","E05011064","E04004819","0","520919","0208637","1","E18000006","E40000007","E92000001","E12000006","5","E14001573","E15000006","E24000005","E30000272","E16000150","E07000241","26ULGP","E00121509","26ULGP","E65000001","E01023931","E02004989","5","6D1","E00173263","E01033314","E02004989","E33027653","E38000049","E63011549","C1","4B1",51.763368,-0.249243,"E37000048","","E23000027",19631,"E56000035","E54000025","E00173263","E01033314","E02004989"
"AL109LQ","AL10 9LQ","AL10 9LQ","198001","","E10000015","E58000628","E07000241","E05011064","E04004819","0","521715","0209790","1","E18000006","E40000007","E92000001","E12000006","5","E14001573","E15000006","E24000005","E30000272","E16000150","E07000241","26ULGP","E00121506","26ULGP","E65000001","E01023928","E02004981","5","6A1","E00173235","E01033310","E02004981","E33027629","E38000049","E63011549","C1","5A2",51.773563,-0.237287,"E37000048","","E23000027",26758,"E56000035","E54000025","E00173235","E01033310","E02004981"
"AL109LR","AL10 9LR","AL10 9LR","200307","","E10000015","E58000628","E07000241","E05011064","E04004819","0","520847","0208738","1","E18000006","E40000007","E92000001","E12000006","5","E14001573","E15000006","E24000005","E30000272","E16000150","E07000241","26ULGP","E00121509","26ULGP","E65000001","E01023931","E02004989","5","6D1","E00173240","E01033314","E02004989","E33027653","E38000049","E63011549","C1","4A2",51.764291,-0.250251,"E37000048","","E23000027",19631,"E56000035","E54000025","E00173240","E01033314","E02004989"
"AL109LS","AL10 9LS","AL10 9LS","200305","","E10000015","E58000628","E07000241","E05011064","E04004819","0","520837","0208566","1","E18000006","E40000007","E92000001","E12000006","5","E14001573","E15000006","E24000005","E30000272","E16000150","E07000241","26ULGP","E00121509","26ULGP","E65000001","E01023931","E02004989","5","6D1","E00173240","E01033314","E02004989","E33027653","E38000049","E63011549","C1","4A2",51.762747,-0.250456,"E37000048","","E23000027",19631,"E56000035","E54000025","E00173240","E01033314","E02004989"
"AL109LT","AL10 9LT","AL10 9LT","200401","","E10000015","E58000628","E07000241","E05011064","E04004819","0","520918","0208782","1","E18000006","E40000007","E92000001","E12000006","5","E14001573","E15000006","E24000005","E30000272","E16000150","E07000241","26ULGP","E00121509","26ULGP","E65000001","E01023931","E02004989","5","6D1","E00173262","E01033314","E02004989","E33027653","E38000049","E63011549","C1","4A2",51.764677,-0.249183,"E37000048","","E23000027",19631,"E56000035","E54000025","E00173262","E01033314","E02004989"
"AL109LU","AL10 9LU","AL10 9LU","200305","","E10000015","E58000628","E07000241","E05011064","E04004819","0","520799","0208729","1","E18000006","E40000007","E92000001","E12000006","5","E14001573","E15000006","E24000005","E30000272","E16000150","E07000241","26ULGP","E00121509","26ULGP","E65000001","E01023931","E02004989","5","6D1","E00173240","E01033314","E02004989","E33027653","E38000049","E63011549","C1","4A2",51.764220,-0.250949,"E37000048","","E23000027",19631,"E56000035","E54000025","E00173240","E01033314","E02004989"
"AL109LW","AL10 9LW","AL10 9LW","198001","","E10000015","E58000628","E07000241","E05011064","E04004819","0","521930","0209635","1","E18000006","E40000007","E92000001","E12000006","5","E14001573","E15000006","E24000005","E30000272","E16000150","E07000241","26ULGP","E00121509","26ULGP","E65000001","E01023931","E02004989","5","6D1","E00173234","E01033311","E02004989","E33027654","E38000049","E63011549","C1","4C3",51.772124,-0.234226,"E37000048","","E23000027",18334,"E56000035","E54000025","E00173234","E01033311","E02004989"
"AL109LX","AL10 9LX","AL10 9LX","200403","","E10000015","E58000628","E07000241","E05011064","E04004819","0","520981","0208675","1","E18000006","E40000007","E92000001","E12000006","5","E14001573","E15000006","E24000005","E30000272","E16000150","E07000241","26ULGP","E00121509","26ULGP","E65000001","E01023931","E02004989","5","6D1","E00173263","E01033314","E02004989","E33027653","E38000049","E63011549","C1","4B1",51.763696,-0.248332,"E37000048","","E23000027",19631,"E56000035","E54000025","E00173263","E01033314","E02004989"
"AL109LY","AL10 9LY","AL10 9LY","200402","","E10000015","E58000628","E07000241","E05011064","E04004819","0","520982","0208752","1","E18000006","E40000007","E92000001","E12000006","5","E14001573","E15000006","E24000005","E30000272","E16000150","E07000241","26ULGP","E00121509","26ULGP","E65000001","E01023931","E02004989","5","6D1","E00173263","E01033314","E02004989","E33027653","E38000049","E63011549","C1","4B1",51.764394,-0.248267,"E37000048","","E23000027",19631,"E56000035","E54000025","E00173263","E01033314","E02004989"
"AL109LZ","AL10 9LZ","AL10 9LZ","200406","","E10000015","E58000628","E07000241","E05011064","E04004819","0","521930","0209554","1","E18000006","E40000007","E92000001","E12000006","5","E14001573","E15000006","E24000005","E30000272","E16000150","E07000241","26ULGP","E00121509","26ULGP","E65000001","E01023931","E02004989","5","6D1","E00173234","E01033311","E02004989","E33027654","E38000049","E63011549","C1","4C3",51.771390,-0.234279,"E37000048","","E23000027",18334,"E56000035","E54000025","E00173234","E01033311","E02004989"
"AL109NA","AL10 9NA","AL10 9NA","200208","","E10000015","E58000628","E07000241","E05011064","E04004819","1","521290","0208530","1","E18000006","E40000007","E92000001","E12000006","5","E14001573","E15000006","E24000005","E30000272","E16000150","E07000241","26ULGP","E00121509","26ULGP","E65000001","E01023931","E02004989","5","6D1","E00173229","E01033308","E02004989","E33025055","E38000049","E63011549","C1","2B2",51.762326,-0.243907,"E37000048","","E23000027",18368,"E56000035","E54000025","E00173229","E01033308","E02004989"
"AL109NB","AL10 9NB","AL10 9NB","200403","","E10000015","E58000628","E07000241","E05011064","E04004819","0","521109","0208931","1","E18000006","E40000007","E92000001","E12000006","5","E14001573","E15000006","E24000005","E30000272","E16000150","E07000241","26ULGP","E00121509","26ULGP","E65000001","E01023931","E02004989","5","6D1","E00173249","E01033308","E02004989","E33027653","E38000049","E63011549","C1","2A3",51.765969,-0.246389,"E37000048","","E23000027",18368,"E56000035","E54000025","E00173249","E01033308","E02004989"
"AL109ND","AL10 9ND","AL10 9ND","199501","200504","E10000015","E58000628","E07000241","E05011064","E04004819","0","521352","0208512","1","E18000006","E40000007","E92000001","E12000006","5","E14001573","E15000006","E24000005","E30000272","E16000150","E07000241","26ULGP","E00121509","26ULGP","E65000001","E01023931","E02004989","5","6D1","E00173229","E01033308","E02004989","E33025056","E38000049","E63011549","C1","2B2",51.762151,-0.243016,"E37000048","","E23000027",18368,"E56000035","E54000025","E00173229","E01033308","E02004989"
"AL109NE","AL10 9NE","AL10 9NE","199301","","E10000015","E58000628","E07000241","E05011064","E04004819","0","521357","0208450","1","E18000006","E40000007","E92000001","E12000006","5","E14001573","E15000006","E24000005","E30000272","E16000150","E07000241","26ULGR","E00121549","26ULGR","E65000001","E01023938","E02004989","5","4C3","E00121549","E01023938","E02004989","E33027656","E38000049","E63011549","C1","6B1",51.761598,-0.242941,"E37000048","","E23000027",25209,"E56000035","E54000025","E00190257","E01023938","E02004989"
"AL109NF","AL10 9NF","AL10 9NF","199812","200205","E10000015","E58000628","E07000241","E05011064","E04004819","1","521400","0208500","5","E18000006","E40000007","E92000001","E12000006","5","E14001573","E15000006","E24000005","E30000272","E16000150","E07000241","26ULGP","E00121509","26ULGP","E65000001","E01023931","E02004989","5","6D1","E00173229","E01033308","E02004989","E33025056","E38000049","E63011549","C1","2B2",51.762033,-0.242325,"E37000048","","E23000027",18368,"E56000035","E54000025","E00173229","E01033308","E02004989"
"AL109NG","AL10 9NG","AL10 9NG","198001","","E10000015","E58000628","E07000241","E05011064","E04004819","0","521468","0208556","1","E18000006","E40000007","E92000001","E12000006","5","E14001573","E15000006","E24000005","E30000272","E16000150","E07000241","26ULGP","E00121509","26ULGP","E65000001","E01023931","E02004989","5","6D1","E00173229","E01033308","E02004989","E33025056","E38000049","E63011549","C1","2B2",51.762521,-0.241320,"E37000048","","E23000027",18368,"E56000035","E54000025","E00173229","E01033308","E02004989"
"AL109NH","AL10 9NH","AL10 9NH","198001","","E10000015","E58000630","E07000241","E05011064","E04004819","0","521056","0208113","1","E18000006","E40000007","E92000001","E12000006","5","E14001573","E15000006","E24000005","E30000272","E16000150","E07000241","26ULGR","E00121549","26ULGR","E65000001","E01023938","E02004989","5","4C3","E00121549","E01023938","E02004989","E33027656","E38000049","E63011549","C1","6B1",51.758635,-0.247418,"E37000048","","E23000027",25209,"E56000035","E54000025","E00190265","E01023938","E02004989"
"AL109NJ","AL10 9NJ","AL10 9NJ","198001","","E10000015","E58000630","E07000241","E05011064","E04004819","0","521013","0208113","1","E18000006","E40000007","E92000001","E12000006","5","E14001573","E15000006","E24000005","E30000272","E16000150","E07000241","26ULGR","E00121549","26ULGR","E65000001","E01023938","E02004989","5","4C3","E00121549","E01023938","E02004989","E33027656","E38000049","E63011549","C1","6B1",51.758644,-0.248040,"E37000048","","E23000027",25209,"E56000035","E54000025","E00190265","E01023938","E02004989"
"AL109NL","AL10 9NL","AL10 9NL","198001","","E10000015","E58000630","E07000241","E05011064","E04004819","0","521156","0208158","1","E18000006","E40000007","E92000001","E12000006","5","E14001573","E15000006","E24000005","E30000272","E16000150","E07000241","26ULGR","E00121548","26ULGR","E65000001","E01023938","E02004989","5","4B4","E00121548","E01023938","E02004989","E33024492","E38000049","E63011549","C1","4C1",51.759018,-0.245954,"E37000048","","E23000027",25209,"E56000035","E54000025","E00190321","E01023938","E02004989"
"AL109NN","AL10 9NN","AL10 9NN","198001","","E10000015","E58000630","E07000241","E05011064","E04004819","0","521161","0208081","1","E18000006","E40000007","E92000001","E12000006","5","E14001573","E15000006","E24000005","E30000272","E16000150","E07000241","26ULGR","E00121549","26ULGR","E65000001","E01023938","E02004989","5","4C3","E00121549","E01023938","E02004989","E33027656","E38000049","E63011549","C1","6B1",51.758324,-0.245908,"E37000048","","E23000027",25209,"E56000035","E54000025","E00190265","E01023938","E02004989"
"AL109NP","AL10 9NP","AL10 9NP","198001","","E10000015","E58000630","E07000241","E05011064","E04004819","0","521038","0207957","1","E18000006","E40000007","E92000001","E12000006","5","E14001573","E15000006","E24000005","E30000272","E16000150","E07000241","26ULGR","E00121552","26ULGR","E65000001","E01023938","E02004989","5","6B2","E00121552","E01023938","E02004989","E33027656","E38000049","E63011549","C1","5B2",51.757237,-0.247733,"E37000048","","E23000027",25209,"E56000035","E54000025","E00121552","E01023938","E02004989"
"AL109NQ","AL10 9NQ","AL10 9NQ","199501","199606","E10000015","E58000630","E07000241","E05011064","E04004819","1","521200","0208300","8","E18000006","E40000007","E92000001","E12000006","5","E14001573","E15000006","E24000005","E30000272","E16000150","E07000241","26ULGR","E00121549","26ULGR","E65000001","E01023938","E02004989","5","4C3","E00121549","E01023938","E02004989","E33027656","E38000049","E63011549","C1","6B1",51.760279,-0.245291,"E37000048","","E23000027",25209,"E56000035","E54000025","E00190257","E01023938","E02004989"
"AL109NR","AL10 9NR","AL10 9NR","198001","","E10000015","E58000630","E07000241","E05011064","E04004819","0","521013","0207978","1","E18000006","E40000007","E92000001","E12000006","5","E14001573","E15000006","E24000005","E30000272","E16000150","E07000241","26ULGR","E00121552","26ULGR","E65000001","E01023938","E02004989","5","6B2","E00121552","E01023938","E02004989","E33027656","E38000049","E63011549","C1","5B2",51.757431,-0.248087,"E37000048","","E23000027",25209,"E56000035","E54000025","E00121552","E01023938","E02004989"
"AL109NS","AL10 9NS","AL10 9NS","198001","","E10000015","E58000630","E07000241","E05011064","E04004819","0","521034","0207843","1","E18000006","E40000007","E92000001","E12000006","5","E14001573","E15000006","E24000005","E30000272","E16000150","E07000241","26ULGR","E00121552","26ULGR","E65000001","E01023938","E02004989","5","6B2","E00121552","E01023938","E02004989","E33027656","E38000049","E63011549","C1","5B2",51.756213,-0.247830,"E37000048","","E23000027",25209,"E56000035","E54000025","E00121552","E01023938","E02004989"
"AL109NT","AL10 9NT","AL10 9NT","198001","","E10000015","E58000630","E07000241","E05011064","E04004819","0","521087","0207763","1","E18000006","E40000007","E92000001","E12000006","5","E14001573","E15000006","E24000005","E30000272","E16000150","E07000241","26ULGR","E00121553","26ULGR","E65000001","E01023938","E02004989","5","7A2","E00121553","E01023938","E02004989","E33027656","E38000049","E63011549","C1","4A2",51.755483,-0.247091,"E37000048","","E23000027",25209,"E56000035","E54000025","E00121553","E01023938","E02004989"
"AL109NU","AL10 9NU","AL10 9NU","201103","","E10000015","E58000628","E07000241","E05011064","E04004819","0","521160","0208738","1","E18000006","E40000007","E92000001","E12000006","5","E14001573","E15000006","E24000005","E30000272","E16000150","E07000241","26ULGP","E00121509","26ULGP","E65000001","E01023931","E02004989","5","6D1","E00173265","E01033308","E02004989","E33027653","E38000049","E63011549","C1","3C1",51.764229,-0.245693,"E37000048","","E23000027",18368,"E56000035","E54000025","E00190317","E01033308","E02004989"
"AL109NW","AL10 9NW","AL10 9NW","198001","","E10000015","E58000630","E07000241","E05011064","E04004819","0","521178","0208046","1","E18000006","E40000007","E92000001","E12000006","5","E14001573","E15000006","E24000005","E30000272","E16000150","E07000241","26ULGR","E00121548","26ULGR","E65000001","E01023938","E02004989","5","4B4","E00121548","E01023938","E02004989","E33024492","E38000049","E63011549","C1","4C1",51.758006,-0.245674,"E37000048","","E23000027",25209,"E56000035","E54000025","E00190321","E01023938","E02004989"
"AL109NX","AL10 9NX","AL10 9NX","200702","","E10000015","E58000628","E07000241","E05011064","E04004819","0","521006","0208816","1","E18000006","E40000007","E92000001","E12000006","5","E14001573","E15000006","E24000005","E30000272","E16000150","E07000241","26ULGP","E00121509","26ULGP","E65000001","E01023931","E02004989","5","6D1","E00173239","E01033308","E02004989","E33027653","E38000049","E63011549","C1","3A2",51.764958,-0.247921,"E37000048","","E23000027",18368,"E56000035","E54000025","E00173239","E01033308","E02004989"
"AL109NY","AL10 9NY","AL10 9NY","198001","","E10000015","E58000630","E07000241","E05011064","E04004819","0","521119","0207679","1","E18000006","E40000007","E92000001","E12000006","5","E14001573","E15000006","E24000005","E30000272","E16000150","E07000241","26ULGR","E00121553","26ULGR","E65000001","E01023938","E02004989","5","7A2","E00121553","E01023938","E02004989","E33027656","E38000049","E63011549","C1","4A2",51.754721,-0.246657,"E37000048","","E23000027",25209,"E56000035","E54000025","E00121553","E01023938","E02004989"
"AL109NZ","AL10 9NZ","AL10 9NZ","200403","","E10000015","E58000628","E07000241","E05011064","E04004819","0","521088","0208960","1","E18000006","E40000007","E92000001","E12000006","5","E14001573","E15000006","E24000005","E30000272","E16000150","E07000241","26ULGP","E00121509","26ULGP","E65000001","E01023931","E02004989","5","6D1","E00173249","E01033308","E02004989","E33027653","E38000049","E63011549","C1","2A3",51.766234,-0.246683,"E37000048","","E23000027",18368,"E56000035","E54000025","E00173249","E01033308","E02004989"
"AL109PA","AL10 9PA","AL10 9PA","198001","","E10000015","E58000630","E07000241","E05011063","E04004819","0","521408","0207696","1","E18000006","E40000007","E92000001","E12000006","5","E14001573","E15000006","E24000005","E30000272","E16000150","E07000241","26ULGR","E00121548","26ULGR","E65000001","E01023938","E02004989","5","4B4","E00121548","E01023938","E02004989","E33024492","E38000049","E63011549","C1","4C1",51.754805,-0.242489,"E37000048","","E23000027",25209,"E56000035","E54000025","E00190314","E01023938","E02004989"
"AL109PB","AL10 9PB","AL10 9PB","198001","","E10000015","E58000630","E07000241","E05011063","E04004819","0","521350","0207775","1","E18000006","E40000007","E92000001","E12000006","5","E14001573","E15000006","E24000005","E30000272","E16000150","E07000241","26ULGR","E00121548","26ULGR","E65000001","E01023938","E02004989","5","4B4","E00121548","E01023938","E02004989","E33024492","E38000049","E63011549","C1","4C1",51.755533,-0.243278,"E37000048","","E23000027",25209,"E56000035","E54000025","E00190314","E01023938","E02004989"
"AL109PD","AL10 9PD","AL10 9PD","198001","","E10000015","E58000630","E07000241","E05011063","E04004819","0","521507","0207877","1","E18000006","E40000007","E92000001","E12000006","5","E14001573","E15000006","E24000005","E30000272","E16000150","E07000241","26ULGR","E00121550","26ULGR","E65000001","E01023935","E02004992","5","6B2","E00121550","E01023935","E02004992","E33027668","E38000049","E63011549","C1","4C1",51.756416,-0.240969,"E37000048","","E23000027",20828,"E56000035","E54000025","E00121550","E01023935","E02004992"
"AL109PE","AL10 9PE","AL10 9PE","198001","","E10000015","E58000630","E07000241","E05011063","E04004819","0","521503","0207844","1","E18000006","E40000007","E92000001","E12000006","5","E14001573","E15000006","E24000005","E30000272","E16000150","E07000241","26ULGR","E00121548","26ULGR","E65000001","E01023938","E02004989","5","4B4","E00121548","E01023938","E02004989","E33024492","E38000049","E63011549","C1","4C1",51.756120,-0.241039,"E37000048","","E23000027",25209,"E56000035","E54000025","E00190314","E01023938","E02004989"
"AL109PF","AL10 9PF","AL10 9PF","198001","","E10000015","E58000630","E07000241","E05011063","E04004819","0","521440","0207761","1","E18000006","E40000007","E92000001","E12000006","5","E14001573","E15000006","E24000005","E30000272","E16000150","E07000241","26ULGR","E00121548","26ULGR","E65000001","E01023938","E02004989","5","4B4","E00121548","E01023938","E02004989","E33024492","E38000049","E63011549","C1","4C1",51.755388,-0.241980,"E37000048","","E23000027",25209,"E56000035","E54000025","E00190314","E01023938","E02004989"
"AL109PG","AL10 9PG","AL10 9PG","199101","199912","E10000015","E58000630","E07000241","E05011063","E04004819","1","521627","0207668","6","E18000006","E40000007","E92000001","E12000006","5","E14001573","E15000006","E24000005","E30000272","E16000150","E07000241","26ULGR","E00121554","26ULGR","E65000001","E01023935","E02004992","5","1C3","E00121554","E01023935","E02004992","E33027668","E38000049","E63011549","C1","4A2",51.754506,-0.239328,"E37000048","","E23000027",20828,"E56000035","E54000025","E00121554","E01023935","E02004992"
"AL109PH","AL10 9PH","AL10 9PH","198001","","E10000015","E58000630","E07000241","E05011063","E04004819","0","521519","0208054","1","E18000006","E40000007","E92000001","E12000006","5","E14001573","E15000006","E24000005","E30000272","E16000150","E07000241","26ULGR","E00121548","26ULGR","E65000001","E01023938","E02004989","5","4B4","E00121548","E01023938","E02004989","E33024492","E38000049","E63011549","C1","4C1",51.758004,-0.240733,"E37000048","","E23000027",25209,"E56000035","E54000025","E00190321","E01023938","E02004989"
"AL109PJ","AL10 9PJ","AL10 9PJ","198001","","E10000015","E58000630","E07000241","E05011063","E04004819","0","521470","0208165","1","E18000006","E40000007","E92000001","E12000006","5","E14001573","E15000006","E24000005","E30000272","E16000150","E07000241","26ULGR","E00121548","26ULGR","E65000001","E01023938","E02004989","5","4B4","E00121548","E01023938","E02004989","E33024492","E38000049","E63011549","C1","4C1",51.759013,-0.241404,"E37000048","","E23000027",25209,"E56000035","E54000025","E00190321","E01023938","E02004989"
"AL109PL","AL10 9PL","AL10 9PL","200501","","E10000015","E58000628","E07000241","E05011064","E04004819","0","520818","0208918","1","E18000006","E40000007","E92000001","E12000006","5","E14001573","E15000006","E24000005","E30000272","E16000150","E07000241","26ULGP","E00121509","26ULGP","E65000001","E01023931","E02004989","5","6D1","E00173242","E01033314","E02004989","E33027653","E38000049","E63011549","C1","4C3",51.765915,-0.250608,"E37000048","","E23000027",19631,"E56000035","E54000025","E00173242","E01033314","E02004989"
"AL109PN","AL10 9PN","AL10 9PN","198001","","E10000015","E58000630","E07000241","E05011063","E04004819","0","521433","0207482","1","E18000006","E40000007","E92000001","E12000006","5","E14001573","E15000006","E24000005","E30000272","E16000150","E07000241","26ULGR","E00121548","26ULGR","E65000001","E01023938","E02004989","5","4B4","E00121548","E01023938","E02004989","E33024492","E38000049","E63011549","C1","4C1",51.752882,-0.242179,"E37000048","","E23000027",25209,"E56000035","E54000025","E00190314","E01023938","E02004989"
"AL109PP","AL10 9PP","AL10 9PP","198704","200803","E10000015","E58000630","E07000241","E05011063","E04004819","1","521369","0207597","3","E18000006","E40000007","E92000001","E12000006","5","E14001573","E15000006","E24000005","E30000272","E16000150","E07000241","26ULGR","E00121548","26ULGR","E65000001","E01023938","E02004989","5","4B4","E00121548","E01023938","E02004989","E33024492","E38000049","E63011549","C1","4C1",51.753924,-0.243089,"E37000048","","E23000027",25209,"E56000035","E54000025","E00190314","E01023938","E02004989"
"AL109PQ","AL10 9PQ","AL10 9PQ","198001","","E10000015","E58000630","E07000241","E05011063","E04004819","0","521459","0207967","1","E18000006","E40000007","E92000001","E12000006","5","E14001573","E15000006","E24000005","E30000272","E16000150","E07000241","26ULGR","E00121548","26ULGR","E65000001","E01023938","E02004989","5","4B4","E00121548","E01023938","E02004989","E33024492","E38000049","E63011549","C1","4C1",51.757235,-0.241633,"E37000048","","E23000027",25209,"E56000035","E54000025","E00190321","E01023938","E02004989"
"AL109PR","AL10 9PR","AL10 9PR","200510","","E10000015","E58000628","E07000241","E05011064","E04004819","0","520894","0209042","1","E18000006","E40000007","E92000001","E12000006","5","E14001573","E15000006","E24000005","E30000272","E16000150","E07000241","26ULGP","E00121509","26ULGP","E65000001","E01023931","E02004989","5","6D1","E00173246","E01033314","E02004989","E33027653","E38000049","E63011549","C1","4C3",51.767013,-0.249465,"E37000048","","E23000027",19631,"E56000035","E54000025","E00173246","E01033314","E02004989"
"AL109PS","AL10 9PS","AL10 9PS","200501","","E10000015","E58000628","E07000241","E05011064","E04004819","0","520975","0209034","1","E18000006","E40000007","E92000001","E12000006","5","E14001573","E15000006","E24000005","E30000272","E16000150","E07000241","26ULGP","E00121509","26ULGP","E65000001","E01023931","E02004989","5","6D1","E00173251","E01033314","E02004989","E33027653","E38000049","E63011549","C1","4A2",51.766924,-0.248294,"E37000048","","E23000027",19631,"E56000035","E54000025","E00173251","E01033314","E02004989"
"AL109PT","AL10 9PT","AL10 9PT","199301","201811","E10000015","E58000628","E07000241","E05011061","E04004819","1","522503","0208775","1","E18000006","E40000007","E92000001","E12000006","5","E14001573","E15000006","E24000005","E30000272","E16000150","E07000241","26ULGM","E00121461","26ULGM","E65000001","E01023920","E02004991","5","2A2","E00121461","E01023920","E02004991","E33024486","E38000049","E63011549","C1","3A2",51.764264,-0.226254,"E37000048","","E23000027",6540,"E56000035","E54000025","E00121461","E01023920","E02004991"
"AL109PU","AL10 9PU","AL10 9PU","199706","199708","E10000015","E58000630","E07000241","E05011063","E04004819","1","521500","0208100","8","E18000006","E40000007","E92000001","E12000006","5","E14001573","E15000006","E24000005","E30000272","E16000150","E07000241","26ULGR","E00121548","26ULGR","E65000001","E01023938","E02004989","5","4B4","E00121548","E01023938","E02004989","E33024492","E38000049","E63011549","C1","4C1",51.758416,-0.241016,"E37000048","","E23000027",25209,"E56000035","E54000025","E00190321","E01023938","E02004989"
"AL109PW","AL10 9PW","AL10 9PW","198001","","E10000015","E58000630","E07000241","E05011063","E04004819","0","521571","0208085","1","E18000006","E40000007","E92000001","E12000006","5","E14001573","E15000006","E24000005","E30000272","E16000150","E07000241","26ULGR","E00121548","26ULGR","E65000001","E01023938","E02004989","5","4B4","E00121548","E01023938","E02004989","E33024492","E38000049","E63011549","C1","4C1",51.758272,-0.239970,"E37000048","","E23000027",25209,"E56000035","E54000025","E00190321","E01023938","E02004989"
"AL109PX","AL10 9PX","AL10 9PX","199405","200009","E10000015","E58000630","E07000241","E05011063","E04004819","1","521627","0207668","6","E18000006","E40000007","E92000001","E12000006","5","E14001573","E15000006","E24000005","E30000272","E16000150","E07000241","26ULGR","E00121554","26ULGR","E65000001","E01023935","E02004992","5","1C3","E00121554","E01023935","E02004992","E33027668","E38000049","E63011549","C1","4A2",51.754506,-0.239328,"E37000048","","E23000027",20828,"E56000035","E54000025","E00121554","E01023935","E02004992"
"AL109PY","AL10 9PY","AL10 9PY","199501","199507","E10000015","E58000630","E07000241","E05011063","E04004819","1","521500","0208100","8","E18000006","E40000007","E92000001","E12000006","5","E14001573","E15000006","E24000005","E30000272","E16000150","E07000241","26ULGR","E00121548","26ULGR","E65000001","E01023938","E02004989","5","4B4","E00121548","E01023938","E02004989","E33024492","E38000049","E63011549","C1","4C1",51.758416,-0.241016,"E37000048","","E23000027",25209,"E56000035","E54000025","E00190321","E01023938","E02004989"
"AL109PZ","AL10 9PZ","AL10 9PZ","199501","199912","E10000015","E58000630","E07000241","E05011063","E04004819","1","521622","0207671","6","E18000006","E40000007","E92000001","E12000006","5","E14001573","E15000006","E24000005","E30000272","E16000150","E07000241","26ULGR","E00121554","26ULGR","E65000001","E01023935","E02004992","5","1C3","E00121554","E01023935","E02004992","E33027668","E38000049","E63011549","C1","4A2",51.754534,-0.239399,"E37000048","","E23000027",20828,"E56000035","E54000025","E00121554","E01023935","E02004992"
"AL109QA","AL10 9QA","AL10 9QA","199501","199712","E10000015","E58000630","E07000241","E05011063","E04004819","1","521627","0207668","6","E18000006","E40000007","E92000001","E12000006","5","E14001573","E15000006","E24000005","E30000272","E16000150","E07000241","26ULGR","E00121554","26ULGR","E65000001","E01023935","E02004992","5","1C3","E00121554","E01023935","E02004992","E33027668","E38000049","E63011549","C1","4A2",51.754506,-0.239328,"E37000048","","E23000027",20828,"E56000035","E54000025","E00121554","E01023935","E02004992"
"AL109QB","AL10 9QB","AL10 9QB","198001","","E10000015","E58000630","E07000241","E05011063","E04004819","0","521888","0207031","1","E18000006","E40000007","E92000001","E12000006","5","E14001573","E15000006","E24000005","E30000272","E16000150","E07000241","26ULGQ","E00121528","26ULGQ","E65000001","E01023934","E02004992","5","7A2","E00121528","E01023934","E02004992","E33027668","E38000049","E63011549","C1","4B1",51.748730,-0.235749,"E37000048","","E23000027",17680,"E56000035","E54000025","E00121528","E01023934","E02004992"
"AL109QD","AL10 9QD","AL10 9QD","198001","","E10000015","E58000630","E07000241","E05011063","E04004819","0","521913","0206850","1","E18000006","E40000007","E92000001","E12000006","5","E14001573","E15000006","E24000005","E30000272","E16000150","E07000241","26ULGQ","E00121528","26ULGQ","E65000001","E01023934","E02004992","5","7A2","E00121528","E01023934","E02004992","E33027668","E38000049","E63011549","C1","4B1",51.747098,-0.235451,"E37000048","","E23000027",17680,"E56000035","E54000025","E00121528","E01023934","E02004992"
"AL109QE","AL10 9QE","AL10 9QE","198001","","E10000015","E58000630","E07000241","E05011063","E04004819","0","521847","0206884","1","E18000006","E40000007","E92000001","E12000006","5","E14001573","E15000006","E24000005","E30000272","E16000150","E07000241","26ULGQ","E00121532","26ULGQ","E65000001","E01023934","E02004992","5","7A2","E00121532","E01023934","E02004992","E33027668","E38000049","E63011549","C1","4A2",51.747418,-0.236394,"E37000048","","E23000027",17680,"E56000035","E54000025","E00121532","E01023934","E02004992"
"AL109QF","AL10 9QF","AL10 9QF","198001","","E10000015","E58000630","E07000241","E05011063","E04004819","0","521957","0206766","1","E18000006","E40000007","E92000001","E12000006","5","E14001573","E15000006","E24000005","E30000272","E16000150","E07000241","26ULGQ","E00121532","26ULGQ","E65000001","E01023934","E02004992","5","7A2","E00121532","E01023934","E02004992","E33027668","E38000049","E63011549","C1","4A2",51.746334,-0.234843,"E37000048","","E23000027",17680,"E56000035","E54000025","E00121532","E01023934","E02004992"
"AL109QG","AL10 9QG","AL10 9QG","198001","","E10000015","E58000630","E07000241","E05011063","E04004819","0","521863","0206767","1","E18000006","E40000007","E92000001","E12000006","5","E14001573","E15000006","E24000005","E30000272","E16000150","E07000241","26ULGQ","E00121532","26ULGQ","E65000001","E01023934","E02004992","5","7A2","E00121532","E01023934","E02004992","E33027668","E38000049","E63011549","C1","4A2",51.746363,-0.236204,"E37000048","","E23000027",17680,"E56000035","E54000025","E00121532","E01023934","E02004992"
"AL109QH","AL10 9QH","AL10 9QH","198001","","E10000015","E58000630","E07000241","E05011071","E04004819","0","522022","0206633","1","E18000006","E40000007","E92000001","E12000006","5","E14001573","E15000006","E24000005","E30000272","E16000150","E07000241","26ULGQ","E00121523","26ULGQ","E65000001","E01023932","E02004992","5","7A2","E00121523","E01023932","E02004992","E33027668","E38000049","E63011549","C1","4B1",51.745124,-0.233949,"E37000048","","E23000027",20795,"E56000035","E54000025","E00121523","E01023932","E02004992"
"AL109QJ","AL10 9QJ","AL10 9QJ","198001","","E10000015","E58000630","E07000241","E05011071","E04004819","0","521984","0206577","1","E18000006","E40000007","E92000001","E12000006","5","E14001573","E15000006","E24000005","E30000272","E16000150","E07000241","26ULGQ","E00121534","26ULGQ","E65000001","E01023932","E02004992","5","1B1","E00121534","E01023932","E02004992","E33027668","E38000049","E63011549","C1","4A1",51.744629,-0.234518,"E37000048","","E23000027",20795,"E56000035","E54000025","E00121534","E01023932","E02004992"
"AL109QL","AL10 9QL","AL10 9QL","198001","","E10000015","E58000630","E07000241","E05011071","E04004819","0","522033","0206504","1","E18000006","E40000007","E92000001","E12000006","5","E14001573","E15000006","E24000005","E30000272","E16000150","E07000241","26ULGQ","E00121534","26ULGQ","E65000001","E01023932","E02004992","5","1B1","E00121534","E01023932","E02004992","E33027668","E38000049","E63011549","C1","4A1",51.743963,-0.233835,"E37000048","","E23000027",20795,"E56000035","E54000025","E00121534","E01023932","E02004992"
"AL109QN","AL10 9QN","AL10 9QN","198001","","E10000015","E58000630","E07000241","E05011071","E04004819","0","521948","0206577","1","E18000006","E40000007","E92000001","E12000006","5","E14001573","E15000006","E24000005","E30000272","E16000150","E07000241","26ULGQ","E00121525","26ULGQ","E65000001","E01023932","E02004992","5","1C3","E00121525","E01023932","E02004992","E33027668","E38000049","E63011549","C1","4A2",51.744632,-0.235062,"E37000048","","E23000027",20795,"E56000035","E54000025","E00121525","E01023932","E02004992"
"AL109QP","AL10 9QP","AL10 9QP","198001","","E10000015","E58000630","E07000241","E05011071","E04004819","0","521972","0206416","1","E18000006","E40000007","E92000001","E12000006","5","E14001573","E15000006","E24000005","E30000272","E16000150","E07000241","26ULGQ","E00121534","26ULGQ","E65000001","E01023932","E02004992","5","1B1","E00121534","E01023932","E02004992","E33027668","E38000049","E63011549","C1","4A1",51.743185,-0.234749,"E37000048","","E23000027",20795,"E56000035","E54000025","E00121534","E01023932","E02004992"
"AL109QQ","AL10 9QQ","AL10 9QQ","198001","","E10000015","E58000630","E07000241","E05011063","E04004819","0","521878","0206724","1","E18000006","E40000007","E92000001","E12000006","5","E14001573","E15000006","E24000005","E30000272","E16000150","E07000241","26ULGQ","E00121534","26ULGQ","E65000001","E01023932","E02004992","5","1B1","E00121534","E01023932","E02004992","E33027668","E38000049","E63011549","C1","4A1",51.745973,-0.236001,"E37000048","","E23000027",20795,"E56000035","E54000025","E00121534","E01023932","E02004992"
"AL109QR","AL10 9QR","AL10 9QR","198001","","E10000015","E58000630","E07000241","E05011071","E04004819","0","521843","0206355","1","E18000006","E40000007","E92000001","E12000006","5","E14001573","E15000006","E24000005","E30000272","E16000150","E07000241","26ULGQ","E00121526","26ULGQ","E65000001","E01023932","E02004992","5","5B3","E00121526","E01023932","E02004992","E33027668","E38000049","E63011549","C1","4A2",51.742665,-0.236638,"E37000048","","E23000027",20795,"E56000035","E54000025","E00121526","E01023932","E02004992"
"AL109QS","AL10 9QS","AL10 9QS","198001","","E10000015","E58000630","E07000241","E05011071","E04004819","0","521780","0206362","1","E18000006","E40000007","E92000001","E12000006","5","E14001573","E15000006","E24000005","E30000272","E16000150","E07000241","26ULGQ","E00121526","26ULGQ","E65000001","E01023932","E02004992","5","5B3","E00121526","E01023932","E02004992","E33027668","E38000049","E63011549","C1","4A2",51.742741,-0.237547,"E37000048","","E23000027",20795,"E56000035","E54000025","E00121526","E01023932","E02004992"
"AL109QT","AL10 9QT","AL10 9QT","198001","","E10000015","E58000630","E07000241","E05011071","E04004819","0","521970","0206372","1","E18000006","E40000007","E92000001","E12000006","5","E14001573","E15000006","E24000005","E30000272","E16000150","E07000241","26ULGQ","E00121526","26ULGQ","E65000001","E01023932","E02004992","5","5B3","E00121526","E01023932","E02004992","E33027668","E38000049","E63011549","C1","4A2",51.742790,-0.234793,"E37000048","","E23000027",20795,"E56000035","E54000025","E00121526","E01023932","E02004992"
"AL109QU","AL10 9QU","AL10 9QU","198001","","E10000015","E58000630","E07000241","E05011071","E04004819","0","522051","0206700","1","E18000006","E40000007","E92000001","E12000006","5","E14001573","E15000006","E24000005","E30000272","E16000150","E07000241","26ULGQ","E00121530","26ULGQ","E65000001","E01023933","E02004993","5","1B1","E00121530","E01023933","E02004993","E33027669","E38000049","E63011549","C1","4A2",51.745720,-0.233505,"E37000048","","E23000027",12515,"E56000035","E54000025","E00121530","E01023933","E02007092"
"AL109QW","AL10 9QW","AL10 9QW","198001","","E10000015","E58000630","E07000241","E05011071","E04004819","0","521929","0206452","1","E18000006","E40000007","E92000001","E12000006","5","E14001573","E15000006","E24000005","E30000272","E16000150","E07000241","26ULGQ","E00121534","26ULGQ","E65000001","E01023932","E02004992","5","1B1","E00121534","E01023932","E02004992","E33027668","E38000049","E63011549","C1","4A1",51.743518,-0.235359,"E37000048","","E23000027",20795,"E56000035","E54000025","E00121534","E01023932","E02004992"
"AL109QX","AL10 9QX","AL10 9QX","198001","","E10000015","E58000630","E07000241","E05011063","E04004819","0","521942","0206858","1","E18000006","E40000007","E92000001","E12000006","5","E14001573","E15000006","E24000005","E30000272","E16000150","E07000241","26ULGQ","E00121528","26ULGQ","E65000001","E01023934","E02004992","5","7A2","E00121528","E01023934","E02004992","E33027668","E38000049","E63011549","C1","4B1",51.747164,-0.235028,"E37000048","","E23000027",17680,"E56000035","E54000025","E00121528","E01023934","E02004992"
"AL109QY","AL10 9QY","AL10 9QY","198001","","E10000015","E58000630","E07000241","E05011063","E04004819","0","521899","0206965","1","E18000006","E40000007","E92000001","E12000006","5","E14001573","E15000006","E24000005","E30000272","E16000150","E07000241","26ULGQ","E00121528","26ULGQ","E65000001","E01023934","E02004992","5","7A2","E00121528","E01023934","E02004992","E33027668","E38000049","E63011549","C1","4B1",51.748135,-0.235613,"E37000048","","E23000027",17680,"E56000035","E54000025","E00121528","E01023934","E02004992"
"AL109QZ","AL10 9QZ","AL10 9QZ","200707","","E10000015","E58000628","E07000241","E05011064","E04004819","0","521554","0208771","1","E18000006","E40000007","E92000001","E12000006","5","E14001573","E15000006","E24000005","E30000272","E16000150","E07000241","26ULGP","E00121509","26ULGP","E65000001","E01023931","E02004989","5","6D1","E00173267","E01033308","E02004989","E33025063","E38000049","E63011549","C1","2B2",51.764435,-0.240000,"E37000048","","E23000027",18368,"E56000035","E54000025","E00173267","E01033308","E02004989"
"AL109RA","AL10 9RA","AL10 9RA","200707","","E10000015","E58000628","E07000241","E05011064","E04004819","0","521527","0208707","1","E18000006","E40000007","E92000001","E12000006","5","E14001573","E15000006","E24000005","E30000272","E16000150","E07000241","26ULGP","E00121509","26ULGP","E65000001","E01023931","E02004989","5","6D1","E00173265","E01033308","E02004989","E33027653","E38000049","E63011549","C1","3C1",51.763866,-0.240471,"E37000048","","E23000027",18368,"E56000035","E54000025","E00190269","E01033308","E02004989"
"AL109RB","AL10 9RB","AL10 9RB","200112","","E10000015","E58000630","E07000241","E05011064","E04004819","0","520511","0207773","1","E18000006","E40000007","E92000001","E12000006","5","E14001573","E15000006","E24000005","E30000272","E16000150","E07000241","26ULGR","E00121553","26ULGR","E65000001","E01023938","E02004989","5","7A2","E00121553","E01023938","E02004989","E33027656","E38000049","E63011549","C1","4A2",51.755697,-0.255428,"E37000048","","E23000027",25209,"E56000035","E54000025","E00121553","E01023938","E02004989"
"AL109RD","AL10 9RD","AL10 9RD","200707","","E10000015","E58000628","E07000241","E05011064","E04004819","0","521470","0208675","1","E18000006","E40000007","E92000001","E12000006","5","E14001573","E15000006","E24000005","E30000272","E16000150","E07000241","26ULGP","E00121509","26ULGP","E65000001","E01023931","E02004989","5","6D1","E00173229","E01033308","E02004989","E33025056","E38000049","E63011549","C1","2B2",51.763590,-0.241250,"E37000048","","E23000027",18368,"E56000035","E54000025","E00173229","E01033308","E02004989"
"AL109RE","AL10 9RE","AL10 9RE","200707","","E10000015","E58000628","E07000241","E05011064","E04004819","0","521470","0208675","1","E18000006","E40000007","E92000001","E12000006","5","E14001573","E15000006","E24000005","E30000272","E16000150","E07000241","26ULGP","E00121509","26ULGP","E65000001","E01023931","E02004989","5","6D1","E00173229","E01033308","E02004989","E33025056","E38000049","E63011549","C1","2B2",51.763590,-0.241250,"E37000048","","E23000027",18368,"E56000035","E54000025","E00173229","E01033308","E02004989"
"AL109RF","AL10 9RF","AL10 9RF","199812","","E10000015","E58000630","E07000241","E05011064","E04004819","0","520444","0207696","1","E18000006","E40000007","E92000001","E12000006","5","E14001573","E15000006","E24000005","E30000272","E16000150","E07000241","26ULGR","E00121553","26ULGR","E65000001","E01023938","E02004989","5","7A2","E00121553","E01023938","E02004989","E33027656","E38000049","E63011549","C1","4A2",51.755019,-0.256425,"E37000048","","E23000027",25209,"E56000035","E54000025","E00121553","E01023938","E02004989"
"AL109RG","AL10 9RG","AL10 9RG","199208","199405","E10000015","E58000630","E07000241","E05011064","E04004819","1","521000","0208200","8","E18000006","E40000007","E92000001","E12000006","5","E14001573","E15000006","E24000005","E30000272","E16000150","E07000241","26ULGR","E00121549","26ULGR","E65000001","E01023938","E02004989","5","4C3","E00121549","E01023938","E02004989","E33027656","E38000049","E63011549","C1","6B1",51.759423,-0.248222,"E37000048","","E23000027",25209,"E56000035","E54000025","E00190257","E01023938","E02004989"
"AL109RH","AL10 9RH","AL10 9RH","201908","","E10000015","E58000630","E07000241","E05011064","E04004819","1","521268","0208287","1","E18000006","E40000007","E92000001","E12000006","5","E14001573","E15000006","E24000005","E30000272","E16000150","E07000241","26ULGR","E00121549","26ULGR","E65000001","E01023938","E02004989","5","4C3","E00121549","E01023938","E02004989","E33027656","E38000049","E63011549","C1","6B1",51.760153,-0.244287,"E37000048","","E23000027",25209,"E56000035","E54000025","E00190257","E01023938","E02004989"
"AL109RJ","AL10 9RJ","AL10 9RJ","198001","","E10000015","E58000630","E07000241","E05011064","E04004819","0","521054","0208209","1","E18000006","E40000007","E92000001","E12000006","5","E14001573","E15000006","E24000005","E30000272","E16000150","E07000241","26ULGR","E00121549","26ULGR","E65000001","E01023938","E02004989","5","4C3","E00121549","E01023938","E02004989","E33027656","E38000049","E63011549","C1","6B1",51.759498,-0.247413,"E37000048","","E23000027",25209,"E56000035","E54000025","E00190257","E01023938","E02004989"
"AL109RL","AL10 9RL","AL10 9RL","198001","199806","E10000015","E58000630","E07000241","E05011064","E04004819","1","521124","0208238","1","E18000006","E40000007","E92000001","E12000006","5","E14001573","E15000006","E24000005","E30000272","E16000150","E07000241","26ULGR","E00121549","26ULGR","E65000001","E01023938","E02004989","5","4C3","E00121549","E01023938","E02004989","E33027656","E38000049","E63011549","C1","6B1",51.759738,-0.246413,"E37000048","","E23000027",25209,"E56000035","E54000025","E00190257","E01023938","E02004989"
"AL109RN","AL10 9RN","AL10 9RN","198001","","E10000015","E58000630","E07000241","E05011064","E04004819","0","520889","0208182","1","E18000006","E40000007","E92000001","E12000006","5","E14001573","E15000006","E24000005","E30000272","E16000150","E07000241","26ULGR","E00121549","26ULGR","E65000001","E01023938","E02004989","5","4C3","E00121549","E01023938","E02004989","E33027656","E38000049","E63011549","C1","6B1",51.759291,-0.249812,"E37000048","","E23000027",25209,"E56000035","E54000025","E00190257","E01023938","E02004989"
"AL109RP","AL10 9RP","AL10 9RP","198001","","E10000015","E58000630","E07000241","E05011064","E04004819","0","520898","0208103","1","E18000006","E40000007","E92000001","E12000006","5","E14001573","E15000006","E24000005","E30000272","E16000150","E07000241","26ULGR","E00121549","26ULGR","E65000001","E01023938","E02004989","5","4C3","E00121549","E01023938","E02004989","E33027656","E38000049","E63011549","C1","6B1",51.758579,-0.249709,"E37000048","","E23000027",25209,"E56000035","E54000025","E00190257","E01023938","E02004989"
"AL109RQ","AL10 9RQ","AL10 9RQ","200707","","E10000015","E58000628","E07000241","E05011064","E04004819","0","521497","0208665","1","E18000006","E40000007","E92000001","E12000006","5","E14001573","E15000006","E24000005","E30000272","E16000150","E07000241","26ULGP","E00121509","26ULGP","E65000001","E01023931","E02004989","5","6D1","E00173229","E01033308","E02004989","E33025056","E38000049","E63011549","C1","2B2",51.763494,-0.240862,"E37000048","","E23000027",18368,"E56000035","E54000025","E00173229","E01033308","E02004989"
"AL109RR","AL10 9RR","AL10 9RR","198001","","E10000015","E58000630","E07000241","E05011064","E04004819","0","520954","0208035","1","E18000006","E40000007","E92000001","E12000006","5","E14001573","E15000006","E24000005","E30000272","E16000150","E07000241","26ULGR","E00121549","26ULGR","E65000001","E01023938","E02004989","5","4C3","E00121549","E01023938","E02004989","E33027656","E38000049","E63011549","C1","6B1",51.757956,-0.248922,"E37000048","","E23000027",25209,"E56000035","E54000025","E00190257","E01023938","E02004989"
"AL109RS","AL10 9RS","AL10 9RS","198001","","E10000015","E58000630","E07000241","E05011064","E04004819","0","520929","0207968","1","E18000006","E40000007","E92000001","E12000006","5","E14001573","E15000006","E24000005","E30000272","E16000150","E07000241","26ULGR","E00121552","26ULGR","E65000001","E01023938","E02004989","5","6B2","E00121552","E01023938","E02004989","E33027656","E38000049","E63011549","C1","5B2",51.757359,-0.249307,"E37000048","","E23000027",25209,"E56000035","E54000025","E00121552","E01023938","E02004989"
"AL109RT","AL10 9RT","AL10 9RT","198001","","E10000015","E58000630","E07000241","E05011064","E04004819","0","520756","0207878","1","E18000006","E40000007","E92000001","E12000006","5","E14001573","E15000006","E24000005","E30000272","E16000150","E07000241","26ULGR","E00121552","26ULGR","E65000001","E01023938","E02004989","5","6B2","E00121552","E01023938","E02004989","E33027656","E38000049","E63011549","C1","5B2",51.756587,-0.251844,"E37000048","","E23000027",25209,"E56000035","E54000025","E00121552","E01023938","E02004989"
"AL109RU","AL10 9RU","AL10 9RU","198001","","E10000015","E58000630","E07000241","E05011064","E04004819","0","520477","0208117","1","E18000006","E40000007","E92000001","E12000006","5","E14001573","E15000006","E24000005","E30000272","E16000150","E07000241","26ULGR","E00121551","26ULGR","E65000001","E01023938","E02004989","5","4B2","E00121551","E01023938","E02004989","E33027656","E38000049","E63011549","C1","6B1",51.758795,-0.255801,"E37000048","","E23000027",25209,"E56000035","E54000025","E00121551","E01023938","E02004989"
"AL109RW","AL10 9RW","AL10 9RW","198001","","E10000015","E58000630","E07000241","E05011064","E04004819","0","520829","0208069","1","E18000006","E40000007","E92000001","E12000006","5","E14001573","E15000006","E24000005","E30000272","E16000150","E07000241","26ULGR","E00121552","26ULGR","E65000001","E01023938","E02004989","5","6B2","E00121552","E01023938","E02004989","E33027656","E38000049","E63011549","C1","5B2",51.758288,-0.250720,"E37000048","","E23000027",25209,"E56000035","E54000025","E00121552","E01023938","E02004989"
"AL109RX","AL10 9RX","AL10 9RX","198001","","E10000015","E58000630","E07000241","E05011064","E04004819","0","520687","0208156","1","E18000006","E40000007","E92000001","E12000006","5","E14001573","E15000006","E24000005","E30000272","E16000150","E07000241","26ULGR","E00121552","26ULGR","E65000001","E01023938","E02004989","5","6B2","E00121552","E01023938","E02004989","E33027656","E38000049","E63011549","C1","5B2",51.759095,-0.252770,"E37000048","","E23000027",25209,"E56000035","E54000025","E00121552","E01023938","E02004989"
"AL109RY","AL10 9RY","AL10 9RY","198001","","E10000015","E58000630","E07000241","E05011064","E04004819","0","520656","0208105","1","E18000006","E40000007","E92000001","E12000006","5","E14001573","E15000006","E24000005","E30000272","E16000150","E07000241","26ULGR","E00121551","26ULGR","E65000001","E01023938","E02004989","5","4B2","E00121551","E01023938","E02004989","E33027656","E38000049","E63011549","C1","6B1",51.758649,-0.253213,"E37000048","","E23000027",25209,"E56000035","E54000025","E00121551","E01023938","E02004989"
"AL109RZ","AL10 9RZ","AL10 9RZ","198001","","E10000015","E58000630","E07000241","E05011064","E04004819","0","520762","0208040","1","E18000006","E40000007","E92000001","E12000006","5","E14001573","E15000006","E24000005","E30000272","E16000150","E07000241","26ULGR","E00121551","26ULGR","E65000001","E01023938","E02004989","5","4B2","E00121551","E01023938","E02004989","E33027656","E38000049","E63011549","C1","6B1",51.758042,-0.251701,"E37000048","","E23000027",25209,"E56000035","E54000025","E00121551","E01023938","E02004989"
"AL109SA","AL10 9SA","AL10 9SA","198001","","E10000015","E58000630","E07000241","E05011064","E04004819","0","520693","0207987","1","E18000006","E40000007","E92000001","E12000006","5","E14001573","E15000006","E24000005","E30000272","E16000150","E07000241","26ULGR","E00121551","26ULGR","E65000001","E01023938","E02004989","5","4B2","E00121551","E01023938","E02004989","E33027656","E38000049","E63011549","C1","6B1",51.757581,-0.252718,"E37000048","","E23000027",25209,"E56000035","E54000025","E00121551","E01023938","E02004989"
"AL109SB","AL10 9SB","AL10 9SB","198001","","E10000015","E58000630","E07000241","E05011064","E04004819","0","520557","0207988","1","E18000006","E40000007","E92000001","E12000006","5","E14001573","E15000006","E24000005","E30000272","E16000150","E07000241","26ULGR","E00121551","26ULGR","E65000001","E01023938","E02004989","5","4B2","E00121551","E01023938","E02004989","E33027656","E38000049","E63011549","C1","6B1",51.757619,-0.254687,"E37000048","","E23000027",25209,"E56000035","E54000025","E00121551","E01023938","E02004989"
"AL109SD","AL10 9SD","AL10 9SD","198001","","E10000015","E58000630","E07000241","E05011064","E04004819","0","520527","0208052","1","E18000006","E40000007","E92000001","E12000006","5","E14001573","E15000006","E24000005","E30000272","E16000150","E07000241","26ULGR","E00121551","26ULGR","E65000001","E01023938","E02004989","5","4B2","E00121551","E01023938","E02004989","E33027656","E38000049","E63011549","C1","6B1",51.758201,-0.255099,"E37000048","","E23000027",25209,"E56000035","E54000025","E00121551","E01023938","E02004989"
"AL109SE","AL10 9SE","AL10 9SE","198001","","E10000015","E58000630","E07000241","E05011064","E04004819","0","520623","0208036","1","E18000006","E40000007","E92000001","E12000006","5","E14001573","E15000006","E24000005","E30000272","E16000150","E07000241","26ULGR","E00121551","26ULGR","E65000001","E01023938","E02004989","5","4B2","E00121551","E01023938","E02004989","E33027656","E38000049","E63011549","C1","6B1",51.758036,-0.253715,"E37000048","","E23000027",25209,"E56000035","E54000025","E00121551","E01023938","E02004989"
"AL109SF","AL10 9SF","AL10 9SF","198001","","E10000015","E58000630","E07000241","E05011064","E04004819","0","520608","0208114","1","E18000006","E40000007","E92000001","E12000006","5","E14001573","E15000006","E24000005","E30000272","E16000150","E07000241","26ULGR","E00121551","26ULGR","E65000001","E01023938","E02004989","5","4B2","E00121551","E01023938","E02004989","E33027656","E38000049","E63011549","C1","6B1",51.758740,-0.253905,"E37000048","","E23000027",25209,"E56000035","E54000025","E00121551","E01023938","E02004989"
"AL109SG","AL10 9SG","AL10 9SG","198001","","E10000015","E58000630","E07000241","E05011064","E04004819","0","520834","0208141","1","E18000006","E40000007","E92000001","E12000006","5","E14001573","E15000006","E24000005","E30000272","E16000150","E07000241","26ULGR","E00121552","26ULGR","E65000001","E01023938","E02004989","5","6B2","E00121552","E01023938","E02004989","E33027656","E38000049","E63011549","C1","5B2",51.758934,-0.250623,"E37000048","","E23000027",25209,"E56000035","E54000025","E00121552","E01023938","E02004989"
"AL109SH","AL10 9SH","AL10 9SH","201101","","E10000015","E58000630","E07000241","E05011063","E04004819","0","521750","0206724","1","E18000006","E40000007","E92000001","E12000006","5","E14001573","E15000006","E24000005","E30000272","E16000150","E07000241","26ULGQ","E00121532","26ULGQ","E65000001","E01023934","E02004992","5","7A2","E00121532","E01023934","E02004992","E33027668","E38000049","E63011549","C1","4A2",51.745996,-0.237877,"E37000048","","E23000027",17680,"E56000035","E54000025","E00121532","E01023934","E02004992"
"AL109SJ","AL10 9SJ","AL10 9SJ","200804","","E10000015","E58000628","E07000241","E05011064","E04004819","0","521681","0208938","1","E18000006","E40000007","E92000001","E12000006","5","E14001573","E15000006","E24000005","E30000272","E16000150","E07000241","26ULGP","E00121509","26ULGP","E65000001","E01023931","E02004989","5","6D1","E00173267","E01033308","E02004989","E33025063","E38000049","E63011549","C1","2B2",51.765908,-0.238102,"E37000048","","E23000027",18368,"E56000035","E54000025","E00173267","E01033308","E02004989"
"AL109SL","AL10 9SL","AL10 9SL","199308","","E10000015","E58000628","E07000241","E05011064","E04004819","1","520782","0209904","1","E18000006","E40000007","E92000001","E12000006","5","E14001573","E15000006","E24000005","E30000272","E16000150","E07000241","26ULGP","E00121506","26ULGP","E65000001","E01023928","E02004981","5","6A1","E00173237","E01033313","E02004981","E33025058","E38000049","E63011549","C1","4A2",51.774784,-0.250787,"E37000048","","E23000027",28266,"E56000035","E54000025","E00173237","E01033313","E02004981"
"AL109SN","AL10 9SN","AL10 9SN","200809","","E10000015","E58000628","E07000241","E05011064","E04004819","1","521498","0209052","1","E18000006","E40000007","E92000001","E12000006","5","E14001573","E15000006","E24000005","E30000272","E16000150","E07000241","26ULGP","E00121509","26ULGP","E65000001","E01023931","E02004989","5","6D1","E00173232","E01033308","E02004989","E33025057","E38000049","E63011549","C1","3C1",51.766972,-0.240713,"E37000048","","E23000027",18368,"E56000035","E54000025","E00173232","E01033308","E02004989"
"AL109SP","AL10 9SP","AL10 9SP","198704","","E10000015","E58000630","E07000241","E05011064","E04004819","0","521145","0207906","1","E18000006","E40000007","E92000001","E12000006","5","E14001573","E15000006","E24000005","E30000272","E16000150","E07000241","26ULGR","E00121553","26ULGR","E65000001","E01023938","E02004989","5","7A2","E00121553","E01023938","E02004989","E33027656","E38000049","E63011549","C1","4A2",51.756755,-0.246201,"E37000048","","E23000027",25209,"E56000035","E54000025","E00121553","E01023938","E02004989"
"AL109SQ","AL10 9SQ","AL10 9SQ","198001","","E10000015","E58000630","E07000241","E05011064","E04004819","0","521163","0208214","1","E18000006","E40000007","E92000001","E12000006","5","E14001573","E15000006","E24000005","E30000272","E16000150","E07000241","26ULGR","E00121549","26ULGR","E65000001","E01023938","E02004989","5","4C3","E00121549","E01023938","E02004989","E33027656","E38000049","E63011549","C1","6B1",51.759519,-0.245833,"E37000048","","E23000027",25209,"E56000035","E54000025","E00190257","E01023938","E02004989"
"AL109SR","AL10 9SR","AL10 9SR","198704","","E10000015","E58000630","E07000241","E05011064","E04004819","0","521098","0207940","1","E18000006","E40000007","E92000001","E12000006","5","E14001573","E15000006","E24000005","E30000272","E16000150","E07000241","26ULGR","E00121552","26ULGR","E65000001","E01023938","E02004989","5","6B2","E00121552","E01023938","E02004989","E33027656","E38000049","E63011549","C1","5B2",51.757071,-0.246870,"E37000048","","E23000027",25209,"E56000035","E54000025","E00121552","E01023938","E02004989"
"AL109SS","AL10 9SS","AL10 9SS","198704","","E10000015","E58000630","E07000241","E05011064","E04004819","0","521153","0207805","1","E18000006","E40000007","E92000001","E12000006","5","E14001573","E15000006","E24000005","E30000272","E16000150","E07000241","26ULGR","E00121553","26ULGR","E65000001","E01023938","E02004989","5","7A2","E00121553","E01023938","E02004989","E33027656","E38000049","E63011549","C1","4A2",51.755846,-0.246120,"E37000048","","E23000027",25209,"E56000035","E54000025","E00121553","E01023938","E02004989"
"AL109ST","AL10 9ST","AL10 9ST","198704","","E10000015","E58000630","E07000241","E05011064","E04004819","0","521123","0207863","1","E18000006","E40000007","E92000001","E12000006","5","E14001573","E15000006","E24000005","E30000272","E16000150","E07000241","26ULGR","E00121553","26ULGR","E65000001","E01023938","E02004989","5","7A2","E00121553","E01023938","E02004989","E33027656","E38000049","E63011549","C1","4A2",51.756373,-0.246535,"E37000048","","E23000027",25209,"E56000035","E54000025","E00121553","E01023938","E02004989"
"AL109SU","AL10 9SU","AL10 9SU","198704","","E10000015","E58000630","E07000241","E05011064","E04004819","0","521185","0207918","1","E18000006","E40000007","E92000001","E12000006","5","E14001573","E15000006","E24000005","E30000272","E16000150","E07000241","26ULGR","E00121553","26ULGR","E65000001","E01023938","E02004989","5","7A2","E00121553","E01023938","E02004989","E33027656","E38000049","E63011549","C1","4A2",51.756854,-0.245618,"E37000048","","E23000027",25209,"E56000035","E54000025","E00121553","E01023938","E02004989"
"AL109SW","AL10 9SW","AL10 9SW","198704","","E10000015","E58000630","E07000241","E05011064","E04004819","0","521073","0207824","1","E18000006","E40000007","E92000001","E12000006","5","E14001573","E15000006","E24000005","E30000272","E16000150","E07000241","26ULGR","E00121553","26ULGR","E65000001","E01023938","E02004989","5","7A2","E00121553","E01023938","E02004989","E33027656","E38000049","E63011549","C1","4A2",51.756034,-0.247272,"E37000048","","E23000027",25209,"E56000035","E54000025","E00121553","E01023938","E02004989"
"AL109SX","AL10 9SX","AL10 9SX","198704","","E10000015","E58000630","E07000241","E05011064","E04004819","0","521013","0207872","1","E18000006","E40000007","E92000001","E12000006","5","E14001573","E15000006","E24000005","E30000272","E16000150","E07000241","26ULGR","E00121552","26ULGR","E65000001","E01023938","E02004989","5","6B2","E00121552","E01023938","E02004989","E33027656","E38000049","E63011549","C1","5B2",51.756478,-0.248124,"E37000048","","E23000027",25209,"E56000035","E54000025","E00121552","E01023938","E02004989"
"AL109SY","AL10 9SY","AL10 9SY","198704","","E10000015","E58000630","E07000241","E05011064","E04004819","0","521110","0207844","1","E18000006","E40000007","E92000001","E12000006","5","E14001573","E15000006","E24000005","E30000272","E16000150","E07000241","26ULGR","E00121553","26ULGR","E65000001","E01023938","E02004989","5","7A2","E00121553","E01023938","E02004989","E33027656","E38000049","E63011549","C1","4A2",51.756206,-0.246729,"E37000048","","E23000027",25209,"E56000035","E54000025","E00121553","E01023938","E02004989"
"AL109SZ","AL10 9SZ","AL10 9SZ","198704","","E10000015","E58000630","E07000241","E05011064","E04004819","0","521045","0207887","1","E18000006","E40000007","E92000001","E12000006","5","E14001573","E15000006","E24000005","E30000272","E16000150","E07000241","26ULGR","E00121553","26ULGR","E65000001","E01023938","E02004989","5","7A2","E00121553","E01023938","E02004989","E33027656","E38000049","E63011549","C1","4A2",51.756600,-0.247679,"E37000048","","E23000027",25209,"E56000035","E54000025","E00121553","E01023938","E02004989"
"AL109TA","AL10 9TA","AL10 9TA","199612","200108","E10000015","E58000630","E07000241","E05011063","E04004819","1","521300","0207800","5","E18000006","E40000007","E92000001","E12000006","5","E14001573","E15000006","E24000005","E30000272","E16000150","E07000241","26ULGR","E00121553","26ULGR","E65000001","E01023938","E02004989","5","7A2","E00121553","E01023938","E02004989","E33027656","E38000049","E63011549","C1","4A2",51.755764,-0.244017,"E37000048","","E23000027",25209,"E56000035","E54000025","E00121553","E01023938","E02004989"
"AL109TB","AL10 9TB","AL10 9TB","198704","","E10000015","E58000630","E07000241","E05011063","E04004819","0","521297","0207771","1","E18000006","E40000007","E92000001","E12000006","5","E14001573","E15000006","E24000005","E30000272","E16000150","E07000241","26ULGR","E00121553","26ULGR","E65000001","E01023938","E02004989","5","7A2","E00121553","E01023938","E02004989","E33027656","E38000049","E63011549","C1","4A2",51.755504,-0.244071,"E37000048","","E23000027",25209,"E56000035","E54000025","E00121553","E01023938","E02004989"
"AL109TD","AL10 9TD","AL10 9TD","198001","199507","E10000015","E58000628","E07000241","E05011061","E04004819","1","521700","0208700","8","E18000006","E40000007","E92000001","E12000006","5","E14001573","E15000006","E24000005","E30000272","E16000150","E07000241","26ULGM","E00121478","26ULGM","E65000001","E01023921","E02004991","5","2B1","E00121478","E01023921","E02004991","E33027664","E38000049","E63011549","C1","3D1",51.763765,-0.237910,"E37000048","","E23000027",12010,"E56000035","E54000025","E00121478","E01023921","E02004991"
"AL109TE","AL10 9TE","AL10 9TE","198710","200806","E10000015","E58000628","E07000241","E05011061","E04004819","1","522507","0208780","1","E18000006","E40000007","E92000001","E12000006","5","E14001573","E15000006","E24000005","E30000272","E16000150","E07000241","26ULGM","E00121461","26ULGM","E65000001","E01023920","E02004991","5","2A2","E00121461","E01023920","E02004991","E33024486","E38000049","E63011549","C1","3A2",51.764308,-0.226194,"E37000048","","E23000027",6540,"E56000035","E54000025","E00121461","E01023920","E02004991"
"AL109TF","AL10 9TF","AL10 9TF","198001","","E10000015","E58000628","E07000241","E05011064","E04004819","0","521617","0208675","1","E18000006","E40000007","E92000001","E12000006","5","E14001573","E15000006","E24000005","E30000272","E16000150","E07000241","26ULGP","E00121509","26ULGP","E65000001","E01023931","E02004989","5","6D1","E00173267","E01033308","E02004989","E33025063","E38000049","E63011549","C1","2B2",51.763558,-0.239121,"E37000048","","E23000027",18368,"E56000035","E54000025","E00173267","E01033308","E02004989"
"AL109TG","AL10 9TG","AL10 9TG","200210","","E10000015","E58000628","E07000241","E05011064","E04004819","0","520945","0209845","1","E18000006","E40000007","E92000001","E12000006","5","E14001573","E15000006","E24000005","E30000272","E16000150","E07000241","26ULGP","E00121509","26ULGP","E65000001","E01023931","E02004989","5","6D1","E00173257","E01033314","E02004989","E33025060","E38000049","E63011549","C1","4A2",51.774218,-0.248447,"E37000048","","E23000027",19631,"E56000035","E54000025","E00173257","E01033314","E02004989"
"AL109TH","AL10 9TH","AL10 9TH","199812","","E10000015","E58000628","E07000241","E05011064","E04004819","1","520914","0209813","1","E18000006","E40000007","E92000001","E12000006","5","E14001573","E15000006","E24000005","E30000272","E16000150","E07000241","26ULGP","E00121509","26ULGP","E65000001","E01023931","E02004989","5","6D1","E00173257","E01033314","E02004989","E33025060","E38000049","E63011549","C1","4A2",51.773937,-0.248907,"E37000048","","E23000027",19631,"E56000035","E54000025","E00173257","E01033314","E02004989"
"AL109TJ","AL10 9TJ","AL10 9TJ","198001","199012","E10000015","E58000628","E07000241","E05011064","E04004819","0","521600","0208700","8","E18000006","E40000007","E92000001","E12000006","5","E14001573","E15000006","E24000005","E30000272","E16000150","E07000241","26ULGP","E00121509","26ULGP","E65000001","E01023931","E02004989","5","6D1","E00173267","E01033308","E02004989","E33025063","E38000049","E63011549","C1","2B2",51.763787,-0.239358,"E37000048","","E23000027",18368,"E56000035","E54000025","E00173267","E01033308","E02004989"
"AL109TL","AL10 9TL","AL10 9TL","201405","","E10000015","E58000628","E07000241","E05011064","E04004819","0","521678","0208824","1","E18000006","E40000007","E92000001","E12000006","5","E14001573","E15000006","E24000005","E30000272","E16000150","E07000241","26ULGP","E00121509","26ULGP","E65000001","E01023931","E02004989","5","6D1","E00173267","E01033308","E02004989","E33025063","E38000049","E63011549","C1","2B2",51.764884,-0.238185,"E37000048","","E23000027",18368,"E56000035","E54000025","E00173267","E01033308","E02004989"
"AL109TN","AL10 9TN","AL10 9TN","199806","199812","E10000015","E58000628","E07000241","E05011064","E04004819","1","521600","0209000","8","E18000006","E40000007","E92000001","E12000006","5","E14001573","E15000006","E24000005","E30000272","E16000150","E07000241","26ULGP","E00121509","26ULGP","E65000001","E01023931","E02004989","5","6D1","E00173232","E01033308","E02004989","E33025057","E38000049","E63011549","C1","3C1",51.766483,-0.239253,"E37000048","","E23000027",18368,"E56000035","E54000025","E00173232","E01033308","E02004989"
"AL109TP","AL10 9TP","AL10 9TP","199405","","E10000015","E58000628","E07000241","E05011064","E04004819","1","520895","0209984","1","E18000006","E40000007","E92000001","E12000006","5","E14001573","E15000006","E24000005","E30000272","E16000150","E07000241","26ULGP","E00121506","26ULGP","E65000001","E01023928","E02004981","5","6A1","E00173237","E01033313","E02004981","E33025058","E38000049","E63011549","C1","4A2",51.775478,-0.249123,"E37000048","","E23000027",28266,"E56000035","E54000025","E00173237","E01033313","E02004981"
"AL109TQ","AL10 9TQ","AL10 9TQ","200012","","E10000015","E58000628","E07000241","E05011064","E04004819","0","520740","0209801","1","E18000006","E40000007","E92000001","E12000006","5","E14001573","E15000006","E24000005","E30000272","E16000150","E07000241","26ULGP","E00121506","26ULGP","E65000001","E01023928","E02004981","5","6A1","E00173237","E01033313","E02004981","E33025058","E38000049","E63011549","C1","4A2",51.773867,-0.251432,"E37000048","","E23000027",28266,"E56000035","E54000025","E00173237","E01033313","E02004981"
"AL109TR","AL10 9TR","AL10 9TR","199507","","E10000015","E58000628","E07000241","E05011064","E04004819","0","520746","0209570","1","E18000006","E40000007","E92000001","E12000006","5","E14001573","E15000006","E24000005","E30000272","E16000150","E07000241","26ULGP","E00121506","26ULGP","E65000001","E01023928","E02004981","5","6A1","E00173237","E01033313","E02004981","E33025058","E38000049","E63011549","C1","4A2",51.771796,-0.251401,"E37000048","","E23000027",28266,"E56000035","E54000025","E00173237","E01033313","E02004981"
"AL109TS","AL10 9TS","AL10 9TS","199507","199912","E10000015","E58000630","E07000241","E05011063","E04004819","1","521622","0207671","6","E18000006","E40000007","E92000001","E12000006","5","E14001573","E15000006","E24000005","E30000272","E16000150","E07000241","26ULGR","E00121554","26ULGR","E65000001","E01023935","E02004992","5","1C3","E00121554","E01023935","E02004992","E33027668","E38000049","E63011549","C1","4A2",51.754534,-0.239399,"E37000048","","E23000027",20828,"E56000035","E54000025","E00121554","E01023935","E02004992"
"AL109TT","AL10 9TT","AL10 9TT","199507","199712","E10000015","E58000630","E07000241","E05011063","E04004819","1","521627","0207668","6","E18000006","E40000007","E92000001","E12000006","5","E14001573","E15000006","E24000005","E30000272","E16000150","E07000241","26ULGR","E00121554","26ULGR","E65000001","E01023935","E02004992","5","1C3","E00121554","E01023935","E02004992","E33027668","E38000049","E63011549","C1","4A2",51.754506,-0.239328,"E37000048","","E23000027",20828,"E56000035","E54000025","E00121554","E01023935","E02004992"
"AL109TU","AL10 9TU","AL10 9TU","199507","199712","E10000015","E58000630","E07000241","E05011063","E04004819","1","521627","0207668","6","E18000006","E40000007","E92000001","E12000006","5","E14001573","E15000006","E24000005","E30000272","E16000150","E07000241","26ULGR","E00121554","26ULGR","E65000001","E01023935","E02004992","5","1C3","E00121554","E01023935","E02004992","E33027668","E38000049","E63011549","C1","4A2",51.754506,-0.239328,"E37000048","","E23000027",20828,"E56000035","E54000025","E00121554","E01023935","E02004992"
"AL109TW","AL10 9TW","AL10 9TW","199906","","E10000015","E58000628","E07000241","E05011064","E04004819","1","521279","0209687","1","E18000006","E40000007","E92000001","E12000006","5","E14001573","E15000006","E24000005","E30000272","E16000150","E07000241","26ULGP","E00121509","26ULGP","E65000001","E01023931","E02004989","5","6D1","E00173257","E01033314","E02004989","E33025061","E38000049","E63011549","C1","4A2",51.772726,-0.243663,"E37000048","","E23000027",19631,"E56000035","E54000025","E00173257","E01033314","E02004989"
"AL109TX","AL10 9TX","AL10 9TX","200012","201903","E10000015","E58000628","E07000241","E05011064","E04004819","1","521279","0209687","1","E18000006","E40000007","E92000001","E12000006","5","E14001573","E15000006","E24000005","E30000272","E16000150","E07000241","26ULGP","E00121509","26ULGP","E65000001","E01023931","E02004989","5","6D1","E00173257","E01033314","E02004989","E33025061","E38000049","E63011549","C1","4A2",51.772726,-0.243663,"E37000048","","E23000027",19631,"E56000035","E54000025","E00173257","E01033314","E02004989"
"AL109TY","AL10 9TY","AL10 9TY","199712","","E10000015","E58000628","E07000241","E05011064","E04004819","1","520986","0209879","1","E18000006","E40000007","E92000001","E12000006","5","E14001573","E15000006","E24000005","E30000272","E16000150","E07000241","26ULGP","E00121509","26ULGP","E65000001","E01023931","E02004989","5","6D1","E00173257","E01033314","E02004989","E33025060","E38000049","E63011549","C1","4A2",51.774515,-0.247841,"E37000048","","E23000027",19631,"E56000035","E54000025","E00173257","E01033314","E02004989"
"AL109TZ","AL10 9TZ","AL10 9TZ","200106","200512","E10000015","E58000628","E07000241","E05011064","E04004819","1","521869","0209447","1","E18000006","E40000007","E92000001","E12000006","5","E14001573","E15000006","E24000005","E30000272","E16000150","E07000241","26ULGP","E00121509","26ULGP","E65000001","E01023931","E02004989","5","6D1","E00173232","E01033308","E02004989","E33025057","E38000049","E63011549","C1","3C1",51.770441,-0.235201,"E37000048","","E23000027",18368,"E56000035","E54000025","E00173232","E01033308","E02004989"
"AL109UA","AL10 9UA","AL10 9UA","200507","","E10000015","E58000628","E07000241","E05011064","E04004819","0","521854","0209523","1","E18000006","E40000007","E92000001","E12000006","5","E14001573","E15000006","E24000005","E30000272","E16000150","E07000241","26ULGP","E00121509","26ULGP","E65000001","E01023931","E02004989","5","6D1","E00173232","E01033308","E02004989","E33025057","E38000049","E63011549","C1","3C1",51.771134,-0.235367,"E37000048","","E23000027",18368,"E56000035","E54000025","E00173232","E01033308","E02004989"
"AL109UB","AL10 9UB","AL10 9UB","201103","","E10000015","E58000628","E07000241","E05011064","E04004819","0","521228","0208733","1","E18000006","E40000007","E92000001","E12000006","5","E14001573","E15000006","E24000005","E30000272","E16000150","E07000241","26ULGP","E00121509","26ULGP","E65000001","E01023931","E02004989","5","6D1","E00173265","E01033308","E02004989","E33027653","E38000049","E63011549","C1","3C1",51.764164,-0.244735,"E37000048","","E23000027",18368,"E56000035","E54000025","E00190317","E01033308","E02004989"
"AL109UD","AL10 9UD","AL10 9UD","201101","","E10000015","E58000628","E07000241","E05011064","E04004819","0","521153","0208673","1","E18000006","E40000007","E92000001","E12000006","5","E14001573","E15000006","E24000005","E30000272","E16000150","E07000241","26ULGP","E00121509","26ULGP","E65000001","E01023931","E02004989","5","6D1","E00173265","E01033308","E02004989","E33027653","E38000049","E63011549","C1","3C1",51.763647,-0.245818,"E37000048","","E23000027",18368,"E56000035","E54000025","E00190317","E01033308","E02004989"
"AL109UE","AL10 9UE","AL10 9UE","201103","","E10000015","E58000628","E07000241","E05011064","E04004819","0","521273","0208688","1","E18000006","E40000007","E92000001","E12000006","5","E14001573","E15000006","E24000005","E30000272","E16000150","E07000241","26ULGP","E00121509","26ULGP","E65000001","E01023931","E02004989","5","6D1","E00173265","E01033308","E02004989","E33027653","E38000049","E63011549","C1","3C1",51.763755,-0.244074,"E37000048","","E23000027",18368,"E56000035","E54000025","E00190317","E01033308","E02004989"
"AL109UF","AL10 9UF","AL10 9UF","201008","","E10000015","E58000628","E07000241","E05011064","E04004819","0","520923","0208555","1","E18000006","E40000007","E92000001","E12000006","5","E14001573","E15000006","E24000005","E30000272","E16000150","E07000241","26ULGP","E00121509","26ULGP","E65000001","E01023931","E02004989","5","6D1","E00173229","E01033308","E02004989","E33025055","E38000049","E63011549","C1","2B2",51.762630,-0.249214,"E37000048","","E23000027",18368,"E56000035","E54000025","E00173229","E01033308","E02004989"
"AL109UG","AL10 9UG","AL10 9UG","201010","","E10000015","E58000630","E07000241","E05011071","E04004819","0","521817","0206425","1","E18000006","E40000007","E92000001","E12000006","5","E14001573","E15000006","E24000005","E30000272","E16000150","E07000241","26ULGQ","E00121526","26ULGQ","E65000001","E01023932","E02004992","5","5B3","E00121526","E01023932","E02004992","E33027668","E38000049","E63011549","C1","4A2",51.743300,-0.236989,"E37000048","","E23000027",20795,"E56000035","E54000025","E00121526","E01023932","E02004992"
"AL109UH","AL10 9UH","AL10 9UH","201303","","E10000015","E58000628","E07000241","E05011064","E04004819","0","521184","0208545","1","E18000006","E40000007","E92000001","E12000006","5","E14001573","E15000006","E24000005","E30000272","E16000150","E07000241","26ULGP","E00121509","26ULGP","E65000001","E01023931","E02004989","5","6D1","E00173265","E01033308","E02004989","E33027653","E38000049","E63011549","C1","3C1",51.762484,-0.245437,"E37000048","","E23000027",18368,"E56000035","E54000025","E00190317","E01033308","E02004989"
"AL109UJ","AL10 9UJ","AL10 9UJ","201210","","E10000015","E58000628","E07000241","E05011064","E04004819","1","521739","0209101","1","E18000006","E40000007","E92000001","E12000006","5","E14001573","E15000006","E24000005","E30000272","E16000150","E07000241","26ULGP","E00121509","26ULGP","E65000001","E01023931","E02004989","5","6D1","E00173267","E01033308","E02004989","E33025063","E38000049","E63011549","C1","2B2",51.767360,-0.237205,"E37000048","","E23000027",18368,"E56000035","E54000025","E00173267","E01033308","E02004989"
"AL109UL","AL10 9UL","AL10 9UL","201210","","E10000015","E58000628","E07000241","E05011064","E04004819","0","521817","0209195","1","E18000006","E40000007","E92000001","E12000006","5","E14001573","E15000006","E24000005","E30000272","E16000150","E07000241","26ULGP","E00121509","26ULGP","E65000001","E01023931","E02004989","5","6D1","E00173267","E01033308","E02004989","E33025063","E38000049","E63011549","C1","2B2",51.768188,-0.236042,"E37000048","","E23000027",18368,"E56000035","E54000025","E00173267","E01033308","E02004989"
"AL109UN","AL10 9UN","AL10 9UN","201307","","E10000015","E58000627","E07000241","E05011063","E04004819","0","521980","0207773","1","E18000006","E40000007","E92000001","E12000006","5","E14001573","E15000006","E24000005","E30000272","E16000150","E07000241","26ULGM","E00121469","26ULGM","E65000001","E01023923","E02004991","5","6B2","E00121469","E01023923","E02004991","E33027666","E38000049","E63011549","C1","8D2",51.755373,-0.234180,"E37000048","","E23000027",20450,"E56000035","E54000025","E00121469","E01023923","E02004991"
"AL109UP","AL10 9UP","AL10 9UP","201307","","E10000015","E58000627","E07000241","E05011063","E04004819","0","522074","0207738","1","E18000006","E40000007","E92000001","E12000006","5","E14001573","E15000006","E24000005","E30000272","E16000150","E07000241","26ULGM","E00121473","26ULGM","E65000001","E01023923","E02004991","5","6D1","E00121473","E01023923","E02004991","E33027665","E38000049","E63011549","C1","4C3",51.755038,-0.232831,"E37000048","","E23000027",20450,"E56000035","E54000025","E00121473","E01023923","E02004991"
"AL109UQ","AL10 9UQ","AL10 9UQ","201406","","E10000015","E58000627","E07000241","E05011063","E04004819","0","522110","0207686","1","E18000006","E40000007","E92000001","E12000006","5","E14001573","E15000006","E24000005","E30000272","E16000150","E07000241","26ULGM","E00121473","26ULGM","E65000001","E01023923","E02004991","5","6D1","E00121473","E01023923","E02004991","E33027665","E38000049","E63011549","C1","4C3",51.754563,-0.232328,"E37000048","","E23000027",20450,"E56000035","E54000025","E00121473","E01023923","E02004991"
"AL109UR","AL10 9UR","AL10 9UR","201407","","E10000015","E58000627","E07000241","E05011063","E04004819","0","522070","0207637","1","E18000006","E40000007","E92000001","E12000006","5","E14001573","E15000006","E24000005","E30000272","E16000150","E07000241","26ULGM","E00121473","26ULGM","E65000001","E01023923","E02004991","5","6D1","E00121473","E01023923","E02004991","E33027665","E38000049","E63011549","C1","4C3",51.754132,-0.232924,"E37000048","","E23000027",20450,"E56000035","E54000025","E00121473","E01023923","E02004991"
"AL109US","AL10 9US","AL10 9US","201307","","E10000015","E58000628","E07000241","E05011064","E04004819","0","521558","0209233","1","E18000006","E40000007","E92000001","E12000006","5","E14001573","E15000006","E24000005","E30000272","E16000150","E07000241","26ULGP","E00121509","26ULGP","E65000001","E01023931","E02004989","5","6D1","E00173232","E01033308","E02004989","E33025057","E38000049","E63011549","C1","3C1",51.768592,-0.239756,"E37000048","","E23000027",18368,"E56000035","E54000025","E00173232","E01033308","E02004989"
"AL109UT","AL10 9UT","AL10 9UT","201307","","E10000015","E58000630","E07000241","E05011063","E04004819","0","521680","0207202","1","E18000006","E40000007","E92000001","E12000006","5","E14001573","E15000006","E24000005","E30000272","E16000150","E07000241","26ULGR","E00121543","26ULGR","E65000001","E01023937","E02004992","5","7A3","E00121543","E01023937","E02004992","E33027668","E38000049","E63011549","C1","4A2",51.750312,-0.238701,"E37000048","","E23000027",11751,"E56000035","E54000025","E00190240","E01023937","E02004992"
"AL109UU","AL10 9UU","AL10 9UU","201509","202103","E10000015","E58000630","E07000241","E05011063","E04004819","1","521487","0207204","1","E18000006","E40000007","E92000001","E12000006","5","E14001573","E15000006","E24000005","E30000272","E16000150","E07000241","26ULGR","E00121543","26ULGR","E65000001","E01023937","E02004992","5","7A3","E00121543","E01023937","E02004992","E33027668","E38000049","E63011549","C1","4A2",51.750372,-0.241494,"E37000048","","E23000027",11751,"E56000035","E54000025","E00190240","E01023937","E02004992"
"AL109UW","AL10 9UW","AL10 9UW","201410","","E10000015","E58000630","E07000241","E05011063","E04004819","0","521768","0207458","1","E18000006","E40000007","E92000001","E12000006","5","E14001573","E15000006","E24000005","E30000272","E16000150","E07000241","26ULGR","E00121540","26ULGR","E65000001","E01023935","E02004992","5","7A3","E00121540","E01023935","E02004992","E33027668","E38000049","E63011549","C1","4A2",51.752589,-0.237360,"E37000048","","E23000027",20828,"E56000035","E54000025","E00190237","E01023935","E02004992"
"AL109UX","AL10 9UX","AL10 9UX","201410","","E10000015","E58000630","E07000241","E05011063","E04004819","0","521876","0207508","1","E18000006","E40000007","E92000001","E12000006","5","E14001573","E15000006","E24000005","E30000272","E16000150","E07000241","26ULGR","E00121540","26ULGR","E65000001","E01023935","E02004992","5","7A3","E00121540","E01023935","E02004992","E33027668","E38000049","E63011549","C1","4A2",51.753014,-0.235779,"E37000048","","E23000027",20828,"E56000035","E54000025","E00190230","E01023935","E02004992"
"AL109UY","AL10 9UY","AL10 9UY","201510","","E10000015","E58000630","E07000241","E05011063","E04004819","0","521884","0207436","1","E18000006","E40000007","E92000001","E12000006","5","E14001573","E15000006","E24000005","E30000272","E16000150","E07000241","26ULGR","E00121540","26ULGR","E65000001","E01023935","E02004992","5","7A3","E00121540","E01023935","E02004992","E33027668","E38000049","E63011549","C1","4A2",51.752366,-0.235688,"E37000048","","E23000027",20828,"E56000035","E54000025","E00190237","E01023935","E02004992"
"AL109UZ","AL10 9UZ","AL10 9UZ","201510","","E10000015","E58000630","E07000241","E05011063","E04004819","0","521959","0207315","1","E18000006","E40000007","E92000001","E12000006","5","E14001573","E15000006","E24000005","E30000272","E16000150","E07000241","26ULGR","E00121541","26ULGR","E65000001","E01023935","E02004992","5","7A3","E00121541","E01023935","E02004992","E33027668","E38000049","E63011549","C1","4C1",51.751267,-0.234621,"E37000048","","E23000027",20828,"E56000035","E54000025","E00121541","E01023935","E02004992"
"AL109WA","AL10 9WA","AL10 9WA","200112","200211","E10000015","E58000628","E07000241","E05011064","E04004819","1","520895","0209984","5","E18000006","E40000007","E92000001","E12000006","5","E14001573","E15000006","E24000005","E30000272","E16000150","E07000241","26ULGP","E00121506","26ULGP","E65000001","E01023928","E02004981","5","6A1","E00173237","E01033313","E02004981","E33025058","E38000049","E63011549","C1","4A2",51.775478,-0.249123,"E37000048","","E23000027",28266,"E56000035","E54000025","E00173237","E01033313","E02004981"
"AL109WB","AL10 9WB","AL10 9WB","200112","200310","E10000015","E58000628","E07000241","E05011064","E04004819","1","520895","0209984","5","E18000006","E40000007","E92000001","E12000006","5","E14001573","E15000006","E24000005","E30000272","E16000150","E07000241","26ULGP","E00121506","26ULGP","E65000001","E01023928","E02004981","5","6A1","E00173237","E01033313","E02004981","E33025058","E38000049","E63011549","C1","4A2",51.775478,-0.249123,"E37000048","","E23000027",28266,"E56000035","E54000025","E00173237","E01033313","E02004981"
"AL109WE","AL10 9WE","AL10 9WE","200112","200301","E10000015","E58000628","E07000241","E05011064","E04004819","1","520895","0209984","5","E18000006","E40000007","E92000001","E12000006","5","E14001573","E15000006","E24000005","E30000272","E16000150","E07000241","26ULGP","E00121506","26ULGP","E65000001","E01023928","E02004981","5","6A1","E00173237","E01033313","E02004981","E33025058","E38000049","E63011549","C1","4A2",51.775478,-0.249123,"E37000048","","E23000027",28266,"E56000035","E54000025","E00173237","E01033313","E02004981"
"AL109WF","AL10 9WF","AL10 9WF","200206","200602","E10000015","E58000628","E07000241","E05011061","E04004819","1","522507","0208780","1","E18000006","E40000007","E92000001","E12000006","5","E14001573","E15000006","E24000005","E30000272","E16000150","E07000241","26ULGM","E00121461","26ULGM","E65000001","E01023920","E02004991","5","2A2","E00121461","E01023920","E02004991","E33024486","E38000049","E63011549","C1","3A2",51.764308,-0.226194,"E37000048","","E23000027",6540,"E56000035","E54000025","E00121461","E01023920","E02004991"
"AL109WG","AL10 9WG","AL10 9WG","200206","200508","E10000015","E58000628","E07000241","E05011064","E04004819","1","520895","0209984","5","E18000006","E40000007","E92000001","E12000006","5","E14001573","E15000006","E24000005","E30000272","E16000150","E07000241","26ULGP","E00121506","26ULGP","E65000001","E01023928","E02004981","5","6A1","E00173237","E01033313","E02004981","E33025058","E38000049","E63011549","C1","4A2",51.775478,-0.249123,"E37000048","","E23000027",28266,"E56000035","E54000025","E00173237","E01033313","E02004981"
"AL109WH","AL10 9WH","AL10 9WH","200306","200508","E10000015","E58000630","E07000241","E05011063","E04004819","1","521518","0208162","6","E18000006","E40000007","E92000001","E12000006","5","E14001573","E15000006","E24000005","E30000272","E16000150","E07000241","26ULGR","E00121548","26ULGR","E65000001","E01023938","E02004989","5","4B4","E00121548","E01023938","E02004989","E33024492","E38000049","E63011549","C1","4C1",51.758970,-0.240734,"E37000048","","E23000027",25209,"E56000035","E54000025","E00190321","E01023938","E02004989"
"AL109WJ","AL10 9WJ","AL10 9WJ","200205","200309","E10000015","E58000628","E07000241","E05011064","E04004819","1","521869","0209447","5","E18000006","E40000007","E92000001","E12000006","5","E14001573","E15000006","E24000005","E30000272","E16000150","E07000241","26ULGP","E00121509","26ULGP","E65000001","E01023931","E02004989","5","6D1","E00173232","E01033308","E02004989","E33025057","E38000049","E63011549","C1","3C1",51.770441,-0.235201,"E37000048","","E23000027",18368,"E56000035","E54000025","E00173232","E01033308","E02004989"
"AL109WL","AL10 9WL","AL10 9WL","200308","200404","E10000015","E58000628","E07000241","E05011064","E04004819","1","521869","0209447","5","E18000006","E40000007","E92000001","E12000006","5","E14001573","E15000006","E24000005","E30000272","E16000150","E07000241","26ULGP","E00121509","26ULGP","E65000001","E01023931","E02004989","5","6D1","E00173232","E01033308","E02004989","E33025057","E38000049","E63011549","C1","3C1",51.770441,-0.235201,"E37000048","","E23000027",18368,"E56000035","E54000025","E00173232","E01033308","E02004989"
"AL109WN","AL10 9WN","AL10 9WN","201804","","E10000015","E58000628","E07000241","E05011064","E04004819","0","521261","0209085","1","E18000006","E40000007","E92000001","E12000006","5","E14001573","E15000006","E24000005","E30000272","E16000150","E07000241","26ULGP","E00121509","26ULGP","E65000001","E01023931","E02004989","5","6D1","E00173257","E01033314","E02004989","E33025062","E38000049","E63011549","C1","4A2",51.767326,-0.244109,"E37000048","","E23000027",19631,"E56000035","E54000025","E00173257","E01033314","E02004989"
"AL109WP","AL10 9WP","AL10 9WP","201908","","E10000015","E58000630","E07000241","E05011064","E04004819","0","521249","0208270","1","E18000006","E40000007","E92000001","E12000006","5","E14001573","E15000006","E24000005","E30000272","E16000150","E07000241","26ULGR","E00121549","26ULGR","E65000001","E01023938","E02004989","5","4C3","E00121549","E01023938","E02004989","E33027656","E38000049","E63011549","C1","6B1",51.760004,-0.244568,"E37000048","","E23000027",25209,"E56000035","E54000025","E00190257","E01023938","E02004989"
"AL109WW","AL10 9WW","AL10 9WW","201610","","E10000015","E58000630","E07000241","E05011063","E04004819","0","521800","0207192","1","E18000006","E40000007","E92000001","E12000006","5","E14001573","E15000006","E24000005","E30000272","E16000150","E07000241","26ULGR","E00121543","26ULGR","E65000001","E01023937","E02004992","5","7A3","E00121543","E01023937","E02004992","E33027668","E38000049","E63011549","C1","4A2",51.750196,-0.236967,"E37000048","","E23000027",11751,"E56000035","E54000025","E00190240","E01023937","E02004992"
"AL109WX","AL10 9WX","AL10 9WX","201610","","E10000015","E58000630","E07000241","E05011063","E04004819","0","521907","0207253","1","E18000006","E40000007","E92000001","E12000006","5","E14001573","E15000006","E24000005","E30000272","E16000150","E07000241","26ULGR","E00121543","26ULGR","E65000001","E01023937","E02004992","5","7A3","E00121543","E01023937","E02004992","E33027668","E38000049","E63011549","C1","4A2",51.750721,-0.235396,"E37000048","","E23000027",11751,"E56000035","E54000025","E00190240","E01023937","E02004992"
"AL109WY","AL10 9WY","AL10 9WY","200409","200607","E10000015","E58000628","E07000241","E05011061","E04004819","1","522507","0208780","1","E18000006","E40000007","E92000001","E12000006","5","E14001573","E15000006","E24000005","E30000272","E16000150","E07000241","26ULGM","E00121461","26ULGM","E65000001","E01023920","E02004991","5","2A2","E00121461","E01023920","E02004991","E33024486","E38000049","E63011549","C1","3A2",51.764308,-0.226194,"E37000048","","E23000027",6540,"E56000035","E54000025","E00121461","E01023920","E02004991"
"AL109WZ","AL10 9WZ","AL10 9WZ","200408","200601","E10000015","E58000628","E07000241","E05011061","E04004819","1","522507","0208780","1","E18000006","E40000007","E92000001","E12000006","5","E14001573","E15000006","E24000005","E30000272","E16000150","E07000241","26ULGM","E00121461","26ULGM","E65000001","E01023920","E02004991","5","2A2","E00121461","E01023920","E02004991","E33024486","E38000049","E63011549","C1","3A2",51.764308,-0.226194,"E37000048","","E23000027",6540,"E56000035","E54000025","E00121461","E01023920","E02004991"
"AL109XA","AL10 9XA","AL10 9XA","200206","200305","E10000015","E58000628","E07000241","E05011064","E04004819","1","520895","0209984","5","E18000006","E40000007","E92000001","E12000006","5","E14001573","E15000006","E24000005","E30000272","E16000150","E07000241","26ULGP","E00121506","26ULGP","E65000001","E01023928","E02004981","5","6A1","E00173237","E01033313","E02004981","E33025058","E38000049","E63011549","C1","4A2",51.775478,-0.249123,"E37000048","","E23000027",28266,"E56000035","E54000025","E00173237","E01033313","E02004981"
"AL109XB","AL10 9XB","AL10 9XB","202301","","E10000015","E58000630","E07000241","E05011063","E04004819","0","522052","0207336","1","E18000006","E40000007","E92000001","E12000006","5","E14001573","E15000006","E24000005","E30000272","E16000150","E07000241","26ULGR","E00121543","26ULGR","E65000001","E01023937","E02004992","5","7A3","E00121543","E01023937","E02004992","E33027668","E38000049","E63011549","C1","4A2",51.751436,-0.233267,"E37000048","","E23000027",11751,"E56000035","E54000025","E00190240","E01023937","E02004992"
"AL109XD","AL10 9XD","AL10 9XD","202310","202406","E10000015","E58000628","E07000241","E05011064","E04004819","0","521643","0208771","1","E18000006","E40000007","E92000001","E12000006","5","E14001573","E15000006","E24000005","E30000272","E16000150","E07000241","26ULGP","E00121509","26ULGP","E65000001","E01023931","E02004989","5","6D1","E00173267","E01033308","E02004989","E33025063","E38000049","E63011549","C1","2B2",51.764421,-0.238687,"E37000048","","E23000027",18368,"E56000035","E54000025","E00173267","E01033308","E02004989"
"AL109XE","AL10 9XE","AL10 9XE","202310","","E10000015","E58000628","E07000241","E05011064","E04004819","0","521643","0208771","1","E18000006","E40000007","E92000001","E12000006","5","E14001573","E15000006","E24000005","E30000272","E16000150","E07000241","26ULGP","E00121509","26ULGP","E65000001","E01023931","E02004989","5","6D1","E00173267","E01033308","E02004989","E33025063","E38000049","E63011549","C1","2B2",51.764421,-0.238687,"E37000048","","E23000027",18368,"E56000035","E54000025","E00173267","E01033308","E02004989"
"AL109XN","AL10 9XN","AL10 9XN","200211","200602","E10000015","E58000628","E07000241","E05011061","E04004819","1","522507","0208780","1","E18000006","E40000007","E92000001","E12000006","5","E14001573","E15000006","E24000005","E30000272","E16000150","E07000241","26ULGM","E00121461","26ULGM","E65000001","E01023920","E02004991","5","2A2","E00121461","E01023920","E02004991","E33024486","E38000049","E63011549","C1","3A2",51.764308,-0.226194,"E37000048","","E23000027",6540,"E56000035","E54000025","E00121461","E01023920","E02004991"
"AL109XQ","AL10 9XQ","AL10 9XQ","200403","","E10000015","E58000628","E07000241","E05011061","E04004819","1","522503","0208775","1","E18000006","E40000007","E92000001","E12000006","5","E14001573","E15000006","E24000005","E30000272","E16000150","E07000241","26ULGM","E00121461","26ULGM","E65000001","E01023920","E02004991","5","2A2","E00121461","E01023920","E02004991","E33024486","E38000049","E63011549","C1","3A2",51.764264,-0.226254,"E37000048","","E23000027",6540,"E56000035","E54000025","E00121461","E01023920","E02004991"
"AL109XZ","AL10 9XZ","AL10 9XZ","200406","201107","E10000015","E58000628","E07000241","E05011061","E04004819","1","522507","0208780","1","E18000006","E40000007","E92000001","E12000006","5","E14001573","E15000006","E24000005","E30000272","E16000150","E07000241","26ULGM","E00121461","26ULGM","E65000001","E01023920","E02004991","5","2A2","E00121461","E01023920","E02004991","E33024486","E38000049","E63011549","C1","3A2",51.764308,-0.226194,"E37000048","","E23000027",6540,"E56000035","E54000025","E00121461","E01023920","E02004991"
"AL109YN","AL10 9YN","AL10 9YN","200307","200601","E10000015","E58000628","E07000241","E05011061","E04004819","1","522507","0208780","1","E18000006","E40000007","E92000001","E12000006","5","E14001573","E15000006","E24000005","E30000272","E16000150","E07000241","26ULGM","E00121461","26ULGM","E65000001","E01023920","E02004991","5","2A2","E00121461","E01023920","E02004991","E33024486","E38000049","E63011549","C1","3A2",51.764308,-0.226194,"E37000048","","E23000027",6540,"E56000035","E54000025","E00121461","E01023920","E02004991"
"AL109YQ","AL10 9YQ","AL10 9YQ","200309","200509","E10000015","E58000628","E07000241","E05011064","E04004819","1","521869","0209447","5","E18000006","E40000007","E92000001","E12000006","5","E14001573","E15000006","E24000005","E30000272","E16000150","E07000241","26ULGP","E00121509","26ULGP","E65000001","E01023931","E02004989","5","6D1","E00173232","E01033308","E02004989","E33025057","E38000049","E63011549","C1","3C1",51.770441,-0.235201,"E37000048","","E23000027",18368,"E56000035","E54000025","E00173232","E01033308","E02004989"
"AL109YT","AL10 9YT","AL10 9YT","200404","200805","E10000015","E58000628","E07000241","E05011061","E04004819","1","522507","0208780","1","E18000006","E40000007","E92000001","E12000006","5","E14001573","E15000006","E24000005","E30000272","E16000150","E07000241","26ULGM","E00121461","26ULGM","E65000001","E01023920","E02004991","5","2A2","E00121461","E01023920","E02004991","E33024486","E38000049","E63011549","C1","3A2",51.764308,-0.226194,"E37000048","","E23000027",6540,"E56000035","E54000025","E00121461","E01023920","E02004991"
"AL109YU","AL10 9YU","AL10 9YU","200310","201401","E10000015","E58000628","E07000241","E05011061","E04004819","1","522507","0208780","1","E18000006","E40000007","E92000001","E12000006","5","E14001573","E15000006","E24000005","E30000272","E16000150","E07000241","26ULGM","E00121461","26ULGM","E65000001","E01023920","E02004991","5","2A2","E00121461","E01023920","E02004991","E33024486","E38000049","E63011549","C1","3A2",51.764308,-0.226194,"E37000048","","E23000027",6540,"E56000035","E54000025","E00121461","E01023920","E02004991"
"AL109YX","AL10 9YX","AL10 9YX","200307","201608","E10000015","E58000628","E07000241","E05011061","E04004819","1","522503","0208775","1","E18000006","E40000007","E92000001","E12000006","5","E14001573","E15000006","E24000005","E30000272","E16000150","E07000241","26ULGM","E00121461","26ULGM","E65000001","E01023920","E02004991","5","2A2","E00121461","E01023920","E02004991","E33024486","E38000049","E63011549","C1","3A2",51.764264,-0.226254,"E37000048","","E23000027",6540,"E56000035","E54000025","E00121461","E01023920","E02004991"
"AL109YY","AL10 9YY","AL10 9YY","199412","200108","E10000015","E58000628","E07000241","E05011064","E04004819","1","521231","0208719","1","E18000006","E40000007","E92000001","E12000006","5","E14001573","E15000006","E24000005","E30000272","E16000150","E07000241","26ULGP","E00121509","26ULGP","E65000001","E01023931","E02004989","5","6D1","E00173265","E01033308","E02004989","E33027653","E38000049","E63011549","C1","3C1",51.764037,-0.244696,"E37000048","","E23000027",18368,"E56000035","E54000025","E00190317","E01033308","E02004989"
"AL109YZ","AL10 9YZ","AL10 9YZ","200307","200602","E10000015","E58000628","E07000241","E05011061","E04004819","1","522507","0208780","1","E18000006","E40000007","E92000001","E12000006","5","E14001573","E15000006","E24000005","E30000272","E16000150","E07000241","26ULGM","E00121461","26ULGM","E65000001","E01023920","E02004991","5","2A2","E00121461","E01023920","E02004991","E33024486","E38000049","E63011549","C1","3A2",51.764308,-0.226194,"E37000048","","E23000027",6540,"E56000035","E54000025","E00121461","E01023920","E02004991"
"AL109ZD","AL10 9ZD","AL10 9ZD","200408","200602","E10000015","E58000628","E07000241","E05011061","E04004819","1","522507","0208780","1","E18000006","E40000007","E92000001","E12000006","5","E14001573","E15000006","E24000005","E30000272","E16000150","E07000241","26ULGM","E00121461","26ULGM","E65000001","E01023920","E02004991","5","2A2","E00121461","E01023920","E02004991","E33024486","E38000049","E63011549","C1","3A2",51.764308,-0.226194,"E37000048","","E23000027",6540,"E56000035","E54000025","E00121461","E01023920","E02004991"
"AL109ZE","AL10 9ZE","AL10 9ZE","199806","200006","E10000015","E58000630","E07000241","E05011063","E04004819","1","521627","0207668","6","E18000006","E40000007","E92000001","E12000006","5","E14001573","E15000006","E24000005","E30000272","E16000150","E07000241","26ULGR","E00121554","26ULGR","E65000001","E01023935","E02004992","5","1C3","E00121554","E01023935","E02004992","E33027668","E38000049","E63011549","C1","4A2",51.754506,-0.239328,"E37000048","","E23000027",20828,"E56000035","E54000025","E00121554","E01023935","E02004992"
"AL109ZF","AL10 9ZF","AL10 9ZF","199812","199912","E10000015","E58000630","E07000241","E05011063","E04004819","1","521622","0207671","6","E18000006","E40000007","E92000001","E12000006","5","E14001573","E15000006","E24000005","E30000272","E16000150","E07000241","26ULGR","E00121554","26ULGR","E65000001","E01023935","E02004992","5","1C3","E00121554","E01023935","E02004992","E33027668","E38000049","E63011549","C1","4A2",51.754534,-0.239399,"E37000048","","E23000027",20828,"E56000035","E54000025","E00121554","E01023935","E02004992"
"AL109ZG","AL10 9ZG","AL10 9ZG","199906","201203","E10000015","E58000628","E07000241","E05011061","E04004819","1","522507","0208780","1","E18000006","E40000007","E92000001","E12000006","5","E14001573","E15000006","E24000005","E30000272","E16000150","E07000241","26ULGM","E00121461","26ULGM","E65000001","E01023920","E02004991","5","2A2","E00121461","E01023920","E02004991","E33024486","E38000049","E63011549","C1","3A2",51.764308,-0.226194,"E37000048","","E23000027",6540,"E56000035","E54000025","E00121461","E01023920","E02004991"
"AL109ZH","AL10 9ZH","AL10 9ZH","199906","200006","E10000015","E58000630","E07000241","E05011063","E04004819","1","521627","0207668","6","E18000006","E40000007","E92000001","E12000006","5","E14001573","E15000006","E24000005","E30000272","E16000150","E07000241","26ULGR","E00121554","26ULGR","E65000001","E01023935","E02004992","5","1C3","E00121554","E01023935","E02004992","E33027668","E38000049","E63011549","C1","4A2",51.754506,-0.239328,"E37000048","","E23000027",20828,"E56000035","E54000025","E00121554","E01023935","E02004992"
"AL109ZJ","AL10 9ZJ","AL10 9ZJ","200210","200602","E10000015","E58000628","E07000241","E05011061","E04004819","1","522507","0208780","1","E18000006","E40000007","E92000001","E12000006","5","E14001573","E15000006","E24000005","E30000272","E16000150","E07000241","26ULGM","E00121461","26ULGM","E65000001","E01023920","E02004991","5","2A2","E00121461","E01023920","E02004991","E33024486","E38000049","E63011549","C1","3A2",51.764308,-0.226194,"E37000048","","E23000027",6540,"E56000035","E54000025","E00121461","E01023920","E02004991"
"AL109ZL","AL10 9ZL","AL10 9ZL","200012","200103","E10000015","E58000628","E07000241","E05011064","E04004819","1","521231","0208719","5","E18000006","E40000007","E92000001","E12000006","5","E14001573","E15000006","E24000005","E30000272","E16000150","E07000241","26ULGP","E00121509","26ULGP","E65000001","E01023931","E02004989","5","6D1","E00173265","E01033308","E02004989","E33027653","E38000049","E63011549","C1","3C1",51.764037,-0.244696,"E37000048","","E23000027",18368,"E56000035","E54000025","E00190317","E01033308","E02004989"
"AL109ZN","AL10 9ZN","AL10 9ZN","200610","201005","E10000015","E58000628","E07000241","E05011061","E04004819","1","522507","0208780","1","E18000006","E40000007","E92000001","E12000006","5","E14001573","E15000006","E24000005","E30000272","E16000150","E07000241","26ULGM","E00121461","26ULGM","E65000001","E01023920","E02004991","5","2A2","E00121461","E01023920","E02004991","E33024486","E38000049","E63011549","C1","3A2",51.764308,-0.226194,"E37000048","","E23000027",6540,"E56000035","E54000025","E00121461","E01023920","E02004991"
"AL109ZP","AL10 9ZP","AL10 9ZP","200006","200110","E10000015","E58000628","E07000241","E05011064","E04004819","1","521600","0209000","5","E18000006","E40000007","E92000001","E12000006","5","E14001573","E15000006","E24000005","E30000272","E16000150","E07000241","26ULGP","E00121509","26ULGP","E65000001","E01023931","E02004989","5","6D1","E00173232","E01033308","E02004989","E33025057","E38000049","E63011549","C1","3C1",51.766483,-0.239253,"E37000048","","E23000027",18368,"E56000035","E54000025","E00173232","E01033308","E02004989"
"AL109ZQ","AL10 9ZQ","AL10 9ZQ","200006","200207","E10000015","E58000628","E07000241","E05011061","E04004819","1","522507","0208780","1","E18000006","E40000007","E92000001","E12000006","5","E14001573","E15000006","E24000005","E30000272","E16000150","E07000241","26ULGM","E00121461","26ULGM","E65000001","E01023920","E02004991","5","2A2","E00121461","E01023920","E02004991","E33024486","E38000049","E63011549","C1","3A2",51.764308,-0.226194,"E37000048","","E23000027",6540,"E56000035","E54000025","E00121461","E01023920","E02004991"
"AL109ZR","AL10 9ZR","AL10 9ZR","200401","200507","E10000015","E58000628","E07000241","E05011061","E04004819","1","522507","0208780","5","E18000006","E40000007","E92000001","E12000006","5","E14001573","E15000006","E24000005","E30000272","E16000150","E07000241","26ULGM","E00121461","26ULGM","E65000001","E01023920","E02004991","5","2A2","E00121461","E01023920","E02004991","E33024486","E38000049","E63011549","C1","3A2",51.764308,-0.226194,"E37000048","","E23000027",6540,"E56000035","E54000025","E00121461","E01023920","E02004991"
"AL109ZS","AL10 9ZS","AL10 9ZS","200607","201008","E10000015","E58000628","E07000241","E05011061","E04004819","1","522507","0208780","1","E18000006","E40000007","E92000001","E12000006","5","E14001573","E15000006","E24000005","E30000272","E16000150","E07000241","26ULGM","E00121461","26ULGM","E65000001","E01023920","E02004991","5","2A2","E00121461","E01023920","E02004991","E33024486","E38000049","E63011549","C1","3A2",51.764308,-0.226194,"E37000048","","E23000027",6540,"E56000035","E54000025","E00121461","E01023920","E02004991"
"AL109ZT","AL10 9ZT","AL10 9ZT","200006","200408","E10000015","E58000628","E07000241","E05011061","E04004819","1","522507","0208780","1","E18000006","E40000007","E92000001","E12000006","5","E14001573","E15000006","E24000005","E30000272","E16000150","E07000241","26ULGM","E00121461","26ULGM","E65000001","E01023920","E02004991","5","2A2","E00121461","E01023920","E02004991","E33024486","E38000049","E63011549","C1","3A2",51.764308,-0.226194,"E37000048","","E23000027",6540,"E56000035","E54000025","E00121461","E01023920","E02004991"
"AL109ZU","AL10 9ZU","AL10 9ZU","199912","200107","E10000015","E58000630","E07000241","E05011063","E04004819","1","521627","0207668","6","E18000006","E40000007","E92000001","E12000006","5","E14001573","E15000006","E24000005","E30000272","E16000150","E07000241","26ULGR","E00121554","26ULGR","E65000001","E01023935","E02004992","5","1C3","E00121554","E01023935","E02004992","E33027668","E38000049","E63011549","C1","4A2",51.754506,-0.239328,"E37000048","","E23000027",20828,"E56000035","E54000025","E00121554","E01023935","E02004992"
"AL109ZW","AL10 9ZW","AL10 9ZW","199912","200104","E10000015","E58000630","E07000241","E05011063","E04004819","1","521627","0207668","6","E18000006","E40000007","E92000001","E12000006","5","E14001573","E15000006","E24000005","E30000272","E16000150","E07000241","26ULGR","E00121554","26ULGR","E65000001","E01023935","E02004992","5","1C3","E00121554","E01023935","E02004992","E33027668","E38000049","E63011549","C1","4A2",51.754506,-0.239328,"E37000048","","E23000027",20828,"E56000035","E54000025","E00121554","E01023935","E02004992"
"AL109ZX","AL10 9ZX","AL10 9ZX","199906","201811","E10000015","E58000628","E07000241","E05011061","E04004819","1","522503","0208775","1","E18000006","E40000007","E92000001","E12000006","5","E14001573","E15000006","E24000005","E30000272","E16000150","E07000241","26ULGM","E00121461","26ULGM","E65000001","E01023920","E02004991","5","2A2","E00121461","E01023920","E02004991","E33024486","E38000049","E63011549","C1","3A2",51.764264,-0.226254,"E37000048","","E23000027",6540,"E56000035","E54000025","E00121461","E01023920","E02004991"
"AL109ZY","AL10 9ZY","AL10 9ZY","199902","200009","E10000015","E58000628","E07000241","E05011064","E04004819","1","521600","0209000","8","E18000006","E40000007","E92000001","E12000006","5","E14001573","E15000006","E24000005","E30000272","E16000150","E07000241","26ULGP","E00121509","26ULGP","E65000001","E01023931","E02004989","5","6D1","E00173232","E01033308","E02004989","E33025057","E38000049","E63011549","C1","3C1",51.766483,-0.239253,"E37000048","","E23000027",18368,"E56000035","E54000025","E00173232","E01033308","E02004989"
"AL2 1AA","AL2  1AA","AL2 1AA","198001","199912","E10000015","E58000649","E07000240","E05013960","E04013285","1","516672","0203834","1","E18000006","E40000007","E92000001","E12000006","5","E14001507","E15000006","E24000005","E30000237","E16000150","E07000240","26UGGG","E00120377","26UGGG","E65000001","E01023707","E02004941","5","1C3","E00169676","E01033029","E02004941","E33027476","E38000079","","C1","5A2",51.721102,-0.312364,"E37000048","","E23000027",24035,"E56000035","E54000025","E00169676","E01033029","E02004941"
"AL2 1AB","AL2  1AB","AL2 1AB","200501","","E10000015","E58000649","E07000240","E05013957","E04013285","0","518714","0203402","1","E18000006","E40000007","E92000001","E12000006","5","E14001507","E15000006","E24000005","E30000237","E16000150","E07000240","26UGGG","E00120382","26UGGG","E65000001","E01023704","E02004941","5","6D1","E00120382","E01023704","E02004941","E33027478","E38000079","E63011616","C1","4A2",51.716797,-0.282939,"E37000048","","E23000027",22327,"E56000035","E54000025","E00120382","E01023704","E02004941"
"AL2 1AD","AL2  1AD","AL2 1AD","198001","","E10000015","E58000649","E07000240","E05013960","E04013285","0","517351","0203336","1","E18000006","E40000007","E92000001","E12000006","5","E14001507","E15000006","E24000005","E30000237","E16000150","E07000240","26UGGG","E00120377","26UGGG","E65000001","E01023707","E02004941","5","1C3","E00169674","E01033029","E02004941","E33027476","E38000079","","C1","4A3",51.716491,-0.302683,"E37000048","","E23000027",24035,"E56000035","E54000025","E00169674","E01033029","E02004941"
"AL2 1AE","AL2  1AE","AL2 1AE","198001","","E10000015","E58000649","E07000240","E05013957","E04013285","0","517746","0202682","1","E18000006","E40000007","E92000001","E12000006","5","E14001507","E15000006","E24000005","E30000237","E16000150","E07000240","26UGGG","E00120376","26UGGG","E65000001","E01023708","E02004941","5","6D1","E00120376","E01023708","E02004941","E33027478","E38000079","E63011616","C1","5A2",51.710530,-0.297188,"E37000048","","E23000027",19205,"E56000035","E54000025","E00120376","E01023708","E02004941"
"AL2 1AF","AL2  1AF","AL2 1AF","198001","","E10000015","E58000649","E07000240","E05013957","E04013285","1","517483","0202873","1","E18000006","E40000007","E92000001","E12000006","5","E14001507","E15000006","E24000005","E30000237","E16000150","E07000240","26UGGG","E00120376","26UGGG","E65000001","E01023708","E02004941","5","6D1","E00120376","E01023708","E02004941","E33027478","E38000079","E63011616","C1","5A2",51.712297,-0.300952,"E37000048","","E23000027",19205,"E56000035","E54000025","E00120376","E01023708","E02004941"
"AL2 1AG","AL2  1AG","AL2 1AG","198001","","E10000015","E58000649","E07000240","E05013957","E04013285","0","517498","0202817","1","E18000006","E40000007","E92000001","E12000006","5","E14001507","E15000006","E24000005","E30000237","E16000150","E07000240","26UGGG","E00120376","26UGGG","E65000001","E01023708","E02004941","5","6D1","E00120376","E01023708","E02004941","E33027478","E38000079","E63011616","C1","5A2",51.711796,-0.300731,"E37000048","","E23000027",19205,"E56000035","E54000025","E00120376","E01023708","E02004941"
"AL2 1AH","AL2  1AH","AL2 1AH","198001","","E10000015","E58000649","E07000240","E05013957","E04013285","0","517540","0203157","1","E18000006","E40000007","E92000001","E12000006","5","E14001507","E15000006","E24000005","E30000237","E16000150","E07000240","26UGGG","E00120376","26UGGG","E65000001","E01023708","E02004941","5","6D1","E00120376","E01023708","E02004941","E33027478","E38000079","E63011616","C1","5A2",51.714843,-0.300008,"E37000048","","E23000027",19205,"E56000035","E54000025","E00120376","E01023708","E02004941"
"AL2 1AJ","AL2  1AJ","AL2 1AJ","201604","","E10000015","E58000649","E07000240","E05013960","E04013285","0","516425","0204439","1","E18000006","E40000007","E92000001","E12000006","5","E14001507","E15000006","E24000005","E30000237","E16000150","E07000240","26UGGG","E00120377","26UGGG","E65000001","E01023707","E02004941","5","1C3","E00169678","E01033029","E02004941","E33027476","E38000079","","C1","5A2",51.726596,-0.315713,"E37000048","","E23000027",24035,"E56000035","E54000025","E00169678","E01033029","E02004941"
"AL2 1AL","AL2  1AL","AL2 1AL","198001","199912","E10000015","E58000649","E07000240","E05013960","E04013285","0","516425","0204441","1","E18000006","E40000007","E92000001","E12000006","5","E14001507","E15000006","E24000005","E30000237","E16000150","E07000240","26UGGG","E00120377","26UGGG","E65000001","E01023707","E02004941","5","1C3","E00169678","E01033029","E02004941","E33027476","E38000079","","C1","5A2",51.726609,-0.315735,"E37000048","","E23000027",24035,"E56000035","E54000025","E00169678","E01033029","E02004941"
"AL2 1AN","AL2  1AN","AL2 1AN","198001","199912","E10000015","E58000649","E07000240","E05013960","E04013285","0","516463","0204172","1","E18000006","E40000007","E92000001","E12000006","5","E14001507","E15000006","E24000005","E30000237","E16000150","E07000240","26UGGG","E00120377","26UGGG","E65000001","E01023707","E02004941","5","1C3","E00169678","E01033029","E02004941","E33027476","E38000079","","C1","5A2",51.724184,-0.315275,"E37000048","","E23000027",24035,"E56000035","E54000025","E00169678","E01033029","E02004941"
"AL2 1AP","AL2  1AP","AL2 1AP","198001","","E10000015","E58000649","E07000240","E05013960","E04013285","0","516193","0204845","1","E18000006","E40000007","E92000001","E12000006","5","E14001507","E15000006","E24000005","E30000237","E16000150","E07000240","26UGGB","E00120279","26UGGB","E65000001","E01023684","E02004939","5","6D2","E00120279","E01023684","E02004939","E33027469","E38000079","","C1","5A2",51.730288,-0.318958,"E37000048","","E23000027",28935,"E56000035","E54000025","E00120279","E01023684","E02004939"
"AL2 1AQ","AL2  1AQ","AL2 1AQ","199706","199812","E10000015","E58000649","E07000240","E05013957","E04013285","1","517760","0204095","6","E18000006","E40000007","E92000001","E12000006","5","E14001507","E15000006","E24000005","E30000237","E16000150","E07000240","26UGGG","E00120393","26UGGG","E65000001","E01023706","E02004941","5","6B2","E00120393","E01023706","E02004941","E33027475","E38000079","E63011616","C1","4A3",51.723221,-0.296532,"E37000048","","E23000027",27603,"E56000035","E54000025","E00120393","E01023706","E02004941"
"AL2 1AR","AL2  1AR","AL2 1AR","198001","199412","E10000015","E58000649","E07000240","E05013957","E04013285","1","517400","0202900","8","E18000006","E40000007","E92000001","E12000006","5","E14001507","E15000006","E24000005","E30000237","E16000150","E07000240","26UGGG","E00120376","26UGGG","E65000001","E01023708","E02004941","5","6D1","E00120376","E01023708","E02004941","E33027478","E38000079","E63011616","C1","5A2",51.712557,-0.302144,"E37000048","","E23000027",19205,"E56000035","E54000025","E00120376","E01023708","E02004941"
"AL2 1AS","AL2  1AS","AL2 1AS","199606","199806","E10000015","E58000649","E07000240","E05013957","E04013285","1","517759","0204094","6","E18000006","E40000007","E92000001","E12000006","5","E14001507","E15000006","E24000005","E30000237","E16000150","E07000240","26UGGG","E00120393","26UGGG","E65000001","E01023706","E02004941","5","6B2","E00120393","E01023706","E02004941","E33027475","E38000079","E63011616","C1","4A3",51.723212,-0.296547,"E37000048","","E23000027",27603,"E56000035","E54000025","E00120393","E01023706","E02004941"
"AL2 1AT","AL2  1AT","AL2 1AT","198001","","E10000015","E58000649","E07000240","E05013957","E04013285","0","518476","0203558","1","E18000006","E40000007","E92000001","E12000006","5","E14001507","E15000006","E24000005","E30000237","E16000150","E07000240","26UGGG","E00120382","26UGGG","E65000001","E01023704","E02004941","5","6D1","E00120382","E01023704","E02004941","E33027478","E38000079","E63011616","C1","4A2",51.718244,-0.286354,"E37000048","","E23000027",22327,"E56000035","E54000025","E00120382","E01023704","E02004941"
"AL2 1AU","AL2  1AU","AL2 1AU","198001","","E10000015","E58000649","E07000240","E05013957","E04013285","0","518489","0203589","1","E18000006","E40000007","E92000001","E12000006","5","E14001507","E15000006","E24000005","E30000237","E16000150","E07000240","26UGGG","E00120381","26UGGG","E65000001","E01023704","E02004941","5","6D1","E00120381","E01023704","E02004941","E33027478","E38000079","E63011616","C1","5A2",51.718520,-0.286155,"E37000048","","E23000027",22327,"E56000035","E54000025","E00120381","E01023704","E02004941"
"AL2 1AW","AL2  1AW","AL2 1AW","198001","","E10000015","E58000649","E07000240","E05013960","E04013285","0","516251","0204601","1","E18000006","E40000007","E92000001","E12000006","5","E14001507","E15000006","E24000005","E30000237","E16000150","E07000240","26UGGG","E00120377","26UGGG","E65000001","E01023707","E02004941","5","1C3","E00169673","E01033029","E02004941","E33027476","E38000079","","C1","4A1",51.728083,-0.318200,"E37000048","","E23000027",24035,"E56000035","E54000025","E00169673","E01033029","E02004941"
"AL2 1AX","AL2  1AX","AL2 1AX","198001","200006","E10000015","E58000649","E07000240","E05013957","E04013285","1","518240","0203827","1","E18000006","E40000007","E92000001","E12000006","5","E14001507","E15000006","E24000005","E30000237","E16000150","E07000240","26UGGG","E00120370","26UGGG","E65000001","E01023704","E02004941","5","6B2","E00120370","E01023704","E02004941","E33024313","E38000079","E63011616","C1","5B3",51.720711,-0.289677,"E37000048","","E23000027",22327,"E56000035","E54000025","E00120370","E01023704","E02004941"
"AL2 1AY","AL2  1AY","AL2 1AY","198001","202301","E10000015","E58000649","E07000240","E05013957","E04013285","1","518246","0204001","1","E18000006","E40000007","E92000001","E12000006","5","E14001507","E15000006","E24000005","E30000237","E16000150","E07000240","26UGGG","E00120370","26UGGG","E65000001","E01023704","E02004941","5","6B2","E00120370","E01023704","E02004941","E33024313","E38000079","E63011616","C1","5B3",51.722274,-0.289531,"E37000048","","E23000027",22327,"E56000035","E54000025","E00120370","E01023704","E02004941"
"AL2 1AZ","AL2  1AZ","AL2 1AZ","198001","","E10000015","E58000649","E07000240","E05013957","E04013285","0","518468","0203776","1","E18000006","E40000007","E92000001","E12000006","5","E14001507","E15000006","E24000005","E30000237","E16000150","E07000240","26UGGG","E00120374","26UGGG","E65000001","E01023704","E02004941","5","2B1","E00120374","E01023704","E02004941","E33027478","E38000079","E63011616","C1","5A3",51.720211,-0.286372,"E37000048","","E23000027",22327,"E56000035","E54000025","E00120374","E01023704","E02004941"
"AL2 1BA","AL2  1BA","AL2 1BA","198001","","E10000015","E58000649","E07000240","E05013957","E04013285","0","518681","0203869","1","E18000006","E40000007","E92000001","E12000006","5","E14001507","E15000006","E24000005","E30000237","E16000150","E07000240","26UGGG","E00120374","26UGGG","E65000001","E01023704","E02004941","5","2B1","E00120374","E01023704","E02004941","E33027478","E38000079","","C1","5A3",51.720996,-0.283282,"E37000048","","E23000027",22327,"E56000035","E54000025","E00120374","E01023704","E02004941"
"AL2 1BB","AL2  1BB","AL2 1BB","200709","","E10000015","E58000655","E07000098","E05012192","E04013252","0","518796","0203977","1","E18000006","E40000007","E92000001","E12000006","5","E14001284","E15000006","E24000005","E30000272","E16000150","E07000098","26UEGM","E00119767","26UEGM","E65000001","E01023584","E02004899","7","3A2","E00119767","E01023584","E02004899","E33027279","E38000079","","F1","5B3",51.721948,-0.281557,"E37000048","","E23000027",10656,"E56000035","E54000025","E00119767","E01023584","E02004899"
"AL2 1BD","AL2  1BD","AL2 1BD","198001","201008","E10000015","E58000649","E07000240","E05013957","E04013285","1","518372","0203575","1","E18000006","E40000007","E92000001","E12000006","5","E14001507","E15000006","E24000005","E30000237","E16000150","E07000240","26UGGG","E00120370","26UGGG","E65000001","E01023704","E02004941","5","6B2","E00120370","E01023704","E02004941","E33024313","E38000079","E63011616","C1","5B3",51.718419,-0.287853,"E37000048","","E23000027",22327,"E56000035","E54000025","E00120370","E01023704","E02004941"
"AL2 1BE","AL2  1BE","AL2 1BE","198001","","E10000015","E58000649","E07000240","E05013957","E04013285","0","518396","0203701","1","E18000006","E40000007","E92000001","E12000006","5","E14001507","E15000006","E24000005","E30000237","E16000150","E07000240","26UGGG","E00120381","26UGGG","E65000001","E01023704","E02004941","5","6D1","E00120381","E01023704","E02004941","E33027478","E38000079","E63011616","C1","5A2",51.719546,-0.287463,"E37000048","","E23000027",22327,"E56000035","E54000025","E00120381","E01023704","E02004941"
"AL2 1BF","AL2  1BF","AL2 1BF","199706","199912","E10000015","E58000649","E07000240","E05013957","E04013285","1","517760","0204095","6","E18000006","E40000007","E92000001","E12000006","5","E14001507","E15000006","E24000005","E30000237","E16000150","E07000240","26UGGG","E00120393","26UGGG","E65000001","E01023706","E02004941","5","6B2","E00120393","E01023706","E02004941","E33027475","E38000079","E63011616","C1","4A3",51.723221,-0.296532,"E37000048","","E23000027",27603,"E56000035","E54000025","E00120393","E01023706","E02004941"
"AL2 1BG","AL2  1BG","AL2 1BG","198001","","E10000015","E58000649","E07000240","E05013957","E04013285","0","518407","0203619","1","E18000006","E40000007","E92000001","E12000006","5","E14001507","E15000006","E24000005","E30000237","E16000150","E07000240","26UGGG","E00120381","26UGGG","E65000001","E01023704","E02004941","5","6D1","E00120381","E01023704","E02004941","E33027478","E38000079","E63011616","C1","5A2",51.718812,-0.287308,"E37000048","","E23000027",22327,"E56000035","E54000025","E00120381","E01023704","E02004941"
"AL2 1BH","AL2  1BH","AL2 1BH","199412","","E10000015","E58000649","E07000240","E05013957","E04013285","0","518549","0203493","1","E18000006","E40000007","E92000001","E12000006","5","E14001507","E15000006","E24000005","E30000237","E16000150","E07000240","26UGGG","E00120382","26UGGG","E65000001","E01023704","E02004941","5","6D1","E00120382","E01023704","E02004941","E33027478","E38000079","E63011616","C1","4A2",51.717645,-0.285320,"E37000048","","E23000027",22327,"E56000035","E54000025","E00120382","E01023704","E02004941"
"AL2 1BJ","AL2  1BJ","AL2 1BJ","200601","","E10000015","E58000649","E07000240","E05013957","E04013285","0","518348","0203645","1","E18000006","E40000007","E92000001","E12000006","5","E14001507","E15000006","E24000005","E30000237","E16000150","E07000240","26UGGG","E00120381","26UGGG","E65000001","E01023704","E02004941","5","6D1","E00120381","E01023704","E02004941","E33027478","E38000079","E63011616","C1","5A2",51.719059,-0.288152,"E37000048","","E23000027",22327,"E56000035","E54000025","E00120381","E01023704","E02004941"
"AL2 1BL","AL2  1BL","AL2 1BL","198001","","E10000015","E58000649","E07000240","E05013957","E04013285","1","518458","0203643","1","E18000006","E40000007","E92000001","E12000006","5","E14001507","E15000006","E24000005","E30000237","E16000150","E07000240","26UGGG","E00120381","26UGGG","E65000001","E01023704","E02004941","5","6D1","E00120381","E01023704","E02004941","E33027478","E38000079","E63011616","C1","5A2",51.719012,-0.286585,"E37000048","","E23000027",22327,"E56000035","E54000025","E00120381","E01023704","E02004941"
"AL2 1BN","AL2  1BN","AL2 1BN","199201","199912","E10000015","E58000649","E07000240","E05013957","E04013285","1","518500","0203500","8","E18000006","E40000007","E92000001","E12000006","5","E14001507","E15000006","E24000005","E30000237","E16000150","E07000240","26UGGG","E00120382","26UGGG","E65000001","E01023704","E02004941","5","6D1","E00120382","E01023704","E02004941","E33027478","E38000079","E63011616","C1","4A2",51.717718,-0.286026,"E37000048","","E23000027",22327,"E56000035","E54000025","E00120382","E01023704","E02004941"
"AL2 1BP","AL2  1BP","AL2 1BP","198001","","E10000015","E58000649","E07000240","E05013957","E04013285","0","518660","0203456","1","E18000006","E40000007","E92000001","E12000006","5","E14001507","E15000006","E24000005","E30000237","E16000150","E07000240","26UGGG","E00120382","26UGGG","E65000001","E01023704","E02004941","5","6D1","E00120382","E01023704","E02004941","E33027478","E38000079","E63011616","C1","4A2",51.717294,-0.283702,"E37000048","","E23000027",22327,"E56000035","E54000025","E00120382","E01023704","E02004941"
"AL2 1BQ","AL2  1BQ","AL2 1BQ","198001","200601","E10000015","E58000649","E07000240","E05013957","E04013285","1","518348","0203645","1","E18000006","E40000007","E92000001","E12000006","5","E14001507","E15000006","E24000005","E30000237","E16000150","E07000240","26UGGG","E00120381","26UGGG","E65000001","E01023704","E02004941","5","6D1","E00120381","E01023704","E02004941","E33027478","E38000079","E63011616","C1","5A2",51.719053,-0.288176,"E37000048","","E23000027",22327,"E56000035","E54000025","E00120381","E01023704","E02004941"
"AL2 1BS","AL2  1BS","AL2 1BS","199507","","E10000015","E58000649","E07000240","E05013957","E04013285","0","518419","0203589","1","E18000006","E40000007","E92000001","E12000006","5","E14001507","E15000006","E24000005","E30000237","E16000150","E07000240","26UGGG","E00120381","26UGGG","E65000001","E01023704","E02004941","5","6D1","E00120381","E01023704","E02004941","E33027478","E38000079","E63011616","C1","5A2",51.718535,-0.287168,"E37000048","","E23000027",22327,"E56000035","E54000025","E00120381","E01023704","E02004941"
"AL2 1BT","AL2  1BT","AL2 1BT","198001","","E10000015","E58000655","E07000098","E05012192","E04004765","0","519677","0203127","1","E18000006","E40000007","E92000001","E12000006","5","E14001284","E15000006","E24000005","E30000234","E16000150","E07000098","26UEGM","E00119771","26UEGM","E65000001","E01023583","E02004899","8","3A2","E00119771","E01023583","E02004899","E33024255","E38000079","","F1","1C1",51.714116,-0.269125,"E37000048","","E23000027",18561,"E56000035","E54000025","E00119771","E01023583","E02004899"
"AL2 1BU","AL2  1BU","AL2 1BU","198001","","E10000015","E58000655","E07000098","E05012192","E04004765","0","519536","0202827","1","E18000006","E40000007","E92000001","E12000006","5","E14001284","E15000006","E24000005","E30000234","E16000150","E07000098","26UEGM","E00119771","26UEGM","E65000001","E01023583","E02004899","8","3A2","E00119771","E01023583","E02004899","E33024255","E38000079","","F1","1C1",51.711455,-0.271243,"E37000048","","E23000027",18561,"E56000035","E54000025","E00119771","E01023583","E02004899"
"AL2 1BW","AL2  1BW","AL2 1BW","199512","","E10000015","E58000649","E07000240","E05013957","E04013285","0","518441","0203492","1","E18000006","E40000007","E92000001","E12000006","5","E14001507","E15000006","E24000005","E30000237","E16000150","E07000240","26UGGG","E00120381","26UGGG","E65000001","E01023704","E02004941","5","6D1","E00120381","E01023704","E02004941","E33027478","E38000079","E63011616","C1","5A2",51.717658,-0.286883,"E37000048","","E23000027",22327,"E56000035","E54000025","E00120381","E01023704","E02004941"
"AL2 1BX","AL2  1BX","AL2 1BX","198001","","E10000015","E58000655","E07000098","E05012192","E04004765","0","519024","0203404","1","E18000006","E40000007","E92000001","E12000006","5","E14001284","E15000006","E24000005","E30000234","E16000150","E07000098","26UEGM","E00119771","26UEGM","E65000001","E01023583","E02004899","8","3A2","E00119771","E01023583","E02004899","E33024255","E38000079","E63011616","F1","1C1",51.716744,-0.278477,"E37000048","","E23000027",18561,"E56000035","E54000025","E00119771","E01023583","E02004899"
"AL2 1BY","AL2  1BY","AL2 1BY","198510","","E10000015","E58000655","E07000098","E05012192","E04004765","0","518776","0203080","1","E18000006","E40000007","E92000001","E12000006","5","E14001284","E15000006","E24000005","E30000234","E16000150","E07000098","26UEGM","E00119771","26UEGM","E65000001","E01023583","E02004899","8","3A2","E00119771","E01023583","E02004899","E33024255","E38000079","E63011616","F1","1C1",51.713885,-0.282176,"E37000048","","E23000027",18561,"E56000035","E54000025","E00119771","E01023583","E02004899"
"AL2 1BZ","AL2  1BZ","AL2 1BZ","198504","","E10000015","E58000655","E07000098","E05012192","E04004765","0","518953","0202912","1","E18000006","E40000007","E92000001","E12000006","5","E14001284","E15000006","E24000005","E30000234","E16000150","E07000098","26UEGM","E00119771","26UEGM","E65000001","E01023583","E02004899","8","3A2","E00119771","E01023583","E02004899","E33024255","E38000079","E63011616","F1","1C1",51.712343,-0.279648,"E37000048","","E23000027",18561,"E56000035","E54000025","E00119771","E01023583","E02004899"
"AL2 1DA","AL2  1DA","AL2 1DA","198001","","E10000015","E58000655","E07000098","E05012192","E04004765","0","518745","0203140","1","E18000006","E40000007","E92000001","E12000006","5","E14001284","E15000006","E24000005","E30000234","E16000150","E07000098","26UEGM","E00119771","26UEGM","E65000001","E01023583","E02004899","8","3A2","E00119771","E01023583","E02004899","E33024255","E38000079","E63011616","F1","1C1",51.714431,-0.282604,"E37000048","","E23000027",18561,"E56000035","E54000025","E00119771","E01023583","E02004899"
"AL2 1DB","AL2  1DB","AL2 1DB","200006","200902","E10000015","E58000649","E07000240","E05013957","E04013285","0","518407","0203625","1","E18000006","E40000007","E92000001","E12000006","5","E14001507","E15000006","E24000005","E30000237","E16000150","E07000240","26UGGG","E00120381","26UGGG","E65000001","E01023704","E02004941","5","6D1","E00120381","E01023704","E02004941","E33027478","E38000079","E63011616","C1","5A2",51.718861,-0.287329,"E37000048","","E23000027",22327,"E56000035","E54000025","E00120381","E01023704","E02004941"
"AL2 1DD","AL2  1DD","AL2 1DD","199109","199412","E10000015","E58000649","E07000240","E05013957","E04013285","1","517700","0204300","8","E18000006","E40000007","E92000001","E12000006","5","E14001507","E15000006","E24000005","E30000237","E16000150","E07000240","26UGGG","E00120389","26UGGG","E65000001","E01023706","E02004941","5","6A2","E00120389","E01023706","E02004941","E33027477","E38000079","E63011616","C1","5A2",51.725076,-0.297331,"E37000048","","E23000027",27603,"E56000035","E54000025","E00120389","E01023706","E02004941"
"AL2 1DE","AL2  1DE","AL2 1DE","198001","","E10000015","E58000655","E07000098","E05012192","E04004765","0","518538","0202883","1","E18000006","E40000007","E92000001","E12000006","5","E14001284","E15000006","E24000005","E30000234","E16000150","E07000098","26UEGM","E00119771","26UEGM","E65000001","E01023583","E02004899","8","3A2","E00119771","E01023583","E02004899","E33024255","E38000079","","F1","1C1",51.712165,-0.285686,"E37000048","","E23000027",18561,"E56000035","E54000025","E00119771","E01023583","E02004899"
"AL2 1DF","AL2  1DF","AL2 1DF","198001","","E10000015","E58000655","E07000098","E05012192","E04004765","0","518446","0202874","1","E18000006","E40000007","E92000001","E12000006","5","E14001284","E15000006","E24000005","E30000234","E16000150","E07000098","26UEGM","E00119771","26UEGM","E65000001","E01023583","E02004899","8","3A2","E00119771","E01023583","E02004899","E33024255","E38000079","","F1","1C1",51.712103,-0.287020,"E37000048","","E23000027",18561,"E56000035","E54000025","E00119771","E01023583","E02004899"
"AL2 1DG","AL2  1DG","AL2 1DG","198001","","E10000015","E58000649","E07000240","E05013957","E04013285","0","517650","0203166","1","E18000006","E40000007","E92000001","E12000006","5","E14001507","E15000006","E24000005","E30000237","E16000150","E07000240","26UGGG","E00120376","26UGGG","E65000001","E01023708","E02004941","5","6D1","E00120376","E01023708","E02004941","E33027478","E38000079","E63011616","C1","5A2",51.714900,-0.298414,"E37000048","","E23000027",19205,"E56000035","E54000025","E00120376","E01023708","E02004941"
"AL2 1DH","AL2  1DH","AL2 1DH","198001","","E10000015","E58000664","E07000240","E05013951","E43000290","1","516825","0204868","1","E18000006","E40000007","E92000001","E12000006","5","E14001507","E15000006","E24000005","E30000237","E16000150","E07000240","26UGGB","E00120279","26UGGB","E65000001","E01023684","E02004939","5","6D2","E00120279","E01023684","E02004939","E33027469","E38000079","E63011616","C1","5A2",51.730363,-0.309803,"E37000048","","E23000027",28935,"E56000035","E54000025","E00120279","E01023684","E02004939"
"AL2 1DJ","AL2  1DJ","AL2 1DJ","198001","","E10000015","E58000664","E07000240","E05013951","E43000290","0","516959","0204934","1","E18000006","E40000007","E92000001","E12000006","5","E14001507","E15000006","E24000005","E30000237","E16000150","E07000240","26UGGB","E00120279","26UGGB","E65000001","E01023684","E02004939","5","6D2","E00120279","E01023684","E02004939","E33027469","E38000079","E63011616","C1","5A2",51.730934,-0.307819,"E37000048","","E23000027",28935,"E56000035","E54000025","E00120279","E01023684","E02004939"
"AL2 1DL","AL2  1DL","AL2 1DL","198001","","E10000015","E58000664","E07000240","E05013951","E43000290","0","516959","0204934","1","E18000006","E40000007","E92000001","E12000006","5","E14001507","E15000006","E24000005","E30000237","E16000150","E07000240","26UGGB","E00120279","26UGGB","E65000001","E01023684","E02004939","5","6D2","E00120279","E01023684","E02004939","E33027469","E38000079","E63011616","C1","5A2",51.730934,-0.307819,"E37000048","","E23000027",28935,"E56000035","E54000025","E00120279","E01023684","E02004939"
"AL2 1DN","AL2  1DN","AL2 1DN","198001","","E10000015","E58000664","E07000240","E05013951","E43000290","0","517016","0204974","1","E18000006","E40000007","E92000001","E12000006","5","E14001507","E15000006","E24000005","E30000237","E16000150","E07000240","26UGGB","E00120279","26UGGB","E65000001","E01023684","E02004939","5","6D2","E00120279","E01023684","E02004939","E33027469","E38000079","E63011616","C1","5A2",51.731282,-0.306980,"E37000048","","E23000027",28935,"E56000035","E54000025","E00120279","E01023684","E02004939"
"AL2 1DP","AL2  1DP","AL2 1DP","198001","","E10000015","E58000649","E07000240","E05013957","E04013285","0","518320","0203579","1","E18000006","E40000007","E92000001","E12000006","5","E14001507","E15000006","E24000005","E30000237","E16000150","E07000240","26UGGG","E00120370","26UGGG","E65000001","E01023704","E02004941","5","6B2","E00120370","E01023704","E02004941","E33024313","E38000079","E63011616","C1","5B3",51.718466,-0.288604,"E37000048","","E23000027",22327,"E56000035","E54000025","E00120370","E01023704","E02004941"
"AL2 1DQ","AL2  1DQ","AL2 1DQ","198001","","E10000015","E58000649","E07000240","E05013957","E04013285","0","517589","0203291","1","E18000006","E40000007","E92000001","E12000006","5","E14001507","E15000006","E24000005","E30000237","E16000150","E07000240","26UGGG","E00120376","26UGGG","E65000001","E01023708","E02004941","5","6D1","E00120376","E01023708","E02004941","E33027478","E38000079","E63011616","C1","5A2",51.716031,-0.299278,"E37000048","","E23000027",19205,"E56000035","E54000025","E00120376","E01023708","E02004941"
"AL2 1DR","AL2  1DR","AL2 1DR","199912","","E10000015","E58000655","E07000098","E05012192","E04004765","1","518598","0202738","1","E18000006","E40000007","E92000001","E12000006","5","E14001284","E15000006","E24000005","E30000234","E16000150","E07000098","26UEGM","E00119771","26UEGM","E65000001","E01023583","E02004899","8","3A2","E00119771","E01023583","E02004899","E33024255","E38000079","","F1","1C1",51.710849,-0.284867,"E37000048","","E23000027",18561,"E56000035","E54000025","E00119771","E01023583","E02004899"
"AL2 1DS","AL2  1DS","AL2 1DS","200410","201309","E10000015","E58000664","E07000240","E05013956","E43000290","1","517328","0206823","1","E18000006","E40000007","E92000001","E12000006","5","E14001507","E15000006","E24000005","E30000237","E16000150","E07000240","26UGFX","E00120196","26UGFX","E65000001","E01023667","E02004936","5","6D1","E00120196","E01023667","E02004936","E33027453","E38000079","E63011552","C1","5A2",51.747828,-0.301865,"E37000048","","E23000027",30628,"E56000035","E54000025","E00120196","E01023667","E02004936"
"AL2 1DT","AL2  1DT","AL2 1DT","200811","","E10000015","E58000649","E07000240","E05013957","E04013285","0","518383","0203804","1","E18000006","E40000007","E92000001","E12000006","5","E14001507","E15000006","E24000005","E30000237","E16000150","E07000240","26UGGG","E00120370","26UGGG","E65000001","E01023704","E02004941","5","6B2","E00120370","E01023704","E02004941","E33024313","E38000079","E63011616","C1","5B3",51.720480,-0.287592,"E37000048","","E23000027",22327,"E56000035","E54000025","E00120370","E01023704","E02004941"
"AL2 1DU","AL2  1DU","AL2 1DU","198504","200402","E10000015","E58000655","E07000098","E05012192","E04004765","1","518586","0202860","1","E18000006","E40000007","E92000001","E12000006","5","E14001284","E15000006","E24000005","E30000234","E16000150","E07000098","26UEGM","E00119771","26UEGM","E65000001","E01023583","E02004899","8","3A2","E00119771","E01023583","E02004899","E33024255","E38000079","","F1","1C1",51.711948,-0.284999,"E37000048","","E23000027",18561,"E56000035","E54000025","E00119771","E01023583","E02004899"
"AL2 1DW","AL2  1DW","AL2 1DW","198504","","E10000015","E58000649","E07000240","E05013957","E04013285","0","516974","0204637","1","E18000006","E40000007","E92000001","E12000006","5","E14001507","E15000006","E24000005","E30000237","E16000150","E07000240","26UGGG","E00120384","26UGGG","E65000001","E01023705","E02004941","5","6B2","E00120384","E01023705","E02004941","E33027477","E38000079","E63011616","C1","4A3",51.728262,-0.307701,"E37000048","","E23000027",14738,"E56000035","E54000025","E00120384","E01023705","E02004941"
"AL2 1DX","AL2  1DX","AL2 1DX","199507","199912","E10000015","E58000649","E07000240","E05013957","E04013285","1","518262","0203758","1","E18000006","E40000007","E92000001","E12000006","5","E14001507","E15000006","E24000005","E30000237","E16000150","E07000240","26UGGG","E00120370","26UGGG","E65000001","E01023704","E02004941","5","6B2","E00120370","E01023704","E02004941","E33024313","E38000079","E63011616","C1","5B3",51.720087,-0.289382,"E37000048","","E23000027",22327,"E56000035","E54000025","E00120370","E01023704","E02004941"
"AL2 1DY","AL2  1DY","AL2 1DY","199301","","E10000015","E58000649","E07000240","E05013957","E04013285","0","518393","0203556","1","E18000006","E40000007","E92000001","E12000006","5","E14001507","E15000006","E24000005","E30000237","E16000150","E07000240","26UGGG","E00120381","26UGGG","E65000001","E01023704","E02004941","5","6D1","E00120381","E01023704","E02004941","E33027478","E38000079","E63011616","C1","5A2",51.718244,-0.287555,"E37000048","","E23000027",22327,"E56000035","E54000025","E00120381","E01023704","E02004941"
"AL2 1DZ","AL2  1DZ","AL2 1DZ","198001","","E10000015","E58000649","E07000240","E05013957","E04013285","0","517215","0204787","1","E18000006","E40000007","E92000001","E12000006","5","E14001507","E15000006","E24000005","E30000237","E16000150","E07000240","26UGGG","E00120384","26UGGG","E65000001","E01023705","E02004941","5","6B2","E00120384","E01023705","E02004941","E33027477","E38000079","E63011616","C1","4A3",51.729554,-0.304186,"E37000048","","E23000027",14738,"E56000035","E54000025","E00120384","E01023705","E02004941"
"AL2 1EA","AL2  1EA","AL2 1EA","198001","","E10000015","E58000649","E07000240","E05013957","E04013285","0","517294","0204808","1","E18000006","E40000007","E92000001","E12000006","5","E14001507","E15000006","E24000005","E30000237","E16000150","E07000240","26UGGG","E00120384","26UGGG","E65000001","E01023705","E02004941","5","6B2","E00120384","E01023705","E02004941","E33027477","E38000079","E63011616","C1","4A3",51.729726,-0.303036,"E37000048","","E23000027",14738,"E56000035","E54000025","E00120384","E01023705","E02004941"
"AL2 1EB","AL2  1EB","AL2 1EB","198001","","E10000015","E58000649","E07000240","E05013957","E04013285","0","517467","0204643","1","E18000006","E40000007","E92000001","E12000006","5","E14001507","E15000006","E24000005","E30000237","E16000150","E07000240","26UGGG","E00120383","26UGGG","E65000001","E01023705","E02004941","5","7A2","E00120383","E01023705","E02004941","E33027477","E38000079","E63011616","C1","4A1",51.728207,-0.300587,"E37000048","","E23000027",14738,"E56000035","E54000025","E00120383","E01023705","E02004941"
"AL2 1ED","AL2  1ED","AL2 1ED","198001","","E10000015","E58000649","E07000240","E05013957","E04013285","0","517528","0204548","1","E18000006","E40000007","E92000001","E12000006","5","E14001507","E15000006","E24000005","E30000237","E16000150","E07000240","26UGGG","E00120386","26UGGG","E65000001","E01023705","E02004941","5","6B2","E00120386","E01023705","E02004941","E33027477","E38000079","E63011616","C1","4A1",51.727346,-0.299714,"E37000048","","E23000027",14738,"E56000035","E54000025","E00120386","E01023705","E02004941"
"AL2 1EE","AL2  1EE","AL2 1EE","198001","","E10000015","E58000649","E07000240","E05013957","E04013285","0","517416","0204520","1","E18000006","E40000007","E92000001","E12000006","5","E14001507","E15000006","E24000005","E30000237","E16000150","E07000240","26UGGG","E00120387","26UGGG","E65000001","E01023705","E02004941","5","7A2","E00120387","E01023705","E02004941","E33027477","E38000079","E63011616","C1","4A2",51.727113,-0.301367,"E37000048","","E23000027",14738,"E56000035","E54000025","E00120387","E01023705","E02004941"
"AL2 1EF","AL2  1EF","AL2 1EF","198001","","E10000015","E58000649","E07000240","E05013957","E04013285","0","517453","0204559","1","E18000006","E40000007","E92000001","E12000006","5","E14001507","E15000006","E24000005","E30000237","E16000150","E07000240","26UGGG","E00120387","26UGGG","E65000001","E01023705","E02004941","5","7A2","E00120387","E01023705","E02004941","E33027477","E38000079","E63011616","C1","4A2",51.727455,-0.300818,"E37000048","","E23000027",14738,"E56000035","E54000025","E00120387","E01023705","E02004941"
"AL2 1EG","AL2  1EG","AL2 1EG","198001","","E10000015","E58000649","E07000240","E05013957","E04013285","0","517388","0204602","1","E18000006","E40000007","E92000001","E12000006","5","E14001507","E15000006","E24000005","E30000237","E16000150","E07000240","26UGGG","E00120384","26UGGG","E65000001","E01023705","E02004941","5","6B2","E00120384","E01023705","E02004941","E33027477","E38000079","E63011616","C1","4A3",51.727855,-0.301745,"E37000048","","E23000027",14738,"E56000035","E54000025","E00120384","E01023705","E02004941"
"AL2 1EH","AL2  1EH","AL2 1EH","198001","","E10000015","E58000649","E07000240","E05013957","E04013285","0","517460","0204474","1","E18000006","E40000007","E92000001","E12000006","5","E14001507","E15000006","E24000005","E30000237","E16000150","E07000240","26UGGG","E00120387","26UGGG","E65000001","E01023705","E02004941","5","7A2","E00120387","E01023705","E02004941","E33027477","E38000079","E63011616","C1","4A2",51.726690,-0.300746,"E37000048","","E23000027",14738,"E56000035","E54000025","E00120387","E01023705","E02004941"
"AL2 1EJ","AL2  1EJ","AL2 1EJ","198001","","E10000015","E58000649","E07000240","E05013957","E04013285","0","517576","0204470","1","E18000006","E40000007","E92000001","E12000006","5","E14001507","E15000006","E24000005","E30000237","E16000150","E07000240","26UGGG","E00120386","26UGGG","E65000001","E01023705","E02004941","5","6B2","E00120386","E01023705","E02004941","E33027477","E38000079","E63011616","C1","4A1",51.726630,-0.299068,"E37000048","","E23000027",14738,"E56000035","E54000025","E00120386","E01023705","E02004941"
"AL2 1EL","AL2  1EL","AL2 1EL","202202","202211","E10000015","E58000664","E07000240","E05013956","E43000290","1","517321","0206803","1","E18000006","E40000007","E92000001","E12000006","5","E14001507","E15000006","E24000005","E30000237","E16000150","E07000240","26UGFX","E00120196","26UGFX","E65000001","E01023667","E02004936","5","6D1","E00120196","E01023667","E02004936","E33027453","E38000079","E63011552","C1","5A2",51.747655,-0.301949,"E37000048","","E23000027",30628,"E56000035","E54000025","E00120196","E01023667","E02004936"
"AL2 1EN","AL2  1EN","AL2 1EN","198001","","E10000015","E58000649","E07000240","E05013957","E04013285","0","517514","0204416","1","E18000006","E40000007","E92000001","E12000006","5","E14001507","E15000006","E24000005","E30000237","E16000150","E07000240","26UGGG","E00120386","26UGGG","E65000001","E01023705","E02004941","5","6B2","E00120386","E01023705","E02004941","E33027477","E38000079","E63011616","C1","4A1",51.726157,-0.299984,"E37000048","","E23000027",14738,"E56000035","E54000025","E00120386","E01023705","E02004941"
"AL2 1EP","AL2  1EP","AL2 1EP","198001","","E10000015","E58000649","E07000240","E05013957","E04013285","0","517176","0204183","1","E18000006","E40000007","E92000001","E12000006","5","E14001507","E15000006","E24000005","E30000237","E16000150","E07000240","26UGGG","E00120392","26UGGG","E65000001","E01023707","E02004941","5","1C3","E00120392","E01033028","E02004941","E33027476","E38000079","E63011616","C1","5A2",51.724139,-0.304931,"E37000048","","E23000027",24353,"E56000035","E54000025","E00120392","E01033028","E02004941"
"AL2 1EQ","AL2  1EQ","AL2 1EQ","198001","","E10000015","E58000649","E07000240","E05013957","E04013285","0","517294","0204513","1","E18000006","E40000007","E92000001","E12000006","5","E14001507","E15000006","E24000005","E30000237","E16000150","E07000240","26UGGG","E00120387","26UGGG","E65000001","E01023705","E02004941","5","7A2","E00120387","E01023705","E02004941","E33027477","E38000079","E63011616","C1","4A2",51.727075,-0.303135,"E37000048","","E23000027",14738,"E56000035","E54000025","E00120387","E01023705","E02004941"
"AL2 1ER","AL2  1ER","AL2 1ER","198001","","E10000015","E58000649","E07000240","E05013957","E04013285","0","517198","0204160","1","E18000006","E40000007","E92000001","E12000006","5","E14001507","E15000006","E24000005","E30000237","E16000150","E07000240","26UGGG","E00120392","26UGGG","E65000001","E01023707","E02004941","5","1C3","E00120392","E01033028","E02004941","E33027476","E38000079","E63011616","C1","5A2",51.723928,-0.304620,"E37000048","","E23000027",24353,"E56000035","E54000025","E00120392","E01033028","E02004941"
"AL2 1ES","AL2  1ES","AL2 1ES","198001","","E10000015","E58000649","E07000240","E05013957","E04013285","0","517363","0204271","1","E18000006","E40000007","E92000001","E12000006","5","E14001507","E15000006","E24000005","E30000237","E16000150","E07000240","26UGGG","E00120392","26UGGG","E65000001","E01023707","E02004941","5","1C3","E00120392","E01033028","E02004941","E33027476","E38000079","E63011616","C1","5A2",51.724886,-0.302218,"E37000048","","E23000027",24353,"E56000035","E54000025","E00120392","E01033028","E02004941"
"AL2 1ET","AL2  1ET","AL2 1ET","198001","","E10000015","E58000649","E07000240","E05013957","E04013285","0","517513","0204377","1","E18000006","E40000007","E92000001","E12000006","5","E14001507","E15000006","E24000005","E30000237","E16000150","E07000240","26UGGG","E00120389","26UGGG","E65000001","E01023706","E02004941","5","6A2","E00120389","E01023706","E02004941","E33027477","E38000079","E63011616","C1","5A2",51.725807,-0.300011,"E37000048","","E23000027",27603,"E56000035","E54000025","E00120389","E01023706","E02004941"
"AL2 1EU","AL2  1EU","AL2 1EU","198001","","E10000015","E58000649","E07000240","E05013957","E04013285","0","517613","0204428","1","E18000006","E40000007","E92000001","E12000006","5","E14001507","E15000006","E24000005","E30000237","E16000150","E07000240","26UGGG","E00120386","26UGGG","E65000001","E01023705","E02004941","5","6B2","E00120386","E01023705","E02004941","E33027477","E38000079","E63011616","C1","4A1",51.726244,-0.298547,"E37000048","","E23000027",14738,"E56000035","E54000025","E00120386","E01023705","E02004941"
"AL2 1EW","AL2  1EW","AL2 1EW","198001","","E10000015","E58000649","E07000240","E05013957","E04013285","0","517348","0204304","1","E18000006","E40000007","E92000001","E12000006","5","E14001507","E15000006","E24000005","E30000237","E16000150","E07000240","26UGGG","E00120388","26UGGG","E65000001","E01023707","E02004941","5","6A2","E00120388","E01033028","E02004941","E33027476","E38000079","E63011616","C1","4C3",51.725186,-0.302424,"E37000048","","E23000027",24353,"E56000035","E54000025","E00120388","E01033028","E02004941"
"AL2 1EX","AL2  1EX","AL2 1EX","201202","201204","E10000015","E58000664","E07000240","E05013956","E43000290","1","517328","0206823","1","E18000006","E40000007","E92000001","E12000006","5","E14001507","E15000006","E24000005","E30000237","E16000150","E07000240","26UGFX","E00120196","26UGFX","E65000001","E01023667","E02004936","5","6D1","E00120196","E01023667","E02004936","E33027453","E38000079","E63011552","C1","5A2",51.747828,-0.301865,"E37000048","","E23000027",30628,"E56000035","E54000025","E00120196","E01023667","E02004936"
"AL2 1EY","AL2  1EY","AL2 1EY","198001","","E10000015","E58000649","E07000240","E05013957","E04013285","0","517616","0204377","1","E18000006","E40000007","E92000001","E12000006","5","E14001507","E15000006","E24000005","E30000237","E16000150","E07000240","26UGGG","E00120389","26UGGG","E65000001","E01023706","E02004941","5","6A2","E00120389","E01023706","E02004941","E33027477","E38000079","E63011616","C1","5A2",51.725786,-0.298521,"E37000048","","E23000027",27603,"E56000035","E54000025","E00120389","E01023706","E02004941"
"AL2 1EZ","AL2  1EZ","AL2 1EZ","199201","","E10000015","E58000649","E07000240","E05013957","E04013285","0","518009","0203657","1","E18000006","E40000007","E92000001","E12000006","5","E14001507","E15000006","E24000005","E30000237","E16000150","E07000240","26UGGG","E00120370","26UGGG","E65000001","E01023704","E02004941","5","6B2","E00120370","E01023704","E02004941","E33024313","E38000079","E63011616","C1","5B3",51.719232,-0.293077,"E37000048","","E23000027",22327,"E56000035","E54000025","E00120370","E01023704","E02004941"
"AL2 1FA","AL2  1FA","AL2 1FA","200106","200203","E10000015","E58000664","E07000240","E05013956","E43000290","1","517328","0206823","1","E18000006","E40000007","E92000001","E12000006","5","E14001507","E15000006","E24000005","E30000237","E16000150","E07000240","26UGFX","E00120196","26UGFX","E65000001","E01023667","E02004936","5","6D1","E00120196","E01023667","E02004936","E33027453","E38000079","E63011552","C1","5A2",51.747828,-0.301865,"E37000048","","E23000027",30628,"E56000035","E54000025","E00120196","E01023667","E02004936"
"AL2 1FB","AL2  1FB","AL2 1FB","201605","","E10000015","E58000649","E07000240","E05013960","E04013285","0","516648","0203656","1","E18000006","E40000007","E92000001","E12000006","5","E14001507","E15000006","E24000005","E30000237","E16000150","E07000240","26UGGG","E00120377","26UGGG","E65000001","E01023707","E02004941","5","1C3","E00169674","E01033029","E02004941","E33027476","E38000079","","C1","4A3",51.719508,-0.312770,"E37000048","","E23000027",24035,"E56000035","E54000025","E00169674","E01033029","E02004941"
"AL2 1FD","AL2  1FD","AL2 1FD","200905","","E10000015","E58000649","E07000240","E05013960","E04013285","0","516675","0203820","1","E18000006","E40000007","E92000001","E12000006","5","E14001507","E15000006","E24000005","E30000237","E16000150","E07000240","26UGGG","E00120377","26UGGG","E65000001","E01023707","E02004941","5","1C3","E00169676","E01033029","E02004941","E33027476","E38000079","","C1","5A2",51.720976,-0.312325,"E37000048","","E23000027",24035,"E56000035","E54000025","E00169676","E01033029","E02004941"
"AL2 1FE","AL2  1FE","AL2 1FE","200912","","E10000015","E58000649","E07000240","E05013960","E04013285","0","516951","0204248","1","E18000006","E40000007","E92000001","E12000006","5","E14001507","E15000006","E24000005","E30000237","E16000150","E07000240","26UGGG","E00120377","26UGGG","E65000001","E01023707","E02004941","5","1C3","E00169672","E01033028","E02004941","E33027476","E38000079","E63011616","C1","4A3",51.724765,-0.308188,"E37000048","","E23000027",24353,"E56000035","E54000025","E00169672","E01033028","E02004941"
"AL2 1FF","AL2  1FF","AL2 1FF","201003","201611","E10000015","E58000655","E07000098","E05012192","E04004765","0","519195","0203530","1","E18000006","E40000007","E92000001","E12000006","5","E14001284","E15000006","E24000005","E30000234","E16000150","E07000098","26UEGM","E00119771","26UEGM","E65000001","E01023583","E02004899","8","3A2","E00119771","E01023583","E02004899","E33024255","E38000079","","F1","1C1",51.717840,-0.275960,"E37000048","","E23000027",18561,"E56000035","E54000025","E00119771","E01023583","E02004899"
"AL2 1FG","AL2  1FG","AL2 1FG","201202","","E10000015","E58000649","E07000240","E05013957","E04013285","0","517718","0204360","1","E18000006","E40000007","E92000001","E12000006","5","E14001507","E15000006","E24000005","E30000237","E16000150","E07000240","26UGGG","E00120371","26UGGG","E65000001","E01023706","E02004941","5","6D1","E00120371","E01023706","E02004941","E33027474","E38000079","E63011616","C1","5A2",51.725611,-0.297050,"E37000048","","E23000027",27603,"E56000035","E54000025","E00120371","E01023706","E02004941"
"AL2 1FH","AL2  1FH","AL2 1FH","201212","","E10000015","E58000649","E07000240","E05013957","E04013285","0","517739","0204385","1","E18000006","E40000007","E92000001","E12000006","5","E14001507","E15000006","E24000005","E30000237","E16000150","E07000240","26UGGG","E00120371","26UGGG","E65000001","E01023706","E02004941","5","6D1","E00120371","E01023706","E02004941","E33027474","E38000079","E63011616","C1","5A2",51.725832,-0.296738,"E37000048","","E23000027",27603,"E56000035","E54000025","E00120371","E01023706","E02004941"
"AL2 1FN","AL2  1FN","AL2 1FN","201402","","E10000015","E58000649","E07000240","E05013957","E04013285","0","517896","0203989","1","E18000006","E40000007","E92000001","E12000006","5","E14001507","E15000006","E24000005","E30000237","E16000150","E07000240","26UGGG","E00120393","26UGGG","E65000001","E01023706","E02004941","5","6B2","E00120393","E01023706","E02004941","E33027475","E38000079","E63011616","C1","4A3",51.722245,-0.294577,"E37000048","","E23000027",27603,"E56000035","E54000025","E00120393","E01023706","E02004941"
"AL2 1FP","AL2  1FP","AL2 1FP","201511","","E10000015","E58000649","E07000240","E05013957","E04013285","0","517653","0203783","1","E18000006","E40000007","E92000001","E12000006","5","E14001507","E15000006","E24000005","E30000237","E16000150","E07000240","26UGGG","E00120375","26UGGG","E65000001","E01023708","E02004941","5","6B2","E00120375","E01023708","E02004941","E33027475","E38000079","E63011616","C1","5B3",51.720445,-0.298163,"E37000048","","E23000027",19205,"E56000035","E54000025","E00120375","E01023708","E02004941"
"AL2 1FQ","AL2  1FQ","AL2 1FQ","201707","","E10000015","E58000649","E07000240","E05013957","E04013285","0","517422","0203766","1","E18000006","E40000007","E92000001","E12000006","5","E14001507","E15000006","E24000005","E30000237","E16000150","E07000240","26UGGG","E00120372","26UGGG","E65000001","E01023708","E02004941","5","5B3","E00120372","E01023708","E02004941","E33027475","E38000079","E63011616","C1","4A1",51.720340,-0.301511,"E37000048","","E23000027",19205,"E56000035","E54000025","E00120372","E01023708","E02004941"
"AL2 1FR","AL2  1FR","AL2 1FR","201704","","E10000015","E58000649","E07000240","E05013960","E04013285","0","516723","0204081","1","E18000006","E40000007","E92000001","E12000006","5","E14001507","E15000006","E24000005","E30000237","E16000150","E07000240","26UGGG","E00120377","26UGGG","E65000001","E01023707","E02004941","5","1C3","E00169673","E01033029","E02004941","E33027476","E38000079","","C1","4A1",51.723317,-0.311520,"E37000048","","E23000027",24035,"E56000035","E54000025","E00169673","E01033029","E02004941"
"AL2 1FS","AL2  1FS","AL2 1FS","201805","","E10000015","E58000649","E07000240","E05013957","E04013285","0","518355","0203679","1","E18000006","E40000007","E92000001","E12000006","5","E14001507","E15000006","E24000005","E30000237","E16000150","E07000240","26UGGG","E00120381","26UGGG","E65000001","E01023704","E02004941","5","6D1","E00120381","E01023704","E02004941","E33027478","E38000079","E63011616","C1","5A2",51.719363,-0.288040,"E37000048","","E23000027",22327,"E56000035","E54000025","E00120381","E01023704","E02004941"
"AL2 1FT","AL2  1FT","AL2 1FT","202202","","E10000015","E58000649","E07000240","E05013957","E04013285","0","518010","0204259","1","E18000006","E40000007","E92000001","E12000006","5","E14001507","E15000006","E24000005","E30000237","E16000150","E07000240","26UGGG","E00120390","26UGGG","E65000001","E01023706","E02004941","5","6D1","E00120390","E01023706","E02004941","E33027474","E38000079","E63011616","C1","5A2",51.724648,-0.292836,"E37000048","","E23000027",27603,"E56000035","E54000025","E00120390","E01023706","E02004941"
"AL2 1FU","AL2  1FU","AL2 1FU","202312","","E10000015","E58000649","E07000240","E05013957","E04013285","0","517853","0204435","1","E18000006","E40000007","E92000001","E12000006","5","E14001507","E15000006","E24000005","E30000237","E16000150","E07000240","26UGGG","E00120371","26UGGG","E65000001","E01023706","E02004941","5","6D1","E00120371","E01023706","E02004941","E33027474","E38000079","E63011616","C1","5A2",51.726262,-0.295048,"E37000048","","E23000027",27603,"E56000035","E54000025","E00120371","E01023706","E02004941"
"AL2 1GA","AL2  1GA","AL2 1GA","200502","","E10000015","E58000649","E07000240","E05013960","E04013285","0","516759","0204000","1","E18000006","E40000007","E92000001","E12000006","5","E14001507","E15000006","E24000005","E30000237","E16000150","E07000240","26UGGG","E00120377","26UGGG","E65000001","E01023707","E02004941","5","1C3","E00169677","E01033029","E02004941","E33027476","E38000079","","C1","5A2",51.722576,-0.311049,"E37000048","","E23000027",24035,"E56000035","E54000025","E00169677","E01033029","E02004941"
"AL2 1GB","AL2  1GB","AL2 1GB","200502","","E10000015","E58000649","E07000240","E05013960","E04013285","0","516764","0203944","1","E18000006","E40000007","E92000001","E12000006","5","E14001507","E15000006","E24000005","E30000237","E16000150","E07000240","26UGGG","E00120377","26UGGG","E65000001","E01023707","E02004941","5","1C3","E00169677","E01033029","E02004941","E33027476","E38000079","","C1","5A2",51.722077,-0.310973,"E37000048","","E23000027",24035,"E56000035","E54000025","E00169677","E01033029","E02004941"
"AL2 1GD","AL2  1GD","AL2 1GD","200503","","E10000015","E58000649","E07000240","E05013960","E04013285","0","516757","0203886","1","E18000006","E40000007","E92000001","E12000006","5","E14001507","E15000006","E24000005","E30000237","E16000150","E07000240","26UGGG","E00120377","26UGGG","E65000001","E01023707","E02004941","5","1C3","E00169677","E01033029","E02004941","E33027476","E38000079","","C1","5A2",51.721552,-0.311116,"E37000048","","E23000027",24035,"E56000035","E54000025","E00169677","E01033029","E02004941"
"AL2 1GE","AL2  1GE","AL2 1GE","200503","","E10000015","E58000649","E07000240","E05013960","E04013285","0","516735","0203820","1","E18000006","E40000007","E92000001","E12000006","5","E14001507","E15000006","E24000005","E30000237","E16000150","E07000240","26UGGG","E00120377","26UGGG","E65000001","E01023707","E02004941","5","1C3","E00169677","E01033029","E02004941","E33027476","E38000079","","C1","5A2",51.720964,-0.311457,"E37000048","","E23000027",24035,"E56000035","E54000025","E00169677","E01033029","E02004941"
"AL2 1GF","AL2  1GF","AL2 1GF","200512","","E10000015","E58000649","E07000240","E05013960","E04013285","0","516622","0203942","1","E18000006","E40000007","E92000001","E12000006","5","E14001507","E15000006","E24000005","E30000237","E16000150","E07000240","26UGGG","E00120377","26UGGG","E65000001","E01023707","E02004941","5","1C3","E00169676","E01033029","E02004941","E33027476","E38000079","","C1","5A2",51.722083,-0.313051,"E37000048","","E23000027",24035,"E56000035","E54000025","E00169676","E01033029","E02004941"
"AL2 1GG","AL2  1GG","AL2 1GG","200511","","E10000015","E58000649","E07000240","E05013960","E04013285","0","516646","0203775","1","E18000006","E40000007","E92000001","E12000006","5","E14001507","E15000006","E24000005","E30000237","E16000150","E07000240","26UGGG","E00120377","26UGGG","E65000001","E01023707","E02004941","5","1C3","E00169674","E01033029","E02004941","E33027476","E38000079","","C1","4A3",51.720578,-0.312760,"E37000048","","E23000027",24035,"E56000035","E54000025","E00169674","E01033029","E02004941"
"AL2 1GH","AL2  1GH","AL2 1GH","200511","","E10000015","E58000649","E07000240","E05013960","E04013285","0","516580","0203795","1","E18000006","E40000007","E92000001","E12000006","5","E14001507","E15000006","E24000005","E30000237","E16000150","E07000240","26UGGG","E00120377","26UGGG","E65000001","E01023707","E02004941","5","1C3","E00169676","E01033029","E02004941","E33027476","E38000079","","C1","5A2",51.720771,-0.313708,"E37000048","","E23000027",24035,"E56000035","E54000025","E00169676","E01033029","E02004941"
"AL2 1GJ","AL2  1GJ","AL2 1GJ","200603","","E10000015","E58000649","E07000240","E05013960","E04013285","0","516530","0203820","1","E18000006","E40000007","E92000001","E12000006","5","E14001507","E15000006","E24000005","E30000237","E16000150","E07000240","26UGGG","E00120377","26UGGG","E65000001","E01023707","E02004941","5","1C3","E00169676","E01033029","E02004941","E33027476","E38000079","","C1","5A2",51.721006,-0.314423,"E37000048","","E23000027",24035,"E56000035","E54000025","E00169676","E01033029","E02004941"
"AL2 1GL","AL2  1GL","AL2 1GL","200607","","E10000015","E58000649","E07000240","E05013960","E04013285","0","516482","0203855","1","E18000006","E40000007","E92000001","E12000006","5","E14001507","E15000006","E24000005","E30000237","E16000150","E07000240","26UGGG","E00120377","26UGGG","E65000001","E01023707","E02004941","5","1C3","E00169676","E01033029","E02004941","E33027476","E38000079","","C1","5A2",51.721331,-0.315106,"E37000048","","E23000027",24035,"E56000035","E54000025","E00169676","E01033029","E02004941"
"AL2 1GN","AL2  1GN","AL2 1GN","200607","","E10000015","E58000649","E07000240","E05013960","E04013285","0","516441","0203885","1","E18000006","E40000007","E92000001","E12000006","5","E14001507","E15000006","E24000005","E30000237","E16000150","E07000240","26UGGG","E00120377","26UGGG","E65000001","E01023707","E02004941","5","1C3","E00169676","E01033029","E02004941","E33027476","E38000079","","C1","5A2",51.721609,-0.315689,"E37000048","","E23000027",24035,"E56000035","E54000025","E00169676","E01033029","E02004941"
"AL2 1GP","AL2  1GP","AL2 1GP","200610","","E10000015","E58000649","E07000240","E05013960","E04013285","0","516492","0203906","1","E18000006","E40000007","E92000001","E12000006","5","E14001507","E15000006","E24000005","E30000237","E16000150","E07000240","26UGGG","E00120377","26UGGG","E65000001","E01023707","E02004941","5","1C3","E00169676","E01033029","E02004941","E33027476","E38000079","","C1","5A2",51.721792,-0.314921,"E37000048","","E23000027",24035,"E56000035","E54000025","E00169676","E01033029","E02004941"
"AL2 1GQ","AL2  1GQ","AL2 1GQ","200703","","E10000015","E58000649","E07000240","E05013960","E04013285","0","516503","0203968","1","E18000006","E40000007","E92000001","E12000006","5","E14001507","E15000006","E24000005","E30000237","E16000150","E07000240","26UGGG","E00120377","26UGGG","E65000001","E01023707","E02004941","5","1C3","E00169678","E01033029","E02004941","E33027476","E38000079","","C1","5A2",51.722347,-0.314742,"E37000048","","E23000027",24035,"E56000035","E54000025","E00169678","E01033029","E02004941"
"AL2 1GR","AL2  1GR","AL2 1GR","200206","","E10000015","E58000649","E07000240","E05013957","E04013285","0","517969","0204010","1","E18000006","E40000007","E92000001","E12000006","5","E14001507","E15000006","E24000005","E30000237","E16000150","E07000240","26UGGG","E00120379","26UGGG","E65000001","E01023706","E02004941","5","4C2","E00120379","E01023706","E02004941","E33027474","E38000079","E63011616","C1","5A2",51.722413,-0.293537,"E37000048","","E23000027",27603,"E56000035","E54000025","E00120379","E01023706","E02004941"
"AL2 1GX","AL2  1GX","AL2 1GX","200701","","E10000015","E58000649","E07000240","E05013957","E04013285","0","517847","0204257","1","E18000006","E40000007","E92000001","E12000006","5","E14001507","E15000006","E24000005","E30000237","E16000150","E07000240","26UGGG","E00120390","26UGGG","E65000001","E01023706","E02004941","5","6D1","E00120390","E01023706","E02004941","E33027474","E38000079","E63011616","C1","5A2",51.724664,-0.295195,"E37000048","","E23000027",27603,"E56000035","E54000025","E00120390","E01023706","E02004941"
"AL2 1GY","AL2  1GY","AL2 1GY","201204","","E10000015","E58000649","E07000240","E05013957","E04013285","0","517042","0204401","1","E18000006","E40000007","E92000001","E12000006","5","E14001507","E15000006","E24000005","E30000237","E16000150","E07000240","26UGGG","E00120384","26UGGG","E65000001","E01023705","E02004941","5","6B2","E00120384","E01023705","E02004941","E33027477","E38000079","E63011616","C1","4A3",51.726121,-0.306819,"E37000048","","E23000027",14738,"E56000035","E54000025","E00120384","E01023705","E02004941"
"AL2 1GZ","AL2  1GZ","AL2 1GZ","200704","","E10000015","E58000649","E07000240","E05013960","E04013285","0","516835","0204133","1","E18000006","E40000007","E92000001","E12000006","5","E14001507","E15000006","E24000005","E30000237","E16000150","E07000240","26UGGG","E00120377","26UGGG","E65000001","E01023707","E02004941","5","1C3","E00169672","E01033028","E02004941","E33027476","E38000079","","C1","4A3",51.723756,-0.309905,"E37000048","","E23000027",24353,"E56000035","E54000025","E00169672","E01033028","E02004941"
"AL2 1HA","AL2  1HA","AL2 1HA","198001","","E10000015","E58000649","E07000240","E05013957","E04013285","0","517660","0204362","1","E18000006","E40000007","E92000001","E12000006","5","E14001507","E15000006","E24000005","E30000237","E16000150","E07000240","26UGGG","E00120389","26UGGG","E65000001","E01023706","E02004941","5","6A2","E00120389","E01023706","E02004941","E33027477","E38000079","E63011616","C1","5A2",51.725647,-0.297866,"E37000048","","E23000027",27603,"E56000035","E54000025","E00120389","E01023706","E02004941"
"AL2 1HB","AL2  1HB","AL2 1HB","198001","","E10000015","E58000649","E07000240","E05013957","E04013285","0","517673","0204233","1","E18000006","E40000007","E92000001","E12000006","5","E14001507","E15000006","E24000005","E30000237","E16000150","E07000240","26UGGG","E00120389","26UGGG","E65000001","E01023706","E02004941","5","6A2","E00120389","E01023706","E02004941","E33027477","E38000079","E63011616","C1","5A2",51.724479,-0.297745,"E37000048","","E23000027",27603,"E56000035","E54000025","E00120389","E01023706","E02004941"
"AL2 1HD","AL2  1HD","AL2 1HD","198001","","E10000015","E58000649","E07000240","E05013957","E04013285","0","517737","0204253","1","E18000006","E40000007","E92000001","E12000006","5","E14001507","E15000006","E24000005","E30000237","E16000150","E07000240","26UGGG","E00120390","26UGGG","E65000001","E01023706","E02004941","5","6D1","E00120390","E01023706","E02004941","E33027474","E38000079","E63011616","C1","5A2",51.724646,-0.296812,"E37000048","","E23000027",27603,"E56000035","E54000025","E00120390","E01023706","E02004941"
"AL2 1HE","AL2  1HE","AL2 1HE","200106","","E10000015","E58000649","E07000240","E05013957","E04013285","0","517723","0204202","1","E18000006","E40000007","E92000001","E12000006","5","E14001507","E15000006","E24000005","E30000237","E16000150","E07000240","26UGGG","E00120389","26UGGG","E65000001","E01023706","E02004941","5","6A2","E00120389","E01023706","E02004941","E33027477","E38000079","E63011616","C1","5A2",51.724190,-0.297031,"E37000048","","E23000027",27603,"E56000035","E54000025","E00120389","E01023706","E02004941"
"AL2 1HF","AL2  1HF","AL2 1HF","198607","199512","E10000015","E58000649","E07000240","E05013957","E04013285","0","518000","0203900","8","E18000006","E40000007","E92000001","E12000006","5","E14001507","E15000006","E24000005","E30000237","E16000150","E07000240","26UGGG","E00120378","26UGGG","E65000001","E01023708","E02004941","5","2B2","E00120378","E01023708","E02004941","E33027474","E38000079","E63011616","C1","5A3",51.721418,-0.293125,"E37000048","","E23000027",19205,"E56000035","E54000025","E00120378","E01023708","E02004941"
"AL2 1HG","AL2  1HG","AL2 1HG","200210","","E10000015","E58000649","E07000240","E05013957","E04013285","0","518241","0203827","1","E18000006","E40000007","E92000001","E12000006","5","E14001507","E15000006","E24000005","E30000237","E16000150","E07000240","26UGGG","E00120370","26UGGG","E65000001","E01023704","E02004941","5","6B2","E00120370","E01023704","E02004941","E33024313","E38000079","E63011616","C1","5B3",51.720717,-0.289639,"E37000048","","E23000027",22327,"E56000035","E54000025","E00120370","E01023704","E02004941"
"AL2 1HH","AL2  1HH","AL2 1HH","199301","200203","E10000015","E58000664","E07000240","E05013956","E43000290","1","517328","0206823","1","E18000006","E40000007","E92000001","E12000006","5","E14001507","E15000006","E24000005","E30000237","E16000150","E07000240","26UGFX","E00120196","26UGFX","E65000001","E01023667","E02004936","5","6D1","E00120196","E01023667","E02004936","E33027453","E38000079","E63011552","C1","5A2",51.747828,-0.301865,"E37000048","","E23000027",30628,"E56000035","E54000025","E00120196","E01023667","E02004936"
"AL2 1HJ","AL2  1HJ","AL2 1HJ","198704","202301","E10000015","E58000649","E07000240","E05013957","E04013285","1","518349","0203872","1","E18000006","E40000007","E92000001","E12000006","5","E14001507","E15000006","E24000005","E30000237","E16000150","E07000240","26UGGG","E00120370","26UGGG","E65000001","E01023704","E02004941","5","6B2","E00120370","E01023704","E02004941","E33024313","E38000079","E63011616","C1","5B3",51.721093,-0.288085,"E37000048","","E23000027",22327,"E56000035","E54000025","E00120370","E01023704","E02004941"
"AL2 1HL","AL2  1HL","AL2 1HL","199208","","E10000015","E58000649","E07000240","E05013957","E04013285","0","517784","0204051","1","E18000006","E40000007","E92000001","E12000006","5","E14001507","E15000006","E24000005","E30000237","E16000150","E07000240","26UGGG","E00120393","26UGGG","E65000001","E01023706","E02004941","5","6B2","E00120393","E01023706","E02004941","E33027475","E38000079","E63011616","C1","4A3",51.722820,-0.296200,"E37000048","","E23000027",27603,"E56000035","E54000025","E00120393","E01023706","E02004941"
"AL2 1HN","AL2  1HN","AL2 1HN","198001","","E10000015","E58000649","E07000240","E05013957","E04013285","0","517431","0204771","1","E18000006","E40000007","E92000001","E12000006","5","E14001507","E15000006","E24000005","E30000237","E16000150","E07000240","26UGGG","E00120383","26UGGG","E65000001","E01023705","E02004941","5","7A2","E00120383","E01023705","E02004941","E33027477","E38000079","E63011616","C1","4A1",51.729365,-0.301065,"E37000048","","E23000027",14738,"E56000035","E54000025","E00120383","E01023705","E02004941"
"AL2 1HP","AL2  1HP","AL2 1HP","198001","","E10000015","E58000649","E07000240","E05013957","E04013285","0","517671","0204424","1","E18000006","E40000007","E92000001","E12000006","5","E14001507","E15000006","E24000005","E30000237","E16000150","E07000240","26UGGG","E00120386","26UGGG","E65000001","E01023705","E02004941","5","6B2","E00120386","E01023705","E02004941","E33027477","E38000079","E63011616","C1","4A1",51.726202,-0.297686,"E37000048","","E23000027",14738,"E56000035","E54000025","E00120386","E01023705","E02004941"
"AL2 1HQ","AL2  1HQ","AL2 1HQ","199007","","E10000015","E58000649","E07000240","E05013957","E04013285","0","517801","0203730","1","E18000006","E40000007","E92000001","E12000006","5","E14001507","E15000006","E24000005","E30000237","E16000150","E07000240","26UGGG","E00120376","26UGGG","E65000001","E01023708","E02004941","5","6D1","E00120376","E01023708","E02004941","E33027478","E38000079","E63011616","C1","5A2",51.719937,-0.296039,"E37000048","","E23000027",19205,"E56000035","E54000025","E00120376","E01023708","E02004941"
"AL2 1HR","AL2  1HR","AL2 1HR","198001","","E10000015","E58000649","E07000240","E05013957","E04013285","0","517671","0204483","1","E18000006","E40000007","E92000001","E12000006","5","E14001507","E15000006","E24000005","E30000237","E16000150","E07000240","26UGGG","E00120386","26UGGG","E65000001","E01023705","E02004941","5","6B2","E00120386","E01023705","E02004941","E33027477","E38000079","E63011616","C1","4A1",51.726727,-0.297689,"E37000048","","E23000027",14738,"E56000035","E54000025","E00120386","E01023705","E02004941"
"AL2 1HS","AL2  1HS","AL2 1HS","198001","","E10000015","E58000649","E07000240","E05013957","E04013285","0","517510","0204796","1","E18000006","E40000007","E92000001","E12000006","5","E14001507","E15000006","E24000005","E30000237","E16000150","E07000240","26UGGG","E00120383","26UGGG","E65000001","E01023705","E02004941","5","7A2","E00120383","E01023705","E02004941","E33027477","E38000079","E63011616","C1","4A1",51.729573,-0.299914,"E37000048","","E23000027",14738,"E56000035","E54000025","E00120383","E01023705","E02004941"
"AL2 1HT","AL2  1HT","AL2 1HT","198001","","E10000015","E58000649","E07000240","E05013957","E04013285","0","517598","0204688","1","E18000006","E40000007","E92000001","E12000006","5","E14001507","E15000006","E24000005","E30000237","E16000150","E07000240","26UGGG","E00120386","26UGGG","E65000001","E01023705","E02004941","5","6B2","E00120386","E01023705","E02004941","E33027477","E38000079","E63011616","C1","4A1",51.728584,-0.298676,"E37000048","","E23000027",14738,"E56000035","E54000025","E00120386","E01023705","E02004941"
"AL2 1HU","AL2  1HU","AL2 1HU","198001","","E10000015","E58000649","E07000240","E05013957","E04013285","0","517527","0204849","1","E18000006","E40000007","E92000001","E12000006","5","E14001507","E15000006","E24000005","E30000237","E16000150","E07000240","26UGGG","E00120383","26UGGG","E65000001","E01023705","E02004941","5","7A2","E00120383","E01023705","E02004941","E33027477","E38000079","E63011616","C1","4A1",51.730046,-0.299650,"E37000048","","E23000027",14738,"E56000035","E54000025","E00120383","E01023705","E02004941"
"AL2 1HW","AL2  1HW","AL2 1HW","198001","","E10000015","E58000649","E07000240","E05013957","E04013285","0","517563","0204586","1","E18000006","E40000007","E92000001","E12000006","5","E14001507","E15000006","E24000005","E30000237","E16000150","E07000240","26UGGG","E00120386","26UGGG","E65000001","E01023705","E02004941","5","6B2","E00120386","E01023705","E02004941","E33027477","E38000079","E63011616","C1","4A1",51.727675,-0.299217,"E37000048","","E23000027",14738,"E56000035","E54000025","E00120386","E01023705","E02004941"
"AL2 1HX","AL2  1HX","AL2 1HX","198001","","E10000015","E58000649","E07000240","E05013957","E04013285","0","517594","0204831","1","E18000006","E40000007","E92000001","E12000006","5","E14001507","E15000006","E24000005","E30000237","E16000150","E07000240","26UGGG","E00120383","26UGGG","E65000001","E01023705","E02004941","5","7A2","E00120383","E01023705","E02004941","E33027477","E38000079","E63011616","C1","4A1",51.729870,-0.298686,"E37000048","","E23000027",14738,"E56000035","E54000025","E00120383","E01023705","E02004941"
"AL2 1HY","AL2  1HY","AL2 1HY","198001","","E10000015","E58000649","E07000240","E05013957","E04013285","0","517613","0204791","1","E18000006","E40000007","E92000001","E12000006","5","E14001507","E15000006","E24000005","E30000237","E16000150","E07000240","26UGGG","E00120383","26UGGG","E65000001","E01023705","E02004941","5","7A2","E00120383","E01023705","E02004941","E33027477","E38000079","E63011616","C1","4A1",51.729507,-0.298425,"E37000048","","E23000027",14738,"E56000035","E54000025","E00120383","E01023705","E02004941"
"AL2 1HZ","AL2  1HZ","AL2 1HZ","198001","","E10000015","E58000649","E07000240","E05013957","E04013285","0","517658","0204715","1","E18000006","E40000007","E92000001","E12000006","5","E14001507","E15000006","E24000005","E30000237","E16000150","E07000240","26UGGG","E00120386","26UGGG","E65000001","E01023705","E02004941","5","6B2","E00120386","E01023705","E02004941","E33027477","E38000079","E63011616","C1","4A1",51.728814,-0.297799,"E37000048","","E23000027",14738,"E56000035","E54000025","E00120386","E01023705","E02004941"
"AL2 1JA","AL2  1JA","AL2 1JA","198001","","E10000015","E58000649","E07000240","E05013957","E04013285","0","517713","0204686","1","E18000006","E40000007","E92000001","E12000006","5","E14001507","E15000006","E24000005","E30000237","E16000150","E07000240","26UGGG","E00120385","26UGGG","E65000001","E01023705","E02004941","5","6B2","E00120385","E01023705","E02004941","E33027474","E38000079","E63011616","C1","4A1",51.728542,-0.297013,"E37000048","","E23000027",14738,"E56000035","E54000025","E00120385","E01023705","E02004941"
"AL2 1JB","AL2  1JB","AL2 1JB","198001","","E10000015","E58000649","E07000240","E05013957","E04013285","0","517781","0204724","1","E18000006","E40000007","E92000001","E12000006","5","E14001507","E15000006","E24000005","E30000237","E16000150","E07000240","26UGGG","E00120385","26UGGG","E65000001","E01023705","E02004941","5","6B2","E00120385","E01023705","E02004941","E33027474","E38000079","E63011616","C1","4A1",51.728869,-0.296016,"E37000048","","E23000027",14738,"E56000035","E54000025","E00120385","E01023705","E02004941"
"AL2 1JD","AL2  1JD","AL2 1JD","198001","","E10000015","E58000649","E07000240","E05013957","E04013285","0","517823","0204603","1","E18000006","E40000007","E92000001","E12000006","5","E14001507","E15000006","E24000005","E30000237","E16000150","E07000240","26UGGG","E00120385","26UGGG","E65000001","E01023705","E02004941","5","6B2","E00120385","E01023705","E02004941","E33027474","E38000079","E63011616","C1","4A1",51.727773,-0.295449,"E37000048","","E23000027",14738,"E56000035","E54000025","E00120385","E01023705","E02004941"
"AL2 1JE","AL2  1JE","AL2 1JE","198001","","E10000015","E58000649","E07000240","E05013957","E04013285","0","517671","0204626","1","E18000006","E40000007","E92000001","E12000006","5","E14001507","E15000006","E24000005","E30000237","E16000150","E07000240","26UGGG","E00120386","26UGGG","E65000001","E01023705","E02004941","5","6B2","E00120386","E01023705","E02004941","E33027477","E38000079","E63011616","C1","4A1",51.728012,-0.297641,"E37000048","","E23000027",14738,"E56000035","E54000025","E00120386","E01023705","E02004941"
"AL2 1JF","AL2  1JF","AL2 1JF","198001","","E10000015","E58000649","E07000240","E05013957","E04013285","0","517673","0204548","1","E18000006","E40000007","E92000001","E12000006","5","E14001507","E15000006","E24000005","E30000237","E16000150","E07000240","26UGGG","E00120371","26UGGG","E65000001","E01023706","E02004941","5","6D1","E00120371","E01023706","E02004941","E33027474","E38000079","E63011616","C1","5A2",51.727310,-0.297638,"E37000048","","E23000027",27603,"E56000035","E54000025","E00120371","E01023706","E02004941"
"AL2 1JG","AL2  1JG","AL2 1JG","198001","","E10000015","E58000649","E07000240","E05013957","E04013285","0","517801","0204409","1","E18000006","E40000007","E92000001","E12000006","5","E14001507","E15000006","E24000005","E30000237","E16000150","E07000240","26UGGG","E00120390","26UGGG","E65000001","E01023706","E02004941","5","6D1","E00120390","E01023706","E02004941","E33027474","E38000079","E63011616","C1","5A2",51.726040,-0.295810,"E37000048","","E23000027",27603,"E56000035","E54000025","E00120390","E01023706","E02004941"
"AL2 1JH","AL2  1JH","AL2 1JH","198001","","E10000015","E58000649","E07000240","E05013957","E04013285","0","517793","0204272","1","E18000006","E40000007","E92000001","E12000006","5","E14001507","E15000006","E24000005","E30000237","E16000150","E07000240","26UGGG","E00120371","26UGGG","E65000001","E01023706","E02004941","5","6D1","E00120371","E01023706","E02004941","E33027474","E38000079","E63011616","C1","5A2",51.724805,-0.295995,"E37000048","","E23000027",27603,"E56000035","E54000025","E00120371","E01023706","E02004941"
"AL2 1JJ","AL2  1JJ","AL2 1JJ","198001","","E10000015","E58000649","E07000240","E05013957","E04013285","0","517867","0204355","1","E18000006","E40000007","E92000001","E12000006","5","E14001507","E15000006","E24000005","E30000237","E16000150","E07000240","26UGGG","E00120390","26UGGG","E65000001","E01023706","E02004941","5","6D1","E00120390","E01023706","E02004941","E33027474","E38000079","E63011616","C1","5A2",51.725535,-0.294896,"E37000048","","E23000027",27603,"E56000035","E54000025","E00120390","E01023706","E02004941"
"AL2 1JL","AL2  1JL","AL2 1JL","198001","","E10000015","E58000649","E07000240","E05013957","E04013285","0","517921","0204345","1","E18000006","E40000007","E92000001","E12000006","5","E14001507","E15000006","E24000005","E30000237","E16000150","E07000240","26UGGG","E00120390","26UGGG","E65000001","E01023706","E02004941","5","6D1","E00120390","E01023706","E02004941","E33027474","E38000079","E63011616","C1","5A2",51.725439,-0.294095,"E37000048","","E23000027",27603,"E56000035","E54000025","E00120390","E01023706","E02004941"
"AL2 1JN","AL2  1JN","AL2 1JN","198001","","E10000015","E58000649","E07000240","E05013957","E04013285","0","518055","0204439","1","E18000006","E40000007","E92000001","E12000006","5","E14001507","E15000006","E24000005","E30000237","E16000150","E07000240","26UGGG","E00120379","26UGGG","E65000001","E01023706","E02004941","5","4C2","E00120379","E01023706","E02004941","E33027474","E38000079","E63011616","C1","5A2",51.726251,-0.292147,"E37000048","","E23000027",27603,"E56000035","E54000025","E00120379","E01023706","E02004941"
"AL2 1JP","AL2  1JP","AL2 1JP","198001","","E10000015","E58000649","E07000240","E05013957","E04013285","0","517960","0204282","1","E18000006","E40000007","E92000001","E12000006","5","E14001507","E15000006","E24000005","E30000237","E16000150","E07000240","26UGGG","E00120390","26UGGG","E65000001","E01023706","E02004941","5","6D1","E00120390","E01023706","E02004941","E33027474","E38000079","E63011616","C1","5A2",51.724860,-0.293575,"E37000048","","E23000027",27603,"E56000035","E54000025","E00120390","E01023706","E02004941"
"AL2 1JQ","AL2  1JQ","AL2 1JQ","198001","","E10000015","E58000649","E07000240","E05013957","E04013285","0","517766","0204277","1","E18000006","E40000007","E92000001","E12000006","5","E14001507","E15000006","E24000005","E30000237","E16000150","E07000240","26UGGG","E00120371","26UGGG","E65000001","E01023706","E02004941","5","6D1","E00120371","E01023706","E02004941","E33027474","E38000079","E63011616","C1","5A2",51.724855,-0.296384,"E37000048","","E23000027",27603,"E56000035","E54000025","E00120371","E01023706","E02004941"
"AL2 1JR","AL2  1JR","AL2 1JR","198001","","E10000015","E58000649","E07000240","E05013957","E04013285","0","517972","0204241","1","E18000006","E40000007","E92000001","E12000006","5","E14001507","E15000006","E24000005","E30000237","E16000150","E07000240","26UGGG","E00120390","26UGGG","E65000001","E01023706","E02004941","5","6D1","E00120390","E01023706","E02004941","E33027474","E38000079","E63011616","C1","5A2",51.724494,-0.293392,"E37000048","","E23000027",27603,"E56000035","E54000025","E00120390","E01023706","E02004941"
"AL2 1JS","AL2  1JS","AL2 1JS","198001","","E10000015","E58000649","E07000240","E05013957","E04013285","0","517874","0204220","1","E18000006","E40000007","E92000001","E12000006","5","E14001507","E15000006","E24000005","E30000237","E16000150","E07000240","26UGGG","E00120390","26UGGG","E65000001","E01023706","E02004941","5","6D1","E00120390","E01023706","E02004941","E33027474","E38000079","E63011616","C1","5A2",51.724320,-0.294840,"E37000048","","E23000027",27603,"E56000035","E54000025","E00120390","E01023706","E02004941"
"AL2 1JT","AL2  1JT","AL2 1JT","198001","","E10000015","E58000649","E07000240","E05013957","E04013285","0","517979","0204176","1","E18000006","E40000007","E92000001","E12000006","5","E14001507","E15000006","E24000005","E30000237","E16000150","E07000240","26UGGG","E00120390","26UGGG","E65000001","E01023706","E02004941","5","6D1","E00120390","E01023706","E02004941","E33027474","E38000079","E63011616","C1","5A2",51.723908,-0.293312,"E37000048","","E23000027",27603,"E56000035","E54000025","E00120390","E01023706","E02004941"
"AL2 1JU","AL2  1JU","AL2 1JU","198001","","E10000015","E58000649","E07000240","E05013957","E04013285","0","518013","0204129","1","E18000006","E40000007","E92000001","E12000006","5","E14001507","E15000006","E24000005","E30000237","E16000150","E07000240","26UGGG","E00120379","26UGGG","E65000001","E01023706","E02004941","5","4C2","E00120379","E01023706","E02004941","E33027474","E38000079","E63011616","C1","5A2",51.723473,-0.292860,"E37000048","","E23000027",27603,"E56000035","E54000025","E00120379","E01023706","E02004941"
"AL2 1JW","AL2  1JW","AL2 1JW","198001","","E10000015","E58000649","E07000240","E05013957","E04013285","0","518124","0204350","1","E18000006","E40000007","E92000001","E12000006","5","E14001507","E15000006","E24000005","E30000237","E16000150","E07000240","26UGGG","E00120379","26UGGG","E65000001","E01023706","E02004941","5","4C2","E00120379","E01023706","E02004941","E33027474","E38000079","E63011616","C1","5A2",51.725436,-0.291178,"E37000048","","E23000027",27603,"E56000035","E54000025","E00120379","E01023706","E02004941"
"AL2 1JX","AL2  1JX","AL2 1JX","198001","","E10000015","E58000649","E07000240","E05013957","E04013285","0","517897","0204193","1","E18000006","E40000007","E92000001","E12000006","5","E14001507","E15000006","E24000005","E30000237","E16000150","E07000240","26UGGG","E00120379","26UGGG","E65000001","E01023706","E02004941","5","4C2","E00120379","E01023706","E02004941","E33027474","E38000079","E63011616","C1","5A2",51.724073,-0.294517,"E37000048","","E23000027",27603,"E56000035","E54000025","E00120379","E01023706","E02004941"
"AL2 1JY","AL2  1JY","AL2 1JY","198001","","E10000015","E58000649","E07000240","E05013957","E04013285","0","517817","0204203","1","E18000006","E40000007","E92000001","E12000006","5","E14001507","E15000006","E24000005","E30000237","E16000150","E07000240","26UGGG","E00120390","26UGGG","E65000001","E01023706","E02004941","5","6D1","E00120390","E01023706","E02004941","E33027474","E38000079","E63011616","C1","5A2",51.724180,-0.295671,"E37000048","","E23000027",27603,"E56000035","E54000025","E00120390","E01023706","E02004941"
"AL2 1JZ","AL2  1JZ","AL2 1JZ","198301","","E10000015","E58000649","E07000240","E05013957","E04013285","0","517741","0204339","1","E18000006","E40000007","E92000001","E12000006","5","E14001507","E15000006","E24000005","E30000237","E16000150","E07000240","26UGGG","E00120371","26UGGG","E65000001","E01023706","E02004941","5","6D1","E00120371","E01023706","E02004941","E33027474","E38000079","E63011616","C1","5A2",51.725418,-0.296725,"E37000048","","E23000027",27603,"E56000035","E54000025","E00120371","E01023706","E02004941"
"AL2 1LA","AL2  1LA","AL2 1LA","199412","199812","E10000015","E58000649","E07000240","E05013957","E04013285","1","517760","0204095","6","E18000006","E40000007","E92000001","E12000006","5","E14001507","E15000006","E24000005","E30000237","E16000150","E07000240","26UGGG","E00120393","26UGGG","E65000001","E01023706","E02004941","5","6B2","E00120393","E01023706","E02004941","E33027475","E38000079","E63011616","C1","4A3",51.723221,-0.296532,"E37000048","","E23000027",27603,"E56000035","E54000025","E00120393","E01023706","E02004941"
"AL2 1LB","AL2  1LB","AL2 1LB","199109","","E10000015","E58000649","E07000240","E05013957","E04013285","0","518005","0204519","1","E18000006","E40000007","E92000001","E12000006","5","E14001507","E15000006","E24000005","E30000237","E16000150","E07000240","26UGGG","E00120371","26UGGG","E65000001","E01023706","E02004941","5","6D1","E00120371","E01023706","E02004941","E33027474","E38000079","E63011616","C1","5A2",51.726980,-0.292843,"E37000048","","E23000027",27603,"E56000035","E54000025","E00120371","E01023706","E02004941"
"AL2 1LD","AL2  1LD","AL2 1LD","199201","","E10000015","E58000649","E07000240","E05013957","E04013285","0","517924","0204598","1","E18000006","E40000007","E92000001","E12000006","5","E14001507","E15000006","E24000005","E30000237","E16000150","E07000240","26UGGG","E00120385","26UGGG","E65000001","E01023705","E02004941","5","6B2","E00120385","E01023705","E02004941","E33027474","E38000079","E63011616","C1","4A1",51.727707,-0.293989,"E37000048","","E23000027",14738,"E56000035","E54000025","E00120385","E01023705","E02004941"
"AL2 1LE","AL2  1LE","AL2 1LE","199201","","E10000015","E58000649","E07000240","E05013957","E04013285","0","517983","0204605","1","E18000006","E40000007","E92000001","E12000006","5","E14001507","E15000006","E24000005","E30000237","E16000150","E07000240","26UGGG","E00120385","26UGGG","E65000001","E01023705","E02004941","5","6B2","E00120385","E01023705","E02004941","E33027474","E38000079","E63011616","C1","4A1",51.727758,-0.293133,"E37000048","","E23000027",14738,"E56000035","E54000025","E00120385","E01023705","E02004941"
"AL2 1LF","AL2  1LF","AL2 1LF","199109","","E10000015","E58000649","E07000240","E05013957","E04013285","0","517949","0204461","1","E18000006","E40000007","E92000001","E12000006","5","E14001507","E15000006","E24000005","E30000237","E16000150","E07000240","26UGGG","E00120371","26UGGG","E65000001","E01023706","E02004941","5","6D1","E00120371","E01023706","E02004941","E33027474","E38000079","E63011616","C1","5A2",51.726471,-0.293673,"E37000048","","E23000027",27603,"E56000035","E54000025","E00120371","E01023706","E02004941"
"AL2 1LG","AL2  1LG","AL2 1LG","198001","","E10000015","E58000649","E07000240","E05013957","E04013285","0","517543","0203431","1","E18000006","E40000007","E92000001","E12000006","5","E14001507","E15000006","E24000005","E30000237","E16000150","E07000240","26UGGG","E00120376","26UGGG","E65000001","E01023708","E02004941","5","6D1","E00120376","E01023708","E02004941","E33027478","E38000079","E63011616","C1","5A2",51.717299,-0.299896,"E37000048","","E23000027",19205,"E56000035","E54000025","E00120376","E01023708","E02004941"
"AL2 1LH","AL2  1LH","AL2 1LH","199412","199812","E10000015","E58000649","E07000240","E05013957","E04013285","1","517760","0204095","6","E18000006","E40000007","E92000001","E12000006","5","E14001507","E15000006","E24000005","E30000237","E16000150","E07000240","26UGGG","E00120393","26UGGG","E65000001","E01023706","E02004941","5","6B2","E00120393","E01023706","E02004941","E33027475","E38000079","E63011616","C1","4A3",51.723221,-0.296532,"E37000048","","E23000027",27603,"E56000035","E54000025","E00120393","E01023706","E02004941"
"AL2 1LJ","AL2  1LJ","AL2 1LJ","198001","","E10000015","E58000649","E07000240","E05013957","E04013285","0","517673","0203575","1","E18000006","E40000007","E92000001","E12000006","5","E14001507","E15000006","E24000005","E30000237","E16000150","E07000240","26UGGG","E00120376","26UGGG","E65000001","E01023708","E02004941","5","6D1","E00120376","E01023708","E02004941","E33027478","E38000079","E63011616","C1","5A2",51.718566,-0.297967,"E37000048","","E23000027",19205,"E56000035","E54000025","E00120376","E01023708","E02004941"
"AL2 1LL","AL2  1LL","AL2 1LL","198001","","E10000015","E58000649","E07000240","E05013957","E04013285","0","517474","0203556","1","E18000006","E40000007","E92000001","E12000006","5","E14001507","E15000006","E24000005","E30000237","E16000150","E07000240","26UGGG","E00120375","26UGGG","E65000001","E01023708","E02004941","5","6B2","E00120375","E01023708","E02004941","E33027475","E38000079","E63011616","C1","5B3",51.718437,-0.300852,"E37000048","","E23000027",19205,"E56000035","E54000025","E00120375","E01023708","E02004941"
"AL2 1LN","AL2  1LN","AL2 1LN","198001","","E10000015","E58000649","E07000240","E05013957","E04013285","0","517372","0203749","1","E18000006","E40000007","E92000001","E12000006","5","E14001507","E15000006","E24000005","E30000237","E16000150","E07000240","26UGGG","E00120372","26UGGG","E65000001","E01023708","E02004941","5","5B3","E00120372","E01023708","E02004941","E33027475","E38000079","E63011616","C1","4A1",51.720193,-0.302263,"E37000048","","E23000027",19205,"E56000035","E54000025","E00120372","E01023708","E02004941"
"AL2 1LP","AL2  1LP","AL2 1LP","198001","","E10000015","E58000649","E07000240","E05013957","E04013285","0","517065","0204192","1","E18000006","E40000007","E92000001","E12000006","5","E14001507","E15000006","E24000005","E30000237","E16000150","E07000240","26UGGG","E00120377","26UGGG","E65000001","E01023707","E02004941","5","1C3","E00169672","E01033028","E02004941","E33027476","E38000079","E63011616","C1","4A3",51.724238,-0.306557,"E37000048","","E23000027",24353,"E56000035","E54000025","E00169672","E01033028","E02004941"
"AL2 1LQ","AL2  1LQ","AL2 1LQ","198001","","E10000015","E58000649","E07000240","E05013957","E04013285","0","517641","0203606","1","E18000006","E40000007","E92000001","E12000006","5","E14001507","E15000006","E24000005","E30000237","E16000150","E07000240","26UGGG","E00120375","26UGGG","E65000001","E01023708","E02004941","5","6B2","E00120375","E01023708","E02004941","E33027475","E38000079","E63011616","C1","5B3",51.718851,-0.298419,"E37000048","","E23000027",19205,"E56000035","E54000025","E00120375","E01023708","E02004941"
"AL2 1LR","AL2  1LR","AL2 1LR","198001","200504","E10000015","E58000649","E07000240","E05013960","E04013285","0","516957","0204246","1","E18000006","E40000007","E92000001","E12000006","5","E14001507","E15000006","E24000005","E30000237","E16000150","E07000240","26UGGG","E00120377","26UGGG","E65000001","E01023707","E02004941","5","1C3","E00169672","E01033028","E02004941","E33027476","E38000079","E63011616","C1","4A3",51.724746,-0.308101,"E37000048","","E23000027",24353,"E56000035","E54000025","E00169672","E01033028","E02004941"
"AL2 1LS","AL2  1LS","AL2 1LS","198001","","E10000015","E58000649","E07000240","E05013957","E04013285","0","517174","0204230","1","E18000006","E40000007","E92000001","E12000006","5","E14001507","E15000006","E24000005","E30000237","E16000150","E07000240","26UGGG","E00120392","26UGGG","E65000001","E01023707","E02004941","5","1C3","E00120392","E01033028","E02004941","E33027476","E38000079","E63011616","C1","5A2",51.724557,-0.304967,"E37000048","","E23000027",24353,"E56000035","E54000025","E00120392","E01033028","E02004941"
"AL2 1LT","AL2  1LT","AL2 1LT","198001","","E10000015","E58000649","E07000240","E05013957","E04013285","0","517163","0204261","1","E18000006","E40000007","E92000001","E12000006","5","E14001507","E15000006","E24000005","E30000237","E16000150","E07000240","26UGGG","E00120391","26UGGG","E65000001","E01023707","E02004941","5","6A2","E00120391","E01033028","E02004941","E33027476","E38000079","E63011616","C1","4C3",51.724843,-0.305092,"E37000048","","E23000027",24353,"E56000035","E54000025","E00120391","E01033028","E02004941"
"AL2 1LU","AL2  1LU","AL2 1LU","198001","","E10000015","E58000649","E07000240","E05013957","E04013285","0","517319","0204330","1","E18000006","E40000007","E92000001","E12000006","5","E14001507","E15000006","E24000005","E30000237","E16000150","E07000240","26UGGG","E00120388","26UGGG","E65000001","E01023707","E02004941","5","6A2","E00120388","E01033028","E02004941","E33027476","E38000079","E63011616","C1","4C3",51.725425,-0.302835,"E37000048","","E23000027",24353,"E56000035","E54000025","E00120388","E01033028","E02004941"
"AL2 1LW","AL2  1LW","AL2 1LW","198001","","E10000015","E58000649","E07000240","E05013957","E04013285","0","517214","0203987","1","E18000006","E40000007","E92000001","E12000006","5","E14001507","E15000006","E24000005","E30000237","E16000150","E07000240","26UGGG","E00120377","26UGGG","E65000001","E01023707","E02004941","5","1C3","E00169674","E01033029","E02004941","E33027476","E38000079","E63011616","C1","4A3",51.722365,-0.304469,"E37000048","","E23000027",24035,"E56000035","E54000025","E00169674","E01033029","E02004941"
"AL2 1LX","AL2  1LX","AL2 1LX","198001","","E10000015","E58000649","E07000240","E05013957","E04013285","0","517216","0204370","1","E18000006","E40000007","E92000001","E12000006","5","E14001507","E15000006","E24000005","E30000237","E16000150","E07000240","26UGGG","E00120391","26UGGG","E65000001","E01023707","E02004941","5","6A2","E00120391","E01033028","E02004941","E33027476","E38000079","E63011616","C1","4C3",51.725806,-0.304312,"E37000048","","E23000027",24353,"E56000035","E54000025","E00120391","E01033028","E02004941"
"AL2 1LY","AL2  1LY","AL2 1LY","199706","199806","E10000015","E58000649","E07000240","E05013957","E04013285","1","517760","0204095","6","E18000006","E40000007","E92000001","E12000006","5","E14001507","E15000006","E24000005","E30000237","E16000150","E07000240","26UGGG","E00120393","26UGGG","E65000001","E01023706","E02004941","5","6B2","E00120393","E01023706","E02004941","E33027475","E38000079","E63011616","C1","4A3",51.723221,-0.296532,"E37000048","","E23000027",27603,"E56000035","E54000025","E00120393","E01023706","E02004941"
"AL2 1LZ","AL2  1LZ","AL2 1LZ","198001","","E10000015","E58000649","E07000240","E05013957","E04013285","0","517102","0204306","1","E18000006","E40000007","E92000001","E12000006","5","E14001507","E15000006","E24000005","E30000237","E16000150","E07000240","26UGGG","E00120391","26UGGG","E65000001","E01023707","E02004941","5","6A2","E00120391","E01033028","E02004941","E33027476","E38000079","E63011616","C1","4C3",51.725255,-0.305983,"E37000048","","E23000027",24353,"E56000035","E54000025","E00120391","E01033028","E02004941"
"AL2 1NA","AL2  1NA","AL2 1NA","198001","","E10000015","E58000649","E07000240","E05013957","E04013285","0","517123","0204284","1","E18000006","E40000007","E92000001","E12000006","5","E14001507","E15000006","E24000005","E30000237","E16000150","E07000240","26UGGG","E00120391","26UGGG","E65000001","E01023707","E02004941","5","6A2","E00120391","E01033028","E02004941","E33027476","E38000079","E63011616","C1","4C3",51.725053,-0.305686,"E37000048","","E23000027",24353,"E56000035","E54000025","E00120391","E01033028","E02004941"
"AL2 1NB","AL2  1NB","AL2 1NB","198001","","E10000015","E58000649","E07000240","E05013957","E04013285","0","517079","0204338","1","E18000006","E40000007","E92000001","E12000006","5","E14001507","E15000006","E24000005","E30000237","E16000150","E07000240","26UGGG","E00120391","26UGGG","E65000001","E01023707","E02004941","5","6A2","E00120391","E01033028","E02004941","E33027476","E38000079","E63011616","C1","4C3",51.725547,-0.306305,"E37000048","","E23000027",24353,"E56000035","E54000025","E00120391","E01033028","E02004941"
"AL2 1ND","AL2  1ND","AL2 1ND","198001","","E10000015","E58000649","E07000240","E05013957","E04013285","0","517054","0204363","1","E18000006","E40000007","E92000001","E12000006","5","E14001507","E15000006","E24000005","E30000237","E16000150","E07000240","26UGGG","E00120384","26UGGG","E65000001","E01023705","E02004941","5","6B2","E00120384","E01023705","E02004941","E33027477","E38000079","E63011616","C1","4A3",51.725777,-0.306658,"E37000048","","E23000027",14738,"E56000035","E54000025","E00120384","E01023705","E02004941"
"AL2 1NE","AL2  1NE","AL2 1NE","198001","","E10000015","E58000649","E07000240","E05013957","E04013285","0","517107","0204451","1","E18000006","E40000007","E92000001","E12000006","5","E14001507","E15000006","E24000005","E30000237","E16000150","E07000240","26UGGG","E00120384","26UGGG","E65000001","E01023705","E02004941","5","6B2","E00120384","E01023705","E02004941","E33027477","E38000079","E63011616","C1","4A3",51.726557,-0.305862,"E37000048","","E23000027",14738,"E56000035","E54000025","E00120384","E01023705","E02004941"
"AL2 1NF","AL2  1NF","AL2 1NF","198001","","E10000015","E58000649","E07000240","E05013957","E04013285","0","517179","0204450","1","E18000006","E40000007","E92000001","E12000006","5","E14001507","E15000006","E24000005","E30000237","E16000150","E07000240","26UGGG","E00120388","26UGGG","E65000001","E01023707","E02004941","5","6A2","E00120388","E01033028","E02004941","E33027476","E38000079","E63011616","C1","4C3",51.726533,-0.304820,"E37000048","","E23000027",24353,"E56000035","E54000025","E00120388","E01033028","E02004941"
"AL2 1NG","AL2  1NG","AL2 1NG","198001","","E10000015","E58000649","E07000240","E05013957","E04013285","0","517163","0204504","1","E18000006","E40000007","E92000001","E12000006","5","E14001507","E15000006","E24000005","E30000237","E16000150","E07000240","26UGGG","E00120384","26UGGG","E65000001","E01023705","E02004941","5","6B2","E00120384","E01023705","E02004941","E33027477","E38000079","E63011616","C1","4A3",51.727022,-0.305034,"E37000048","","E23000027",14738,"E56000035","E54000025","E00120384","E01023705","E02004941"
"AL2 1NH","AL2  1NH","AL2 1NH","198001","","E10000015","E58000649","E07000240","E05013957","E04013285","0","517258","0204407","1","E18000006","E40000007","E92000001","E12000006","5","E14001507","E15000006","E24000005","E30000237","E16000150","E07000240","26UGGG","E00120388","26UGGG","E65000001","E01023707","E02004941","5","6A2","E00120388","E01033028","E02004941","E33027476","E38000079","E63011616","C1","4C3",51.726130,-0.303691,"E37000048","","E23000027",24353,"E56000035","E54000025","E00120388","E01033028","E02004941"
"AL2 1NJ","AL2  1NJ","AL2 1NJ","198001","","E10000015","E58000649","E07000240","E05013957","E04013285","0","517410","0204386","1","E18000006","E40000007","E92000001","E12000006","5","E14001507","E15000006","E24000005","E30000237","E16000150","E07000240","26UGGG","E00120388","26UGGG","E65000001","E01023707","E02004941","5","6A2","E00120388","E01033028","E02004941","E33027476","E38000079","E63011616","C1","4C3",51.725915,-0.301476,"E37000048","","E23000027",24353,"E56000035","E54000025","E00120388","E01033028","E02004941"
"AL2 1NL","AL2  1NL","AL2 1NL","198001","","E10000015","E58000649","E07000240","E05013957","E04013285","0","517474","0203684","1","E18000006","E40000007","E92000001","E12000006","5","E14001507","E15000006","E24000005","E30000237","E16000150","E07000240","26UGGG","E00120372","26UGGG","E65000001","E01023708","E02004941","5","5B3","E00120372","E01023708","E02004941","E33027475","E38000079","E63011616","C1","4A1",51.719587,-0.300809,"E37000048","","E23000027",19205,"E56000035","E54000025","E00120372","E01023708","E02004941"
"AL2 1NN","AL2  1NN","AL2 1NN","198704","199501","E10000015","E58000649","E07000240","E05013957","E04013285","1","517700","0203700","8","E18000006","E40000007","E92000001","E12000006","5","E14001507","E15000006","E24000005","E30000237","E16000150","E07000240","26UGGG","E00120375","26UGGG","E65000001","E01023708","E02004941","5","6B2","E00120375","E01023708","E02004941","E33027475","E38000079","E63011616","C1","5B3",51.719684,-0.297534,"E37000048","","E23000027",19205,"E56000035","E54000025","E00120375","E01023708","E02004941"
"AL2 1NP","AL2  1NP","AL2 1NP","199912","","E10000015","E58000649","E07000240","E05013957","E04013285","0","517344","0204436","1","E18000006","E40000007","E92000001","E12000006","5","E14001507","E15000006","E24000005","E30000237","E16000150","E07000240","26UGGG","E00120388","26UGGG","E65000001","E01023707","E02004941","5","6A2","E00120388","E01033028","E02004941","E33027476","E38000079","E63011616","C1","4C3",51.726373,-0.302437,"E37000048","","E23000027",24353,"E56000035","E54000025","E00120388","E01033028","E02004941"
"AL2 1NQ","AL2  1NQ","AL2 1NQ","198001","","E10000015","E58000649","E07000240","E05013957","E04013285","0","517297","0204426","1","E18000006","E40000007","E92000001","E12000006","5","E14001507","E15000006","E24000005","E30000237","E16000150","E07000240","26UGGG","E00120388","26UGGG","E65000001","E01023707","E02004941","5","6A2","E00120388","E01033028","E02004941","E33027476","E38000079","E63011616","C1","4C3",51.726293,-0.303121,"E37000048","","E23000027",24353,"E56000035","E54000025","E00120388","E01033028","E02004941"
"AL2 1NR","AL2  1NR","AL2 1NR","200106","200305","E10000015","E58000664","E07000240","E05013956","E43000290","1","517328","0206823","1","E18000006","E40000007","E92000001","E12000006","5","E14001507","E15000006","E24000005","E30000237","E16000150","E07000240","26UGFX","E00120196","26UGFX","E65000001","E01023667","E02004936","5","6D1","E00120196","E01023667","E02004936","E33027453","E38000079","E63011552","C1","5A2",51.747828,-0.301865,"E37000048","","E23000027",30628,"E56000035","E54000025","E00120196","E01023667","E02004936"
"AL2 1NS","AL2  1NS","AL2 1NS","199101","","E10000015","E58000649","E07000240","E05013957","E04013285","0","517962","0203712","1","E18000006","E40000007","E92000001","E12000006","5","E14001507","E15000006","E24000005","E30000237","E16000150","E07000240","26UGGG","E00120378","26UGGG","E65000001","E01023708","E02004941","5","2B2","E00120378","E01023708","E02004941","E33027474","E38000079","E63011616","C1","5A3",51.719736,-0.293739,"E37000048","","E23000027",19205,"E56000035","E54000025","E00120378","E01023708","E02004941"
"AL2 1NT","AL2  1NT","AL2 1NT","198307","","E10000015","E58000649","E07000240","E05013957","E04013285","0","517868","0203764","1","E18000006","E40000007","E92000001","E12000006","5","E14001507","E15000006","E24000005","E30000237","E16000150","E07000240","26UGGG","E00120376","26UGGG","E65000001","E01023708","E02004941","5","6D1","E00120376","E01023708","E02004941","E33027478","E38000079","E63011616","C1","5A2",51.720224,-0.295081,"E37000048","","E23000027",19205,"E56000035","E54000025","E00120376","E01023708","E02004941"
"AL2 1NU","AL2  1NU","AL2 1NU","198001","","E10000015","E58000649","E07000240","E05013957","E04013285","0","517922","0203817","1","E18000006","E40000007","E92000001","E12000006","5","E14001507","E15000006","E24000005","E30000237","E16000150","E07000240","26UGGG","E00120378","26UGGG","E65000001","E01023708","E02004941","5","2B2","E00120378","E01023708","E02004941","E33027474","E38000079","E63011616","C1","5A3",51.720689,-0.294282,"E37000048","","E23000027",19205,"E56000035","E54000025","E00120378","E01023708","E02004941"
"AL2 1NW","AL2  1NW","AL2 1NW","199201","","E10000015","E58000649","E07000240","E05013957","E04013285","0","517666","0203712","1","E18000006","E40000007","E92000001","E12000006","5","E14001507","E15000006","E24000005","E30000237","E16000150","E07000240","26UGGG","E00120375","26UGGG","E65000001","E01023708","E02004941","5","6B2","E00120375","E01023708","E02004941","E33027475","E38000079","E63011616","C1","5B3",51.719799,-0.298022,"E37000048","","E23000027",19205,"E56000035","E54000025","E00120375","E01023708","E02004941"
"AL2 1NX","AL2  1NX","AL2 1NX","198001","","E10000015","E58000649","E07000240","E05013957","E04013285","0","517980","0203794","1","E18000006","E40000007","E92000001","E12000006","5","E14001507","E15000006","E24000005","E30000237","E16000150","E07000240","26UGGG","E00120378","26UGGG","E65000001","E01023708","E02004941","5","2B2","E00120378","E01023708","E02004941","E33027474","E38000079","E63011616","C1","5A3",51.720470,-0.293451,"E37000048","","E23000027",19205,"E56000035","E54000025","E00120378","E01023708","E02004941"
"AL2 1NY","AL2  1NY","AL2 1NY","198001","","E10000015","E58000649","E07000240","E05013957","E04013285","0","517876","0203711","1","E18000006","E40000007","E92000001","E12000006","5","E14001507","E15000006","E24000005","E30000237","E16000150","E07000240","26UGGG","E00120376","26UGGG","E65000001","E01023708","E02004941","5","6D1","E00120376","E01023708","E02004941","E33027478","E38000079","E63011616","C1","5A2",51.719746,-0.294983,"E37000048","","E23000027",19205,"E56000035","E54000025","E00120376","E01023708","E02004941"
"AL2 1NZ","AL2  1NZ","AL2 1NZ","198001","","E10000015","E58000649","E07000240","E05013957","E04013285","0","517853","0203889","1","E18000006","E40000007","E92000001","E12000006","5","E14001507","E15000006","E24000005","E30000237","E16000150","E07000240","26UGGG","E00120393","26UGGG","E65000001","E01023706","E02004941","5","6B2","E00120393","E01023706","E02004941","E33027475","E38000079","E63011616","C1","4A3",51.721350,-0.295256,"E37000048","","E23000027",27603,"E56000035","E54000025","E00120393","E01023706","E02004941"
"AL2 1PA","AL2  1PA","AL2 1PA","198001","","E10000015","E58000649","E07000240","E05013957","E04013285","0","517814","0203788","1","E18000006","E40000007","E92000001","E12000006","5","E14001507","E15000006","E24000005","E30000237","E16000150","E07000240","26UGGG","E00120375","26UGGG","E65000001","E01023708","E02004941","5","6B2","E00120375","E01023708","E02004941","E33027475","E38000079","E63011616","C1","5B3",51.720451,-0.295855,"E37000048","","E23000027",19205,"E56000035","E54000025","E00120375","E01023708","E02004941"
"AL2 1PB","AL2  1PB","AL2 1PB","198001","","E10000015","E58000649","E07000240","E05013957","E04013285","0","517719","0203828","1","E18000006","E40000007","E92000001","E12000006","5","E14001507","E15000006","E24000005","E30000237","E16000150","E07000240","26UGGG","E00120375","26UGGG","E65000001","E01023708","E02004941","5","6B2","E00120375","E01023708","E02004941","E33027475","E38000079","E63011616","C1","5B3",51.720830,-0.297216,"E37000048","","E23000027",19205,"E56000035","E54000025","E00120375","E01023708","E02004941"
"AL2 1PD","AL2  1PD","AL2 1PD","198001","","E10000015","E58000649","E07000240","E05013957","E04013285","0","517532","0203805","1","E18000006","E40000007","E92000001","E12000006","5","E14001507","E15000006","E24000005","E30000237","E16000150","E07000240","26UGGG","E00120372","26UGGG","E65000001","E01023708","E02004941","5","5B3","E00120372","E01023708","E02004941","E33027475","E38000079","E63011616","C1","4A1",51.720662,-0.299929,"E37000048","","E23000027",19205,"E56000035","E54000025","E00120372","E01023708","E02004941"
"AL2 1PE","AL2  1PE","AL2 1PE","198001","","E10000015","E58000649","E07000240","E05013957","E04013285","0","517756","0203882","1","E18000006","E40000007","E92000001","E12000006","5","E14001507","E15000006","E24000005","E30000237","E16000150","E07000240","26UGGG","E00120375","26UGGG","E65000001","E01023708","E02004941","5","6B2","E00120375","E01023708","E02004941","E33027475","E38000079","E63011616","C1","5B3",51.721308,-0.296662,"E37000048","","E23000027",19205,"E56000035","E54000025","E00120375","E01023708","E02004941"
"AL2 1PF","AL2  1PF","AL2 1PF","198001","","E10000015","E58000649","E07000240","E05013957","E04013285","0","517645","0203981","1","E18000006","E40000007","E92000001","E12000006","5","E14001507","E15000006","E24000005","E30000237","E16000150","E07000240","26UGGG","E00120373","26UGGG","E65000001","E01023708","E02004941","5","5B2","E00120373","E01023708","E02004941","E33027475","E38000079","E63011616","C1","7C3",51.722221,-0.298235,"E37000048","","E23000027",19205,"E56000035","E54000025","E00120373","E01023708","E02004941"
"AL2 1PG","AL2  1PG","AL2 1PG","198001","","E10000015","E58000649","E07000240","E05013957","E04013285","0","517521","0203878","1","E18000006","E40000007","E92000001","E12000006","5","E14001507","E15000006","E24000005","E30000237","E16000150","E07000240","26UGGG","E00120372","26UGGG","E65000001","E01023708","E02004941","5","5B3","E00120372","E01023708","E02004941","E33027475","E38000079","E63011616","C1","4A1",51.721321,-0.300064,"E37000048","","E23000027",19205,"E56000035","E54000025","E00120372","E01023708","E02004941"
"AL2 1PH","AL2  1PH","AL2 1PH","200106","","E10000015","E58000649","E07000240","E05013957","E04013285","0","517455","0203938","1","E18000006","E40000007","E92000001","E12000006","5","E14001507","E15000006","E24000005","E30000237","E16000150","E07000240","26UGGG","E00120373","26UGGG","E65000001","E01023708","E02004941","5","5B2","E00120373","E01023708","E02004941","E33027475","E38000079","E63011616","C1","7C3",51.721874,-0.300999,"E37000048","","E23000027",19205,"E56000035","E54000025","E00120373","E01023708","E02004941"
"AL2 1PJ","AL2  1PJ","AL2 1PJ","198001","","E10000015","E58000649","E07000240","E05013957","E04013285","0","517307","0203898","1","E18000006","E40000007","E92000001","E12000006","5","E14001507","E15000006","E24000005","E30000237","E16000150","E07000240","26UGGG","E00120377","26UGGG","E65000001","E01023707","E02004941","5","1C3","E00169674","E01033029","E02004941","E33027476","E38000079","E63011616","C1","4A3",51.721545,-0.303154,"E37000048","","E23000027",24035,"E56000035","E54000025","E00169674","E01033029","E02004941"
"AL2 1PL","AL2  1PL","AL2 1PL","198001","","E10000015","E58000649","E07000240","E05013957","E04013285","0","517332","0203996","1","E18000006","E40000007","E92000001","E12000006","5","E14001507","E15000006","E24000005","E30000237","E16000150","E07000240","26UGGG","E00120377","26UGGG","E65000001","E01023707","E02004941","5","1C3","E00169674","E01033029","E02004941","E33027476","E38000079","E63011616","C1","4A3",51.722421,-0.302759,"E37000048","","E23000027",24035,"E56000035","E54000025","E00169674","E01033029","E02004941"
"AL2 1PN","AL2  1PN","AL2 1PN","198001","","E10000015","E58000649","E07000240","E05013957","E04013285","0","517280","0203991","1","E18000006","E40000007","E92000001","E12000006","5","E14001507","E15000006","E24000005","E30000237","E16000150","E07000240","26UGGG","E00120377","26UGGG","E65000001","E01023707","E02004941","5","1C3","E00169674","E01033029","E02004941","E33027476","E38000079","E63011616","C1","4A3",51.722387,-0.303513,"E37000048","","E23000027",24035,"E56000035","E54000025","E00169674","E01033029","E02004941"
"AL2 1PP","AL2  1PP","AL2 1PP","198001","","E10000015","E58000649","E07000240","E05013957","E04013285","0","517309","0204180","1","E18000006","E40000007","E92000001","E12000006","5","E14001507","E15000006","E24000005","E30000237","E16000150","E07000240","26UGGG","E00120392","26UGGG","E65000001","E01023707","E02004941","5","1C3","E00120392","E01033028","E02004941","E33027476","E38000079","E63011616","C1","5A2",51.724079,-0.303030,"E37000048","","E23000027",24353,"E56000035","E54000025","E00120392","E01033028","E02004941"
"AL2 1PQ","AL2  1PQ","AL2 1PQ","198001","","E10000015","E58000649","E07000240","E05013957","E04013285","0","517379","0203845","1","E18000006","E40000007","E92000001","E12000006","5","E14001507","E15000006","E24000005","E30000237","E16000150","E07000240","26UGGG","E00120373","26UGGG","E65000001","E01023708","E02004941","5","5B2","E00120373","E01023708","E02004941","E33027475","E38000079","E63011616","C1","7C3",51.721054,-0.302130,"E37000048","","E23000027",19205,"E56000035","E54000025","E00120373","E01023708","E02004941"
"AL2 1PR","AL2  1PR","AL2 1PR","198001","","E10000015","E58000649","E07000240","E05013957","E04013285","0","517559","0204186","1","E18000006","E40000007","E92000001","E12000006","5","E14001507","E15000006","E24000005","E30000237","E16000150","E07000240","26UGGG","E00120389","26UGGG","E65000001","E01023706","E02004941","5","6A2","E00120389","E01023706","E02004941","E33027477","E38000079","E63011616","C1","5A2",51.724081,-0.299410,"E37000048","","E23000027",27603,"E56000035","E54000025","E00120389","E01023706","E02004941"
"AL2 1PS","AL2  1PS","AL2 1PS","198001","","E10000015","E58000649","E07000240","E05013957","E04013285","0","517497","0204133","1","E18000006","E40000007","E92000001","E12000006","5","E14001507","E15000006","E24000005","E30000237","E16000150","E07000240","26UGGG","E00120373","26UGGG","E65000001","E01023708","E02004941","5","5B2","E00120373","E01023708","E02004941","E33027475","E38000079","E63011616","C1","7C3",51.723618,-0.300325,"E37000048","","E23000027",19205,"E56000035","E54000025","E00120373","E01023708","E02004941"
"AL2 1PT","AL2  1PT","AL2 1PT","198001","","E10000015","E58000649","E07000240","E05013957","E04013285","0","517389","0204112","1","E18000006","E40000007","E92000001","E12000006","5","E14001507","E15000006","E24000005","E30000237","E16000150","E07000240","26UGGG","E00120373","26UGGG","E65000001","E01023708","E02004941","5","5B2","E00120373","E01023708","E02004941","E33027475","E38000079","E63011616","C1","7C3",51.723457,-0.301872,"E37000048","","E23000027",19205,"E56000035","E54000025","E00120373","E01023708","E02004941"
"AL2 1PU","AL2  1PU","AL2 1PU","198001","","E10000015","E58000649","E07000240","E05013957","E04013285","0","517545","0204048","1","E18000006","E40000007","E92000001","E12000006","5","E14001507","E15000006","E24000005","E30000237","E16000150","E07000240","26UGGG","E00120373","26UGGG","E65000001","E01023708","E02004941","5","5B2","E00120373","E01023708","E02004941","E33027475","E38000079","E63011616","C1","7C3",51.722849,-0.299636,"E37000048","","E23000027",19205,"E56000035","E54000025","E00120373","E01023708","E02004941"
"AL2 1PW","AL2  1PW","AL2 1PW","198001","","E10000015","E58000649","E07000240","E05013957","E04013285","0","517352","0204157","1","E18000006","E40000007","E92000001","E12000006","5","E14001507","E15000006","E24000005","E30000237","E16000150","E07000240","26UGGG","E00120377","26UGGG","E65000001","E01023707","E02004941","5","1C3","E00169674","E01033029","E02004941","E33027476","E38000079","E63011616","C1","4A3",51.723864,-0.302415,"E37000048","","E23000027",24035,"E56000035","E54000025","E00169674","E01033029","E02004941"
"AL2 1PX","AL2  1PX","AL2 1PX","198001","","E10000015","E58000649","E07000240","E05013957","E04013285","0","517891","0203623","1","E18000006","E40000007","E92000001","E12000006","5","E14001507","E15000006","E24000005","E30000237","E16000150","E07000240","26UGGG","E00120380","26UGGG","E65000001","E01023704","E02004941","5","6D1","E00120380","E01023704","E02004941","E33027478","E38000079","E63011616","C1","5A3",51.718952,-0.294796,"E37000048","","E23000027",22327,"E56000035","E54000025","E00120380","E01023704","E02004941"
"AL2 1PY","AL2  1PY","AL2 1PY","198106","","E10000015","E58000649","E07000240","E05013957","E04013285","0","517931","0203590","1","E18000006","E40000007","E92000001","E12000006","5","E14001507","E15000006","E24000005","E30000237","E16000150","E07000240","26UGGG","E00120380","26UGGG","E65000001","E01023704","E02004941","5","6D1","E00120380","E01023704","E02004941","E33027478","E38000079","E63011616","C1","5A3",51.718647,-0.294229,"E37000048","","E23000027",22327,"E56000035","E54000025","E00120380","E01023704","E02004941"
"AL2 1PZ","AL2  1PZ","AL2 1PZ","198106","","E10000015","E58000649","E07000240","E05013957","E04013285","0","517882","0203536","1","E18000006","E40000007","E92000001","E12000006","5","E14001507","E15000006","E24000005","E30000237","E16000150","E07000240","26UGGG","E00120380","26UGGG","E65000001","E01023704","E02004941","5","6D1","E00120380","E01023704","E02004941","E33027478","E38000079","E63011616","C1","5A3",51.718172,-0.294956,"E37000048","","E23000027",22327,"E56000035","E54000025","E00120380","E01023704","E02004941"
"AL2 1QA","AL2  1QA","AL2 1QA","199812","","E10000015","E58000649","E07000240","E05013957","E04013285","0","518178","0203730","1","E18000006","E40000007","E92000001","E12000006","5","E14001507","E15000006","E24000005","E30000237","E16000150","E07000240","26UGGG","E00120370","26UGGG","E65000001","E01023704","E02004941","5","6B2","E00120370","E01023704","E02004941","E33024313","E38000079","E63011616","C1","5B3",51.719853,-0.290607,"E37000048","","E23000027",22327,"E56000035","E54000025","E00120370","E01023704","E02004941"
"AL2 1QB","AL2  1QB","AL2 1QB","199208","199405","E10000015","E58000649","E07000240","E05013957","E04013285","1","517800","0204100","8","E18000006","E40000007","E92000001","E12000006","5","E14001507","E15000006","E24000005","E30000237","E16000150","E07000240","26UGGG","E00120393","26UGGG","E65000001","E01023706","E02004941","5","6B2","E00120393","E01023706","E02004941","E33027475","E38000079","E63011616","C1","4A3",51.723257,-0.295952,"E37000048","","E23000027",27603,"E56000035","E54000025","E00120393","E01023706","E02004941"
"AL2 1QD","AL2  1QD","AL2 1QD","199101","","E10000015","E58000649","E07000240","E05013957","E04013285","0","517857","0203598","1","E18000006","E40000007","E92000001","E12000006","5","E14001507","E15000006","E24000005","E30000237","E16000150","E07000240","26UGGG","E00120380","26UGGG","E65000001","E01023704","E02004941","5","6D1","E00120380","E01023704","E02004941","E33027478","E38000079","E63011616","C1","5A3",51.718734,-0.295297,"E37000048","","E23000027",22327,"E56000035","E54000025","E00120380","E01023704","E02004941"
"AL2 1QE","AL2  1QE","AL2 1QE","200603","200803","E10000015","E58000664","E07000240","E05013956","E43000290","1","517328","0206823","1","E18000006","E40000007","E92000001","E12000006","5","E14001507","E15000006","E24000005","E30000237","E16000150","E07000240","26UGFX","E00120196","26UGFX","E65000001","E01023667","E02004936","5","6D1","E00120196","E01023667","E02004936","E33027453","E38000079","E63011552","C1","5A2",51.747828,-0.301865,"E37000048","","E23000027",30628,"E56000035","E54000025","E00120196","E01023667","E02004936"
"AL2 1QF","AL2  1QF","AL2 1QF","198001","","E10000015","E58000649","E07000240","E05013957","E04013285","0","517852","0204142","1","E18000006","E40000007","E92000001","E12000006","5","E14001507","E15000006","E24000005","E30000237","E16000150","E07000240","26UGGG","E00120390","26UGGG","E65000001","E01023706","E02004941","5","6D1","E00120390","E01023706","E02004941","E33027474","E38000079","E63011616","C1","5A2",51.723624,-0.295185,"E37000048","","E23000027",27603,"E56000035","E54000025","E00120390","E01023706","E02004941"
"AL2 1QG","AL2  1QG","AL2 1QG","198001","","E10000015","E58000649","E07000240","E05013957","E04013285","0","517910","0204110","1","E18000006","E40000007","E92000001","E12000006","5","E14001507","E15000006","E24000005","E30000237","E16000150","E07000240","26UGGG","E00120379","26UGGG","E65000001","E01023706","E02004941","5","4C2","E00120379","E01023706","E02004941","E33027474","E38000079","E63011616","C1","5A2",51.723324,-0.294357,"E37000048","","E23000027",27603,"E56000035","E54000025","E00120379","E01023706","E02004941"
"AL2 1QH","AL2  1QH","AL2 1QH","198001","","E10000015","E58000649","E07000240","E05013957","E04013285","0","517935","0204064","1","E18000006","E40000007","E92000001","E12000006","5","E14001507","E15000006","E24000005","E30000237","E16000150","E07000240","26UGGG","E00120393","26UGGG","E65000001","E01023706","E02004941","5","6B2","E00120393","E01023706","E02004941","E33027475","E38000079","E63011616","C1","4A3",51.722911,-0.293987,"E37000048","","E23000027",27603,"E56000035","E54000025","E00120393","E01023706","E02004941"
"AL2 1QJ","AL2  1QJ","AL2 1QJ","198001","","E10000015","E58000649","E07000240","E05013957","E04013285","0","517925","0204033","1","E18000006","E40000007","E92000001","E12000006","5","E14001507","E15000006","E24000005","E30000237","E16000150","E07000240","26UGGG","E00120379","26UGGG","E65000001","E01023706","E02004941","5","4C2","E00120379","E01023706","E02004941","E33027474","E38000079","E63011616","C1","5A2",51.722629,-0.294166,"E37000048","","E23000027",27603,"E56000035","E54000025","E00120379","E01023706","E02004941"
"AL2 1QL","AL2  1QL","AL2 1QL","199512","","E10000015","E58000649","E07000240","E05013957","E04013285","0","517964","0203981","1","E18000006","E40000007","E92000001","E12000006","5","E14001507","E15000006","E24000005","E30000237","E16000150","E07000240","26UGGG","E00120379","26UGGG","E65000001","E01023706","E02004941","5","4C2","E00120379","E01023706","E02004941","E33027474","E38000079","E63011616","C1","5A2",51.722223,-0.293651,"E37000048","","E23000027",27603,"E56000035","E54000025","E00120379","E01023706","E02004941"
"AL2 1QN","AL2  1QN","AL2 1QN","198307","","E10000015","E58000649","E07000240","E05013957","E04013285","0","518018","0203973","1","E18000006","E40000007","E92000001","E12000006","5","E14001507","E15000006","E24000005","E30000237","E16000150","E07000240","26UGGG","E00120379","26UGGG","E65000001","E01023706","E02004941","5","4C2","E00120379","E01023706","E02004941","E33027474","E38000079","E63011616","C1","5A2",51.722070,-0.292840,"E37000048","","E23000027",27603,"E56000035","E54000025","E00120379","E01023706","E02004941"
"AL2 1QP","AL2  1QP","AL2 1QP","198001","","E10000015","E58000649","E07000240","E05013957","E04013285","0","518067","0203849","1","E18000006","E40000007","E92000001","E12000006","5","E14001507","E15000006","E24000005","E30000237","E16000150","E07000240","26UGGG","E00120370","26UGGG","E65000001","E01023704","E02004941","5","6B2","E00120370","E01023704","E02004941","E33024313","E38000079","E63011616","C1","5B3",51.720946,-0.292173,"E37000048","","E23000027",22327,"E56000035","E54000025","E00120370","E01023704","E02004941"
"AL2 1QQ","AL2  1QQ","AL2 1QQ","198001","","E10000015","E58000649","E07000240","E05013957","E04013285","0","517899","0204069","1","E18000006","E40000007","E92000001","E12000006","5","E14001507","E15000006","E24000005","E30000237","E16000150","E07000240","26UGGG","E00120393","26UGGG","E65000001","E01023706","E02004941","5","6B2","E00120393","E01023706","E02004941","E33027475","E38000079","E63011616","C1","4A3",51.722958,-0.294530,"E37000048","","E23000027",27603,"E56000035","E54000025","E00120393","E01023706","E02004941"
"AL2 1QR","AL2  1QR","AL2 1QR","198001","","E10000015","E58000649","E07000240","E05013957","E04013285","0","518145","0203807","1","E18000006","E40000007","E92000001","E12000006","5","E14001507","E15000006","E24000005","E30000237","E16000150","E07000240","26UGGG","E00120370","26UGGG","E65000001","E01023704","E02004941","5","6B2","E00120370","E01023704","E02004941","E33024313","E38000079","E63011616","C1","5B3",51.720552,-0.291059,"E37000048","","E23000027",22327,"E56000035","E54000025","E00120370","E01023704","E02004941"
"AL2 1QS","AL2  1QS","AL2 1QS","198001","","E10000015","E58000649","E07000240","E05013957","E04013285","0","518147","0203741","1","E18000006","E40000007","E92000001","E12000006","5","E14001507","E15000006","E24000005","E30000237","E16000150","E07000240","26UGGG","E00120370","26UGGG","E65000001","E01023704","E02004941","5","6B2","E00120370","E01023704","E02004941","E33024313","E38000079","E63011616","C1","5B3",51.719958,-0.291052,"E37000048","","E23000027",22327,"E56000035","E54000025","E00120370","E01023704","E02004941"
"AL2 1QT","AL2  1QT","AL2 1QT","199906","","E10000015","E58000649","E07000240","E05013957","E04013285","0","518107","0203866","1","E18000006","E40000007","E92000001","E12000006","5","E14001507","E15000006","E24000005","E30000237","E16000150","E07000240","26UGGG","E00120370","26UGGG","E65000001","E01023704","E02004941","5","6B2","E00120370","E01023704","E02004941","E33024313","E38000079","E63011616","C1","5B3",51.721090,-0.291588,"E37000048","","E23000027",22327,"E56000035","E54000025","E00120370","E01023704","E02004941"
"AL2 1QU","AL2  1QU","AL2 1QU","198001","","E10000015","E58000649","E07000240","E05013957","E04013285","0","518296","0203657","1","E18000006","E40000007","E92000001","E12000006","5","E14001507","E15000006","E24000005","E30000237","E16000150","E07000240","26UGGG","E00120381","26UGGG","E65000001","E01023704","E02004941","5","6D1","E00120381","E01023704","E02004941","E33027478","E38000079","E63011616","C1","5A2",51.719177,-0.288901,"E37000048","","E23000027",22327,"E56000035","E54000025","E00120381","E01023704","E02004941"
"AL2 1QW","AL2  1QW","AL2 1QW","198001","","E10000015","E58000649","E07000240","E05013957","E04013285","0","518037","0203888","1","E18000006","E40000007","E92000001","E12000006","5","E14001507","E15000006","E24000005","E30000237","E16000150","E07000240","26UGGG","E00120378","26UGGG","E65000001","E01023708","E02004941","5","2B2","E00120378","E01023708","E02004941","E33027474","E38000079","E63011616","C1","5A3",51.721308,-0.292570,"E37000048","","E23000027",19205,"E56000035","E54000025","E00120378","E01023708","E02004941"
"AL2 1QX","AL2  1QX","AL2 1QX","198001","","E10000015","E58000649","E07000240","E05013957","E04013285","0","518265","0203651","1","E18000006","E40000007","E92000001","E12000006","5","E14001507","E15000006","E24000005","E30000237","E16000150","E07000240","26UGGG","E00120381","26UGGG","E65000001","E01023704","E02004941","5","6D1","E00120381","E01023704","E02004941","E33027478","E38000079","E63011616","C1","5A2",51.719124,-0.289375,"E37000048","","E23000027",22327,"E56000035","E54000025","E00120381","E01023704","E02004941"
"AL2 1QY","AL2  1QY","AL2 1QY","198001","","E10000015","E58000649","E07000240","E05013957","E04013285","0","518223","0203631","1","E18000006","E40000007","E92000001","E12000006","5","E14001507","E15000006","E24000005","E30000237","E16000150","E07000240","26UGGG","E00120370","26UGGG","E65000001","E01023704","E02004941","5","6B2","E00120370","E01023704","E02004941","E33024313","E38000079","E63011616","C1","5B3",51.718954,-0.289990,"E37000048","","E23000027",22327,"E56000035","E54000025","E00120370","E01023704","E02004941"
"AL2 1QZ","AL2  1QZ","AL2 1QZ","198001","","E10000015","E58000649","E07000240","E05013957","E04013285","0","518212","0203624","1","E18000006","E40000007","E92000001","E12000006","5","E14001507","E15000006","E24000005","E30000237","E16000150","E07000240","26UGGG","E00120370","26UGGG","E65000001","E01023704","E02004941","5","6B2","E00120370","E01023704","E02004941","E33024313","E38000079","E63011616","C1","5B3",51.718898,-0.290127,"E37000048","","E23000027",22327,"E56000035","E54000025","E00120370","E01023704","E02004941"
"AL2 1RA","AL2  1RA","AL2 1RA","201611","","E10000015","E58000664","E07000240","E05013956","E43000290","1","517321","0206803","1","E18000006","E40000007","E92000001","E12000006","5","E14001507","E15000006","E24000005","E30000237","E16000150","E07000240","26UGFX","E00120196","26UGFX","E65000001","E01023667","E02004936","5","6D1","E00120196","E01023667","E02004936","E33027453","E38000079","E63011552","C1","5A2",51.747655,-0.301949,"E37000048","","E23000027",30628,"E56000035","E54000025","E00120196","E01023667","E02004936"
"AL2 1RB","AL2  1RB","AL2 1RB","198001","","E10000015","E58000649","E07000240","E05013957","E04013285","0","518131","0203646","1","E18000006","E40000007","E92000001","E12000006","5","E14001507","E15000006","E24000005","E30000237","E16000150","E07000240","26UGGG","E00120370","26UGGG","E65000001","E01023704","E02004941","5","6B2","E00120370","E01023704","E02004941","E33024313","E38000079","E63011616","C1","5B3",51.719108,-0.291316,"E37000048","","E23000027",22327,"E56000035","E54000025","E00120370","E01023704","E02004941"
"AL2 1RD","AL2  1RD","AL2 1RD","198001","","E10000015","E58000649","E07000240","E05013957","E04013285","0","518093","0203672","1","E18000006","E40000007","E92000001","E12000006","5","E14001507","E15000006","E24000005","E30000237","E16000150","E07000240","26UGGG","E00120370","26UGGG","E65000001","E01023704","E02004941","5","6B2","E00120370","E01023704","E02004941","E33024313","E38000079","E63011616","C1","5B3",51.719349,-0.291857,"E37000048","","E23000027",22327,"E56000035","E54000025","E00120370","E01023704","E02004941"
"AL2 1RE","AL2  1RE","AL2 1RE","198001","","E10000015","E58000649","E07000240","E05013957","E04013285","0","518125","0203715","1","E18000006","E40000007","E92000001","E12000006","5","E14001507","E15000006","E24000005","E30000237","E16000150","E07000240","26UGGG","E00120370","26UGGG","E65000001","E01023704","E02004941","5","6B2","E00120370","E01023704","E02004941","E33024313","E38000079","E63011616","C1","5B3",51.719729,-0.291379,"E37000048","","E23000027",22327,"E56000035","E54000025","E00120370","E01023704","E02004941"
"AL2 1RF","AL2  1RF","AL2 1RF","198001","","E10000015","E58000649","E07000240","E05013957","E04013285","0","518057","0203786","1","E18000006","E40000007","E92000001","E12000006","5","E14001507","E15000006","E24000005","E30000237","E16000150","E07000240","26UGGG","E00120378","26UGGG","E65000001","E01023708","E02004941","5","2B2","E00120378","E01023708","E02004941","E33027474","E38000079","E63011616","C1","5A3",51.720382,-0.292339,"E37000048","","E23000027",19205,"E56000035","E54000025","E00120378","E01023708","E02004941"
"AL2 1RG","AL2  1RG","AL2 1RG","198001","","E10000015","E58000649","E07000240","E05013957","E04013285","0","517957","0203930","1","E18000006","E40000007","E92000001","E12000006","5","E14001507","E15000006","E24000005","E30000237","E16000150","E07000240","26UGGG","E00120378","26UGGG","E65000001","E01023708","E02004941","5","2B2","E00120378","E01023708","E02004941","E33027474","E38000079","E63011616","C1","5A3",51.721702,-0.293714,"E37000048","","E23000027",19205,"E56000035","E54000025","E00120378","E01023708","E02004941"
"AL2 1RH","AL2  1RH","AL2 1RH","198001","","E10000015","E58000649","E07000240","E05013957","E04013285","0","517987","0203848","1","E18000006","E40000007","E92000001","E12000006","5","E14001507","E15000006","E24000005","E30000237","E16000150","E07000240","26UGGG","E00120378","26UGGG","E65000001","E01023708","E02004941","5","2B2","E00120378","E01023708","E02004941","E33027474","E38000079","E63011616","C1","5A3",51.720953,-0.293331,"E37000048","","E23000027",19205,"E56000035","E54000025","E00120378","E01023708","E02004941"
"AL2 1RJ","AL2  1RJ","AL2 1RJ","198001","","E10000015","E58000649","E07000240","E05013957","E04013285","0","517888","0204024","1","E18000006","E40000007","E92000001","E12000006","5","E14001507","E15000006","E24000005","E30000237","E16000150","E07000240","26UGGG","E00120393","26UGGG","E65000001","E01023706","E02004941","5","6B2","E00120393","E01023706","E02004941","E33027475","E38000079","E63011616","C1","4A3",51.722556,-0.294704,"E37000048","","E23000027",27603,"E56000035","E54000025","E00120393","E01023706","E02004941"
"AL2 1RL","AL2  1RL","AL2 1RL","198001","","E10000015","E58000649","E07000240","E05013957","E04013285","0","517836","0204002","1","E18000006","E40000007","E92000001","E12000006","5","E14001507","E15000006","E24000005","E30000237","E16000150","E07000240","26UGGG","E00120393","26UGGG","E65000001","E01023706","E02004941","5","6B2","E00120393","E01023706","E02004941","E33027475","E38000079","E63011616","C1","4A3",51.722369,-0.295464,"E37000048","","E23000027",27603,"E56000035","E54000025","E00120393","E01023706","E02004941"
"AL2 1RN","AL2  1RN","AL2 1RN","198001","","E10000015","E58000649","E07000240","E05013957","E04013285","0","517804","0203978","1","E18000006","E40000007","E92000001","E12000006","5","E14001507","E15000006","E24000005","E30000237","E16000150","E07000240","26UGGG","E00120372","26UGGG","E65000001","E01023708","E02004941","5","5B3","E00120372","E01023708","E02004941","E33027475","E38000079","E63011616","C1","4A1",51.722166,-0.295912,"E37000048","","E23000027",19205,"E56000035","E54000025","E00120372","E01023708","E02004941"
"AL2 1RP","AL2  1RP","AL2 1RP","198001","","E10000015","E58000649","E07000240","E05013957","E04013285","0","517838","0204097","1","E18000006","E40000007","E92000001","E12000006","5","E14001507","E15000006","E24000005","E30000237","E16000150","E07000240","26UGGG","E00120390","26UGGG","E65000001","E01023706","E02004941","5","6D1","E00120390","E01023706","E02004941","E33027474","E38000079","E63011616","C1","5A2",51.723223,-0.295403,"E37000048","","E23000027",27603,"E56000035","E54000025","E00120390","E01023706","E02004941"
"AL2 1RQ","AL2  1RQ","AL2 1RQ","198001","","E10000015","E58000649","E07000240","E05013957","E04013285","0","517884","0203928","1","E18000006","E40000007","E92000001","E12000006","5","E14001507","E15000006","E24000005","E30000237","E16000150","E07000240","26UGGG","E00120393","26UGGG","E65000001","E01023706","E02004941","5","6B2","E00120393","E01023706","E02004941","E33027475","E38000079","E63011616","C1","4A3",51.721694,-0.294794,"E37000048","","E23000027",27603,"E56000035","E54000025","E00120393","E01023706","E02004941"
"AL2 1RR","AL2  1RR","AL2 1RR","198001","","E10000015","E58000649","E07000240","E05013957","E04013285","0","517712","0204069","1","E18000006","E40000007","E92000001","E12000006","5","E14001507","E15000006","E24000005","E30000237","E16000150","E07000240","26UGGG","E00120393","26UGGG","E65000001","E01023706","E02004941","5","6B2","E00120393","E01023706","E02004941","E33027475","E38000079","E63011616","C1","4A3",51.722997,-0.297236,"E37000048","","E23000027",27603,"E56000035","E54000025","E00120393","E01023706","E02004941"
"AL2 1RS","AL2  1RS","AL2 1RS","198001","","E10000015","E58000649","E07000240","E05013957","E04013285","0","517654","0204024","1","E18000006","E40000007","E92000001","E12000006","5","E14001507","E15000006","E24000005","E30000237","E16000150","E07000240","26UGGG","E00120373","26UGGG","E65000001","E01023708","E02004941","5","5B2","E00120373","E01023708","E02004941","E33027475","E38000079","E63011616","C1","7C3",51.722605,-0.298090,"E37000048","","E23000027",19205,"E56000035","E54000025","E00120373","E01023708","E02004941"
"AL2 1RT","AL2  1RT","AL2 1RT","198001","","E10000015","E58000649","E07000240","E05013957","E04013285","0","517656","0204078","1","E18000006","E40000007","E92000001","E12000006","5","E14001507","E15000006","E24000005","E30000237","E16000150","E07000240","26UGGG","E00120373","26UGGG","E65000001","E01023708","E02004941","5","5B2","E00120373","E01023708","E02004941","E33027475","E38000079","E63011616","C1","7C3",51.723090,-0.298043,"E37000048","","E23000027",19205,"E56000035","E54000025","E00120373","E01023708","E02004941"
"AL2 1RU","AL2  1RU","AL2 1RU","198001","","E10000015","E58000649","E07000240","E05013957","E04013285","0","517664","0204159","1","E18000006","E40000007","E92000001","E12000006","5","E14001507","E15000006","E24000005","E30000237","E16000150","E07000240","26UGGG","E00120389","26UGGG","E65000001","E01023706","E02004941","5","6A2","E00120389","E01023706","E02004941","E33027477","E38000079","E63011616","C1","5A2",51.723816,-0.297900,"E37000048","","E23000027",27603,"E56000035","E54000025","E00120389","E01023706","E02004941"
"AL2 1RW","AL2  1RW","AL2 1RW","198001","","E10000015","E58000649","E07000240","E05013957","E04013285","0","517675","0203940","1","E18000006","E40000007","E92000001","E12000006","5","E14001507","E15000006","E24000005","E30000237","E16000150","E07000240","26UGGG","E00120372","26UGGG","E65000001","E01023708","E02004941","5","5B3","E00120372","E01023708","E02004941","E33027475","E38000079","E63011616","C1","4A1",51.721846,-0.297814,"E37000048","","E23000027",19205,"E56000035","E54000025","E00120372","E01023708","E02004941"
"AL2 1RX","AL2  1RX","AL2 1RX","198001","","E10000015","E58000649","E07000240","E05013957","E04013285","0","517539","0204274","1","E18000006","E40000007","E92000001","E12000006","5","E14001507","E15000006","E24000005","E30000237","E16000150","E07000240","26UGGG","E00120389","26UGGG","E65000001","E01023706","E02004941","5","6A2","E00120389","E01023706","E02004941","E33027477","E38000079","E63011616","C1","5A2",51.724876,-0.299670,"E37000048","","E23000027",27603,"E56000035","E54000025","E00120389","E01023706","E02004941"
"AL2 1RY","AL2  1RY","AL2 1RY","200604","","E10000015","E58000649","E07000240","E05013957","E04013285","0","517959","0203660","1","E18000006","E40000007","E92000001","E12000006","5","E14001507","E15000006","E24000005","E30000237","E16000150","E07000240","26UGGG","E00120380","26UGGG","E65000001","E01023704","E02004941","5","6D1","E00120380","E01023704","E02004941","E33027478","E38000079","E63011616","C1","5A3",51.719270,-0.293800,"E37000048","","E23000027",22327,"E56000035","E54000025","E00120380","E01023704","E02004941"
"AL2 1RZ","AL2  1RZ","AL2 1RZ","198001","","E10000015","E58000649","E07000240","E05013957","E04013285","0","517737","0204131","1","E18000006","E40000007","E92000001","E12000006","5","E14001507","E15000006","E24000005","E30000237","E16000150","E07000240","26UGGG","E00120373","26UGGG","E65000001","E01023708","E02004941","5","5B2","E00120373","E01023708","E02004941","E33027475","E38000079","E63011616","C1","7C3",51.723549,-0.296853,"E37000048","","E23000027",19205,"E56000035","E54000025","E00120373","E01023708","E02004941"
"AL2 1SA","AL2  1SA","AL2 1SA","198001","","E10000015","E58000649","E07000240","E05013957","E04013285","0","517718","0203968","1","E18000006","E40000007","E92000001","E12000006","5","E14001507","E15000006","E24000005","E30000237","E16000150","E07000240","26UGGG","E00120372","26UGGG","E65000001","E01023708","E02004941","5","5B3","E00120372","E01023708","E02004941","E33027475","E38000079","E63011616","C1","4A1",51.722094,-0.297160,"E37000048","","E23000027",19205,"E56000035","E54000025","E00120372","E01023708","E02004941"
"AL2 1SB","AL2  1SB","AL2 1SB","199208","199212","E10000015","E58000649","E07000240","E05013957","E04013285","1","517700","0203900","8","E18000006","E40000007","E92000001","E12000006","5","E14001507","E15000006","E24000005","E30000237","E16000150","E07000240","26UGGG","E00120372","26UGGG","E65000001","E01023708","E02004941","5","5B3","E00120372","E01023708","E02004941","E33027475","E38000079","E63011616","C1","4A1",51.721481,-0.297466,"E37000048","","E23000027",19205,"E56000035","E54000025","E00120372","E01023708","E02004941"
"AL2 1SD","AL2  1SD","AL2 1SD","199907","200009","E10000015","E58000649","E07000240","E05013957","E04013285","1","517700","0203900","8","E18000006","E40000007","E92000001","E12000006","5","E14001507","E15000006","E24000005","E30000237","E16000150","E07000240","26UGGG","E00120372","26UGGG","E65000001","E01023708","E02004941","5","5B3","E00120372","E01023708","E02004941","E33027475","E38000079","E63011616","C1","4A1",51.721481,-0.297466,"E37000048","","E23000027",19205,"E56000035","E54000025","E00120372","E01023708","E02004941"
"AL2 1SE","AL2  1SE","AL2 1SE","199301","200203","E10000015","E58000664","E07000240","E05013956","E43000290","1","517328","0206823","1","E18000006","E40000007","E92000001","E12000006","5","E14001507","E15000006","E24000005","E30000237","E16000150","E07000240","26UGFX","E00120196","26UGFX","E65000001","E01023667","E02004936","5","6D1","E00120196","E01023667","E02004936","E33027453","E38000079","E63011552","C1","5A2",51.747828,-0.301865,"E37000048","","E23000027",30628,"E56000035","E54000025","E00120196","E01023667","E02004936"
"AL2 1SF","AL2  1SF","AL2 1SF","199308","199501","E10000015","E58000649","E07000240","E05013957","E04013285","1","517700","0203900","8","E18000006","E40000007","E92000001","E12000006","5","E14001507","E15000006","E24000005","E30000237","E16000150","E07000240","26UGGG","E00120372","26UGGG","E65000001","E01023708","E02004941","5","5B3","E00120372","E01023708","E02004941","E33027475","E38000079","E63011616","C1","4A1",51.721481,-0.297466,"E37000048","","E23000027",19205,"E56000035","E54000025","E00120372","E01023708","E02004941"
"AL2 1SG","AL2  1SG","AL2 1SG","199308","199405","E10000015","E58000649","E07000240","E05013957","E04013285","1","517700","0203900","8","E18000006","E40000007","E92000001","E12000006","5","E14001507","E15000006","E24000005","E30000237","E16000150","E07000240","26UGGG","E00120372","26UGGG","E65000001","E01023708","E02004941","5","5B3","E00120372","E01023708","E02004941","E33027475","E38000079","E63011616","C1","4A1",51.721481,-0.297466,"E37000048","","E23000027",19205,"E56000035","E54000025","E00120372","E01023708","E02004941"
"AL2 1SH","AL2  1SH","AL2 1SH","199405","200006","E10000015","E58000649","E07000240","E05013957","E04013285","1","517760","0204095","6","E18000006","E40000007","E92000001","E12000006","5","E14001507","E15000006","E24000005","E30000237","E16000150","E07000240","26UGGG","E00120393","26UGGG","E65000001","E01023706","E02004941","5","6B2","E00120393","E01023706","E02004941","E33027475","E38000079","E63011616","C1","4A3",51.723221,-0.296532,"E37000048","","E23000027",27603,"E56000035","E54000025","E00120393","E01023706","E02004941"
"AL2 1SJ","AL2  1SJ","AL2 1SJ","199405","199606","E10000015","E58000649","E07000240","E05013957","E04013285","0","517700","0203900","8","E18000006","E40000007","E92000001","E12000006","5","E14001507","E15000006","E24000005","E30000237","E16000150","E07000240","26UGGG","E00120372","26UGGG","E65000001","E01023708","E02004941","5","5B3","E00120372","E01023708","E02004941","E33027475","E38000079","E63011616","C1","4A1",51.721481,-0.297466,"E37000048","","E23000027",19205,"E56000035","E54000025","E00120372","E01023708","E02004941"
"AL2 1SL","AL2  1SL","AL2 1SL","199412","199507","E10000015","E58000649","E07000240","E05013957","E04013285","1","517700","0203900","8","E18000006","E40000007","E92000001","E12000006","5","E14001507","E15000006","E24000005","E30000237","E16000150","E07000240","26UGGG","E00120372","26UGGG","E65000001","E01023708","E02004941","5","5B3","E00120372","E01023708","E02004941","E33027475","E38000079","E63011616","C1","4A1",51.721481,-0.297466,"E37000048","","E23000027",19205,"E56000035","E54000025","E00120372","E01023708","E02004941"
"AL2 1SN","AL2  1SN","AL2 1SN","199412","199507","E10000015","E58000649","E07000240","E05013957","E04013285","1","517700","0203900","8","E18000006","E40000007","E92000001","E12000006","5","E14001507","E15000006","E24000005","E30000237","E16000150","E07000240","26UGGG","E00120372","26UGGG","E65000001","E01023708","E02004941","5","5B3","E00120372","E01023708","E02004941","E33027475","E38000079","E63011616","C1","4A1",51.721481,-0.297466,"E37000048","","E23000027",19205,"E56000035","E54000025","E00120372","E01023708","E02004941"
"AL2 1SP","AL2  1SP","AL2 1SP","199501","200604","E10000015","E58000664","E07000240","E05013956","E43000290","1","517328","0206823","1","E18000006","E40000007","E92000001","E12000006","5","E14001507","E15000006","E24000005","E30000237","E16000150","E07000240","26UGFX","E00120196","26UGFX","E65000001","E01023667","E02004936","5","6D1","E00120196","E01023667","E02004936","E33027453","E38000079","E63011552","C1","5A2",51.747828,-0.301865,"E37000048","","E23000027",30628,"E56000035","E54000025","E00120196","E01023667","E02004936"
"AL2 1SQ","AL2  1SQ","AL2 1SQ","199308","199405","E10000015","E58000649","E07000240","E05013957","E04013285","1","517700","0203900","8","E18000006","E40000007","E92000001","E12000006","5","E14001507","E15000006","E24000005","E30000237","E16000150","E07000240","26UGGG","E00120372","26UGGG","E65000001","E01023708","E02004941","5","5B3","E00120372","E01023708","E02004941","E33027475","E38000079","E63011616","C1","4A1",51.721481,-0.297466,"E37000048","","E23000027",19205,"E56000035","E54000025","E00120372","E01023708","E02004941"
"AL2 1SR","AL2  1SR","AL2 1SR","199512","200408","E10000015","E58000664","E07000240","E05013956","E43000290","1","517328","0206823","1","E18000006","E40000007","E92000001","E12000006","5","E14001507","E15000006","E24000005","E30000237","E16000150","E07000240","26UGFX","E00120196","26UGFX","E65000001","E01023667","E02004936","5","6D1","E00120196","E01023667","E02004936","E33027453","E38000079","E63011552","C1","5A2",51.747828,-0.301865,"E37000048","","E23000027",30628,"E56000035","E54000025","E00120196","E01023667","E02004936"
"AL2 1SS","AL2  1SS","AL2 1SS","200702","","E10000015","E58000649","E07000240","E05013957","E04013285","0","517074","0204413","1","E18000006","E40000007","E92000001","E12000006","5","E14001507","E15000006","E24000005","E30000237","E16000150","E07000240","26UGGG","E00120384","26UGGG","E65000001","E01023705","E02004941","5","6B2","E00120384","E01023705","E02004941","E33027477","E38000079","E63011616","C1","4A3",51.726228,-0.306329,"E37000048","","E23000027",14738,"E56000035","E54000025","E00120384","E01023705","E02004941"
"AL2 1SW","AL2  1SW","AL2 1SW","199501","199812","E10000015","E58000649","E07000240","E05013957","E04013285","1","517760","0204095","6","E18000006","E40000007","E92000001","E12000006","5","E14001507","E15000006","E24000005","E30000237","E16000150","E07000240","26UGGG","E00120393","26UGGG","E65000001","E01023706","E02004941","5","6B2","E00120393","E01023706","E02004941","E33027475","E38000079","E63011616","C1","4A3",51.723221,-0.296532,"E37000048","","E23000027",27603,"E56000035","E54000025","E00120393","E01023706","E02004941"
"AL2 1TA","AL2  1TA","AL2 1TA","198001","","E10000015","E58000649","E07000240","E05013957","E04013285","0","518568","0203696","1","E18000006","E40000007","E92000001","E12000006","5","E14001507","E15000006","E24000005","E30000237","E16000150","E07000240","26UGGG","E00120374","26UGGG","E65000001","E01023704","E02004941","5","2B1","E00120374","E01023704","E02004941","E33027478","E38000079","E63011616","C1","5A3",51.719465,-0.284976,"E37000048","","E23000027",22327,"E56000035","E54000025","E00120374","E01023704","E02004941"
"AL2 1TB","AL2  1TB","AL2 1TB","198001","","E10000015","E58000649","E07000240","E05013957","E04013285","0","518627","0203623","1","E18000006","E40000007","E92000001","E12000006","5","E14001507","E15000006","E24000005","E30000237","E16000150","E07000240","26UGGG","E00120369","26UGGG","E65000001","E01023704","E02004941","5","6D2","E00120369","E01023704","E02004941","E33027478","E38000079","E63011616","C1","5A2",51.718796,-0.284147,"E37000048","","E23000027",22327,"E56000035","E54000025","E00120369","E01023704","E02004941"
"AL2 1TD","AL2  1TD","AL2 1TD","198001","","E10000015","E58000649","E07000240","E05013957","E04013285","0","518620","0203732","1","E18000006","E40000007","E92000001","E12000006","5","E14001507","E15000006","E24000005","E30000237","E16000150","E07000240","26UGGG","E00120374","26UGGG","E65000001","E01023704","E02004941","5","2B1","E00120374","E01023704","E02004941","E33027478","E38000079","E63011616","C1","5A3",51.719778,-0.284211,"E37000048","","E23000027",22327,"E56000035","E54000025","E00120374","E01023704","E02004941"
"AL2 1TE","AL2  1TE","AL2 1TE","198001","","E10000015","E58000649","E07000240","E05013957","E04013285","0","518661","0203556","1","E18000006","E40000007","E92000001","E12000006","5","E14001507","E15000006","E24000005","E30000237","E16000150","E07000240","26UGGG","E00120369","26UGGG","E65000001","E01023704","E02004941","5","6D2","E00120369","E01023704","E02004941","E33027478","E38000079","E63011616","C1","5A2",51.718187,-0.283678,"E37000048","","E23000027",22327,"E56000035","E54000025","E00120369","E01023704","E02004941"
"AL2 1TF","AL2  1TF","AL2 1TF","198001","","E10000015","E58000649","E07000240","E05013957","E04013285","0","518718","0203554","1","E18000006","E40000007","E92000001","E12000006","5","E14001507","E15000006","E24000005","E30000237","E16000150","E07000240","26UGGG","E00120382","26UGGG","E65000001","E01023704","E02004941","5","6D1","E00120382","E01023704","E02004941","E33027478","E38000079","E63011616","C1","4A2",51.718157,-0.282854,"E37000048","","E23000027",22327,"E56000035","E54000025","E00120382","E01023704","E02004941"
"AL2 1TG","AL2  1TG","AL2 1TG","198001","","E10000015","E58000649","E07000240","E05013957","E04013285","0","518668","0203672","1","E18000006","E40000007","E92000001","E12000006","5","E14001507","E15000006","E24000005","E30000237","E16000150","E07000240","26UGGG","E00120369","26UGGG","E65000001","E01023704","E02004941","5","6D2","E00120369","E01023704","E02004941","E33027478","E38000079","E63011616","C1","5A2",51.719228,-0.283537,"E37000048","","E23000027",22327,"E56000035","E54000025","E00120369","E01023704","E02004941"
"AL2 1TH","AL2  1TH","AL2 1TH","198001","","E10000015","E58000649","E07000240","E05013957","E04013285","0","518774","0203584","1","E18000006","E40000007","E92000001","E12000006","5","E14001507","E15000006","E24000005","E30000237","E16000150","E07000240","26UGGG","E00120369","26UGGG","E65000001","E01023704","E02004941","5","6D2","E00120369","E01023704","E02004941","E33027478","E38000079","E63011616","C1","5A2",51.718415,-0.282033,"E37000048","","E23000027",22327,"E56000035","E54000025","E00120369","E01023704","E02004941"
"AL2 1TJ","AL2  1TJ","AL2 1TJ","198001","","E10000015","E58000649","E07000240","E05013957","E04013285","0","518873","0203503","1","E18000006","E40000007","E92000001","E12000006","5","E14001507","E15000006","E24000005","E30000237","E16000150","E07000240","26UGGG","E00120382","26UGGG","E65000001","E01023704","E02004941","5","6D1","E00120382","E01023704","E02004941","E33027478","E38000079","E63011616","C1","4A2",51.717666,-0.280628,"E37000048","","E23000027",22327,"E56000035","E54000025","E00120382","E01023704","E02004941"
"AL2 1TL","AL2  1TL","AL2 1TL","198001","","E10000015","E58000649","E07000240","E05013957","E04013285","0","518757","0203539","1","E18000006","E40000007","E92000001","E12000006","5","E14001507","E15000006","E24000005","E30000237","E16000150","E07000240","26UGGG","E00120369","26UGGG","E65000001","E01023704","E02004941","5","6D2","E00120369","E01023704","E02004941","E33027478","E38000079","E63011616","C1","5A2",51.718014,-0.282294,"E37000048","","E23000027",22327,"E56000035","E54000025","E00120369","E01023704","E02004941"
"AL2 1TN","AL2  1TN","AL2 1TN","198109","","E10000015","E58000649","E07000240","E05013957","E04013285","0","518546","0203609","1","E18000006","E40000007","E92000001","E12000006","5","E14001507","E15000006","E24000005","E30000237","E16000150","E07000240","26UGGG","E00120381","26UGGG","E65000001","E01023704","E02004941","5","6D1","E00120381","E01023704","E02004941","E33027478","E38000079","E63011616","C1","5A2",51.718688,-0.285324,"E37000048","","E23000027",22327,"E56000035","E54000025","E00120381","E01023704","E02004941"
"AL2 1TP","AL2  1TP","AL2 1TP","201402","","E10000015","E58000649","E07000240","E05013957","E04013285","0","518550","0203660","1","E18000006","E40000007","E92000001","E12000006","5","E14001507","E15000006","E24000005","E30000237","E16000150","E07000240","26UGGG","E00120374","26UGGG","E65000001","E01023704","E02004941","5","2B1","E00120374","E01023704","E02004941","E33027478","E38000079","E63011616","C1","5A3",51.719145,-0.285248,"E37000048","","E23000027",22327,"E56000035","E54000025","E00120374","E01023704","E02004941"
"AL2 1TT","AL2  1TT","AL2 1TT","199712","201107","E10000015","E58000649","E07000240","E05013957","E04013285","1","518372","0203949","1","E18000006","E40000007","E92000001","E12000006","5","E14001507","E15000006","E24000005","E30000237","E16000150","E07000240","26UGGG","E00120370","26UGGG","E65000001","E01023704","E02004941","5","6B2","E00120370","E01023704","E02004941","E33024313","E38000079","E63011616","C1","5B3",51.721780,-0.287726,"E37000048","","E23000027",22327,"E56000035","E54000025","E00120370","E01023704","E02004941"
"AL2 1TW","AL2  1TW","AL2 1TW","198604","199912","E10000015","E58000649","E07000240","E05013957","E04013285","1","517760","0204095","6","E18000006","E40000007","E92000001","E12000006","5","E14001507","E15000006","E24000005","E30000237","E16000150","E07000240","26UGGG","E00120393","26UGGG","E65000001","E01023706","E02004941","5","6B2","E00120393","E01023706","E02004941","E33027475","E38000079","E63011616","C1","4A3",51.723221,-0.296532,"E37000048","","E23000027",27603,"E56000035","E54000025","E00120393","E01023706","E02004941"
"AL2 1UA","AL2  1UA","AL2 1UA","200301","","E10000015","E58000649","E07000240","E05013960","E04013285","0","516961","0203963","1","E18000006","E40000007","E92000001","E12000006","5","E14001507","E15000006","E24000005","E30000237","E16000150","E07000240","26UGGG","E00120377","26UGGG","E65000001","E01023707","E02004941","5","1C3","E00169677","E01033029","E02004941","E33027476","E38000079","E63011616","C1","5A2",51.722202,-0.308139,"E37000048","","E23000027",24035,"E56000035","E54000025","E00169677","E01033029","E02004941"
"AL2 1UB","AL2  1UB","AL2 1UB","200305","","E10000015","E58000649","E07000240","E05013960","E04013285","0","516967","0204039","1","E18000006","E40000007","E92000001","E12000006","5","E14001507","E15000006","E24000005","E30000237","E16000150","E07000240","26UGGG","E00120377","26UGGG","E65000001","E01023707","E02004941","5","1C3","E00169672","E01033028","E02004941","E33027476","E38000079","E63011616","C1","4A3",51.722883,-0.308026,"E37000048","","E23000027",24353,"E56000035","E54000025","E00169672","E01033028","E02004941"
"AL2 1UD","AL2  1UD","AL2 1UD","200501","","E10000015","E58000649","E07000240","E05013960","E04013285","0","516296","0204070","1","E18000006","E40000007","E92000001","E12000006","5","E14001507","E15000006","E24000005","E30000237","E16000150","E07000240","26UGGG","E00120377","26UGGG","E65000001","E01023707","E02004941","5","1C3","E00169678","E01033029","E02004941","E33027476","E38000079","","C1","5A2",51.723301,-0.317726,"E37000048","","E23000027",24035,"E56000035","E54000025","E00169678","E01033029","E02004941"
"AL2 1UE","AL2  1UE","AL2 1UE","200310","","E10000015","E58000649","E07000240","E05013960","E04013285","0","516398","0204273","1","E18000006","E40000007","E92000001","E12000006","5","E14001507","E15000006","E24000005","E30000237","E16000150","E07000240","26UGGG","E00120377","26UGGG","E65000001","E01023707","E02004941","5","1C3","E00169678","E01033029","E02004941","E33027476","E38000079","","C1","5A2",51.725105,-0.316182,"E37000048","","E23000027",24035,"E56000035","E54000025","E00169678","E01033029","E02004941"
"AL2 1UF","AL2  1UF","AL2 1UF","200305","","E10000015","E58000649","E07000240","E05013960","E04013285","0","516498","0204269","1","E18000006","E40000007","E92000001","E12000006","5","E14001507","E15000006","E24000005","E30000237","E16000150","E07000240","26UGGG","E00120377","26UGGG","E65000001","E01023707","E02004941","5","1C3","E00169673","E01033029","E02004941","E33027476","E38000079","","C1","4A1",51.725048,-0.314736,"E37000048","","E23000027",24035,"E56000035","E54000025","E00169673","E01033029","E02004941"
"AL2 1UG","AL2  1UG","AL2 1UG","200306","","E10000015","E58000649","E07000240","E05013960","E04013285","0","516432","0204185","1","E18000006","E40000007","E92000001","E12000006","5","E14001507","E15000006","E24000005","E30000237","E16000150","E07000240","26UGGG","E00120377","26UGGG","E65000001","E01023707","E02004941","5","1C3","E00169678","E01033029","E02004941","E33027476","E38000079","","C1","5A2",51.724307,-0.315719,"E37000048","","E23000027",24035,"E56000035","E54000025","E00169678","E01033029","E02004941"
"AL2 1UH","AL2  1UH","AL2 1UH","200501","","E10000015","E58000649","E07000240","E05013960","E04013285","0","517142","0203914","1","E18000006","E40000007","E92000001","E12000006","5","E14001507","E15000006","E24000005","E30000237","E16000150","E07000240","26UGGG","E00120377","26UGGG","E65000001","E01023707","E02004941","5","1C3","E00169674","E01033029","E02004941","E33027476","E38000079","E63011616","C1","4A3",51.721724,-0.305536,"E37000048","","E23000027",24035,"E56000035","E54000025","E00169674","E01033029","E02004941"
"AL2 1UJ","AL2  1UJ","AL2 1UJ","200611","","E10000015","E58000649","E07000240","E05013960","E04013285","0","516359","0203941","1","E18000006","E40000007","E92000001","E12000006","5","E14001507","E15000006","E24000005","E30000237","E16000150","E07000240","26UGGG","E00120377","26UGGG","E65000001","E01023707","E02004941","5","1C3","E00169678","E01033029","E02004941","E33027476","E38000079","","C1","5A2",51.722129,-0.316857,"E37000048","","E23000027",24035,"E56000035","E54000025","E00169678","E01033029","E02004941"
"AL2 1UL","AL2  1UL","AL2 1UL","200411","","E10000015","E58000649","E07000240","E05013960","E04013285","0","516926","0204212","1","E18000006","E40000007","E92000001","E12000006","5","E14001507","E15000006","E24000005","E30000237","E16000150","E07000240","26UGGG","E00120377","26UGGG","E65000001","E01023707","E02004941","5","1C3","E00169672","E01033028","E02004941","E33027476","E38000079","E63011616","C1","4A3",51.724447,-0.308561,"E37000048","","E23000027",24353,"E56000035","E54000025","E00169672","E01033028","E02004941"
"AL2 1UN","AL2  1UN","AL2 1UN","200406","","E10000015","E58000649","E07000240","E05013960","E04013285","0","516725","0204169","1","E18000006","E40000007","E92000001","E12000006","5","E14001507","E15000006","E24000005","E30000237","E16000150","E07000240","26UGGG","E00120377","26UGGG","E65000001","E01023707","E02004941","5","1C3","E00169673","E01033029","E02004941","E33027476","E38000079","","C1","4A1",51.724102,-0.311485,"E37000048","","E23000027",24035,"E56000035","E54000025","E00169673","E01033029","E02004941"
"AL2 1UP","AL2  1UP","AL2 1UP","200504","","E10000015","E58000649","E07000240","E05013960","E04013285","0","516688","0204252","1","E18000006","E40000007","E92000001","E12000006","5","E14001507","E15000006","E24000005","E30000237","E16000150","E07000240","26UGGG","E00120377","26UGGG","E65000001","E01023707","E02004941","5","1C3","E00169673","E01033029","E02004941","E33027476","E38000079","","C1","4A1",51.724861,-0.311969,"E37000048","","E23000027",24035,"E56000035","E54000025","E00169673","E01033029","E02004941"
"AL2 1UQ","AL2  1UQ","AL2 1UQ","200305","","E10000015","E58000649","E07000240","E05013960","E04013285","0","516466","0204246","1","E18000006","E40000007","E92000001","E12000006","5","E14001507","E15000006","E24000005","E30000237","E16000150","E07000240","26UGGG","E00120377","26UGGG","E65000001","E01023707","E02004941","5","1C3","E00169678","E01033029","E02004941","E33027476","E38000079","","C1","5A2",51.724848,-0.315207,"E37000048","","E23000027",24035,"E56000035","E54000025","E00169678","E01033029","E02004941"
"AL2 1UR","AL2  1UR","AL2 1UR","200407","","E10000015","E58000649","E07000240","E05013960","E04013285","0","516774","0204224","1","E18000006","E40000007","E92000001","E12000006","5","E14001507","E15000006","E24000005","E30000237","E16000150","E07000240","26UGGG","E00120377","26UGGG","E65000001","E01023707","E02004941","5","1C3","E00169672","E01033028","E02004941","E33027476","E38000079","","C1","4A3",51.724592,-0.310734,"E37000048","","E23000027",24353,"E56000035","E54000025","E00169672","E01033028","E02004941"
"AL2 1US","AL2  1US","AL2 1US","200409","","E10000015","E58000649","E07000240","E05013960","E04013285","0","516568","0204135","1","E18000006","E40000007","E92000001","E12000006","5","E14001507","E15000006","E24000005","E30000237","E16000150","E07000240","26UGGG","E00120377","26UGGG","E65000001","E01023707","E02004941","5","1C3","E00169673","E01033029","E02004941","E33027476","E38000079","","C1","4A1",51.723829,-0.313768,"E37000048","","E23000027",24035,"E56000035","E54000025","E00169673","E01033029","E02004941"
"AL2 1UT","AL2  1UT","AL2 1UT","200607","","E10000015","E58000649","E07000240","E05013960","E04013285","0","516425","0204030","1","E18000006","E40000007","E92000001","E12000006","5","E14001507","E15000006","E24000005","E30000237","E16000150","E07000240","26UGGG","E00120377","26UGGG","E65000001","E01023707","E02004941","5","1C3","E00169678","E01033029","E02004941","E33027476","E38000079","","C1","5A2",51.722915,-0.315872,"E37000048","","E23000027",24035,"E56000035","E54000025","E00169678","E01033029","E02004941"
"AL2 1UW","AL2  1UW","AL2 1UW","200306","","E10000015","E58000649","E07000240","E05013960","E04013285","0","516507","0204148","1","E18000006","E40000007","E92000001","E12000006","5","E14001507","E15000006","E24000005","E30000237","E16000150","E07000240","26UGGG","E00120377","26UGGG","E65000001","E01023707","E02004941","5","1C3","E00169678","E01033029","E02004941","E33027476","E38000079","","C1","5A2",51.723959,-0.314646,"E37000048","","E23000027",24035,"E56000035","E54000025","E00169678","E01033029","E02004941"
"AL2 1UX","AL2  1UX","AL2 1UX","200507","","E10000015","E58000649","E07000240","E05013960","E04013285","0","516662","0203921","1","E18000006","E40000007","E92000001","E12000006","5","E14001507","E15000006","E24000005","E30000237","E16000150","E07000240","26UGGG","E00120377","26UGGG","E65000001","E01023707","E02004941","5","1C3","E00169676","E01033029","E02004941","E33027476","E38000079","","C1","5A2",51.721886,-0.312479,"E37000048","","E23000027",24035,"E56000035","E54000025","E00169676","E01033029","E02004941"
"AL2 1WA","AL2  1WA","AL2 1WA","200206","200307","E10000015","E58000649","E07000240","E05013957","E04013285","1","518372","0203949","5","E18000006","E40000007","E92000001","E12000006","5","E14001507","E15000006","E24000005","E30000237","E16000150","E07000240","26UGGG","E00120370","26UGGG","E65000001","E01023704","E02004941","5","6B2","E00120370","E01023704","E02004941","E33024313","E38000079","E63011616","C1","5B3",51.721780,-0.287726,"E37000048","","E23000027",22327,"E56000035","E54000025","E00120370","E01023704","E02004941"
"AL2 1WB","AL2  1WB","AL2 1WB","200301","200602","E10000015","E58000664","E07000240","E05013956","E43000290","1","517328","0206823","1","E18000006","E40000007","E92000001","E12000006","5","E14001507","E15000006","E24000005","E30000237","E16000150","E07000240","26UGFX","E00120196","26UGFX","E65000001","E01023667","E02004936","5","6D1","E00120196","E01023667","E02004936","E33027453","E38000079","E63011552","C1","5A2",51.747828,-0.301865,"E37000048","","E23000027",30628,"E56000035","E54000025","E00120196","E01023667","E02004936"
"AL2 1WD","AL2  1WD","AL2 1WD","199706","199906","E10000015","E58000649","E07000240","E05013957","E04013285","1","517760","0204095","6","E18000006","E40000007","E92000001","E12000006","5","E14001507","E15000006","E24000005","E30000237","E16000150","E07000240","26UGGG","E00120393","26UGGG","E65000001","E01023706","E02004941","5","6B2","E00120393","E01023706","E02004941","E33027475","E38000079","E63011616","C1","4A3",51.723221,-0.296532,"E37000048","","E23000027",27603,"E56000035","E54000025","E00120393","E01023706","E02004941"
"AL2 1WH","AL2  1WH","AL2 1WH","200408","200411","E10000015","E58000649","E07000240","E05013960","E04013285","1","516503","0204132","5","E18000006","E40000007","E92000001","E12000006","5","E14001507","E15000006","E24000005","E30000237","E16000150","E07000240","26UGGG","E00120377","26UGGG","E65000001","E01023707","E02004941","5","1C3","E00169678","E01033029","E02004941","E33027476","E38000079","","C1","5A2",51.723816,-0.314709,"E37000048","","E23000027",24035,"E56000035","E54000025","E00169678","E01033029","E02004941"
"AL2 1WJ","AL2  1WJ","AL2 1WJ","200207","200806","E10000015","E58000664","E07000240","E05013956","E43000290","1","517328","0206823","1","E18000006","E40000007","E92000001","E12000006","5","E14001507","E15000006","E24000005","E30000237","E16000150","E07000240","26UGFX","E00120196","26UGFX","E65000001","E01023667","E02004936","5","6D1","E00120196","E01023667","E02004936","E33027453","E38000079","E63011552","C1","5A2",51.747828,-0.301865,"E37000048","","E23000027",30628,"E56000035","E54000025","E00120196","E01023667","E02004936"
"AL2 1WW","AL2  1WW","AL2 1WW","201407","","E10000015","E58000649","E07000240","E05013960","E04013285","0","516677","0204160","1","E18000006","E40000007","E92000001","E12000006","5","E14001507","E15000006","E24000005","E30000237","E16000150","E07000240","26UGGG","E00120377","26UGGG","E65000001","E01023707","E02004941","5","1C3","E00169673","E01033029","E02004941","E33027476","E38000079","","C1","4A1",51.724031,-0.312182,"E37000048","","E23000027",24035,"E56000035","E54000025","E00169673","E01033029","E02004941"
"AL2 1WX","AL2  1WX","AL2 1WX","200207","200309","E10000015","E58000649","E07000240","E05013957","E04013285","1","518372","0203949","5","E18000006","E40000007","E92000001","E12000006","5","E14001507","E15000006","E24000005","E30000237","E16000150","E07000240","26UGGG","E00120370","26UGGG","E65000001","E01023704","E02004941","5","6B2","E00120370","E01023704","E02004941","E33024313","E38000079","E63011616","C1","5B3",51.721780,-0.287726,"E37000048","","E23000027",22327,"E56000035","E54000025","E00120370","E01023704","E02004941"
"AL2 1WZ","AL2  1WZ","AL2 1WZ","200408","200602","E10000015","E58000664","E07000240","E05013956","E43000290","1","517328","0206823","1","E18000006","E40000007","E92000001","E12000006","5","E14001507","E15000006","E24000005","E30000237","E16000150","E07000240","26UGFX","E00120196","26UGFX","E65000001","E01023667","E02004936","5","6D1","E00120196","E01023667","E02004936","E33027453","E38000079","E63011552","C1","5A2",51.747828,-0.301865,"E37000048","","E23000027",30628,"E56000035","E54000025","E00120196","E01023667","E02004936"
"AL2 1XA","AL2  1XA","AL2 1XA","201110","201804","E10000015","E58000664","E07000240","E05013956","E43000290","1","517321","0206803","1","E18000006","E40000007","E92000001","E12000006","5","E14001507","E15000006","E24000005","E30000237","E16000150","E07000240","26UGFX","E00120196","26UGFX","E65000001","E01023667","E02004936","5","6D1","E00120196","E01023667","E02004936","E33027453","E38000079","E63011552","C1","5A2",51.747650,-0.301973,"E37000048","","E23000027",30628,"E56000035","E54000025","E00120196","E01023667","E02004936"
"AL2 1XB","AL2  1XB","AL2 1XB","199412","200908","E10000015","E58000664","E07000240","E05013956","E43000290","1","517328","0206823","1","E18000006","E40000007","E92000001","E12000006","5","E14001507","E15000006","E24000005","E30000237","E16000150","E07000240","26UGFX","E00120196","26UGFX","E65000001","E01023667","E02004936","5","6D1","E00120196","E01023667","E02004936","E33027453","E38000079","E63011552","C1","5A2",51.747828,-0.301865,"E37000048","","E23000027",30628,"E56000035","E54000025","E00120196","E01023667","E02004936"
"AL2 1XD","AL2  1XD","AL2 1XD","199201","199806","E10000015","E58000649","E07000240","E05013957","E04013285","1","517760","0204095","6","E18000006","E40000007","E92000001","E12000006","5","E14001507","E15000006","E24000005","E30000237","E16000150","E07000240","26UGGG","E00120393","26UGGG","E65000001","E01023706","E02004941","5","6B2","E00120393","E01023706","E02004941","E33027475","E38000079","E63011616","C1","4A3",51.723221,-0.296532,"E37000048","","E23000027",27603,"E56000035","E54000025","E00120393","E01023706","E02004941"
"AL2 1XE","AL2  1XE","AL2 1XE","199208","199412","E10000015","E58000649","E07000240","E05013957","E04013285","1","518300","0203600","8","E18000006","E40000007","E92000001","E12000006","5","E14001507","E15000006","E24000005","E30000237","E16000150","E07000240","26UGGG","E00120370","26UGGG","E65000001","E01023704","E02004941","5","6B2","E00120370","E01023704","E02004941","E33024313","E38000079","E63011616","C1","5B3",51.718659,-0.288886,"E37000048","","E23000027",22327,"E56000035","E54000025","E00120370","E01023704","E02004941"
"AL2 1XF","AL2  1XF","AL2 1XF","200207","200408","E10000015","E58000664","E07000240","E05013956","E43000290","1","517328","0206823","5","E18000006","E40000007","E92000001","E12000006","5","E14001507","E15000006","E24000005","E30000237","E16000150","E07000240","26UGFX","E00120196","26UGFX","E65000001","E01023667","E02004936","5","6D1","E00120196","E01023667","E02004936","E33027453","E38000079","E63011552","C1","5A2",51.747828,-0.301865,"E37000048","","E23000027",30628,"E56000035","E54000025","E00120196","E01023667","E02004936"
"AL2 1XN","AL2  1XN","AL2 1XN","200606","200607","E10000015","E58000664","E07000240","E05013956","E43000290","1","517328","0206823","1","E18000006","E40000007","E92000001","E12000006","5","E14001507","E15000006","E24000005","E30000237","E16000150","E07000240","26UGFX","E00120196","26UGFX","E65000001","E01023667","E02004936","5","6D1","E00120196","E01023667","E02004936","E33027453","E38000079","E63011552","C1","5A2",51.747828,-0.301865,"E37000048","","E23000027",30628,"E56000035","E54000025","E00120196","E01023667","E02004936"
"AL2 1XP","AL2  1XP","AL2 1XP","200404","200605","E10000015","E58000664","E07000240","E05013956","E43000290","1","517328","0206823","1","E18000006","E40000007","E92000001","E12000006","5","E14001507","E15000006","E24000005","E30000237","E16000150","E07000240","26UGFX","E00120196","26UGFX","E65000001","E01023667","E02004936","5","6D1","E00120196","E01023667","E02004936","E33027453","E38000079","E63011552","C1","5A2",51.747828,-0.301865,"E37000048","","E23000027",30628,"E56000035","E54000025","E00120196","E01023667","E02004936"
"AL2 1XQ","AL2  1XQ","AL2 1XQ","200304","200405","E10000015","E58000664","E07000240","E05013956","E43000290","1","517328","0206823","5","E18000006","E40000007","E92000001","E12000006","5","E14001507","E15000006","E24000005","E30000237","E16000150","E07000240","26UGFX","E00120196","26UGFX","E65000001","E01023667","E02004936","5","6D1","E00120196","E01023667","E02004936","E33027453","E38000079","E63011552","C1","5A2",51.747828,-0.301865,"E37000048","","E23000027",30628,"E56000035","E54000025","E00120196","E01023667","E02004936"
"AL2 1XR","AL2  1XR","AL2 1XR","200403","200507","E10000015","E58000664","E07000240","E05013956","E43000290","1","517328","0206823","5","E18000006","E40000007","E92000001","E12000006","5","E14001507","E15000006","E24000005","E30000237","E16000150","E07000240","26UGFX","E00120196","26UGFX","E65000001","E01023667","E02004936","5","6D1","E00120196","E01023667","E02004936","E33027453","E38000079","E63011552","C1","5A2",51.747828,-0.301865,"E37000048","","E23000027",30628,"E56000035","E54000025","E00120196","E01023667","E02004936"
"AL2 1XZ","AL2  1XZ","AL2 1XZ","200208","200709","E10000015","E58000664","E07000240","E05013956","E43000290","1","517328","0206823","1","E18000006","E40000007","E92000001","E12000006","5","E14001507","E15000006","E24000005","E30000237","E16000150","E07000240","26UGFX","E00120196","26UGFX","E65000001","E01023667","E02004936","5","6D1","E00120196","E01023667","E02004936","E33027453","E38000079","E63011552","C1","5A2",51.747828,-0.301865,"E37000048","","E23000027",30628,"E56000035","E54000025","E00120196","E01023667","E02004936"
"AL2 1YL","AL2  1YL","AL2 1YL","200207","200307","E10000015","E58000664","E07000240","E05013956","E43000290","1","517328","0206823","5","E18000006","E40000007","E92000001","E12000006","5","E14001507","E15000006","E24000005","E30000237","E16000150","E07000240","26UGFX","E00120196","26UGFX","E65000001","E01023667","E02004936","5","6D1","E00120196","E01023667","E02004936","E33027453","E38000079","E63011552","C1","5A2",51.747828,-0.301865,"E37000048","","E23000027",30628,"E56000035","E54000025","E00120196","E01023667","E02004936"
"AL2 1YZ","AL2  1YZ","AL2 1YZ","200307","200310","E10000015","E58000664","E07000240","E05013956","E43000290","1","517328","0206823","5","E18000006","E40000007","E92000001","E12000006","5","E14001507","E15000006","E24000005","E30000237","E16000150","E07000240","26UGFX","E00120196","26UGFX","E65000001","E01023667","E02004936","5","6D1","E00120196","E01023667","E02004936","E33027453","E38000079","E63011552","C1","5A2",51.747828,-0.301865,"E37000048","","E23000027",30628,"E56000035","E54000025","E00120196","E01023667","E02004936"
"AL2 1ZD","AL2  1ZD","AL2 1ZD","200012","200201","E10000015","E58000664","E07000240","E05013956","E43000290","1","517328","0206823","1","E18000006","E40000007","E92000001","E12000006","5","E14001507","E15000006","E24000005","E30000237","E16000150","E07000240","26UGFX","E00120196","26UGFX","E65000001","E01023667","E02004936","5","6D1","E00120196","E01023667","E02004936","E33027453","E38000079","E63011552","C1","5A2",51.747828,-0.301865,"E37000048","","E23000027",30628,"E56000035","E54000025","E00120196","E01023667","E02004936"
"AL2 1ZE","AL2  1ZE","AL2 1ZE","199712","200006","E10000015","E58000649","E07000240","E05013957","E04013285","1","517760","0204095","6","E18000006","E40000007","E92000001","E12000006","5","E14001507","E15000006","E24000005","E30000237","E16000150","E07000240","26UGGG","E00120393","26UGGG","E65000001","E01023706","E02004941","5","6B2","E00120393","E01023706","E02004941","E33027475","E38000079","E63011616","C1","4A3",51.723221,-0.296532,"E37000048","","E23000027",27603,"E56000035","E54000025","E00120393","E01023706","E02004941"
"AL2 1ZF","AL2  1ZF","AL2 1ZF","199806","199912","E10000015","E58000649","E07000240","E05013957","E04013285","1","517760","0204095","6","E18000006","E40000007","E92000001","E12000006","5","E14001507","E15000006","E24000005","E30000237","E16000150","E07000240","26UGGG","E00120393","26UGGG","E65000001","E01023706","E02004941","5","6B2","E00120393","E01023706","E02004941","E33027475","E38000079","E63011616","C1","4A3",51.723221,-0.296532,"E37000048","","E23000027",27603,"E56000035","E54000025","E00120393","E01023706","E02004941"
"AL2 1ZG","AL2  1ZG","AL2 1ZG","199806","199912","E10000015","E58000649","E07000240","E05013957","E04013285","1","517760","0204095","6","E18000006","E40000007","E92000001","E12000006","5","E14001507","E15000006","E24000005","E30000237","E16000150","E07000240","26UGGG","E00120393","26UGGG","E65000001","E01023706","E02004941","5","6B2","E00120393","E01023706","E02004941","E33027475","E38000079","E63011616","C1","4A3",51.723221,-0.296532,"E37000048","","E23000027",27603,"E56000035","E54000025","E00120393","E01023706","E02004941"
"AL2 1ZH","AL2  1ZH","AL2 1ZH","200210","200711","E10000015","E58000664","E07000240","E05013956","E43000290","1","517328","0206823","1","E18000006","E40000007","E92000001","E12000006","5","E14001507","E15000006","E24000005","E30000237","E16000150","E07000240","26UGFX","E00120196","26UGFX","E65000001","E01023667","E02004936","5","6D1","E00120196","E01023667","E02004936","E33027453","E38000079","E63011552","C1","5A2",51.747828,-0.301865,"E37000048","","E23000027",30628,"E56000035","E54000025","E00120196","E01023667","E02004936"
"AL2 1ZJ","AL2  1ZJ","AL2 1ZJ","200012","201009","E10000015","E58000664","E07000240","E05013956","E43000290","1","517328","0206823","1","E18000006","E40000007","E92000001","E12000006","5","E14001507","E15000006","E24000005","E30000237","E16000150","E07000240","26UGFX","E00120196","26UGFX","E65000001","E01023667","E02004936","5","6D1","E00120196","E01023667","E02004936","E33027453","E38000079","E63011552","C1","5A2",51.747828,-0.301865,"E37000048","","E23000027",30628,"E56000035","E54000025","E00120196","E01023667","E02004936"
"AL2 1ZL","AL2  1ZL","AL2 1ZL","200012","200806","E10000015","E58000664","E07000240","E05013956","E43000290","1","517328","0206823","1","E18000006","E40000007","E92000001","E12000006","5","E14001507","E15000006","E24000005","E30000237","E16000150","E07000240","26UGFX","E00120196","26UGFX","E65000001","E01023667","E02004936","5","6D1","E00120196","E01023667","E02004936","E33027453","E38000079","E63011552","C1","5A2",51.747828,-0.301865,"E37000048","","E23000027",30628,"E56000035","E54000025","E00120196","E01023667","E02004936"
"AL2 1ZN","AL2  1ZN","AL2 1ZN","200012","200108","E10000015","E58000664","E07000240","E05013956","E43000290","1","517328","0206823","1","E18000006","E40000007","E92000001","E12000006","5","E14001507","E15000006","E24000005","E30000237","E16000150","E07000240","26UGFX","E00120196","26UGFX","E65000001","E01023667","E02004936","5","6D1","E00120196","E01023667","E02004936","E33027453","E38000079","E63011552","C1","5A2",51.747828,-0.301865,"E37000048","","E23000027",30628,"E56000035","E54000025","E00120196","E01023667","E02004936"
"AL2 1ZP","AL2  1ZP","AL2 1ZP","200012","200310","E10000015","E58000664","E07000240","E05013956","E43000290","1","517328","0206823","1","E18000006","E40000007","E92000001","E12000006","5","E14001507","E15000006","E24000005","E30000237","E16000150","E07000240","26UGFX","E00120196","26UGFX","E65000001","E01023667","E02004936","5","6D1","E00120196","E01023667","E02004936","E33027453","E38000079","E63011552","C1","5A2",51.747828,-0.301865,"E37000048","","E23000027",30628,"E56000035","E54000025","E00120196","E01023667","E02004936"
"AL2 1ZQ","AL2  1ZQ","AL2 1ZQ","200012","200408","E10000015","E58000664","E07000240","E05013956","E43000290","1","517328","0206823","1","E18000006","E40000007","E92000001","E12000006","5","E14001507","E15000006","E24000005","E30000237","E16000150","E07000240","26UGFX","E00120196","26UGFX","E65000001","E01023667","E02004936","5","6D1","E00120196","E01023667","E02004936","E33027453","E38000079","E63011552","C1","5A2",51.747828,-0.301865,"E37000048","","E23000027",30628,"E56000035","E54000025","E00120196","E01023667","E02004936"
"AL2 1ZR","AL2  1ZR","AL2 1ZR","200012","200308","E10000015","E58000664","E07000240","E05013956","E43000290","1","517328","0206823","1","E18000006","E40000007","E92000001","E12000006","5","E14001507","E15000006","E24000005","E30000237","E16000150","E07000240","26UGFX","E00120196","26UGFX","E65000001","E01023667","E02004936","5","6D1","E00120196","E01023667","E02004936","E33027453","E38000079","E63011552","C1","5A2",51.747828,-0.301865,"E37000048","","E23000027",30628,"E56000035","E54000025","E00120196","E01023667","E02004936"
"AL2 1ZS","AL2  1ZS","AL2 1ZS","200006","200204","E10000015","E58000664","E07000240","E05013956","E43000290","1","517328","0206823","1","E18000006","E40000007","E92000001","E12000006","5","E14001507","E15000006","E24000005","E30000237","E16000150","E07000240","26UGFX","E00120196","26UGFX","E65000001","E01023667","E02004936","5","6D1","E00120196","E01023667","E02004936","E33027453","E38000079","E63011552","C1","5A2",51.747828,-0.301865,"E37000048","","E23000027",30628,"E56000035","E54000025","E00120196","E01023667","E02004936"
"AL2 1ZT","AL2  1ZT","AL2 1ZT","200006","200107","E10000015","E58000649","E07000240","E05013957","E04013285","1","517760","0204095","6","E18000006","E40000007","E92000001","E12000006","5","E14001507","E15000006","E24000005","E30000237","E16000150","E07000240","26UGGG","E00120393","26UGGG","E65000001","E01023706","E02004941","5","6B2","E00120393","E01023706","E02004941","E33027475","E38000079","E63011616","C1","4A3",51.723221,-0.296532,"E37000048","","E23000027",27603,"E56000035","E54000025","E00120393","E01023706","E02004941"
"AL2 1ZU","AL2  1ZU","AL2 1ZU","199912","200603","E10000015","E58000664","E07000240","E05013956","E43000290","1","517328","0206823","1","E18000006","E40000007","E92000001","E12000006","5","E14001507","E15000006","E24000005","E30000237","E16000150","E07000240","26UGFX","E00120196","26UGFX","E65000001","E01023667","E02004936","5","6D1","E00120196","E01023667","E02004936","E33027453","E38000079","E63011552","C1","5A2",51.747828,-0.301865,"E37000048","","E23000027",30628,"E56000035","E54000025","E00120196","E01023667","E02004936"
"AL2 1ZW","AL2  1ZW","AL2 1ZW","199906","200109","E10000015","E58000664","E07000240","E05013956","E43000290","1","517328","0206823","1","E18000006","E40000007","E92000001","E12000006","5","E14001507","E15000006","E24000005","E30000237","E16000150","E07000240","26UGFX","E00120196","26UGFX","E65000001","E01023667","E02004936","5","6D1","E00120196","E01023667","E02004936","E33027453","E38000079","E63011552","C1","5A2",51.747828,-0.301865,"E37000048","","E23000027",30628,"E56000035","E54000025","E00120196","E01023667","E02004936"
"AL2 1ZX","AL2  1ZX","AL2 1ZX","201011","201410","E10000015","E58000664","E07000240","E05013956","E43000290","1","517328","0206823","1","E18000006","E40000007","E92000001","E12000006","5","E14001507","E15000006","E24000005","E30000237","E16000150","E07000240","26UGFX","E00120196","26UGFX","E65000001","E01023667","E02004936","5","6D1","E00120196","E01023667","E02004936","E33027453","E38000079","E63011552","C1","5A2",51.747828,-0.301865,"E37000048","","E23000027",30628,"E56000035","E54000025","E00120196","E01023667","E02004936"
"AL2 1ZY","AL2  1ZY","AL2 1ZY","199812","200006","E10000015","E58000649","E07000240","E05013957","E04013285","1","517760","0204095","6","E18000006","E40000007","E92000001","E12000006","5","E14001507","E15000006","E24000005","E30000237","E16000150","E07000240","26UGGG","E00120393","26UGGG","E65000001","E01023706","E02004941","5","6B2","E00120393","E01023706","E02004941","E33027475","E38000079","E63011616","C1","4A3",51.723221,-0.296532,"E37000048","","E23000027",27603,"E56000035","E54000025","E00120393","E01023706","E02004941"
"AL2 1ZZ","AL2  1ZZ","AL2 1ZZ","199712","200104","E10000015","E58000649","E07000240","E05013957","E04013285","1","517760","0204095","6","E18000006","E40000007","E92000001","E12000006","5","E14001507","E15000006","E24000005","E30000237","E16000150","E07000240","26UGGG","E00120393","26UGGG","E65000001","E01023706","E02004941","5","6B2","E00120393","E01023706","E02004941","E33027475","E38000079","E63011616","C1","4A3",51.723221,-0.296532,"E37000048","","E23000027",27603,"E56000035","E54000025","E00120393","E01023706","E02004941"
"AL2 2AA","AL2  2AA","AL2 2AA","198001","201908","E10000015","E58000668","E07000240","E05013965","E04013288","0","513580","0203984","1","E18000006","E40000007","E92000001","E12000006","5","E14001507","E15000006","E24000005","E30000237","E16000150","E07000240","26UGGN","E00120511","26UGGN","E65000001","E01023731","E02004943","5","4D2","E00120511","E01023731","E02004943","E33027484","E38000079","E63011632","C1","5B1",51.723085,-0.357057,"E37000048","","E23000027",27377,"E56000035","E54000025","E00120511","E01023731","E02004943"
"AL2 2AB","AL2  2AB","AL2 2AB","198001","","E10000015","E58000668","E07000240","E05013965","E04013288","0","513320","0203802","1","E18000006","E40000007","E92000001","E12000006","5","E14001507","E15000006","E24000005","E30000237","E16000150","E07000240","26UGGN","E00120511","26UGGN","E65000001","E01023731","E02004943","5","4D2","E00120511","E01023731","E02004943","E33027484","E38000079","E63011632","C1","5B1",51.721502,-0.360879,"E37000048","","E23000027",27377,"E56000035","E54000025","E00120511","E01023731","E02004943"
"AL2 2AD","AL2  2AD","AL2 2AD","198710","","E10000015","E58000668","E07000240","E05013960","E04013288","0","514062","0203795","1","E18000006","E40000007","E92000001","E12000006","5","E14001507","E15000006","E24000005","E30000237","E16000150","E07000240","26UGGK","E00120438","26UGGK","E65000001","E01023719","E02004942","5","5B1","E00120438","E01023719","E02004942","E33027480","E38000079","E63011632","C1","5A3",51.721288,-0.350144,"E37000048","","E23000027",20555,"E56000035","E54000025","E00120438","E01023719","E02004942"
"AL2 2AE","AL2  2AE","AL2 2AE","200207","","E10000015","E58000668","E07000240","E05013960","E04013288","0","513810","0202865","1","E18000006","E40000007","E92000001","E12000006","5","E14001507","E15000006","E24000005","E30000237","E16000150","E07000240","26UGGK","E00120445","26UGGK","E65000001","E01023721","E02004942","5","4B4","E00120445","E01023721","E02004942","E33027479","E38000079","E63011632","C1","6A1",51.712981,-0.354094,"E37000048","","E23000027",29941,"E56000035","E54000025","E00120445","E01023721","E02004942"
"AL2 2AF","AL2  2AF","AL2 2AF","199101","","E10000015","E58000668","E07000240","E05013960","E04013288","0","514281","0203197","1","E18000006","E40000007","E92000001","E12000006","5","E14001507","E15000006","E24000005","E30000237","E16000150","E07000240","26UGGK","E00120448","26UGGK","E65000001","E01023721","E02004942","5","4A2","E00120448","E01023721","E02004942","E33027479","E38000079","E63011632","C1","6B2",51.715869,-0.347171,"E37000048","","E23000027",29941,"E56000035","E54000025","E00120448","E01023721","E02004942"
"AL2 2AG","AL2  2AG","AL2 2AG","198001","","E10000015","E58000668","E07000240","E05013960","E04013288","0","513714","0202457","1","E18000006","E40000007","E92000001","E12000006","5","E14001507","E15000006","E24000005","E30000237","E16000150","E07000240","26UGGK","E00120451","26UGGK","E65000001","E01023717","E02004943","5","6D1","E00120451","E01023717","E02004943","E33024322","E38000079","","C1","6B2",51.709339,-0.355592,"E37000048","","E23000027",28601,"E56000035","E54000025","E00120451","E01023717","E02004943"
"AL2 2AH","AL2  2AH","AL2 2AH","198001","","E10000015","E58000668","E07000240","E05013960","E04013288","0","513782","0203034","1","E18000006","E40000007","E92000001","E12000006","5","E14001507","E15000006","E24000005","E30000237","E16000150","E07000240","26UGGK","E00120445","26UGGK","E65000001","E01023721","E02004942","5","4B4","E00120445","E01023721","E02004942","E33027479","E38000079","E63011632","C1","6A1",51.714506,-0.354444,"E37000048","","E23000027",29941,"E56000035","E54000025","E00120445","E01023721","E02004942"
"AL2 2AJ","AL2  2AJ","AL2 2AJ","198001","","E10000015","E58000668","E07000240","E05013960","E04013288","0","513776","0203095","1","E18000006","E40000007","E92000001","E12000006","5","E14001507","E15000006","E24000005","E30000237","E16000150","E07000240","26UGGK","E00120447","26UGGK","E65000001","E01023721","E02004942","5","6A2","E00120447","E01023721","E02004942","E33027479","E38000079","E63011632","C1","6B1",51.715055,-0.354511,"E37000048","","E23000027",29941,"E56000035","E54000025","E00120447","E01023721","E02004942"
"AL2 2AL","AL2  2AL","AL2 2AL","198001","","E10000015","E58000668","E07000240","E05013960","E04013288","0","513931","0203016","1","E18000006","E40000007","E92000001","E12000006","5","E14001507","E15000006","E24000005","E30000237","E16000150","E07000240","26UGGK","E00120445","26UGGK","E65000001","E01023721","E02004942","5","4B4","E00120445","E01023721","E02004942","E33027479","E38000079","E63011632","C1","6A1",51.714319,-0.352270,"E37000048","","E23000027",29941,"E56000035","E54000025","E00120445","E01023721","E02004942"
"AL2 2AN","AL2  2AN","AL2 2AN","198001","","E10000015","E58000668","E07000240","E05013960","E04013288","0","513902","0203069","1","E18000006","E40000007","E92000001","E12000006","5","E14001507","E15000006","E24000005","E30000237","E16000150","E07000240","26UGGK","E00120445","26UGGK","E65000001","E01023721","E02004942","5","4B4","E00120445","E01023721","E02004942","E33027479","E38000079","E63011632","C1","6A1",51.714796,-0.352696,"E37000048","","E23000027",29941,"E56000035","E54000025","E00120445","E01023721","E02004942"
"AL2 2AP","AL2  2AP","AL2 2AP","198001","","E10000015","E58000668","E07000240","E05013960","E04013288","0","513833","0203150","1","E18000006","E40000007","E92000001","E12000006","5","E14001507","E15000006","E24000005","E30000237","E16000150","E07000240","26UGGK","E00120447","26UGGK","E65000001","E01023721","E02004942","5","6A2","E00120447","E01023721","E02004942","E33027479","E38000079","E63011632","C1","6B1",51.715538,-0.353668,"E37000048","","E23000027",29941,"E56000035","E54000025","E00120447","E01023721","E02004942"
"AL2 2AQ","AL2  2AQ","AL2 2AQ","198001","","E10000015","E58000668","E07000240","E05013960","E04013288","0","513860","0202909","1","E18000006","E40000007","E92000001","E12000006","5","E14001507","E15000006","E24000005","E30000237","E16000150","E07000240","26UGGK","E00120445","26UGGK","E65000001","E01023721","E02004942","5","4B4","E00120445","E01023721","E02004942","E33027479","E38000079","E63011632","C1","6A1",51.713371,-0.353333,"E37000048","","E23000027",29941,"E56000035","E54000025","E00120445","E01023721","E02004942"
"AL2 2AR","AL2  2AR","AL2 2AR","198001","","E10000015","E58000668","E07000240","E05013960","E04013288","0","513929","0203179","1","E18000006","E40000007","E92000001","E12000006","5","E14001507","E15000006","E24000005","E30000237","E16000150","E07000240","26UGGK","E00120447","26UGGK","E65000001","E01023721","E02004942","5","6A2","E00120447","E01023721","E02004942","E33027479","E38000079","E63011632","C1","6B1",51.715779,-0.352270,"E37000048","","E23000027",29941,"E56000035","E54000025","E00120447","E01023721","E02004942"
"AL2 2AS","AL2  2AS","AL2 2AS","198001","","E10000015","E58000668","E07000240","E05013960","E04013288","0","513938","0203144","1","E18000006","E40000007","E92000001","E12000006","5","E14001507","E15000006","E24000005","E30000237","E16000150","E07000240","26UGGK","E00120445","26UGGK","E65000001","E01023721","E02004942","5","4B4","E00120445","E01023721","E02004942","E33027479","E38000079","E63011632","C1","6A1",51.715463,-0.352151,"E37000048","","E23000027",29941,"E56000035","E54000025","E00120445","E01023721","E02004942"
"AL2 2AT","AL2  2AT","AL2 2AT","198001","","E10000015","E58000668","E07000240","E05013960","E04013288","0","513991","0203072","1","E18000006","E40000007","E92000001","E12000006","5","E14001507","E15000006","E24000005","E30000237","E16000150","E07000240","26UGGK","E00120445","26UGGK","E65000001","E01023721","E02004942","5","4B4","E00120445","E01023721","E02004942","E33027479","E38000079","E63011632","C1","6A1",51.714805,-0.351407,"E37000048","","E23000027",29941,"E56000035","E54000025","E00120445","E01023721","E02004942"
"AL2 2AU","AL2  2AU","AL2 2AU","198001","","E10000015","E58000668","E07000240","E05013960","E04013288","0","514159","0203187","1","E18000006","E40000007","E92000001","E12000006","5","E14001507","E15000006","E24000005","E30000237","E16000150","E07000240","26UGGK","E00120445","26UGGK","E65000001","E01023721","E02004942","5","4B4","E00120445","E01023721","E02004942","E33027479","E38000079","E63011632","C1","6A1",51.715804,-0.348939,"E37000048","","E23000027",29941,"E56000035","E54000025","E00120445","E01023721","E02004942"
"AL2 2AW","AL2  2AW","AL2 2AW","198001","","E10000015","E58000668","E07000240","E05013960","E04013288","0","513868","0203102","1","E18000006","E40000007","E92000001","E12000006","5","E14001507","E15000006","E24000005","E30000237","E16000150","E07000240","26UGGK","E00120447","26UGGK","E65000001","E01023721","E02004942","5","6A2","E00120447","E01023721","E02004942","E33027479","E38000079","E63011632","C1","6B1",51.715099,-0.353177,"E37000048","","E23000027",29941,"E56000035","E54000025","E00120447","E01023721","E02004942"
"AL2 2AX","AL2  2AX","AL2 2AX","198001","","E10000015","E58000668","E07000240","E05013960","E04013288","0","514277","0203273","1","E18000006","E40000007","E92000001","E12000006","5","E14001507","E15000006","E24000005","E30000237","E16000150","E07000240","26UGGK","E00120445","26UGGK","E65000001","E01023721","E02004942","5","4B4","E00120445","E01023721","E02004942","E33027479","E38000079","E63011632","C1","6A1",51.716553,-0.347204,"E37000048","","E23000027",29941,"E56000035","E54000025","E00120445","E01023721","E02004942"
"AL2 2AY","AL2  2AY","AL2 2AY","198001","","E10000015","E58000668","E07000240","E05013960","E04013288","0","514247","0203151","1","E18000006","E40000007","E92000001","E12000006","5","E14001507","E15000006","E24000005","E30000237","E16000150","E07000240","26UGGK","E00120448","26UGGK","E65000001","E01023721","E02004942","5","4A2","E00120448","E01023721","E02004942","E33027479","E38000079","E63011632","C1","6B2",51.715463,-0.347678,"E37000048","","E23000027",29941,"E56000035","E54000025","E00120448","E01023721","E02004942"
"AL2 2AZ","AL2  2AZ","AL2 2AZ","198001","","E10000015","E58000668","E07000240","E05013960","E04013288","0","514189","0203134","1","E18000006","E40000007","E92000001","E12000006","5","E14001507","E15000006","E24000005","E30000237","E16000150","E07000240","26UGGK","E00120448","26UGGK","E65000001","E01023721","E02004942","5","4A2","E00120448","E01023721","E02004942","E33027479","E38000079","E63011632","C1","6B2",51.715322,-0.348522,"E37000048","","E23000027",29941,"E56000035","E54000025","E00120448","E01023721","E02004942"
"AL2 2BA","AL2  2BA","AL2 2BA","198001","","E10000015","E58000668","E07000240","E05013960","E04013288","0","513988","0202988","1","E18000006","E40000007","E92000001","E12000006","5","E14001507","E15000006","E24000005","E30000237","E16000150","E07000240","26UGGK","E00120445","26UGGK","E65000001","E01023721","E02004942","5","4B4","E00120445","E01023721","E02004942","E33027479","E38000079","E63011632","C1","6A1",51.714056,-0.351455,"E37000048","","E23000027",29941,"E56000035","E54000025","E00120445","E01023721","E02004942"
"AL2 2BB","AL2  2BB","AL2 2BB","198001","","E10000015","E58000668","E07000240","E05013960","E04013288","0","513917","0202834","1","E18000006","E40000007","E92000001","E12000006","5","E14001507","E15000006","E24000005","E30000237","E16000150","E07000240","26UGGK","E00120445","26UGGK","E65000001","E01023721","E02004942","5","4B4","E00120445","E01023721","E02004942","E33027479","E38000079","E63011632","C1","6A1",51.712686,-0.352533,"E37000048","","E23000027",29941,"E56000035","E54000025","E00120445","E01023721","E02004942"
"AL2 2BD","AL2  2BD","AL2 2BD","198001","","E10000015","E58000668","E07000240","E05013960","E04013288","0","513977","0202857","1","E18000006","E40000007","E92000001","E12000006","5","E14001507","E15000006","E24000005","E30000237","E16000150","E07000240","26UGGK","E00120448","26UGGK","E65000001","E01023721","E02004942","5","4A2","E00120448","E01023721","E02004942","E33027479","E38000079","E63011632","C1","6B2",51.712880,-0.351657,"E37000048","","E23000027",29941,"E56000035","E54000025","E00120448","E01023721","E02004942"
"AL2 2BE","AL2  2BE","AL2 2BE","198001","","E10000015","E58000668","E07000240","E05013960","E04013288","0","514052","0202987","1","E18000006","E40000007","E92000001","E12000006","5","E14001507","E15000006","E24000005","E30000237","E16000150","E07000240","26UGGK","E00120448","26UGGK","E65000001","E01023721","E02004942","5","4A2","E00120448","E01023721","E02004942","E33027479","E38000079","E63011632","C1","6B2",51.714029,-0.350553,"E37000048","","E23000027",29941,"E56000035","E54000025","E00120448","E01023721","E02004942"
"AL2 2BF","AL2  2BF","AL2 2BF","199405","201208","E10000015","E58000664","E07000240","E05013956","E43000290","1","517328","0206823","1","E18000006","E40000007","E92000001","E12000006","5","E14001507","E15000006","E24000005","E30000237","E16000150","E07000240","26UGFX","E00120196","26UGFX","E65000001","E01023667","E02004936","5","6D1","E00120196","E01023667","E02004936","E33027453","E38000079","E63011552","C1","5A2",51.747828,-0.301865,"E37000048","","E23000027",30628,"E56000035","E54000025","E00120196","E01023667","E02004936"
"AL2 2BG","AL2  2BG","AL2 2BG","198001","","E10000015","E58000668","E07000240","E05013960","E04013288","0","514035","0202857","1","E18000006","E40000007","E92000001","E12000006","5","E14001507","E15000006","E24000005","E30000237","E16000150","E07000240","26UGGK","E00120448","26UGGK","E65000001","E01023721","E02004942","5","4A2","E00120448","E01023721","E02004942","E33027479","E38000079","E63011632","C1","6B2",51.712864,-0.350841,"E37000048","","E23000027",29941,"E56000035","E54000025","E00120448","E01023721","E02004942"
"AL2 2BH","AL2  2BH","AL2 2BH","198001","","E10000015","E58000668","E07000240","E05013960","E04013288","0","514132","0203073","1","E18000006","E40000007","E92000001","E12000006","5","E14001507","E15000006","E24000005","E30000237","E16000150","E07000240","26UGGK","E00120448","26UGGK","E65000001","E01023721","E02004942","5","4A2","E00120448","E01023721","E02004942","E33027479","E38000079","E63011632","C1","6B2",51.714785,-0.349367,"E37000048","","E23000027",29941,"E56000035","E54000025","E00120448","E01023721","E02004942"
"AL2 2BJ","AL2  2BJ","AL2 2BJ","198001","","E10000015","E58000668","E07000240","E05013960","E04013288","0","514192","0203070","1","E18000006","E40000007","E92000001","E12000006","5","E14001507","E15000006","E24000005","E30000237","E16000150","E07000240","26UGGK","E00120448","26UGGK","E65000001","E01023721","E02004942","5","4A2","E00120448","E01023721","E02004942","E33027479","E38000079","E63011632","C1","6B2",51.714746,-0.348500,"E37000048","","E23000027",29941,"E56000035","E54000025","E00120448","E01023721","E02004942"
"AL2 2BL","AL2  2BL","AL2 2BL","199007","","E10000015","E58000668","E07000240","E05013960","E04013288","0","513970","0203120","1","E18000006","E40000007","E92000001","E12000006","5","E14001507","E15000006","E24000005","E30000237","E16000150","E07000240","26UGGK","E00120445","26UGGK","E65000001","E01023721","E02004942","5","4B4","E00120445","E01023721","E02004942","E33027479","E38000079","E63011632","C1","6A1",51.715241,-0.351696,"E37000048","","E23000027",29941,"E56000035","E54000025","E00120445","E01023721","E02004942"
"AL2 2BN","AL2  2BN","AL2 2BN","199912","","E10000015","E58000668","E07000240","E05013960","E04013288","0","514316","0203247","1","E18000006","E40000007","E92000001","E12000006","5","E14001507","E15000006","E24000005","E30000237","E16000150","E07000240","26UGGK","E00120448","26UGGK","E65000001","E01023721","E02004942","5","4A2","E00120448","E01023721","E02004942","E33027479","E38000079","E63011632","C1","6B2",51.716312,-0.346648,"E37000048","","E23000027",29941,"E56000035","E54000025","E00120448","E01023721","E02004942"
"AL2 2BP","AL2  2BP","AL2 2BP","199612","200806","E10000015","E58000664","E07000240","E05013956","E43000290","1","517328","0206823","1","E18000006","E40000007","E92000001","E12000006","5","E14001507","E15000006","E24000005","E30000237","E16000150","E07000240","26UGFX","E00120196","26UGFX","E65000001","E01023667","E02004936","5","6D1","E00120196","E01023667","E02004936","E33027453","E38000079","E63011552","C1","5A2",51.747828,-0.301865,"E37000048","","E23000027",30628,"E56000035","E54000025","E00120196","E01023667","E02004936"
"AL2 2BQ","AL2  2BQ","AL2 2BQ","198001","","E10000015","E58000668","E07000240","E05013960","E04013288","0","514126","0202976","1","E18000006","E40000007","E92000001","E12000006","5","E14001507","E15000006","E24000005","E30000237","E16000150","E07000240","26UGGK","E00120448","26UGGK","E65000001","E01023721","E02004942","5","4A2","E00120448","E01023721","E02004942","E33027479","E38000079","E63011632","C1","6B2",51.713915,-0.349486,"E37000048","","E23000027",29941,"E56000035","E54000025","E00120448","E01023721","E02004942"
"AL2 2BS","AL2  2BS","AL2 2BS","199512","199706","E10000015","E58000668","E07000240","E05013960","E04013288","1","513983","0202985","8","E18000006","E40000007","E92000001","E12000006","5","E14001507","E15000006","E24000005","E30000237","E16000150","E07000240","26UGGK","E00120445","26UGGK","E65000001","E01023721","E02004942","5","4B4","E00120445","E01023721","E02004942","E33027479","E38000079","E63011632","C1","6A1",51.714025,-0.351552,"E37000048","","E23000027",29941,"E56000035","E54000025","E00120445","E01023721","E02004942"
"AL2 2BT","AL2  2BT","AL2 2BT","199706","199812","E10000015","E58000668","E07000240","E05013960","E04013288","1","514403","0203686","6","E18000006","E40000007","E92000001","E12000006","5","E14001507","E15000006","E24000005","E30000237","E16000150","E07000240","26UGGK","E00120435","26UGGK","E65000001","E01023718","E02004942","5","4A2","E00120435","E01023718","E02004942","E33027480","E38000079","E63011632","C1","5A2",51.720239,-0.345245,"E37000048","","E23000027",27498,"E56000035","E54000025","E00120435","E01023718","E02004942"
"AL2 2BU","AL2  2BU","AL2 2BU","200006","200207","E10000015","E58000664","E07000240","E05013956","E43000290","1","517328","0206823","1","E18000006","E40000007","E92000001","E12000006","5","E14001507","E15000006","E24000005","E30000237","E16000150","E07000240","26UGFX","E00120196","26UGFX","E65000001","E01023667","E02004936","5","6D1","E00120196","E01023667","E02004936","E33027453","E38000079","E63011552","C1","5A2",51.747828,-0.301865,"E37000048","","E23000027",30628,"E56000035","E54000025","E00120196","E01023667","E02004936"
"AL2 2BW","AL2  2BW","AL2 2BW","199405","200602","E10000015","E58000664","E07000240","E05013956","E43000290","1","517328","0206823","1","E18000006","E40000007","E92000001","E12000006","5","E14001507","E15000006","E24000005","E30000237","E16000150","E07000240","26UGFX","E00120196","26UGFX","E65000001","E01023667","E02004936","5","6D1","E00120196","E01023667","E02004936","E33027453","E38000079","E63011552","C1","5A2",51.747828,-0.301865,"E37000048","","E23000027",30628,"E56000035","E54000025","E00120196","E01023667","E02004936"
"AL2 2BX","AL2  2BX","AL2 2BX","200106","200602","E10000015","E58000664","E07000240","E05013956","E43000290","1","517328","0206823","1","E18000006","E40000007","E92000001","E12000006","5","E14001507","E15000006","E24000005","E30000237","E16000150","E07000240","26UGFX","E00120196","26UGFX","E65000001","E01023667","E02004936","5","6D1","E00120196","E01023667","E02004936","E33027453","E38000079","E63011552","C1","5A2",51.747828,-0.301865,"E37000048","","E23000027",30628,"E56000035","E54000025","E00120196","E01023667","E02004936"
"AL2 2BY","AL2  2BY","AL2 2BY","200107","200110","E10000015","E58000664","E07000240","E05013956","E43000290","1","517328","0206823","1","E18000006","E40000007","E92000001","E12000006","5","E14001507","E15000006","E24000005","E30000237","E16000150","E07000240","26UGFX","E00120196","26UGFX","E65000001","E01023667","E02004936","5","6D1","E00120196","E01023667","E02004936","E33027453","E38000079","E63011552","C1","5A2",51.747828,-0.301865,"E37000048","","E23000027",30628,"E56000035","E54000025","E00120196","E01023667","E02004936"
"AL2 2BZ","AL2  2BZ","AL2 2BZ","199706","200408","E10000015","E58000664","E07000240","E05013956","E43000290","1","517328","0206823","1","E18000006","E40000007","E92000001","E12000006","5","E14001507","E15000006","E24000005","E30000237","E16000150","E07000240","26UGFX","E00120196","26UGFX","E65000001","E01023667","E02004936","5","6D1","E00120196","E01023667","E02004936","E33027453","E38000079","E63011552","C1","5A2",51.747828,-0.301865,"E37000048","","E23000027",30628,"E56000035","E54000025","E00120196","E01023667","E02004936"
"AL2 2DA","AL2  2DA","AL2 2DA","199412","","E10000015","E58000664","E07000240","E05013956","E43000290","1","517321","0206803","1","E18000006","E40000007","E92000001","E12000006","5","E14001507","E15000006","E24000005","E30000237","E16000150","E07000240","26UGFX","E00120196","26UGFX","E65000001","E01023667","E02004936","5","6D1","E00120196","E01023667","E02004936","E33027453","E38000079","E63011552","C1","5A2",51.747650,-0.301973,"E37000048","","E23000027",30628,"E56000035","E54000025","E00120196","E01023667","E02004936"
"AL2 2DB","AL2  2DB","AL2 2DB","199007","","E10000015","E58000668","E07000240","E05013960","E04013288","0","515730","0202640","1","E18000006","E40000007","E92000001","E12000006","5","E14001507","E15000006","E24000005","E30000237","E16000150","E07000240","26UGGK","E00120446","26UGGK","E65000001","E01023720","E02004942","5","6B2","E00120446","E01023720","E02004942","E33024318","E38000079","E63011661","C1","5B2",51.710572,-0.326368,"E37000048","","E23000027",15513,"E56000035","E54000025","E00189391","E01023720","E02004942"
"AL2 2DD","AL2  2DD","AL2 2DD","200303","","E10000015","E58000668","E07000240","E05013960","E04013288","0","515207","0203646","1","E18000006","E40000007","E92000001","E12000006","5","E14001507","E15000006","E24000005","E30000237","E16000150","E07000240","26UGGK","E00120436","26UGGK","E65000001","E01023720","E02004942","5","2B1","E00169679","E01023720","E02004942","E33027481","E38000079","E63011623","C1","4A1",51.719721,-0.333601,"E37000048","","E23000027",15513,"E56000035","E54000025","E00169679","E01023720","E02004942"
"AL2 2DE","AL2  2DE","AL2 2DE","199412","199501","E10000015","E58000668","E07000240","E05013960","E04013288","1","515900","0202100","8","E18000006","E40000007","E92000001","E12000006","5","E14001507","E15000006","E24000005","E30000237","E16000150","E07000240","26UGGK","E00120446","26UGGK","E65000001","E01023720","E02004942","5","6B2","E00120446","E01023720","E02004942","E33024321","E38000079","","C1","5B2",51.705678,-0.324111,"E37000048","","E23000027",15513,"E56000035","E54000025","E00189391","E01023720","E02004942"
"AL2 2DF","AL2  2DF","AL2 2DF","199501","199906","E10000015","E58000668","E07000240","E05013960","E04013288","1","514403","0203686","6","E18000006","E40000007","E92000001","E12000006","5","E14001507","E15000006","E24000005","E30000237","E16000150","E07000240","26UGGK","E00120435","26UGGK","E65000001","E01023718","E02004942","5","4A2","E00120435","E01023718","E02004942","E33027480","E38000079","E63011632","C1","5A2",51.720239,-0.345245,"E37000048","","E23000027",27498,"E56000035","E54000025","E00120435","E01023718","E02004942"
"AL2 2DG","AL2  2DG","AL2 2DG","199501","200112","E10000015","E58000664","E07000240","E05013956","E43000290","1","517328","0206823","1","E18000006","E40000007","E92000001","E12000006","5","E14001507","E15000006","E24000005","E30000237","E16000150","E07000240","26UGFX","E00120196","26UGFX","E65000001","E01023667","E02004936","5","6D1","E00120196","E01023667","E02004936","E33027453","E38000079","E63011552","C1","5A2",51.747828,-0.301865,"E37000048","","E23000027",30628,"E56000035","E54000025","E00120196","E01023667","E02004936"
"AL2 2DH","AL2  2DH","AL2 2DH","199507","200602","E10000015","E58000664","E07000240","E05013956","E43000290","1","517328","0206823","1","E18000006","E40000007","E92000001","E12000006","5","E14001507","E15000006","E24000005","E30000237","E16000150","E07000240","26UGFX","E00120196","26UGFX","E65000001","E01023667","E02004936","5","6D1","E00120196","E01023667","E02004936","E33027453","E38000079","E63011552","C1","5A2",51.747828,-0.301865,"E37000048","","E23000027",30628,"E56000035","E54000025","E00120196","E01023667","E02004936"
"AL2 2DJ","AL2  2DJ","AL2 2DJ","199712","","E10000015","E58000668","E07000240","E05013960","E04013288","0","514362","0203305","1","E18000006","E40000007","E92000001","E12000006","5","E14001507","E15000006","E24000005","E30000237","E16000150","E07000240","26UGGK","E00120443","26UGGK","E65000001","E01023721","E02004942","5","4D2","E00120443","E01023721","E02004942","E33027479","E38000079","E63011632","C1","5A2",51.716823,-0.345963,"E37000048","","E23000027",29941,"E56000035","E54000025","E00120443","E01023721","E02004942"
"AL2 2DL","AL2  2DL","AL2 2DL","200212","","E10000015","E58000668","E07000240","E05013960","E04013288","0","515526","0202441","1","E18000006","E40000007","E92000001","E12000006","5","E14001507","E15000006","E24000005","E30000237","E16000150","E07000240","26UGGK","E00120446","26UGGK","E65000001","E01023720","E02004942","5","6B2","E00120446","E01023720","E02004942","E33024321","E38000079","E63011661","C1","5B2",51.708825,-0.329386,"E37000048","","E23000027",15513,"E56000035","E54000025","E00189391","E01023720","E02004942"
"AL2 2DN","AL2  2DN","AL2 2DN","200112","200408","E10000015","E58000664","E07000240","E05013956","E43000290","1","517328","0206823","1","E18000006","E40000007","E92000001","E12000006","5","E14001507","E15000006","E24000005","E30000237","E16000150","E07000240","26UGFX","E00120196","26UGFX","E65000001","E01023667","E02004936","5","6D1","E00120196","E01023667","E02004936","E33027453","E38000079","E63011552","C1","5A2",51.747828,-0.301865,"E37000048","","E23000027",30628,"E56000035","E54000025","E00120196","E01023667","E02004936"
"AL2 2DP","AL2  2DP","AL2 2DP","198001","","E10000015","E58000668","E07000240","E05013960","E04013288","0","513759","0204107","1","E18000006","E40000007","E92000001","E12000006","5","E14001507","E15000006","E24000005","E30000237","E16000150","E07000240","26UGGK","E00120441","26UGGK","E65000001","E01023719","E02004942","5","6B2","E00120441","E01023719","E02004942","E33027480","E38000079","E63011632","C1","5B3",51.724154,-0.354426,"E37000048","","E23000027",20555,"E56000035","E54000025","E00120441","E01023719","E02004942"
"AL2 2DQ","AL2  2DQ","AL2 2DQ","200304","","E10000015","E58000668","E07000240","E05013960","E04013288","0","515704","0202178","1","E18000006","E40000007","E92000001","E12000006","5","E14001507","E15000006","E24000005","E30000237","E16000150","E07000240","26UGGK","E00120446","26UGGK","E65000001","E01023720","E02004942","5","6B2","E00120446","E01023720","E02004942","E33024320","E38000079","E63011661","C1","5B2",51.706420,-0.326920,"E37000048","","E23000027",15513,"E56000035","E54000025","E00189391","E01023720","E02004942"
"AL2 2DR","AL2  2DR","AL2 2DR","198001","","E10000015","E58000668","E07000240","E05013960","E04013288","0","515107","0203683","1","E18000006","E40000007","E92000001","E12000006","5","E14001507","E15000006","E24000005","E30000237","E16000150","E07000240","26UGGK","E00120436","26UGGK","E65000001","E01023720","E02004942","5","2B1","E00169675","E01023720","E02004942","E33027481","E38000079","E63011623","C1","5A2",51.720068,-0.335059,"E37000048","","E23000027",15513,"E56000035","E54000025","E00169675","E01023720","E02004942"
"AL2 2DS","AL2  2DS","AL2 2DS","198001","","E10000015","E58000668","E07000240","E05013965","E04013288","0","513428","0203694","1","E18000006","E40000007","E92000001","E12000006","5","E14001507","E15000006","E24000005","E30000237","E16000150","E07000240","26UGGN","E00120511","26UGGN","E65000001","E01023731","E02004943","5","4D2","E00120511","E01023731","E02004943","E33027484","E38000079","E63011632","C1","5B1",51.720509,-0.359351,"E37000048","","E23000027",27377,"E56000035","E54000025","E00120511","E01023731","E02004943"
"AL2 2DU","AL2  2DU","AL2 2DU","198001","","E10000015","E58000668","E07000240","E05013965","E04013288","0","513117","0203614","1","E18000006","E40000007","E92000001","E12000006","5","E14001507","E15000006","E24000005","E30000237","E16000150","E07000240","26UGGN","E00120512","26UGGN","E65000001","E01023732","E02004943","6","3A2","E00120512","E01023732","E02004943","E33024344","E38000079","","F1","1C3",51.719853,-0.363877,"E37000048","","E23000027",24029,"E56000035","E54000025","E00120512","E01023732","E02004943"
"AL2 2DW","AL2  2DW","AL2 2DW","198001","","E10000015","E58000668","E07000240","E05013960","E04013288","0","513805","0204235","1","E18000006","E40000007","E92000001","E12000006","5","E14001507","E15000006","E24000005","E30000237","E16000150","E07000240","26UGGK","E00120455","26UGGK","E65000001","E01023718","E02004942","5","4B2","E00120455","E01023718","E02004942","E33027480","E38000079","E63011632","C1","6A1",51.725295,-0.353719,"E37000048","","E23000027",27498,"E56000035","E54000025","E00120455","E01023718","E02004942"
"AL2 2DX","AL2  2DX","AL2 2DX","198001","199912","E10000015","E58000668","E07000240","E05013960","E04013288","1","515748","0202149","1","E18000006","E40000007","E92000001","E12000006","5","E14001507","E15000006","E24000005","E30000237","E16000150","E07000240","26UGGK","E00120446","26UGGK","E65000001","E01023720","E02004942","5","6B2","E00120446","E01023720","E02004942","E33024320","E38000079","E63011661","C1","5B2",51.706150,-0.326293,"E37000048","","E23000027",15513,"E56000035","E54000025","E00189391","E01023720","E02004942"
"AL2 2DY","AL2  2DY","AL2 2DY","199612","","E10000015","E58000668","E07000240","E05013960","E04013288","0","516419","0202485","1","E18000006","E40000007","E92000001","E12000006","5","E14001507","E15000006","E24000005","E30000237","E16000150","E07000240","26UGGK","E00120446","26UGGK","E65000001","E01023720","E02004942","5","6B2","E00120446","E01023720","E02004942","E33024318","E38000079","","C1","5B2",51.709031,-0.316475,"E37000048","","E23000027",15513,"E56000035","E54000025","E00189391","E01023720","E02004942"
"AL2 2DZ","AL2  2DZ","AL2 2DZ","198001","","E10000015","E58000668","E07000240","E05013960","E04013288","0","515663","0202423","1","E18000006","E40000007","E92000001","E12000006","5","E14001507","E15000006","E24000005","E30000237","E16000150","E07000240","26UGGK","E00120446","26UGGK","E65000001","E01023720","E02004942","5","6B2","E00120446","E01023720","E02004942","E33024321","E38000079","E63011661","C1","5B2",51.708635,-0.327410,"E37000048","","E23000027",15513,"E56000035","E54000025","E00189391","E01023720","E02004942"
"AL2 2EA","AL2  2EA","AL2 2EA","199201","","E10000015","E58000668","E07000240","E05013960","E04013288","0","514010","0203472","1","E18000006","E40000007","E92000001","E12000006","5","E14001507","E15000006","E24000005","E30000237","E16000150","E07000240","26UGGK","E00120443","26UGGK","E65000001","E01023721","E02004942","5","4D2","E00120443","E01023721","E02004942","E33027479","E38000079","E63011632","C1","5A2",51.718396,-0.351002,"E37000048","","E23000027",29941,"E56000035","E54000025","E00120443","E01023721","E02004942"
"AL2 2EB","AL2  2EB","AL2 2EB","198106","","E10000015","E58000668","E07000240","E05013960","E04013288","0","515575","0202335","1","E18000006","E40000007","E92000001","E12000006","5","E14001507","E15000006","E24000005","E30000237","E16000150","E07000240","26UGGK","E00120446","26UGGK","E65000001","E01023720","E02004942","5","6B2","E00120446","E01023720","E02004942","E33024321","E38000079","E63011661","C1","5B2",51.707863,-0.328712,"E37000048","","E23000027",15513,"E56000035","E54000025","E00189391","E01023720","E02004942"
"AL2 2ED","AL2  2ED","AL2 2ED","199507","200103","E10000015","E58000668","E07000240","E05013960","E04013288","1","515459","0202508","1","E18000006","E40000007","E92000001","E12000006","5","E14001507","E15000006","E24000005","E30000237","E16000150","E07000240","26UGGK","E00120446","26UGGK","E65000001","E01023720","E02004942","5","6B2","E00120446","E01023720","E02004942","E33024321","E38000079","E63011661","C1","5B2",51.709436,-0.330355,"E37000048","","E23000027",15513,"E56000035","E54000025","E00189391","E01023720","E02004942"
"AL2 2EE","AL2  2EE","AL2 2EE","198001","199112","E10000015","E58000668","E07000240","E05013960","E04013288","0","515900","0202100","8","E18000006","E40000007","E92000001","E12000006","5","E14001507","E15000006","E24000005","E30000237","E16000150","E07000240","26UGGK","E00120446","26UGGK","E65000001","E01023720","E02004942","5","6B2","E00120446","E01023720","E02004942","E33024321","E38000079","","C1","5B2",51.705678,-0.324111,"E37000048","","E23000027",15513,"E56000035","E54000025","E00189391","E01023720","E02004942"
"AL2 2EF","AL2  2EF","AL2 2EF","198001","199906","E10000015","E58000668","E07000240","E05013960","E04013288","0","516405","0202496","3","E18000006","E40000007","E92000001","E12000006","5","E14001507","E15000006","E24000005","E30000237","E16000150","E07000240","26UGGK","E00120446","26UGGK","E65000001","E01023720","E02004942","5","6B2","E00120446","E01023720","E02004942","E33024318","E38000079","","C1","5B2",51.709133,-0.316674,"E37000048","","E23000027",15513,"E56000035","E54000025","E00189391","E01023720","E02004942"
"AL2 2EG","AL2  2EG","AL2 2EG","199208","199412","E10000015","E58000668","E07000240","E05013960","E04013288","1","516100","0202300","8","E18000006","E40000007","E92000001","E12000006","5","E14001507","E15000006","E24000005","E30000237","E16000150","E07000240","26UGGK","E00120446","26UGGK","E65000001","E01023720","E02004942","5","6B2","E00120446","E01023720","E02004942","E33024321","E38000079","","C1","5B2",51.707435,-0.321151,"E37000048","","E23000027",15513,"E56000035","E54000025","E00189391","E01023720","E02004942"
"AL2 2EH","AL2  2EH","AL2 2EH","198001","200908","E10000015","E58000668","E07000240","E05013960","E04013288","0","515707","0201891","1","E18000006","E40000007","E92000001","E12000006","5","E14001507","E15000006","E24000005","E30000237","E16000150","E07000240","26UGGK","E00120446","26UGGK","E65000001","E01023720","E02004942","5","6B2","E00120446","E01023720","E02004942","E33024320","E38000079","E63011661","C1","5B2",51.703840,-0.326972,"E37000048","","E23000027",15513,"E56000035","E54000025","E00189391","E01023720","E02004942"
"AL2 2EJ","AL2  2EJ","AL2 2EJ","198001","","E10000015","E58000674","E07000098","E05012178","E04013250","0","515725","0201738","1","E18000006","E40000007","E92000001","E12000006","5","E14001284","E15000006","E24000005","E30000234","E16000150","E07000098","26UEFY","E00119497","26UEFY","E65000001","E01023526","E02004900","8","4B3","E00119497","E01023526","E02004900","E33027286","E38000079","","D1","6A1",51.702461,-0.326762,"E37000048","","E23000027",31916,"E56000035","E54000025","E00119497","E01023526","E02004900"
"AL2 2EL","AL2  2EL","AL2 2EL","198001","","E10000015","E58000668","E07000240","E05013960","E04013288","0","515376","0202517","1","E18000006","E40000007","E92000001","E12000006","5","E14001507","E15000006","E24000005","E30000237","E16000150","E07000240","26UGGK","E00120446","26UGGK","E65000001","E01023720","E02004942","5","6B2","E00120446","E01023720","E02004942","E33024320","E38000079","E63011661","C1","5B2",51.709534,-0.331553,"E37000048","","E23000027",15513,"E56000035","E54000025","E00189391","E01023720","E02004942"
"AL2 2EN","AL2  2EN","AL2 2EN","198001","","E10000015","E58000668","E07000240","E05013960","E04013288","0","515506","0202171","1","E18000006","E40000007","E92000001","E12000006","5","E14001507","E15000006","E24000005","E30000237","E16000150","E07000240","26UGGK","E00120446","26UGGK","E65000001","E01023720","E02004942","5","6B2","E00120446","E01023720","E02004942","E33024320","E38000079","E63011661","C1","5B2",51.706398,-0.329786,"E37000048","","E23000027",15513,"E56000035","E54000025","E00189391","E01023720","E02004942"
"AL2 2EP","AL2  2EP","AL2 2EP","198001","199912","E10000015","E58000668","E07000240","E05013960","E04013288","1","515729","0202040","1","E18000006","E40000007","E92000001","E12000006","5","E14001507","E15000006","E24000005","E30000237","E16000150","E07000240","26UGGK","E00120446","26UGGK","E65000001","E01023720","E02004942","5","6B2","E00120446","E01023720","E02004942","E33024320","E38000079","E63011661","C1","5B2",51.705174,-0.326604,"E37000048","","E23000027",15513,"E56000035","E54000025","E00189391","E01023720","E02004942"
"AL2 2EQ","AL2  2EQ","AL2 2EQ","198001","199405","E10000015","E58000668","E07000240","E05013960","E04013288","1","515700","0202200","8","E18000006","E40000007","E92000001","E12000006","5","E14001507","E15000006","E24000005","E30000237","E16000150","E07000240","26UGGK","E00120446","26UGGK","E65000001","E01023720","E02004942","5","6B2","E00120446","E01023720","E02004942","E33024320","E38000079","E63011661","C1","5B2",51.706618,-0.326971,"E37000048","","E23000027",15513,"E56000035","E54000025","E00189391","E01023720","E02004942"
"AL2 2ER","AL2  2ER","AL2 2ER","198001","200309","E10000015","E58000668","E07000240","E05013960","E04013288","1","515729","0202040","1","E18000006","E40000007","E92000001","E12000006","5","E14001507","E15000006","E24000005","E30000237","E16000150","E07000240","26UGGK","E00120446","26UGGK","E65000001","E01023720","E02004942","5","6B2","E00120446","E01023720","E02004942","E33024320","E38000079","E63011661","C1","5B2",51.705174,-0.326604,"E37000048","","E23000027",15513,"E56000035","E54000025","E00189391","E01023720","E02004942"
"AL2 2ES","AL2  2ES","AL2 2ES","200902","","E10000015","E58000668","E07000240","E05013960","E04013288","0","514806","0204886","1","E18000006","E40000007","E92000001","E12000006","5","E14001507","E15000006","E24000005","E30000237","E16000150","E07000240","26UGGK","E00120454","26UGGK","E65000001","E01023718","E02004942","5","4B3","E00120454","E01023718","E02004942","E33027480","E38000079","E63011623","C1","6A4",51.730947,-0.338995,"E37000048","","E23000027",27498,"E56000035","E54000025","E00120454","E01023718","E02004942"
"AL2 2ET","AL2  2ET","AL2 2ET","198001","","E10000015","E58000668","E07000240","E05013960","E04013288","0","515710","0204663","1","E18000006","E40000007","E92000001","E12000006","5","E14001507","E15000006","E24000005","E30000237","E16000150","E07000240","26UGGK","E00120435","26UGGK","E65000001","E01023718","E02004942","5","4A2","E00120435","E01023718","E02004942","E33027480","E38000079","","C1","5A2",51.728757,-0.325986,"E37000048","","E23000027",27498,"E56000035","E54000025","E00120435","E01023718","E02004942"
"AL2 2EU","AL2  2EU","AL2 2EU","198001","199112","E10000015","E58000649","E07000240","E05013957","E04013285","0","517600","0205000","8","E18000006","E40000007","E92000001","E12000006","5","E14001507","E15000006","E24000005","E30000237","E16000150","E07000240","26UGGG","E00120383","26UGGG","E65000001","E01023705","E02004941","5","7A2","E00120383","E01023705","E02004941","E33027477","E38000079","","C1","4A1",51.731388,-0.298542,"E37000048","","E23000027",14738,"E56000035","E54000025","E00120383","E01023705","E02004941"
"AL2 2EW","AL2  2EW","AL2 2EW","199612","","E10000015","E58000668","E07000240","E05013960","E04013288","0","515072","0203456","1","E18000006","E40000007","E92000001","E12000006","5","E14001507","E15000006","E24000005","E30000237","E16000150","E07000240","26UGGK","E00120444","26UGGK","E65000001","E01023720","E02004942","5","6B2","E00120444","E01023720","E02004942","E33027481","E38000079","E63011623","C1","5B3",51.718041,-0.335618,"E37000048","","E23000027",15513,"E56000035","E54000025","E00120444","E01023720","E02004942"
"AL2 2EX","AL2  2EX","AL2 2EX","198001","","E10000015","E58000666","E07000240","E05013963","E43000290","0","515469","0204743","1","E18000006","E40000007","E92000001","E12000006","5","E14001507","E15000006","E24000005","E30000237","E16000150","E07000240","26UGGQ","E00120558","26UGGQ","E65000001","E01023738","E02004940","5","1C1","E00120558","E01023738","E02004940","E33027473","E38000079","","C1","8D2",51.729526,-0.329447,"E37000048","","E23000027",9980,"E56000035","E54000025","E00120558","E01023738","E02004940"
"AL2 2EY","AL2  2EY","AL2 2EY","199308","199806","E10000015","E58000668","E07000240","E05013960","E04013288","1","514338","0203616","6","E18000006","E40000007","E92000001","E12000006","5","E14001507","E15000006","E24000005","E30000237","E16000150","E07000240","26UGGK","E00120435","26UGGK","E65000001","E01023718","E02004942","5","4A2","E00120435","E01023718","E02004942","E33027480","E38000079","E63011632","C1","5A2",51.719623,-0.346209,"E37000048","","E23000027",27498,"E56000035","E54000025","E00120435","E01023718","E02004942"
"AL2 2EZ","AL2  2EZ","AL2 2EZ","200611","","E10000015","E58000668","E07000240","E05013960","E04013288","0","514852","0203969","1","E18000006","E40000007","E92000001","E12000006","5","E14001507","E15000006","E24000005","E30000237","E16000150","E07000240","26UGGK","E00120456","26UGGK","E65000001","E01023720","E02004942","5","7A2","E00120456","E01023720","E02004942","E33027479","E38000079","E63011623","C1","4A3",51.722691,-0.338655,"E37000048","","E23000027",15513,"E56000035","E54000025","E00120456","E01023720","E02004942"
"AL2 2FA","AL2  2FA","AL2 2FA","201807","","E10000015","E58000668","E07000240","E05013960","E04013288","0","515146","0203179","1","E18000006","E40000007","E92000001","E12000006","5","E14001507","E15000006","E24000005","E30000237","E16000150","E07000240","26UGGK","E00120444","26UGGK","E65000001","E01023720","E02004942","5","6B2","E00120444","E01023720","E02004942","E33027481","E38000079","E63011623","C1","5B3",51.715536,-0.334639,"E37000048","","E23000027",15513,"E56000035","E54000025","E00120444","E01023720","E02004942"
"AL2 2FB","AL2  2FB","AL2 2FB","200810","","E10000015","E58000668","E07000240","E05013960","E04013288","0","515112","0203524","1","E18000006","E40000007","E92000001","E12000006","5","E14001507","E15000006","E24000005","E30000237","E16000150","E07000240","26UGGK","E00120436","26UGGK","E65000001","E01023720","E02004942","5","2B1","E00169675","E01023720","E02004942","E33027481","E38000079","E63011623","C1","5A2",51.718638,-0.335039,"E37000048","","E23000027",15513,"E56000035","E54000025","E00169675","E01023720","E02004942"
"AL2 2FD","AL2  2FD","AL2 2FD","200810","","E10000015","E58000668","E07000240","E05013960","E04013288","0","515177","0203497","1","E18000006","E40000007","E92000001","E12000006","5","E14001507","E15000006","E24000005","E30000237","E16000150","E07000240","26UGGK","E00120436","26UGGK","E65000001","E01023720","E02004942","5","2B1","E00169679","E01023720","E02004942","E33027481","E38000079","E63011623","C1","4A1",51.718388,-0.334085,"E37000048","","E23000027",15513,"E56000035","E54000025","E00169679","E01023720","E02004942"
"AL2 2FE","AL2  2FE","AL2 2FE","200907","","E10000015","E58000668","E07000240","E05013960","E04013288","0","515268","0203469","1","E18000006","E40000007","E92000001","E12000006","5","E14001507","E15000006","E24000005","E30000237","E16000150","E07000240","26UGGK","E00120436","26UGGK","E65000001","E01023720","E02004942","5","2B1","E00169675","E01023720","E02004942","E33027481","E38000079","E63011623","C1","5A2",51.718117,-0.332777,"E37000048","","E23000027",15513,"E56000035","E54000025","E00169675","E01023720","E02004942"
"AL2 2FF","AL2  2FF","AL2 2FF","200902","","E10000015","E58000668","E07000240","E05013960","E04013288","0","515195","0203420","1","E18000006","E40000007","E92000001","E12000006","5","E14001507","E15000006","E24000005","E30000237","E16000150","E07000240","26UGGK","E00120436","26UGGK","E65000001","E01023720","E02004942","5","2B1","E00169675","E01023720","E02004942","E33027481","E38000079","E63011623","C1","5A2",51.717687,-0.333873,"E37000048","","E23000027",15513,"E56000035","E54000025","E00169675","E01023720","E02004942"
"AL2 2FG","AL2  2FG","AL2 2FG","200907","","E10000015","E58000668","E07000240","E05013960","E04013288","0","515231","0203456","1","E18000006","E40000007","E92000001","E12000006","5","E14001507","E15000006","E24000005","E30000237","E16000150","E07000240","26UGGK","E00120436","26UGGK","E65000001","E01023720","E02004942","5","2B1","E00169675","E01023720","E02004942","E33027481","E38000079","E63011623","C1","5A2",51.718003,-0.333340,"E37000048","","E23000027",15513,"E56000035","E54000025","E00169675","E01023720","E02004942"
"AL2 2FH","AL2  2FH","AL2 2FH","200810","","E10000015","E58000668","E07000240","E05013960","E04013288","0","515165","0203571","1","E18000006","E40000007","E92000001","E12000006","5","E14001507","E15000006","E24000005","E30000237","E16000150","E07000240","26UGGK","E00120436","26UGGK","E65000001","E01023720","E02004942","5","2B1","E00169679","E01023720","E02004942","E33027481","E38000079","E63011623","C1","4A1",51.719055,-0.334234,"E37000048","","E23000027",15513,"E56000035","E54000025","E00169679","E01023720","E02004942"
"AL2 2FJ","AL2  2FJ","AL2 2FJ","200910","","E10000015","E58000668","E07000240","E05013960","E04013288","0","514270","0203793","1","E18000006","E40000007","E92000001","E12000006","5","E14001507","E15000006","E24000005","E30000237","E16000150","E07000240","26UGGK","E00120437","26UGGK","E65000001","E01023718","E02004942","5","4B1","E00120437","E01023718","E02004942","E33027480","E38000079","E63011632","C1","6A1",51.721228,-0.347135,"E37000048","","E23000027",27498,"E56000035","E54000025","E00120437","E01023718","E02004942"
"AL2 2FL","AL2  2FL","AL2 2FL","200902","","E10000015","E58000668","E07000240","E05013960","E04013288","0","515715","0202040","1","E18000006","E40000007","E92000001","E12000006","5","E14001507","E15000006","E24000005","E30000237","E16000150","E07000240","26UGGK","E00120446","26UGGK","E65000001","E01023720","E02004942","5","6B2","E00120446","E01023720","E02004942","E33024320","E38000079","E63011661","C1","5B2",51.705177,-0.326807,"E37000048","","E23000027",15513,"E56000035","E54000025","E00189391","E01023720","E02004942"
"AL2 2FN","AL2  2FN","AL2 2FN","201202","","E10000015","E58000668","E07000240","E05013960","E04013288","0","513930","0203756","1","E18000006","E40000007","E92000001","E12000006","5","E14001507","E15000006","E24000005","E30000237","E16000150","E07000240","26UGGK","E00120438","26UGGK","E65000001","E01023719","E02004942","5","5B1","E00120438","E01023719","E02004942","E33027480","E38000079","E63011632","C1","5A3",51.720965,-0.352067,"E37000048","","E23000027",20555,"E56000035","E54000025","E00120438","E01023719","E02004942"
"AL2 2FP","AL2  2FP","AL2 2FP","202108","","E10000015","E58000668","E07000240","E05013960","E04013288","0","514962","0203624","1","E18000006","E40000007","E92000001","E12000006","5","E14001507","E15000006","E24000005","E30000237","E16000150","E07000240","26UGGK","E00120444","26UGGK","E65000001","E01023720","E02004942","5","6B2","E00120444","E01023720","E02004942","E33027481","E38000079","E63011623","C1","5B3",51.719573,-0.337154,"E37000048","","E23000027",15513,"E56000035","E54000025","E00120444","E01023720","E02004942"
"AL2 2FQ","AL2  2FQ","AL2 2FQ","202309","","E10000015","E58000668","E07000240","E05013960","E04013288","0","513798","0202912","1","E18000006","E40000007","E92000001","E12000006","5","E14001507","E15000006","E24000005","E30000237","E16000150","E07000240","26UGGK","E00120445","26UGGK","E65000001","E01023721","E02004942","5","4B4","E00120445","E01023721","E02004942","E33027479","E38000079","E63011632","C1","6A1",51.713411,-0.354229,"E37000048","","E23000027",29941,"E56000035","E54000025","E00120445","E01023721","E02004942"
"AL2 2FR","AL2  2FR","AL2 2FR","202307","","E10000015","E58000668","E07000240","E05013960","E04013288","0","513763","0203166","1","E18000006","E40000007","E92000001","E12000006","5","E14001507","E15000006","E24000005","E30000237","E16000150","E07000240","26UGGK","E00120447","26UGGK","E65000001","E01023721","E02004942","5","6A2","E00120447","E01023721","E02004942","E33027479","E38000079","E63011632","C1","6B1",51.715701,-0.354652,"E37000048","","E23000027",29941,"E56000035","E54000025","E00120447","E01023721","E02004942"
"AL2 2FS","AL2  2FS","AL2 2FS","202406","","E10000015","E58000668","E07000240","E05013960","E04013288","0","515423","0202329","1","E18000006","E40000007","E92000001","E12000006","5","E14001507","E15000006","E24000005","E30000237","E16000150","E07000240","26UGGK","E00120446","26UGGK","E65000001","E01023720","E02004942","5","6B2","E00120446","E01023720","E02004942","E33024320","E38000079","","C1","5B2",51.707840,-0.330913,"E37000048","","E23000027",15513,"E56000035","E54000025","E00189391","E01023720","E02004942"
"AL2 2GA","AL2  2GA","AL2 2GA","199612","200006","E10000015","E58000668","E07000240","E05013960","E04013288","1","514403","0203686","6","E18000006","E40000007","E92000001","E12000006","5","E14001507","E15000006","E24000005","E30000237","E16000150","E07000240","26UGGK","E00120435","26UGGK","E65000001","E01023718","E02004942","5","4A2","E00120435","E01023718","E02004942","E33027480","E38000079","E63011632","C1","5A2",51.720239,-0.345245,"E37000048","","E23000027",27498,"E56000035","E54000025","E00120435","E01023718","E02004942"
"AL2 2GP","AL2  2GP","AL2 2GP","199606","200006","E10000015","E58000668","E07000240","E05013960","E04013288","1","514403","0203686","6","E18000006","E40000007","E92000001","E12000006","5","E14001507","E15000006","E24000005","E30000237","E16000150","E07000240","26UGGK","E00120435","26UGGK","E65000001","E01023718","E02004942","5","4A2","E00120435","E01023718","E02004942","E33027480","E38000079","E63011632","C1","5A2",51.720239,-0.345245,"E37000048","","E23000027",27498,"E56000035","E54000025","E00120435","E01023718","E02004942"
"AL2 2GZ","AL2  2GZ","AL2 2GZ","200006","","E10000015","E58000668","E07000240","E05013960","E04013288","0","514040","0203477","1","E18000006","E40000007","E92000001","E12000006","5","E14001507","E15000006","E24000005","E30000237","E16000150","E07000240","26UGGK","E00120443","26UGGK","E65000001","E01023721","E02004942","5","4D2","E00120443","E01023721","E02004942","E33027479","E38000079","E63011632","C1","5A2",51.718435,-0.350566,"E37000048","","E23000027",29941,"E56000035","E54000025","E00120443","E01023721","E02004942"
"AL2 2HA","AL2  2HA","AL2 2HA","199606","200207","E10000015","E58000668","E07000240","E05013960","E04013288","1","515508","0202139","1","E18000006","E40000007","E92000001","E12000006","5","E14001507","E15000006","E24000005","E30000237","E16000150","E07000240","26UGGK","E00120446","26UGGK","E65000001","E01023720","E02004942","5","6B2","E00120446","E01023720","E02004942","E33024320","E38000079","E63011661","C1","5B2",51.706110,-0.329768,"E37000048","","E23000027",15513,"E56000035","E54000025","E00189391","E01023720","E02004942"
"AL2 2HB","AL2  2HB","AL2 2HB","200309","200611","E10000015","E58000668","E07000240","E05013960","E04013288","1","514853","0203970","1","E18000006","E40000007","E92000001","E12000006","5","E14001507","E15000006","E24000005","E30000237","E16000150","E07000240","26UGGK","E00120456","26UGGK","E65000001","E01023720","E02004942","5","7A2","E00120456","E01023720","E02004942","E33027479","E38000079","E63011623","C1","4A3",51.722700,-0.338640,"E37000048","","E23000027",15513,"E56000035","E54000025","E00120456","E01023720","E02004942"
"AL2 2HD","AL2  2HD","AL2 2HD","198001","","E10000015","E58000668","E07000240","E05013960","E04013288","0","513909","0204217","1","E18000006","E40000007","E92000001","E12000006","5","E14001507","E15000006","E24000005","E30000237","E16000150","E07000240","26UGGK","E00120455","26UGGK","E65000001","E01023718","E02004942","5","4B2","E00120455","E01023718","E02004942","E33027480","E38000079","E63011632","C1","6A1",51.725112,-0.352220,"E37000048","","E23000027",27498,"E56000035","E54000025","E00120455","E01023718","E02004942"
"AL2 2HE","AL2  2HE","AL2 2HE","198001","","E10000015","E58000668","E07000240","E05013960","E04013288","0","514074","0204123","1","E18000006","E40000007","E92000001","E12000006","5","E14001507","E15000006","E24000005","E30000237","E16000150","E07000240","26UGGK","E00120435","26UGGK","E65000001","E01023718","E02004942","5","4A2","E00120435","E01023718","E02004942","E33027480","E38000079","E63011632","C1","5A2",51.724234,-0.349863,"E37000048","","E23000027",27498,"E56000035","E54000025","E00120435","E01023718","E02004942"
"AL2 2HF","AL2  2HF","AL2 2HF","198001","","E10000015","E58000668","E07000240","E05013960","E04013288","0","514272","0203982","1","E18000006","E40000007","E92000001","E12000006","5","E14001507","E15000006","E24000005","E30000237","E16000150","E07000240","26UGGK","E00120435","26UGGK","E65000001","E01023718","E02004942","5","4A2","E00120435","E01023718","E02004942","E33027480","E38000079","E63011632","C1","5A2",51.722926,-0.347044,"E37000048","","E23000027",27498,"E56000035","E54000025","E00120435","E01023718","E02004942"
"AL2 2HG","AL2  2HG","AL2 2HG","198001","","E10000015","E58000668","E07000240","E05013960","E04013288","0","513991","0204105","1","E18000006","E40000007","E92000001","E12000006","5","E14001507","E15000006","E24000005","E30000237","E16000150","E07000240","26UGGK","E00120437","26UGGK","E65000001","E01023718","E02004942","5","4B1","E00120437","E01023718","E02004942","E33027480","E38000079","E63011632","C1","6A1",51.724089,-0.351070,"E37000048","","E23000027",27498,"E56000035","E54000025","E00120437","E01023718","E02004942"
"AL2 2HH","AL2  2HH","AL2 2HH","198001","","E10000015","E58000668","E07000240","E05013960","E04013288","0","514057","0204044","1","E18000006","E40000007","E92000001","E12000006","5","E14001507","E15000006","E24000005","E30000237","E16000150","E07000240","26UGGK","E00120437","26UGGK","E65000001","E01023718","E02004942","5","4B1","E00120437","E01023718","E02004942","E33027480","E38000079","E63011632","C1","6A1",51.723527,-0.350135,"E37000048","","E23000027",27498,"E56000035","E54000025","E00120437","E01023718","E02004942"
"AL2 2HJ","AL2  2HJ","AL2 2HJ","198001","","E10000015","E58000668","E07000240","E05013960","E04013288","0","514342","0203908","1","E18000006","E40000007","E92000001","E12000006","5","E14001507","E15000006","E24000005","E30000237","E16000150","E07000240","26UGGK","E00120435","26UGGK","E65000001","E01023718","E02004942","5","4A2","E00120435","E01023718","E02004942","E33027480","E38000079","E63011632","C1","5A2",51.722247,-0.346055,"E37000048","","E23000027",27498,"E56000035","E54000025","E00120435","E01023718","E02004942"
"AL2 2HL","AL2  2HL","AL2 2HL","198001","","E10000015","E58000668","E07000240","E05013960","E04013288","0","514300","0203728","1","E18000006","E40000007","E92000001","E12000006","5","E14001507","E15000006","E24000005","E30000237","E16000150","E07000240","26UGGK","E00120437","26UGGK","E65000001","E01023718","E02004942","5","4B1","E00120437","E01023718","E02004942","E33027480","E38000079","E63011632","C1","6A1",51.720638,-0.346722,"E37000048","","E23000027",27498,"E56000035","E54000025","E00120437","E01023718","E02004942"
"AL2 2HN","AL2  2HN","AL2 2HN","198001","","E10000015","E58000668","E07000240","E05013960","E04013288","0","514137","0203570","1","E18000006","E40000007","E92000001","E12000006","5","E14001507","E15000006","E24000005","E30000237","E16000150","E07000240","26UGGK","E00120439","26UGGK","E65000001","E01023719","E02004942","5","6D2","E00120439","E01023719","E02004942","E33027480","E38000079","E63011632","C1","5A2",51.719251,-0.349132,"E37000048","","E23000027",20555,"E56000035","E54000025","E00120439","E01023719","E02004942"
"AL2 2HP","AL2  2HP","AL2 2HP","198001","","E10000015","E58000668","E07000240","E05013960","E04013288","0","514167","0203394","1","E18000006","E40000007","E92000001","E12000006","5","E14001507","E15000006","E24000005","E30000237","E16000150","E07000240","26UGGK","E00120443","26UGGK","E65000001","E01023721","E02004942","5","4D2","E00120443","E01023721","E02004942","E33027479","E38000079","E63011632","C1","5A2",51.717668,-0.348732,"E37000048","","E23000027",29941,"E56000035","E54000025","E00120443","E01023721","E02004942"
"AL2 2HQ","AL2  2HQ","AL2 2HQ","198001","","E10000015","E58000668","E07000240","E05013960","E04013288","0","514118","0203969","1","E18000006","E40000007","E92000001","E12000006","5","E14001507","E15000006","E24000005","E30000237","E16000150","E07000240","26UGGK","E00120437","26UGGK","E65000001","E01023718","E02004942","5","4B1","E00120437","E01023718","E02004942","E33027480","E38000079","E63011632","C1","6A1",51.722841,-0.349276,"E37000048","","E23000027",27498,"E56000035","E54000025","E00120437","E01023718","E02004942"
"AL2 2HR","AL2  2HR","AL2 2HR","198001","","E10000015","E58000668","E07000240","E05013960","E04013288","0","514207","0203438","1","E18000006","E40000007","E92000001","E12000006","5","E14001507","E15000006","E24000005","E30000237","E16000150","E07000240","26UGGK","E00120443","26UGGK","E65000001","E01023721","E02004942","5","4D2","E00120443","E01023721","E02004942","E33027479","E38000079","E63011632","C1","5A2",51.718055,-0.348139,"E37000048","","E23000027",29941,"E56000035","E54000025","E00120443","E01023721","E02004942"
"AL2 2HS","AL2  2HS","AL2 2HS","198001","","E10000015","E58000668","E07000240","E05013960","E04013288","0","514177","0203546","1","E18000006","E40000007","E92000001","E12000006","5","E14001507","E15000006","E24000005","E30000237","E16000150","E07000240","26UGGK","E00120439","26UGGK","E65000001","E01023719","E02004942","5","6D2","E00120439","E01023719","E02004942","E33027480","E38000079","E63011632","C1","5A2",51.719032,-0.348538,"E37000048","","E23000027",20555,"E56000035","E54000025","E00120439","E01023719","E02004942"
"AL2 2HT","AL2  2HT","AL2 2HT","198001","","E10000015","E58000668","E07000240","E05013960","E04013288","0","514300","0203542","1","E18000006","E40000007","E92000001","E12000006","5","E14001507","E15000006","E24000005","E30000237","E16000150","E07000240","26UGGK","E00120435","26UGGK","E65000001","E01023718","E02004942","5","4A2","E00120435","E01023718","E02004942","E33027480","E38000079","E63011632","C1","5A2",51.718971,-0.346759,"E37000048","","E23000027",27498,"E56000035","E54000025","E00120435","E01023718","E02004942"
"AL2 2HU","AL2  2HU","AL2 2HU","198001","","E10000015","E58000668","E07000240","E05013960","E04013288","0","514403","0203686","1","E18000006","E40000007","E92000001","E12000006","5","E14001507","E15000006","E24000005","E30000237","E16000150","E07000240","26UGGK","E00120435","26UGGK","E65000001","E01023718","E02004942","5","4A2","E00120435","E01023718","E02004942","E33027480","E38000079","E63011632","C1","5A2",51.720239,-0.345245,"E37000048","","E23000027",27498,"E56000035","E54000025","E00120435","E01023718","E02004942"
"AL2 2HW","AL2  2HW","AL2 2HW","198001","","E10000015","E58000668","E07000240","E05013960","E04013288","0","514066","0203503","1","E18000006","E40000007","E92000001","E12000006","5","E14001507","E15000006","E24000005","E30000237","E16000150","E07000240","26UGGK","E00120443","26UGGK","E65000001","E01023721","E02004942","5","4D2","E00120443","E01023721","E02004942","E33027479","E38000079","E63011632","C1","5A2",51.718663,-0.350181,"E37000048","","E23000027",29941,"E56000035","E54000025","E00120443","E01023721","E02004942"
"AL2 2HX","AL2  2HX","AL2 2HX","198001","","E10000015","E58000668","E07000240","E05013960","E04013288","0","514333","0203702","1","E18000006","E40000007","E92000001","E12000006","5","E14001507","E15000006","E24000005","E30000237","E16000150","E07000240","26UGGK","E00120437","26UGGK","E65000001","E01023718","E02004942","5","4B1","E00120437","E01023718","E02004942","E33027480","E38000079","E63011632","C1","6A1",51.720397,-0.346253,"E37000048","","E23000027",27498,"E56000035","E54000025","E00120437","E01023718","E02004942"
"AL2 2HY","AL2  2HY","AL2 2HY","198001","","E10000015","E58000668","E07000240","E05013960","E04013288","0","514435","0203785","1","E18000006","E40000007","E92000001","E12000006","5","E14001507","E15000006","E24000005","E30000237","E16000150","E07000240","26UGGK","E00120437","26UGGK","E65000001","E01023718","E02004942","5","4B1","E00120437","E01023718","E02004942","E33027480","E38000079","E63011632","C1","6A1",51.721123,-0.344750,"E37000048","","E23000027",27498,"E56000035","E54000025","E00120437","E01023718","E02004942"
"AL2 2HZ","AL2  2HZ","AL2 2HZ","198001","","E10000015","E58000668","E07000240","E05013960","E04013288","0","514450","0203837","1","E18000006","E40000007","E92000001","E12000006","5","E14001507","E15000006","E24000005","E30000237","E16000150","E07000240","26UGGK","E00120437","26UGGK","E65000001","E01023718","E02004942","5","4B1","E00120437","E01023718","E02004942","E33027480","E38000079","E63011632","C1","6A1",51.721587,-0.344515,"E37000048","","E23000027",27498,"E56000035","E54000025","E00120437","E01023718","E02004942"
"AL2 2JA","AL2  2JA","AL2 2JA","198001","","E10000015","E58000668","E07000240","E05013960","E04013288","0","514490","0203642","1","E18000006","E40000007","E92000001","E12000006","5","E14001507","E15000006","E24000005","E30000237","E16000150","E07000240","26UGGK","E00120440","26UGGK","E65000001","E01023720","E02004942","5","6D1","E00120440","E01023720","E02004942","E33027479","E38000079","E63011632","C1","5A2",51.719826,-0.344001,"E37000048","","E23000027",15513,"E56000035","E54000025","E00120440","E01023720","E02004942"
"AL2 2JB","AL2  2JB","AL2 2JB","198001","","E10000015","E58000668","E07000240","E05013960","E04013288","0","514508","0203761","1","E18000006","E40000007","E92000001","E12000006","5","E14001507","E15000006","E24000005","E30000237","E16000150","E07000240","26UGGK","E00120435","26UGGK","E65000001","E01023718","E02004942","5","4A2","E00120435","E01023718","E02004942","E33027480","E38000079","E63011632","C1","5A2",51.720892,-0.343701,"E37000048","","E23000027",27498,"E56000035","E54000025","E00120435","E01023718","E02004942"
"AL2 2JD","AL2  2JD","AL2 2JD","198001","","E10000015","E58000668","E07000240","E05013960","E04013288","0","514355","0203569","1","E18000006","E40000007","E92000001","E12000006","5","E14001507","E15000006","E24000005","E30000237","E16000150","E07000240","26UGGK","E00120435","26UGGK","E65000001","E01023718","E02004942","5","4A2","E00120435","E01023718","E02004942","E33027480","E38000079","E63011632","C1","5A2",51.719198,-0.345978,"E37000048","","E23000027",27498,"E56000035","E54000025","E00120435","E01023718","E02004942"
"AL2 2JE","AL2  2JE","AL2 2JE","199606","","E10000015","E58000668","E07000240","E05013960","E04013288","0","514896","0203962","1","E18000006","E40000007","E92000001","E12000006","5","E14001507","E15000006","E24000005","E30000237","E16000150","E07000240","26UGGK","E00120456","26UGGK","E65000001","E01023720","E02004942","5","7A2","E00120456","E01023720","E02004942","E33027479","E38000079","E63011623","C1","4A3",51.722624,-0.337997,"E37000048","","E23000027",15513,"E56000035","E54000025","E00120456","E01023720","E02004942"
"AL2 2JF","AL2  2JF","AL2 2JF","198001","","E10000015","E58000668","E07000240","E05013960","E04013288","0","514361","0203388","1","E18000006","E40000007","E92000001","E12000006","5","E14001507","E15000006","E24000005","E30000237","E16000150","E07000240","26UGGK","E00120443","26UGGK","E65000001","E01023721","E02004942","5","4D2","E00120443","E01023721","E02004942","E33027479","E38000079","E63011632","C1","5A2",51.717570,-0.345951,"E37000048","","E23000027",29941,"E56000035","E54000025","E00120443","E01023721","E02004942"
"AL2 2JG","AL2  2JG","AL2 2JG","198001","","E10000015","E58000668","E07000240","E05013960","E04013288","0","514287","0203370","1","E18000006","E40000007","E92000001","E12000006","5","E14001507","E15000006","E24000005","E30000237","E16000150","E07000240","26UGGK","E00120445","26UGGK","E65000001","E01023721","E02004942","5","4B4","E00120445","E01023721","E02004942","E33027479","E38000079","E63011632","C1","6A1",51.717428,-0.347004,"E37000048","","E23000027",29941,"E56000035","E54000025","E00120445","E01023721","E02004942"
"AL2 2JH","AL2  2JH","AL2 2JH","198001","","E10000015","E58000668","E07000240","E05013960","E04013288","0","514526","0203657","1","E18000006","E40000007","E92000001","E12000006","5","E14001507","E15000006","E24000005","E30000237","E16000150","E07000240","26UGGK","E00120440","26UGGK","E65000001","E01023720","E02004942","5","6D1","E00120440","E01023720","E02004942","E33027479","E38000079","E63011632","C1","5A2",51.719954,-0.343475,"E37000048","","E23000027",15513,"E56000035","E54000025","E00120440","E01023720","E02004942"
"AL2 2JJ","AL2  2JJ","AL2 2JJ","199507","","E10000015","E58000668","E07000240","E05013960","E04013288","0","513998","0202927","1","E18000006","E40000007","E92000001","E12000006","5","E14001507","E15000006","E24000005","E30000237","E16000150","E07000240","26UGGK","E00120445","26UGGK","E65000001","E01023721","E02004942","5","4B4","E00120445","E01023721","E02004942","E33027479","E38000079","E63011632","C1","6A1",51.713500,-0.351354,"E37000048","","E23000027",29941,"E56000035","E54000025","E00120445","E01023721","E02004942"
"AL2 2JL","AL2  2JL","AL2 2JL","199208","","E10000015","E58000668","E07000240","E05013960","E04013288","0","514420","0203407","1","E18000006","E40000007","E92000001","E12000006","5","E14001507","E15000006","E24000005","E30000237","E16000150","E07000240","26UGGK","E00120443","26UGGK","E65000001","E01023721","E02004942","5","4D2","E00120443","E01023721","E02004942","E33027479","E38000079","E63011632","C1","5A2",51.717728,-0.345091,"E37000048","","E23000027",29941,"E56000035","E54000025","E00120443","E01023721","E02004942"
"AL2 2JN","AL2  2JN","AL2 2JN","200303","","E10000015","E58000668","E07000240","E05013960","E04013288","0","514447","0203457","1","E18000006","E40000007","E92000001","E12000006","5","E14001507","E15000006","E24000005","E30000237","E16000150","E07000240","26UGGK","E00120440","26UGGK","E65000001","E01023720","E02004942","5","6D1","E00120440","E01023720","E02004942","E33027479","E38000079","E63011632","C1","5A2",51.718172,-0.344684,"E37000048","","E23000027",15513,"E56000035","E54000025","E00120440","E01023720","E02004942"
"AL2 2JP","AL2  2JP","AL2 2JP","199412","199507","E10000015","E58000668","E07000240","E05013960","E04013288","1","514800","0203800","8","E18000006","E40000007","E92000001","E12000006","5","E14001507","E15000006","E24000005","E30000237","E16000150","E07000240","26UGGK","E00120440","26UGGK","E65000001","E01023720","E02004942","5","6D1","E00120440","E01023720","E02004942","E33027479","E38000079","","C1","5A2",51.721183,-0.339463,"E37000048","","E23000027",15513,"E56000035","E54000025","E00120440","E01023720","E02004942"
"AL2 2JQ","AL2  2JQ","AL2 2JQ","198001","","E10000015","E58000668","E07000240","E05013960","E04013288","0","514347","0203448","1","E18000006","E40000007","E92000001","E12000006","5","E14001507","E15000006","E24000005","E30000237","E16000150","E07000240","26UGGK","E00120443","26UGGK","E65000001","E01023721","E02004942","5","4D2","E00120443","E01023721","E02004942","E33027479","E38000079","E63011632","C1","5A2",51.718112,-0.346133,"E37000048","","E23000027",29941,"E56000035","E54000025","E00120443","E01023721","E02004942"
"AL2 2JR","AL2  2JR","AL2 2JR","198001","","E10000015","E58000668","E07000240","E05013960","E04013288","0","514915","0203781","1","E18000006","E40000007","E92000001","E12000006","5","E14001507","E15000006","E24000005","E30000237","E16000150","E07000240","26UGGK","E00120440","26UGGK","E65000001","E01023720","E02004942","5","6D1","E00120440","E01023720","E02004942","E33027479","E38000079","E63011623","C1","5A2",51.720994,-0.337782,"E37000048","","E23000027",15513,"E56000035","E54000025","E00120440","E01023720","E02004942"
"AL2 2JS","AL2  2JS","AL2 2JS","198001","","E10000015","E58000668","E07000240","E05013960","E04013288","0","515018","0203715","1","E18000006","E40000007","E92000001","E12000006","5","E14001507","E15000006","E24000005","E30000237","E16000150","E07000240","26UGGK","E00120436","26UGGK","E65000001","E01023720","E02004942","5","2B1","E00169675","E01023720","E02004942","E33027481","E38000079","E63011623","C1","5A2",51.720374,-0.336337,"E37000048","","E23000027",15513,"E56000035","E54000025","E00169675","E01023720","E02004942"
"AL2 2JT","AL2  2JT","AL2 2JT","198001","200804","E10000015","E58000668","E07000240","E05013960","E04013288","0","515187","0203396","1","E18000006","E40000007","E92000001","E12000006","5","E14001507","E15000006","E24000005","E30000237","E16000150","E07000240","26UGGK","E00120436","26UGGK","E65000001","E01023720","E02004942","5","2B1","E00169675","E01023720","E02004942","E33027481","E38000079","E63011623","C1","5A2",51.717473,-0.333996,"E37000048","","E23000027",15513,"E56000035","E54000025","E00169675","E01023720","E02004942"
"AL2 2JU","AL2  2JU","AL2 2JU","198001","","E10000015","E58000668","E07000240","E05013960","E04013288","0","515300","0203280","1","E18000006","E40000007","E92000001","E12000006","5","E14001507","E15000006","E24000005","E30000237","E16000150","E07000240","26UGGK","E00120436","26UGGK","E65000001","E01023720","E02004942","5","2B1","E00169675","E01023720","E02004942","E33027481","E38000079","E63011623","C1","5A2",51.716407,-0.332400,"E37000048","","E23000027",15513,"E56000035","E54000025","E00169675","E01023720","E02004942"
"AL2 2JX","AL2  2JX","AL2 2JX","198001","","E10000015","E58000668","E07000240","E05013960","E04013288","0","515228","0203073","1","E18000006","E40000007","E92000001","E12000006","5","E14001507","E15000006","E24000005","E30000237","E16000150","E07000240","26UGGK","E00120444","26UGGK","E65000001","E01023720","E02004942","5","6B2","E00120444","E01023720","E02004942","E33027481","E38000079","E63011623","C1","5B3",51.714561,-0.333510,"E37000048","","E23000027",15513,"E56000035","E54000025","E00120444","E01023720","E02004942"
"AL2 2JY","AL2  2JY","AL2 2JY","198001","","E10000015","E58000668","E07000240","E05013960","E04013288","0","515283","0202952","1","E18000006","E40000007","E92000001","E12000006","5","E14001507","E15000006","E24000005","E30000237","E16000150","E07000240","26UGGK","E00120446","26UGGK","E65000001","E01023720","E02004942","5","6B2","E00120446","E01023720","E02004942","E33024318","E38000079","E63011623","C1","5B2",51.713463,-0.332754,"E37000048","","E23000027",15513,"E56000035","E54000025","E00189391","E01023720","E02004942"
"AL2 2JZ","AL2  2JZ","AL2 2JZ","198001","","E10000015","E58000668","E07000240","E05013960","E04013288","0","515278","0202878","1","E18000006","E40000007","E92000001","E12000006","5","E14001507","E15000006","E24000005","E30000237","E16000150","E07000240","26UGGK","E00120446","26UGGK","E65000001","E01023720","E02004942","5","6B2","E00120446","E01023720","E02004942","E33024318","E38000079","E63011623","C1","5B2",51.712799,-0.332851,"E37000048","","E23000027",15513,"E56000035","E54000025","E00189391","E01023720","E02004942"
"AL2 2LA","AL2  2LA","AL2 2LA","198001","","E10000015","E58000668","E07000240","E05013960","E04013288","0","515329","0202715","1","E18000006","E40000007","E92000001","E12000006","5","E14001507","E15000006","E24000005","E30000237","E16000150","E07000240","26UGGK","E00120446","26UGGK","E65000001","E01023720","E02004942","5","6B2","E00120446","E01023720","E02004942","E33024321","E38000079","E63011623","C1","5B2",51.711328,-0.332145,"E37000048","","E23000027",15513,"E56000035","E54000025","E00189391","E01023720","E02004942"
"AL2 2LB","AL2  2LB","AL2 2LB","198001","","E10000015","E58000668","E07000240","E05013960","E04013288","0","515251","0202806","1","E18000006","E40000007","E92000001","E12000006","5","E14001507","E15000006","E24000005","E30000237","E16000150","E07000240","26UGGK","E00120446","26UGGK","E65000001","E01023720","E02004942","5","6B2","E00120446","E01023720","E02004942","E33024318","E38000079","E63011623","C1","5B2",51.712157,-0.333265,"E37000048","","E23000027",15513,"E56000035","E54000025","E00189428","E01023720","E02004942"
"AL2 2LD","AL2  2LD","AL2 2LD","198001","","E10000015","E58000668","E07000240","E05013960","E04013288","0","515177","0203033","1","E18000006","E40000007","E92000001","E12000006","5","E14001507","E15000006","E24000005","E30000237","E16000150","E07000240","26UGGK","E00120446","26UGGK","E65000001","E01023720","E02004942","5","6B2","E00120446","E01023720","E02004942","E33024318","E38000079","E63011623","C1","5B2",51.714212,-0.334261,"E37000048","","E23000027",15513,"E56000035","E54000025","E00189428","E01023720","E02004942"
"AL2 2LE","AL2  2LE","AL2 2LE","198001","","E10000015","E58000668","E07000240","E05013960","E04013288","0","515134","0203126","1","E18000006","E40000007","E92000001","E12000006","5","E14001507","E15000006","E24000005","E30000237","E16000150","E07000240","26UGGK","E00120446","26UGGK","E65000001","E01023720","E02004942","5","6B2","E00120446","E01023720","E02004942","E33024318","E38000079","E63011623","C1","5B2",51.715062,-0.334830,"E37000048","","E23000027",15513,"E56000035","E54000025","E00189428","E01023720","E02004942"
"AL2 2LF","AL2  2LF","AL2 2LF","198001","","E10000015","E58000668","E07000240","E05013960","E04013288","0","515176","0203217","1","E18000006","E40000007","E92000001","E12000006","5","E14001507","E15000006","E24000005","E30000237","E16000150","E07000240","26UGGK","E00120444","26UGGK","E65000001","E01023720","E02004942","5","6B2","E00120444","E01023720","E02004942","E33027481","E38000079","E63011623","C1","5B3",51.715871,-0.334192,"E37000048","","E23000027",15513,"E56000035","E54000025","E00120444","E01023720","E02004942"
"AL2 2LG","AL2  2LG","AL2 2LG","198001","201103","E10000015","E58000668","E07000240","E05013960","E04013288","0","515127","0203426","1","E18000006","E40000007","E92000001","E12000006","5","E14001507","E15000006","E24000005","E30000237","E16000150","E07000240","26UGGK","E00120436","26UGGK","E65000001","E01023720","E02004942","5","2B1","E00169675","E01023720","E02004942","E33027481","E38000079","E63011623","C1","5A2",51.717755,-0.334855,"E37000048","","E23000027",15513,"E56000035","E54000025","E00169675","E01023720","E02004942"
"AL2 2LH","AL2  2LH","AL2 2LH","198001","","E10000015","E58000668","E07000240","E05013960","E04013288","0","515097","0203474","1","E18000006","E40000007","E92000001","E12000006","5","E14001507","E15000006","E24000005","E30000237","E16000150","E07000240","26UGGK","E00120436","26UGGK","E65000001","E01023720","E02004942","5","2B1","E00169679","E01023720","E02004942","E33027481","E38000079","E63011623","C1","4A1",51.718197,-0.335250,"E37000048","","E23000027",15513,"E56000035","E54000025","E00169679","E01023720","E02004942"
"AL2 2LJ","AL2  2LJ","AL2 2LJ","198504","","E10000015","E58000668","E07000240","E05013965","E04013288","0","513381","0203811","1","E18000006","E40000007","E92000001","E12000006","5","E14001507","E15000006","E24000005","E30000237","E16000150","E07000240","26UGGN","E00120511","26UGGN","E65000001","E01023731","E02004943","5","4D2","E00120511","E01023731","E02004943","E33027484","E38000079","E63011632","C1","5B1",51.721570,-0.359993,"E37000048","","E23000027",27377,"E56000035","E54000025","E00120511","E01023731","E02004943"
"AL2 2LL","AL2  2LL","AL2 2LL","198001","","E10000015","E58000668","E07000240","E05013960","E04013288","0","515026","0203596","1","E18000006","E40000007","E92000001","E12000006","5","E14001507","E15000006","E24000005","E30000237","E16000150","E07000240","26UGGK","E00120436","26UGGK","E65000001","E01023720","E02004942","5","2B1","E00169679","E01023720","E02004942","E33027481","E38000079","E63011623","C1","4A1",51.719308,-0.336237,"E37000048","","E23000027",15513,"E56000035","E54000025","E00169679","E01023720","E02004942"
"AL2 2LN","AL2  2LN","AL2 2LN","198001","","E10000015","E58000668","E07000240","E05013960","E04013288","0","514947","0203488","1","E18000006","E40000007","E92000001","E12000006","5","E14001507","E15000006","E24000005","E30000237","E16000150","E07000240","26UGGK","E00120444","26UGGK","E65000001","E01023720","E02004942","5","6B2","E00120444","E01023720","E02004942","E33027481","E38000079","E63011623","C1","5B3",51.718349,-0.337439,"E37000048","","E23000027",15513,"E56000035","E54000025","E00120444","E01023720","E02004942"
"AL2 2LP","AL2  2LP","AL2 2LP","198001","","E10000015","E58000668","E07000240","E05013960","E04013288","0","514990","0203660","1","E18000006","E40000007","E92000001","E12000006","5","E14001507","E15000006","E24000005","E30000237","E16000150","E07000240","26UGGK","E00120436","26UGGK","E65000001","E01023720","E02004942","5","2B1","E00169675","E01023720","E02004942","E33027481","E38000079","E63011623","C1","5A2",51.719891,-0.336737,"E37000048","","E23000027",15513,"E56000035","E54000025","E00169675","E01023720","E02004942"
"AL2 2LQ","AL2  2LQ","AL2 2LQ","198001","","E10000015","E58000668","E07000240","E05013960","E04013288","0","515103","0203433","1","E18000006","E40000007","E92000001","E12000006","5","E14001507","E15000006","E24000005","E30000237","E16000150","E07000240","26UGGK","E00120436","26UGGK","E65000001","E01023720","E02004942","5","2B1","E00169675","E01023720","E02004942","E33027481","E38000079","E63011623","C1","5A2",51.717822,-0.335200,"E37000048","","E23000027",15513,"E56000035","E54000025","E00169675","E01023720","E02004942"
"AL2 2LR","AL2  2LR","AL2 2LR","198001","","E10000015","E58000668","E07000240","E05013960","E04013288","1","514951","0203713","1","E18000006","E40000007","E92000001","E12000006","5","E14001507","E15000006","E24000005","E30000237","E16000150","E07000240","26UGGK","E00120440","26UGGK","E65000001","E01023720","E02004942","5","6D1","E00120440","E01023720","E02004942","E33027479","E38000079","E63011623","C1","5A2",51.720375,-0.337283,"E37000048","","E23000027",15513,"E56000035","E54000025","E00120440","E01023720","E02004942"
"AL2 2LS","AL2  2LS","AL2 2LS","198001","","E10000015","E58000668","E07000240","E05013960","E04013288","0","515051","0203533","1","E18000006","E40000007","E92000001","E12000006","5","E14001507","E15000006","E24000005","E30000237","E16000150","E07000240","26UGGK","E00120436","26UGGK","E65000001","E01023720","E02004942","5","2B1","E00169679","E01023720","E02004942","E33027481","E38000079","E63011623","C1","4A1",51.718737,-0.335896,"E37000048","","E23000027",15513,"E56000035","E54000025","E00169679","E01023720","E02004942"
"AL2 2LT","AL2  2LT","AL2 2LT","199612","199708","E10000015","E58000668","E07000240","E05013960","E04013288","1","514955","0203637","8","E18000006","E40000007","E92000001","E12000006","5","E14001507","E15000006","E24000005","E30000237","E16000150","E07000240","26UGGK","E00120436","26UGGK","E65000001","E01023720","E02004942","5","2B1","E00169675","E01023720","E02004942","E33027481","E38000079","E63011623","C1","5A2",51.719686,-0.337274,"E37000048","","E23000027",15513,"E56000035","E54000025","E00169675","E01023720","E02004942"
"AL2 2LU","AL2  2LU","AL2 2LU","198001","","E10000015","E58000668","E07000240","E05013960","E04013288","0","514866","0203735","1","E18000006","E40000007","E92000001","E12000006","5","E14001507","E15000006","E24000005","E30000237","E16000150","E07000240","26UGGK","E00120440","26UGGK","E65000001","E01023720","E02004942","5","6D1","E00120440","E01023720","E02004942","E33027479","E38000079","E63011623","C1","5A2",51.720585,-0.338529,"E37000048","","E23000027",15513,"E56000035","E54000025","E00120440","E01023720","E02004942"
"AL2 2LW","AL2  2LW","AL2 2LW","198001","","E10000015","E58000668","E07000240","E05013960","E04013288","0","514891","0203526","1","E18000006","E40000007","E92000001","E12000006","5","E14001507","E15000006","E24000005","E30000237","E16000150","E07000240","26UGGK","E00120444","26UGGK","E65000001","E01023720","E02004942","5","6B2","E00120444","E01023720","E02004942","E33027481","E38000079","E63011623","C1","5B3",51.718702,-0.338236,"E37000048","","E23000027",15513,"E56000035","E54000025","E00120444","E01023720","E02004942"
"AL2 2LX","AL2  2LX","AL2 2LX","198001","","E10000015","E58000668","E07000240","E05013960","E04013288","0","514696","0203638","1","E18000006","E40000007","E92000001","E12000006","5","E14001507","E15000006","E24000005","E30000237","E16000150","E07000240","26UGGK","E00120440","26UGGK","E65000001","E01023720","E02004942","5","6D1","E00120440","E01023720","E02004942","E33027479","E38000079","E63011623","C1","5A2",51.719753,-0.340998,"E37000048","","E23000027",15513,"E56000035","E54000025","E00120440","E01023720","E02004942"
"AL2 2LY","AL2  2LY","AL2 2LY","198001","200007","E10000015","E58000668","E07000240","E05013960","E04013288","0","515035","0203559","1","E18000006","E40000007","E92000001","E12000006","5","E14001507","E15000006","E24000005","E30000237","E16000150","E07000240","26UGGK","E00120436","26UGGK","E65000001","E01023720","E02004942","5","2B1","E00169679","E01023720","E02004942","E33027481","E38000079","E63011623","C1","4A1",51.718969,-0.336142,"E37000048","","E23000027",15513,"E56000035","E54000025","E00169679","E01023720","E02004942"
"AL2 2LZ","AL2  2LZ","AL2 2LZ","198001","","E10000015","E58000668","E07000240","E05013960","E04013288","0","514659","0203873","1","E18000006","E40000007","E92000001","E12000006","5","E14001507","E15000006","E24000005","E30000237","E16000150","E07000240","26UGGK","E00120456","26UGGK","E65000001","E01023720","E02004942","5","7A2","E00120456","E01023720","E02004942","E33027479","E38000079","E63011623","C1","4A3",51.721868,-0.341479,"E37000048","","E23000027",15513,"E56000035","E54000025","E00120456","E01023720","E02004942"
"AL2 2NA","AL2  2NA","AL2 2NA","198001","","E10000015","E58000668","E07000240","E05013960","E04013288","0","514726","0203957","1","E18000006","E40000007","E92000001","E12000006","5","E14001507","E15000006","E24000005","E30000237","E16000150","E07000240","26UGGK","E00120456","26UGGK","E65000001","E01023720","E02004942","5","7A2","E00120456","E01023720","E02004942","E33027479","E38000079","E63011623","C1","4A3",51.722609,-0.340482,"E37000048","","E23000027",15513,"E56000035","E54000025","E00120456","E01023720","E02004942"
"AL2 2NB","AL2  2NB","AL2 2NB","198001","","E10000015","E58000668","E07000240","E05013960","E04013288","0","514746","0203905","1","E18000006","E40000007","E92000001","E12000006","5","E14001507","E15000006","E24000005","E30000237","E16000150","E07000240","26UGGK","E00120440","26UGGK","E65000001","E01023720","E02004942","5","6D1","E00120440","E01023720","E02004942","E33027479","E38000079","E63011623","C1","5A2",51.722138,-0.340210,"E37000048","","E23000027",15513,"E56000035","E54000025","E00120440","E01023720","E02004942"
"AL2 2ND","AL2  2ND","AL2 2ND","198001","","E10000015","E58000668","E07000240","E05013960","E04013288","0","514791","0203906","1","E18000006","E40000007","E92000001","E12000006","5","E14001507","E15000006","E24000005","E30000237","E16000150","E07000240","26UGGK","E00120456","26UGGK","E65000001","E01023720","E02004942","5","7A2","E00120456","E01023720","E02004942","E33027479","E38000079","E63011623","C1","4A3",51.722137,-0.339558,"E37000048","","E23000027",15513,"E56000035","E54000025","E00120456","E01023720","E02004942"
"AL2 2NE","AL2  2NE","AL2 2NE","198001","","E10000015","E58000668","E07000240","E05013960","E04013288","0","514834","0203865","1","E18000006","E40000007","E92000001","E12000006","5","E14001507","E15000006","E24000005","E30000237","E16000150","E07000240","26UGGK","E00120440","26UGGK","E65000001","E01023720","E02004942","5","6D1","E00120440","E01023720","E02004942","E33027479","E38000079","E63011623","C1","5A2",51.721765,-0.338926,"E37000048","","E23000027",15513,"E56000035","E54000025","E00120440","E01023720","E02004942"
"AL2 2NF","AL2  2NF","AL2 2NF","199912","","E10000015","E58000668","E07000240","E05013960","E04013288","0","515124","0203362","1","E18000006","E40000007","E92000001","E12000006","5","E14001507","E15000006","E24000005","E30000237","E16000150","E07000240","26UGGK","E00120444","26UGGK","E65000001","E01023720","E02004942","5","6B2","E00120444","E01023720","E02004942","E33027481","E38000079","E63011623","C1","5B3",51.717185,-0.334896,"E37000048","","E23000027",15513,"E56000035","E54000025","E00120444","E01023720","E02004942"
"AL2 2NG","AL2  2NG","AL2 2NG","199606","","E10000015","E58000668","E07000240","E05013960","E04013288","0","515273","0203513","1","E18000006","E40000007","E92000001","E12000006","5","E14001507","E15000006","E24000005","E30000237","E16000150","E07000240","26UGGK","E00120436","26UGGK","E65000001","E01023720","E02004942","5","2B1","E00169675","E01023720","E02004942","E33027481","E38000079","E63011623","C1","5A2",51.718507,-0.332713,"E37000048","","E23000027",15513,"E56000035","E54000025","E00169675","E01023720","E02004942"
"AL2 2NH","AL2  2NH","AL2 2NH","198001","200804","E10000015","E58000668","E07000240","E05013960","E04013288","0","515169","0203442","1","E18000006","E40000007","E92000001","E12000006","5","E14001507","E15000006","E24000005","E30000237","E16000150","E07000240","26UGGK","E00120436","26UGGK","E65000001","E01023720","E02004942","5","2B1","E00169675","E01023720","E02004942","E33027481","E38000079","E63011623","C1","5A2",51.717890,-0.334242,"E37000048","","E23000027",15513,"E56000035","E54000025","E00169675","E01023720","E02004942"
"AL2 2NJ","AL2  2NJ","AL2 2NJ","200006","","E10000015","E58000668","E07000240","E05013960","E04013288","0","515099","0203641","1","E18000006","E40000007","E92000001","E12000006","5","E14001507","E15000006","E24000005","E30000237","E16000150","E07000240","26UGGK","E00120436","26UGGK","E65000001","E01023720","E02004942","5","2B1","E00169679","E01023720","E02004942","E33027481","E38000079","E63011623","C1","4A1",51.719698,-0.335166,"E37000048","","E23000027",15513,"E56000035","E54000025","E00169679","E01023720","E02004942"
"AL2 2NL","AL2  2NL","AL2 2NL","198704","","E10000015","E58000668","E07000240","E05013960","E04013288","0","514998","0203774","1","E18000006","E40000007","E92000001","E12000006","5","E14001507","E15000006","E24000005","E30000237","E16000150","E07000240","26UGGK","E00120436","26UGGK","E65000001","E01023720","E02004942","5","2B1","E00169675","E01023720","E02004942","E33027481","E38000079","E63011623","C1","5A2",51.720909,-0.336606,"E37000048","","E23000027",15513,"E56000035","E54000025","E00169675","E01023720","E02004942"
"AL2 2NN","AL2  2NN","AL2 2NN","198001","","E10000015","E58000668","E07000240","E05013960","E04013288","0","514608","0204758","1","E18000006","E40000007","E92000001","E12000006","5","E14001507","E15000006","E24000005","E30000237","E16000150","E07000240","26UGGK","E00120453","26UGGK","E65000001","E01023718","E02004942","5","6D1","E00120453","E01023718","E02004942","E33027480","E38000079","E63011623","C1","5A2",51.729832,-0.341926,"E37000048","","E23000027",27498,"E56000035","E54000025","E00120453","E01023718","E02004942"
"AL2 2NP","AL2  2NP","AL2 2NP","198001","","E10000015","E58000668","E07000240","E05013960","E04013288","0","514703","0204735","1","E18000006","E40000007","E92000001","E12000006","5","E14001507","E15000006","E24000005","E30000237","E16000150","E07000240","26UGGK","E00120454","26UGGK","E65000001","E01023718","E02004942","5","4B3","E00120454","E01023718","E02004942","E33027480","E38000079","E63011623","C1","6A4",51.729606,-0.340559,"E37000048","","E23000027",27498,"E56000035","E54000025","E00120454","E01023718","E02004942"
"AL2 2NQ","AL2  2NQ","AL2 2NQ","198001","199405","E10000015","E58000668","E07000240","E05013960","E04013288","1","515100","0203400","8","E18000006","E40000007","E92000001","E12000006","5","E14001507","E15000006","E24000005","E30000237","E16000150","E07000240","26UGGK","E00120436","26UGGK","E65000001","E01023720","E02004942","5","2B1","E00169675","E01023720","E02004942","E33027481","E38000079","E63011623","C1","5A2",51.717526,-0.335254,"E37000048","","E23000027",15513,"E56000035","E54000025","E00169675","E01023720","E02004942"
"AL2 2NR","AL2  2NR","AL2 2NR","198001","","E10000015","E58000668","E07000240","E05013960","E04013288","0","514646","0204819","1","E18000006","E40000007","E92000001","E12000006","5","E14001507","E15000006","E24000005","E30000237","E16000150","E07000240","26UGGK","E00120453","26UGGK","E65000001","E01023718","E02004942","5","6D1","E00120453","E01023718","E02004942","E33027480","E38000079","E63011623","C1","5A2",51.730372,-0.341356,"E37000048","","E23000027",27498,"E56000035","E54000025","E00120453","E01023718","E02004942"
"AL2 2NS","AL2  2NS","AL2 2NS","198001","","E10000015","E58000668","E07000240","E05013960","E04013288","0","514781","0204876","1","E18000006","E40000007","E92000001","E12000006","5","E14001507","E15000006","E24000005","E30000237","E16000150","E07000240","26UGGK","E00120454","26UGGK","E65000001","E01023718","E02004942","5","4B3","E00120454","E01023718","E02004942","E33027480","E38000079","E63011623","C1","6A4",51.730857,-0.339384,"E37000048","","E23000027",27498,"E56000035","E54000025","E00120454","E01023718","E02004942"
"AL2 2NT","AL2  2NT","AL2 2NT","198001","","E10000015","E58000668","E07000240","E05013960","E04013288","0","514841","0204841","1","E18000006","E40000007","E92000001","E12000006","5","E14001507","E15000006","E24000005","E30000237","E16000150","E07000240","26UGGK","E00120454","26UGGK","E65000001","E01023718","E02004942","5","4B3","E00120454","E01023718","E02004942","E33027480","E38000079","E63011623","C1","6A4",51.730530,-0.338527,"E37000048","","E23000027",27498,"E56000035","E54000025","E00120454","E01023718","E02004942"
"AL2 2NU","AL2  2NU","AL2 2NU","198001","","E10000015","E58000668","E07000240","E05013960","E04013288","0","514755","0204772","1","E18000006","E40000007","E92000001","E12000006","5","E14001507","E15000006","E24000005","E30000237","E16000150","E07000240","26UGGK","E00120454","26UGGK","E65000001","E01023718","E02004942","5","4B3","E00120454","E01023718","E02004942","E33027480","E38000079","E63011623","C1","6A4",51.729928,-0.339794,"E37000048","","E23000027",27498,"E56000035","E54000025","E00120454","E01023718","E02004942"
"AL2 2NW","AL2  2NW","AL2 2NW","198001","","E10000015","E58000668","E07000240","E05013960","E04013288","0","514519","0204838","1","E18000006","E40000007","E92000001","E12000006","5","E14001507","E15000006","E24000005","E30000237","E16000150","E07000240","26UGGK","E00120453","26UGGK","E65000001","E01023718","E02004942","5","6D1","E00120453","E01023718","E02004942","E33027480","E38000079","E63011623","C1","5A2",51.730569,-0.343188,"E37000048","","E23000027",27498,"E56000035","E54000025","E00120453","E01023718","E02004942"
"AL2 2NX","AL2  2NX","AL2 2NX","198001","","E10000015","E58000668","E07000240","E05013960","E04013288","0","514797","0204657","1","E18000006","E40000007","E92000001","E12000006","5","E14001507","E15000006","E24000005","E30000237","E16000150","E07000240","26UGGK","E00120454","26UGGK","E65000001","E01023718","E02004942","5","4B3","E00120454","E01023718","E02004942","E33027480","E38000079","E63011623","C1","6A4",51.728886,-0.339224,"E37000048","","E23000027",27498,"E56000035","E54000025","E00120454","E01023718","E02004942"
"AL2 2NY","AL2  2NY","AL2 2NY","198001","","E10000015","E58000668","E07000240","E05013960","E04013288","0","514710","0204608","1","E18000006","E40000007","E92000001","E12000006","5","E14001507","E15000006","E24000005","E30000237","E16000150","E07000240","26UGGK","E00120454","26UGGK","E65000001","E01023718","E02004942","5","4B3","E00120454","E01023718","E02004942","E33027480","E38000079","E63011623","C1","6A4",51.728468,-0.340476,"E37000048","","E23000027",27498,"E56000035","E54000025","E00120454","E01023718","E02004942"
"AL2 2NZ","AL2  2NZ","AL2 2NZ","198001","","E10000015","E58000668","E07000240","E05013960","E04013288","0","514722","0204417","1","E18000006","E40000007","E92000001","E12000006","5","E14001507","E15000006","E24000005","E30000237","E16000150","E07000240","26UGGK","E00120454","26UGGK","E65000001","E01023718","E02004942","5","4B3","E00120454","E01023718","E02004942","E33027480","E38000079","E63011623","C1","6A4",51.726744,-0.340389,"E37000048","","E23000027",27498,"E56000035","E54000025","E00120454","E01023718","E02004942"
"AL2 2PA","AL2  2PA","AL2 2PA","198001","","E10000015","E58000668","E07000240","E05013960","E04013288","0","514679","0204324","1","E18000006","E40000007","E92000001","E12000006","5","E14001507","E15000006","E24000005","E30000237","E16000150","E07000240","26UGGK","E00120453","26UGGK","E65000001","E01023718","E02004942","5","6D1","E00120453","E01023718","E02004942","E33027480","E38000079","E63011623","C1","5A2",51.725917,-0.341042,"E37000048","","E23000027",27498,"E56000035","E54000025","E00120453","E01023718","E02004942"
"AL2 2PB","AL2  2PB","AL2 2PB","198001","","E10000015","E58000668","E07000240","E05013960","E04013288","0","514609","0204107","1","E18000006","E40000007","E92000001","E12000006","5","E14001507","E15000006","E24000005","E30000237","E16000150","E07000240","26UGGK","E00120435","26UGGK","E65000001","E01023718","E02004942","5","4A2","E00120435","E01023718","E02004942","E33027480","E38000079","E63011623","C1","5A2",51.723986,-0.342102,"E37000048","","E23000027",27498,"E56000035","E54000025","E00120435","E01023718","E02004942"
"AL2 2PD","AL2  2PD","AL2 2PD","198001","","E10000015","E58000668","E07000240","E05013960","E04013288","0","514570","0204130","1","E18000006","E40000007","E92000001","E12000006","5","E14001507","E15000006","E24000005","E30000237","E16000150","E07000240","26UGGK","E00120453","26UGGK","E65000001","E01023718","E02004942","5","6D1","E00120453","E01023718","E02004942","E33027480","E38000079","E63011623","C1","5A2",51.724196,-0.342683,"E37000048","","E23000027",27498,"E56000035","E54000025","E00120453","E01023718","E02004942"
"AL2 2PE","AL2  2PE","AL2 2PE","198001","","E10000015","E58000668","E07000240","E05013960","E04013288","0","514764","0204104","1","E18000006","E40000007","E92000001","E12000006","5","E14001507","E15000006","E24000005","E30000237","E16000150","E07000240","26UGGK","E00120435","26UGGK","E65000001","E01023718","E02004942","5","4A2","E00120435","E01023718","E02004942","E33027480","E38000079","E63011623","C1","5A2",51.723927,-0.339860,"E37000048","","E23000027",27498,"E56000035","E54000025","E00120435","E01023718","E02004942"
"AL2 2PF","AL2  2PF","AL2 2PF","198001","200501","E10000015","E58000668","E07000240","E05013960","E04013288","0","514853","0203970","1","E18000006","E40000007","E92000001","E12000006","5","E14001507","E15000006","E24000005","E30000237","E16000150","E07000240","26UGGK","E00120456","26UGGK","E65000001","E01023720","E02004942","5","7A2","E00120456","E01023720","E02004942","E33027479","E38000079","E63011623","C1","4A3",51.722700,-0.338640,"E37000048","","E23000027",15513,"E56000035","E54000025","E00120456","E01023720","E02004942"
"AL2 2PG","AL2  2PG","AL2 2PG","198001","","E10000015","E58000668","E07000240","E05013960","E04013288","0","514875","0203971","1","E18000006","E40000007","E92000001","E12000006","5","E14001507","E15000006","E24000005","E30000237","E16000150","E07000240","26UGGK","E00120456","26UGGK","E65000001","E01023720","E02004942","5","7A2","E00120456","E01023720","E02004942","E33027479","E38000079","E63011623","C1","4A3",51.722704,-0.338321,"E37000048","","E23000027",15513,"E56000035","E54000025","E00120456","E01023720","E02004942"
"AL2 2PH","AL2  2PH","AL2 2PH","198001","","E10000015","E58000668","E07000240","E05013960","E04013288","0","514890","0203923","1","E18000006","E40000007","E92000001","E12000006","5","E14001507","E15000006","E24000005","E30000237","E16000150","E07000240","26UGGK","E00120456","26UGGK","E65000001","E01023720","E02004942","5","7A2","E00120456","E01023720","E02004942","E33027479","E38000079","E63011623","C1","4A3",51.722270,-0.338120,"E37000048","","E23000027",15513,"E56000035","E54000025","E00120456","E01023720","E02004942"
"AL2 2PJ","AL2  2PJ","AL2 2PJ","198001","","E10000015","E58000668","E07000240","E05013960","E04013288","0","514944","0203840","1","E18000006","E40000007","E92000001","E12000006","5","E14001507","E15000006","E24000005","E30000237","E16000150","E07000240","26UGGK","E00120436","26UGGK","E65000001","E01023720","E02004942","5","2B1","E00169675","E01023720","E02004942","E33027481","E38000079","E63011623","C1","5A2",51.721513,-0.337366,"E37000048","","E23000027",15513,"E56000035","E54000025","E00169675","E01023720","E02004942"
"AL2 2PL","AL2  2PL","AL2 2PL","198001","","E10000015","E58000668","E07000240","E05013960","E04013288","0","514989","0203865","1","E18000006","E40000007","E92000001","E12000006","5","E14001507","E15000006","E24000005","E30000237","E16000150","E07000240","26UGGK","E00120436","26UGGK","E65000001","E01023720","E02004942","5","2B1","E00169675","E01023720","E02004942","E33027481","E38000079","E63011623","C1","5A2",51.721728,-0.336707,"E37000048","","E23000027",15513,"E56000035","E54000025","E00169675","E01023720","E02004942"
"AL2 2PN","AL2  2PN","AL2 2PN","198001","","E10000015","E58000668","E07000240","E05013960","E04013288","0","514948","0203781","1","E18000006","E40000007","E92000001","E12000006","5","E14001507","E15000006","E24000005","E30000237","E16000150","E07000240","26UGGK","E00120440","26UGGK","E65000001","E01023720","E02004942","5","6D1","E00120440","E01023720","E02004942","E33027479","E38000079","E63011623","C1","5A2",51.720982,-0.337328,"E37000048","","E23000027",15513,"E56000035","E54000025","E00120440","E01023720","E02004942"
"AL2 2PP","AL2  2PP","AL2 2PP","199208","","E10000015","E58000668","E07000240","E05013960","E04013288","0","514633","0204026","1","E18000006","E40000007","E92000001","E12000006","5","E14001507","E15000006","E24000005","E30000237","E16000150","E07000240","26UGGK","E00120435","26UGGK","E65000001","E01023718","E02004942","5","4A2","E00120435","E01023718","E02004942","E33027480","E38000079","E63011623","C1","5A2",51.723248,-0.341805,"E37000048","","E23000027",27498,"E56000035","E54000025","E00120435","E01023718","E02004942"
"AL2 2PQ","AL2  2PQ","AL2 2PQ","198001","","E10000015","E58000668","E07000240","E05013960","E04013288","0","515008","0204067","1","E18000006","E40000007","E92000001","E12000006","5","E14001507","E15000006","E24000005","E30000237","E16000150","E07000240","26UGGK","E00120435","26UGGK","E65000001","E01023718","E02004942","5","4A2","E00120435","E01023718","E02004942","E33027480","E38000079","","C1","5A2",51.723540,-0.336365,"E37000048","","E23000027",27498,"E56000035","E54000025","E00120435","E01023718","E02004942"
"AL2 2PR","AL2  2PR","AL2 2PR","198001","","E10000015","E58000668","E07000240","E05013960","E04013288","0","514785","0203964","1","E18000006","E40000007","E92000001","E12000006","5","E14001507","E15000006","E24000005","E30000237","E16000150","E07000240","26UGGK","E00120456","26UGGK","E65000001","E01023720","E02004942","5","7A2","E00120456","E01023720","E02004942","E33027479","E38000079","E63011623","C1","4A3",51.722660,-0.339626,"E37000048","","E23000027",15513,"E56000035","E54000025","E00120456","E01023720","E02004942"
"AL2 2PS","AL2  2PS","AL2 2PS","198001","","E10000015","E58000668","E07000240","E05013960","E04013288","0","514786","0203986","1","E18000006","E40000007","E92000001","E12000006","5","E14001507","E15000006","E24000005","E30000237","E16000150","E07000240","26UGGK","E00120456","26UGGK","E65000001","E01023720","E02004942","5","7A2","E00120456","E01023720","E02004942","E33027479","E38000079","E63011623","C1","4A3",51.722862,-0.339581,"E37000048","","E23000027",15513,"E56000035","E54000025","E00120456","E01023720","E02004942"
"AL2 2PT","AL2  2PT","AL2 2PT","198001","","E10000015","E58000668","E07000240","E05013960","E04013288","0","514767","0204041","1","E18000006","E40000007","E92000001","E12000006","5","E14001507","E15000006","E24000005","E30000237","E16000150","E07000240","26UGGK","E00120456","26UGGK","E65000001","E01023720","E02004942","5","7A2","E00120456","E01023720","E02004942","E33027479","E38000079","E63011623","C1","4A3",51.723361,-0.339838,"E37000048","","E23000027",15513,"E56000035","E54000025","E00120456","E01023720","E02004942"
"AL2 2PU","AL2  2PU","AL2 2PU","199109","","E10000015","E58000668","E07000240","E05013960","E04013288","0","514890","0204008","1","E18000006","E40000007","E92000001","E12000006","5","E14001507","E15000006","E24000005","E30000237","E16000150","E07000240","26UGGK","E00120456","26UGGK","E65000001","E01023720","E02004942","5","7A2","E00120456","E01023720","E02004942","E33027479","E38000079","E63011623","C1","4A3",51.723039,-0.338069,"E37000048","","E23000027",15513,"E56000035","E54000025","E00120456","E01023720","E02004942"
"AL2 2PW","AL2  2PW","AL2 2PW","198001","","E10000015","E58000668","E07000240","E05013960","E04013288","0","514832","0203938","1","E18000006","E40000007","E92000001","E12000006","5","E14001507","E15000006","E24000005","E30000237","E16000150","E07000240","26UGGK","E00120440","26UGGK","E65000001","E01023720","E02004942","5","6D1","E00120440","E01023720","E02004942","E33027479","E38000079","E63011623","C1","5A2",51.722417,-0.338955,"E37000048","","E23000027",15513,"E56000035","E54000025","E00120440","E01023720","E02004942"
"AL2 2PX","AL2  2PX","AL2 2PX","198001","","E10000015","E58000668","E07000240","E05013960","E04013288","0","514727","0204064","1","E18000006","E40000007","E92000001","E12000006","5","E14001507","E15000006","E24000005","E30000237","E16000150","E07000240","26UGGK","E00120456","26UGGK","E65000001","E01023720","E02004942","5","7A2","E00120456","E01023720","E02004942","E33027479","E38000079","E63011623","C1","4A3",51.723570,-0.340432,"E37000048","","E23000027",15513,"E56000035","E54000025","E00120456","E01023720","E02004942"
"AL2 2PY","AL2  2PY","AL2 2PY","198001","","E10000015","E58000668","E07000240","E05013960","E04013288","0","514739","0204103","1","E18000006","E40000007","E92000001","E12000006","5","E14001507","E15000006","E24000005","E30000237","E16000150","E07000240","26UGGK","E00120456","26UGGK","E65000001","E01023720","E02004942","5","7A2","E00120456","E01023720","E02004942","E33027479","E38000079","E63011623","C1","4A3",51.723924,-0.340223,"E37000048","","E23000027",15513,"E56000035","E54000025","E00120456","E01023720","E02004942"
"AL2 2PZ","AL2  2PZ","AL2 2PZ","198001","","E10000015","E58000668","E07000240","E05013960","E04013288","0","514436","0204709","1","E18000006","E40000007","E92000001","E12000006","5","E14001507","E15000006","E24000005","E30000237","E16000150","E07000240","26UGGK","E00120453","26UGGK","E65000001","E01023718","E02004942","5","6D1","E00120453","E01023718","E02004942","E33027480","E38000079","","C1","5A2",51.729427,-0.344432,"E37000048","","E23000027",27498,"E56000035","E54000025","E00120453","E01023718","E02004942"
"AL2 2QA","AL2  2QA","AL2 2QA","198504","","E10000015","E58000668","E07000240","E05013960","E04013288","0","514810","0203966","1","E18000006","E40000007","E92000001","E12000006","5","E14001507","E15000006","E24000005","E30000237","E16000150","E07000240","26UGGK","E00120456","26UGGK","E65000001","E01023720","E02004942","5","7A2","E00120456","E01023720","E02004942","E33027479","E38000079","E63011623","C1","4A3",51.722673,-0.339264,"E37000048","","E23000027",15513,"E56000035","E54000025","E00120456","E01023720","E02004942"
"AL2 2QB","AL2  2QB","AL2 2QB","198307","","E10000015","E58000668","E07000240","E05013960","E04013288","0","514558","0204177","1","E18000006","E40000007","E92000001","E12000006","5","E14001507","E15000006","E24000005","E30000237","E16000150","E07000240","26UGGK","E00120453","26UGGK","E65000001","E01023718","E02004942","5","6D1","E00120453","E01023718","E02004942","E33027480","E38000079","E63011623","C1","5A2",51.724621,-0.342841,"E37000048","","E23000027",27498,"E56000035","E54000025","E00120453","E01023718","E02004942"
"AL2 2QD","AL2  2QD","AL2 2QD","198710","199507","E10000015","E58000668","E07000240","E05013960","E04013288","1","514800","0203900","8","E18000006","E40000007","E92000001","E12000006","5","E14001507","E15000006","E24000005","E30000237","E16000150","E07000240","26UGGK","E00120456","26UGGK","E65000001","E01023720","E02004942","5","7A2","E00120456","E01023720","E02004942","E33027479","E38000079","E63011623","C1","4A3",51.722082,-0.339430,"E37000048","","E23000027",15513,"E56000035","E54000025","E00120456","E01023720","E02004942"
"AL2 2QE","AL2  2QE","AL2 2QE","199101","","E10000015","E58000668","E07000240","E05013960","E04013288","0","514131","0203931","1","E18000006","E40000007","E92000001","E12000006","5","E14001507","E15000006","E24000005","E30000237","E16000150","E07000240","26UGGK","E00120437","26UGGK","E65000001","E01023718","E02004942","5","4B1","E00120437","E01023718","E02004942","E33027480","E38000079","E63011632","C1","6A1",51.722497,-0.349101,"E37000048","","E23000027",27498,"E56000035","E54000025","E00120437","E01023718","E02004942"
"AL2 2QF","AL2  2QF","AL2 2QF","198301","","E10000015","E58000668","E07000240","E05013960","E04013288","0","514258","0203954","1","E18000006","E40000007","E92000001","E12000006","5","E14001507","E15000006","E24000005","E30000237","E16000150","E07000240","26UGGK","E00120435","26UGGK","E65000001","E01023718","E02004942","5","4A2","E00120435","E01023718","E02004942","E33027480","E38000079","E63011632","C1","5A2",51.722677,-0.347255,"E37000048","","E23000027",27498,"E56000035","E54000025","E00120435","E01023718","E02004942"
"AL2 2QG","AL2  2QG","AL2 2QG","198001","","E10000015","E58000668","E07000240","E05013960","E04013288","0","513884","0204152","1","E18000006","E40000007","E92000001","E12000006","5","E14001507","E15000006","E24000005","E30000237","E16000150","E07000240","26UGGK","E00120455","26UGGK","E65000001","E01023718","E02004942","5","4B2","E00120455","E01023718","E02004942","E33027480","E38000079","E63011632","C1","6A1",51.724533,-0.352603,"E37000048","","E23000027",27498,"E56000035","E54000025","E00120455","E01023718","E02004942"
"AL2 2QH","AL2  2QH","AL2 2QH","198001","","E10000015","E58000668","E07000240","E05013960","E04013288","0","513797","0204076","1","E18000006","E40000007","E92000001","E12000006","5","E14001507","E15000006","E24000005","E30000237","E16000150","E07000240","26UGGK","E00120441","26UGGK","E65000001","E01023719","E02004942","5","6B2","E00120441","E01023719","E02004942","E33027480","E38000079","E63011632","C1","5B3",51.723868,-0.353887,"E37000048","","E23000027",20555,"E56000035","E54000025","E00120441","E01023719","E02004942"
"AL2 2QJ","AL2  2QJ","AL2 2QJ","198001","","E10000015","E58000668","E07000240","E05013960","E04013288","0","513893","0203995","1","E18000006","E40000007","E92000001","E12000006","5","E14001507","E15000006","E24000005","E30000237","E16000150","E07000240","26UGGK","E00120455","26UGGK","E65000001","E01023718","E02004942","5","4B2","E00120455","E01023718","E02004942","E33027480","E38000079","E63011632","C1","6A1",51.723120,-0.352524,"E37000048","","E23000027",27498,"E56000035","E54000025","E00120455","E01023718","E02004942"
"AL2 2QL","AL2  2QL","AL2 2QL","198001","","E10000015","E58000668","E07000240","E05013960","E04013288","0","513747","0203977","1","E18000006","E40000007","E92000001","E12000006","5","E14001507","E15000006","E24000005","E30000237","E16000150","E07000240","26UGGK","E00120441","26UGGK","E65000001","E01023719","E02004942","5","6B2","E00120441","E01023719","E02004942","E33027480","E38000079","E63011632","C1","5B3",51.722988,-0.354643,"E37000048","","E23000027",20555,"E56000035","E54000025","E00120441","E01023719","E02004942"
"AL2 2QN","AL2  2QN","AL2 2QN","198001","","E10000015","E58000668","E07000240","E05013960","E04013288","0","513772","0203874","1","E18000006","E40000007","E92000001","E12000006","5","E14001507","E15000006","E24000005","E30000237","E16000150","E07000240","26UGGK","E00120441","26UGGK","E65000001","E01023719","E02004942","5","6B2","E00120441","E01023719","E02004942","E33027480","E38000079","E63011632","C1","5B3",51.722062,-0.354291,"E37000048","","E23000027",20555,"E56000035","E54000025","E00120441","E01023719","E02004942"
"AL2 2QP","AL2  2QP","AL2 2QP","198001","","E10000015","E58000668","E07000240","E05013960","E04013288","0","514092","0203855","1","E18000006","E40000007","E92000001","E12000006","5","E14001507","E15000006","E24000005","E30000237","E16000150","E07000240","26UGGK","E00120455","26UGGK","E65000001","E01023718","E02004942","5","4B2","E00120455","E01023718","E02004942","E33027480","E38000079","E63011632","C1","6A1",51.721821,-0.349690,"E37000048","","E23000027",27498,"E56000035","E54000025","E00120455","E01023718","E02004942"
"AL2 2QQ","AL2  2QQ","AL2 2QQ","198001","","E10000015","E58000668","E07000240","E05013960","E04013288","0","513897","0204095","1","E18000006","E40000007","E92000001","E12000006","5","E14001507","E15000006","E24000005","E30000237","E16000150","E07000240","26UGGK","E00120455","26UGGK","E65000001","E01023718","E02004942","5","4B2","E00120455","E01023718","E02004942","E33027480","E38000079","E63011632","C1","6A1",51.724023,-0.352410,"E37000048","","E23000027",27498,"E56000035","E54000025","E00120455","E01023718","E02004942"
"AL2 2QR","AL2  2QR","AL2 2QR","198001","","E10000015","E58000668","E07000240","E05013960","E04013288","0","514080","0203904","1","E18000006","E40000007","E92000001","E12000006","5","E14001507","E15000006","E24000005","E30000237","E16000150","E07000240","26UGGK","E00120455","26UGGK","E65000001","E01023718","E02004942","5","4B2","E00120455","E01023718","E02004942","E33027480","E38000079","E63011632","C1","6A1",51.722264,-0.349848,"E37000048","","E23000027",27498,"E56000035","E54000025","E00120455","E01023718","E02004942"
"AL2 2QS","AL2  2QS","AL2 2QS","198001","","E10000015","E58000668","E07000240","E05013960","E04013288","0","514265","0203869","1","E18000006","E40000007","E92000001","E12000006","5","E14001507","E15000006","E24000005","E30000237","E16000150","E07000240","26UGGK","E00120437","26UGGK","E65000001","E01023718","E02004942","5","4B1","E00120437","E01023718","E02004942","E33027480","E38000079","E63011632","C1","6A1",51.721912,-0.347182,"E37000048","","E23000027",27498,"E56000035","E54000025","E00120437","E01023718","E02004942"
"AL2 2QT","AL2  2QT","AL2 2QT","198001","","E10000015","E58000668","E07000240","E05013960","E04013288","0","514212","0203775","1","E18000006","E40000007","E92000001","E12000006","5","E14001507","E15000006","E24000005","E30000237","E16000150","E07000240","26UGGK","E00120437","26UGGK","E65000001","E01023718","E02004942","5","4B1","E00120437","E01023718","E02004942","E33027480","E38000079","E63011632","C1","6A1",51.721078,-0.347980,"E37000048","","E23000027",27498,"E56000035","E54000025","E00120437","E01023718","E02004942"
"AL2 2QU","AL2  2QU","AL2 2QU","198001","","E10000015","E58000668","E07000240","E05013960","E04013288","0","514151","0203750","1","E18000006","E40000007","E92000001","E12000006","5","E14001507","E15000006","E24000005","E30000237","E16000150","E07000240","26UGGK","E00120439","26UGGK","E65000001","E01023719","E02004942","5","6D2","E00120439","E01023719","E02004942","E33027480","E38000079","E63011632","C1","5A2",51.720866,-0.348871,"E37000048","","E23000027",20555,"E56000035","E54000025","E00120439","E01023719","E02004942"
"AL2 2QW","AL2  2QW","AL2 2QW","198001","","E10000015","E58000668","E07000240","E05013960","E04013288","0","513837","0203931","1","E18000006","E40000007","E92000001","E12000006","5","E14001507","E15000006","E24000005","E30000237","E16000150","E07000240","26UGGK","E00120455","26UGGK","E65000001","E01023718","E02004942","5","4B2","E00120455","E01023718","E02004942","E33027480","E38000079","E63011632","C1","6A1",51.722561,-0.353331,"E37000048","","E23000027",27498,"E56000035","E54000025","E00120455","E01023718","E02004942"
"AL2 2QX","AL2  2QX","AL2 2QX","198001","","E10000015","E58000668","E07000240","E05013960","E04013288","0","514178","0203663","1","E18000006","E40000007","E92000001","E12000006","5","E14001507","E15000006","E24000005","E30000237","E16000150","E07000240","26UGGK","E00120439","26UGGK","E65000001","E01023719","E02004942","5","6D2","E00120439","E01023719","E02004942","E33027480","E38000079","E63011632","C1","5A2",51.720078,-0.348508,"E37000048","","E23000027",20555,"E56000035","E54000025","E00120439","E01023719","E02004942"
"AL2 2QY","AL2  2QY","AL2 2QY","198001","","E10000015","E58000668","E07000240","E05013960","E04013288","0","514089","0203586","1","E18000006","E40000007","E92000001","E12000006","5","E14001507","E15000006","E24000005","E30000237","E16000150","E07000240","26UGGK","E00120439","26UGGK","E65000001","E01023719","E02004942","5","6D2","E00120439","E01023719","E02004942","E33027480","E38000079","E63011632","C1","5A2",51.719404,-0.349821,"E37000048","","E23000027",20555,"E56000035","E54000025","E00120439","E01023719","E02004942"
"AL2 2QZ","AL2  2QZ","AL2 2QZ","198001","","E10000015","E58000668","E07000240","E05013960","E04013288","0","513834","0203629","1","E18000006","E40000007","E92000001","E12000006","5","E14001507","E15000006","E24000005","E30000237","E16000150","E07000240","26UGGK","E00120441","26UGGK","E65000001","E01023719","E02004942","5","6B2","E00120441","E01023719","E02004942","E33027480","E38000079","E63011632","C1","5B3",51.719843,-0.353497,"E37000048","","E23000027",20555,"E56000035","E54000025","E00120441","E01023719","E02004942"
"AL2 2RA","AL2  2RA","AL2 2RA","198001","","E10000015","E58000668","E07000240","E05013960","E04013288","0","514055","0203621","1","E18000006","E40000007","E92000001","E12000006","5","E14001507","E15000006","E24000005","E30000237","E16000150","E07000240","26UGGK","E00120439","26UGGK","E65000001","E01023719","E02004942","5","6D2","E00120439","E01023719","E02004942","E33027480","E38000079","E63011632","C1","5A2",51.719726,-0.350302,"E37000048","","E23000027",20555,"E56000035","E54000025","E00120439","E01023719","E02004942"
"AL2 2RB","AL2  2RB","AL2 2RB","198001","","E10000015","E58000668","E07000240","E05013960","E04013288","0","514044","0203740","1","E18000006","E40000007","E92000001","E12000006","5","E14001507","E15000006","E24000005","E30000237","E16000150","E07000240","26UGGK","E00120439","26UGGK","E65000001","E01023719","E02004942","5","6D2","E00120439","E01023719","E02004942","E33027480","E38000079","E63011632","C1","5A2",51.720798,-0.350422,"E37000048","","E23000027",20555,"E56000035","E54000025","E00120439","E01023719","E02004942"
"AL2 2RD","AL2  2RD","AL2 2RD","198001","","E10000015","E58000668","E07000240","E05013960","E04013288","0","513961","0203617","1","E18000006","E40000007","E92000001","E12000006","5","E14001507","E15000006","E24000005","E30000237","E16000150","E07000240","26UGGK","E00120441","26UGGK","E65000001","E01023719","E02004942","5","6B2","E00120441","E01023719","E02004942","E33027480","E38000079","E63011632","C1","5B3",51.719709,-0.351663,"E37000048","","E23000027",20555,"E56000035","E54000025","E00120441","E01023719","E02004942"
"AL2 2RE","AL2  2RE","AL2 2RE","198001","","E10000015","E58000668","E07000240","E05013960","E04013288","0","514008","0203666","1","E18000006","E40000007","E92000001","E12000006","5","E14001507","E15000006","E24000005","E30000237","E16000150","E07000240","26UGGK","E00120439","26UGGK","E65000001","E01023719","E02004942","5","6D2","E00120439","E01023719","E02004942","E33027480","E38000079","E63011632","C1","5A2",51.720140,-0.350967,"E37000048","","E23000027",20555,"E56000035","E54000025","E00120439","E01023719","E02004942"
"AL2 2RF","AL2  2RF","AL2 2RF","198001","","E10000015","E58000668","E07000240","E05013960","E04013288","0","513917","0203674","1","E18000006","E40000007","E92000001","E12000006","5","E14001507","E15000006","E24000005","E30000237","E16000150","E07000240","26UGGK","E00120441","26UGGK","E65000001","E01023719","E02004942","5","6B2","E00120441","E01023719","E02004942","E33027480","E38000079","E63011632","C1","5B3",51.720230,-0.352281,"E37000048","","E23000027",20555,"E56000035","E54000025","E00120441","E01023719","E02004942"
"AL2 2RG","AL2  2RG","AL2 2RG","198001","201003","E10000015","E58000668","E07000240","E05013960","E04013288","0","513932","0203767","1","E18000006","E40000007","E92000001","E12000006","5","E14001507","E15000006","E24000005","E30000237","E16000150","E07000240","26UGGK","E00120438","26UGGK","E65000001","E01023719","E02004942","5","5B1","E00120438","E01023719","E02004942","E33027480","E38000079","E63011632","C1","5A3",51.721063,-0.352034,"E37000048","","E23000027",20555,"E56000035","E54000025","E00120438","E01023719","E02004942"
"AL2 2RH","AL2  2RH","AL2 2RH","200701","","E10000015","E58000668","E07000240","E05013960","E04013288","0","514235","0203714","1","E18000006","E40000007","E92000001","E12000006","5","E14001507","E15000006","E24000005","E30000237","E16000150","E07000240","26UGGK","E00120437","26UGGK","E65000001","E01023718","E02004942","5","4B1","E00120437","E01023718","E02004942","E33027480","E38000079","E63011632","C1","6A1",51.720525,-0.347667,"E37000048","","E23000027",27498,"E56000035","E54000025","E00120437","E01023718","E02004942"
"AL2 2RJ","AL2  2RJ","AL2 2RJ","199301","199405","E10000015","E58000668","E07000240","E05013960","E04013288","1","514000","0203500","8","E18000006","E40000007","E92000001","E12000006","5","E14001507","E15000006","E24000005","E30000237","E16000150","E07000240","26UGGK","E00120442","26UGGK","E65000001","E01023719","E02004942","5","5B3","E00120442","E01023719","E02004942","E33027479","E38000079","E63011632","C1","7A3",51.718650,-0.351137,"E37000048","","E23000027",20555,"E56000035","E54000025","E00120442","E01023719","E02004942"
"AL2 2RL","AL2  2RL","AL2 2RL","199412","199812","E10000015","E58000668","E07000240","E05013960","E04013288","1","514403","0203686","6","E18000006","E40000007","E92000001","E12000006","5","E14001507","E15000006","E24000005","E30000237","E16000150","E07000240","26UGGK","E00120435","26UGGK","E65000001","E01023718","E02004942","5","4A2","E00120435","E01023718","E02004942","E33027480","E38000079","E63011632","C1","5A2",51.720239,-0.345245,"E37000048","","E23000027",27498,"E56000035","E54000025","E00120435","E01023718","E02004942"
"AL2 2RN","AL2  2RN","AL2 2RN","199308","199501","E10000015","E58000668","E07000240","E05013960","E04013288","1","514000","0203500","8","E18000006","E40000007","E92000001","E12000006","5","E14001507","E15000006","E24000005","E30000237","E16000150","E07000240","26UGGK","E00120442","26UGGK","E65000001","E01023719","E02004942","5","5B3","E00120442","E01023719","E02004942","E33027479","E38000079","E63011632","C1","7A3",51.718650,-0.351137,"E37000048","","E23000027",20555,"E56000035","E54000025","E00120442","E01023719","E02004942"
"AL2 2RP","AL2  2RP","AL2 2RP","198001","","E10000015","E58000668","E07000240","E05013960","E04013288","0","514040","0203323","1","E18000006","E40000007","E92000001","E12000006","5","E14001507","E15000006","E24000005","E30000237","E16000150","E07000240","26UGGK","E00120442","26UGGK","E65000001","E01023719","E02004942","5","5B3","E00120442","E01023719","E02004942","E33027479","E38000079","E63011632","C1","7A3",51.717051,-0.350616,"E37000048","","E23000027",20555,"E56000035","E54000025","E00120442","E01023719","E02004942"
"AL2 2RQ","AL2  2RQ","AL2 2RQ","198607","","E10000015","E58000668","E07000240","E05013960","E04013288","0","514894","0203820","1","E18000006","E40000007","E92000001","E12000006","5","E14001507","E15000006","E24000005","E30000237","E16000150","E07000240","26UGGK","E00120440","26UGGK","E65000001","E01023720","E02004942","5","6D1","E00120440","E01023720","E02004942","E33027479","E38000079","E63011623","C1","5A2",51.721343,-0.338096,"E37000048","","E23000027",15513,"E56000035","E54000025","E00120440","E01023720","E02004942"
"AL2 2RR","AL2  2RR","AL2 2RR","198001","","E10000015","E58000668","E07000240","E05013960","E04013288","0","514017","0203430","1","E18000006","E40000007","E92000001","E12000006","5","E14001507","E15000006","E24000005","E30000237","E16000150","E07000240","26UGGK","E00120442","26UGGK","E65000001","E01023719","E02004942","5","5B3","E00120442","E01023719","E02004942","E33027479","E38000079","E63011632","C1","7A3",51.718017,-0.350914,"E37000048","","E23000027",20555,"E56000035","E54000025","E00120442","E01023719","E02004942"
"AL2 2RS","AL2  2RS","AL2 2RS","198001","","E10000015","E58000668","E07000240","E05013960","E04013288","0","514072","0203401","1","E18000006","E40000007","E92000001","E12000006","5","E14001507","E15000006","E24000005","E30000237","E16000150","E07000240","26UGGK","E00120442","26UGGK","E65000001","E01023719","E02004942","5","5B3","E00120442","E01023719","E02004942","E33027479","E38000079","E63011632","C1","7A3",51.717745,-0.350128,"E37000048","","E23000027",20555,"E56000035","E54000025","E00120442","E01023719","E02004942"
"AL2 2RT","AL2  2RT","AL2 2RT","198001","","E10000015","E58000668","E07000240","E05013960","E04013288","0","514105","0203355","1","E18000006","E40000007","E92000001","E12000006","5","E14001507","E15000006","E24000005","E30000237","E16000150","E07000240","26UGGK","E00120442","26UGGK","E65000001","E01023719","E02004942","5","5B3","E00120442","E01023719","E02004942","E33027479","E38000079","E63011632","C1","7A3",51.717325,-0.349665,"E37000048","","E23000027",20555,"E56000035","E54000025","E00120442","E01023719","E02004942"
"AL2 2RU","AL2  2RU","AL2 2RU","198001","","E10000015","E58000668","E07000240","E05013960","E04013288","0","514148","0203249","1","E18000006","E40000007","E92000001","E12000006","5","E14001507","E15000006","E24000005","E30000237","E16000150","E07000240","26UGGK","E00120443","26UGGK","E65000001","E01023721","E02004942","5","4D2","E00120443","E01023721","E02004942","E33027479","E38000079","E63011632","C1","5A2",51.716364,-0.349078,"E37000048","","E23000027",29941,"E56000035","E54000025","E00120443","E01023721","E02004942"
"AL2 2RW","AL2  2RW","AL2 2RW","198001","","E10000015","E58000668","E07000240","E05013960","E04013288","0","513956","0203429","1","E18000006","E40000007","E92000001","E12000006","5","E14001507","E15000006","E24000005","E30000237","E16000150","E07000240","26UGGK","E00120442","26UGGK","E65000001","E01023719","E02004942","5","5B3","E00120442","E01023719","E02004942","E33027479","E38000079","E63011632","C1","7A3",51.718020,-0.351797,"E37000048","","E23000027",20555,"E56000035","E54000025","E00120442","E01023719","E02004942"
"AL2 2RX","AL2  2RX","AL2 2RX","198001","","E10000015","E58000668","E07000240","E05013960","E04013288","0","514100","0203224","1","E18000006","E40000007","E92000001","E12000006","5","E14001507","E15000006","E24000005","E30000237","E16000150","E07000240","26UGGK","E00120443","26UGGK","E65000001","E01023721","E02004942","5","4D2","E00120443","E01023721","E02004942","E33027479","E38000079","E63011632","C1","5A2",51.716149,-0.349781,"E37000048","","E23000027",29941,"E56000035","E54000025","E00120443","E01023721","E02004942"
"AL2 2RY","AL2  2RY","AL2 2RY","198001","","E10000015","E58000668","E07000240","E05013960","E04013288","0","514067","0203292","1","E18000006","E40000007","E92000001","E12000006","5","E14001507","E15000006","E24000005","E30000237","E16000150","E07000240","26UGGK","E00120442","26UGGK","E65000001","E01023719","E02004942","5","5B3","E00120442","E01023719","E02004942","E33027479","E38000079","E63011632","C1","7A3",51.716767,-0.350236,"E37000048","","E23000027",20555,"E56000035","E54000025","E00120442","E01023719","E02004942"
"AL2 2RZ","AL2  2RZ","AL2 2RZ","198001","","E10000015","E58000668","E07000240","E05013960","E04013288","0","513991","0203266","1","E18000006","E40000007","E92000001","E12000006","5","E14001507","E15000006","E24000005","E30000237","E16000150","E07000240","26UGGK","E00120442","26UGGK","E65000001","E01023719","E02004942","5","5B3","E00120442","E01023719","E02004942","E33027479","E38000079","E63011632","C1","7A3",51.716548,-0.351344,"E37000048","","E23000027",20555,"E56000035","E54000025","E00120442","E01023719","E02004942"
"AL2 2SA","AL2  2SA","AL2 2SA","198001","","E10000015","E58000668","E07000240","E05013960","E04013288","0","514029","0203195","1","E18000006","E40000007","E92000001","E12000006","5","E14001507","E15000006","E24000005","E30000237","E16000150","E07000240","26UGGK","E00120445","26UGGK","E65000001","E01023721","E02004942","5","4B4","E00120445","E01023721","E02004942","E33027479","E38000079","E63011632","C1","6A1",51.715903,-0.350817,"E37000048","","E23000027",29941,"E56000035","E54000025","E00120445","E01023721","E02004942"
"AL2 2SB","AL2  2SB","AL2 2SB","198001","","E10000015","E58000668","E07000240","E05013960","E04013288","0","514010","0203162","1","E18000006","E40000007","E92000001","E12000006","5","E14001507","E15000006","E24000005","E30000237","E16000150","E07000240","26UGGK","E00120447","26UGGK","E65000001","E01023721","E02004942","5","6A2","E00120447","E01023721","E02004942","E33027479","E38000079","E63011632","C1","6B1",51.715610,-0.351103,"E37000048","","E23000027",29941,"E56000035","E54000025","E00120447","E01023721","E02004942"
"AL2 2SD","AL2  2SD","AL2 2SD","198001","","E10000015","E58000668","E07000240","E05013960","E04013288","0","513967","0203233","1","E18000006","E40000007","E92000001","E12000006","5","E14001507","E15000006","E24000005","E30000237","E16000150","E07000240","26UGGK","E00120447","26UGGK","E65000001","E01023721","E02004942","5","6A2","E00120447","E01023721","E02004942","E33027479","E38000079","E63011632","C1","6B1",51.716257,-0.351702,"E37000048","","E23000027",29941,"E56000035","E54000025","E00120447","E01023721","E02004942"
"AL2 2SE","AL2  2SE","AL2 2SE","198001","","E10000015","E58000668","E07000240","E05013960","E04013288","0","513859","0203240","1","E18000006","E40000007","E92000001","E12000006","5","E14001507","E15000006","E24000005","E30000237","E16000150","E07000240","26UGGK","E00120447","26UGGK","E65000001","E01023721","E02004942","5","6A2","E00120447","E01023721","E02004942","E33027479","E38000079","E63011632","C1","6B1",51.716342,-0.353262,"E37000048","","E23000027",29941,"E56000035","E54000025","E00120447","E01023721","E02004942"
"AL2 2SF","AL2  2SF","AL2 2SF","198001","","E10000015","E58000668","E07000240","E05013960","E04013288","0","513763","0203339","1","E18000006","E40000007","E92000001","E12000006","5","E14001507","E15000006","E24000005","E30000237","E16000150","E07000240","26UGGK","E00120441","26UGGK","E65000001","E01023719","E02004942","5","6B2","E00120441","E01023719","E02004942","E33027480","E38000079","E63011632","C1","5B3",51.717251,-0.354619,"E37000048","","E23000027",20555,"E56000035","E54000025","E00120441","E01023719","E02004942"
"AL2 2SG","AL2  2SG","AL2 2SG","198001","","E10000015","E58000668","E07000240","E05013960","E04013288","0","513876","0203274","1","E18000006","E40000007","E92000001","E12000006","5","E14001507","E15000006","E24000005","E30000237","E16000150","E07000240","26UGGK","E00120447","26UGGK","E65000001","E01023721","E02004942","5","6A2","E00120447","E01023721","E02004942","E33027479","E38000079","E63011632","C1","6B1",51.716644,-0.353005,"E37000048","","E23000027",29941,"E56000035","E54000025","E00120447","E01023721","E02004942"
"AL2 2SH","AL2  2SH","AL2 2SH","198001","","E10000015","E58000668","E07000240","E05013960","E04013288","0","513934","0203330","1","E18000006","E40000007","E92000001","E12000006","5","E14001507","E15000006","E24000005","E30000237","E16000150","E07000240","26UGGK","E00120442","26UGGK","E65000001","E01023719","E02004942","5","5B3","E00120442","E01023719","E02004942","E33027479","E38000079","E63011632","C1","7A3",51.717135,-0.352148,"E37000048","","E23000027",20555,"E56000035","E54000025","E00120442","E01023719","E02004942"
"AL2 2SJ","AL2  2SJ","AL2 2SJ","198001","","E10000015","E58000668","E07000240","E05013960","E04013288","0","513920","0203480","1","E18000006","E40000007","E92000001","E12000006","5","E14001507","E15000006","E24000005","E30000237","E16000150","E07000240","26UGGK","E00120441","26UGGK","E65000001","E01023719","E02004942","5","6B2","E00120441","E01023719","E02004942","E33027480","E38000079","E63011632","C1","5B3",51.718486,-0.352301,"E37000048","","E23000027",20555,"E56000035","E54000025","E00120441","E01023719","E02004942"
"AL2 2SL","AL2  2SL","AL2 2SL","200502","","E10000015","E58000668","E07000240","E05013960","E04013288","0","513990","0203133","1","E18000006","E40000007","E92000001","E12000006","5","E14001507","E15000006","E24000005","E30000237","E16000150","E07000240","26UGGK","E00120445","26UGGK","E65000001","E01023721","E02004942","5","4B4","E00120445","E01023721","E02004942","E33027479","E38000079","E63011632","C1","6A1",51.715358,-0.351379,"E37000048","","E23000027",29941,"E56000035","E54000025","E00120445","E01023721","E02004942"
"AL2 2SN","AL2  2SN","AL2 2SN","199412","","E10000015","E58000668","E07000240","E05013960","E04013288","0","514004","0203298","1","E18000006","E40000007","E92000001","E12000006","5","E14001507","E15000006","E24000005","E30000237","E16000150","E07000240","26UGGK","E00120442","26UGGK","E65000001","E01023719","E02004942","5","5B3","E00120442","E01023719","E02004942","E33027479","E38000079","E63011632","C1","7A3",51.716833,-0.351145,"E37000048","","E23000027",20555,"E56000035","E54000025","E00120442","E01023719","E02004942"
"AL2 2SP","AL2  2SP","AL2 2SP","200701","","E10000015","E58000668","E07000240","E05013960","E04013288","0","514253","0203757","1","E18000006","E40000007","E92000001","E12000006","5","E14001507","E15000006","E24000005","E30000237","E16000150","E07000240","26UGGK","E00120437","26UGGK","E65000001","E01023718","E02004942","5","4B1","E00120437","E01023718","E02004942","E33027480","E38000079","E63011632","C1","6A1",51.720908,-0.347392,"E37000048","","E23000027",27498,"E56000035","E54000025","E00120437","E01023718","E02004942"
"AL2 2SQ","AL2  2SQ","AL2 2SQ","198001","","E10000015","E58000668","E07000240","E05013960","E04013288","0","513845","0203343","1","E18000006","E40000007","E92000001","E12000006","5","E14001507","E15000006","E24000005","E30000237","E16000150","E07000240","26UGGK","E00120447","26UGGK","E65000001","E01023721","E02004942","5","6A2","E00120447","E01023721","E02004942","E33027479","E38000079","E63011632","C1","6B1",51.717270,-0.353431,"E37000048","","E23000027",29941,"E56000035","E54000025","E00120447","E01023721","E02004942"
"AL2 2SS","AL2  2SS","AL2 2SS","199612","199912","E10000015","E58000668","E07000240","E05013960","E04013288","1","514403","0203686","6","E18000006","E40000007","E92000001","E12000006","5","E14001507","E15000006","E24000005","E30000237","E16000150","E07000240","26UGGK","E00120435","26UGGK","E65000001","E01023718","E02004942","5","4A2","E00120435","E01023718","E02004942","E33027480","E38000079","E63011632","C1","5A2",51.720239,-0.345245,"E37000048","","E23000027",27498,"E56000035","E54000025","E00120435","E01023718","E02004942"
"AL2 2SW","AL2  2SW","AL2 2SW","199208","199405","E10000015","E58000668","E07000240","E05013960","E04013288","1","513900","0203400","8","E18000006","E40000007","E92000001","E12000006","5","E14001507","E15000006","E24000005","E30000237","E16000150","E07000240","26UGGK","E00120441","26UGGK","E65000001","E01023719","E02004942","5","6B2","E00120441","E01023719","E02004942","E33027480","E38000079","E63011632","C1","5B3",51.717771,-0.352617,"E37000048","","E23000027",20555,"E56000035","E54000025","E00120441","E01023719","E02004942"
"AL2 2TB","AL2  2TB","AL2 2TB","199405","","E10000015","E58000668","E07000240","E05013960","E04013288","0","514491","0203542","1","E18000006","E40000007","E92000001","E12000006","5","E14001507","E15000006","E24000005","E30000237","E16000150","E07000240","26UGGK","E00120440","26UGGK","E65000001","E01023720","E02004942","5","6D1","E00120440","E01023720","E02004942","E33027479","E38000079","E63011632","C1","5A2",51.718927,-0.344019,"E37000048","","E23000027",15513,"E56000035","E54000025","E00120440","E01023720","E02004942"
"AL2 2TS","AL2  2TS","AL2 2TS","198001","","E10000015","E58000668","E07000240","E05013960","E04013288","0","513996","0203820","1","E18000006","E40000007","E92000001","E12000006","5","E14001507","E15000006","E24000005","E30000237","E16000150","E07000240","26UGGK","E00120438","26UGGK","E65000001","E01023719","E02004942","5","5B1","E00120438","E01023719","E02004942","E33027480","E38000079","E63011632","C1","5A3",51.721526,-0.351091,"E37000048","","E23000027",20555,"E56000035","E54000025","E00120438","E01023719","E02004942"
"AL2 2TT","AL2  2TT","AL2 2TT","198001","","E10000015","E58000668","E07000240","E05013960","E04013288","0","513924","0203832","1","E18000006","E40000007","E92000001","E12000006","5","E14001507","E15000006","E24000005","E30000237","E16000150","E07000240","26UGGK","E00120438","26UGGK","E65000001","E01023719","E02004942","5","5B1","E00120438","E01023719","E02004942","E33027480","E38000079","E63011632","C1","5A3",51.721654,-0.352105,"E37000048","","E23000027",20555,"E56000035","E54000025","E00120438","E01023719","E02004942"
"AL2 2TU","AL2  2TU","AL2 2TU","198001","","E10000015","E58000668","E07000240","E05013960","E04013288","0","513850","0203823","1","E18000006","E40000007","E92000001","E12000006","5","E14001507","E15000006","E24000005","E30000237","E16000150","E07000240","26UGGK","E00120438","26UGGK","E65000001","E01023719","E02004942","5","5B1","E00120438","E01023719","E02004942","E33027480","E38000079","E63011632","C1","5A3",51.721583,-0.353202,"E37000048","","E23000027",20555,"E56000035","E54000025","E00120438","E01023719","E02004942"
"AL2 2TX","AL2  2TX","AL2 2TX","198001","","E10000015","E58000668","E07000240","E05013960","E04013288","0","513948","0203805","1","E18000006","E40000007","E92000001","E12000006","5","E14001507","E15000006","E24000005","E30000237","E16000150","E07000240","26UGGK","E00120438","26UGGK","E65000001","E01023719","E02004942","5","5B1","E00120438","E01023719","E02004942","E33027480","E38000079","E63011632","C1","5A3",51.721406,-0.351766,"E37000048","","E23000027",20555,"E56000035","E54000025","E00120438","E01023719","E02004942"
"AL2 2TY","AL2  2TY","AL2 2TY","198001","","E10000015","E58000668","E07000240","E05013960","E04013288","0","513891","0203772","1","E18000006","E40000007","E92000001","E12000006","5","E14001507","E15000006","E24000005","E30000237","E16000150","E07000240","26UGGK","E00120438","26UGGK","E65000001","E01023719","E02004942","5","5B1","E00120438","E01023719","E02004942","E33027480","E38000079","E63011632","C1","5A3",51.721116,-0.352626,"E37000048","","E23000027",20555,"E56000035","E54000025","E00120438","E01023719","E02004942"
"AL2 2TZ","AL2  2TZ","AL2 2TZ","198001","","E10000015","E58000668","E07000240","E05013960","E04013288","0","513850","0203739","1","E18000006","E40000007","E92000001","E12000006","5","E14001507","E15000006","E24000005","E30000237","E16000150","E07000240","26UGGK","E00120438","26UGGK","E65000001","E01023719","E02004942","5","5B1","E00120438","E01023719","E02004942","E33027480","E38000079","E63011632","C1","5A3",51.720828,-0.353230,"E37000048","","E23000027",20555,"E56000035","E54000025","E00120438","E01023719","E02004942"
"AL2 2UA","AL2  2UA","AL2 2UA","199612","199712","E10000015","E58000668","E07000240","E05013960","E04013288","1","514338","0203616","6","E18000006","E40000007","E92000001","E12000006","5","E14001507","E15000006","E24000005","E30000237","E16000150","E07000240","26UGGK","E00120435","26UGGK","E65000001","E01023718","E02004942","5","4A2","E00120435","E01023718","E02004942","E33027480","E38000079","E63011632","C1","5A2",51.719623,-0.346209,"E37000048","","E23000027",27498,"E56000035","E54000025","E00120435","E01023718","E02004942"
"AL2 2UZ","AL2  2UZ","AL2 2UZ","200302","200703","E10000015","E58000664","E07000240","E05013956","E43000290","1","517328","0206823","1","E18000006","E40000007","E92000001","E12000006","5","E14001507","E15000006","E24000005","E30000237","E16000150","E07000240","26UGFX","E00120196","26UGFX","E65000001","E01023667","E02004936","5","6D1","E00120196","E01023667","E02004936","E33027453","E38000079","E63011552","C1","5A2",51.747828,-0.301865,"E37000048","","E23000027",30628,"E56000035","E54000025","E00120196","E01023667","E02004936"
"AL2 2WA","AL2  2WA","AL2 2WA","200112","200204","E10000015","E58000664","E07000240","E05013956","E43000290","1","517328","0206823","1","E18000006","E40000007","E92000001","E12000006","5","E14001507","E15000006","E24000005","E30000237","E16000150","E07000240","26UGFX","E00120196","26UGFX","E65000001","E01023667","E02004936","5","6D1","E00120196","E01023667","E02004936","E33027453","E38000079","E63011552","C1","5A2",51.747828,-0.301865,"E37000048","","E23000027",30628,"E56000035","E54000025","E00120196","E01023667","E02004936"
"AL2 2WD","AL2  2WD","AL2 2WD","200205","200806","E10000015","E58000664","E07000240","E05013956","E43000290","1","517328","0206823","1","E18000006","E40000007","E92000001","E12000006","5","E14001507","E15000006","E24000005","E30000237","E16000150","E07000240","26UGFX","E00120196","26UGFX","E65000001","E01023667","E02004936","5","6D1","E00120196","E01023667","E02004936","E33027453","E38000079","E63011552","C1","5A2",51.747828,-0.301865,"E37000048","","E23000027",30628,"E56000035","E54000025","E00120196","E01023667","E02004936"
"AL2 2WG","AL2  2WG","AL2 2WG","200206","200306","E10000015","E58000668","E07000240","E05013960","E04013288","1","515075","0203754","5","E18000006","E40000007","E92000001","E12000006","5","E14001507","E15000006","E24000005","E30000237","E16000150","E07000240","26UGGK","E00120436","26UGGK","E65000001","E01023720","E02004942","5","2B1","E00169675","E01023720","E02004942","E33027481","E38000079","E63011623","C1","5A2",51.720713,-0.335499,"E37000048","","E23000027",15513,"E56000035","E54000025","E00169675","E01023720","E02004942"
"AL2 2WH","AL2  2WH","AL2 2WH","199512","202301","E10000015","E58000668","E07000240","E05013960","E04013288","1","515089","0203754","1","E18000006","E40000007","E92000001","E12000006","5","E14001507","E15000006","E24000005","E30000237","E16000150","E07000240","26UGGK","E00120436","26UGGK","E65000001","E01023720","E02004942","5","2B1","E00169675","E01023720","E02004942","E33027481","E38000079","E63011623","C1","5A2",51.720710,-0.335296,"E37000048","","E23000027",15513,"E56000035","E54000025","E00169675","E01023720","E02004942"
"AL2 2WZ","AL2  2WZ","AL2 2WZ","200409","200602","E10000015","E58000664","E07000240","E05013956","E43000290","1","517328","0206823","1","E18000006","E40000007","E92000001","E12000006","5","E14001507","E15000006","E24000005","E30000237","E16000150","E07000240","26UGFX","E00120196","26UGFX","E65000001","E01023667","E02004936","5","6D1","E00120196","E01023667","E02004936","E33027453","E38000079","E63011552","C1","5A2",51.747828,-0.301865,"E37000048","","E23000027",30628,"E56000035","E54000025","E00120196","E01023667","E02004936"
"AL2 2XA","AL2  2XA","AL2 2XA","200206","200402","E10000015","E58000668","E07000240","E05013960","E04013288","1","515075","0203754","5","E18000006","E40000007","E92000001","E12000006","5","E14001507","E15000006","E24000005","E30000237","E16000150","E07000240","26UGGK","E00120436","26UGGK","E65000001","E01023720","E02004942","5","2B1","E00169675","E01023720","E02004942","E33027481","E38000079","E63011623","C1","5A2",51.720713,-0.335499,"E37000048","","E23000027",15513,"E56000035","E54000025","E00169675","E01023720","E02004942"
"AL2 2XJ","AL2  2XJ","AL2 2XJ","200303","200407","E10000015","E58000668","E07000240","E05013960","E04013288","1","515075","0203754","5","E18000006","E40000007","E92000001","E12000006","5","E14001507","E15000006","E24000005","E30000237","E16000150","E07000240","26UGGK","E00120436","26UGGK","E65000001","E01023720","E02004942","5","2B1","E00169675","E01023720","E02004942","E33027481","E38000079","E63011623","C1","5A2",51.720713,-0.335499,"E37000048","","E23000027",15513,"E56000035","E54000025","E00169675","E01023720","E02004942"
"AL2 2XN","AL2  2XN","AL2 2XN","200303","200602","E10000015","E58000664","E07000240","E05013956","E43000290","1","517328","0206823","1","E18000006","E40000007","E92000001","E12000006","5","E14001507","E15000006","E24000005","E30000237","E16000150","E07000240","26UGFX","E00120196","26UGFX","E65000001","E01023667","E02004936","5","6D1","E00120196","E01023667","E02004936","E33027453","E38000079","E63011552","C1","5A2",51.747828,-0.301865,"E37000048","","E23000027",30628,"E56000035","E54000025","E00120196","E01023667","E02004936"
"AL2 2XP","AL2  2XP","AL2 2XP","200309","201109","E10000015","E58000664","E07000240","E05013956","E43000290","1","517328","0206823","1","E18000006","E40000007","E92000001","E12000006","5","E14001507","E15000006","E24000005","E30000237","E16000150","E07000240","26UGFX","E00120196","26UGFX","E65000001","E01023667","E02004936","5","6D1","E00120196","E01023667","E02004936","E33027453","E38000079","E63011552","C1","5A2",51.747828,-0.301865,"E37000048","","E23000027",30628,"E56000035","E54000025","E00120196","E01023667","E02004936"
"AL2 2XQ","AL2  2XQ","AL2 2XQ","200307","200602","E10000015","E58000664","E07000240","E05013956","E43000290","1","517328","0206823","1","E18000006","E40000007","E92000001","E12000006","5","E14001507","E15000006","E24000005","E30000237","E16000150","E07000240","26UGFX","E00120196","26UGFX","E65000001","E01023667","E02004936","5","6D1","E00120196","E01023667","E02004936","E33027453","E38000079","E63011552","C1","5A2",51.747828,-0.301865,"E37000048","","E23000027",30628,"E56000035","E54000025","E00120196","E01023667","E02004936"
"AL2 2XR","AL2  2XR","AL2 2XR","200309","200602","E10000015","E58000664","E07000240","E05013956","E43000290","1","517328","0206823","1","E18000006","E40000007","E92000001","E12000006","5","E14001507","E15000006","E24000005","E30000237","E16000150","E07000240","26UGFX","E00120196","26UGFX","E65000001","E01023667","E02004936","5","6D1","E00120196","E01023667","E02004936","E33027453","E38000079","E63011552","C1","5A2",51.747828,-0.301865,"E37000048","","E23000027",30628,"E56000035","E54000025","E00120196","E01023667","E02004936"
"AL2 2XY","AL2  2XY","AL2 2XY","200403","201001","E10000015","E58000664","E07000240","E05013956","E43000290","1","517328","0206823","1","E18000006","E40000007","E92000001","E12000006","5","E14001507","E15000006","E24000005","E30000237","E16000150","E07000240","26UGFX","E00120196","26UGFX","E65000001","E01023667","E02004936","5","6D1","E00120196","E01023667","E02004936","E33027453","E38000079","E63011552","C1","5A2",51.747828,-0.301865,"E37000048","","E23000027",30628,"E56000035","E54000025","E00120196","E01023667","E02004936"
"AL2 2XZ","AL2  2XZ","AL2 2XZ","200302","201105","E10000015","E58000664","E07000240","E05013956","E43000290","1","517328","0206823","1","E18000006","E40000007","E92000001","E12000006","5","E14001507","E15000006","E24000005","E30000237","E16000150","E07000240","26UGFX","E00120196","26UGFX","E65000001","E01023667","E02004936","5","6D1","E00120196","E01023667","E02004936","E33027453","E38000079","E63011552","C1","5A2",51.747828,-0.301865,"E37000048","","E23000027",30628,"E56000035","E54000025","E00120196","E01023667","E02004936"
"AL2 2YA","AL2  2YA","AL2 2YA","199806","201307","E10000015","E58000664","E07000240","E05013956","E43000290","1","517328","0206823","1","E18000006","E40000007","E92000001","E12000006","5","E14001507","E15000006","E24000005","E30000237","E16000150","E07000240","26UGFX","E00120196","26UGFX","E65000001","E01023667","E02004936","5","6D1","E00120196","E01023667","E02004936","E33027453","E38000079","E63011552","C1","5A2",51.747828,-0.301865,"E37000048","","E23000027",30628,"E56000035","E54000025","E00120196","E01023667","E02004936"
"AL2 2YY","AL2  2YY","AL2 2YY","199706","200309","E10000015","E58000668","E07000240","E05013960","E04013288","1","515099","0203638","1","E18000006","E40000007","E92000001","E12000006","5","E14001507","E15000006","E24000005","E30000237","E16000150","E07000240","26UGGK","E00120436","26UGGK","E65000001","E01023720","E02004942","5","2B1","E00169679","E01023720","E02004942","E33027481","E38000079","E63011623","C1","4A1",51.719666,-0.335190,"E37000048","","E23000027",15513,"E56000035","E54000025","E00169679","E01023720","E02004942"
"AL2 2YZ","AL2  2YZ","AL2 2YZ","200208","200609","E10000015","E58000664","E07000240","E05013956","E43000290","1","517328","0206823","1","E18000006","E40000007","E92000001","E12000006","5","E14001507","E15000006","E24000005","E30000237","E16000150","E07000240","26UGFX","E00120196","26UGFX","E65000001","E01023667","E02004936","5","6D1","E00120196","E01023667","E02004936","E33027453","E38000079","E63011552","C1","5A2",51.747828,-0.301865,"E37000048","","E23000027",30628,"E56000035","E54000025","E00120196","E01023667","E02004936"
"AL2 2ZD","AL2  2ZD","AL2 2ZD","199712","200602","E10000015","E58000664","E07000240","E05013956","E43000290","1","517328","0206823","1","E18000006","E40000007","E92000001","E12000006","5","E14001507","E15000006","E24000005","E30000237","E16000150","E07000240","26UGFX","E00120196","26UGFX","E65000001","E01023667","E02004936","5","6D1","E00120196","E01023667","E02004936","E33027453","E38000079","E63011552","C1","5A2",51.747828,-0.301865,"E37000048","","E23000027",30628,"E56000035","E54000025","E00120196","E01023667","E02004936"
"AL2 2ZE","AL2  2ZE","AL2 2ZE","199906","200408","E10000015","E58000664","E07000240","E05013956","E43000290","1","517328","0206823","1","E18000006","E40000007","E92000001","E12000006","5","E14001507","E15000006","E24000005","E30000237","E16000150","E07000240","26UGFX","E00120196","26UGFX","E65000001","E01023667","E02004936","5","6D1","E00120196","E01023667","E02004936","E33027453","E38000079","E63011552","C1","5A2",51.747828,-0.301865,"E37000048","","E23000027",30628,"E56000035","E54000025","E00120196","E01023667","E02004936"
"AL2 2ZF","AL2  2ZF","AL2 2ZF","199806","200103","E10000015","E58000668","E07000240","E05013960","E04013288","1","514403","0203686","6","E18000006","E40000007","E92000001","E12000006","5","E14001507","E15000006","E24000005","E30000237","E16000150","E07000240","26UGGK","E00120435","26UGGK","E65000001","E01023718","E02004942","5","4A2","E00120435","E01023718","E02004942","E33027480","E38000079","E63011632","C1","5A2",51.720239,-0.345245,"E37000048","","E23000027",27498,"E56000035","E54000025","E00120435","E01023718","E02004942"
"AL2 2ZG","AL2  2ZG","AL2 2ZG","199812","199906","E10000015","E58000668","E07000240","E05013960","E04013288","1","513800","0203700","8","E18000006","E40000007","E92000001","E12000006","5","E14001507","E15000006","E24000005","E30000237","E16000150","E07000240","26UGGK","E00120438","26UGGK","E65000001","E01023719","E02004942","5","5B1","E00120438","E01023719","E02004942","E33027480","E38000079","E63011632","C1","5A3",51.720488,-0.353966,"E37000048","","E23000027",20555,"E56000035","E54000025","E00120438","E01023719","E02004942"
"AL2 2ZH","AL2  2ZH","AL2 2ZH","199812","199912","E10000015","E58000668","E07000240","E05013960","E04013288","1","514403","0203686","6","E18000006","E40000007","E92000001","E12000006","5","E14001507","E15000006","E24000005","E30000237","E16000150","E07000240","26UGGK","E00120435","26UGGK","E65000001","E01023718","E02004942","5","4A2","E00120435","E01023718","E02004942","E33027480","E38000079","E63011632","C1","5A2",51.720239,-0.345245,"E37000048","","E23000027",27498,"E56000035","E54000025","E00120435","E01023718","E02004942"
"AL2 2ZJ","AL2  2ZJ","AL2 2ZJ","199812","201211","E10000015","E58000664","E07000240","E05013956","E43000290","1","517328","0206823","1","E18000006","E40000007","E92000001","E12000006","5","E14001507","E15000006","E24000005","E30000237","E16000150","E07000240","26UGFX","E00120196","26UGFX","E65000001","E01023667","E02004936","5","6D1","E00120196","E01023667","E02004936","E33027453","E38000079","E63011552","C1","5A2",51.747828,-0.301865,"E37000048","","E23000027",30628,"E56000035","E54000025","E00120196","E01023667","E02004936"
"AL2 2ZL","AL2  2ZL","AL2 2ZL","199812","200408","E10000015","E58000664","E07000240","E05013956","E43000290","1","517328","0206823","1","E18000006","E40000007","E92000001","E12000006","5","E14001507","E15000006","E24000005","E30000237","E16000150","E07000240","26UGFX","E00120196","26UGFX","E65000001","E01023667","E02004936","5","6D1","E00120196","E01023667","E02004936","E33027453","E38000079","E63011552","C1","5A2",51.747828,-0.301865,"E37000048","","E23000027",30628,"E56000035","E54000025","E00120196","E01023667","E02004936"
"AL2 2ZP","AL2  2ZP","AL2 2ZP","199912","200408","E10000015","E58000664","E07000240","E05013956","E43000290","1","517328","0206823","1","E18000006","E40000007","E92000001","E12000006","5","E14001507","E15000006","E24000005","E30000237","E16000150","E07000240","26UGFX","E00120196","26UGFX","E65000001","E01023667","E02004936","5","6D1","E00120196","E01023667","E02004936","E33027453","E38000079","E63011552","C1","5A2",51.747828,-0.301865,"E37000048","","E23000027",30628,"E56000035","E54000025","E00120196","E01023667","E02004936"
"AL2 2ZQ","AL2  2ZQ","AL2 2ZQ","200406","","E10000015","E58000664","E07000240","E05013956","E43000290","1","517321","0206803","1","E18000006","E40000007","E92000001","E12000006","5","E14001507","E15000006","E24000005","E30000237","E16000150","E07000240","26UGFX","E00120196","26UGFX","E65000001","E01023667","E02004936","5","6D1","E00120196","E01023667","E02004936","E33027453","E38000079","E63011552","C1","5A2",51.747650,-0.301973,"E37000048","","E23000027",30628,"E56000035","E54000025","E00120196","E01023667","E02004936"
"AL2 2ZS","AL2  2ZS","AL2 2ZS","200012","200201","E10000015","E58000664","E07000240","E05013956","E43000290","1","517328","0206823","1","E18000006","E40000007","E92000001","E12000006","5","E14001507","E15000006","E24000005","E30000237","E16000150","E07000240","26UGFX","E00120196","26UGFX","E65000001","E01023667","E02004936","5","6D1","E00120196","E01023667","E02004936","E33027453","E38000079","E63011552","C1","5A2",51.747828,-0.301865,"E37000048","","E23000027",30628,"E56000035","E54000025","E00120196","E01023667","E02004936"
"AL2 2ZT","AL2  2ZT","AL2 2ZT","200012","200107","E10000015","E58000668","E07000240","E05013960","E04013288","1","515099","0203638","5","E18000006","E40000007","E92000001","E12000006","5","E14001507","E15000006","E24000005","E30000237","E16000150","E07000240","26UGGK","E00120436","26UGGK","E65000001","E01023720","E02004942","5","2B1","E00169679","E01023720","E02004942","E33027481","E38000079","E63011623","C1","4A1",51.719666,-0.335190,"E37000048","","E23000027",15513,"E56000035","E54000025","E00169679","E01023720","E02004942"
"AL2 2ZU","AL2  2ZU","AL2 2ZU","200006","200307","E10000015","E58000664","E07000240","E05013956","E43000290","1","517328","0206823","1","E18000006","E40000007","E92000001","E12000006","5","E14001507","E15000006","E24000005","E30000237","E16000150","E07000240","26UGFX","E00120196","26UGFX","E65000001","E01023667","E02004936","5","6D1","E00120196","E01023667","E02004936","E33027453","E38000079","E63011552","C1","5A2",51.747828,-0.301865,"E37000048","","E23000027",30628,"E56000035","E54000025","E00120196","E01023667","E02004936"
"AL2 2ZW","AL2  2ZW","AL2 2ZW","200006","200602","E10000015","E58000664","E07000240","E05013956","E43000290","1","517328","0206823","1","E18000006","E40000007","E92000001","E12000006","5","E14001507","E15000006","E24000005","E30000237","E16000150","E07000240","26UGFX","E00120196","26UGFX","E65000001","E01023667","E02004936","5","6D1","E00120196","E01023667","E02004936","E33027453","E38000079","E63011552","C1","5A2",51.747828,-0.301865,"E37000048","","E23000027",30628,"E56000035","E54000025","E00120196","E01023667","E02004936"
"AL2 2ZX","AL2  2ZX","AL2 2ZX","200006","200204","E10000015","E58000664","E07000240","E05013956","E43000290","1","517328","0206823","1","E18000006","E40000007","E92000001","E12000006","5","E14001507","E15000006","E24000005","E30000237","E16000150","E07000240","26UGFX","E00120196","26UGFX","E65000001","E01023667","E02004936","5","6D1","E00120196","E01023667","E02004936","E33027453","E38000079","E63011552","C1","5A2",51.747828,-0.301865,"E37000048","","E23000027",30628,"E56000035","E54000025","E00120196","E01023667","E02004936"
"AL2 2ZY","AL2  2ZY","AL2 2ZY","199906","200006","E10000015","E58000668","E07000240","E05013960","E04013288","1","514403","0203686","6","E18000006","E40000007","E92000001","E12000006","5","E14001507","E15000006","E24000005","E30000237","E16000150","E07000240","26UGGK","E00120435","26UGGK","E65000001","E01023718","E02004942","5","4A2","E00120435","E01023718","E02004942","E33027480","E38000079","E63011632","C1","5A2",51.720239,-0.345245,"E37000048","","E23000027",27498,"E56000035","E54000025","E00120435","E01023718","E02004942"
"AL2 3AA","AL2  3AA","AL2 3AA","198001","","E10000015","E58000668","E07000240","E05013965","E04013288","0","513481","0205042","1","E18000006","E40000007","E92000001","E12000006","5","E14001507","E15000006","E24000005","E30000237","E16000150","E07000240","26UGGN","E00120521","26UGGN","E65000001","E01023730","E02004943","5","4B1","E00120521","E01023730","E02004943","E33027483","E38000079","E63011632","C1","6A1",51.732613,-0.358145,"E37000048","","E23000027",32734,"E56000035","E54000025","E00120521","E01023730","E02004943"
"AL2 3AB","AL2  3AB","AL2 3AB","198001","","E10000015","E58000668","E07000240","E05013965","E04013288","0","513463","0205141","1","E18000006","E40000007","E92000001","E12000006","5","E14001507","E15000006","E24000005","E30000237","E16000150","E07000240","26UGGN","E00120504","26UGGN","E65000001","E01023730","E02004943","5","4B4","E00120504","E01023730","E02004943","E33027483","E38000079","E63011632","C1","6A1",51.733507,-0.358373,"E37000048","","E23000027",32734,"E56000035","E54000025","E00120504","E01023730","E02004943"
"AL2 3AD","AL2  3AD","AL2 3AD","198001","","E10000015","E58000668","E07000240","E05013965","E04013288","0","513308","0205066","1","E18000006","E40000007","E92000001","E12000006","5","E14001507","E15000006","E24000005","E30000237","E16000150","E07000240","26UGGN","E00120504","26UGGN","E65000001","E01023730","E02004943","5","4B4","E00120504","E01023730","E02004943","E33027483","E38000079","E63011632","C1","6A1",51.732864,-0.360641,"E37000048","","E23000027",32734,"E56000035","E54000025","E00120504","E01023730","E02004943"
"AL2 3AE","AL2  3AE","AL2 3AE","198001","","E10000015","E58000668","E07000240","E05013965","E04013288","0","513283","0205017","1","E18000006","E40000007","E92000001","E12000006","5","E14001507","E15000006","E24000005","E30000237","E16000150","E07000240","26UGGN","E00120503","26UGGN","E65000001","E01023730","E02004943","5","4B2","E00120503","E01023730","E02004943","E33027483","E38000079","E63011632","C1","6A4",51.732429,-0.361019,"E37000048","","E23000027",32734,"E56000035","E54000025","E00120503","E01023730","E02004943"
"AL2 3AF","AL2  3AF","AL2 3AF","198001","","E10000015","E58000668","E07000240","E05013965","E04013288","0","513309","0204967","1","E18000006","E40000007","E92000001","E12000006","5","E14001507","E15000006","E24000005","E30000237","E16000150","E07000240","26UGGN","E00120503","26UGGN","E65000001","E01023730","E02004943","5","4B2","E00120503","E01023730","E02004943","E33027483","E38000079","E63011632","C1","6A4",51.731974,-0.360659,"E37000048","","E23000027",32734,"E56000035","E54000025","E00120503","E01023730","E02004943"
"AL2 3AG","AL2  3AG","AL2 3AG","198001","","E10000015","E58000668","E07000240","E05013965","E04013288","0","513432","0204852","1","E18000006","E40000007","E92000001","E12000006","5","E14001507","E15000006","E24000005","E30000237","E16000150","E07000240","26UGGN","E00120521","26UGGN","E65000001","E01023730","E02004943","5","4B1","E00120521","E01023730","E02004943","E33027483","E38000079","E63011632","C1","6A1",51.730916,-0.358916,"E37000048","","E23000027",32734,"E56000035","E54000025","E00120521","E01023730","E02004943"
"AL2 3AH","AL2  3AH","AL2 3AH","198001","","E10000015","E58000668","E07000240","E05013965","E04013288","0","513328","0204600","1","E18000006","E40000007","E92000001","E12000006","5","E14001507","E15000006","E24000005","E30000237","E16000150","E07000240","26UGGN","E00120521","26UGGN","E65000001","E01023730","E02004943","5","4B1","E00120521","E01023730","E02004943","E33027483","E38000079","E63011632","C1","6A1",51.728672,-0.360503,"E37000048","","E23000027",32734,"E56000035","E54000025","E00120521","E01023730","E02004943"
"AL2 3AJ","AL2  3AJ","AL2 3AJ","198001","","E10000015","E58000668","E07000240","E05013965","E04013288","0","513245","0204572","1","E18000006","E40000007","E92000001","E12000006","5","E14001507","E15000006","E24000005","E30000237","E16000150","E07000240","26UGGN","E00120508","26UGGN","E65000001","E01023730","E02004943","5","4D2","E00120508","E01023730","E02004943","E33027484","E38000079","E63011632","C1","6A1",51.728437,-0.361714,"E37000048","","E23000027",32734,"E56000035","E54000025","E00120508","E01023730","E02004943"
"AL2 3AL","AL2  3AL","AL2 3AL","198001","","E10000015","E58000668","E07000240","E05013965","E04013288","0","513033","0204509","1","E18000006","E40000007","E92000001","E12000006","5","E14001507","E15000006","E24000005","E30000237","E16000150","E07000240","26UGGN","E00120508","26UGGN","E65000001","E01023730","E02004943","5","4D2","E00120508","E01023730","E02004943","E33027484","E38000079","E63011632","C1","6A1",51.727919,-0.364779,"E37000048","","E23000027",32734,"E56000035","E54000025","E00120508","E01023730","E02004943"
"AL2 3AN","AL2  3AN","AL2 3AN","198001","","E10000015","E58000668","E07000240","E05013965","E04013288","0","513149","0204596","1","E18000006","E40000007","E92000001","E12000006","5","E14001507","E15000006","E24000005","E30000237","E16000150","E07000240","26UGGN","E00120508","26UGGN","E65000001","E01023730","E02004943","5","4D2","E00120508","E01023730","E02004943","E33027484","E38000079","E63011632","C1","6A1",51.728672,-0.363095,"E37000048","","E23000027",32734,"E56000035","E54000025","E00120508","E01023730","E02004943"
"AL2 3AP","AL2  3AP","AL2 3AP","198001","","E10000015","E58000668","E07000240","E05013965","E04013288","0","513240","0204687","1","E18000006","E40000007","E92000001","E12000006","5","E14001507","E15000006","E24000005","E30000237","E16000150","E07000240","26UGGN","E00120503","26UGGN","E65000001","E01023730","E02004943","5","4B2","E00120503","E01023730","E02004943","E33027483","E38000079","E63011632","C1","6A4",51.729472,-0.361749,"E37000048","","E23000027",32734,"E56000035","E54000025","E00120503","E01023730","E02004943"
"AL2 3AQ","AL2  3AQ","AL2 3AQ","198001","","E10000015","E58000668","E07000240","E05013965","E04013288","0","513338","0204737","1","E18000006","E40000007","E92000001","E12000006","5","E14001507","E15000006","E24000005","E30000237","E16000150","E07000240","26UGGN","E00120504","26UGGN","E65000001","E01023730","E02004943","5","4B4","E00120504","E01023730","E02004943","E33027483","E38000079","E63011632","C1","6A1",51.729901,-0.360314,"E37000048","","E23000027",32734,"E56000035","E54000025","E00120504","E01023730","E02004943"
"AL2 3AR","AL2  3AR","AL2 3AR","198001","","E10000015","E58000668","E07000240","E05013965","E04013288","0","513139","0204680","1","E18000006","E40000007","E92000001","E12000006","5","E14001507","E15000006","E24000005","E30000237","E16000150","E07000240","26UGGN","E00120503","26UGGN","E65000001","E01023730","E02004943","5","4B2","E00120503","E01023730","E02004943","E33027483","E38000079","E63011632","C1","6A4",51.729429,-0.363213,"E37000048","","E23000027",32734,"E56000035","E54000025","E00120503","E01023730","E02004943"
"AL2 3AS","AL2  3AS","AL2 3AS","198001","","E10000015","E58000668","E07000240","E05013965","E04013288","0","513168","0204712","1","E18000006","E40000007","E92000001","E12000006","5","E14001507","E15000006","E24000005","E30000237","E16000150","E07000240","26UGGN","E00120503","26UGGN","E65000001","E01023730","E02004943","5","4B2","E00120503","E01023730","E02004943","E33027483","E38000079","E63011632","C1","6A4",51.729711,-0.362783,"E37000048","","E23000027",32734,"E56000035","E54000025","E00120503","E01023730","E02004943"
"AL2 3AT","AL2  3AT","AL2 3AT","198001","","E10000015","E58000668","E07000240","E05013965","E04013288","0","513127","0204817","1","E18000006","E40000007","E92000001","E12000006","5","E14001507","E15000006","E24000005","E30000237","E16000150","E07000240","26UGGN","E00120503","26UGGN","E65000001","E01023730","E02004943","5","4B2","E00120503","E01023730","E02004943","E33027483","E38000079","E63011632","C1","6A4",51.730663,-0.363342,"E37000048","","E23000027",32734,"E56000035","E54000025","E00120503","E01023730","E02004943"
"AL2 3AU","AL2  3AU","AL2 3AU","199501","200607","E10000015","E58000664","E07000240","E05013956","E43000290","1","517328","0206823","1","E18000006","E40000007","E92000001","E12000006","5","E14001507","E15000006","E24000005","E30000237","E16000150","E07000240","26UGFX","E00120196","26UGFX","E65000001","E01023667","E02004936","5","6D1","E00120196","E01023667","E02004936","E33027453","E38000079","E63011552","C1","5A2",51.747828,-0.301865,"E37000048","","E23000027",30628,"E56000035","E54000025","E00120196","E01023667","E02004936"
"AL2 3AW","AL2  3AW","AL2 3AW","198001","","E10000015","E58000668","E07000240","E05013965","E04013288","0","513270","0204654","1","E18000006","E40000007","E92000001","E12000006","5","E14001507","E15000006","E24000005","E30000237","E16000150","E07000240","26UGGN","E00120508","26UGGN","E65000001","E01023730","E02004943","5","4D2","E00120508","E01023730","E02004943","E33027484","E38000079","E63011632","C1","6A1",51.729169,-0.361325,"E37000048","","E23000027",32734,"E56000035","E54000025","E00120508","E01023730","E02004943"
"AL2 3AX","AL2  3AX","AL2 3AX","198001","","E10000015","E58000668","E07000240","E05013965","E04013288","0","513242","0204828","1","E18000006","E40000007","E92000001","E12000006","5","E14001507","E15000006","E24000005","E30000237","E16000150","E07000240","26UGGN","E00120503","26UGGN","E65000001","E01023730","E02004943","5","4B2","E00120503","E01023730","E02004943","E33027483","E38000079","E63011632","C1","6A4",51.730738,-0.361674,"E37000048","","E23000027",32734,"E56000035","E54000025","E00120503","E01023730","E02004943"
"AL2 3AY","AL2  3AY","AL2 3AY","198001","","E10000015","E58000668","E07000240","E05013965","E04013288","0","513196","0204803","1","E18000006","E40000007","E92000001","E12000006","5","E14001507","E15000006","E24000005","E30000237","E16000150","E07000240","26UGGN","E00120503","26UGGN","E65000001","E01023730","E02004943","5","4B2","E00120503","E01023730","E02004943","E33027483","E38000079","E63011632","C1","6A4",51.730523,-0.362348,"E37000048","","E23000027",32734,"E56000035","E54000025","E00120503","E01023730","E02004943"
"AL2 3AZ","AL2  3AZ","AL2 3AZ","198001","","E10000015","E58000668","E07000240","E05013965","E04013288","0","513352","0204887","1","E18000006","E40000007","E92000001","E12000006","5","E14001507","E15000006","E24000005","E30000237","E16000150","E07000240","26UGGN","E00120504","26UGGN","E65000001","E01023730","E02004943","5","4B4","E00120504","E01023730","E02004943","E33027483","E38000079","E63011632","C1","6A1",51.731246,-0.360063,"E37000048","","E23000027",32734,"E56000035","E54000025","E00120504","E01023730","E02004943"
"AL2 3BA","AL2  3BA","AL2 3BA","198001","","E10000015","E58000668","E07000240","E05013965","E04013288","0","513198","0204920","1","E18000006","E40000007","E92000001","E12000006","5","E14001507","E15000006","E24000005","E30000237","E16000150","E07000240","26UGGN","E00120503","26UGGN","E65000001","E01023730","E02004943","5","4B2","E00120503","E01023730","E02004943","E33027483","E38000079","E63011632","C1","6A4",51.731574,-0.362281,"E37000048","","E23000027",32734,"E56000035","E54000025","E00120503","E01023730","E02004943"
"AL2 3BB","AL2  3BB","AL2 3BB","198001","","E10000015","E58000668","E07000240","E05013965","E04013288","0","513198","0204959","1","E18000006","E40000007","E92000001","E12000006","5","E14001507","E15000006","E24000005","E30000237","E16000150","E07000240","26UGGN","E00120503","26UGGN","E65000001","E01023730","E02004943","5","4B2","E00120503","E01023730","E02004943","E33027483","E38000079","E63011632","C1","6A4",51.731925,-0.362268,"E37000048","","E23000027",32734,"E56000035","E54000025","E00120503","E01023730","E02004943"
"AL2 3BD","AL2  3BD","AL2 3BD","198001","","E10000015","E58000668","E07000240","E05013965","E04013288","0","513259","0204924","1","E18000006","E40000007","E92000001","E12000006","5","E14001507","E15000006","E24000005","E30000237","E16000150","E07000240","26UGGN","E00120503","26UGGN","E65000001","E01023730","E02004943","5","4B2","E00120503","E01023730","E02004943","E33027483","E38000079","E63011632","C1","6A4",51.731598,-0.361397,"E37000048","","E23000027",32734,"E56000035","E54000025","E00120503","E01023730","E02004943"
"AL2 3BE","AL2  3BE","AL2 3BE","198001","","E10000015","E58000668","E07000240","E05013965","E04013288","0","513155","0205121","1","E18000006","E40000007","E92000001","E12000006","5","E14001507","E15000006","E24000005","E30000237","E16000150","E07000240","26UGGN","E00120504","26UGGN","E65000001","E01023730","E02004943","5","4B4","E00120504","E01023730","E02004943","E33027483","E38000079","E63011632","C1","6A1",51.733389,-0.362838,"E37000048","","E23000027",32734,"E56000035","E54000025","E00120504","E01023730","E02004943"
"AL2 3BF","AL2  3BF","AL2 3BF","199706","200201","E10000015","E58000664","E07000240","E05013956","E43000290","1","517328","0206823","1","E18000006","E40000007","E92000001","E12000006","5","E14001507","E15000006","E24000005","E30000237","E16000150","E07000240","26UGFX","E00120196","26UGFX","E65000001","E01023667","E02004936","5","6D1","E00120196","E01023667","E02004936","E33027453","E38000079","E63011552","C1","5A2",51.747828,-0.301865,"E37000048","","E23000027",30628,"E56000035","E54000025","E00120196","E01023667","E02004936"
"AL2 3BG","AL2  3BG","AL2 3BG","198001","","E10000015","E58000668","E07000240","E05013965","E04013288","0","513169","0205023","1","E18000006","E40000007","E92000001","E12000006","5","E14001507","E15000006","E24000005","E30000237","E16000150","E07000240","26UGGN","E00120504","26UGGN","E65000001","E01023730","E02004943","5","4B4","E00120504","E01023730","E02004943","E33027483","E38000079","E63011632","C1","6A1",51.732506,-0.362667,"E37000048","","E23000027",32734,"E56000035","E54000025","E00120504","E01023730","E02004943"
"AL2 3BH","AL2  3BH","AL2 3BH","198001","","E10000015","E58000668","E07000240","E05013965","E04013288","0","513142","0204989","1","E18000006","E40000007","E92000001","E12000006","5","E14001507","E15000006","E24000005","E30000237","E16000150","E07000240","26UGGN","E00120503","26UGGN","E65000001","E01023730","E02004943","5","4B2","E00120503","E01023730","E02004943","E33027483","E38000079","E63011632","C1","6A4",51.732206,-0.363069,"E37000048","","E23000027",32734,"E56000035","E54000025","E00120503","E01023730","E02004943"
"AL2 3BJ","AL2  3BJ","AL2 3BJ","198001","","E10000015","E58000668","E07000240","E05013965","E04013288","0","513189","0205095","1","E18000006","E40000007","E92000001","E12000006","5","E14001507","E15000006","E24000005","E30000237","E16000150","E07000240","26UGGN","E00120504","26UGGN","E65000001","E01023730","E02004943","5","4B4","E00120504","E01023730","E02004943","E33027483","E38000079","E63011632","C1","6A1",51.733149,-0.362354,"E37000048","","E23000027",32734,"E56000035","E54000025","E00120504","E01023730","E02004943"
"AL2 3BL","AL2  3BL","AL2 3BL","199612","200602","E10000015","E58000664","E07000240","E05013956","E43000290","1","517328","0206823","1","E18000006","E40000007","E92000001","E12000006","5","E14001507","E15000006","E24000005","E30000237","E16000150","E07000240","26UGFX","E00120196","26UGFX","E65000001","E01023667","E02004936","5","6D1","E00120196","E01023667","E02004936","E33027453","E38000079","E63011552","C1","5A2",51.747828,-0.301865,"E37000048","","E23000027",30628,"E56000035","E54000025","E00120196","E01023667","E02004936"
"AL2 3BN","AL2  3BN","AL2 3BN","200806","","E10000015","E58000668","E07000240","E05013965","E04013288","0","513296","0204387","1","E18000006","E40000007","E92000001","E12000006","5","E14001507","E15000006","E24000005","E30000237","E16000150","E07000240","26UGGN","E00120508","26UGGN","E65000001","E01023730","E02004943","5","4D2","E00120508","E01023730","E02004943","E33027484","E38000079","E63011632","C1","6A1",51.726764,-0.361036,"E37000048","","E23000027",32734,"E56000035","E54000025","E00120508","E01023730","E02004943"
"AL2 3BP","AL2  3BP","AL2 3BP","199706","199912","E10000015","E58000668","E07000240","E05013965","E04013288","1","513044","0203196","6","E18000006","E40000007","E92000001","E12000006","5","E14001507","E15000006","E24000005","E30000237","E16000150","E07000240","26UGGN","E00120512","26UGGN","E65000001","E01023732","E02004943","6","3A2","E00120512","E01023732","E02004943","E33024344","E38000079","E63011632","F1","1C3",51.716111,-0.365069,"E37000048","","E23000027",24029,"E56000035","E54000025","E00120512","E01023732","E02004943"
"AL2 3BQ","AL2  3BQ","AL2 3BQ","198001","","E10000015","E58000668","E07000240","E05013965","E04013288","0","513113","0205103","1","E18000006","E40000007","E92000001","E12000006","5","E14001507","E15000006","E24000005","E30000237","E16000150","E07000240","26UGGN","E00120504","26UGGN","E65000001","E01023730","E02004943","5","4B4","E00120504","E01023730","E02004943","E33027483","E38000079","E63011632","C1","6A1",51.733236,-0.363452,"E37000048","","E23000027",32734,"E56000035","E54000025","E00120504","E01023730","E02004943"
"AL2 3BS","AL2  3BS","AL2 3BS","199606","199812","E10000015","E58000668","E07000240","E05013965","E04013288","1","513079","0203269","6","E18000006","E40000007","E92000001","E12000006","5","E14001507","E15000006","E24000005","E30000237","E16000150","E07000240","26UGGN","E00120512","26UGGN","E65000001","E01023732","E02004943","6","3A2","E00120512","E01023732","E02004943","E33024344","E38000079","E63011632","F1","1C3",51.716760,-0.364539,"E37000048","","E23000027",24029,"E56000035","E54000025","E00120512","E01023732","E02004943"
"AL2 3BT","AL2  3BT","AL2 3BT","200106","200605","E10000015","E58000664","E07000240","E05013956","E43000290","1","517328","0206823","1","E18000006","E40000007","E92000001","E12000006","5","E14001507","E15000006","E24000005","E30000237","E16000150","E07000240","26UGFX","E00120196","26UGFX","E65000001","E01023667","E02004936","5","6D1","E00120196","E01023667","E02004936","E33027453","E38000079","E63011552","C1","5A2",51.747828,-0.301865,"E37000048","","E23000027",30628,"E56000035","E54000025","E00120196","E01023667","E02004936"
"AL2 3BU","AL2  3BU","AL2 3BU","200603","201810","E10000015","E58000664","E07000240","E05013956","E43000290","1","517321","0206803","1","E18000006","E40000007","E92000001","E12000006","5","E14001507","E15000006","E24000005","E30000237","E16000150","E07000240","26UGFX","E00120196","26UGFX","E65000001","E01023667","E02004936","5","6D1","E00120196","E01023667","E02004936","E33027453","E38000079","E63011552","C1","5A2",51.747650,-0.301973,"E37000048","","E23000027",30628,"E56000035","E54000025","E00120196","E01023667","E02004936"
"AL2 3BW","AL2  3BW","AL2 3BW","200112","200406","E10000015","E58000664","E07000240","E05013956","E43000290","1","517328","0206823","1","E18000006","E40000007","E92000001","E12000006","5","E14001507","E15000006","E24000005","E30000237","E16000150","E07000240","26UGFX","E00120196","26UGFX","E65000001","E01023667","E02004936","5","6D1","E00120196","E01023667","E02004936","E33027453","E38000079","E63011552","C1","5A2",51.747828,-0.301865,"E37000048","","E23000027",30628,"E56000035","E54000025","E00120196","E01023667","E02004936"
"AL2 3BX","AL2  3BX","AL2 3BX","200206","","E10000015","E58000668","E07000240","E05013965","E04013288","0","512201","0202406","1","E18000006","E40000007","E92000001","E12000006","5","E14001507","E15000006","E24000005","E30000237","E16000150","E07000240","26UGGN","E00120513","26UGGN","E65000001","E01023732","E02004943","5","4D2","E00120513","E01023732","E02004943","E33027485","E38000079","E63011666","C1","6A1",51.709185,-0.377496,"E37000048","","E23000027",24029,"E56000035","E54000025","E00120513","E01023732","E02004943"
"AL2 3BY","AL2  3BY","AL2 3BY","199412","","E10000015","E58000668","E07000240","E05013965","E04013288","0","513454","0204362","1","E18000006","E40000007","E92000001","E12000006","5","E14001507","E15000006","E24000005","E30000237","E16000150","E07000240","26UGGN","E00120506","26UGGN","E65000001","E01023731","E02004943","5","4D1","E00120506","E01023731","E02004943","E33027484","E38000079","E63011632","C1","6A1",51.726513,-0.358734,"E37000048","","E23000027",27377,"E56000035","E54000025","E00120506","E01023731","E02004943"
"AL2 3BZ","AL2  3BZ","AL2 3BZ","198604","199806","E10000015","E58000668","E07000240","E05013965","E04013288","1","513079","0203269","6","E18000006","E40000007","E92000001","E12000006","5","E14001507","E15000006","E24000005","E30000237","E16000150","E07000240","26UGGN","E00120512","26UGGN","E65000001","E01023732","E02004943","6","3A2","E00120512","E01023732","E02004943","E33024344","E38000079","E63011632","F1","1C3",51.716760,-0.364539,"E37000048","","E23000027",24029,"E56000035","E54000025","E00120512","E01023732","E02004943"
"AL2 3DA","AL2  3DA","AL2 3DA","198001","","E10000015","E58000668","E07000240","E05013965","E04013288","0","513414","0204490","1","E18000006","E40000007","E92000001","E12000006","5","E14001507","E15000006","E24000005","E30000237","E16000150","E07000240","26UGGN","E00120506","26UGGN","E65000001","E01023731","E02004943","5","4D1","E00120506","E01023731","E02004943","E33027484","E38000079","E63011632","C1","6A1",51.727671,-0.359271,"E37000048","","E23000027",27377,"E56000035","E54000025","E00120506","E01023731","E02004943"
"AL2 3DB","AL2  3DB","AL2 3DB","198001","","E10000015","E58000668","E07000240","E05013965","E04013288","0","513428","0204326","1","E18000006","E40000007","E92000001","E12000006","5","E14001507","E15000006","E24000005","E30000237","E16000150","E07000240","26UGGN","E00120506","26UGGN","E65000001","E01023731","E02004943","5","4D1","E00120506","E01023731","E02004943","E33027484","E38000079","E63011632","C1","6A1",51.726189,-0.359145,"E37000048","","E23000027",27377,"E56000035","E54000025","E00120506","E01023731","E02004943"
"AL2 3DD","AL2  3DD","AL2 3DD","198001","","E10000015","E58000668","E07000240","E05013965","E04013288","0","513441","0204186","1","E18000006","E40000007","E92000001","E12000006","5","E14001507","E15000006","E24000005","E30000237","E16000150","E07000240","26UGGN","E00120510","26UGGN","E65000001","E01023731","E02004943","5","6B2","E00120510","E01023731","E02004943","E33027484","E38000079","E63011632","C1","5B1",51.724928,-0.359003,"E37000048","","E23000027",27377,"E56000035","E54000025","E00120510","E01023731","E02004943"
"AL2 3DE","AL2  3DE","AL2 3DE","198001","","E10000015","E58000668","E07000240","E05013965","E04013288","0","513517","0204055","1","E18000006","E40000007","E92000001","E12000006","5","E14001507","E15000006","E24000005","E30000237","E16000150","E07000240","26UGGN","E00120510","26UGGN","E65000001","E01023731","E02004943","5","6B2","E00120510","E01023731","E02004943","E33027484","E38000079","E63011632","C1","5B1",51.723741,-0.357922,"E37000048","","E23000027",27377,"E56000035","E54000025","E00120510","E01023731","E02004943"
"AL2 3DF","AL2  3DF","AL2 3DF","198001","","E10000015","E58000668","E07000240","E05013965","E04013288","0","513387","0204044","1","E18000006","E40000007","E92000001","E12000006","5","E14001507","E15000006","E24000005","E30000237","E16000150","E07000240","26UGGN","E00120506","26UGGN","E65000001","E01023731","E02004943","5","4D1","E00120506","E01023731","E02004943","E33027484","E38000079","E63011632","C1","6A1",51.723663,-0.359830,"E37000048","","E23000027",27377,"E56000035","E54000025","E00120506","E01023731","E02004943"
"AL2 3DG","AL2  3DG","AL2 3DG","198001","","E10000015","E58000668","E07000240","E05013965","E04013288","0","513439","0203945","1","E18000006","E40000007","E92000001","E12000006","5","E14001507","E15000006","E24000005","E30000237","E16000150","E07000240","26UGGN","E00120511","26UGGN","E65000001","E01023731","E02004943","5","4D2","E00120511","E01023731","E02004943","E33027484","E38000079","E63011632","C1","5B1",51.722763,-0.359110,"E37000048","","E23000027",27377,"E56000035","E54000025","E00120511","E01023731","E02004943"
"AL2 3DH","AL2  3DH","AL2 3DH","198001","","E10000015","E58000668","E07000240","E05013965","E04013288","0","513352","0203869","1","E18000006","E40000007","E92000001","E12000006","5","E14001507","E15000006","E24000005","E30000237","E16000150","E07000240","26UGGN","E00120511","26UGGN","E65000001","E01023731","E02004943","5","4D2","E00120511","E01023731","E02004943","E33027484","E38000079","E63011632","C1","5B1",51.722097,-0.360394,"E37000048","","E23000027",27377,"E56000035","E54000025","E00120511","E01023731","E02004943"
"AL2 3DJ","AL2  3DJ","AL2 3DJ","198001","","E10000015","E58000668","E07000240","E05013965","E04013288","0","513260","0203828","1","E18000006","E40000007","E92000001","E12000006","5","E14001507","E15000006","E24000005","E30000237","E16000150","E07000240","26UGGN","E00120509","26UGGN","E65000001","E01023731","E02004943","5","6D1","E00120509","E01023731","E02004943","E33027484","E38000079","E63011632","C1","5A2",51.721747,-0.361738,"E37000048","","E23000027",27377,"E56000035","E54000025","E00120509","E01023731","E02004943"
"AL2 3DL","AL2  3DL","AL2 3DL","198001","","E10000015","E58000668","E07000240","E05013965","E04013288","0","513358","0204355","1","E18000006","E40000007","E92000001","E12000006","5","E14001507","E15000006","E24000005","E30000237","E16000150","E07000240","26UGGN","E00120506","26UGGN","E65000001","E01023731","E02004943","5","4D1","E00120506","E01023731","E02004943","E33027484","E38000079","E63011632","C1","6A1",51.726464,-0.360149,"E37000048","","E23000027",27377,"E56000035","E54000025","E00120506","E01023731","E02004943"
"AL2 3DN","AL2  3DN","AL2 3DN","198001","","E10000015","E58000668","E07000240","E05013965","E04013288","0","513377","0204220","1","E18000006","E40000007","E92000001","E12000006","5","E14001507","E15000006","E24000005","E30000237","E16000150","E07000240","26UGGN","E00120506","26UGGN","E65000001","E01023731","E02004943","5","4D1","E00120506","E01023731","E02004943","E33027484","E38000079","E63011632","C1","6A1",51.725247,-0.359918,"E37000048","","E23000027",27377,"E56000035","E54000025","E00120506","E01023731","E02004943"
"AL2 3DP","AL2  3DP","AL2 3DP","198001","","E10000015","E58000668","E07000240","E05013965","E04013288","0","513191","0203911","1","E18000006","E40000007","E92000001","E12000006","5","E14001507","E15000006","E24000005","E30000237","E16000150","E07000240","26UGGN","E00120509","26UGGN","E65000001","E01023731","E02004943","5","6D1","E00120509","E01023731","E02004943","E33027484","E38000079","E63011632","C1","5A2",51.722507,-0.362710,"E37000048","","E23000027",27377,"E56000035","E54000025","E00120509","E01023731","E02004943"
"AL2 3DQ","AL2  3DQ","AL2 3DQ","198001","","E10000015","E58000668","E07000240","E05013965","E04013288","0","513495","0203890","1","E18000006","E40000007","E92000001","E12000006","5","E14001507","E15000006","E24000005","E30000237","E16000150","E07000240","26UGGN","E00120511","26UGGN","E65000001","E01023731","E02004943","5","4D2","E00120511","E01023731","E02004943","E33027484","E38000079","E63011632","C1","5B1",51.722257,-0.358318,"E37000048","","E23000027",27377,"E56000035","E54000025","E00120511","E01023731","E02004943"
"AL2 3DR","AL2  3DR","AL2 3DR","198001","","E10000015","E58000668","E07000240","E05013965","E04013288","0","513124","0203847","1","E18000006","E40000007","E92000001","E12000006","5","E14001507","E15000006","E24000005","E30000237","E16000150","E07000240","26UGGN","E00120512","26UGGN","E65000001","E01023732","E02004943","6","3A2","E00120512","E01023732","E02004943","E33024344","E38000079","E63011632","F1","1C3",51.721945,-0.363700,"E37000048","","E23000027",24029,"E56000035","E54000025","E00120512","E01023732","E02004943"
"AL2 3DS","AL2  3DS","AL2 3DS","198001","","E10000015","E58000668","E07000240","E05013965","E04013288","1","513044","0203814","1","E18000006","E40000007","E92000001","E12000006","5","E14001507","E15000006","E24000005","E30000237","E16000150","E07000240","26UGGN","E00120512","26UGGN","E65000001","E01023732","E02004943","6","3A2","E00120512","E01023732","E02004943","E33024344","E38000079","E63011632","F1","1C3",51.721665,-0.364868,"E37000048","","E23000027",24029,"E56000035","E54000025","E00120512","E01023732","E02004943"
"AL2 3DT","AL2  3DT","AL2 3DT","199208","","E10000015","E58000668","E07000240","E05013965","E04013288","0","513236","0203961","1","E18000006","E40000007","E92000001","E12000006","5","E14001507","E15000006","E24000005","E30000237","E16000150","E07000240","26UGGN","E00120509","26UGGN","E65000001","E01023731","E02004943","5","6D1","E00120509","E01023731","E02004943","E33027484","E38000079","E63011632","C1","5A2",51.722947,-0.362042,"E37000048","","E23000027",27377,"E56000035","E54000025","E00120509","E01023731","E02004943"
"AL2 3DU","AL2  3DU","AL2 3DU","198001","","E10000015","E58000668","E07000240","E05013965","E04013288","0","513218","0203862","1","E18000006","E40000007","E92000001","E12000006","5","E14001507","E15000006","E24000005","E30000237","E16000150","E07000240","26UGGN","E00120509","26UGGN","E65000001","E01023731","E02004943","5","6D1","E00120509","E01023731","E02004943","E33027484","E38000079","E63011632","C1","5A2",51.722061,-0.362335,"E37000048","","E23000027",27377,"E56000035","E54000025","E00120509","E01023731","E02004943"
"AL2 3DW","AL2  3DW","AL2 3DW","198001","","E10000015","E58000668","E07000240","E05013965","E04013288","0","513312","0204048","1","E18000006","E40000007","E92000001","E12000006","5","E14001507","E15000006","E24000005","E30000237","E16000150","E07000240","26UGGN","E00120506","26UGGN","E65000001","E01023731","E02004943","5","4D1","E00120506","E01023731","E02004943","E33027484","E38000079","E63011632","C1","6A1",51.723714,-0.360914,"E37000048","","E23000027",27377,"E56000035","E54000025","E00120506","E01023731","E02004943"
"AL2 3DX","AL2  3DX","AL2 3DX","198504","","E10000015","E58000668","E07000240","E05013965","E04013288","0","512604","0201927","1","E18000006","E40000007","E92000001","E12000006","5","E14001507","E15000006","E24000005","E30000237","E16000150","E07000240","26UGGN","E00120519","26UGGN","E65000001","E01023733","E02004943","5","4B3","E00120519","E01023733","E02004943","E33027482","E38000079","E63011666","C1","6A1",51.704794,-0.371845,"E37000048","","E23000027",31739,"E56000035","E54000025","E00120519","E01023733","E02004943"
"AL2 3DY","AL2  3DY","AL2 3DY","198001","","E10000015","E58000668","E07000240","E05013965","E04013288","0","513328","0203970","1","E18000006","E40000007","E92000001","E12000006","5","E14001507","E15000006","E24000005","E30000237","E16000150","E07000240","26UGGN","E00120511","26UGGN","E65000001","E01023731","E02004943","5","4D2","E00120511","E01023731","E02004943","E33027484","E38000079","E63011632","C1","5B1",51.723010,-0.360708,"E37000048","","E23000027",27377,"E56000035","E54000025","E00120511","E01023731","E02004943"
"AL2 3DZ","AL2  3DZ","AL2 3DZ","198001","","E10000015","E58000668","E07000240","E05013965","E04013288","0","513293","0204468","1","E18000006","E40000007","E92000001","E12000006","5","E14001507","E15000006","E24000005","E30000237","E16000150","E07000240","26UGGN","E00120508","26UGGN","E65000001","E01023730","E02004943","5","4D2","E00120508","E01023730","E02004943","E33027484","E38000079","E63011632","C1","6A1",51.727493,-0.361053,"E37000048","","E23000027",32734,"E56000035","E54000025","E00120508","E01023730","E02004943"
"AL2 3EA","AL2  3EA","AL2 3EA","198001","","E10000015","E58000668","E07000240","E05013965","E04013288","0","513353","0204516","1","E18000006","E40000007","E92000001","E12000006","5","E14001507","E15000006","E24000005","E30000237","E16000150","E07000240","26UGGN","E00120506","26UGGN","E65000001","E01023731","E02004943","5","4D1","E00120506","E01023731","E02004943","E33027484","E38000079","E63011632","C1","6A1",51.727917,-0.360145,"E37000048","","E23000027",27377,"E56000035","E54000025","E00120506","E01023731","E02004943"
"AL2 3EB","AL2  3EB","AL2 3EB","198001","","E10000015","E58000668","E07000240","E05013965","E04013288","0","513396","0204698","1","E18000006","E40000007","E92000001","E12000006","5","E14001507","E15000006","E24000005","E30000237","E16000150","E07000240","26UGGN","E00120521","26UGGN","E65000001","E01023730","E02004943","5","4B1","E00120521","E01023730","E02004943","E33027483","E38000079","E63011632","C1","6A1",51.729539,-0.359487,"E37000048","","E23000027",32734,"E56000035","E54000025","E00120521","E01023730","E02004943"
"AL2 3ED","AL2  3ED","AL2 3ED","198001","","E10000015","E58000668","E07000240","E05013965","E04013288","0","513193","0203990","1","E18000006","E40000007","E92000001","E12000006","5","E14001507","E15000006","E24000005","E30000237","E16000150","E07000240","26UGGN","E00120509","26UGGN","E65000001","E01023731","E02004943","5","6D1","E00120509","E01023731","E02004943","E33027484","E38000079","E63011632","C1","5A2",51.723217,-0.362655,"E37000048","","E23000027",27377,"E56000035","E54000025","E00120509","E01023731","E02004943"
"AL2 3EE","AL2  3EE","AL2 3EE","198001","","E10000015","E58000668","E07000240","E05013965","E04013288","0","513161","0204014","1","E18000006","E40000007","E92000001","E12000006","5","E14001507","E15000006","E24000005","E30000237","E16000150","E07000240","26UGGN","E00120509","26UGGN","E65000001","E01023731","E02004943","5","6D1","E00120509","E01023731","E02004943","E33027484","E38000079","E63011632","C1","5A2",51.723444,-0.363087,"E37000048","","E23000027",27377,"E56000035","E54000025","E00120509","E01023731","E02004943"
"AL2 3EF","AL2  3EF","AL2 3EF","198001","","E10000015","E58000668","E07000240","E05013965","E04013288","0","513098","0203885","1","E18000006","E40000007","E92000001","E12000006","5","E14001507","E15000006","E24000005","E30000237","E16000150","E07000240","26UGGN","E00120509","26UGGN","E65000001","E01023731","E02004943","5","6D1","E00120509","E01023731","E02004943","E33027484","E38000079","E63011632","C1","5A2",51.722292,-0.364064,"E37000048","","E23000027",27377,"E56000035","E54000025","E00120509","E01023731","E02004943"
"AL2 3EG","AL2  3EG","AL2 3EG","198001","199706","E10000015","E58000668","E07000240","E05013965","E04013288","0","513100","0204000","8","E18000006","E40000007","E92000001","E12000006","5","E14001507","E15000006","E24000005","E30000237","E16000150","E07000240","26UGGN","E00120509","26UGGN","E65000001","E01023731","E02004943","5","6D1","E00120509","E01023731","E02004943","E33027484","E38000079","E63011632","C1","5A2",51.723325,-0.363998,"E37000048","","E23000027",27377,"E56000035","E54000025","E00120509","E01023731","E02004943"
"AL2 3EH","AL2  3EH","AL2 3EH","198307","","E10000015","E58000668","E07000240","E05013965","E04013288","1","513141","0203759","1","E18000006","E40000007","E92000001","E12000006","5","E14001507","E15000006","E24000005","E30000237","E16000150","E07000240","26UGGN","E00120509","26UGGN","E65000001","E01023731","E02004943","5","6D1","E00120509","E01023731","E02004943","E33027484","E38000079","E63011632","C1","5A2",51.721151,-0.363483,"E37000048","","E23000027",27377,"E56000035","E54000025","E00120509","E01023731","E02004943"
"AL2 3EJ","AL2  3EJ","AL2 3EJ","199208","","E10000015","E58000668","E07000240","E05013965","E04013288","0","513685","0205007","1","E18000006","E40000007","E92000001","E12000006","5","E14001507","E15000006","E24000005","E30000237","E16000150","E07000240","26UGGN","E00120521","26UGGN","E65000001","E01023730","E02004943","5","4B1","E00120521","E01023730","E02004943","E33027483","E38000079","E63011632","C1","6A1",51.732258,-0.355204,"E37000048","","E23000027",32734,"E56000035","E54000025","E00120521","E01023730","E02004943"
"AL2 3EL","AL2  3EL","AL2 3EL","198710","","E10000015","E58000668","E07000240","E05013965","E04013288","0","512734","0201790","1","E18000006","E40000007","E92000001","E12000006","5","E14001507","E15000006","E24000005","E30000237","E16000150","E07000240","26UGGN","E00120502","26UGGN","E65000001","E01023733","E02004943","5","4D2","E00120502","E01023733","E02004943","E33024343","E38000079","E63011666","A1","6A4",51.703542,-0.369985,"E37000048","","E23000027",31739,"E56000035","E54000025","E00189344","E01023733","E02004943"
"AL2 3EN","AL2  3EN","AL2 3EN","199507","","E10000015","E58000668","E07000240","E05013965","E04013288","0","513031","0203859","1","E18000006","E40000007","E92000001","E12000006","5","E14001507","E15000006","E24000005","E30000237","E16000150","E07000240","26UGGN","E00120509","26UGGN","E65000001","E01023731","E02004943","5","6D1","E00120509","E01023731","E02004943","E33027484","E38000079","E63011632","C1","5A2",51.722072,-0.365042,"E37000048","","E23000027",27377,"E56000035","E54000025","E00120509","E01023731","E02004943"
"AL2 3EP","AL2  3EP","AL2 3EP","199501","199812","E10000015","E58000668","E07000240","E05013965","E04013288","1","513079","0203269","6","E18000006","E40000007","E92000001","E12000006","5","E14001507","E15000006","E24000005","E30000237","E16000150","E07000240","26UGGN","E00120512","26UGGN","E65000001","E01023732","E02004943","6","3A2","E00120512","E01023732","E02004943","E33024344","E38000079","E63011632","F1","1C3",51.716760,-0.364539,"E37000048","","E23000027",24029,"E56000035","E54000025","E00120512","E01023732","E02004943"
"AL2 3EQ","AL2  3EQ","AL2 3EQ","198504","","E10000015","E58000668","E07000240","E05013965","E04013288","0","513288","0204231","1","E18000006","E40000007","E92000001","E12000006","5","E14001507","E15000006","E24000005","E30000237","E16000150","E07000240","26UGGN","E00120508","26UGGN","E65000001","E01023730","E02004943","5","4D2","E00120508","E01023730","E02004943","E33027484","E38000079","E63011632","C1","6A1",51.725364,-0.361202,"E37000048","","E23000027",32734,"E56000035","E54000025","E00120508","E01023730","E02004943"
"AL2 3ER","AL2  3ER","AL2 3ER","199507","199512","E10000015","E58000668","E07000240","E05013965","E04013288","1","512700","0201800","8","E18000006","E40000007","E92000001","E12000006","5","E14001507","E15000006","E24000005","E30000237","E16000150","E07000240","26UGGN","E00120502","26UGGN","E65000001","E01023733","E02004943","5","4D2","E00120502","E01023733","E02004943","E33024343","E38000079","E63011666","A1","6A4",51.703633,-0.370497,"E37000048","","E23000027",31739,"E56000035","E54000025","E00189344","E01023733","E02004943"
"AL2 3ES","AL2  3ES","AL2 3ES","199606","199812","E10000015","E58000668","E07000240","E05013965","E04013288","1","513079","0203269","6","E18000006","E40000007","E92000001","E12000006","5","E14001507","E15000006","E24000005","E30000237","E16000150","E07000240","26UGGN","E00120512","26UGGN","E65000001","E01023732","E02004943","6","3A2","E00120512","E01023732","E02004943","E33024344","E38000079","E63011632","F1","1C3",51.716760,-0.364539,"E37000048","","E23000027",24029,"E56000035","E54000025","E00120512","E01023732","E02004943"
"AL2 3ET","AL2  3ET","AL2 3ET","199507","","E10000015","E58000668","E07000240","E05013965","E04013288","0","512472","0202833","1","E18000006","E40000007","E92000001","E12000006","5","E14001507","E15000006","E24000005","E30000237","E16000150","E07000240","26UGGN","E00120514","26UGGN","E65000001","E01023732","E02004943","5","4D2","E00120514","E01023732","E02004943","E33027485","E38000079","E63011666","C1","6A4",51.712963,-0.373462,"E37000048","","E23000027",24029,"E56000035","E54000025","E00120514","E01023732","E02004943"
"AL2 3EU","AL2  3EU","AL2 3EU","199507","200006","E10000015","E58000668","E07000240","E05013965","E04013288","1","513044","0203196","6","E18000006","E40000007","E92000001","E12000006","5","E14001507","E15000006","E24000005","E30000237","E16000150","E07000240","26UGGN","E00120512","26UGGN","E65000001","E01023732","E02004943","6","3A2","E00120512","E01023732","E02004943","E33024344","E38000079","E63011632","F1","1C3",51.716111,-0.365069,"E37000048","","E23000027",24029,"E56000035","E54000025","E00120512","E01023732","E02004943"
"AL2 3EW","AL2  3EW","AL2 3EW","199706","200812","E10000015","E58000664","E07000240","E05013956","E43000290","1","517328","0206823","1","E18000006","E40000007","E92000001","E12000006","5","E14001507","E15000006","E24000005","E30000237","E16000150","E07000240","26UGFX","E00120196","26UGFX","E65000001","E01023667","E02004936","5","6D1","E00120196","E01023667","E02004936","E33027453","E38000079","E63011552","C1","5A2",51.747828,-0.301865,"E37000048","","E23000027",30628,"E56000035","E54000025","E00120196","E01023667","E02004936"
"AL2 3EX","AL2  3EX","AL2 3EX","199706","199806","E10000015","E58000668","E07000240","E05013965","E04013288","1","513078","0203268","6","E18000006","E40000007","E92000001","E12000006","5","E14001507","E15000006","E24000005","E30000237","E16000150","E07000240","26UGGN","E00120512","26UGGN","E65000001","E01023732","E02004943","6","3A2","E00120512","E01023732","E02004943","E33024344","E38000079","E63011632","F1","1C3",51.716751,-0.364554,"E37000048","","E23000027",24029,"E56000035","E54000025","E00120512","E01023732","E02004943"
"AL2 3EY","AL2  3EY","AL2 3EY","199706","199912","E10000015","E58000668","E07000240","E05013965","E04013288","1","513044","0203196","6","E18000006","E40000007","E92000001","E12000006","5","E14001507","E15000006","E24000005","E30000237","E16000150","E07000240","26UGGN","E00120512","26UGGN","E65000001","E01023732","E02004943","6","3A2","E00120512","E01023732","E02004943","E33024344","E38000079","E63011632","F1","1C3",51.716111,-0.365069,"E37000048","","E23000027",24029,"E56000035","E54000025","E00120512","E01023732","E02004943"
"AL2 3EZ","AL2  3EZ","AL2 3EZ","199101","","E10000015","E58000668","E07000240","E05013965","E04013288","0","513206","0204528","1","E18000006","E40000007","E92000001","E12000006","5","E14001507","E15000006","E24000005","E30000237","E16000150","E07000240","26UGGN","E00120508","26UGGN","E65000001","E01023730","E02004943","5","4D2","E00120508","E01023730","E02004943","E33027484","E38000079","E63011632","C1","6A1",51.728049,-0.362292,"E37000048","","E23000027",32734,"E56000035","E54000025","E00120508","E01023730","E02004943"
"AL2 3FA","AL2  3FA","AL2 3FA","200906","201609","E10000015","E58000668","E07000240","E05013965","E04013288","0","512763","0204406","1","E18000006","E40000007","E92000001","E12000006","5","E14001507","E15000006","E24000005","E30000237","E16000150","E07000240","26UGGN","E00120512","26UGGN","E65000001","E01023732","E02004943","6","3A2","E00120512","E01023732","E02004943","E33024344","E38000079","E63011632","F1","1C3",51.727042,-0.368743,"E37000048","","E23000027",24029,"E56000035","E54000025","E00120512","E01023732","E02004943"
"AL2 3FB","AL2  3FB","AL2 3FB","200807","","E10000015","E58000668","E07000240","E05013965","E04013288","0","512019","0202150","1","E18000006","E40000007","E92000001","E12000006","5","E14001507","E15000006","E24000005","E30000237","E16000150","E07000240","26UGGN","E00120513","26UGGN","E65000001","E01023732","E02004943","5","4D2","E00120513","E01023732","E02004943","E33027485","E38000079","E63011666","C1","6A1",51.706915,-0.380235,"E37000048","","E23000027",24029,"E56000035","E54000025","E00120513","E01023732","E02004943"
"AL2 3FD","AL2  3FD","AL2 3FD","201704","","E10000015","E58000668","E07000240","E05013965","E04013288","0","513183","0201902","1","E18000006","E40000007","E92000001","E12000006","5","E14001507","E15000006","E24000005","E30000237","E16000150","E07000240","26UGGK","E00120450","26UGGK","E65000001","E01023717","E02004943","5","7A2","E00120450","E01023717","E02004943","E33027482","E38000079","E63011666","C1","7A2",51.704458,-0.363454,"E37000048","","E23000027",28601,"E56000035","E54000025","E00120450","E01023717","E02004943"
"AL2 3FE","AL2  3FE","AL2 3FE","201704","","E10000015","E58000668","E07000240","E05013965","E04013288","0","513185","0201925","1","E18000006","E40000007","E92000001","E12000006","5","E14001507","E15000006","E24000005","E30000237","E16000150","E07000240","26UGGK","E00120450","26UGGK","E65000001","E01023717","E02004943","5","7A2","E00120450","E01023717","E02004943","E33027482","E38000079","E63011666","C1","7A2",51.704664,-0.363418,"E37000048","","E23000027",28601,"E56000035","E54000025","E00120450","E01023717","E02004943"
"AL2 3FF","AL2  3FF","AL2 3FF","201508","","E10000015","E58000668","E07000240","E05013960","E04013288","0","513528","0202454","1","E18000006","E40000007","E92000001","E12000006","5","E14001507","E15000006","E24000005","E30000237","E16000150","E07000240","26UGGK","E00120451","26UGGK","E65000001","E01023717","E02004943","5","6D1","E00120451","E01023717","E02004943","E33024322","E38000079","E63011666","C1","6B2",51.709349,-0.358284,"E37000048","","E23000027",28601,"E56000035","E54000025","E00120451","E01023717","E02004943"
"AL2 3FG","AL2  3FG","AL2 3FG","201808","","E10000015","E58000668","E07000240","E05013965","E04013288","0","512383","0201664","1","E18000006","E40000007","E92000001","E12000006","5","E14001507","E15000006","E24000005","E30000237","E16000150","E07000240","26UGGN","E00120502","26UGGN","E65000001","E01023733","E02004943","5","4D2","E00120502","E01023733","E02004943","E33024343","E38000079","E63011666","A1","6A4",51.702480,-0.375102,"E37000048","","E23000027",31739,"E56000035","E54000025","E00189338","E01023733","E02004943"
"AL2 3FH","AL2  3FH","AL2 3FH","201805","","E10000015","E58000668","E07000240","E05013965","E04013288","0","512394","0201726","1","E18000006","E40000007","E92000001","E12000006","5","E14001507","E15000006","E24000005","E30000237","E16000150","E07000240","26UGGN","E00120502","26UGGN","E65000001","E01023733","E02004943","5","4D2","E00120502","E01023733","E02004943","E33024343","E38000079","E63011666","A1","6A4",51.703035,-0.374923,"E37000048","","E23000027",31739,"E56000035","E54000025","E00189344","E01023733","E02004943"
"AL2 3FJ","AL2  3FJ","AL2 3FJ","202210","","E10000015","E58000668","E07000240","E05013965","E04013288","0","514361","0201846","1","E18000006","E40000007","E92000001","E12000006","5","E14001507","E15000006","E24000005","E30000237","E16000150","E07000240","26UGGK","E00120451","26UGGK","E65000001","E01023717","E02004943","5","6D1","E00120451","E01023717","E02004943","E33024322","E38000079","","C1","6B2",51.703716,-0.346434,"E37000048","","E23000027",28601,"E56000035","E54000025","E00120451","E01023717","E02004943"
"AL2 3FL","AL2  3FL","AL2 3FL","201812","","E10000015","E58000668","E07000240","E05013965","E04013288","0","512295","0201674","1","E18000006","E40000007","E92000001","E12000006","5","E14001507","E15000006","E24000005","E30000237","E16000150","E07000240","26UGGN","E00120502","26UGGN","E65000001","E01023733","E02004943","5","4D2","E00120502","E01023733","E02004943","E33024343","E38000079","E63011666","A1","6A4",51.702587,-0.376372,"E37000048","","E23000027",31739,"E56000035","E54000025","E00189338","E01023733","E02004943"
"AL2 3FN","AL2  3FN","AL2 3FN","201811","","E10000015","E58000668","E07000240","E05013965","E04013288","0","512303","0201640","1","E18000006","E40000007","E92000001","E12000006","5","E14001507","E15000006","E24000005","E30000237","E16000150","E07000240","26UGGN","E00120502","26UGGN","E65000001","E01023733","E02004943","5","4D2","E00120502","E01023733","E02004943","E33024343","E38000079","E63011666","A1","6A4",51.702280,-0.376267,"E37000048","","E23000027",31739,"E56000035","E54000025","E00189338","E01023733","E02004943"
"AL2 3FP","AL2  3FP","AL2 3FP","202209","","E10000015","E58000668","E07000240","E05013965","E04013288","0","514381","0201747","1","E18000006","E40000007","E92000001","E12000006","5","E14001507","E15000006","E24000005","E30000237","E16000150","E07000240","26UGGK","E00120451","26UGGK","E65000001","E01023717","E02004943","5","6D1","E00120451","E01023717","E02004943","E33024322","E38000079","","C1","6B2",51.702822,-0.346177,"E37000048","","E23000027",28601,"E56000035","E54000025","E00120451","E01023717","E02004943"
"AL2 3FQ","AL2  3FQ","AL2 3FQ","201910","","E10000015","E58000668","E07000240","E05013965","E04013288","0","514285","0201765","1","E18000006","E40000007","E92000001","E12000006","5","E14001507","E15000006","E24000005","E30000237","E16000150","E07000240","26UGGK","E00120451","26UGGK","E65000001","E01023717","E02004943","5","6D1","E00120451","E01023717","E02004943","E33024322","E38000079","","C1","6B2",51.703004,-0.347559,"E37000048","","E23000027",28601,"E56000035","E54000025","E00120451","E01023717","E02004943"
"AL2 3FR","AL2  3FR","AL2 3FR","202212","","E10000015","E58000668","E07000240","E05013965","E04013288","0","514272","0201820","1","E18000006","E40000007","E92000001","E12000006","5","E14001507","E15000006","E24000005","E30000237","E16000150","E07000240","26UGGK","E00120451","26UGGK","E65000001","E01023717","E02004943","5","6D1","E00120451","E01023717","E02004943","E33024322","E38000079","","C1","6B2",51.703501,-0.347729,"E37000048","","E23000027",28601,"E56000035","E54000025","E00120451","E01023717","E02004943"
"AL2 3FS","AL2  3FS","AL2 3FS","202108","","E10000015","E58000668","E07000240","E05013965","E04013288","0","514236","0201815","1","E18000006","E40000007","E92000001","E12000006","5","E14001507","E15000006","E24000005","E30000237","E16000150","E07000240","26UGGK","E00120451","26UGGK","E65000001","E01023717","E02004943","5","6D1","E00120451","E01023717","E02004943","E33024322","E38000079","","C1","6B2",51.703463,-0.348252,"E37000048","","E23000027",28601,"E56000035","E54000025","E00120451","E01023717","E02004943"
"AL2 3FT","AL2  3FT","AL2 3FT","202307","","E10000015","E58000668","E07000240","E05013965","E04013288","0","514231","0201852","1","E18000006","E40000007","E92000001","E12000006","5","E14001507","E15000006","E24000005","E30000237","E16000150","E07000240","26UGGK","E00120451","26UGGK","E65000001","E01023717","E02004943","5","6D1","E00120451","E01023717","E02004943","E33024322","E38000079","","C1","6B2",51.703797,-0.348312,"E37000048","","E23000027",28601,"E56000035","E54000025","E00120451","E01023717","E02004943"
"AL2 3FU","AL2  3FU","AL2 3FU","202005","","E10000015","E58000668","E07000240","E05013965","E04013288","0","514141","0201790","1","E18000006","E40000007","E92000001","E12000006","5","E14001507","E15000006","E24000005","E30000237","E16000150","E07000240","26UGGK","E00120451","26UGGK","E65000001","E01023717","E02004943","5","6D1","E00120451","E01023717","E02004943","E33024322","E38000079","","C1","6B2",51.703258,-0.349634,"E37000048","","E23000027",28601,"E56000035","E54000025","E00120451","E01023717","E02004943"
"AL2 3FW","AL2  3FW","AL2 3FW","201911","","E10000015","E58000668","E07000240","E05013965","E04013288","0","514089","0201858","1","E18000006","E40000007","E92000001","E12000006","5","E14001507","E15000006","E24000005","E30000237","E16000150","E07000240","26UGGK","E00120451","26UGGK","E65000001","E01023717","E02004943","5","6D1","E00120451","E01023717","E02004943","E33024322","E38000079","","C1","6B2",51.703879,-0.350364,"E37000048","","E23000027",28601,"E56000035","E54000025","E00120451","E01023717","E02004943"
"AL2 3FX","AL2  3FX","AL2 3FX","201911","","E10000015","E58000668","E07000240","E05013965","E04013288","0","514081","0201922","1","E18000006","E40000007","E92000001","E12000006","5","E14001507","E15000006","E24000005","E30000237","E16000150","E07000240","26UGGK","E00120451","26UGGK","E65000001","E01023717","E02004943","5","6D1","E00120451","E01023717","E02004943","E33024322","E38000079","","C1","6B2",51.704456,-0.350459,"E37000048","","E23000027",28601,"E56000035","E54000025","E00120451","E01023717","E02004943"
"AL2 3FY","AL2  3FY","AL2 3FY","202104","","E10000015","E58000668","E07000240","E05013965","E04013288","0","514086","0201897","1","E18000006","E40000007","E92000001","E12000006","5","E14001507","E15000006","E24000005","E30000237","E16000150","E07000240","26UGGK","E00120451","26UGGK","E65000001","E01023717","E02004943","5","6D1","E00120451","E01023717","E02004943","E33024322","E38000079","","C1","6B2",51.704230,-0.350395,"E37000048","","E23000027",28601,"E56000035","E54000025","E00120451","E01023717","E02004943"
"AL2 3FZ","AL2  3FZ","AL2 3FZ","202007","","E10000015","E58000668","E07000240","E05013965","E04013288","0","514228","0201698","1","E18000006","E40000007","E92000001","E12000006","5","E14001507","E15000006","E24000005","E30000237","E16000150","E07000240","26UGGK","E00120451","26UGGK","E65000001","E01023717","E02004943","5","6D1","E00120451","E01023717","E02004943","E33024322","E38000079","","C1","6B2",51.702413,-0.348406,"E37000048","","E23000027",28601,"E56000035","E54000025","E00120451","E01023717","E02004943"
"AL2 3GA","AL2  3GA","AL2 3GA","200606","200607","E10000015","E58000668","E07000240","E05013965","E04013288","1","513200","0204500","5","E18000006","E40000007","E92000001","E12000006","5","E14001507","E15000006","E24000005","E30000237","E16000150","E07000240","26UGGN","E00120508","26UGGN","E65000001","E01023730","E02004943","5","4D2","E00120508","E01023730","E02004943","E33027484","E38000079","E63011632","C1","6A1",51.727799,-0.362388,"E37000048","","E23000027",32734,"E56000035","E54000025","E00120508","E01023730","E02004943"
"AL2 3HA","AL2  3HA","AL2 3HA","198001","","E10000015","E58000668","E07000240","E05013965","E04013288","0","513658","0204945","1","E18000006","E40000007","E92000001","E12000006","5","E14001507","E15000006","E24000005","E30000237","E16000150","E07000240","26UGGN","E00120505","26UGGN","E65000001","E01023730","E02004943","5","4D2","E00120505","E01023730","E02004943","E33027483","E38000079","E63011632","C1","6B1",51.731706,-0.355615,"E37000048","","E23000027",32734,"E56000035","E54000025","E00120505","E01023730","E02004943"
"AL2 3HB","AL2  3HB","AL2 3HB","198001","","E10000015","E58000668","E07000240","E05013965","E04013288","0","513748","0204981","1","E18000006","E40000007","E92000001","E12000006","5","E14001507","E15000006","E24000005","E30000237","E16000150","E07000240","26UGGN","E00120505","26UGGN","E65000001","E01023730","E02004943","5","4D2","E00120505","E01023730","E02004943","E33027483","E38000079","E63011632","C1","6B1",51.732011,-0.354300,"E37000048","","E23000027",32734,"E56000035","E54000025","E00120505","E01023730","E02004943"
"AL2 3HD","AL2  3HD","AL2 3HD","198001","","E10000015","E58000668","E07000240","E05013965","E04013288","0","513765","0204932","1","E18000006","E40000007","E92000001","E12000006","5","E14001507","E15000006","E24000005","E30000237","E16000150","E07000240","26UGGN","E00120505","26UGGN","E65000001","E01023730","E02004943","5","4D2","E00120505","E01023730","E02004943","E33027483","E38000079","E63011632","C1","6B1",51.731567,-0.354070,"E37000048","","E23000027",32734,"E56000035","E54000025","E00120505","E01023730","E02004943"
"AL2 3HE","AL2  3HE","AL2 3HE","198001","","E10000015","E58000668","E07000240","E05013965","E04013288","0","513686","0204841","1","E18000006","E40000007","E92000001","E12000006","5","E14001507","E15000006","E24000005","E30000237","E16000150","E07000240","26UGGN","E00120505","26UGGN","E65000001","E01023730","E02004943","5","4D2","E00120505","E01023730","E02004943","E33027483","E38000079","E63011632","C1","6B1",51.730765,-0.355243,"E37000048","","E23000027",32734,"E56000035","E54000025","E00120505","E01023730","E02004943"
"AL2 3HF","AL2  3HF","AL2 3HF","198001","","E10000015","E58000668","E07000240","E05013965","E04013288","0","513642","0204913","1","E18000006","E40000007","E92000001","E12000006","5","E14001507","E15000006","E24000005","E30000237","E16000150","E07000240","26UGGN","E00120505","26UGGN","E65000001","E01023730","E02004943","5","4D2","E00120505","E01023730","E02004943","E33027483","E38000079","E63011632","C1","6B1",51.731421,-0.355857,"E37000048","","E23000027",32734,"E56000035","E54000025","E00120505","E01023730","E02004943"
"AL2 3HG","AL2  3HG","AL2 3HG","198001","","E10000015","E58000668","E07000240","E05013965","E04013288","0","513534","0204852","1","E18000006","E40000007","E92000001","E12000006","5","E14001507","E15000006","E24000005","E30000237","E16000150","E07000240","26UGGN","E00120505","26UGGN","E65000001","E01023730","E02004943","5","4D2","E00120505","E01023730","E02004943","E33027483","E38000079","E63011632","C1","6B1",51.730900,-0.357417,"E37000048","","E23000027",32734,"E56000035","E54000025","E00120505","E01023730","E02004943"
"AL2 3HH","AL2  3HH","AL2 3HH","198001","","E10000015","E58000668","E07000240","E05013965","E04013288","0","513473","0204681","1","E18000006","E40000007","E92000001","E12000006","5","E14001507","E15000006","E24000005","E30000237","E16000150","E07000240","26UGGN","E00120505","26UGGN","E65000001","E01023730","E02004943","5","4D2","E00120505","E01023730","E02004943","E33027483","E38000079","E63011632","C1","6B1",51.729371,-0.358378,"E37000048","","E23000027",32734,"E56000035","E54000025","E00120505","E01023730","E02004943"
"AL2 3HJ","AL2  3HJ","AL2 3HJ","198001","","E10000015","E58000668","E07000240","E05013965","E04013288","0","513493","0204616","1","E18000006","E40000007","E92000001","E12000006","5","E14001507","E15000006","E24000005","E30000237","E16000150","E07000240","26UGGN","E00120506","26UGGN","E65000001","E01023731","E02004943","5","4D1","E00120506","E01023731","E02004943","E33027484","E38000079","E63011632","C1","6A1",51.728782,-0.358110,"E37000048","","E23000027",27377,"E56000035","E54000025","E00120506","E01023731","E02004943"
"AL2 3HL","AL2  3HL","AL2 3HL","198001","","E10000015","E58000668","E07000240","E05013965","E04013288","0","513586","0204471","1","E18000006","E40000007","E92000001","E12000006","5","E14001507","E15000006","E24000005","E30000237","E16000150","E07000240","26UGGN","E00120507","26UGGN","E65000001","E01023731","E02004943","5","4A2","E00120507","E01023731","E02004943","E33027484","E38000079","E63011632","C1","6B1",51.727460,-0.356811,"E37000048","","E23000027",27377,"E56000035","E54000025","E00120507","E01023731","E02004943"
"AL2 3HN","AL2  3HN","AL2 3HN","198001","","E10000015","E58000668","E07000240","E05013965","E04013288","0","513611","0204611","1","E18000006","E40000007","E92000001","E12000006","5","E14001507","E15000006","E24000005","E30000237","E16000150","E07000240","26UGGN","E00120507","26UGGN","E65000001","E01023731","E02004943","5","4A2","E00120507","E01023731","E02004943","E33027484","E38000079","E63011632","C1","6B1",51.728714,-0.356404,"E37000048","","E23000027",27377,"E56000035","E54000025","E00120507","E01023731","E02004943"
"AL2 3HP","AL2  3HP","AL2 3HP","198001","","E10000015","E58000668","E07000240","E05013965","E04013288","0","513629","0204223","1","E18000006","E40000007","E92000001","E12000006","5","E14001507","E15000006","E24000005","E30000237","E16000150","E07000240","26UGGN","E00120507","26UGGN","E65000001","E01023731","E02004943","5","4A2","E00120507","E01023731","E02004943","E33027484","E38000079","E63011632","C1","6B1",51.725223,-0.356270,"E37000048","","E23000027",27377,"E56000035","E54000025","E00120507","E01023731","E02004943"
"AL2 3HQ","AL2  3HQ","AL2 3HQ","198001","","E10000015","E58000668","E07000240","E05013965","E04013288","0","513612","0204717","1","E18000006","E40000007","E92000001","E12000006","5","E14001507","E15000006","E24000005","E30000237","E16000150","E07000240","26UGGN","E00120505","26UGGN","E65000001","E01023730","E02004943","5","4D2","E00120505","E01023730","E02004943","E33027483","E38000079","E63011632","C1","6B1",51.729666,-0.356355,"E37000048","","E23000027",32734,"E56000035","E54000025","E00120505","E01023730","E02004943"
"AL2 3HR","AL2  3HR","AL2 3HR","198001","","E10000015","E58000668","E07000240","E05013965","E04013288","0","513624","0204356","1","E18000006","E40000007","E92000001","E12000006","5","E14001507","E15000006","E24000005","E30000237","E16000150","E07000240","26UGGN","E00120507","26UGGN","E65000001","E01023731","E02004943","5","4A2","E00120507","E01023731","E02004943","E33027484","E38000079","E63011632","C1","6B1",51.726424,-0.356275,"E37000048","","E23000027",27377,"E56000035","E54000025","E00120507","E01023731","E02004943"
"AL2 3HS","AL2  3HS","AL2 3HS","198001","","E10000015","E58000668","E07000240","E05013965","E04013288","0","513503","0204364","1","E18000006","E40000007","E92000001","E12000006","5","E14001507","E15000006","E24000005","E30000237","E16000150","E07000240","26UGGN","E00120506","26UGGN","E65000001","E01023731","E02004943","5","4D1","E00120506","E01023731","E02004943","E33027484","E38000079","E63011632","C1","6A1",51.726515,-0.358047,"E37000048","","E23000027",27377,"E56000035","E54000025","E00120506","E01023731","E02004943"
"AL2 3HT","AL2  3HT","AL2 3HT","198001","","E10000015","E58000668","E07000240","E05013965","E04013288","0","513535","0204324","1","E18000006","E40000007","E92000001","E12000006","5","E14001507","E15000006","E24000005","E30000237","E16000150","E07000240","26UGGN","E00120507","26UGGN","E65000001","E01023731","E02004943","5","4A2","E00120507","E01023731","E02004943","E33027484","E38000079","E63011632","C1","6B1",51.726150,-0.357597,"E37000048","","E23000027",27377,"E56000035","E54000025","E00120507","E01023731","E02004943"
"AL2 3HU","AL2  3HU","AL2 3HU","198001","","E10000015","E58000668","E07000240","E05013965","E04013288","0","513567","0204316","1","E18000006","E40000007","E92000001","E12000006","5","E14001507","E15000006","E24000005","E30000237","E16000150","E07000240","26UGGN","E00120507","26UGGN","E65000001","E01023731","E02004943","5","4A2","E00120507","E01023731","E02004943","E33027484","E38000079","E63011632","C1","6B1",51.726071,-0.357137,"E37000048","","E23000027",27377,"E56000035","E54000025","E00120507","E01023731","E02004943"
"AL2 3HW","AL2  3HW","AL2 3HW","198001","","E10000015","E58000668","E07000240","E05013965","E04013288","0","513614","0204524","1","E18000006","E40000007","E92000001","E12000006","5","E14001507","E15000006","E24000005","E30000237","E16000150","E07000240","26UGGN","E00120506","26UGGN","E65000001","E01023731","E02004943","5","4D1","E00120506","E01023731","E02004943","E33027484","E38000079","E63011632","C1","6A1",51.727931,-0.356389,"E37000048","","E23000027",27377,"E56000035","E54000025","E00120506","E01023731","E02004943"
"AL2 3HX","AL2  3HX","AL2 3HX","198001","","E10000015","E58000668","E07000240","E05013965","E04013288","0","513598","0204149","1","E18000006","E40000007","E92000001","E12000006","5","E14001507","E15000006","E24000005","E30000237","E16000150","E07000240","26UGGN","E00120510","26UGGN","E65000001","E01023731","E02004943","5","6B2","E00120510","E01023731","E02004943","E33027484","E38000079","E63011632","C1","5B1",51.724564,-0.356743,"E37000048","","E23000027",27377,"E56000035","E54000025","E00120510","E01023731","E02004943"
"AL2 3HY","AL2  3HY","AL2 3HY","198001","","E10000015","E58000668","E07000240","E05013965","E04013288","0","513568","0204108","1","E18000006","E40000007","E92000001","E12000006","5","E14001507","E15000006","E24000005","E30000237","E16000150","E07000240","26UGGN","E00120510","26UGGN","E65000001","E01023731","E02004943","5","6B2","E00120510","E01023731","E02004943","E33027484","E38000079","E63011632","C1","5B1",51.724202,-0.357190,"E37000048","","E23000027",27377,"E56000035","E54000025","E00120510","E01023731","E02004943"
"AL2 3HZ","AL2  3HZ","AL2 3HZ","198001","","E10000015","E58000668","E07000240","E05013965","E04013288","0","513477","0204241","1","E18000006","E40000007","E92000001","E12000006","5","E14001507","E15000006","E24000005","E30000237","E16000150","E07000240","26UGGN","E00120510","26UGGN","E65000001","E01023731","E02004943","5","6B2","E00120510","E01023731","E02004943","E33027484","E38000079","E63011632","C1","5B1",51.725415,-0.358464,"E37000048","","E23000027",27377,"E56000035","E54000025","E00120510","E01023731","E02004943"
"AL2 3JB","AL2  3JB","AL2 3JB","199208","199212","E10000015","E58000668","E07000240","E05013965","E04013288","1","513600","0205100","8","E18000006","E40000007","E92000001","E12000006","5","E14001507","E15000006","E24000005","E30000237","E16000150","E07000240","26UGGN","E00120521","26UGGN","E65000001","E01023730","E02004943","5","4B1","E00120521","E01023730","E02004943","E33027483","E38000079","E63011632","C1","6A1",51.733111,-0.356404,"E37000048","","E23000027",32734,"E56000035","E54000025","E00120521","E01023730","E02004943"
"AL2 3JD","AL2  3JD","AL2 3JD","199208","200212","E10000015","E58000664","E07000240","E05013956","E43000290","1","517328","0206823","1","E18000006","E40000007","E92000001","E12000006","5","E14001507","E15000006","E24000005","E30000237","E16000150","E07000240","26UGFX","E00120196","26UGFX","E65000001","E01023667","E02004936","5","6D1","E00120196","E01023667","E02004936","E33027453","E38000079","E63011552","C1","5A2",51.747828,-0.301865,"E37000048","","E23000027",30628,"E56000035","E54000025","E00120196","E01023667","E02004936"
"AL2 3JE","AL2  3JE","AL2 3JE","199301","","E10000015","E58000668","E07000240","E05013965","E04013288","0","513496","0204472","1","E18000006","E40000007","E92000001","E12000006","5","E14001507","E15000006","E24000005","E30000237","E16000150","E07000240","26UGGN","E00120506","26UGGN","E65000001","E01023731","E02004943","5","4D1","E00120506","E01023731","E02004943","E33027484","E38000079","E63011632","C1","6A1",51.727488,-0.358114,"E37000048","","E23000027",27377,"E56000035","E54000025","E00120506","E01023731","E02004943"
"AL2 3JF","AL2  3JF","AL2 3JF","199308","199912","E10000015","E58000668","E07000240","E05013965","E04013288","1","513044","0203196","6","E18000006","E40000007","E92000001","E12000006","5","E14001507","E15000006","E24000005","E30000237","E16000150","E07000240","26UGGN","E00120512","26UGGN","E65000001","E01023732","E02004943","6","3A2","E00120512","E01023732","E02004943","E33024344","E38000079","E63011632","F1","1C3",51.716111,-0.365069,"E37000048","","E23000027",24029,"E56000035","E54000025","E00120512","E01023732","E02004943"
"AL2 3JG","AL2  3JG","AL2 3JG","199412","199906","E10000015","E58000668","E07000240","E05013965","E04013288","1","513079","0203269","6","E18000006","E40000007","E92000001","E12000006","5","E14001507","E15000006","E24000005","E30000237","E16000150","E07000240","26UGGN","E00120512","26UGGN","E65000001","E01023732","E02004943","6","3A2","E00120512","E01023732","E02004943","E33024344","E38000079","E63011632","F1","1C3",51.716760,-0.364539,"E37000048","","E23000027",24029,"E56000035","E54000025","E00120512","E01023732","E02004943"
"AL2 3JH","AL2  3JH","AL2 3JH","199512","199912","E10000015","E58000668","E07000240","E05013965","E04013288","1","513044","0203196","6","E18000006","E40000007","E92000001","E12000006","5","E14001507","E15000006","E24000005","E30000237","E16000150","E07000240","26UGGN","E00120512","26UGGN","E65000001","E01023732","E02004943","6","3A2","E00120512","E01023732","E02004943","E33024344","E38000079","E63011632","F1","1C3",51.716111,-0.365069,"E37000048","","E23000027",24029,"E56000035","E54000025","E00120512","E01023732","E02004943"
"AL2 3JJ","AL2  3JJ","AL2 3JJ","199812","199912","E10000015","E58000668","E07000240","E05013965","E04013288","1","513044","0203196","6","E18000006","E40000007","E92000001","E12000006","5","E14001507","E15000006","E24000005","E30000237","E16000150","E07000240","26UGGN","E00120512","26UGGN","E65000001","E01023732","E02004943","6","3A2","E00120512","E01023732","E02004943","E33024344","E38000079","E63011632","F1","1C3",51.716111,-0.365069,"E37000048","","E23000027",24029,"E56000035","E54000025","E00120512","E01023732","E02004943"
"AL2 3JL","AL2  3JL","AL2 3JL","199606","200902","E10000015","E58000664","E07000240","E05013956","E43000290","1","517328","0206823","1","E18000006","E40000007","E92000001","E12000006","5","E14001507","E15000006","E24000005","E30000237","E16000150","E07000240","26UGFX","E00120196","26UGFX","E65000001","E01023667","E02004936","5","6D1","E00120196","E01023667","E02004936","E33027453","E38000079","E63011552","C1","5A2",51.747828,-0.301865,"E37000048","","E23000027",30628,"E56000035","E54000025","E00120196","E01023667","E02004936"
"AL2 3JQ","AL2  3JQ","AL2 3JQ","199512","","E10000015","E58000664","E07000240","E05013956","E43000290","1","517321","0206803","1","E18000006","E40000007","E92000001","E12000006","5","E14001507","E15000006","E24000005","E30000237","E16000150","E07000240","26UGFX","E00120196","26UGFX","E65000001","E01023667","E02004936","5","6D1","E00120196","E01023667","E02004936","E33027453","E38000079","E63011552","C1","5A2",51.747650,-0.301973,"E37000048","","E23000027",30628,"E56000035","E54000025","E00120196","E01023667","E02004936"
"AL2 3JT","AL2  3JT","AL2 3JT","199512","199612","E10000015","E58000668","E07000240","E05013965","E04013288","1","513600","0205100","8","E18000006","E40000007","E92000001","E12000006","5","E14001507","E15000006","E24000005","E30000237","E16000150","E07000240","26UGGN","E00120521","26UGGN","E65000001","E01023730","E02004943","5","4B1","E00120521","E01023730","E02004943","E33027483","E38000079","E63011632","C1","6A1",51.733111,-0.356404,"E37000048","","E23000027",32734,"E56000035","E54000025","E00120521","E01023730","E02004943"
"AL2 3JX","AL2  3JX","AL2 3JX","198504","","E10000015","E58000668","E07000240","E05013965","E04013288","1","513666","0205184","1","E18000006","E40000007","E92000001","E12000006","5","E14001507","E15000006","E24000005","E30000237","E16000150","E07000240","26UGGK","E00120453","26UGGK","E65000001","E01023718","E02004942","5","6D1","E00120453","E01023718","E02004942","E33027480","E38000079","E63011632","C1","5A2",51.733852,-0.355421,"E37000048","","E23000027",27498,"E56000035","E54000025","E00120453","E01023718","E02004942"
"AL2 3JY","AL2  3JY","AL2 3JY","198001","","E10000015","E58000668","E07000240","E05013965","E04013288","0","513607","0205062","1","E18000006","E40000007","E92000001","E12000006","5","E14001507","E15000006","E24000005","E30000237","E16000150","E07000240","26UGGN","E00120521","26UGGN","E65000001","E01023730","E02004943","5","4B1","E00120521","E01023730","E02004943","E33027483","E38000079","E63011632","C1","6A1",51.732768,-0.356315,"E37000048","","E23000027",32734,"E56000035","E54000025","E00120521","E01023730","E02004943"
"AL2 3JZ","AL2  3JZ","AL2 3JZ","198001","","E10000015","E58000668","E07000240","E05013965","E04013288","0","513547","0205071","1","E18000006","E40000007","E92000001","E12000006","5","E14001507","E15000006","E24000005","E30000237","E16000150","E07000240","26UGGN","E00120521","26UGGN","E65000001","E01023730","E02004943","5","4B1","E00120521","E01023730","E02004943","E33027483","E38000079","E63011632","C1","6A1",51.732866,-0.357157,"E37000048","","E23000027",32734,"E56000035","E54000025","E00120521","E01023730","E02004943"
"AL2 3LA","AL2  3LA","AL2 3LA","198001","","E10000015","E58000668","E07000240","E05013965","E04013288","0","513560","0205223","1","E18000006","E40000007","E92000001","E12000006","5","E14001507","E15000006","E24000005","E30000237","E16000150","E07000240","26UGGN","E00120521","26UGGN","E65000001","E01023730","E02004943","5","4B1","E00120521","E01023730","E02004943","E33027483","E38000079","E63011632","C1","6A1",51.734224,-0.356943,"E37000048","","E23000027",32734,"E56000035","E54000025","E00120521","E01023730","E02004943"
"AL2 3LB","AL2  3LB","AL2 3LB","198001","","E10000015","E58000668","E07000240","E05013965","E04013288","0","513364","0205124","1","E18000006","E40000007","E92000001","E12000006","5","E14001507","E15000006","E24000005","E30000237","E16000150","E07000240","26UGGN","E00120504","26UGGN","E65000001","E01023730","E02004943","5","4B4","E00120504","E01023730","E02004943","E33027483","E38000079","E63011632","C1","6A1",51.733374,-0.359812,"E37000048","","E23000027",32734,"E56000035","E54000025","E00120504","E01023730","E02004943"
"AL2 3LD","AL2  3LD","AL2 3LD","198001","","E10000015","E58000668","E07000240","E05013965","E04013288","0","513298","0205176","1","E18000006","E40000007","E92000001","E12000006","5","E14001268","E15000006","E24000005","E30000237","E16000150","E07000240","26UGGL","E00120475","26UGGL","E65000001","E01023722","E02004929","8","3C1","E00120475","E01023722","E02004929","E33024323","E38000079","E63011632","F1","1A2",51.733855,-0.360750,"E37000048","","E23000027",14574,"E56000035","E54000025","E00120475","E01023722","E02004929"
"AL2 3LE","AL2  3LE","AL2 3LE","198001","","E10000015","E58000668","E07000240","E05013965","E04013288","0","513280","0205340","1","E18000006","E40000007","E92000001","E12000006","5","E14001268","E15000006","E24000005","E30000237","E16000150","E07000240","26UGGL","E00120475","26UGGL","E65000001","E01023722","E02004929","8","3C1","E00120475","E01023722","E02004929","E33024323","E38000079","","F1","1A2",51.735332,-0.360957,"E37000048","","E23000027",14574,"E56000035","E54000025","E00120475","E01023722","E02004929"
"AL2 3LF","AL2  3LF","AL2 3LF","198001","","E10000015","E58000668","E07000240","E05013965","E04013288","0","513531","0205262","1","E18000006","E40000007","E92000001","E12000006","5","E14001268","E15000006","E24000005","E30000237","E16000150","E07000240","26UGGL","E00120475","26UGGL","E65000001","E01023722","E02004929","8","3C1","E00120475","E01023722","E02004929","E33024323","E38000079","E63011632","F1","1A2",51.734581,-0.357350,"E37000048","","E23000027",14574,"E56000035","E54000025","E00120475","E01023722","E02004929"
"AL2 3LG","AL2  3LG","AL2 3LG","198001","","E10000015","E58000668","E07000240","E05013965","E04013288","0","513212","0202237","1","E18000006","E40000007","E92000001","E12000006","5","E14001507","E15000006","E24000005","E30000237","E16000150","E07000240","26UGGN","E00120517","26UGGN","E65000001","E01023733","E02004943","5","4D2","E00120517","E01023733","E02004943","E33027485","E38000079","E63011666","C1","6A4",51.707458,-0.362949,"E37000048","","E23000027",31739,"E56000035","E54000025","E00120517","E01023733","E02004943"
"AL2 3LH","AL2  3LH","AL2 3LH","198001","","E10000015","E58000668","E07000240","E05013965","E04013288","0","513079","0202271","1","E18000006","E40000007","E92000001","E12000006","5","E14001507","E15000006","E24000005","E30000237","E16000150","E07000240","26UGGN","E00120517","26UGGN","E65000001","E01023733","E02004943","5","4D2","E00120517","E01023733","E02004943","E33027485","E38000079","E63011666","C1","6A4",51.707790,-0.364862,"E37000048","","E23000027",31739,"E56000035","E54000025","E00120517","E01023733","E02004943"
"AL2 3LJ","AL2  3LJ","AL2 3LJ","198001","","E10000015","E58000668","E07000240","E05013965","E04013288","0","513240","0202112","1","E18000006","E40000007","E92000001","E12000006","5","E14001507","E15000006","E24000005","E30000237","E16000150","E07000240","26UGGK","E00120450","26UGGK","E65000001","E01023717","E02004943","5","7A2","E00120450","E01023717","E02004943","E33027482","E38000079","E63011666","C1","7A2",51.706329,-0.362585,"E37000048","","E23000027",28601,"E56000035","E54000025","E00120450","E01023717","E02004943"
"AL2 3LL","AL2  3LL","AL2 3LL","198001","","E10000015","E58000668","E07000240","E05013965","E04013288","0","513367","0202066","1","E18000006","E40000007","E92000001","E12000006","5","E14001507","E15000006","E24000005","E30000237","E16000150","E07000240","26UGGK","E00120452","26UGGK","E65000001","E01023717","E02004943","5","6D1","E00120452","E01023717","E02004943","E33027482","E38000079","E63011666","C1","6B1",51.705890,-0.360763,"E37000048","","E23000027",28601,"E56000035","E54000025","E00120452","E01023717","E02004943"
"AL2 3LN","AL2  3LN","AL2 3LN","198001","","E10000015","E58000668","E07000240","E05013965","E04013288","0","513483","0202105","1","E18000006","E40000007","E92000001","E12000006","5","E14001507","E15000006","E24000005","E30000237","E16000150","E07000240","26UGGK","E00120451","26UGGK","E65000001","E01023717","E02004943","5","6D1","E00120451","E01023717","E02004943","E33024322","E38000079","E63011666","C1","6B2",51.706217,-0.359072,"E37000048","","E23000027",28601,"E56000035","E54000025","E00120451","E01023717","E02004943"
"AL2 3LP","AL2  3LP","AL2 3LP","198001","","E10000015","E58000668","E07000240","E05013965","E04013288","0","513302","0202012","1","E18000006","E40000007","E92000001","E12000006","5","E14001507","E15000006","E24000005","E30000237","E16000150","E07000240","26UGGK","E00120452","26UGGK","E65000001","E01023717","E02004943","5","6D1","E00120452","E01023717","E02004943","E33027482","E38000079","E63011666","C1","6B1",51.705418,-0.361720,"E37000048","","E23000027",28601,"E56000035","E54000025","E00120452","E01023717","E02004943"
"AL2 3LQ","AL2  3LQ","AL2 3LQ","198001","","E10000015","E58000668","E07000240","E05013965","E04013288","0","513261","0202307","1","E18000006","E40000007","E92000001","E12000006","5","E14001507","E15000006","E24000005","E30000237","E16000150","E07000240","26UGGK","E00120451","26UGGK","E65000001","E01023717","E02004943","5","6D1","E00120451","E01023717","E02004943","E33024322","E38000079","E63011666","C1","6B2",51.708077,-0.362218,"E37000048","","E23000027",28601,"E56000035","E54000025","E00120451","E01023717","E02004943"
"AL2 3LR","AL2  3LR","AL2 3LR","198001","","E10000015","E58000668","E07000240","E05013965","E04013288","0","513245","0201889","1","E18000006","E40000007","E92000001","E12000006","5","E14001507","E15000006","E24000005","E30000237","E16000150","E07000240","26UGGK","E00120452","26UGGK","E65000001","E01023717","E02004943","5","6D1","E00120452","E01023717","E02004943","E33027482","E38000079","E63011666","C1","6B1",51.704324,-0.362585,"E37000048","","E23000027",28601,"E56000035","E54000025","E00120452","E01023717","E02004943"
"AL2 3LS","AL2  3LS","AL2 3LS","198001","","E10000015","E58000668","E07000240","E05013965","E04013288","0","513355","0201990","1","E18000006","E40000007","E92000001","E12000006","5","E14001507","E15000006","E24000005","E30000237","E16000150","E07000240","26UGGK","E00120451","26UGGK","E65000001","E01023717","E02004943","5","6D1","E00120451","E01023717","E02004943","E33024322","E38000079","E63011666","C1","6B2",51.705209,-0.360961,"E37000048","","E23000027",28601,"E56000035","E54000025","E00120451","E01023717","E02004943"
"AL2 3LT","AL2  3LT","AL2 3LT","198001","","E10000015","E58000668","E07000240","E05013965","E04013288","0","513388","0201973","1","E18000006","E40000007","E92000001","E12000006","5","E14001507","E15000006","E24000005","E30000237","E16000150","E07000240","26UGGK","E00120451","26UGGK","E65000001","E01023717","E02004943","5","6D1","E00120451","E01023717","E02004943","E33024322","E38000079","E63011666","C1","6B2",51.705050,-0.360489,"E37000048","","E23000027",28601,"E56000035","E54000025","E00120451","E01023717","E02004943"
"AL2 3LU","AL2  3LU","AL2 3LU","198001","","E10000015","E58000668","E07000240","E05013965","E04013288","0","513282","0201823","1","E18000006","E40000007","E92000001","E12000006","5","E14001507","E15000006","E24000005","E30000237","E16000150","E07000240","26UGGK","E00120451","26UGGK","E65000001","E01023717","E02004943","5","6D1","E00120451","E01023717","E02004943","E33024322","E38000079","E63011666","C1","6B2",51.703723,-0.362071,"E37000048","","E23000027",28601,"E56000035","E54000025","E00120451","E01023717","E02004943"
"AL2 3LW","AL2  3LW","AL2 3LW","198001","","E10000015","E58000668","E07000240","E05013965","E04013288","0","513405","0202107","1","E18000006","E40000007","E92000001","E12000006","5","E14001507","E15000006","E24000005","E30000237","E16000150","E07000240","26UGGK","E00120450","26UGGK","E65000001","E01023717","E02004943","5","7A2","E00120450","E01023717","E02004943","E33027482","E38000079","E63011666","C1","7A2",51.706251,-0.360200,"E37000048","","E23000027",28601,"E56000035","E54000025","E00120450","E01023717","E02004943"
"AL2 3LX","AL2  3LX","AL2 3LX","198001","","E10000015","E58000668","E07000240","E05013965","E04013288","0","513189","0201853","1","E18000006","E40000007","E92000001","E12000006","5","E14001507","E15000006","E24000005","E30000237","E16000150","E07000240","26UGGK","E00120452","26UGGK","E65000001","E01023717","E02004943","5","6D1","E00120452","E01023717","E02004943","E33027482","E38000079","E63011666","C1","6B1",51.704011,-0.363407,"E37000048","","E23000027",28601,"E56000035","E54000025","E00120452","E01023717","E02004943"
"AL2 3LY","AL2  3LY","AL2 3LY","198001","","E10000015","E58000668","E07000240","E05013965","E04013288","0","513152","0201875","1","E18000006","E40000007","E92000001","E12000006","5","E14001507","E15000006","E24000005","E30000237","E16000150","E07000240","26UGGK","E00120450","26UGGK","E65000001","E01023717","E02004943","5","7A2","E00120450","E01023717","E02004943","E33027482","E38000079","E63011666","C1","7A2",51.704217,-0.363935,"E37000048","","E23000027",28601,"E56000035","E54000025","E00120450","E01023717","E02004943"
"AL2 3LZ","AL2  3LZ","AL2 3LZ","198001","201302","E10000015","E58000668","E07000240","E05013965","E04013288","0","513179","0201927","1","E18000006","E40000007","E92000001","E12000006","5","E14001507","E15000006","E24000005","E30000237","E16000150","E07000240","26UGGK","E00120450","26UGGK","E65000001","E01023717","E02004943","5","7A2","E00120450","E01023717","E02004943","E33027482","E38000079","E63011666","C1","7A2",51.704678,-0.363527,"E37000048","","E23000027",28601,"E56000035","E54000025","E00120450","E01023717","E02004943"
"AL2 3NA","AL2  3NA","AL2 3NA","198001","","E10000015","E58000668","E07000240","E05013965","E04013288","0","513134","0201993","1","E18000006","E40000007","E92000001","E12000006","5","E14001507","E15000006","E24000005","E30000237","E16000150","E07000240","26UGGK","E00120452","26UGGK","E65000001","E01023717","E02004943","5","6D1","E00120452","E01023717","E02004943","E33027482","E38000079","E63011666","C1","6B1",51.705281,-0.364157,"E37000048","","E23000027",28601,"E56000035","E54000025","E00120452","E01023717","E02004943"
"AL2 3NB","AL2  3NB","AL2 3NB","198001","","E10000015","E58000668","E07000240","E05013965","E04013288","0","513251","0201991","1","E18000006","E40000007","E92000001","E12000006","5","E14001507","E15000006","E24000005","E30000237","E16000150","E07000240","26UGGK","E00120450","26UGGK","E65000001","E01023717","E02004943","5","7A2","E00120450","E01023717","E02004943","E33027482","E38000079","E63011666","C1","7A2",51.705244,-0.362442,"E37000048","","E23000027",28601,"E56000035","E54000025","E00120450","E01023717","E02004943"
"AL2 3ND","AL2  3ND","AL2 3ND","198001","","E10000015","E58000668","E07000240","E05013965","E04013288","0","513156","0202197","1","E18000006","E40000007","E92000001","E12000006","5","E14001507","E15000006","E24000005","E30000237","E16000150","E07000240","26UGGK","E00120449","26UGGK","E65000001","E01023717","E02004943","5","4D2","E00120449","E01023717","E02004943","E33027482","E38000079","E63011666","C1","6A4",51.707110,-0.363772,"E37000048","","E23000027",28601,"E56000035","E54000025","E00120449","E01023717","E02004943"
"AL2 3NE","AL2  3NE","AL2 3NE","198001","","E10000015","E58000668","E07000240","E05013965","E04013288","0","513025","0202225","1","E18000006","E40000007","E92000001","E12000006","5","E14001507","E15000006","E24000005","E30000237","E16000150","E07000240","26UGGK","E00120449","26UGGK","E65000001","E01023717","E02004943","5","4D2","E00120449","E01023717","E02004943","E33027482","E38000079","E63011666","C1","6A4",51.707388,-0.365658,"E37000048","","E23000027",28601,"E56000035","E54000025","E00120449","E01023717","E02004943"
"AL2 3NF","AL2  3NF","AL2 3NF","198001","","E10000015","E58000668","E07000240","E05013965","E04013288","0","513119","0202071","1","E18000006","E40000007","E92000001","E12000006","5","E14001507","E15000006","E24000005","E30000237","E16000150","E07000240","26UGGK","E00120449","26UGGK","E65000001","E01023717","E02004943","5","4D2","E00120449","E01023717","E02004943","E33027482","E38000079","E63011666","C1","6A4",51.705990,-0.364325,"E37000048","","E23000027",28601,"E56000035","E54000025","E00120449","E01023717","E02004943"
"AL2 3NG","AL2  3NG","AL2 3NG","198001","","E10000015","E58000668","E07000240","E05013965","E04013288","0","513008","0202185","1","E18000006","E40000007","E92000001","E12000006","5","E14001507","E15000006","E24000005","E30000237","E16000150","E07000240","26UGGK","E00120449","26UGGK","E65000001","E01023717","E02004943","5","4D2","E00120449","E01023717","E02004943","E33027482","E38000079","E63011666","C1","6A4",51.707032,-0.365917,"E37000048","","E23000027",28601,"E56000035","E54000025","E00120449","E01023717","E02004943"
"AL2 3NH","AL2  3NH","AL2 3NH","199201","","E10000015","E58000668","E07000240","E05013965","E04013288","0","512396","0202540","1","E18000006","E40000007","E92000001","E12000006","5","E14001507","E15000006","E24000005","E30000237","E16000150","E07000240","26UGGN","E00120513","26UGGN","E65000001","E01023732","E02004943","5","4D2","E00120513","E01023732","E02004943","E33027485","E38000079","E63011666","C1","6A1",51.710345,-0.374656,"E37000048","","E23000027",24029,"E56000035","E54000025","E00120513","E01023732","E02004943"
"AL2 3NJ","AL2  3NJ","AL2 3NJ","200408","","E10000015","E58000668","E07000240","E05013965","E04013288","0","511696","0203834","1","E18000006","E40000007","E92000001","E12000006","5","E14001507","E15000006","E24000005","E30000237","E16000150","E07000240","26UGGN","E00120512","26UGGN","E65000001","E01023732","E02004943","6","3A2","E00120512","E01023732","E02004943","E33024344","E38000079","","F1","1C3",51.722120,-0.384345,"E37000048","","E23000027",24029,"E56000035","E54000025","E00120512","E01023732","E02004943"
"AL2 3NL","AL2  3NL","AL2 3NL","198001","","E10000015","E58000625","E07000240","E05013966","E04013287","0","511274","0205579","1","E18000006","E40000007","E92000001","E12000006","5","E14001268","E15000006","E24000005","E30000237","E16000150","E07000240","26UGGL","E00120475","26UGGL","E65000001","E01023722","E02004929","8","3C1","E00120475","E01023722","E02004929","E33024323","E38000079","","F1","1A2",51.737887,-0.389896,"E37000048","","E23000027",14574,"E56000035","E54000025","E00120475","E01023722","E02004929"
"AL2 3NN","AL2  3NN","AL2 3NN","198001","","E10000015","E58000625","E07000240","E05013966","E04013287","0","511623","0205225","1","E18000006","E40000007","E92000001","E12000006","5","E14001268","E15000006","E24000005","E30000237","E16000150","E07000240","26UGGL","E00120475","26UGGL","E65000001","E01023722","E02004929","8","3C1","E00120475","E01023722","E02004929","E33024323","E38000079","","F1","1A2",51.734636,-0.384957,"E37000048","","E23000027",14574,"E56000035","E54000025","E00120475","E01023722","E02004929"
"AL2 3NP","AL2  3NP","AL2 3NP","198001","","E10000015","E58000668","E07000240","E05013965","E04013288","0","513038","0205167","1","E18000006","E40000007","E92000001","E12000006","5","E14001507","E15000006","E24000005","E30000237","E16000150","E07000240","26UGGN","E00120504","26UGGN","E65000001","E01023730","E02004943","5","4B4","E00120504","E01023730","E02004943","E33027483","E38000079","E63011632","C1","6A1",51.733826,-0.364517,"E37000048","","E23000027",32734,"E56000035","E54000025","E00120504","E01023730","E02004943"
"AL2 3NQ","AL2  3NQ","AL2 3NQ","198001","","E10000015","E58000668","E07000240","E05013965","E04013288","0","513272","0202147","1","E18000006","E40000007","E92000001","E12000006","5","E14001507","E15000006","E24000005","E30000237","E16000150","E07000240","26UGGK","E00120450","26UGGK","E65000001","E01023717","E02004943","5","7A2","E00120450","E01023717","E02004943","E33027482","E38000079","E63011666","C1","7A2",51.706642,-0.362087,"E37000048","","E23000027",28601,"E56000035","E54000025","E00120450","E01023717","E02004943"
"AL2 3NR","AL2  3NR","AL2 3NR","198001","201706","E10000015","E58000668","E07000240","E05013965","E04013288","1","512472","0204482","1","E18000006","E40000007","E92000001","E12000006","5","E14001507","E15000006","E24000005","E30000237","E16000150","E07000240","26UGGN","E00120512","26UGGN","E65000001","E01023732","E02004943","6","3A2","E00120512","E01023732","E02004943","E33024344","E38000079","","F1","1C3",51.727784,-0.372930,"E37000048","","E23000027",24029,"E56000035","E54000025","E00120512","E01023732","E02004943"
"AL2 3NS","AL2  3NS","AL2 3NS","198001","","E10000015","E58000668","E07000240","E05013965","E04013288","0","512470","0204477","1","E18000006","E40000007","E92000001","E12000006","5","E14001507","E15000006","E24000005","E30000237","E16000150","E07000240","26UGGN","E00120512","26UGGN","E65000001","E01023732","E02004943","6","3A2","E00120512","E01023732","E02004943","E33024344","E38000079","","F1","1C3",51.727744,-0.372938,"E37000048","","E23000027",24029,"E56000035","E54000025","E00120512","E01023732","E02004943"
"AL2 3NT","AL2  3NT","AL2 3NT","198001","","E10000015","E58000668","E07000240","E05013965","E04013288","0","512048","0204621","1","E18000006","E40000007","E92000001","E12000006","5","E14001507","E15000006","E24000005","E30000237","E16000150","E07000240","26UGGN","E00120512","26UGGN","E65000001","E01023732","E02004943","6","3A2","E00120512","E01023732","E02004943","E33024344","E38000079","","F1","1C3",51.729123,-0.378999,"E37000048","","E23000027",24029,"E56000035","E54000025","E00120512","E01023732","E02004943"
"AL2 3NU","AL2  3NU","AL2 3NU","198001","","E10000015","E58000668","E07000240","E05013965","E04013288","0","512207","0204342","1","E18000006","E40000007","E92000001","E12000006","5","E14001507","E15000006","E24000005","E30000237","E16000150","E07000240","26UGGN","E00120512","26UGGN","E65000001","E01023732","E02004943","6","3A2","E00120512","E01023732","E02004943","E33024344","E38000079","","F1","1C3",51.726578,-0.376810,"E37000048","","E23000027",24029,"E56000035","E54000025","E00120512","E01023732","E02004943"
"AL2 3NW","AL2  3NW","AL2 3NW","198001","","E10000015","E58000625","E07000240","E05013966","E04013287","0","512471","0205128","1","E18000006","E40000007","E92000001","E12000006","5","E14001268","E15000006","E24000005","E30000237","E16000150","E07000240","26UGGL","E00120475","26UGGL","E65000001","E01023722","E02004929","8","3C1","E00120475","E01023722","E02004929","E33024323","E38000079","","F1","1A2",51.733590,-0.372736,"E37000048","","E23000027",14574,"E56000035","E54000025","E00120475","E01023722","E02004929"
"AL2 3NX","AL2  3NX","AL2 3NX","198001","","E10000015","E58000668","E07000240","E05013965","E04013288","0","512284","0203794","1","E18000006","E40000007","E92000001","E12000006","5","E14001507","E15000006","E24000005","E30000237","E16000150","E07000240","26UGGN","E00120512","26UGGN","E65000001","E01023732","E02004943","6","3A2","E00120512","E01023732","E02004943","E33024344","E38000079","","F1","1C3",51.721638,-0.375873,"E37000048","","E23000027",24029,"E56000035","E54000025","E00120512","E01023732","E02004943"
"AL2 3NY","AL2  3NY","AL2 3NY","198001","","E10000015","E58000668","E07000240","E05013965","E04013288","0","512818","0203785","1","E18000006","E40000007","E92000001","E12000006","5","E14001507","E15000006","E24000005","E30000237","E16000150","E07000240","26UGGN","E00120512","26UGGN","E65000001","E01023732","E02004943","6","3A2","E00120512","E01023732","E02004943","E33024344","E38000079","","F1","1C3",51.721455,-0.368125,"E37000048","","E23000027",24029,"E56000035","E54000025","E00120512","E01023732","E02004943"
"AL2 3NZ","AL2  3NZ","AL2 3NZ","198301","199405","E10000015","E58000668","E07000240","E05013965","E04013288","1","512500","0203700","8","E18000006","E40000007","E92000001","E12000006","5","E14001507","E15000006","E24000005","E30000237","E16000150","E07000240","26UGGN","E00120512","26UGGN","E65000001","E01023732","E02004943","6","3A2","E00120512","E01023732","E02004943","E33024344","E38000079","","F1","1C3",51.720750,-0.372777,"E37000048","","E23000027",24029,"E56000035","E54000025","E00120512","E01023732","E02004943"
"AL2 3PA","AL2  3PA","AL2 3PA","200503","","E10000015","E58000668","E07000240","E05013965","E04013288","0","513277","0201807","1","E18000006","E40000007","E92000001","E12000006","5","E14001507","E15000006","E24000005","E30000237","E16000150","E07000240","26UGGK","E00120451","26UGGK","E65000001","E01023717","E02004943","5","6D1","E00120451","E01023717","E02004943","E33024322","E38000079","E63011666","C1","6B2",51.703580,-0.362149,"E37000048","","E23000027",28601,"E56000035","E54000025","E00120451","E01023717","E02004943"
"AL2 3PB","AL2  3PB","AL2 3PB","199201","","E10000015","E58000668","E07000240","E05013965","E04013288","0","512594","0202593","1","E18000006","E40000007","E92000001","E12000006","5","E14001507","E15000006","E24000005","E30000237","E16000150","E07000240","26UGGN","E00120514","26UGGN","E65000001","E01023732","E02004943","5","4D2","E00120514","E01023732","E02004943","E33027485","E38000079","E63011666","C1","6A4",51.710782,-0.371774,"E37000048","","E23000027",24029,"E56000035","E54000025","E00120514","E01023732","E02004943"
"AL2 3PD","AL2  3PD","AL2 3PD","198001","","E10000015","E58000668","E07000240","E05013965","E04013288","0","513511","0201609","1","E18000006","E40000007","E92000001","E12000006","5","E14001507","E15000006","E24000005","E30000237","E16000150","E07000240","26UGGN","E00120502","26UGGN","E65000001","E01023733","E02004943","5","4D2","E00120502","E01023733","E02004943","E33024343","E38000079","","A1","6A4",51.701758,-0.358805,"E37000048","","E23000027",31739,"E56000035","E54000025","E00189338","E01023733","E02004943"
"AL2 3PE","AL2  3PE","AL2 3PE","198001","","E10000015","E58000668","E07000240","E05013965","E04013288","0","513557","0202090","1","E18000006","E40000007","E92000001","E12000006","5","E14001507","E15000006","E24000005","E30000237","E16000150","E07000240","26UGGK","E00120451","26UGGK","E65000001","E01023717","E02004943","5","6D1","E00120451","E01023717","E02004943","E33024322","E38000079","E63011666","C1","6B2",51.706023,-0.358066,"E37000048","","E23000027",28601,"E56000035","E54000025","E00120451","E01023717","E02004943"
"AL2 3PF","AL2  3PF","AL2 3PF","198001","","E10000015","E58000668","E07000240","E05013965","E04013288","0","513601","0202143","1","E18000006","E40000007","E92000001","E12000006","5","E14001507","E15000006","E24000005","E30000237","E16000150","E07000240","26UGGK","E00120451","26UGGK","E65000001","E01023717","E02004943","5","6D1","E00120451","E01023717","E02004943","E33024322","E38000079","E63011666","C1","6B2",51.706535,-0.357353,"E37000048","","E23000027",28601,"E56000035","E54000025","E00120451","E01023717","E02004943"
"AL2 3PG","AL2  3PG","AL2 3PG","198001","","E10000015","E58000668","E07000240","E05013965","E04013288","0","513497","0201858","1","E18000006","E40000007","E92000001","E12000006","5","E14001507","E15000006","E24000005","E30000237","E16000150","E07000240","26UGGK","E00120451","26UGGK","E65000001","E01023717","E02004943","5","6D1","E00120451","E01023717","E02004943","E33024322","E38000079","","C1","6B2",51.703994,-0.358950,"E37000048","","E23000027",28601,"E56000035","E54000025","E00120451","E01023717","E02004943"
"AL2 3PH","AL2  3PH","AL2 3PH","198001","","E10000015","E58000668","E07000240","E05013965","E04013288","0","513601","0202004","1","E18000006","E40000007","E92000001","E12000006","5","E14001507","E15000006","E24000005","E30000237","E16000150","E07000240","26UGGK","E00120451","26UGGK","E65000001","E01023717","E02004943","5","6D1","E00120451","E01023717","E02004943","E33024322","E38000079","E63011666","C1","6B2",51.705285,-0.357398,"E37000048","","E23000027",28601,"E56000035","E54000025","E00120451","E01023717","E02004943"
"AL2 3PJ","AL2  3PJ","AL2 3PJ","198001","","E10000015","E58000668","E07000240","E05013965","E04013288","0","513658","0202134","1","E18000006","E40000007","E92000001","E12000006","5","E14001507","E15000006","E24000005","E30000237","E16000150","E07000240","26UGGK","E00120451","26UGGK","E65000001","E01023717","E02004943","5","6D1","E00120451","E01023717","E02004943","E33024322","E38000079","E63011666","C1","6B2",51.706447,-0.356508,"E37000048","","E23000027",28601,"E56000035","E54000025","E00120451","E01023717","E02004943"
"AL2 3PL","AL2  3PL","AL2 3PL","198001","","E10000015","E58000668","E07000240","E05013965","E04013288","0","513607","0202047","1","E18000006","E40000007","E92000001","E12000006","5","E14001507","E15000006","E24000005","E30000237","E16000150","E07000240","26UGGK","E00120451","26UGGK","E65000001","E01023717","E02004943","5","6D1","E00120451","E01023717","E02004943","E33024322","E38000079","E63011666","C1","6B2",51.705671,-0.357297,"E37000048","","E23000027",28601,"E56000035","E54000025","E00120451","E01023717","E02004943"
"AL2 3PN","AL2  3PN","AL2 3PN","198001","","E10000015","E58000668","E07000240","E05013965","E04013288","0","513950","0202152","1","E18000006","E40000007","E92000001","E12000006","5","E14001507","E15000006","E24000005","E30000237","E16000150","E07000240","26UGGK","E00120451","26UGGK","E65000001","E01023717","E02004943","5","6D1","E00120451","E01023717","E02004943","E33024322","E38000079","","C1","6B2",51.706545,-0.352301,"E37000048","","E23000027",28601,"E56000035","E54000025","E00120451","E01023717","E02004943"
"AL2 3PP","AL2  3PP","AL2 3PP","200106","","E10000015","E58000668","E07000240","E05013965","E04013288","0","512926","0202376","1","E18000006","E40000007","E92000001","E12000006","5","E14001507","E15000006","E24000005","E30000237","E16000150","E07000240","26UGGN","E00120517","26UGGN","E65000001","E01023733","E02004943","5","4D2","E00120517","E01023733","E02004943","E33027485","E38000079","E63011666","C1","6A4",51.708765,-0.367042,"E37000048","","E23000027",31739,"E56000035","E54000025","E00120517","E01023733","E02004943"
"AL2 3PQ","AL2  3PQ","AL2 3PQ","198001","","E10000015","E58000668","E07000240","E05013965","E04013288","0","513499","0201966","1","E18000006","E40000007","E92000001","E12000006","5","E14001507","E15000006","E24000005","E30000237","E16000150","E07000240","26UGGK","E00120451","26UGGK","E65000001","E01023717","E02004943","5","6D1","E00120451","E01023717","E02004943","E33024322","E38000079","E63011666","C1","6B2",51.704969,-0.358863,"E37000048","","E23000027",28601,"E56000035","E54000025","E00120451","E01023717","E02004943"
"AL2 3PR","AL2  3PR","AL2 3PR","199706","200408","E10000015","E58000664","E07000240","E05013956","E43000290","1","517328","0206823","1","E18000006","E40000007","E92000001","E12000006","5","E14001507","E15000006","E24000005","E30000237","E16000150","E07000240","26UGFX","E00120196","26UGFX","E65000001","E01023667","E02004936","5","6D1","E00120196","E01023667","E02004936","E33027453","E38000079","E63011552","C1","5A2",51.747828,-0.301865,"E37000048","","E23000027",30628,"E56000035","E54000025","E00120196","E01023667","E02004936"
"AL2 3PS","AL2  3PS","AL2 3PS","198301","","E10000015","E58000668","E07000240","E05013965","E04013288","0","512734","0202598","1","E18000006","E40000007","E92000001","E12000006","5","E14001507","E15000006","E24000005","E30000237","E16000150","E07000240","26UGGN","E00120515","26UGGN","E65000001","E01023732","E02004943","5","4B4","E00120515","E01023732","E02004943","E33027485","E38000079","E63011666","C1","6A1",51.710803,-0.369724,"E37000048","","E23000027",24029,"E56000035","E54000025","E00120515","E01023732","E02004943"
"AL2 3PT","AL2  3PT","AL2 3PT","198001","","E10000015","E58000668","E07000240","E05013965","E04013288","0","512548","0202756","1","E18000006","E40000007","E92000001","E12000006","5","E14001507","E15000006","E24000005","E30000237","E16000150","E07000240","26UGGN","E00120514","26UGGN","E65000001","E01023732","E02004943","5","4D2","E00120514","E01023732","E02004943","E33027485","E38000079","E63011666","C1","6A4",51.712256,-0.372387,"E37000048","","E23000027",24029,"E56000035","E54000025","E00120514","E01023732","E02004943"
"AL2 3PU","AL2  3PU","AL2 3PU","198001","","E10000015","E58000668","E07000240","E05013965","E04013288","0","512505","0202740","1","E18000006","E40000007","E92000001","E12000006","5","E14001507","E15000006","E24000005","E30000237","E16000150","E07000240","26UGGN","E00120514","26UGGN","E65000001","E01023732","E02004943","5","4D2","E00120514","E01023732","E02004943","E33027485","E38000079","E63011666","C1","6A4",51.712121,-0.373015,"E37000048","","E23000027",24029,"E56000035","E54000025","E00120514","E01023732","E02004943"
"AL2 3PW","AL2  3PW","AL2 3PW","198001","","E10000015","E58000668","E07000240","E05013965","E04013288","0","513637","0202185","1","E18000006","E40000007","E92000001","E12000006","5","E14001507","E15000006","E24000005","E30000237","E16000150","E07000240","26UGGK","E00120451","26UGGK","E65000001","E01023717","E02004943","5","6D1","E00120451","E01023717","E02004943","E33024322","E38000079","E63011666","C1","6B2",51.706905,-0.356818,"E37000048","","E23000027",28601,"E56000035","E54000025","E00120451","E01023717","E02004943"
"AL2 3PX","AL2  3PX","AL2 3PX","198001","","E10000015","E58000668","E07000240","E05013965","E04013288","0","512647","0202599","1","E18000006","E40000007","E92000001","E12000006","5","E14001507","E15000006","E24000005","E30000237","E16000150","E07000240","26UGGN","E00120514","26UGGN","E65000001","E01023732","E02004943","5","4D2","E00120514","E01023732","E02004943","E33027485","E38000079","E63011666","C1","6A4",51.710825,-0.371006,"E37000048","","E23000027",24029,"E56000035","E54000025","E00120514","E01023732","E02004943"
"AL2 3PY","AL2  3PY","AL2 3PY","198001","","E10000015","E58000668","E07000240","E05013965","E04013288","0","512698","0202688","1","E18000006","E40000007","E92000001","E12000006","5","E14001507","E15000006","E24000005","E30000237","E16000150","E07000240","26UGGN","E00120514","26UGGN","E65000001","E01023732","E02004943","5","4D2","E00120514","E01023732","E02004943","E33027485","E38000079","E63011666","C1","6A4",51.711615,-0.370239,"E37000048","","E23000027",24029,"E56000035","E54000025","E00120514","E01023732","E02004943"
"AL2 3PZ","AL2  3PZ","AL2 3PZ","198001","","E10000015","E58000668","E07000240","E05013965","E04013288","0","512704","0202556","1","E18000006","E40000007","E92000001","E12000006","5","E14001507","E15000006","E24000005","E30000237","E16000150","E07000240","26UGGN","E00120517","26UGGN","E65000001","E01023733","E02004943","5","4D2","E00120517","E01023733","E02004943","E33027485","E38000079","E63011666","C1","6A4",51.710427,-0.370195,"E37000048","","E23000027",31739,"E56000035","E54000025","E00120517","E01023733","E02004943"
"AL2 3QA","AL2  3QA","AL2 3QA","198001","","E10000015","E58000668","E07000240","E05013965","E04013288","0","512804","0202364","1","E18000006","E40000007","E92000001","E12000006","5","E14001507","E15000006","E24000005","E30000237","E16000150","E07000240","26UGGN","E00120516","26UGGN","E65000001","E01023733","E02004943","5","4B3","E00120516","E01023733","E02004943","E33027485","E38000079","E63011666","C1","6A3",51.708681,-0.368810,"E37000048","","E23000027",31739,"E56000035","E54000025","E00120516","E01023733","E02004943"
"AL2 3QB","AL2  3QB","AL2 3QB","198001","","E10000015","E58000668","E07000240","E05013965","E04013288","0","512919","0202332","1","E18000006","E40000007","E92000001","E12000006","5","E14001507","E15000006","E24000005","E30000237","E16000150","E07000240","26UGGN","E00120517","26UGGN","E65000001","E01023733","E02004943","5","4D2","E00120517","E01023733","E02004943","E33027485","E38000079","E63011666","C1","6A4",51.708371,-0.367157,"E37000048","","E23000027",31739,"E56000035","E54000025","E00120517","E01023733","E02004943"
"AL2 3QD","AL2  3QD","AL2 3QD","198001","","E10000015","E58000668","E07000240","E05013965","E04013288","0","512994","0202383","1","E18000006","E40000007","E92000001","E12000006","5","E14001507","E15000006","E24000005","E30000237","E16000150","E07000240","26UGGN","E00120515","26UGGN","E65000001","E01023732","E02004943","5","4B4","E00120515","E01023732","E02004943","E33027485","E38000079","E63011666","C1","6A1",51.708814,-0.366056,"E37000048","","E23000027",24029,"E56000035","E54000025","E00120515","E01023732","E02004943"
"AL2 3QE","AL2  3QE","AL2 3QE","198001","","E10000015","E58000668","E07000240","E05013965","E04013288","0","513071","0202469","1","E18000006","E40000007","E92000001","E12000006","5","E14001507","E15000006","E24000005","E30000237","E16000150","E07000240","26UGGN","E00120515","26UGGN","E65000001","E01023732","E02004943","5","4B4","E00120515","E01023732","E02004943","E33027485","E38000079","E63011666","C1","6A1",51.709571,-0.364914,"E37000048","","E23000027",24029,"E56000035","E54000025","E00120515","E01023732","E02004943"
"AL2 3QF","AL2  3QF","AL2 3QF","198001","","E10000015","E58000668","E07000240","E05013965","E04013288","0","513044","0202612","1","E18000006","E40000007","E92000001","E12000006","5","E14001507","E15000006","E24000005","E30000237","E16000150","E07000240","26UGGN","E00120515","26UGGN","E65000001","E01023732","E02004943","5","4B4","E00120515","E01023732","E02004943","E33027485","E38000079","E63011666","C1","6A1",51.710867,-0.365234,"E37000048","","E23000027",24029,"E56000035","E54000025","E00120515","E01023732","E02004943"
"AL2 3QG","AL2  3QG","AL2 3QG","198001","","E10000015","E58000668","E07000240","E05013965","E04013288","0","513106","0202603","1","E18000006","E40000007","E92000001","E12000006","5","E14001507","E15000006","E24000005","E30000237","E16000150","E07000240","26UGGN","E00120512","26UGGN","E65000001","E01023732","E02004943","6","3A2","E00120512","E01023732","E02004943","E33024344","E38000079","E63011666","F1","1C3",51.710769,-0.364364,"E37000048","","E23000027",24029,"E56000035","E54000025","E00120512","E01023732","E02004943"
"AL2 3QH","AL2  3QH","AL2 3QH","202301","","E10000015","E58000668","E07000240","E05013965","E04013288","0","512746","0202330","1","E18000006","E40000007","E92000001","E12000006","5","E14001507","E15000006","E24000005","E30000237","E16000150","E07000240","26UGGN","E00120516","26UGGN","E65000001","E01023733","E02004943","5","4B3","E00120516","E01023733","E02004943","E33027485","E38000079","E63011666","C1","6A3",51.708392,-0.369637,"E37000048","","E23000027",31739,"E56000035","E54000025","E00120516","E01023733","E02004943"
"AL2 3QJ","AL2  3QJ","AL2 3QJ","198001","","E10000015","E58000668","E07000240","E05013965","E04013288","0","512966","0202505","1","E18000006","E40000007","E92000001","E12000006","5","E14001507","E15000006","E24000005","E30000237","E16000150","E07000240","26UGGN","E00120515","26UGGN","E65000001","E01023732","E02004943","5","4B4","E00120515","E01023732","E02004943","E33027485","E38000079","E63011666","C1","6A1",51.709921,-0.366397,"E37000048","","E23000027",24029,"E56000035","E54000025","E00120515","E01023732","E02004943"
"AL2 3QL","AL2  3QL","AL2 3QL","198001","","E10000015","E58000668","E07000240","E05013965","E04013288","0","512867","0202521","1","E18000006","E40000007","E92000001","E12000006","5","E14001507","E15000006","E24000005","E30000237","E16000150","E07000240","26UGGN","E00120515","26UGGN","E65000001","E01023732","E02004943","5","4B4","E00120515","E01023732","E02004943","E33027485","E38000079","E63011666","C1","6A1",51.710080,-0.367848,"E37000048","","E23000027",24029,"E56000035","E54000025","E00120515","E01023732","E02004943"
"AL2 3QN","AL2  3QN","AL2 3QN","198001","","E10000015","E58000668","E07000240","E05013965","E04013288","0","512955","0202647","1","E18000006","E40000007","E92000001","E12000006","5","E14001507","E15000006","E24000005","E30000237","E16000150","E07000240","26UGGN","E00120515","26UGGN","E65000001","E01023732","E02004943","5","4B4","E00120515","E01023732","E02004943","E33027485","E38000079","E63011666","C1","6A1",51.711195,-0.366534,"E37000048","","E23000027",24029,"E56000035","E54000025","E00120515","E01023732","E02004943"
"AL2 3QP","AL2  3QP","AL2 3QP","198001","","E10000015","E58000668","E07000240","E05013965","E04013288","0","512917","0202136","1","E18000006","E40000007","E92000001","E12000006","5","E14001507","E15000006","E24000005","E30000237","E16000150","E07000240","26UGGN","E00120520","26UGGN","E65000001","E01023733","E02004943","5","4D2","E00120520","E01023733","E02004943","E33027482","E38000079","E63011666","C1","6B2",51.706610,-0.367249,"E37000048","","E23000027",31739,"E56000035","E54000025","E00120520","E01023733","E02004943"
"AL2 3QQ","AL2  3QQ","AL2 3QQ","198001","","E10000015","E58000668","E07000240","E05013965","E04013288","0","513162","0202374","1","E18000006","E40000007","E92000001","E12000006","5","E14001507","E15000006","E24000005","E30000237","E16000150","E07000240","26UGGN","E00120515","26UGGN","E65000001","E01023732","E02004943","5","4B4","E00120515","E01023732","E02004943","E33027485","E38000079","E63011666","C1","6A1",51.708699,-0.363628,"E37000048","","E23000027",24029,"E56000035","E54000025","E00120515","E01023732","E02004943"
"AL2 3QR","AL2  3QR","AL2 3QR","198001","","E10000015","E58000668","E07000240","E05013965","E04013288","0","512853","0202143","1","E18000006","E40000007","E92000001","E12000006","5","E14001507","E15000006","E24000005","E30000237","E16000150","E07000240","26UGGN","E00120520","26UGGN","E65000001","E01023733","E02004943","5","4D2","E00120520","E01023733","E02004943","E33027482","E38000079","E63011666","C1","6B2",51.706685,-0.368173,"E37000048","","E23000027",31739,"E56000035","E54000025","E00120520","E01023733","E02004943"
"AL2 3QS","AL2  3QS","AL2 3QS","198001","","E10000015","E58000668","E07000240","E05013965","E04013288","0","512926","0202249","1","E18000006","E40000007","E92000001","E12000006","5","E14001507","E15000006","E24000005","E30000237","E16000150","E07000240","26UGGN","E00120517","26UGGN","E65000001","E01023733","E02004943","5","4D2","E00120517","E01023733","E02004943","E33027485","E38000079","E63011666","C1","6A4",51.707628,-0.367059,"E37000048","","E23000027",31739,"E56000035","E54000025","E00120517","E01023733","E02004943"
"AL2 3QT","AL2  3QT","AL2 3QT","198001","","E10000015","E58000668","E07000240","E05013965","E04013288","0","513031","0202547","1","E18000006","E40000007","E92000001","E12000006","5","E14001507","E15000006","E24000005","E30000237","E16000150","E07000240","26UGGN","E00120515","26UGGN","E65000001","E01023732","E02004943","5","4B4","E00120515","E01023732","E02004943","E33027485","E38000079","E63011666","C1","6A1",51.710281,-0.365467,"E37000048","","E23000027",24029,"E56000035","E54000025","E00120515","E01023732","E02004943"
"AL2 3QU","AL2  3QU","AL2 3QU","198001","","E10000015","E58000668","E07000240","E05013965","E04013288","0","513120","0202385","1","E18000006","E40000007","E92000001","E12000006","5","E14001507","E15000006","E24000005","E30000237","E16000150","E07000240","26UGGN","E00120515","26UGGN","E65000001","E01023732","E02004943","5","4B4","E00120515","E01023732","E02004943","E33027485","E38000079","E63011666","C1","6A1",51.708807,-0.364232,"E37000048","","E23000027",24029,"E56000035","E54000025","E00120515","E01023732","E02004943"
"AL2 3QW","AL2  3QW","AL2 3QW","198001","","E10000015","E58000668","E07000240","E05013965","E04013288","0","513047","0202381","1","E18000006","E40000007","E92000001","E12000006","5","E14001507","E15000006","E24000005","E30000237","E16000150","E07000240","26UGGN","E00120515","26UGGN","E65000001","E01023732","E02004943","5","4B4","E00120515","E01023732","E02004943","E33027485","E38000079","E63011666","C1","6A1",51.708846,-0.365128,"E37000048","","E23000027",24029,"E56000035","E54000025","E00120515","E01023732","E02004943"
"AL2 3QX","AL2  3QX","AL2 3QX","198001","","E10000015","E58000668","E07000240","E05013965","E04013288","0","512895","0202463","1","E18000006","E40000007","E92000001","E12000006","5","E14001507","E15000006","E24000005","E30000237","E16000150","E07000240","26UGGN","E00120517","26UGGN","E65000001","E01023733","E02004943","5","4D2","E00120517","E01023733","E02004943","E33027485","E38000079","E63011666","C1","6A4",51.709553,-0.367462,"E37000048","","E23000027",31739,"E56000035","E54000025","E00120517","E01023733","E02004943"
"AL2 3QY","AL2  3QY","AL2 3QY","199101","","E10000015","E58000668","E07000240","E05013965","E04013288","0","512949","0202414","1","E18000006","E40000007","E92000001","E12000006","5","E14001507","E15000006","E24000005","E30000237","E16000150","E07000240","26UGGN","E00120517","26UGGN","E65000001","E01023733","E02004943","5","4D2","E00120517","E01023733","E02004943","E33027485","E38000079","E63011666","C1","6A4",51.709102,-0.366697,"E37000048","","E23000027",31739,"E56000035","E54000025","E00120517","E01023733","E02004943"
"AL2 3QZ","AL2  3QZ","AL2 3QZ","199002","","E10000015","E58000668","E07000240","E05013965","E04013288","0","512943","0202358","1","E18000006","E40000007","E92000001","E12000006","5","E14001507","E15000006","E24000005","E30000237","E16000150","E07000240","26UGGN","E00120517","26UGGN","E65000001","E01023733","E02004943","5","4D2","E00120517","E01023733","E02004943","E33027485","E38000079","E63011666","C1","6A4",51.708600,-0.366801,"E37000048","","E23000027",31739,"E56000035","E54000025","E00120517","E01023733","E02004943"
"AL2 3RB","AL2  3RB","AL2 3RB","199208","199806","E10000015","E58000668","E07000240","E05013965","E04013288","1","513079","0203269","6","E18000006","E40000007","E92000001","E12000006","5","E14001507","E15000006","E24000005","E30000237","E16000150","E07000240","26UGGN","E00120512","26UGGN","E65000001","E01023732","E02004943","6","3A2","E00120512","E01023732","E02004943","E33024344","E38000079","E63011632","F1","1C3",51.716760,-0.364539,"E37000048","","E23000027",24029,"E56000035","E54000025","E00120512","E01023732","E02004943"
"AL2 3RE","AL2  3RE","AL2 3RE","199612","199712","E10000015","E58000668","E07000240","E05013965","E04013288","1","513078","0203268","6","E18000006","E40000007","E92000001","E12000006","5","E14001507","E15000006","E24000005","E30000237","E16000150","E07000240","26UGGN","E00120512","26UGGN","E65000001","E01023732","E02004943","6","3A2","E00120512","E01023732","E02004943","E33024344","E38000079","E63011632","F1","1C3",51.716751,-0.364554,"E37000048","","E23000027",24029,"E56000035","E54000025","E00120512","E01023732","E02004943"
"AL2 3RH","AL2  3RH","AL2 3RH","200205","","E10000015","E58000668","E07000240","E05013965","E04013288","0","512674","0201986","1","E18000006","E40000007","E92000001","E12000006","5","E14001507","E15000006","E24000005","E30000237","E16000150","E07000240","26UGGN","E00120519","26UGGN","E65000001","E01023733","E02004943","5","4B3","E00120519","E01023733","E02004943","E33027482","E38000079","E63011666","C1","6A1",51.705310,-0.370813,"E37000048","","E23000027",31739,"E56000035","E54000025","E00120519","E01023733","E02004943"
"AL2 3RN","AL2  3RN","AL2 3RN","200505","","E10000015","E58000664","E07000240","E05013956","E43000290","1","517321","0206803","1","E18000006","E40000007","E92000001","E12000006","5","E14001507","E15000006","E24000005","E30000237","E16000150","E07000240","26UGFX","E00120196","26UGFX","E65000001","E01023667","E02004936","5","6D1","E00120196","E01023667","E02004936","E33027453","E38000079","E63011552","C1","5A2",51.747650,-0.301973,"E37000048","","E23000027",30628,"E56000035","E54000025","E00120196","E01023667","E02004936"
"AL2 3RP","AL2  3RP","AL2 3RP","201211","","E10000015","E58000668","E07000240","E05013965","E04013288","0","512786","0201865","1","E18000006","E40000007","E92000001","E12000006","5","E14001507","E15000006","E24000005","E30000237","E16000150","E07000240","26UGGN","E00120502","26UGGN","E65000001","E01023733","E02004943","5","4D2","E00120502","E01023733","E02004943","E33024343","E38000079","E63011666","A1","6A4",51.704200,-0.369232,"E37000048","","E23000027",31739,"E56000035","E54000025","E00189344","E01023733","E02004943"
"AL2 3RQ","AL2  3RQ","AL2 3RQ","200603","200812","E10000015","E58000664","E07000240","E05013956","E43000290","1","517328","0206823","1","E18000006","E40000007","E92000001","E12000006","5","E14001507","E15000006","E24000005","E30000237","E16000150","E07000240","26UGFX","E00120196","26UGFX","E65000001","E01023667","E02004936","5","6D1","E00120196","E01023667","E02004936","E33027453","E38000079","E63011552","C1","5A2",51.747828,-0.301865,"E37000048","","E23000027",30628,"E56000035","E54000025","E00120196","E01023667","E02004936"
"AL2 3RR","AL2  3RR","AL2 3RR","200810","","E10000015","E58000668","E07000240","E05013965","E04013288","0","513431","0203294","1","E18000006","E40000007","E92000001","E12000006","5","E14001507","E15000006","E24000005","E30000237","E16000150","E07000240","26UGGN","E00120511","26UGGN","E65000001","E01023731","E02004943","5","4D2","E00120511","E01023731","E02004943","E33027484","E38000079","E63011632","C1","5B1",51.716918,-0.359414,"E37000048","","E23000027",27377,"E56000035","E54000025","E00120511","E01023731","E02004943"
"AL2 3RS","AL2  3RS","AL2 3RS","198001","","E10000015","E58000668","E07000240","E05013965","E04013288","0","512435","0202720","1","E18000006","E40000007","E92000001","E12000006","5","E14001507","E15000006","E24000005","E30000237","E16000150","E07000240","26UGGN","E00120514","26UGGN","E65000001","E01023732","E02004943","5","4D2","E00120514","E01023732","E02004943","E33027485","E38000079","E63011666","C1","6A4",51.711955,-0.374034,"E37000048","","E23000027",24029,"E56000035","E54000025","E00120514","E01023732","E02004943"
"AL2 3RT","AL2  3RT","AL2 3RT","198001","","E10000015","E58000668","E07000240","E05013965","E04013288","0","512440","0202586","1","E18000006","E40000007","E92000001","E12000006","5","E14001507","E15000006","E24000005","E30000237","E16000150","E07000240","26UGGN","E00120513","26UGGN","E65000001","E01023732","E02004943","5","4D2","E00120513","E01023732","E02004943","E33027485","E38000079","E63011666","C1","6A1",51.710750,-0.374005,"E37000048","","E23000027",24029,"E56000035","E54000025","E00120513","E01023732","E02004943"
"AL2 3RU","AL2  3RU","AL2 3RU","198001","","E10000015","E58000668","E07000240","E05013965","E04013288","0","512278","0202508","1","E18000006","E40000007","E92000001","E12000006","5","E14001507","E15000006","E24000005","E30000237","E16000150","E07000240","26UGGN","E00120513","26UGGN","E65000001","E01023732","E02004943","5","4D2","E00120513","E01023732","E02004943","E33027485","E38000079","E63011666","C1","6A1",51.710081,-0.376373,"E37000048","","E23000027",24029,"E56000035","E54000025","E00120513","E01023732","E02004943"
"AL2 3RW","AL2  3RW","AL2 3RW","200106","","E10000015","E58000668","E07000240","E05013965","E04013288","0","512585","0202634","1","E18000006","E40000007","E92000001","E12000006","5","E14001507","E15000006","E24000005","E30000237","E16000150","E07000240","26UGGN","E00120514","26UGGN","E65000001","E01023732","E02004943","5","4D2","E00120514","E01023732","E02004943","E33027485","E38000079","E63011666","C1","6A4",51.711152,-0.371891,"E37000048","","E23000027",24029,"E56000035","E54000025","E00120514","E01023732","E02004943"
"AL2 3RX","AL2  3RX","AL2 3RX","198001","","E10000015","E58000668","E07000240","E05013965","E04013288","0","512270","0202335","1","E18000006","E40000007","E92000001","E12000006","5","E14001507","E15000006","E24000005","E30000237","E16000150","E07000240","26UGGN","E00120518","26UGGN","E65000001","E01023732","E02004943","5","4D1","E00120518","E01023732","E02004943","E33027485","E38000079","E63011666","A1","5B1",51.708528,-0.376545,"E37000048","","E23000027",24029,"E56000035","E54000025","E00120518","E01023732","E02004943"
"AL2 3RY","AL2  3RY","AL2 3RY","198001","","E10000015","E58000668","E07000240","E05013965","E04013288","0","512318","0202267","1","E18000006","E40000007","E92000001","E12000006","5","E14001507","E15000006","E24000005","E30000237","E16000150","E07000240","26UGGN","E00120518","26UGGN","E65000001","E01023732","E02004943","5","4D1","E00120518","E01023732","E02004943","E33027485","E38000079","E63011666","A1","5B1",51.707907,-0.375872,"E37000048","","E23000027",24029,"E56000035","E54000025","E00120518","E01023732","E02004943"
"AL2 3RZ","AL2  3RZ","AL2 3RZ","198001","","E10000015","E58000668","E07000240","E05013965","E04013288","0","512390","0202201","1","E18000006","E40000007","E92000001","E12000006","5","E14001507","E15000006","E24000005","E30000237","E16000150","E07000240","26UGGN","E00120519","26UGGN","E65000001","E01023733","E02004943","5","4B3","E00120519","E01023733","E02004943","E33027482","E38000079","E63011666","C1","6A1",51.707299,-0.374852,"E37000048","","E23000027",31739,"E56000035","E54000025","E00120519","E01023733","E02004943"
"AL2 3SA","AL2  3SA","AL2 3SA","198001","","E10000015","E58000668","E07000240","E05013965","E04013288","0","512352","0202290","1","E18000006","E40000007","E92000001","E12000006","5","E14001507","E15000006","E24000005","E30000237","E16000150","E07000240","26UGGN","E00120519","26UGGN","E65000001","E01023733","E02004943","5","4B3","E00120519","E01023733","E02004943","E33027482","E38000079","E63011666","C1","6A1",51.708107,-0.375373,"E37000048","","E23000027",31739,"E56000035","E54000025","E00120519","E01023733","E02004943"
"AL2 3SB","AL2  3SB","AL2 3SB","198001","","E10000015","E58000668","E07000240","E05013965","E04013288","0","512390","0202442","1","E18000006","E40000007","E92000001","E12000006","5","E14001507","E15000006","E24000005","E30000237","E16000150","E07000240","26UGGN","E00120513","26UGGN","E65000001","E01023732","E02004943","5","4D2","E00120513","E01023732","E02004943","E33027485","E38000079","E63011666","C1","6A1",51.709465,-0.374774,"E37000048","","E23000027",24029,"E56000035","E54000025","E00120513","E01023732","E02004943"
"AL2 3SD","AL2  3SD","AL2 3SD","199606","","E10000015","E58000668","E07000240","E05013965","E04013288","0","512805","0202129","1","E18000006","E40000007","E92000001","E12000006","5","E14001507","E15000006","E24000005","E30000237","E16000150","E07000240","26UGGN","E00120520","26UGGN","E65000001","E01023733","E02004943","5","4D2","E00120520","E01023733","E02004943","E33027482","E38000079","E63011666","C1","6B2",51.706569,-0.368872,"E37000048","","E23000027",31739,"E56000035","E54000025","E00120520","E01023733","E02004943"
"AL2 3SE","AL2  3SE","AL2 3SE","198001","","E10000015","E58000668","E07000240","E05013965","E04013288","0","512587","0202515","1","E18000006","E40000007","E92000001","E12000006","5","E14001507","E15000006","E24000005","E30000237","E16000150","E07000240","26UGGN","E00120513","26UGGN","E65000001","E01023732","E02004943","5","4D2","E00120513","E01023732","E02004943","E33027485","E38000079","E63011666","C1","6A1",51.710082,-0.371901,"E37000048","","E23000027",24029,"E56000035","E54000025","E00120513","E01023732","E02004943"
"AL2 3SF","AL2  3SF","AL2 3SF","198001","","E10000015","E58000668","E07000240","E05013965","E04013288","0","512516","0202611","1","E18000006","E40000007","E92000001","E12000006","5","E14001507","E15000006","E24000005","E30000237","E16000150","E07000240","26UGGN","E00120514","26UGGN","E65000001","E01023732","E02004943","5","4D2","E00120514","E01023732","E02004943","E33027485","E38000079","E63011666","C1","6A4",51.710959,-0.372897,"E37000048","","E23000027",24029,"E56000035","E54000025","E00120514","E01023732","E02004943"
"AL2 3SG","AL2  3SG","AL2 3SG","198001","","E10000015","E58000668","E07000240","E05013965","E04013288","0","512551","0202592","1","E18000006","E40000007","E92000001","E12000006","5","E14001507","E15000006","E24000005","E30000237","E16000150","E07000240","26UGGN","E00120514","26UGGN","E65000001","E01023732","E02004943","5","4D2","E00120514","E01023732","E02004943","E33027485","E38000079","E63011666","C1","6A4",51.710781,-0.372397,"E37000048","","E23000027",24029,"E56000035","E54000025","E00120514","E01023732","E02004943"
"AL2 3SH","AL2  3SH","AL2 3SH","198001","","E10000015","E58000668","E07000240","E05013965","E04013288","0","512400","0202364","1","E18000006","E40000007","E92000001","E12000006","5","E14001507","E15000006","E24000005","E30000237","E16000150","E07000240","26UGGN","E00120516","26UGGN","E65000001","E01023733","E02004943","5","4B3","E00120516","E01023733","E02004943","E33027485","E38000079","E63011666","C1","6A3",51.708762,-0.374655,"E37000048","","E23000027",31739,"E56000035","E54000025","E00120516","E01023733","E02004943"
"AL2 3SJ","AL2  3SJ","AL2 3SJ","198001","","E10000015","E58000668","E07000240","E05013965","E04013288","0","512576","0202395","1","E18000006","E40000007","E92000001","E12000006","5","E14001507","E15000006","E24000005","E30000237","E16000150","E07000240","26UGGN","E00120516","26UGGN","E65000001","E01023733","E02004943","5","4B3","E00120516","E01023733","E02004943","E33027485","E38000079","E63011666","C1","6A3",51.709006,-0.372099,"E37000048","","E23000027",31739,"E56000035","E54000025","E00120516","E01023733","E02004943"
"AL2 3SL","AL2  3SL","AL2 3SL","198001","","E10000015","E58000668","E07000240","E05013965","E04013288","0","512543","0202420","1","E18000006","E40000007","E92000001","E12000006","5","E14001507","E15000006","E24000005","E30000237","E16000150","E07000240","26UGGN","E00120516","26UGGN","E65000001","E01023733","E02004943","5","4B3","E00120516","E01023733","E02004943","E33027485","E38000079","E63011666","C1","6A3",51.709237,-0.372568,"E37000048","","E23000027",31739,"E56000035","E54000025","E00120516","E01023733","E02004943"
"AL2 3SN","AL2  3SN","AL2 3SN","198001","","E10000015","E58000668","E07000240","E05013965","E04013288","0","512469","0202251","1","E18000006","E40000007","E92000001","E12000006","5","E14001507","E15000006","E24000005","E30000237","E16000150","E07000240","26UGGN","E00120519","26UGGN","E65000001","E01023733","E02004943","5","4B3","E00120519","E01023733","E02004943","E33027482","E38000079","E63011666","C1","6A1",51.707733,-0.373693,"E37000048","","E23000027",31739,"E56000035","E54000025","E00120519","E01023733","E02004943"
"AL2 3SP","AL2  3SP","AL2 3SP","198001","","E10000015","E58000668","E07000240","E05013965","E04013288","0","512644","0202340","1","E18000006","E40000007","E92000001","E12000006","5","E14001507","E15000006","E24000005","E30000237","E16000150","E07000240","26UGGN","E00120516","26UGGN","E65000001","E01023733","E02004943","5","4B3","E00120516","E01023733","E02004943","E33027485","E38000079","E63011666","C1","6A3",51.708498,-0.371133,"E37000048","","E23000027",31739,"E56000035","E54000025","E00120516","E01023733","E02004943"
"AL2 3SQ","AL2  3SQ","AL2 3SQ","198001","","E10000015","E58000668","E07000240","E05013965","E04013288","0","512460","0202439","1","E18000006","E40000007","E92000001","E12000006","5","E14001507","E15000006","E24000005","E30000237","E16000150","E07000240","26UGGN","E00120513","26UGGN","E65000001","E01023732","E02004943","5","4D2","E00120513","E01023732","E02004943","E33027485","E38000079","E63011666","C1","6A1",51.709424,-0.373763,"E37000048","","E23000027",24029,"E56000035","E54000025","E00120513","E01023732","E02004943"
"AL2 3SR","AL2  3SR","AL2 3SR","198001","","E10000015","E58000668","E07000240","E05013965","E04013288","0","512765","0202287","1","E18000006","E40000007","E92000001","E12000006","5","E14001507","E15000006","E24000005","E30000237","E16000150","E07000240","26UGGN","E00120516","26UGGN","E65000001","E01023733","E02004943","5","4B3","E00120516","E01023733","E02004943","E33027485","E38000079","E63011666","C1","6A3",51.707997,-0.369399,"E37000048","","E23000027",31739,"E56000035","E54000025","E00120516","E01023733","E02004943"
"AL2 3SS","AL2  3SS","AL2 3SS","198001","","E10000015","E58000668","E07000240","E05013965","E04013288","0","512671","0202205","1","E18000006","E40000007","E92000001","E12000006","5","E14001507","E15000006","E24000005","E30000237","E16000150","E07000240","26UGGN","E00120520","26UGGN","E65000001","E01023733","E02004943","5","4D2","E00120520","E01023733","E02004943","E33027482","E38000079","E63011666","C1","6B2",51.707279,-0.370786,"E37000048","","E23000027",31739,"E56000035","E54000025","E00120520","E01023733","E02004943"
"AL2 3ST","AL2  3ST","AL2 3ST","198001","","E10000015","E58000668","E07000240","E05013965","E04013288","0","512712","0202185","1","E18000006","E40000007","E92000001","E12000006","5","E14001507","E15000006","E24000005","E30000237","E16000150","E07000240","26UGGN","E00120520","26UGGN","E65000001","E01023733","E02004943","5","4D2","E00120520","E01023733","E02004943","E33027482","E38000079","E63011666","C1","6B2",51.707091,-0.370199,"E37000048","","E23000027",31739,"E56000035","E54000025","E00120520","E01023733","E02004943"
"AL2 3SU","AL2  3SU","AL2 3SU","198001","","E10000015","E58000668","E07000240","E05013965","E04013288","0","512749","0202196","1","E18000006","E40000007","E92000001","E12000006","5","E14001507","E15000006","E24000005","E30000237","E16000150","E07000240","26UGGN","E00120520","26UGGN","E65000001","E01023733","E02004943","5","4D2","E00120520","E01023733","E02004943","E33027482","E38000079","E63011666","C1","6B2",51.707183,-0.369660,"E37000048","","E23000027",31739,"E56000035","E54000025","E00120520","E01023733","E02004943"
"AL2 3SW","AL2  3SW","AL2 3SW","198001","","E10000015","E58000668","E07000240","E05013965","E04013288","0","512528","0202297","1","E18000006","E40000007","E92000001","E12000006","5","E14001507","E15000006","E24000005","E30000237","E16000150","E07000240","26UGGN","E00120516","26UGGN","E65000001","E01023733","E02004943","5","4B3","E00120516","E01023733","E02004943","E33027485","E38000079","E63011666","C1","6A3",51.708135,-0.372825,"E37000048","","E23000027",31739,"E56000035","E54000025","E00120516","E01023733","E02004943"
"AL2 3SX","AL2  3SX","AL2 3SX","198001","","E10000015","E58000668","E07000240","E05013965","E04013288","0","512807","0202165","1","E18000006","E40000007","E92000001","E12000006","5","E14001507","E15000006","E24000005","E30000237","E16000150","E07000240","26UGGN","E00120520","26UGGN","E65000001","E01023733","E02004943","5","4D2","E00120520","E01023733","E02004943","E33027482","E38000079","E63011666","C1","6B2",51.706892,-0.368831,"E37000048","","E23000027",31739,"E56000035","E54000025","E00120520","E01023733","E02004943"
"AL2 3SY","AL2  3SY","AL2 3SY","198001","","E10000015","E58000668","E07000240","E05013965","E04013288","0","512790","0202230","1","E18000006","E40000007","E92000001","E12000006","5","E14001507","E15000006","E24000005","E30000237","E16000150","E07000240","26UGGN","E00120520","26UGGN","E65000001","E01023733","E02004943","5","4D2","E00120520","E01023733","E02004943","E33027482","E38000079","E63011666","C1","6B2",51.707480,-0.369056,"E37000048","","E23000027",31739,"E56000035","E54000025","E00120520","E01023733","E02004943"
"AL2 3SZ","AL2  3SZ","AL2 3SZ","198001","","E10000015","E58000668","E07000240","E05013965","E04013288","0","512863","0202222","1","E18000006","E40000007","E92000001","E12000006","5","E14001507","E15000006","E24000005","E30000237","E16000150","E07000240","26UGGN","E00120520","26UGGN","E65000001","E01023733","E02004943","5","4D2","E00120520","E01023733","E02004943","E33027482","E38000079","E63011666","C1","6B2",51.707398,-0.367979,"E37000048","","E23000027",31739,"E56000035","E54000025","E00120520","E01023733","E02004943"
"AL2 3TA","AL2  3TA","AL2 3TA","198001","","E10000015","E58000668","E07000240","E05013960","E04013288","0","513527","0202427","1","E18000006","E40000007","E92000001","E12000006","5","E14001507","E15000006","E24000005","E30000237","E16000150","E07000240","26UGGK","E00120451","26UGGK","E65000001","E01023717","E02004943","5","6D1","E00120451","E01023717","E02004943","E33024322","E38000079","E63011666","C1","6B2",51.709102,-0.358331,"E37000048","","E23000027",28601,"E56000035","E54000025","E00120451","E01023717","E02004943"
"AL2 3TB","AL2  3TB","AL2 3TB","198001","","E10000015","E58000668","E07000240","E05013965","E04013288","0","513316","0203305","1","E18000006","E40000007","E92000001","E12000006","5","E14001507","E15000006","E24000005","E30000237","E16000150","E07000240","26UGGN","E00120511","26UGGN","E65000001","E01023731","E02004943","5","4D2","E00120511","E01023731","E02004943","E33027484","E38000079","E63011632","C1","5B1",51.717041,-0.361074,"E37000048","","E23000027",27377,"E56000035","E54000025","E00120511","E01023731","E02004943"
"AL2 3TD","AL2  3TD","AL2 3TD","198001","","E10000015","E58000668","E07000240","E05013965","E04013288","0","513612","0203281","1","E18000006","E40000007","E92000001","E12000006","5","E14001507","E15000006","E24000005","E30000237","E16000150","E07000240","26UGGN","E00120511","26UGGN","E65000001","E01023731","E02004943","5","4D2","E00120511","E01023731","E02004943","E33027484","E38000079","E63011632","C1","5B1",51.716765,-0.356799,"E37000048","","E23000027",27377,"E56000035","E54000025","E00120511","E01023731","E02004943"
"AL2 3TE","AL2  3TE","AL2 3TE","198001","","E10000015","E58000668","E07000240","E05013965","E04013288","0","513382","0203232","1","E18000006","E40000007","E92000001","E12000006","5","E14001507","E15000006","E24000005","E30000237","E16000150","E07000240","26UGGN","E00120511","26UGGN","E65000001","E01023731","E02004943","5","4D2","E00120511","E01023731","E02004943","E33027484","E38000079","E63011632","C1","5B1",51.716366,-0.360167,"E37000048","","E23000027",27377,"E56000035","E54000025","E00120511","E01023731","E02004943"
"AL2 3TF","AL2  3TF","AL2 3TF","198001","","E10000015","E58000668","E07000240","E05013965","E04013288","0","513380","0202979","1","E18000006","E40000007","E92000001","E12000006","5","E14001507","E15000006","E24000005","E30000237","E16000150","E07000240","26UGGN","E00120511","26UGGN","E65000001","E01023731","E02004943","5","4D2","E00120511","E01023731","E02004943","E33027484","E38000079","E63011632","C1","5B1",51.714093,-0.360278,"E37000048","","E23000027",27377,"E56000035","E54000025","E00120511","E01023731","E02004943"
"AL2 3TG","AL2  3TG","AL2 3TG","198001","200006","E10000015","E58000668","E07000240","E05013965","E04013288","0","513369","0202828","1","E18000006","E40000007","E92000001","E12000006","5","E14001507","E15000006","E24000005","E30000237","E16000150","E07000240","26UGGN","E00120511","26UGGN","E65000001","E01023731","E02004943","5","4D2","E00120511","E01023731","E02004943","E33027484","E38000079","E63011632","C1","5B1",51.712738,-0.360486,"E37000048","","E23000027",27377,"E56000035","E54000025","E00120511","E01023731","E02004943"
"AL2 3TH","AL2  3TH","AL2 3TH","198001","","E10000015","E58000668","E07000240","E05013960","E04013288","0","513581","0202457","1","E18000006","E40000007","E92000001","E12000006","5","E14001507","E15000006","E24000005","E30000237","E16000150","E07000240","26UGGK","E00120451","26UGGK","E65000001","E01023717","E02004943","5","6D1","E00120451","E01023717","E02004943","E33024322","E38000079","E63011666","C1","6B2",51.709366,-0.357516,"E37000048","","E23000027",28601,"E56000035","E54000025","E00120451","E01023717","E02004943"
"AL2 3TJ","AL2  3TJ","AL2 3TJ","198001","","E10000015","E58000668","E07000240","E05013960","E04013288","0","513502","0202302","1","E18000006","E40000007","E92000001","E12000006","5","E14001507","E15000006","E24000005","E30000237","E16000150","E07000240","26UGGK","E00120451","26UGGK","E65000001","E01023717","E02004943","5","6D1","E00120451","E01023717","E02004943","E33024322","E38000079","E63011666","C1","6B2",51.707989,-0.358710,"E37000048","","E23000027",28601,"E56000035","E54000025","E00120451","E01023717","E02004943"
"AL2 3TL","AL2  3TL","AL2 3TL","198001","","E10000015","E58000668","E07000240","E05013960","E04013288","0","513538","0202277","1","E18000006","E40000007","E92000001","E12000006","5","E14001507","E15000006","E24000005","E30000237","E16000150","E07000240","26UGGK","E00120451","26UGGK","E65000001","E01023717","E02004943","5","6D1","E00120451","E01023717","E02004943","E33024322","E38000079","E63011666","C1","6B2",51.707757,-0.358197,"E37000048","","E23000027",28601,"E56000035","E54000025","E00120451","E01023717","E02004943"
"AL2 3TN","AL2  3TN","AL2 3TN","198001","","E10000015","E58000668","E07000240","E05013965","E04013288","0","513079","0203269","1","E18000006","E40000007","E92000001","E12000006","5","E14001507","E15000006","E24000005","E30000237","E16000150","E07000240","26UGGN","E00120512","26UGGN","E65000001","E01023732","E02004943","6","3A2","E00120512","E01023732","E02004943","E33024344","E38000079","E63011632","F1","1C3",51.716765,-0.364515,"E37000048","","E23000027",24029,"E56000035","E54000025","E00120512","E01023732","E02004943"
"AL2 3TP","AL2  3TP","AL2 3TP","198001","","E10000015","E58000668","E07000240","E05013965","E04013288","0","513354","0202261","1","E18000006","E40000007","E92000001","E12000006","5","E14001507","E15000006","E24000005","E30000237","E16000150","E07000240","26UGGK","E00120451","26UGGK","E65000001","E01023717","E02004943","5","6D1","E00120451","E01023717","E02004943","E33024322","E38000079","E63011666","C1","6B2",51.707645,-0.360887,"E37000048","","E23000027",28601,"E56000035","E54000025","E00120451","E01023717","E02004943"
"AL2 3TQ","AL2  3TQ","AL2 3TQ","198001","","E10000015","E58000668","E07000240","E05013965","E04013288","0","513280","0202364","1","E18000006","E40000007","E92000001","E12000006","5","E14001507","E15000006","E24000005","E30000237","E16000150","E07000240","26UGGK","E00120451","26UGGK","E65000001","E01023717","E02004943","5","6D1","E00120451","E01023717","E02004943","E33024322","E38000079","E63011666","C1","6B2",51.708591,-0.361901,"E37000048","","E23000027",28601,"E56000035","E54000025","E00120451","E01023717","E02004943"
"AL2 3TR","AL2  3TR","AL2 3TR","199612","200104","E10000015","E58000668","E07000240","E05013965","E04013288","1","513044","0203196","6","E18000006","E40000007","E92000001","E12000006","5","E14001507","E15000006","E24000005","E30000237","E16000150","E07000240","26UGGN","E00120512","26UGGN","E65000001","E01023732","E02004943","6","3A2","E00120512","E01023732","E02004943","E33024344","E38000079","E63011632","F1","1C3",51.716111,-0.365069,"E37000048","","E23000027",24029,"E56000035","E54000025","E00120512","E01023732","E02004943"
"AL2 3TS","AL2  3TS","AL2 3TS","199101","","E10000015","E58000668","E07000240","E05013965","E04013288","0","512472","0202677","1","E18000006","E40000007","E92000001","E12000006","5","E14001507","E15000006","E24000005","E30000237","E16000150","E07000240","26UGGN","E00120514","26UGGN","E65000001","E01023732","E02004943","5","4D2","E00120514","E01023732","E02004943","E33027485","E38000079","E63011666","C1","6A4",51.711566,-0.373488,"E37000048","","E23000027",24029,"E56000035","E54000025","E00120514","E01023732","E02004943"
"AL2 3TT","AL2  3TT","AL2 3TT","198001","","E10000015","E58000668","E07000240","E05013965","E04013288","0","514112","0201641","1","E18000006","E40000007","E92000001","E12000006","5","E14001507","E15000006","E24000005","E30000237","E16000150","E07000240","26UGGK","E00120451","26UGGK","E65000001","E01023717","E02004943","5","6D1","E00120451","E01023717","E02004943","E33024322","E38000079","","C1","6B2",51.701919,-0.350125,"E37000048","","E23000027",28601,"E56000035","E54000025","E00120451","E01023717","E02004943"
"AL2 3TU","AL2  3TU","AL2 3TU","199706","200408","E10000015","E58000664","E07000240","E05013956","E43000290","1","517328","0206823","1","E18000006","E40000007","E92000001","E12000006","5","E14001507","E15000006","E24000005","E30000237","E16000150","E07000240","26UGFX","E00120196","26UGFX","E65000001","E01023667","E02004936","5","6D1","E00120196","E01023667","E02004936","E33027453","E38000079","E63011552","C1","5A2",51.747828,-0.301865,"E37000048","","E23000027",30628,"E56000035","E54000025","E00120196","E01023667","E02004936"
"AL2 3TW","AL2  3TW","AL2 3TW","198001","","E10000015","E58000668","E07000240","E05013965","E04013288","0","513217","0202625","1","E18000006","E40000007","E92000001","E12000006","5","E14001507","E15000006","E24000005","E30000237","E16000150","E07000240","26UGGN","E00120512","26UGGN","E65000001","E01023732","E02004943","6","3A2","E00120512","E01023732","E02004943","E33024344","E38000079","E63011666","F1","1C3",51.710944,-0.362751,"E37000048","","E23000027",24029,"E56000035","E54000025","E00120512","E01023732","E02004943"
"AL2 3TX","AL2  3TX","AL2 3TX","198001","","E10000015","E58000668","E07000240","E05013960","E04013288","0","514998","0201949","1","E18000006","E40000007","E92000001","E12000006","5","E14001507","E15000006","E24000005","E30000237","E16000150","E07000240","26UGGK","E00120451","26UGGK","E65000001","E01023717","E02004943","5","6D1","E00120451","E01023717","E02004943","E33024322","E38000079","","C1","6B2",51.704507,-0.337208,"E37000048","","E23000027",28601,"E56000035","E54000025","E00120451","E01023717","E02004943"
"AL2 3TY","AL2  3TY","AL2 3TY","198001","199912","E10000015","E58000668","E07000240","E05013960","E04013288","0","515092","0202575","1","E18000006","E40000007","E92000001","E12000006","5","E14001507","E15000006","E24000005","E30000237","E16000150","E07000240","26UGGK","E00120446","26UGGK","E65000001","E01023720","E02004942","5","6B2","E00120446","E01023720","E02004942","E33024318","E38000079","","C1","5B2",51.710114,-0.335642,"E37000048","","E23000027",15513,"E56000035","E54000025","E00189428","E01023720","E02004942"
"AL2 3TZ","AL2  3TZ","AL2 3TZ","198001","","E10000015","E58000668","E07000240","E05013960","E04013288","0","515074","0202346","1","E18000006","E40000007","E92000001","E12000006","5","E14001507","E15000006","E24000005","E30000237","E16000150","E07000240","26UGGK","E00120451","26UGGK","E65000001","E01023717","E02004943","5","6D1","E00120451","E01023717","E02004943","E33024322","E38000079","","C1","6B2",51.708064,-0.335956,"E37000048","","E23000027",28601,"E56000035","E54000025","E00120451","E01023717","E02004943"
"AL2 3UA","AL2  3UA","AL2 3UA","198001","","E10000015","E58000668","E07000240","E05013960","E04013288","0","515247","0202653","1","E18000006","E40000007","E92000001","E12000006","5","E14001507","E15000006","E24000005","E30000237","E16000150","E07000240","26UGGK","E00120446","26UGGK","E65000001","E01023720","E02004942","5","6B2","E00120446","E01023720","E02004942","E33024318","E38000079","E63011623","C1","5B2",51.710783,-0.333374,"E37000048","","E23000027",15513,"E56000035","E54000025","E00189428","E01023720","E02004942"
"AL2 3UB","AL2  3UB","AL2 3UB","201110","","E10000015","E58000668","E07000240","E05013960","E04013288","0","515095","0202611","1","E18000006","E40000007","E92000001","E12000006","5","E14001507","E15000006","E24000005","E30000237","E16000150","E07000240","26UGGK","E00120446","26UGGK","E65000001","E01023720","E02004942","5","6B2","E00120446","E01023720","E02004942","E33024318","E38000079","","C1","5B2",51.710442,-0.335564,"E37000048","","E23000027",15513,"E56000035","E54000025","E00189428","E01023720","E02004942"
"AL2 3UD","AL2  3UD","AL2 3UD","199712","","E10000015","E58000668","E07000240","E05013965","E04013288","0","512594","0202009","1","E18000006","E40000007","E92000001","E12000006","5","E14001507","E15000006","E24000005","E30000237","E16000150","E07000240","26UGGN","E00120519","26UGGN","E65000001","E01023733","E02004943","5","4B3","E00120519","E01023733","E02004943","E33027482","E38000079","E63011666","C1","6A1",51.705533,-0.371963,"E37000048","","E23000027",31739,"E56000035","E54000025","E00120519","E01023733","E02004943"
"AL2 3UE","AL2  3UE","AL2 3UE","199301","201405","E10000015","E58000668","E07000240","E05013965","E04013288","1","514323","0201890","1","E18000006","E40000007","E92000001","E12000006","5","E14001507","E15000006","E24000005","E30000237","E16000150","E07000240","26UGGK","E00120451","26UGGK","E65000001","E01023717","E02004943","5","6D1","E00120451","E01023717","E02004943","E33024322","E38000079","","C1","6B2",51.704114,-0.346991,"E37000048","","E23000027",28601,"E56000035","E54000025","E00120451","E01023717","E02004943"
"AL2 3UF","AL2  3UF","AL2 3UF","199301","","E10000015","E58000668","E07000240","E05013965","E04013288","0","512145","0202099","1","E18000006","E40000007","E92000001","E12000006","5","E14001507","E15000006","E24000005","E30000237","E16000150","E07000240","26UGGN","E00120518","26UGGN","E65000001","E01023732","E02004943","5","4D1","E00120518","E01023732","E02004943","E33027485","E38000079","E63011666","A1","5B1",51.706432,-0.378429,"E37000048","","E23000027",24029,"E56000035","E54000025","E00120518","E01023732","E02004943"
"AL2 3UG","AL2  3UG","AL2 3UG","199201","202105","E10000015","E58000668","E07000240","E05013960","E04013288","0","513516","0202452","1","E18000006","E40000007","E92000001","E12000006","5","E14001507","E15000006","E24000005","E30000237","E16000150","E07000240","26UGGK","E00120451","26UGGK","E65000001","E01023717","E02004943","5","6D1","E00120451","E01023717","E02004943","E33024322","E38000079","E63011666","C1","6B2",51.709334,-0.358458,"E37000048","","E23000027",28601,"E56000035","E54000025","E00120451","E01023717","E02004943"
"AL2 3UH","AL2  3UH","AL2 3UH","199912","","E10000015","E58000668","E07000240","E05013965","E04013288","0","512453","0202065","1","E18000006","E40000007","E92000001","E12000006","5","E14001507","E15000006","E24000005","E30000237","E16000150","E07000240","26UGGN","E00120519","26UGGN","E65000001","E01023733","E02004943","5","4B3","E00120519","E01023733","E02004943","E33027482","E38000079","E63011666","C1","6A1",51.706065,-0.373984,"E37000048","","E23000027",31739,"E56000035","E54000025","E00120519","E01023733","E02004943"
"AL2 3UJ","AL2  3UJ","AL2 3UJ","200701","","E10000015","E58000668","E07000240","E05013965","E04013288","0","513193","0201819","1","E18000006","E40000007","E92000001","E12000006","5","E14001507","E15000006","E24000005","E30000237","E16000150","E07000240","26UGGK","E00120452","26UGGK","E65000001","E01023717","E02004943","5","6D1","E00120452","E01023717","E02004943","E33027482","E38000079","E63011666","C1","6B1",51.703705,-0.363360,"E37000048","","E23000027",28601,"E56000035","E54000025","E00120452","E01023717","E02004943"
"AL2 3UL","AL2  3UL","AL2 3UL","199208","","E10000015","E58000668","E07000240","E05013965","E04013288","0","512357","0202082","1","E18000006","E40000007","E92000001","E12000006","5","E14001507","E15000006","E24000005","E30000237","E16000150","E07000240","26UGGN","E00120519","26UGGN","E65000001","E01023733","E02004943","5","4B3","E00120519","E01023733","E02004943","E33027482","E38000079","E63011666","C1","6A1",51.706237,-0.375368,"E37000048","","E23000027",31739,"E56000035","E54000025","E00120519","E01023733","E02004943"
"AL2 3UN","AL2  3UN","AL2 3UN","198001","","E10000015","E58000668","E07000240","E05013965","E04013288","0","512120","0202334","1","E18000006","E40000007","E92000001","E12000006","5","E14001507","E15000006","E24000005","E30000237","E16000150","E07000240","26UGGN","E00120513","26UGGN","E65000001","E01023732","E02004943","5","4D2","E00120513","E01023732","E02004943","E33027485","E38000079","E63011666","C1","6A1",51.708549,-0.378715,"E37000048","","E23000027",24029,"E56000035","E54000025","E00120513","E01023732","E02004943"
"AL2 3UP","AL2  3UP","AL2 3UP","198001","","E10000015","E58000668","E07000240","E05013965","E04013288","0","512221","0202268","1","E18000006","E40000007","E92000001","E12000006","5","E14001507","E15000006","E24000005","E30000237","E16000150","E07000240","26UGGN","E00120518","26UGGN","E65000001","E01023732","E02004943","5","4D1","E00120518","E01023732","E02004943","E33027485","E38000079","E63011666","A1","5B1",51.707940,-0.377251,"E37000048","","E23000027",24029,"E56000035","E54000025","E00120518","E01023732","E02004943"
"AL2 3UQ","AL2  3UQ","AL2 3UQ","199208","199412","E10000015","E58000668","E07000240","E05013965","E04013288","1","512100","0202300","8","E18000006","E40000007","E92000001","E12000006","5","E14001507","E15000006","E24000005","E30000237","E16000150","E07000240","26UGGN","E00120513","26UGGN","E65000001","E01023732","E02004943","5","4D2","E00120513","E01023732","E02004943","E33027485","E38000079","E63011666","C1","6A1",51.708247,-0.379015,"E37000048","","E23000027",24029,"E56000035","E54000025","E00120513","E01023732","E02004943"
"AL2 3UR","AL2  3UR","AL2 3UR","198001","","E10000015","E58000668","E07000240","E05013965","E04013288","0","512015","0202101","1","E18000006","E40000007","E92000001","E12000006","5","E14001507","E15000006","E24000005","E30000237","E16000150","E07000240","26UGGN","E00120518","26UGGN","E65000001","E01023732","E02004943","5","4D1","E00120518","E01023732","E02004943","E33027485","E38000079","E63011666","A1","5B1",51.706476,-0.380309,"E37000048","","E23000027",24029,"E56000035","E54000025","E00120518","E01023732","E02004943"
"AL2 3US","AL2  3US","AL2 3US","200302","","E10000015","E58000668","E07000240","E05013965","E04013288","0","512638","0201615","1","E18000006","E40000007","E92000001","E12000006","5","E14001507","E15000006","E24000005","E30000237","E16000150","E07000240","26UGGN","E00120502","26UGGN","E65000001","E01023733","E02004943","5","4D2","E00120502","E01023733","E02004943","E33024343","E38000079","E63011666","A1","6A4",51.701910,-0.371650,"E37000048","","E23000027",31739,"E56000035","E54000025","E00189338","E01023733","E02004943"
"AL2 3UT","AL2  3UT","AL2 3UT","198001","","E10000015","E58000668","E07000240","E05013965","E04013288","0","512082","0202137","1","E18000006","E40000007","E92000001","E12000006","5","E14001507","E15000006","E24000005","E30000237","E16000150","E07000240","26UGGN","E00120513","26UGGN","E65000001","E01023732","E02004943","5","4D2","E00120513","E01023732","E02004943","E33027485","E38000079","E63011666","C1","6A1",51.706786,-0.379328,"E37000048","","E23000027",24029,"E56000035","E54000025","E00120513","E01023732","E02004943"
"AL2 3UU","AL2  3UU","AL2 3UU","198001","","E10000015","E58000668","E07000240","E05013965","E04013288","0","512002","0202005","1","E18000006","E40000007","E92000001","E12000006","5","E14001507","E15000006","E24000005","E30000237","E16000150","E07000240","26UGGN","E00120518","26UGGN","E65000001","E01023732","E02004943","5","4D1","E00120518","E01023732","E02004943","E33027485","E38000079","E63011666","A1","5B1",51.705615,-0.380528,"E37000048","","E23000027",24029,"E56000035","E54000025","E00120518","E01023732","E02004943"
"AL2 3UW","AL2  3UW","AL2 3UW","198001","","E10000015","E58000668","E07000240","E05013965","E04013288","0","512115","0202181","1","E18000006","E40000007","E92000001","E12000006","5","E14001507","E15000006","E24000005","E30000237","E16000150","E07000240","26UGGN","E00120518","26UGGN","E65000001","E01023732","E02004943","5","4D1","E00120518","E01023732","E02004943","E33027485","E38000079","E63011666","A1","5B1",51.707180,-0.378813,"E37000048","","E23000027",24029,"E56000035","E54000025","E00120518","E01023732","E02004943"
"AL2 3UX","AL2  3UX","AL2 3UX","198001","","E10000015","E58000668","E07000240","E05013965","E04013288","0","512184","0202073","1","E18000006","E40000007","E92000001","E12000006","5","E14001507","E15000006","E24000005","E30000237","E16000150","E07000240","26UGGN","E00120518","26UGGN","E65000001","E01023732","E02004943","5","4D1","E00120518","E01023732","E02004943","E33027485","E38000079","E63011666","A1","5B1",51.706190,-0.377873,"E37000048","","E23000027",24029,"E56000035","E54000025","E00120518","E01023732","E02004943"
"AL2 3UY","AL2  3UY","AL2 3UY","198001","","E10000015","E58000668","E07000240","E05013965","E04013288","0","512391","0202156","1","E18000006","E40000007","E92000001","E12000006","5","E14001507","E15000006","E24000005","E30000237","E16000150","E07000240","26UGGN","E00120518","26UGGN","E65000001","E01023732","E02004943","5","4D1","E00120518","E01023732","E02004943","E33027485","E38000079","E63011666","A1","5B1",51.706895,-0.374852,"E37000048","","E23000027",24029,"E56000035","E54000025","E00120518","E01023732","E02004943"
"AL2 3UZ","AL2  3UZ","AL2 3UZ","198001","","E10000015","E58000668","E07000240","E05013965","E04013288","0","511997","0202048","1","E18000006","E40000007","E92000001","E12000006","5","E14001507","E15000006","E24000005","E30000237","E16000150","E07000240","26UGGN","E00120518","26UGGN","E65000001","E01023732","E02004943","5","4D1","E00120518","E01023732","E02004943","E33027485","E38000079","E63011666","A1","5B1",51.706003,-0.380586,"E37000048","","E23000027",24029,"E56000035","E54000025","E00120518","E01023732","E02004943"
"AL2 3WA","AL2  3WA","AL2 3WA","200112","200602","E10000015","E58000664","E07000240","E05013956","E43000290","1","517328","0206823","1","E18000006","E40000007","E92000001","E12000006","5","E14001507","E15000006","E24000005","E30000237","E16000150","E07000240","26UGFX","E00120196","26UGFX","E65000001","E01023667","E02004936","5","6D1","E00120196","E01023667","E02004936","E33027453","E38000079","E63011552","C1","5A2",51.747828,-0.301865,"E37000048","","E23000027",30628,"E56000035","E54000025","E00120196","E01023667","E02004936"
"AL2 3WB","AL2  3WB","AL2 3WB","200112","","E10000015","E58000664","E07000240","E05013956","E43000290","1","517321","0206803","1","E18000006","E40000007","E92000001","E12000006","5","E14001507","E15000006","E24000005","E30000237","E16000150","E07000240","26UGFX","E00120196","26UGFX","E65000001","E01023667","E02004936","5","6D1","E00120196","E01023667","E02004936","E33027453","E38000079","E63011552","C1","5A2",51.747650,-0.301973,"E37000048","","E23000027",30628,"E56000035","E54000025","E00120196","E01023667","E02004936"
"AL2 3WD","AL2  3WD","AL2 3WD","202310","","E10000015","E58000664","E07000240","E05013956","E43000290","1","517321","0206803","1","E18000006","E40000007","E92000001","E12000006","5","E14001507","E15000006","E24000005","E30000237","E16000150","E07000240","26UGFX","E00120196","26UGFX","E65000001","E01023667","E02004936","5","6D1","E00120196","E01023667","E02004936","E33027453","E38000079","E63011552","C1","5A2",51.747655,-0.301949,"E37000048","","E23000027",30628,"E56000035","E54000025","E00120196","E01023667","E02004936"
"AL2 3WE","AL2  3WE","AL2 3WE","200411","200603","E10000015","E58000664","E07000240","E05013956","E43000290","1","517328","0206823","1","E18000006","E40000007","E92000001","E12000006","5","E14001507","E15000006","E24000005","E30000237","E16000150","E07000240","26UGFX","E00120196","26UGFX","E65000001","E01023667","E02004936","5","6D1","E00120196","E01023667","E02004936","E33027453","E38000079","E63011552","C1","5A2",51.747828,-0.301865,"E37000048","","E23000027",30628,"E56000035","E54000025","E00120196","E01023667","E02004936"
"AL2 3WF","AL2  3WF","AL2 3WF","200112","200408","E10000015","E58000668","E07000240","E05013965","E04013288","1","511997","0202048","5","E18000006","E40000007","E92000001","E12000006","5","E14001507","E15000006","E24000005","E30000237","E16000150","E07000240","26UGGN","E00120518","26UGGN","E65000001","E01023732","E02004943","5","4D1","E00120518","E01023732","E02004943","E33027485","E38000079","E63011666","A1","5B1",51.706003,-0.380586,"E37000048","","E23000027",24029,"E56000035","E54000025","E00120518","E01023732","E02004943"
"AL2 3WG","AL2  3WG","AL2 3WG","200206","200303","E10000015","E58000668","E07000240","E05013965","E04013288","1","511997","0202048","5","E18000006","E40000007","E92000001","E12000006","5","E14001507","E15000006","E24000005","E30000237","E16000150","E07000240","26UGGN","E00120518","26UGGN","E65000001","E01023732","E02004943","5","4D1","E00120518","E01023732","E02004943","E33027485","E38000079","E63011666","A1","5B1",51.706003,-0.380586,"E37000048","","E23000027",24029,"E56000035","E54000025","E00120518","E01023732","E02004943"
"AL2 3WH","AL2  3WH","AL2 3WH","200603","200802","E10000015","E58000664","E07000240","E05013956","E43000290","1","517328","0206823","1","E18000006","E40000007","E92000001","E12000006","5","E14001507","E15000006","E24000005","E30000237","E16000150","E07000240","26UGFX","E00120196","26UGFX","E65000001","E01023667","E02004936","5","6D1","E00120196","E01023667","E02004936","E33027453","E38000079","E63011552","C1","5A2",51.747828,-0.301865,"E37000048","","E23000027",30628,"E56000035","E54000025","E00120196","E01023667","E02004936"
"AL2 3WJ","AL2  3WJ","AL2 3WJ","200206","200602","E10000015","E58000664","E07000240","E05013956","E43000290","1","517328","0206823","1","E18000006","E40000007","E92000001","E12000006","5","E14001507","E15000006","E24000005","E30000237","E16000150","E07000240","26UGFX","E00120196","26UGFX","E65000001","E01023667","E02004936","5","6D1","E00120196","E01023667","E02004936","E33027453","E38000079","E63011552","C1","5A2",51.747828,-0.301865,"E37000048","","E23000027",30628,"E56000035","E54000025","E00120196","E01023667","E02004936"
"AL2 3WL","AL2  3WL","AL2 3WL","200206","200803","E10000015","E58000664","E07000240","E05013956","E43000290","1","517328","0206823","1","E18000006","E40000007","E92000001","E12000006","5","E14001507","E15000006","E24000005","E30000237","E16000150","E07000240","26UGFX","E00120196","26UGFX","E65000001","E01023667","E02004936","5","6D1","E00120196","E01023667","E02004936","E33027453","E38000079","E63011552","C1","5A2",51.747828,-0.301865,"E37000048","","E23000027",30628,"E56000035","E54000025","E00120196","E01023667","E02004936"
"AL2 3WN","AL2  3WN","AL2 3WN","200206","201204","E10000015","E58000664","E07000240","E05013956","E43000290","1","517328","0206823","1","E18000006","E40000007","E92000001","E12000006","5","E14001507","E15000006","E24000005","E30000237","E16000150","E07000240","26UGFX","E00120196","26UGFX","E65000001","E01023667","E02004936","5","6D1","E00120196","E01023667","E02004936","E33027453","E38000079","E63011552","C1","5A2",51.747828,-0.301865,"E37000048","","E23000027",30628,"E56000035","E54000025","E00120196","E01023667","E02004936"
"AL2 3WP","AL2  3WP","AL2 3WP","200305","200901","E10000015","E58000664","E07000240","E05013956","E43000290","1","517328","0206823","1","E18000006","E40000007","E92000001","E12000006","5","E14001507","E15000006","E24000005","E30000237","E16000150","E07000240","26UGFX","E00120196","26UGFX","E65000001","E01023667","E02004936","5","6D1","E00120196","E01023667","E02004936","E33027453","E38000079","E63011552","C1","5A2",51.747828,-0.301865,"E37000048","","E23000027",30628,"E56000035","E54000025","E00120196","E01023667","E02004936"
"AL2 3WQ","AL2  3WQ","AL2 3WQ","200211","200602","E10000015","E58000664","E07000240","E05013956","E43000290","1","517328","0206823","1","E18000006","E40000007","E92000001","E12000006","5","E14001507","E15000006","E24000005","E30000237","E16000150","E07000240","26UGFX","E00120196","26UGFX","E65000001","E01023667","E02004936","5","6D1","E00120196","E01023667","E02004936","E33027453","E38000079","E63011552","C1","5A2",51.747828,-0.301865,"E37000048","","E23000027",30628,"E56000035","E54000025","E00120196","E01023667","E02004936"
"AL2 3WR","AL2  3WR","AL2 3WR","200206","200805","E10000015","E58000664","E07000240","E05013956","E43000290","1","517328","0206823","1","E18000006","E40000007","E92000001","E12000006","5","E14001507","E15000006","E24000005","E30000237","E16000150","E07000240","26UGFX","E00120196","26UGFX","E65000001","E01023667","E02004936","5","6D1","E00120196","E01023667","E02004936","E33027453","E38000079","E63011552","C1","5A2",51.747828,-0.301865,"E37000048","","E23000027",30628,"E56000035","E54000025","E00120196","E01023667","E02004936"
"AL2 3WS","AL2  3WS","AL2 3WS","200302","200604","E10000015","E58000664","E07000240","E05013956","E43000290","1","517328","0206823","1","E18000006","E40000007","E92000001","E12000006","5","E14001507","E15000006","E24000005","E30000237","E16000150","E07000240","26UGFX","E00120196","26UGFX","E65000001","E01023667","E02004936","5","6D1","E00120196","E01023667","E02004936","E33027453","E38000079","E63011552","C1","5A2",51.747828,-0.301865,"E37000048","","E23000027",30628,"E56000035","E54000025","E00120196","E01023667","E02004936"
"AL2 3WT","AL2  3WT","AL2 3WT","200302","200602","E10000015","E58000664","E07000240","E05013956","E43000290","1","517328","0206823","1","E18000006","E40000007","E92000001","E12000006","5","E14001507","E15000006","E24000005","E30000237","E16000150","E07000240","26UGFX","E00120196","26UGFX","E65000001","E01023667","E02004936","5","6D1","E00120196","E01023667","E02004936","E33027453","E38000079","E63011552","C1","5A2",51.747828,-0.301865,"E37000048","","E23000027",30628,"E56000035","E54000025","E00120196","E01023667","E02004936"
"AL2 3WU","AL2  3WU","AL2 3WU","200311","200711","E10000015","E58000664","E07000240","E05013956","E43000290","1","517328","0206823","1","E18000006","E40000007","E92000001","E12000006","5","E14001507","E15000006","E24000005","E30000237","E16000150","E07000240","26UGFX","E00120196","26UGFX","E65000001","E01023667","E02004936","5","6D1","E00120196","E01023667","E02004936","E33027453","E38000079","E63011552","C1","5A2",51.747828,-0.301865,"E37000048","","E23000027",30628,"E56000035","E54000025","E00120196","E01023667","E02004936"
"AL2 3WW","AL2  3WW","AL2 3WW","200405","200901","E10000015","E58000664","E07000240","E05013956","E43000290","1","517328","0206823","1","E18000006","E40000007","E92000001","E12000006","5","E14001507","E15000006","E24000005","E30000237","E16000150","E07000240","26UGFX","E00120196","26UGFX","E65000001","E01023667","E02004936","5","6D1","E00120196","E01023667","E02004936","E33027453","E38000079","E63011552","C1","5A2",51.747828,-0.301865,"E37000048","","E23000027",30628,"E56000035","E54000025","E00120196","E01023667","E02004936"
"AL2 3WX","AL2  3WX","AL2 3WX","200208","200602","E10000015","E58000664","E07000240","E05013956","E43000290","1","517328","0206823","1","E18000006","E40000007","E92000001","E12000006","5","E14001507","E15000006","E24000005","E30000237","E16000150","E07000240","26UGFX","E00120196","26UGFX","E65000001","E01023667","E02004936","5","6D1","E00120196","E01023667","E02004936","E33027453","E38000079","E63011552","C1","5A2",51.747828,-0.301865,"E37000048","","E23000027",30628,"E56000035","E54000025","E00120196","E01023667","E02004936"
"AL2 3WY","AL2  3WY","AL2 3WY","200405","201307","E10000015","E58000664","E07000240","E05013956","E43000290","1","517328","0206823","1","E18000006","E40000007","E92000001","E12000006","5","E14001507","E15000006","E24000005","E30000237","E16000150","E07000240","26UGFX","E00120196","26UGFX","E65000001","E01023667","E02004936","5","6D1","E00120196","E01023667","E02004936","E33027453","E38000079","E63011552","C1","5A2",51.747828,-0.301865,"E37000048","","E23000027",30628,"E56000035","E54000025","E00120196","E01023667","E02004936"
"AL2 3WZ","AL2  3WZ","AL2 3WZ","200210","200610","E10000015","E58000664","E07000240","E05013956","E43000290","1","517328","0206823","1","E18000006","E40000007","E92000001","E12000006","5","E14001507","E15000006","E24000005","E30000237","E16000150","E07000240","26UGFX","E00120196","26UGFX","E65000001","E01023667","E02004936","5","6D1","E00120196","E01023667","E02004936","E33027453","E38000079","E63011552","C1","5A2",51.747828,-0.301865,"E37000048","","E23000027",30628,"E56000035","E54000025","E00120196","E01023667","E02004936"
"AL2 3XA","AL2  3XA","AL2 3XA","198001","","E10000015","E58000668","E07000240","E05013965","E04013288","0","512091","0202003","1","E18000006","E40000007","E92000001","E12000006","5","E14001507","E15000006","E24000005","E30000237","E16000150","E07000240","26UGGN","E00120519","26UGGN","E65000001","E01023733","E02004943","5","4B3","E00120519","E01023733","E02004943","E33027482","E38000079","E63011666","C1","6A1",51.705585,-0.379217,"E37000048","","E23000027",31739,"E56000035","E54000025","E00120519","E01023733","E02004943"
"AL2 3XB","AL2  3XB","AL2 3XB","198001","","E10000015","E58000668","E07000240","E05013965","E04013288","0","512435","0202101","1","E18000006","E40000007","E92000001","E12000006","5","E14001507","E15000006","E24000005","E30000237","E16000150","E07000240","26UGGN","E00120519","26UGGN","E65000001","E01023733","E02004943","5","4B3","E00120519","E01023733","E02004943","E33027482","E38000079","E63011666","C1","6A1",51.706392,-0.374233,"E37000048","","E23000027",31739,"E56000035","E54000025","E00120519","E01023733","E02004943"
"AL2 3XD","AL2  3XD","AL2 3XD","198001","","E10000015","E58000668","E07000240","E05013965","E04013288","0","512656","0202046","1","E18000006","E40000007","E92000001","E12000006","5","E14001507","E15000006","E24000005","E30000237","E16000150","E07000240","26UGGN","E00120519","26UGGN","E65000001","E01023733","E02004943","5","4B3","E00120519","E01023733","E02004943","E33027482","E38000079","E63011666","C1","6A1",51.705853,-0.371054,"E37000048","","E23000027",31739,"E56000035","E54000025","E00120519","E01023733","E02004943"
"AL2 3XE","AL2  3XE","AL2 3XE","198001","","E10000015","E58000668","E07000240","E05013965","E04013288","0","512442","0202194","1","E18000006","E40000007","E92000001","E12000006","5","E14001507","E15000006","E24000005","E30000237","E16000150","E07000240","26UGGN","E00120519","26UGGN","E65000001","E01023733","E02004943","5","4B3","E00120519","E01023733","E02004943","E33027482","E38000079","E63011666","C1","6A1",51.707226,-0.374102,"E37000048","","E23000027",31739,"E56000035","E54000025","E00120519","E01023733","E02004943"
"AL2 3XF","AL2  3XF","AL2 3XF","198001","","E10000015","E58000668","E07000240","E05013965","E04013288","0","512493","0202161","1","E18000006","E40000007","E92000001","E12000006","5","E14001507","E15000006","E24000005","E30000237","E16000150","E07000240","26UGGN","E00120519","26UGGN","E65000001","E01023733","E02004943","5","4B3","E00120519","E01023733","E02004943","E33027482","E38000079","E63011666","C1","6A1",51.706919,-0.373375,"E37000048","","E23000027",31739,"E56000035","E54000025","E00120519","E01023733","E02004943"
"AL2 3XG","AL2  3XG","AL2 3XG","198001","","E10000015","E58000668","E07000240","E05013965","E04013288","0","512587","0202202","1","E18000006","E40000007","E92000001","E12000006","5","E14001507","E15000006","E24000005","E30000237","E16000150","E07000240","26UGGN","E00120520","26UGGN","E65000001","E01023733","E02004943","5","4D2","E00120520","E01023733","E02004943","E33027482","E38000079","E63011666","C1","6B2",51.707269,-0.372002,"E37000048","","E23000027",31739,"E56000035","E54000025","E00120520","E01023733","E02004943"
"AL2 3XH","AL2  3XH","AL2 3XH","198001","","E10000015","E58000668","E07000240","E05013965","E04013288","0","512916","0201996","1","E18000006","E40000007","E92000001","E12000006","5","E14001507","E15000006","E24000005","E30000237","E16000150","E07000240","26UGGK","E00120449","26UGGK","E65000001","E01023717","E02004943","5","4D2","E00120449","E01023717","E02004943","E33027482","E38000079","E63011666","C1","6A4",51.705352,-0.367309,"E37000048","","E23000027",28601,"E56000035","E54000025","E00120449","E01023717","E02004943"
"AL2 3XJ","AL2  3XJ","AL2 3XJ","198001","","E10000015","E58000668","E07000240","E05013965","E04013288","0","512698","0201806","1","E18000006","E40000007","E92000001","E12000006","5","E14001507","E15000006","E24000005","E30000237","E16000150","E07000240","26UGGN","E00120502","26UGGN","E65000001","E01023733","E02004943","5","4D2","E00120502","E01023733","E02004943","E33024343","E38000079","E63011666","A1","6A4",51.703688,-0.370524,"E37000048","","E23000027",31739,"E56000035","E54000025","E00189344","E01023733","E02004943"
"AL2 3XL","AL2  3XL","AL2 3XL","198001","","E10000015","E58000668","E07000240","E05013965","E04013288","0","512636","0201800","1","E18000006","E40000007","E92000001","E12000006","5","E14001507","E15000006","E24000005","E30000237","E16000150","E07000240","26UGGN","E00120502","26UGGN","E65000001","E01023733","E02004943","5","4D2","E00120502","E01023733","E02004943","E33024343","E38000079","E63011666","A1","6A4",51.703651,-0.371399,"E37000048","","E23000027",31739,"E56000035","E54000025","E00189344","E01023733","E02004943"
"AL2 3XN","AL2  3XN","AL2 3XN","198001","","E10000015","E58000668","E07000240","E05013965","E04013288","0","512978","0202021","1","E18000006","E40000007","E92000001","E12000006","5","E14001507","E15000006","E24000005","E30000237","E16000150","E07000240","26UGGK","E00120449","26UGGK","E65000001","E01023717","E02004943","5","4D2","E00120449","E01023717","E02004943","E33027482","E38000079","E63011666","C1","6A4",51.705564,-0.366404,"E37000048","","E23000027",28601,"E56000035","E54000025","E00120449","E01023717","E02004943"
"AL2 3XP","AL2  3XP","AL2 3XP","198001","","E10000015","E58000668","E07000240","E05013965","E04013288","0","513092","0201908","1","E18000006","E40000007","E92000001","E12000006","5","E14001507","E15000006","E24000005","E30000237","E16000150","E07000240","26UGGK","E00120452","26UGGK","E65000001","E01023717","E02004943","5","6D1","E00120452","E01023717","E02004943","E33027482","E38000079","E63011666","C1","6B1",51.704525,-0.364792,"E37000048","","E23000027",28601,"E56000035","E54000025","E00120452","E01023717","E02004943"
"AL2 3XQ","AL2  3XQ","AL2 3XQ","198001","","E10000015","E58000668","E07000240","E05013965","E04013288","0","512679","0202100","1","E18000006","E40000007","E92000001","E12000006","5","E14001507","E15000006","E24000005","E30000237","E16000150","E07000240","26UGGN","E00120520","26UGGN","E65000001","E01023733","E02004943","5","4D2","E00120520","E01023733","E02004943","E33027482","E38000079","E63011666","C1","6B2",51.706334,-0.370704,"E37000048","","E23000027",31739,"E56000035","E54000025","E00120520","E01023733","E02004943"
"AL2 3XR","AL2  3XR","AL2 3XR","198001","","E10000015","E58000668","E07000240","E05013965","E04013288","0","513203","0201771","1","E18000006","E40000007","E92000001","E12000006","5","E14001507","E15000006","E24000005","E30000237","E16000150","E07000240","26UGGK","E00120452","26UGGK","E65000001","E01023717","E02004943","5","6D1","E00120452","E01023717","E02004943","E33027482","E38000079","E63011666","C1","6B1",51.703272,-0.363231,"E37000048","","E23000027",28601,"E56000035","E54000025","E00120452","E01023717","E02004943"
"AL2 3XS","AL2  3XS","AL2 3XS","198001","","E10000015","E58000668","E07000240","E05013965","E04013288","0","512773","0200404","1","E18000006","E40000007","E92000001","E12000006","5","E14001507","E15000006","E24000005","E30000237","E16000150","E07000240","26UGGN","E00120502","26UGGN","E65000001","E01023733","E02004943","5","4D2","E00120502","E01023733","E02004943","E33024343","E38000079","","A1","6A4",51.691072,-0.369892,"E37000048","","E23000027",31739,"E56000035","E54000025","E00189338","E01023733","E02004943"
"AL2 3XT","AL2  3XT","AL2 3XT","198001","","E10000015","E58000668","E07000240","E05013965","E04013288","0","513281","0200709","1","E18000006","E40000007","E92000001","E12000006","5","E14001507","E15000006","E24000005","E30000237","E16000150","E07000240","26UGGN","E00120502","26UGGN","E65000001","E01023733","E02004943","5","4D2","E00120502","E01023733","E02004943","E33024343","E38000079","","A1","6A4",51.693711,-0.362447,"E37000048","","E23000027",31739,"E56000035","E54000025","E00189338","E01023733","E02004943"
"AL2 3XU","AL2  3XU","AL2 3XU","198001","","E10000015","E58000668","E07000240","E05013965","E04013288","0","512663","0200410","1","E18000006","E40000007","E92000001","E12000006","5","E14001507","E15000006","E24000005","E30000237","E16000150","E07000240","26UGGN","E00120502","26UGGN","E65000001","E01023733","E02004943","5","4D2","E00120502","E01023733","E02004943","E33024343","E38000079","","A1","6A4",51.691148,-0.371481,"E37000048","","E23000027",31739,"E56000035","E54000025","E00189338","E01023733","E02004943"
"AL2 3XW","AL2  3XW","AL2 3XW","198001","","E10000015","E58000668","E07000240","E05013965","E04013288","0","513059","0201882","1","E18000006","E40000007","E92000001","E12000006","5","E14001507","E15000006","E24000005","E30000237","E16000150","E07000240","26UGGK","E00120452","26UGGK","E65000001","E01023717","E02004943","5","6D1","E00120452","E01023717","E02004943","E33027482","E38000079","E63011666","C1","6B1",51.704298,-0.365278,"E37000048","","E23000027",28601,"E56000035","E54000025","E00120452","E01023717","E02004943"
"AL2 3XX","AL2  3XX","AL2 3XX","198001","","E10000015","E58000668","E07000240","E05013965","E04013288","0","512999","0200539","1","E18000006","E40000007","E92000001","E12000006","5","E14001507","E15000006","E24000005","E30000237","E16000150","E07000240","26UGGN","E00120502","26UGGN","E65000001","E01023733","E02004943","5","4D2","E00120502","E01023733","E02004943","E33024343","E38000079","","A1","6A4",51.692240,-0.366580,"E37000048","","E23000027",31739,"E56000035","E54000025","E00189338","E01023733","E02004943"
"AL2 3XY","AL2  3XY","AL2 3XY","198001","","E10000015","E58000668","E07000240","E05013965","E04013288","0","512841","0202045","1","E18000006","E40000007","E92000001","E12000006","5","E14001507","E15000006","E24000005","E30000237","E16000150","E07000240","26UGGK","E00120449","26UGGK","E65000001","E01023717","E02004943","5","4D2","E00120449","E01023717","E02004943","E33027482","E38000079","E63011666","C1","6A4",51.705807,-0.368378,"E37000048","","E23000027",28601,"E56000035","E54000025","E00120449","E01023717","E02004943"
"AL2 3XZ","AL2  3XZ","AL2 3XZ","198710","","E10000015","E58000668","E07000240","E05013965","E04013288","0","512980","0202117","1","E18000006","E40000007","E92000001","E12000006","5","E14001507","E15000006","E24000005","E30000237","E16000150","E07000240","26UGGK","E00120449","26UGGK","E65000001","E01023717","E02004943","5","4D2","E00120449","E01023717","E02004943","E33027482","E38000079","E63011666","C1","6A4",51.706426,-0.366344,"E37000048","","E23000027",28601,"E56000035","E54000025","E00120449","E01023717","E02004943"
"AL2 3YA","AL2  3YA","AL2 3YA","199101","","E10000015","E58000668","E07000240","E05013965","E04013288","0","512567","0201870","1","E18000006","E40000007","E92000001","E12000006","5","E14001507","E15000006","E24000005","E30000237","E16000150","E07000240","26UGGN","E00120502","26UGGN","E65000001","E01023733","E02004943","5","4D2","E00120502","E01023733","E02004943","E33024343","E38000079","E63011666","A1","6A4",51.704289,-0.372398,"E37000048","","E23000027",31739,"E56000035","E54000025","E00189344","E01023733","E02004943"
"AL2 3YB","AL2  3YB","AL2 3YB","199208","","E10000015","E58000668","E07000240","E05013965","E04013288","0","512543","0201727","1","E18000006","E40000007","E92000001","E12000006","5","E14001507","E15000006","E24000005","E30000237","E16000150","E07000240","26UGGN","E00120502","26UGGN","E65000001","E01023733","E02004943","5","4D2","E00120502","E01023733","E02004943","E33024343","E38000079","E63011666","A1","6A4",51.703014,-0.372768,"E37000048","","E23000027",31739,"E56000035","E54000025","E00189344","E01023733","E02004943"
"AL2 3YD","AL2  3YD","AL2 3YD","200408","201307","E10000015","E58000664","E07000240","E05013956","E43000290","1","517328","0206823","1","E18000006","E40000007","E92000001","E12000006","5","E14001507","E15000006","E24000005","E30000237","E16000150","E07000240","26UGFX","E00120196","26UGFX","E65000001","E01023667","E02004936","5","6D1","E00120196","E01023667","E02004936","E33027453","E38000079","E63011552","C1","5A2",51.747828,-0.301865,"E37000048","","E23000027",30628,"E56000035","E54000025","E00120196","E01023667","E02004936"
"AL2 3YE","AL2  3YE","AL2 3YE","200411","201912","E10000015","E58000664","E07000240","E05013956","E43000290","1","517321","0206803","1","E18000006","E40000007","E92000001","E12000006","5","E14001507","E15000006","E24000005","E30000237","E16000150","E07000240","26UGFX","E00120196","26UGFX","E65000001","E01023667","E02004936","5","6D1","E00120196","E01023667","E02004936","E33027453","E38000079","E63011552","C1","5A2",51.747650,-0.301973,"E37000048","","E23000027",30628,"E56000035","E54000025","E00120196","E01023667","E02004936"
"AL2 3YF","AL2  3YF","AL2 3YF","200408","200602","E10000015","E58000664","E07000240","E05013956","E43000290","1","517328","0206823","1","E18000006","E40000007","E92000001","E12000006","5","E14001507","E15000006","E24000005","E30000237","E16000150","E07000240","26UGFX","E00120196","26UGFX","E65000001","E01023667","E02004936","5","6D1","E00120196","E01023667","E02004936","E33027453","E38000079","E63011552","C1","5A2",51.747828,-0.301865,"E37000048","","E23000027",30628,"E56000035","E54000025","E00120196","E01023667","E02004936"
"AL2 3YG","AL2  3YG","AL2 3YG","199412","199812","E10000015","E58000668","E07000240","E05013965","E04013288","1","513079","0203269","6","E18000006","E40000007","E92000001","E12000006","5","E14001507","E15000006","E24000005","E30000237","E16000150","E07000240","26UGGN","E00120512","26UGGN","E65000001","E01023732","E02004943","6","3A2","E00120512","E01023732","E02004943","E33024344","E38000079","E63011632","F1","1C3",51.716760,-0.364539,"E37000048","","E23000027",24029,"E56000035","E54000025","E00120512","E01023732","E02004943"
"AL2 3YH","AL2  3YH","AL2 3YH","199405","199806","E10000015","E58000668","E07000240","E05013965","E04013288","1","513078","0203268","6","E18000006","E40000007","E92000001","E12000006","5","E14001507","E15000006","E24000005","E30000237","E16000150","E07000240","26UGGN","E00120512","26UGGN","E65000001","E01023732","E02004943","6","3A2","E00120512","E01023732","E02004943","E33024344","E38000079","E63011632","F1","1C3",51.716751,-0.364554,"E37000048","","E23000027",24029,"E56000035","E54000025","E00120512","E01023732","E02004943"
"AL2 3YJ","AL2  3YJ","AL2 3YJ","201005","201210","E10000015","E58000664","E07000240","E05013956","E43000290","1","517328","0206823","1","E18000006","E40000007","E92000001","E12000006","5","E14001507","E15000006","E24000005","E30000237","E16000150","E07000240","26UGFX","E00120196","26UGFX","E65000001","E01023667","E02004936","5","6D1","E00120196","E01023667","E02004936","E33027453","E38000079","E63011552","C1","5A2",51.747828,-0.301865,"E37000048","","E23000027",30628,"E56000035","E54000025","E00120196","E01023667","E02004936"
"AL2 3YL","AL2  3YL","AL2 3YL","199412","199507","E10000015","E58000668","E07000240","E05013965","E04013288","1","512600","0201800","8","E18000006","E40000007","E92000001","E12000006","5","E14001507","E15000006","E24000005","E30000237","E16000150","E07000240","26UGGN","E00120502","26UGGN","E65000001","E01023733","E02004943","5","4D2","E00120502","E01023733","E02004943","E33024343","E38000079","E63011666","A1","6A4",51.703653,-0.371944,"E37000048","","E23000027",31739,"E56000035","E54000025","E00189344","E01023733","E02004943"
"AL2 3YN","AL2  3YN","AL2 3YN","199501","199812","E10000015","E58000668","E07000240","E05013965","E04013288","1","513079","0203269","6","E18000006","E40000007","E92000001","E12000006","5","E14001507","E15000006","E24000005","E30000237","E16000150","E07000240","26UGGN","E00120512","26UGGN","E65000001","E01023732","E02004943","6","3A2","E00120512","E01023732","E02004943","E33024344","E38000079","E63011632","F1","1C3",51.716760,-0.364539,"E37000048","","E23000027",24029,"E56000035","E54000025","E00120512","E01023732","E02004943"
"AL2 3YP","AL2  3YP","AL2 3YP","200703","201012","E10000015","E58000664","E07000240","E05013956","E43000290","1","517328","0206823","1","E18000006","E40000007","E92000001","E12000006","5","E14001507","E15000006","E24000005","E30000237","E16000150","E07000240","26UGFX","E00120196","26UGFX","E65000001","E01023667","E02004936","5","6D1","E00120196","E01023667","E02004936","E33027453","E38000079","E63011552","C1","5A2",51.747828,-0.301865,"E37000048","","E23000027",30628,"E56000035","E54000025","E00120196","E01023667","E02004936"
"AL2 3YQ","AL2  3YQ","AL2 3YQ","199405","199512","E10000015","E58000668","E07000240","E05013965","E04013288","1","512600","0201800","8","E18000006","E40000007","E92000001","E12000006","5","E14001507","E15000006","E24000005","E30000237","E16000150","E07000240","26UGGN","E00120502","26UGGN","E65000001","E01023733","E02004943","5","4D2","E00120502","E01023733","E02004943","E33024343","E38000079","E63011666","A1","6A4",51.703653,-0.371944,"E37000048","","E23000027",31739,"E56000035","E54000025","E00189344","E01023733","E02004943"
"AL2 3YR","AL2  3YR","AL2 3YR","199501","200408","E10000015","E58000664","E07000240","E05013956","E43000290","1","517328","0206823","1","E18000006","E40000007","E92000001","E12000006","5","E14001507","E15000006","E24000005","E30000237","E16000150","E07000240","26UGFX","E00120196","26UGFX","E65000001","E01023667","E02004936","5","6D1","E00120196","E01023667","E02004936","E33027453","E38000079","E63011552","C1","5A2",51.747828,-0.301865,"E37000048","","E23000027",30628,"E56000035","E54000025","E00120196","E01023667","E02004936"
"AL2 3YS","AL2  3YS","AL2 3YS","199712","199906","E10000015","E58000668","E07000240","E05013965","E04013288","1","513079","0203269","6","E18000006","E40000007","E92000001","E12000006","5","E14001507","E15000006","E24000005","E30000237","E16000150","E07000240","26UGGN","E00120512","26UGGN","E65000001","E01023732","E02004943","6","3A2","E00120512","E01023732","E02004943","E33024344","E38000079","E63011632","F1","1C3",51.716760,-0.364539,"E37000048","","E23000027",24029,"E56000035","E54000025","E00120512","E01023732","E02004943"
"AL2 3YT","AL2  3YT","AL2 3YT","199712","","E10000015","E58000668","E07000240","E05013965","E04013288","0","512639","0201669","1","E18000006","E40000007","E92000001","E12000006","5","E14001507","E15000006","E24000005","E30000237","E16000150","E07000240","26UGGN","E00120502","26UGGN","E65000001","E01023733","E02004943","5","4D2","E00120502","E01023733","E02004943","E33024343","E38000079","E63011666","A1","6A4",51.702468,-0.371422,"E37000048","","E23000027",31739,"E56000035","E54000025","E00189344","E01023733","E02004943"
"AL2 3YU","AL2  3YU","AL2 3YU","199812","200006","E10000015","E58000668","E07000240","E05013965","E04013288","1","513044","0203196","6","E18000006","E40000007","E92000001","E12000006","5","E14001507","E15000006","E24000005","E30000237","E16000150","E07000240","26UGGN","E00120512","26UGGN","E65000001","E01023732","E02004943","6","3A2","E00120512","E01023732","E02004943","E33024344","E38000079","E63011632","F1","1C3",51.716111,-0.365069,"E37000048","","E23000027",24029,"E56000035","E54000025","E00120512","E01023732","E02004943"
"AL2 3YW","AL2  3YW","AL2 3YW","199501","199812","E10000015","E58000668","E07000240","E05013965","E04013288","1","513079","0203269","6","E18000006","E40000007","E92000001","E12000006","5","E14001507","E15000006","E24000005","E30000237","E16000150","E07000240","26UGGN","E00120512","26UGGN","E65000001","E01023732","E02004943","6","3A2","E00120512","E01023732","E02004943","E33024344","E38000079","E63011632","F1","1C3",51.716760,-0.364539,"E37000048","","E23000027",24029,"E56000035","E54000025","E00120512","E01023732","E02004943"
"AL2 3YX","AL2  3YX","AL2 3YX","200206","200306","E10000015","E58000668","E07000240","E05013965","E04013288","1","512639","0201669","5","E18000006","E40000007","E92000001","E12000006","5","E14001507","E15000006","E24000005","E30000237","E16000150","E07000240","26UGGN","E00120502","26UGGN","E65000001","E01023733","E02004943","5","4D2","E00120502","E01023733","E02004943","E33024343","E38000079","E63011666","A1","6A4",51.702468,-0.371422,"E37000048","","E23000027",31739,"E56000035","E54000025","E00189344","E01023733","E02004943"
"AL2 3YY","AL2  3YY","AL2 3YY","200704","200804","E10000015","E58000664","E07000240","E05013956","E43000290","1","517328","0206823","1","E18000006","E40000007","E92000001","E12000006","5","E14001507","E15000006","E24000005","E30000237","E16000150","E07000240","26UGFX","E00120196","26UGFX","E65000001","E01023667","E02004936","5","6D1","E00120196","E01023667","E02004936","E33027453","E38000079","E63011552","C1","5A2",51.747828,-0.301865,"E37000048","","E23000027",30628,"E56000035","E54000025","E00120196","E01023667","E02004936"
"AL2 3YZ","AL2  3YZ","AL2 3YZ","200106","","E10000015","E58000664","E07000240","E05013956","E43000290","1","517321","0206803","1","E18000006","E40000007","E92000001","E12000006","5","E14001507","E15000006","E24000005","E30000237","E16000150","E07000240","26UGFX","E00120196","26UGFX","E65000001","E01023667","E02004936","5","6D1","E00120196","E01023667","E02004936","E33027453","E38000079","E63011552","C1","5A2",51.747650,-0.301973,"E37000048","","E23000027",30628,"E56000035","E54000025","E00120196","E01023667","E02004936"
"AL2 3ZD","AL2  3ZD","AL2 3ZD","199712","199906","E10000015","E58000668","E07000240","E05013965","E04013288","1","513079","0203269","6","E18000006","E40000007","E92000001","E12000006","5","E14001507","E15000006","E24000005","E30000237","E16000150","E07000240","26UGGN","E00120512","26UGGN","E65000001","E01023732","E02004943","6","3A2","E00120512","E01023732","E02004943","E33024344","E38000079","E63011632","F1","1C3",51.716760,-0.364539,"E37000048","","E23000027",24029,"E56000035","E54000025","E00120512","E01023732","E02004943"
"AL2 3ZE","AL2  3ZE","AL2 3ZE","200106","200302","E10000015","E58000664","E07000240","E05013956","E43000290","1","517328","0206823","1","E18000006","E40000007","E92000001","E12000006","5","E14001507","E15000006","E24000005","E30000237","E16000150","E07000240","26UGFX","E00120196","26UGFX","E65000001","E01023667","E02004936","5","6D1","E00120196","E01023667","E02004936","E33027453","E38000079","E63011552","C1","5A2",51.747828,-0.301865,"E37000048","","E23000027",30628,"E56000035","E54000025","E00120196","E01023667","E02004936"
"AL2 3ZF","AL2  3ZF","AL2 3ZF","199806","200203","E10000015","E58000664","E07000240","E05013956","E43000290","1","517328","0206823","1","E18000006","E40000007","E92000001","E12000006","5","E14001507","E15000006","E24000005","E30000237","E16000150","E07000240","26UGFX","E00120196","26UGFX","E65000001","E01023667","E02004936","5","6D1","E00120196","E01023667","E02004936","E33027453","E38000079","E63011552","C1","5A2",51.747828,-0.301865,"E37000048","","E23000027",30628,"E56000035","E54000025","E00120196","E01023667","E02004936"
"AL2 3ZG","AL2  3ZG","AL2 3ZG","199806","199912","E10000015","E58000668","E07000240","E05013965","E04013288","1","513044","0203196","6","E18000006","E40000007","E92000001","E12000006","5","E14001507","E15000006","E24000005","E30000237","E16000150","E07000240","26UGGN","E00120512","26UGGN","E65000001","E01023732","E02004943","6","3A2","E00120512","E01023732","E02004943","E33024344","E38000079","E63011632","F1","1C3",51.716111,-0.365069,"E37000048","","E23000027",24029,"E56000035","E54000025","E00120512","E01023732","E02004943"
"AL2 3ZH","AL2  3ZH","AL2 3ZH","200311","200812","E10000015","E58000664","E07000240","E05013956","E43000290","1","517328","0206823","1","E18000006","E40000007","E92000001","E12000006","5","E14001507","E15000006","E24000005","E30000237","E16000150","E07000240","26UGFX","E00120196","26UGFX","E65000001","E01023667","E02004936","5","6D1","E00120196","E01023667","E02004936","E33027453","E38000079","E63011552","C1","5A2",51.747828,-0.301865,"E37000048","","E23000027",30628,"E56000035","E54000025","E00120196","E01023667","E02004936"
"AL2 3ZJ","AL2  3ZJ","AL2 3ZJ","199812","200006","E10000015","E58000668","E07000240","E05013965","E04013288","1","513044","0203196","6","E18000006","E40000007","E92000001","E12000006","5","E14001507","E15000006","E24000005","E30000237","E16000150","E07000240","26UGGN","E00120512","26UGGN","E65000001","E01023732","E02004943","6","3A2","E00120512","E01023732","E02004943","E33024344","E38000079","E63011632","F1","1C3",51.716111,-0.365069,"E37000048","","E23000027",24029,"E56000035","E54000025","E00120512","E01023732","E02004943"
"AL2 3ZL","AL2  3ZL","AL2 3ZL","199812","200203","E10000015","E58000664","E07000240","E05013956","E43000290","1","517328","0206823","1","E18000006","E40000007","E92000001","E12000006","5","E14001507","E15000006","E24000005","E30000237","E16000150","E07000240","26UGFX","E00120196","26UGFX","E65000001","E01023667","E02004936","5","6D1","E00120196","E01023667","E02004936","E33027453","E38000079","E63011552","C1","5A2",51.747828,-0.301865,"E37000048","","E23000027",30628,"E56000035","E54000025","E00120196","E01023667","E02004936"
"AL2 3ZN","AL2  3ZN","AL2 3ZN","199906","201401","E10000015","E58000664","E07000240","E05013956","E43000290","1","517328","0206823","1","E18000006","E40000007","E92000001","E12000006","5","E14001507","E15000006","E24000005","E30000237","E16000150","E07000240","26UGFX","E00120196","26UGFX","E65000001","E01023667","E02004936","5","6D1","E00120196","E01023667","E02004936","E33027453","E38000079","E63011552","C1","5A2",51.747828,-0.301865,"E37000048","","E23000027",30628,"E56000035","E54000025","E00120196","E01023667","E02004936"
"AL2 3ZP","AL2  3ZP","AL2 3ZP","199906","200207","E10000015","E58000664","E07000240","E05013956","E43000290","1","517328","0206823","1","E18000006","E40000007","E92000001","E12000006","5","E14001507","E15000006","E24000005","E30000237","E16000150","E07000240","26UGFX","E00120196","26UGFX","E65000001","E01023667","E02004936","5","6D1","E00120196","E01023667","E02004936","E33027453","E38000079","E63011552","C1","5A2",51.747828,-0.301865,"E37000048","","E23000027",30628,"E56000035","E54000025","E00120196","E01023667","E02004936"
"AL2 3ZQ","AL2  3ZQ","AL2 3ZQ","200308","200602","E10000015","E58000664","E07000240","E05013956","E43000290","1","517328","0206823","1","E18000006","E40000007","E92000001","E12000006","5","E14001507","E15000006","E24000005","E30000237","E16000150","E07000240","26UGFX","E00120196","26UGFX","E65000001","E01023667","E02004936","5","6D1","E00120196","E01023667","E02004936","E33027453","E38000079","E63011552","C1","5A2",51.747828,-0.301865,"E37000048","","E23000027",30628,"E56000035","E54000025","E00120196","E01023667","E02004936"
"AL2 3ZR","AL2  3ZR","AL2 3ZR","199912","201605","E10000015","E58000664","E07000240","E05013956","E43000290","1","517321","0206803","1","E18000006","E40000007","E92000001","E12000006","5","E14001507","E15000006","E24000005","E30000237","E16000150","E07000240","26UGFX","E00120196","26UGFX","E65000001","E01023667","E02004936","5","6D1","E00120196","E01023667","E02004936","E33027453","E38000079","E63011552","C1","5A2",51.747650,-0.301973,"E37000048","","E23000027",30628,"E56000035","E54000025","E00120196","E01023667","E02004936"
"AL2 3ZS","AL2  3ZS","AL2 3ZS","201002","201008","E10000015","E58000664","E07000240","E05013956","E43000290","1","517328","0206823","1","E18000006","E40000007","E92000001","E12000006","5","E14001507","E15000006","E24000005","E30000237","E16000150","E07000240","26UGFX","E00120196","26UGFX","E65000001","E01023667","E02004936","5","6D1","E00120196","E01023667","E02004936","E33027453","E38000079","E63011552","C1","5A2",51.747828,-0.301865,"E37000048","","E23000027",30628,"E56000035","E54000025","E00120196","E01023667","E02004936"
"AL2 3ZT","AL2  3ZT","AL2 3ZT","200012","200108","E10000015","E58000664","E07000240","E05013956","E43000290","1","517328","0206823","1","E18000006","E40000007","E92000001","E12000006","5","E14001507","E15000006","E24000005","E30000237","E16000150","E07000240","26UGFX","E00120196","26UGFX","E65000001","E01023667","E02004936","5","6D1","E00120196","E01023667","E02004936","E33027453","E38000079","E63011552","C1","5A2",51.747828,-0.301865,"E37000048","","E23000027",30628,"E56000035","E54000025","E00120196","E01023667","E02004936"
"AL2 3ZU","AL2  3ZU","AL2 3ZU","200012","200203","E10000015","E58000664","E07000240","E05013956","E43000290","1","517328","0206823","1","E18000006","E40000007","E92000001","E12000006","5","E14001507","E15000006","E24000005","E30000237","E16000150","E07000240","26UGFX","E00120196","26UGFX","E65000001","E01023667","E02004936","5","6D1","E00120196","E01023667","E02004936","E33027453","E38000079","E63011552","C1","5A2",51.747828,-0.301865,"E37000048","","E23000027",30628,"E56000035","E54000025","E00120196","E01023667","E02004936"
"AL2 3ZW","AL2  3ZW","AL2 3ZW","200006","200307","E10000015","E58000664","E07000240","E05013956","E43000290","1","517328","0206823","1","E18000006","E40000007","E92000001","E12000006","5","E14001507","E15000006","E24000005","E30000237","E16000150","E07000240","26UGFX","E00120196","26UGFX","E65000001","E01023667","E02004936","5","6D1","E00120196","E01023667","E02004936","E33027453","E38000079","E63011552","C1","5A2",51.747828,-0.301865,"E37000048","","E23000027",30628,"E56000035","E54000025","E00120196","E01023667","E02004936"
"AL2 3ZX","AL2  3ZX","AL2 3ZX","199912","201512","E10000015","E58000664","E07000240","E05013956","E43000290","1","517328","0206823","1","E18000006","E40000007","E92000001","E12000006","5","E14001507","E15000006","E24000005","E30000237","E16000150","E07000240","26UGFX","E00120196","26UGFX","E65000001","E01023667","E02004936","5","6D1","E00120196","E01023667","E02004936","E33027453","E38000079","E63011552","C1","5A2",51.747828,-0.301865,"E37000048","","E23000027",30628,"E56000035","E54000025","E00120196","E01023667","E02004936"
"AL2 3ZY","AL2  3ZY","AL2 3ZY","199812","200201","E10000015","E58000664","E07000240","E05013956","E43000290","1","517328","0206823","1","E18000006","E40000007","E92000001","E12000006","5","E14001507","E15000006","E24000005","E30000237","E16000150","E07000240","26UGFX","E00120196","26UGFX","E65000001","E01023667","E02004936","5","6D1","E00120196","E01023667","E02004936","E33027453","E38000079","E63011552","C1","5A2",51.747828,-0.301865,"E37000048","","E23000027",30628,"E56000035","E54000025","E00120196","E01023667","E02004936"
"AL2 3ZZ","AL2  3ZZ","AL2 3ZZ","200409","201010","E10000015","E58000664","E07000240","E05013956","E43000290","1","517328","0206823","1","E18000006","E40000007","E92000001","E12000006","5","E14001507","E15000006","E24000005","E30000237","E16000150","E07000240","26UGFX","E00120196","26UGFX","E65000001","E01023667","E02004936","5","6D1","E00120196","E01023667","E02004936","E33027453","E38000079","E63011552","C1","5A2",51.747828,-0.301865,"E37000048","","E23000027",30628,"E56000035","E54000025","E00120196","E01023667","E02004936"
"AL3 4AA","AL3  4AA","AL3 4AA","198001","","E10000015","E58000666","E07000240","E05013966","E43000290","0","513718","0205982","1","E18000006","E40000007","E92000001","E12000006","5","E14001507","E15000006","E24000005","E30000237","E16000150","E07000240","26UGGR","E00120579","26UGGR","E65000001","E01023744","E02004937","5","4B3","E00120579","E01023744","E02004937","E33027459","E38000079","E63011552","C1","6A1",51.741019,-0.354385,"E37000048","","E23000027",31807,"E56000035","E54000025","E00120579","E01023744","E02004937"
"AL3 4AB","AL3  4AB","AL3 4AB","198001","","E10000015","E58000666","E07000240","E05013966","E43000290","0","513829","0205877","1","E18000006","E40000007","E92000001","E12000006","5","E14001507","E15000006","E24000005","E30000237","E16000150","E07000240","26UGGR","E00120579","26UGGR","E65000001","E01023744","E02004937","5","4B3","E00120579","E01023744","E02004937","E33027459","E38000079","E63011552","C1","6A1",51.740047,-0.352835,"E37000048","","E23000027",31807,"E56000035","E54000025","E00120579","E01023744","E02004937"
"AL3 4AD","AL3  4AD","AL3 4AD","198001","","E10000015","E58000666","E07000240","E05013966","E43000290","0","513769","0205994","1","E18000006","E40000007","E92000001","E12000006","5","E14001507","E15000006","E24000005","E30000237","E16000150","E07000240","26UGGR","E00120575","26UGGR","E65000001","E01023743","E02004937","5","4D2","E00120575","E01023743","E02004937","E33027456","E38000079","E63011552","C1","5B1",51.741111,-0.353666,"E37000048","","E23000027",30564,"E56000035","E54000025","E00120575","E01023743","E02004937"
"AL3 4AE","AL3  4AE","AL3 4AE","198504","","E10000015","E58000666","E07000240","E05013966","E43000290","0","513709","0206468","1","E18000006","E40000007","E92000001","E12000006","5","E14001507","E15000006","E24000005","E30000237","E16000150","E07000240","26UGGR","E00120565","26UGGR","E65000001","E01023743","E02004937","5","6D1","E00120565","E01023743","E02004937","E33027457","E38000079","E63011552","C1","5A1",51.745389,-0.354357,"E37000048","","E23000027",30564,"E56000035","E54000025","E00120565","E01023743","E02004937"
"AL3 4AF","AL3  4AF","AL3 4AF","198604","","E10000015","E58000666","E07000240","E05013966","E43000290","0","513849","0206344","1","E18000006","E40000007","E92000001","E12000006","5","E14001507","E15000006","E24000005","E30000237","E16000150","E07000240","26UGGR","E00120575","26UGGR","E65000001","E01023743","E02004937","5","4D2","E00120575","E01023743","E02004937","E33027456","E38000079","E63011552","C1","5B1",51.744240,-0.352393,"E37000048","","E23000027",30564,"E56000035","E54000025","E00120575","E01023743","E02004937"
"AL3 4AG","AL3  4AG","AL3 4AG","199606","199812","E10000015","E58000666","E07000240","E05013966","E43000290","1","513699","0206550","6","E18000006","E40000007","E92000001","E12000006","5","E14001507","E15000006","E24000005","E30000237","E16000150","E07000240","26UGGR","E00120563","26UGGR","E65000001","E01023743","E02004937","5","2B1","E00120563","E01023743","E02004937","E33027457","E38000079","E63011552","C1","5B1",51.746122,-0.354497,"E37000048","","E23000027",30564,"E56000035","E54000025","E00120563","E01023743","E02004937"
"AL3 4AH","AL3  4AH","AL3 4AH","198307","","E10000015","E58000666","E07000240","E05013966","E43000290","0","513165","0206718","1","E18000006","E40000007","E92000001","E12000006","5","E14001507","E15000006","E24000005","E30000237","E16000150","E07000240","26UGGR","E00120569","26UGGR","E65000001","E01023742","E02004937","5","4B3","E00120569","E01023742","E02004937","E33027460","E38000079","E63011552","C1","6A1",51.747746,-0.362151,"E37000048","","E23000027",29470,"E56000035","E54000025","E00120569","E01023742","E02004937"
"AL3 4AJ","AL3  4AJ","AL3 4AJ","198109","","E10000015","E58000666","E07000240","E05013966","E43000290","0","513684","0206545","1","E18000006","E40000007","E92000001","E12000006","5","E14001507","E15000006","E24000005","E30000237","E16000150","E07000240","26UGGR","E00120563","26UGGR","E65000001","E01023743","E02004937","5","2B1","E00120563","E01023743","E02004937","E33027457","E38000079","E63011552","C1","5B1",51.746080,-0.354716,"E37000048","","E23000027",30564,"E56000035","E54000025","E00120563","E01023743","E02004937"
"AL3 4AL","AL3  4AL","AL3 4AL","198001","","E10000015","E58000625","E07000240","E05013966","E04013287","0","512558","0205759","1","E18000006","E40000007","E92000001","E12000006","5","E14001268","E15000006","E24000005","E30000237","E16000150","E07000240","26UGGL","E00120475","26UGGL","E65000001","E01023722","E02004929","8","3C1","E00120475","E01023722","E02004929","E33024323","E38000079","","F1","1A2",51.739243,-0.371273,"E37000048","","E23000027",14574,"E56000035","E54000025","E00120475","E01023722","E02004929"
"AL3 4AN","AL3  4AN","AL3 4AN","199606","199806","E10000015","E58000666","E07000240","E05013966","E43000290","1","513698","0206550","6","E18000006","E40000007","E92000001","E12000006","5","E14001507","E15000006","E24000005","E30000237","E16000150","E07000240","26UGGR","E00120563","26UGGR","E65000001","E01023743","E02004937","5","2B1","E00120563","E01023743","E02004937","E33027457","E38000079","E63011552","C1","5B1",51.746122,-0.354512,"E37000048","","E23000027",30564,"E56000035","E54000025","E00120563","E01023743","E02004937"
"AL3 4AP","AL3  4AP","AL3 4AP","200505","","E10000015","E58000666","E07000240","E05013966","E43000290","0","513858","0206304","1","E18000006","E40000007","E92000001","E12000006","5","E14001507","E15000006","E24000005","E30000237","E16000150","E07000240","26UGGR","E00120575","26UGGR","E65000001","E01023743","E02004937","5","4D2","E00120575","E01023743","E02004937","E33027456","E38000079","E63011552","C1","5B1",51.743879,-0.352276,"E37000048","","E23000027",30564,"E56000035","E54000025","E00120575","E01023743","E02004937"
"AL3 4AQ","AL3  4AQ","AL3 4AQ","199612","200006","E10000015","E58000666","E07000240","E05013966","E43000290","1","513699","0206550","6","E18000006","E40000007","E92000001","E12000006","5","E14001507","E15000006","E24000005","E30000237","E16000150","E07000240","26UGGR","E00120563","26UGGR","E65000001","E01023743","E02004937","5","2B1","E00120563","E01023743","E02004937","E33027457","E38000079","E63011552","C1","5B1",51.746122,-0.354497,"E37000048","","E23000027",30564,"E56000035","E54000025","E00120563","E01023743","E02004937"
"AL3 4AR","AL3  4AR","AL3 4AR","198001","","E10000015","E58000666","E07000240","E05013966","E43000290","0","513831","0206261","1","E18000006","E40000007","E92000001","E12000006","5","E14001507","E15000006","E24000005","E30000237","E16000150","E07000240","26UGGR","E00120575","26UGGR","E65000001","E01023743","E02004937","5","4D2","E00120575","E01023743","E02004937","E33027456","E38000079","E63011552","C1","5B1",51.743498,-0.352681,"E37000048","","E23000027",30564,"E56000035","E54000025","E00120575","E01023743","E02004937"
"AL3 4AS","AL3  4AS","AL3 4AS","198001","","E10000015","E58000666","E07000240","E05013966","E43000290","0","513750","0206244","1","E18000006","E40000007","E92000001","E12000006","5","E14001507","E15000006","E24000005","E30000237","E16000150","E07000240","26UGGR","E00120575","26UGGR","E65000001","E01023743","E02004937","5","4D2","E00120575","E01023743","E02004937","E33027456","E38000079","E63011552","C1","5B1",51.743362,-0.353859,"E37000048","","E23000027",30564,"E56000035","E54000025","E00120575","E01023743","E02004937"
"AL3 4AT","AL3  4AT","AL3 4AT","198001","","E10000015","E58000666","E07000240","E05013966","E43000290","0","513785","0206399","1","E18000006","E40000007","E92000001","E12000006","5","E14001507","E15000006","E24000005","E30000237","E16000150","E07000240","26UGGR","E00120575","26UGGR","E65000001","E01023743","E02004937","5","4D2","E00120575","E01023743","E02004937","E33027456","E38000079","E63011552","C1","5B1",51.744748,-0.353302,"E37000048","","E23000027",30564,"E56000035","E54000025","E00120575","E01023743","E02004937"
"AL3 4AU","AL3  4AU","AL3 4AU","198001","","E10000015","E58000666","E07000240","E05013966","E43000290","0","513699","0206496","1","E18000006","E40000007","E92000001","E12000006","5","E14001507","E15000006","E24000005","E30000237","E16000150","E07000240","26UGGR","E00120565","26UGGR","E65000001","E01023743","E02004937","5","6D1","E00120565","E01023743","E02004937","E33027457","E38000079","E63011552","C1","5A1",51.745637,-0.354515,"E37000048","","E23000027",30564,"E56000035","E54000025","E00120565","E01023743","E02004937"
"AL3 4AW","AL3  4AW","AL3 4AW","198001","","E10000015","E58000666","E07000240","E05013966","E43000290","1","514062","0206249","1","E18000006","E40000007","E92000001","E12000006","5","E14001507","E15000006","E24000005","E30000237","E16000150","E07000240","26UGGR","E00120563","26UGGR","E65000001","E01023743","E02004937","5","2B1","E00120563","E01023743","E02004937","E33027457","E38000079","E63011552","C1","5B1",51.743349,-0.349318,"E37000048","","E23000027",30564,"E56000035","E54000025","E00120563","E01023743","E02004937"
"AL3 4AX","AL3  4AX","AL3 4AX","198001","201110","E10000015","E58000666","E07000240","E05013966","E43000290","0","513591","0206474","1","E18000006","E40000007","E92000001","E12000006","5","E14001507","E15000006","E24000005","E30000237","E16000150","E07000240","26UGGR","E00120573","26UGGR","E65000001","E01023743","E02004937","5","4B3","E00120573","E01023743","E02004937","E33027459","E38000079","E63011552","C1","6A4",51.745461,-0.356086,"E37000048","","E23000027",30564,"E56000035","E54000025","E00189386","E01023743","E02004937"
"AL3 4AY","AL3  4AY","AL3 4AY","198001","","E10000015","E58000666","E07000240","E05013966","E43000290","0","513682","0206292","1","E18000006","E40000007","E92000001","E12000006","5","E14001507","E15000006","E24000005","E30000237","E16000150","E07000240","26UGGR","E00120573","26UGGR","E65000001","E01023743","E02004937","5","4B3","E00120573","E01023743","E02004937","E33027459","E38000079","E63011552","C1","6A4",51.743807,-0.354828,"E37000048","","E23000027",30564,"E56000035","E54000025","E00189386","E01023743","E02004937"
"AL3 4AZ","AL3  4AZ","AL3 4AZ","198001","","E10000015","E58000666","E07000240","E05013966","E43000290","0","513540","0206090","1","E18000006","E40000007","E92000001","E12000006","5","E14001507","E15000006","E24000005","E30000237","E16000150","E07000240","26UGGR","E00120573","26UGGR","E65000001","E01023743","E02004937","5","4B3","E00120573","E01023743","E02004937","E33027459","E38000079","E63011552","C1","6A4",51.742026,-0.356927,"E37000048","","E23000027",30564,"E56000035","E54000025","E00189409","E01023743","E02004937"
"AL3 4BA","AL3  4BA","AL3 4BA","198001","","E10000015","E58000666","E07000240","E05013966","E43000290","0","513473","0205942","1","E18000006","E40000007","E92000001","E12000006","5","E14001507","E15000006","E24000005","E30000237","E16000150","E07000240","26UGGR","E00120573","26UGGR","E65000001","E01023743","E02004937","5","4B3","E00120573","E01023743","E02004937","E33027459","E38000079","E63011552","C1","6A4",51.740704,-0.357968,"E37000048","","E23000027",30564,"E56000035","E54000025","E00189409","E01023743","E02004937"
"AL3 4BB","AL3  4BB","AL3 4BB","198001","","E10000015","E58000666","E07000240","E05013966","E43000290","0","513615","0205886","1","E18000006","E40000007","E92000001","E12000006","5","E14001507","E15000006","E24000005","E30000237","E16000150","E07000240","26UGGR","E00120573","26UGGR","E65000001","E01023743","E02004937","5","4B3","E00120573","E01023743","E02004937","E33027459","E38000079","E63011552","C1","6A4",51.740172,-0.355930,"E37000048","","E23000027",30564,"E56000035","E54000025","E00189409","E01023743","E02004937"
"AL3 4BD","AL3  4BD","AL3 4BD","198001","","E10000015","E58000666","E07000240","E05013966","E43000290","0","513732","0205686","1","E18000006","E40000007","E92000001","E12000006","5","E14001507","E15000006","E24000005","E30000237","E16000150","E07000240","26UGGR","E00120579","26UGGR","E65000001","E01023744","E02004937","5","4B3","E00120579","E01023744","E02004937","E33027459","E38000079","E63011552","C1","6A1",51.738350,-0.354302,"E37000048","","E23000027",31807,"E56000035","E54000025","E00120579","E01023744","E02004937"
"AL3 4BE","AL3  4BE","AL3 4BE","199612","200509","E10000015","E58000664","E07000240","E05013956","E43000290","1","517328","0206823","1","E18000006","E40000007","E92000001","E12000006","5","E14001507","E15000006","E24000005","E30000237","E16000150","E07000240","26UGFX","E00120196","26UGFX","E65000001","E01023667","E02004936","5","6D1","E00120196","E01023667","E02004936","E33027453","E38000079","E63011552","C1","5A2",51.747828,-0.301865,"E37000048","","E23000027",30628,"E56000035","E54000025","E00120196","E01023667","E02004936"
"AL3 4BF","AL3  4BF","AL3 4BF","199706","200408","E10000015","E58000664","E07000240","E05013956","E43000290","1","517328","0206823","1","E18000006","E40000007","E92000001","E12000006","5","E14001507","E15000006","E24000005","E30000237","E16000150","E07000240","26UGFX","E00120196","26UGFX","E65000001","E01023667","E02004936","5","6D1","E00120196","E01023667","E02004936","E33027453","E38000079","E63011552","C1","5A2",51.747828,-0.301865,"E37000048","","E23000027",30628,"E56000035","E54000025","E00120196","E01023667","E02004936"
"AL3 4BG","AL3  4BG","AL3 4BG","198001","","E10000015","E58000666","E07000240","E05013966","E43000290","0","513739","0205741","1","E18000006","E40000007","E92000001","E12000006","5","E14001507","E15000006","E24000005","E30000237","E16000150","E07000240","26UGGR","E00120579","26UGGR","E65000001","E01023744","E02004937","5","4B3","E00120579","E01023744","E02004937","E33027459","E38000079","E63011552","C1","6A1",51.738843,-0.354183,"E37000048","","E23000027",31807,"E56000035","E54000025","E00120579","E01023744","E02004937"
"AL3 4BH","AL3  4BH","AL3 4BH","198001","","E10000015","E58000666","E07000240","E05013966","E43000290","0","513538","0206025","1","E18000006","E40000007","E92000001","E12000006","5","E14001507","E15000006","E24000005","E30000237","E16000150","E07000240","26UGGR","E00120573","26UGGR","E65000001","E01023743","E02004937","5","4B3","E00120573","E01023743","E02004937","E33027459","E38000079","E63011552","C1","6A4",51.741436,-0.357000,"E37000048","","E23000027",30564,"E56000035","E54000025","E00189409","E01023743","E02004937"
"AL3 4BJ","AL3  4BJ","AL3 4BJ","198001","","E10000015","E58000666","E07000240","E05013966","E43000290","0","513675","0206172","1","E18000006","E40000007","E92000001","E12000006","5","E14001507","E15000006","E24000005","E30000237","E16000150","E07000240","26UGGR","E00120573","26UGGR","E65000001","E01023743","E02004937","5","4B3","E00120573","E01023743","E02004937","E33027459","E38000079","E63011552","C1","6A4",51.742730,-0.354968,"E37000048","","E23000027",30564,"E56000035","E54000025","E00189409","E01023743","E02004937"
"AL3 4BL","AL3  4BL","AL3 4BL","198001","","E10000015","E58000666","E07000240","E05013966","E43000290","0","514056","0206104","1","E18000006","E40000007","E92000001","E12000006","5","E14001507","E15000006","E24000005","E30000237","E16000150","E07000240","26UGGR","E00120563","26UGGR","E65000001","E01023743","E02004937","5","2B1","E00120563","E01023743","E02004937","E33027457","E38000079","E63011552","C1","5B1",51.742041,-0.349475,"E37000048","","E23000027",30564,"E56000035","E54000025","E00120563","E01023743","E02004937"
"AL3 4BN","AL3  4BN","AL3 4BN","199201","","E10000015","E58000666","E07000240","E05013966","E43000290","0","514067","0206185","1","E18000006","E40000007","E92000001","E12000006","5","E14001507","E15000006","E24000005","E30000237","E16000150","E07000240","26UGGR","E00120563","26UGGR","E65000001","E01023743","E02004937","5","2B1","E00120563","E01023743","E02004937","E33027457","E38000079","E63011552","C1","5B1",51.742767,-0.349289,"E37000048","","E23000027",30564,"E56000035","E54000025","E00120563","E01023743","E02004937"
"AL3 4BP","AL3  4BP","AL3 4BP","199606","200006","E10000015","E58000666","E07000240","E05013966","E43000290","1","514000","0206200","8","E18000006","E40000007","E92000001","E12000006","5","E14001507","E15000006","E24000005","E30000237","E16000150","E07000240","26UGGR","E00120575","26UGGR","E65000001","E01023743","E02004937","5","4D2","E00120575","E01023743","E02004937","E33027456","E38000079","E63011552","C1","5B1",51.742916,-0.350254,"E37000048","","E23000027",30564,"E56000035","E54000025","E00120575","E01023743","E02004937"
"AL3 4BQ","AL3  4BQ","AL3 4BQ","198001","","E10000015","E58000666","E07000240","E05013966","E43000290","0","513629","0205926","1","E18000006","E40000007","E92000001","E12000006","5","E14001507","E15000006","E24000005","E30000237","E16000150","E07000240","26UGGR","E00120573","26UGGR","E65000001","E01023743","E02004937","5","4B3","E00120573","E01023743","E02004937","E33027459","E38000079","E63011552","C1","6A4",51.740528,-0.355715,"E37000048","","E23000027",30564,"E56000035","E54000025","E00189409","E01023743","E02004937"
"AL3 4BS","AL3  4BS","AL3 4BS","199405","199612","E10000015","E58000666","E07000240","E05013966","E43000290","1","514000","0206200","8","E18000006","E40000007","E92000001","E12000006","5","E14001507","E15000006","E24000005","E30000237","E16000150","E07000240","26UGGR","E00120575","26UGGR","E65000001","E01023743","E02004937","5","4D2","E00120575","E01023743","E02004937","E33027456","E38000079","E63011552","C1","5B1",51.742916,-0.350254,"E37000048","","E23000027",30564,"E56000035","E54000025","E00120575","E01023743","E02004937"
"AL3 4BT","AL3  4BT","AL3 4BT","199412","199812","E10000015","E58000666","E07000240","E05013966","E43000290","1","513699","0206550","6","E18000006","E40000007","E92000001","E12000006","5","E14001507","E15000006","E24000005","E30000237","E16000150","E07000240","26UGGR","E00120563","26UGGR","E65000001","E01023743","E02004937","5","2B1","E00120563","E01023743","E02004937","E33027457","E38000079","E63011552","C1","5B1",51.746122,-0.354497,"E37000048","","E23000027",30564,"E56000035","E54000025","E00120563","E01023743","E02004937"
"AL3 4BU","AL3  4BU","AL3 4BU","200106","200208","E10000015","E58000664","E07000240","E05013956","E43000290","1","517328","0206823","1","E18000006","E40000007","E92000001","E12000006","5","E14001507","E15000006","E24000005","E30000237","E16000150","E07000240","26UGFX","E00120196","26UGFX","E65000001","E01023667","E02004936","5","6D1","E00120196","E01023667","E02004936","E33027453","E38000079","E63011552","C1","5A2",51.747828,-0.301865,"E37000048","","E23000027",30628,"E56000035","E54000025","E00120196","E01023667","E02004936"
"AL3 4BW","AL3  4BW","AL3 4BW","200106","200602","E10000015","E58000664","E07000240","E05013956","E43000290","1","517328","0206823","1","E18000006","E40000007","E92000001","E12000006","5","E14001507","E15000006","E24000005","E30000237","E16000150","E07000240","26UGFX","E00120196","26UGFX","E65000001","E01023667","E02004936","5","6D1","E00120196","E01023667","E02004936","E33027453","E38000079","E63011552","C1","5A2",51.747828,-0.301865,"E37000048","","E23000027",30628,"E56000035","E54000025","E00120196","E01023667","E02004936"
"AL3 4BX","AL3  4BX","AL3 4BX","200106","200110","E10000015","E58000664","E07000240","E05013956","E43000290","1","517328","0206823","1","E18000006","E40000007","E92000001","E12000006","5","E14001507","E15000006","E24000005","E30000237","E16000150","E07000240","26UGFX","E00120196","26UGFX","E65000001","E01023667","E02004936","5","6D1","E00120196","E01023667","E02004936","E33027453","E38000079","E63011552","C1","5A2",51.747828,-0.301865,"E37000048","","E23000027",30628,"E56000035","E54000025","E00120196","E01023667","E02004936"
"AL3 4BY","AL3  4BY","AL3 4BY","200811","","E10000015","E58000666","E07000240","E05013966","E43000290","0","513877","0207588","1","E18000006","E40000007","E92000001","E12000006","5","E14001507","E15000006","E24000005","E30000237","E16000150","E07000240","26UGGR","E00120562","26UGGR","E65000001","E01023745","E02004937","5","4D2","E00120562","E01023745","E02004937","E33027455","E38000079","E63011552","C1","5A1",51.755415,-0.351581,"E37000048","","E23000027",31256,"E56000035","E54000025","E00120562","E01023745","E02004937"
"AL3 4BZ","AL3  4BZ","AL3 4BZ","198803","","E10000015","E58000666","E07000240","E05013966","E43000290","0","513739","0205857","1","E18000006","E40000007","E92000001","E12000006","5","E14001507","E15000006","E24000005","E30000237","E16000150","E07000240","26UGGR","E00120579","26UGGR","E65000001","E01023744","E02004937","5","4B3","E00120579","E01023744","E02004937","E33027459","E38000079","E63011552","C1","6A1",51.739891,-0.354122,"E37000048","","E23000027",31807,"E56000035","E54000025","E00120579","E01023744","E02004937"
"AL3 4DA","AL3  4DA","AL3 4DA","198001","","E10000015","E58000666","E07000240","E05013966","E43000290","0","514588","0207232","1","E18000006","E40000007","E92000001","E12000006","5","E14001507","E15000006","E24000005","E30000237","E16000150","E07000240","26UGGR","E00120567","26UGGR","E65000001","E01023745","E02004937","5","2B2","E00120567","E01023745","E02004937","E33024348","E38000079","E63011552","C1","5A3",51.752071,-0.341402,"E37000048","","E23000027",31256,"E56000035","E54000025","E00120567","E01023745","E02004937"
"AL3 4DB","AL3  4DB","AL3 4DB","199606","200602","E10000015","E58000664","E07000240","E05013956","E43000290","1","517328","0206823","1","E18000006","E40000007","E92000001","E12000006","5","E14001507","E15000006","E24000005","E30000237","E16000150","E07000240","26UGFX","E00120196","26UGFX","E65000001","E01023667","E02004936","5","6D1","E00120196","E01023667","E02004936","E33027453","E38000079","E63011552","C1","5A2",51.747828,-0.301865,"E37000048","","E23000027",30628,"E56000035","E54000025","E00120196","E01023667","E02004936"
"AL3 4DD","AL3  4DD","AL3 4DD","198001","","E10000015","E58000663","E07000240","E05013964","E43000290","0","514614","0207225","1","E18000006","E40000007","E92000001","E12000006","5","E14001507","E15000006","E24000005","E30000237","E16000150","E07000240","26UGGM","E00120481","26UGGM","E65000001","E01023727","E02004935","5","2B2","E00120481","E01023727","E02004935","E33024336","E38000079","E63011552","C1","2D1",51.752008,-0.341004,"E37000048","","E23000027",15120,"E56000035","E54000025","E00120481","E01023727","E02004935"
"AL3 4DE","AL3  4DE","AL3 4DE","198001","","E10000015","E58000663","E07000240","E05013964","E43000290","0","514606","0207316","1","E18000006","E40000007","E92000001","E12000006","5","E14001507","E15000006","E24000005","E30000237","E16000150","E07000240","26UGGM","E00120481","26UGGM","E65000001","E01023727","E02004935","5","2B2","E00120481","E01023727","E02004935","E33024337","E38000079","E63011552","C1","2D1",51.752822,-0.341113,"E37000048","","E23000027",15120,"E56000035","E54000025","E00120481","E01023727","E02004935"
"AL3 4DF","AL3  4DF","AL3 4DF","199208","199405","E10000015","E58000666","E07000240","E05013966","E43000290","1","514600","0207300","8","E18000006","E40000007","E92000001","E12000006","5","E14001507","E15000006","E24000005","E30000237","E16000150","E07000240","26UGGR","E00120567","26UGGR","E65000001","E01023745","E02004937","5","2B2","E00120567","E01023745","E02004937","E33024348","E38000079","E63011552","C1","5A3",51.752679,-0.341206,"E37000048","","E23000027",31256,"E56000035","E54000025","E00120567","E01023745","E02004937"
"AL3 4DG","AL3  4DG","AL3 4DG","198001","","E10000015","E58000666","E07000240","E05013966","E43000290","0","514583","0207320","1","E18000006","E40000007","E92000001","E12000006","5","E14001507","E15000006","E24000005","E30000237","E16000150","E07000240","26UGGR","E00120567","26UGGR","E65000001","E01023745","E02004937","5","2B2","E00120567","E01023745","E02004937","E33024348","E38000079","E63011552","C1","5A3",51.752899,-0.341487,"E37000048","","E23000027",31256,"E56000035","E54000025","E00120567","E01023745","E02004937"
"AL3 4DH","AL3  4DH","AL3 4DH","198001","","E10000015","E58000663","E07000240","E05013964","E43000290","0","514473","0207478","1","E18000006","E40000007","E92000001","E12000006","5","E14001507","E15000006","E24000005","E30000237","E16000150","E07000240","26UGGM","E00120480","26UGGM","E65000001","E01023728","E02004935","5","2B2","E00120480","E01023728","E02004935","E33027445","E38000079","E63011552","C1","5B2",51.754311,-0.342963,"E37000048","","E23000027",29815,"E56000035","E54000025","E00120480","E01023728","E02004935"
"AL3 4DJ","AL3  4DJ","AL3 4DJ","198001","","E10000015","E58000666","E07000240","E05013966","E43000290","0","514468","0207435","1","E18000006","E40000007","E92000001","E12000006","5","E14001507","E15000006","E24000005","E30000237","E16000150","E07000240","26UGGR","E00120564","26UGGR","E65000001","E01023745","E02004937","5","6D1","E00120564","E01023745","E02004937","E33027458","E38000079","E63011552","C1","5A2",51.753920,-0.343073,"E37000048","","E23000027",31256,"E56000035","E54000025","E00120564","E01023745","E02004937"
"AL3 4DL","AL3  4DL","AL3 4DL","198001","","E10000015","E58000666","E07000240","E05013966","E43000290","0","514330","0207513","1","E18000006","E40000007","E92000001","E12000006","5","E14001507","E15000006","E24000005","E30000237","E16000150","E07000240","26UGGR","E00120564","26UGGR","E65000001","E01023745","E02004937","5","6D1","E00120564","E01023745","E02004937","E33027458","E38000079","E63011552","C1","5A2",51.754649,-0.345045,"E37000048","","E23000027",31256,"E56000035","E54000025","E00120564","E01023745","E02004937"
"AL3 4DN","AL3  4DN","AL3 4DN","198001","","E10000015","E58000666","E07000240","E05013966","E43000290","0","514233","0207574","1","E18000006","E40000007","E92000001","E12000006","5","E14001507","E15000006","E24000005","E30000237","E16000150","E07000240","26UGGR","E00120581","26UGGR","E65000001","E01023745","E02004937","5","6D1","E00120581","E01023745","E02004937","E33027458","E38000079","E63011552","C1","5A2",51.755217,-0.346430,"E37000048","","E23000027",31256,"E56000035","E54000025","E00120581","E01023745","E02004937"
"AL3 4DP","AL3  4DP","AL3 4DP","198504","","E10000015","E58000663","E07000240","E05013964","E43000290","0","514106","0207677","1","E18000006","E40000007","E92000001","E12000006","5","E14001507","E15000006","E24000005","E30000237","E16000150","E07000240","26UGGM","E00120480","26UGGM","E65000001","E01023728","E02004935","5","2B2","E00120480","E01023728","E02004935","E33027445","E38000079","E63011552","C1","5B2",51.756174,-0.348212,"E37000048","","E23000027",29815,"E56000035","E54000025","E00120480","E01023728","E02004935"
"AL3 4DQ","AL3  4DQ","AL3 4DQ","198001","","E10000015","E58000663","E07000240","E05013964","E43000290","0","514593","0207357","1","E18000006","E40000007","E92000001","E12000006","5","E14001507","E15000006","E24000005","E30000237","E16000150","E07000240","26UGGM","E00120481","26UGGM","E65000001","E01023727","E02004935","5","2B2","E00120481","E01023727","E02004935","E33024337","E38000079","E63011552","C1","2D1",51.753199,-0.341265,"E37000048","","E23000027",15120,"E56000035","E54000025","E00120481","E01023727","E02004935"
"AL3 4DR","AL3  4DR","AL3 4DR","198001","","E10000015","E58000666","E07000240","E05013966","E43000290","0","513993","0207664","1","E18000006","E40000007","E92000001","E12000006","5","E14001507","E15000006","E24000005","E30000237","E16000150","E07000240","26UGGR","E00120581","26UGGR","E65000001","E01023745","E02004937","5","6D1","E00120581","E01023745","E02004937","E33027458","E38000079","E63011552","C1","5A2",51.756022,-0.349551,"E37000048","","E23000027",31256,"E56000035","E54000025","E00120581","E01023745","E02004937"
"AL3 4DS","AL3  4DS","AL3 4DS","198001","199012","E10000015","E58000666","E07000240","E05013966","E43000290","0","513900","0207700","8","E18000006","E40000007","E92000001","E12000006","5","E14001507","E15000006","E24000005","E30000237","E16000150","E07000240","26UGGR","E00120562","26UGGR","E65000001","E01023745","E02004937","5","4D2","E00120562","E01023745","E02004937","E33027455","E38000079","E63011552","C1","5A1",51.756417,-0.351211,"E37000048","","E23000027",31256,"E56000035","E54000025","E00120562","E01023745","E02004937"
"AL3 4DT","AL3  4DT","AL3 4DT","199706","199912","E10000015","E58000666","E07000240","E05013966","E43000290","1","513699","0206550","6","E18000006","E40000007","E92000001","E12000006","5","E14001507","E15000006","E24000005","E30000237","E16000150","E07000240","26UGGR","E00120563","26UGGR","E65000001","E01023743","E02004937","5","2B1","E00120563","E01023743","E02004937","E33027457","E38000079","E63011552","C1","5B1",51.746122,-0.354497,"E37000048","","E23000027",30564,"E56000035","E54000025","E00120563","E01023743","E02004937"
"AL3 4DU","AL3  4DU","AL3 4DU","198504","199812","E10000015","E58000666","E07000240","E05013966","E43000290","1","514613","0207106","1","E18000006","E40000007","E92000001","E12000006","5","E14001507","E15000006","E24000005","E30000237","E16000150","E07000240","26UGGR","E00120568","26UGGR","E65000001","E01023743","E02004937","5","2B2","E00120568","E01023743","E02004937","E33024349","E38000079","E63011552","C1","5A3",51.750933,-0.341081,"E37000048","","E23000027",30564,"E56000035","E54000025","E00120568","E01023743","E02004937"
"AL3 4DW","AL3  4DW","AL3 4DW","198001","","E10000015","E58000666","E07000240","E05013966","E43000290","0","514120","0207609","1","E18000006","E40000007","E92000001","E12000006","5","E14001507","E15000006","E24000005","E30000237","E16000150","E07000240","26UGGR","E00120581","26UGGR","E65000001","E01023745","E02004937","5","6D1","E00120581","E01023745","E02004937","E33027458","E38000079","E63011552","C1","5A2",51.755554,-0.348055,"E37000048","","E23000027",31256,"E56000035","E54000025","E00120581","E01023745","E02004937"
"AL3 4DX","AL3  4DX","AL3 4DX","198001","198612","E10000015","E58000666","E07000240","E05013966","E43000290","1","514000","0207700","8","E18000006","E40000007","E92000001","E12000006","5","E14001507","E15000006","E24000005","E30000237","E16000150","E07000240","26UGGR","E00120581","26UGGR","E65000001","E01023745","E02004937","5","6D1","E00120581","E01023745","E02004937","E33027458","E38000079","E63011552","C1","5A2",51.756397,-0.349763,"E37000048","","E23000027",31256,"E56000035","E54000025","E00120581","E01023745","E02004937"
"AL3 4DY","AL3  4DY","AL3 4DY","199812","200006","E10000015","E58000666","E07000240","E05013966","E43000290","1","514600","0207100","8","E18000006","E40000007","E92000001","E12000006","5","E14001507","E15000006","E24000005","E30000237","E16000150","E07000240","26UGGR","E00120568","26UGGR","E65000001","E01023743","E02004937","5","2B2","E00120568","E01023743","E02004937","E33024349","E38000079","E63011552","C1","5A3",51.750882,-0.341271,"E37000048","","E23000027",30564,"E56000035","E54000025","E00120568","E01023743","E02004937"
"AL3 4DZ","AL3  4DZ","AL3 4DZ","200503","201207","E10000015","E58000666","E07000240","E05013966","E43000290","0","514588","0207197","1","E18000006","E40000007","E92000001","E12000006","5","E14001507","E15000006","E24000005","E30000237","E16000150","E07000240","26UGGR","E00120567","26UGGR","E65000001","E01023745","E02004937","5","2B2","E00120567","E01023745","E02004937","E33024348","E38000079","E63011552","C1","5A3",51.751756,-0.341413,"E37000048","","E23000027",31256,"E56000035","E54000025","E00120567","E01023745","E02004937"
"AL3 4EA","AL3  4EA","AL3 4EA","200902","","E10000015","E58000666","E07000240","E05013966","E43000290","0","514436","0207193","1","E18000006","E40000007","E92000001","E12000006","5","E14001507","E15000006","E24000005","E30000237","E16000150","E07000240","26UGGR","E00120566","26UGGR","E65000001","E01023743","E02004937","5","6D2","E00120566","E01023743","E02004937","E33027458","E38000079","E63011552","C1","5A3",51.751751,-0.343616,"E37000048","","E23000027",30564,"E56000035","E54000025","E00120566","E01023743","E02004937"
"AL3 4EB","AL3  4EB","AL3 4EB","198001","","E10000015","E58000666","E07000240","E05013966","E43000290","0","514585","0207111","1","E18000006","E40000007","E92000001","E12000006","5","E14001507","E15000006","E24000005","E30000237","E16000150","E07000240","26UGGR","E00120568","26UGGR","E65000001","E01023743","E02004937","5","2B2","E00120568","E01023743","E02004937","E33024349","E38000079","E63011552","C1","5A3",51.750990,-0.341462,"E37000048","","E23000027",30564,"E56000035","E54000025","E00120568","E01023743","E02004937"
"AL3 4ED","AL3  4ED","AL3 4ED","198001","","E10000015","E58000666","E07000240","E05013966","E43000290","0","514659","0207102","1","E18000006","E40000007","E92000001","E12000006","5","E14001507","E15000006","E24000005","E30000237","E16000150","E07000240","26UGGR","E00120568","26UGGR","E65000001","E01023743","E02004937","5","2B2","E00120568","E01023743","E02004937","E33024349","E38000079","E63011552","C1","5A3",51.750894,-0.340393,"E37000048","","E23000027",30564,"E56000035","E54000025","E00120568","E01023743","E02004937"
"AL3 4EE","AL3  4EE","AL3 4EE","199507","199512","E10000015","E58000666","E07000240","E05013966","E43000290","1","514600","0207100","8","E18000006","E40000007","E92000001","E12000006","5","E14001507","E15000006","E24000005","E30000237","E16000150","E07000240","26UGGR","E00120568","26UGGR","E65000001","E01023743","E02004937","5","2B2","E00120568","E01023743","E02004937","E33024349","E38000079","E63011552","C1","5A3",51.750882,-0.341271,"E37000048","","E23000027",30564,"E56000035","E54000025","E00120568","E01023743","E02004937"
"AL3 4EF","AL3  4EF","AL3 4EF","198001","199405","E10000015","E58000666","E07000240","E05013966","E43000290","1","514600","0207100","8","E18000006","E40000007","E92000001","E12000006","5","E14001507","E15000006","E24000005","E30000237","E16000150","E07000240","26UGGR","E00120568","26UGGR","E65000001","E01023743","E02004937","5","2B2","E00120568","E01023743","E02004937","E33024349","E38000079","E63011552","C1","5A3",51.750882,-0.341271,"E37000048","","E23000027",30564,"E56000035","E54000025","E00120568","E01023743","E02004937"
"AL3 4EG","AL3  4EG","AL3 4EG","198001","199405","E10000015","E58000666","E07000240","E05013966","E43000290","1","514600","0207100","8","E18000006","E40000007","E92000001","E12000006","5","E14001507","E15000006","E24000005","E30000237","E16000150","E07000240","26UGGR","E00120568","26UGGR","E65000001","E01023743","E02004937","5","2B2","E00120568","E01023743","E02004937","E33024349","E38000079","E63011552","C1","5A3",51.750882,-0.341271,"E37000048","","E23000027",30564,"E56000035","E54000025","E00120568","E01023743","E02004937"
"AL3 4EH","AL3  4EH","AL3 4EH","198001","","E10000015","E58000666","E07000240","E05013966","E43000290","0","514616","0207122","1","E18000006","E40000007","E92000001","E12000006","5","E14001507","E15000006","E24000005","E30000237","E16000150","E07000240","26UGGR","E00120568","26UGGR","E65000001","E01023743","E02004937","5","2B2","E00120568","E01023743","E02004937","E33024349","E38000079","E63011552","C1","5A3",51.751076,-0.341033,"E37000048","","E23000027",30564,"E56000035","E54000025","E00120568","E01023743","E02004937"
"AL3 4EJ","AL3  4EJ","AL3 4EJ","200908","201604","E10000015","E58000666","E07000240","E05013966","E43000290","0","514345","0207179","1","E18000006","E40000007","E92000001","E12000006","5","E14001507","E15000006","E24000005","E30000237","E16000150","E07000240","26UGGR","E00120565","26UGGR","E65000001","E01023743","E02004937","5","6D1","E00120565","E01023743","E02004937","E33027457","E38000079","E63011552","C1","5A1",51.751644,-0.344938,"E37000048","","E23000027",30564,"E56000035","E54000025","E00120565","E01023743","E02004937"
"AL3 4EL","AL3  4EL","AL3 4EL","198001","","E10000015","E58000663","E07000240","E05013964","E43000290","0","514665","0207132","1","E18000006","E40000007","E92000001","E12000006","5","E14001507","E15000006","E24000005","E30000237","E16000150","E07000240","26UGGM","E00120481","26UGGM","E65000001","E01023727","E02004935","5","2B2","E00120481","E01023727","E02004935","E33024336","E38000079","E63011552","C1","2D1",51.751162,-0.340297,"E37000048","","E23000027",15120,"E56000035","E54000025","E00120481","E01023727","E02004935"
"AL3 4EN","AL3  4EN","AL3 4EN","198001","199112","E10000015","E58000666","E07000240","E05013966","E43000290","0","514600","0207100","8","E18000006","E40000007","E92000001","E12000006","5","E14001507","E15000006","E24000005","E30000237","E16000150","E07000240","26UGGR","E00120568","26UGGR","E65000001","E01023743","E02004937","5","2B2","E00120568","E01023743","E02004937","E33024349","E38000079","E63011552","C1","5A3",51.750882,-0.341271,"E37000048","","E23000027",30564,"E56000035","E54000025","E00120568","E01023743","E02004937"
"AL3 4EP","AL3  4EP","AL3 4EP","198001","","E10000015","E58000666","E07000240","E05013966","E43000290","0","514649","0207110","1","E18000006","E40000007","E92000001","E12000006","5","E14001507","E15000006","E24000005","E30000237","E16000150","E07000240","26UGGR","E00120568","26UGGR","E65000001","E01023743","E02004937","5","2B2","E00120568","E01023743","E02004937","E33024349","E38000079","E63011552","C1","5A3",51.750968,-0.340536,"E37000048","","E23000027",30564,"E56000035","E54000025","E00120568","E01023743","E02004937"
"AL3 4EQ","AL3  4EQ","AL3 4EQ","199208","200806","E10000015","E58000664","E07000240","E05013956","E43000290","1","517328","0206823","1","E18000006","E40000007","E92000001","E12000006","5","E14001507","E15000006","E24000005","E30000237","E16000150","E07000240","26UGFX","E00120196","26UGFX","E65000001","E01023667","E02004936","5","6D1","E00120196","E01023667","E02004936","E33027453","E38000079","E63011552","C1","5A2",51.747828,-0.301865,"E37000048","","E23000027",30628,"E56000035","E54000025","E00120196","E01023667","E02004936"
"AL3 4ER","AL3  4ER","AL3 4ER","198001","","E10000015","E58000666","E07000240","E05013966","E43000290","0","514540","0207155","1","E18000006","E40000007","E92000001","E12000006","5","E14001507","E15000006","E24000005","E30000237","E16000150","E07000240","26UGGR","E00120568","26UGGR","E65000001","E01023743","E02004937","5","2B2","E00120568","E01023743","E02004937","E33024349","E38000079","E63011552","C1","5A3",51.751394,-0.342099,"E37000048","","E23000027",30564,"E56000035","E54000025","E00120568","E01023743","E02004937"
"AL3 4ES","AL3  4ES","AL3 4ES","198001","","E10000015","E58000666","E07000240","E05013966","E43000290","0","514535","0207184","1","E18000006","E40000007","E92000001","E12000006","5","E14001507","E15000006","E24000005","E30000237","E16000150","E07000240","26UGGR","E00120567","26UGGR","E65000001","E01023745","E02004937","5","2B2","E00120567","E01023745","E02004937","E33024348","E38000079","E63011552","C1","5A3",51.751656,-0.342162,"E37000048","","E23000027",31256,"E56000035","E54000025","E00120567","E01023745","E02004937"
"AL3 4ET","AL3  4ET","AL3 4ET","198001","","E10000015","E58000666","E07000240","E05013966","E43000290","0","514445","0207192","1","E18000006","E40000007","E92000001","E12000006","5","E14001507","E15000006","E24000005","E30000237","E16000150","E07000240","26UGGR","E00120566","26UGGR","E65000001","E01023743","E02004937","5","6D2","E00120566","E01023743","E02004937","E33027458","E38000079","E63011552","C1","5A3",51.751740,-0.343486,"E37000048","","E23000027",30564,"E56000035","E54000025","E00120566","E01023743","E02004937"
"AL3 4EU","AL3  4EU","AL3 4EU","199208","199212","E10000015","E58000666","E07000240","E05013966","E43000290","1","514400","0207100","8","E18000006","E40000007","E92000001","E12000006","5","E14001507","E15000006","E24000005","E30000237","E16000150","E07000240","26UGGR","E00120566","26UGGR","E65000001","E01023743","E02004937","5","6D2","E00120566","E01023743","E02004937","E33027458","E38000079","E63011552","C1","5A3",51.750923,-0.344167,"E37000048","","E23000027",30564,"E56000035","E54000025","E00120566","E01023743","E02004937"
"AL3 4EW","AL3  4EW","AL3 4EW","198001","","E10000015","E58000666","E07000240","E05013966","E43000290","0","514649","0207082","1","E18000006","E40000007","E92000001","E12000006","5","E14001507","E15000006","E24000005","E30000237","E16000150","E07000240","26UGGR","E00120568","26UGGR","E65000001","E01023743","E02004937","5","2B2","E00120568","E01023743","E02004937","E33024349","E38000079","E63011552","C1","5A3",51.750710,-0.340568,"E37000048","","E23000027",30564,"E56000035","E54000025","E00120568","E01023743","E02004937"
"AL3 4EX","AL3  4EX","AL3 4EX","198001","200707","E10000015","E58000666","E07000240","E05013966","E43000290","1","514442","0207195","1","E18000006","E40000007","E92000001","E12000006","5","E14001507","E15000006","E24000005","E30000237","E16000150","E07000240","26UGGR","E00120566","26UGGR","E65000001","E01023743","E02004937","5","6D2","E00120566","E01023743","E02004937","E33027458","E38000079","E63011552","C1","5A3",51.751768,-0.343528,"E37000048","","E23000027",30564,"E56000035","E54000025","E00120566","E01023743","E02004937"
"AL3 4EY","AL3  4EY","AL3 4EY","198001","199405","E10000015","E58000666","E07000240","E05013966","E43000290","1","514400","0207200","8","E18000006","E40000007","E92000001","E12000006","5","E14001507","E15000006","E24000005","E30000237","E16000150","E07000240","26UGGR","E00120566","26UGGR","E65000001","E01023743","E02004937","5","6D2","E00120566","E01023743","E02004937","E33027458","E38000079","E63011552","C1","5A3",51.751821,-0.344135,"E37000048","","E23000027",30564,"E56000035","E54000025","E00120566","E01023743","E02004937"
"AL3 4EZ","AL3  4EZ","AL3 4EZ","198001","","E10000015","E58000666","E07000240","E05013966","E43000290","0","514474","0207140","1","E18000006","E40000007","E92000001","E12000006","5","E14001507","E15000006","E24000005","E30000237","E16000150","E07000240","26UGGR","E00120566","26UGGR","E65000001","E01023743","E02004937","5","6D2","E00120566","E01023743","E02004937","E33027458","E38000079","E63011552","C1","5A3",51.751267,-0.343083,"E37000048","","E23000027",30564,"E56000035","E54000025","E00120566","E01023743","E02004937"
"AL3 4FB","AL3  4FB","AL3 4FB","202308","","E10000015","E58000666","E07000240","E05013966","E43000290","0","513653","0205647","1","E18000006","E40000007","E92000001","E12000006","5","E14001507","E15000006","E24000005","E30000237","E16000150","E07000240","26UGGR","E00120579","26UGGR","E65000001","E01023744","E02004937","5","4B3","E00120579","E01023744","E02004937","E33027459","E38000079","E63011552","C1","6A1",51.738021,-0.355435,"E37000048","","E23000027",31807,"E56000035","E54000025","E00120579","E01023744","E02004937"
"AL3 4FD","AL3  4FD","AL3 4FD","201110","","E10000015","E58000666","E07000240","E05013966","E43000290","0","513720","0205913","1","E18000006","E40000007","E92000001","E12000006","5","E14001507","E15000006","E24000005","E30000237","E16000150","E07000240","26UGGR","E00120579","26UGGR","E65000001","E01023744","E02004937","5","4B3","E00120579","E01023744","E02004937","E33027459","E38000079","E63011552","C1","6A1",51.740393,-0.354401,"E37000048","","E23000027",31807,"E56000035","E54000025","E00120579","E01023744","E02004937"
"AL3 4FY","AL3  4FY","AL3 4FY","199906","200211","E10000015","E58000664","E07000240","E05013956","E43000290","1","517328","0206823","1","E18000006","E40000007","E92000001","E12000006","5","E14001507","E15000006","E24000005","E30000237","E16000150","E07000240","26UGFX","E00120196","26UGFX","E65000001","E01023667","E02004936","5","6D1","E00120196","E01023667","E02004936","E33027453","E38000079","E63011552","C1","5A2",51.747828,-0.301865,"E37000048","","E23000027",30628,"E56000035","E54000025","E00120196","E01023667","E02004936"
"AL3 4GA","AL3  4GA","AL3 4GA","199612","200006","E10000015","E58000666","E07000240","E05013966","E43000290","1","513699","0206550","6","E18000006","E40000007","E92000001","E12000006","5","E14001507","E15000006","E24000005","E30000237","E16000150","E07000240","26UGGR","E00120563","26UGGR","E65000001","E01023743","E02004937","5","2B1","E00120563","E01023743","E02004937","E33027457","E38000079","E63011552","C1","5B1",51.746122,-0.354497,"E37000048","","E23000027",30564,"E56000035","E54000025","E00120563","E01023743","E02004937"
"AL3 4GB","AL3  4GB","AL3 4GB","201206","","E10000015","E58000666","E07000240","E05013966","E43000290","0","513568","0206209","1","E18000006","E40000007","E92000001","E12000006","5","E14001507","E15000006","E24000005","E30000237","E16000150","E07000240","26UGGR","E00120572","26UGGR","E65000001","E01023742","E02004937","5","4B3","E00120572","E01023742","E02004937","E33027459","E38000079","E63011552","C1","6A3",51.743084,-0.356505,"E37000048","","E23000027",29470,"E56000035","E54000025","E00189366","E01023742","E02004937"
"AL3 4GD","AL3  4GD","AL3 4GD","201205","","E10000015","E58000666","E07000240","E05013966","E43000290","0","513557","0206330","1","E18000006","E40000007","E92000001","E12000006","5","E14001507","E15000006","E24000005","E30000237","E16000150","E07000240","26UGGR","E00120573","26UGGR","E65000001","E01023743","E02004937","5","4B3","E00120573","E01023743","E02004937","E33027459","E38000079","E63011552","C1","6A4",51.744174,-0.356625,"E37000048","","E23000027",30564,"E56000035","E54000025","E00189386","E01023743","E02004937"
"AL3 4GE","AL3  4GE","AL3 4GE","201211","","E10000015","E58000666","E07000240","E05013966","E43000290","0","513461","0206104","1","E18000006","E40000007","E92000001","E12000006","5","E14001507","E15000006","E24000005","E30000237","E16000150","E07000240","26UGGR","E00120572","26UGGR","E65000001","E01023742","E02004937","5","4B3","E00120572","E01023742","E02004937","E33027459","E38000079","E63011552","C1","6A3",51.742168,-0.358066,"E37000048","","E23000027",29470,"E56000035","E54000025","E00189366","E01023742","E02004937"
"AL3 4GF","AL3  4GF","AL3 4GF","201307","","E10000015","E58000666","E07000240","E05013966","E43000290","0","513386","0206195","1","E18000006","E40000007","E92000001","E12000006","5","E14001507","E15000006","E24000005","E30000237","E16000150","E07000240","26UGGR","E00120572","26UGGR","E65000001","E01023742","E02004937","5","4B3","E00120572","E01023742","E02004937","E33027459","E38000079","E63011552","C1","6A3",51.742995,-0.359145,"E37000048","","E23000027",29470,"E56000035","E54000025","E00189366","E01023742","E02004937"
"AL3 4GG","AL3  4GG","AL3 4GG","201303","","E10000015","E58000666","E07000240","E05013966","E43000290","0","513523","0206381","1","E18000006","E40000007","E92000001","E12000006","5","E14001507","E15000006","E24000005","E30000237","E16000150","E07000240","26UGGR","E00120573","26UGGR","E65000001","E01023743","E02004937","5","4B3","E00120573","E01023743","E02004937","E33027459","E38000079","E63011552","C1","6A4",51.744639,-0.357101,"E37000048","","E23000027",30564,"E56000035","E54000025","E00189386","E01023743","E02004937"
"AL3 4GH","AL3  4GH","AL3 4GH","201307","","E10000015","E58000666","E07000240","E05013966","E43000290","0","513542","0206254","1","E18000006","E40000007","E92000001","E12000006","5","E14001507","E15000006","E24000005","E30000237","E16000150","E07000240","26UGGR","E00120572","26UGGR","E65000001","E01023742","E02004937","5","4B3","E00120572","E01023742","E02004937","E33027459","E38000079","E63011552","C1","6A3",51.743494,-0.356867,"E37000048","","E23000027",29470,"E56000035","E54000025","E00189366","E01023742","E02004937"
"AL3 4GJ","AL3  4GJ","AL3 4GJ","201206","","E10000015","E58000666","E07000240","E05013966","E43000290","0","513512","0206275","1","E18000006","E40000007","E92000001","E12000006","5","E14001507","E15000006","E24000005","E30000237","E16000150","E07000240","26UGGR","E00120572","26UGGR","E65000001","E01023742","E02004937","5","4B3","E00120572","E01023742","E02004937","E33027459","E38000079","E63011552","C1","6A3",51.743689,-0.357295,"E37000048","","E23000027",29470,"E56000035","E54000025","E00189366","E01023742","E02004937"
"AL3 4GL","AL3  4GL","AL3 4GL","201304","","E10000015","E58000666","E07000240","E05013966","E43000290","0","513475","0206241","1","E18000006","E40000007","E92000001","E12000006","5","E14001507","E15000006","E24000005","E30000237","E16000150","E07000240","26UGGR","E00120572","26UGGR","E65000001","E01023742","E02004937","5","4B3","E00120572","E01023742","E02004937","E33027459","E38000079","E63011552","C1","6A3",51.743391,-0.357841,"E37000048","","E23000027",29470,"E56000035","E54000025","E00189366","E01023742","E02004937"
"AL3 4GN","AL3  4GN","AL3 4GN","201304","","E10000015","E58000666","E07000240","E05013966","E43000290","0","513486","0206253","1","E18000006","E40000007","E92000001","E12000006","5","E14001507","E15000006","E24000005","E30000237","E16000150","E07000240","26UGGR","E00120572","26UGGR","E65000001","E01023742","E02004937","5","4B3","E00120572","E01023742","E02004937","E33027459","E38000079","E63011552","C1","6A3",51.743496,-0.357678,"E37000048","","E23000027",29470,"E56000035","E54000025","E00189366","E01023742","E02004937"
"AL3 4HA","AL3  4HA","AL3 4HA","198001","","E10000015","E58000666","E07000240","E05013966","E43000290","0","514315","0206977","1","E18000006","E40000007","E92000001","E12000006","5","E14001507","E15000006","E24000005","E30000237","E16000150","E07000240","26UGGR","E00120568","26UGGR","E65000001","E01023743","E02004937","5","2B2","E00120568","E01023743","E02004937","E33024349","E38000079","E63011552","C1","5A3",51.749835,-0.345439,"E37000048","","E23000027",30564,"E56000035","E54000025","E00120568","E01023743","E02004937"
"AL3 4HB","AL3  4HB","AL3 4HB","198001","","E10000015","E58000666","E07000240","E05013966","E43000290","1","514311","0207107","1","E18000006","E40000007","E92000001","E12000006","5","E14001507","E15000006","E24000005","E30000237","E16000150","E07000240","26UGGR","E00120568","26UGGR","E65000001","E01023743","E02004937","5","2B2","E00120568","E01023743","E02004937","E33024349","E38000079","E63011552","C1","5A3",51.751004,-0.345454,"E37000048","","E23000027",30564,"E56000035","E54000025","E00120568","E01023743","E02004937"
"AL3 4HD","AL3  4HD","AL3 4HD","198001","","E10000015","E58000666","E07000240","E05013966","E43000290","1","514348","0207069","1","E18000006","E40000007","E92000001","E12000006","5","E14001507","E15000006","E24000005","E30000237","E16000150","E07000240","26UGGR","E00120568","26UGGR","E65000001","E01023743","E02004937","5","2B2","E00120568","E01023743","E02004937","E33024349","E38000079","E63011552","C1","5A3",51.750655,-0.344931,"E37000048","","E23000027",30564,"E56000035","E54000025","E00120568","E01023743","E02004937"
"AL3 4HE","AL3  4HE","AL3 4HE","198001","","E10000015","E58000666","E07000240","E05013966","E43000290","0","514231","0206953","1","E18000006","E40000007","E92000001","E12000006","5","E14001507","E15000006","E24000005","E30000237","E16000150","E07000240","26UGGR","E00120568","26UGGR","E65000001","E01023743","E02004937","5","2B2","E00120568","E01023743","E02004937","E33024349","E38000079","E63011552","C1","5A3",51.749636,-0.346663,"E37000048","","E23000027",30564,"E56000035","E54000025","E00120568","E01023743","E02004937"
"AL3 4HF","AL3  4HF","AL3 4HF","199208","199501","E10000015","E58000666","E07000240","E05013966","E43000290","1","514200","0207000","8","E18000006","E40000007","E92000001","E12000006","5","E14001507","E15000006","E24000005","E30000237","E16000150","E07000240","26UGGR","E00120568","26UGGR","E65000001","E01023743","E02004937","5","2B2","E00120568","E01023743","E02004937","E33024349","E38000079","E63011552","C1","5A3",51.750065,-0.347096,"E37000048","","E23000027",30564,"E56000035","E54000025","E00120568","E01023743","E02004937"
"AL3 4HG","AL3  4HG","AL3 4HG","198001","","E10000015","E58000666","E07000240","E05013966","E43000290","0","514157","0206834","1","E18000006","E40000007","E92000001","E12000006","5","E14001507","E15000006","E24000005","E30000237","E16000150","E07000240","26UGGR","E00120563","26UGGR","E65000001","E01023743","E02004937","5","2B1","E00120563","E01023743","E02004937","E33027457","E38000079","E63011552","C1","5B1",51.748587,-0.347750,"E37000048","","E23000027",30564,"E56000035","E54000025","E00120563","E01023743","E02004937"
"AL3 4HH","AL3  4HH","AL3 4HH","198106","","E10000015","E58000666","E07000240","E05013966","E43000290","0","514445","0207215","1","E18000006","E40000007","E92000001","E12000006","5","E14001507","E15000006","E24000005","E30000237","E16000150","E07000240","26UGGR","E00120566","26UGGR","E65000001","E01023743","E02004937","5","6D2","E00120566","E01023743","E02004937","E33027458","E38000079","E63011552","C1","5A3",51.751947,-0.343478,"E37000048","","E23000027",30564,"E56000035","E54000025","E00120566","E01023743","E02004937"
"AL3 4HJ","AL3  4HJ","AL3 4HJ","198001","","E10000015","E58000666","E07000240","E05013966","E43000290","0","514211","0206837","1","E18000006","E40000007","E92000001","E12000006","5","E14001507","E15000006","E24000005","E30000237","E16000150","E07000240","26UGGR","E00120563","26UGGR","E65000001","E01023743","E02004937","5","2B1","E00120563","E01023743","E02004937","E33027457","E38000079","E63011552","C1","5B1",51.748603,-0.346967,"E37000048","","E23000027",30564,"E56000035","E54000025","E00120563","E01023743","E02004937"
"AL3 4HL","AL3  4HL","AL3 4HL","198001","","E10000015","E58000666","E07000240","E05013966","E43000290","0","514348","0206962","1","E18000006","E40000007","E92000001","E12000006","5","E14001507","E15000006","E24000005","E30000237","E16000150","E07000240","26UGGR","E00120568","26UGGR","E65000001","E01023743","E02004937","5","2B2","E00120568","E01023743","E02004937","E33024349","E38000079","E63011552","C1","5A3",51.749693,-0.344966,"E37000048","","E23000027",30564,"E56000035","E54000025","E00120568","E01023743","E02004937"
"AL3 4HN","AL3  4HN","AL3 4HN","198001","","E10000015","E58000666","E07000240","E05013966","E43000290","0","514263","0206824","1","E18000006","E40000007","E92000001","E12000006","5","E14001507","E15000006","E24000005","E30000237","E16000150","E07000240","26UGGR","E00120563","26UGGR","E65000001","E01023743","E02004937","5","2B1","E00120563","E01023743","E02004937","E33027457","E38000079","E63011552","C1","5B1",51.748476,-0.346219,"E37000048","","E23000027",30564,"E56000035","E54000025","E00120563","E01023743","E02004937"
"AL3 4HP","AL3  4HP","AL3 4HP","198001","199405","E10000015","E58000666","E07000240","E05013966","E43000290","1","514100","0206800","8","E18000006","E40000007","E92000001","E12000006","5","E14001507","E15000006","E24000005","E30000237","E16000150","E07000240","26UGGR","E00120563","26UGGR","E65000001","E01023743","E02004937","5","2B1","E00120563","E01023743","E02004937","E33027457","E38000079","","C1","5B1",51.748288,-0.348610,"E37000048","","E23000027",30564,"E56000035","E54000025","E00120563","E01023743","E02004937"
"AL3 4HQ","AL3  4HQ","AL3 4HQ","198504","199212","E10000015","E58000666","E07000240","E05013966","E43000290","1","514200","0207000","8","E18000006","E40000007","E92000001","E12000006","5","E14001507","E15000006","E24000005","E30000237","E16000150","E07000240","26UGGR","E00120568","26UGGR","E65000001","E01023743","E02004937","5","2B2","E00120568","E01023743","E02004937","E33024349","E38000079","E63011552","C1","5A3",51.750065,-0.347096,"E37000048","","E23000027",30564,"E56000035","E54000025","E00120568","E01023743","E02004937"
"AL3 4HR","AL3  4HR","AL3 4HR","198001","","E10000015","E58000664","E07000240","E05013956","E43000290","1","517321","0206803","1","E18000006","E40000007","E92000001","E12000006","5","E14001507","E15000006","E24000005","E30000237","E16000150","E07000240","26UGFX","E00120196","26UGFX","E65000001","E01023667","E02004936","5","6D1","E00120196","E01023667","E02004936","E33027453","E38000079","E63011552","C1","5A2",51.747650,-0.301973,"E37000048","","E23000027",30628,"E56000035","E54000025","E00120196","E01023667","E02004936"
"AL3 4HS","AL3  4HS","AL3 4HS","198106","198812","E10000015","E58000666","E07000240","E05013966","E43000290","1","514600","0207100","8","E18000006","E40000007","E92000001","E12000006","5","E14001507","E15000006","E24000005","E30000237","E16000150","E07000240","26UGGR","E00120568","26UGGR","E65000001","E01023743","E02004937","5","2B2","E00120568","E01023743","E02004937","E33024349","E38000079","E63011552","C1","5A3",51.750882,-0.341271,"E37000048","","E23000027",30564,"E56000035","E54000025","E00120568","E01023743","E02004937"
"AL3 4HT","AL3  4HT","AL3 4HT","200408","200605","E10000015","E58000664","E07000240","E05013956","E43000290","1","517328","0206823","1","E18000006","E40000007","E92000001","E12000006","5","E14001507","E15000006","E24000005","E30000237","E16000150","E07000240","26UGFX","E00120196","26UGFX","E65000001","E01023667","E02004936","5","6D1","E00120196","E01023667","E02004936","E33027453","E38000079","E63011552","C1","5A2",51.747828,-0.301865,"E37000048","","E23000027",30628,"E56000035","E54000025","E00120196","E01023667","E02004936"
"AL3 4HW","AL3  4HW","AL3 4HW","199201","","E10000015","E58000666","E07000240","E05013966","E43000290","0","513835","0205702","1","E18000006","E40000007","E92000001","E12000006","5","E14001507","E15000006","E24000005","E30000237","E16000150","E07000240","26UGGR","E00120579","26UGGR","E65000001","E01023744","E02004937","5","4B3","E00120579","E01023744","E02004937","E33027459","E38000079","E63011552","C1","6A1",51.738479,-0.352783,"E37000048","","E23000027",31807,"E56000035","E54000025","E00120579","E01023744","E02004937"
"AL3 4HX","AL3  4HX","AL3 4HX","198001","","E10000015","E58000666","E07000240","E05013966","E43000290","0","513508","0206438","1","E18000006","E40000007","E92000001","E12000006","5","E14001507","E15000006","E24000005","E30000237","E16000150","E07000240","26UGGR","E00120573","26UGGR","E65000001","E01023743","E02004937","5","4B3","E00120573","E01023743","E02004937","E33027459","E38000079","E63011552","C1","6A4",51.745154,-0.357299,"E37000048","","E23000027",30564,"E56000035","E54000025","E00189386","E01023743","E02004937"
"AL3 4HY","AL3  4HY","AL3 4HY","198001","","E10000015","E58000666","E07000240","E05013966","E43000290","0","513445","0206422","1","E18000006","E40000007","E92000001","E12000006","5","E14001507","E15000006","E24000005","E30000237","E16000150","E07000240","26UGGR","E00120572","26UGGR","E65000001","E01023742","E02004937","5","4B3","E00120572","E01023742","E02004937","E33027459","E38000079","E63011552","C1","6A3",51.745023,-0.358217,"E37000048","","E23000027",29470,"E56000035","E54000025","E00189358","E01023742","E02004937"
"AL3 4HZ","AL3  4HZ","AL3 4HZ","198001","","E10000015","E58000666","E07000240","E05013966","E43000290","0","513376","0206475","1","E18000006","E40000007","E92000001","E12000006","5","E14001507","E15000006","E24000005","E30000237","E16000150","E07000240","26UGGR","E00120572","26UGGR","E65000001","E01023742","E02004937","5","4B3","E00120572","E01023742","E02004937","E33027459","E38000079","E63011552","C1","6A3",51.745514,-0.359198,"E37000048","","E23000027",29470,"E56000035","E54000025","E00189358","E01023742","E02004937"
"AL3 4JA","AL3  4JA","AL3 4JA","198001","","E10000015","E58000666","E07000240","E05013966","E43000290","0","513189","0206645","1","E18000006","E40000007","E92000001","E12000006","5","E14001507","E15000006","E24000005","E30000237","E16000150","E07000240","26UGGR","E00120569","26UGGR","E65000001","E01023742","E02004937","5","4B3","E00120569","E01023742","E02004937","E33027460","E38000079","E63011552","C1","6A1",51.747079,-0.361851,"E37000048","","E23000027",29470,"E56000035","E54000025","E00120569","E01023742","E02004937"
"AL3 4JB","AL3  4JB","AL3 4JB","198001","","E10000015","E58000666","E07000240","E05013966","E43000290","0","513232","0206650","1","E18000006","E40000007","E92000001","E12000006","5","E14001507","E15000006","E24000005","E30000237","E16000150","E07000240","26UGGR","E00120569","26UGGR","E65000001","E01023742","E02004937","5","4B3","E00120569","E01023742","E02004937","E33027460","E38000079","E63011552","C1","6A1",51.747115,-0.361226,"E37000048","","E23000027",29470,"E56000035","E54000025","E00120569","E01023742","E02004937"
"AL3 4JD","AL3  4JD","AL3 4JD","198001","","E10000015","E58000666","E07000240","E05013966","E43000290","0","513174","0206588","1","E18000006","E40000007","E92000001","E12000006","5","E14001507","E15000006","E24000005","E30000237","E16000150","E07000240","26UGGR","E00120571","26UGGR","E65000001","E01023742","E02004937","5","6B2","E00120571","E01023742","E02004937","E33027460","E38000079","E63011552","C1","5B2",51.746570,-0.362086,"E37000048","","E23000027",29470,"E56000035","E54000025","E00120571","E01023742","E02004937"
"AL3 4JE","AL3  4JE","AL3 4JE","198001","","E10000015","E58000666","E07000240","E05013966","E43000290","0","513157","0206552","1","E18000006","E40000007","E92000001","E12000006","5","E14001507","E15000006","E24000005","E30000237","E16000150","E07000240","26UGGR","E00120571","26UGGR","E65000001","E01023742","E02004937","5","6B2","E00120571","E01023742","E02004937","E33027460","E38000079","E63011552","C1","5B2",51.746250,-0.362344,"E37000048","","E23000027",29470,"E56000035","E54000025","E00120571","E01023742","E02004937"
"AL3 4JF","AL3  4JF","AL3 4JF","198001","","E10000015","E58000666","E07000240","E05013966","E43000290","0","513180","0206484","1","E18000006","E40000007","E92000001","E12000006","5","E14001507","E15000006","E24000005","E30000237","E16000150","E07000240","26UGGR","E00120571","26UGGR","E65000001","E01023742","E02004937","5","6B2","E00120571","E01023742","E02004937","E33027460","E38000079","E63011552","C1","5B2",51.745634,-0.362033,"E37000048","","E23000027",29470,"E56000035","E54000025","E00120571","E01023742","E02004937"
"AL3 4JG","AL3  4JG","AL3 4JG","198001","","E10000015","E58000666","E07000240","E05013966","E43000290","0","513195","0206417","1","E18000006","E40000007","E92000001","E12000006","5","E14001507","E15000006","E24000005","E30000237","E16000150","E07000240","26UGGR","E00120571","26UGGR","E65000001","E01023742","E02004937","5","6B2","E00120571","E01023742","E02004937","E33027460","E38000079","E63011552","C1","5B2",51.745029,-0.361838,"E37000048","","E23000027",29470,"E56000035","E54000025","E00120571","E01023742","E02004937"
"AL3 4JH","AL3  4JH","AL3 4JH","198001","","E10000015","E58000666","E07000240","E05013966","E43000290","0","513036","0206484","1","E18000006","E40000007","E92000001","E12000006","5","E14001507","E15000006","E24000005","E30000237","E16000150","E07000240","26UGGR","E00120569","26UGGR","E65000001","E01023742","E02004937","5","4B3","E00120569","E01023742","E02004937","E33027460","E38000079","E63011552","C1","6A1",51.745663,-0.364118,"E37000048","","E23000027",29470,"E56000035","E54000025","E00120569","E01023742","E02004937"
"AL3 4JJ","AL3  4JJ","AL3 4JJ","198001","","E10000015","E58000666","E07000240","E05013966","E43000290","0","513050","0206396","1","E18000006","E40000007","E92000001","E12000006","5","E14001507","E15000006","E24000005","E30000237","E16000150","E07000240","26UGGR","E00120574","26UGGR","E65000001","E01023742","E02004937","5","4B3","E00120574","E01023742","E02004937","E33027460","E38000079","E63011552","C1","6A1",51.744875,-0.363921,"E37000048","","E23000027",29470,"E56000035","E54000025","E00120574","E01023742","E02004937"
"AL3 4JL","AL3  4JL","AL3 4JL","198001","","E10000015","E58000666","E07000240","E05013966","E43000290","0","512907","0206363","1","E18000006","E40000007","E92000001","E12000006","5","E14001507","E15000006","E24000005","E30000237","E16000150","E07000240","26UGGR","E00120574","26UGGR","E65000001","E01023742","E02004937","5","4B3","E00120574","E01023742","E02004937","E33027460","E38000079","E63011552","C1","6A1",51.744602,-0.366025,"E37000048","","E23000027",29470,"E56000035","E54000025","E00120574","E01023742","E02004937"
"AL3 4JN","AL3  4JN","AL3 4JN","198001","","E10000015","E58000666","E07000240","E05013966","E43000290","0","512881","0206334","1","E18000006","E40000007","E92000001","E12000006","5","E14001507","E15000006","E24000005","E30000237","E16000150","E07000240","26UGGR","E00120569","26UGGR","E65000001","E01023742","E02004937","5","4B3","E00120569","E01023742","E02004937","E33027460","E38000079","E63011552","C1","6A1",51.744346,-0.366411,"E37000048","","E23000027",29470,"E56000035","E54000025","E00120569","E01023742","E02004937"
"AL3 4JP","AL3  4JP","AL3 4JP","198001","","E10000015","E58000666","E07000240","E05013966","E43000290","0","513068","0206234","1","E18000006","E40000007","E92000001","E12000006","5","E14001507","E15000006","E24000005","E30000237","E16000150","E07000240","26UGGR","E00120576","26UGGR","E65000001","E01023742","E02004937","5","4A2","E00120576","E01023742","E02004937","E33027459","E38000079","E63011552","C1","6B2",51.743410,-0.363736,"E37000048","","E23000027",29470,"E56000035","E54000025","E00120576","E01023742","E02004937"
"AL3 4JQ","AL3  4JQ","AL3 4JQ","198001","","E10000015","E58000666","E07000240","E05013966","E43000290","0","513099","0206478","1","E18000006","E40000007","E92000001","E12000006","5","E14001507","E15000006","E24000005","E30000237","E16000150","E07000240","26UGGR","E00120569","26UGGR","E65000001","E01023742","E02004937","5","4B3","E00120569","E01023742","E02004937","E33027460","E38000079","E63011552","C1","6A1",51.745596,-0.363208,"E37000048","","E23000027",29470,"E56000035","E54000025","E00120569","E01023742","E02004937"
"AL3 4JR","AL3  4JR","AL3 4JR","198001","","E10000015","E58000666","E07000240","E05013966","E43000290","0","513149","0206322","1","E18000006","E40000007","E92000001","E12000006","5","E14001507","E15000006","E24000005","E30000237","E16000150","E07000240","26UGGR","E00120576","26UGGR","E65000001","E01023742","E02004937","5","4A2","E00120576","E01023742","E02004937","E33027459","E38000079","E63011552","C1","6B2",51.744184,-0.362535,"E37000048","","E23000027",29470,"E56000035","E54000025","E00120576","E01023742","E02004937"
"AL3 4JS","AL3  4JS","AL3 4JS","198001","","E10000015","E58000666","E07000240","E05013966","E43000290","0","513264","0206407","1","E18000006","E40000007","E92000001","E12000006","5","E14001507","E15000006","E24000005","E30000237","E16000150","E07000240","26UGGR","E00120572","26UGGR","E65000001","E01023742","E02004937","5","4B3","E00120572","E01023742","E02004937","E33027459","E38000079","E63011552","C1","6A3",51.744925,-0.360842,"E37000048","","E23000027",29470,"E56000035","E54000025","E00189358","E01023742","E02004937"
"AL3 4JT","AL3  4JT","AL3 4JT","198001","","E10000015","E58000666","E07000240","E05013966","E43000290","0","513304","0206349","1","E18000006","E40000007","E92000001","E12000006","5","E14001507","E15000006","E24000005","E30000237","E16000150","E07000240","26UGGR","E00120572","26UGGR","E65000001","E01023742","E02004937","5","4B3","E00120572","E01023742","E02004937","E33027459","E38000079","E63011552","C1","6A3",51.744396,-0.360282,"E37000048","","E23000027",29470,"E56000035","E54000025","E00189358","E01023742","E02004937"
"AL3 4JU","AL3  4JU","AL3 4JU","198001","","E10000015","E58000666","E07000240","E05013966","E43000290","0","513354","0206294","1","E18000006","E40000007","E92000001","E12000006","5","E14001507","E15000006","E24000005","E30000237","E16000150","E07000240","26UGGR","E00120572","26UGGR","E65000001","E01023742","E02004937","5","4B3","E00120572","E01023742","E02004937","E33027459","E38000079","E63011552","C1","6A3",51.743891,-0.359576,"E37000048","","E23000027",29470,"E56000035","E54000025","E00189358","E01023742","E02004937"
"AL3 4JW","AL3  4JW","AL3 4JW","198001","","E10000015","E58000666","E07000240","E05013966","E43000290","0","512850","0206277","1","E18000006","E40000007","E92000001","E12000006","5","E14001507","E15000006","E24000005","E30000237","E16000150","E07000240","26UGGR","E00120574","26UGGR","E65000001","E01023742","E02004937","5","4B3","E00120574","E01023742","E02004937","E33027460","E38000079","E63011552","C1","6A1",51.743840,-0.366878,"E37000048","","E23000027",29470,"E56000035","E54000025","E00120574","E01023742","E02004937"
"AL3 4JX","AL3  4JX","AL3 4JX","198001","","E10000015","E58000666","E07000240","E05013966","E43000290","0","512932","0206257","1","E18000006","E40000007","E92000001","E12000006","5","E14001507","E15000006","E24000005","E30000237","E16000150","E07000240","26UGGR","E00120574","26UGGR","E65000001","E01023742","E02004937","5","4B3","E00120574","E01023742","E02004937","E33027460","E38000079","E63011552","C1","6A1",51.743644,-0.365697,"E37000048","","E23000027",29470,"E56000035","E54000025","E00120574","E01023742","E02004937"
"AL3 4JY","AL3  4JY","AL3 4JY","198001","","E10000015","E58000666","E07000240","E05013966","E43000290","0","513041","0206280","1","E18000006","E40000007","E92000001","E12000006","5","E14001507","E15000006","E24000005","E30000237","E16000150","E07000240","26UGGR","E00120574","26UGGR","E65000001","E01023742","E02004937","5","4B3","E00120574","E01023742","E02004937","E33027460","E38000079","E63011552","C1","6A1",51.743829,-0.364112,"E37000048","","E23000027",29470,"E56000035","E54000025","E00120574","E01023742","E02004937"
"AL3 4JZ","AL3  4JZ","AL3 4JZ","198001","","E10000015","E58000666","E07000240","E05013966","E43000290","0","513283","0206575","1","E18000006","E40000007","E92000001","E12000006","5","E14001507","E15000006","E24000005","E30000237","E16000150","E07000240","26UGGR","E00120571","26UGGR","E65000001","E01023742","E02004937","5","6B2","E00120571","E01023742","E02004937","E33027460","E38000079","E63011552","C1","5B2",51.746431,-0.360512,"E37000048","","E23000027",29470,"E56000035","E54000025","E00120571","E01023742","E02004937"
"AL3 4LA","AL3  4LA","AL3 4LA","198001","","E10000015","E58000666","E07000240","E05013966","E43000290","0","513268","0206535","1","E18000006","E40000007","E92000001","E12000006","5","E14001507","E15000006","E24000005","E30000237","E16000150","E07000240","26UGGR","E00120571","26UGGR","E65000001","E01023742","E02004937","5","6B2","E00120571","E01023742","E02004937","E33027460","E38000079","E63011552","C1","5B2",51.746081,-0.360720,"E37000048","","E23000027",29470,"E56000035","E54000025","E00120571","E01023742","E02004937"
"AL3 4LB","AL3  4LB","AL3 4LB","198001","199405","E10000015","E58000666","E07000240","E05013966","E43000290","1","513600","0206300","8","E18000006","E40000007","E92000001","E12000006","5","E14001507","E15000006","E24000005","E30000237","E16000150","E07000240","26UGGR","E00120573","26UGGR","E65000001","E01023743","E02004937","5","4B3","E00120573","E01023743","E02004937","E33027459","E38000079","E63011552","C1","6A4",51.743895,-0.356012,"E37000048","","E23000027",30564,"E56000035","E54000025","E00189386","E01023743","E02004937"
"AL3 4LD","AL3  4LD","AL3 4LD","198710","","E10000015","E58000666","E07000240","E05013966","E43000290","0","514037","0206189","1","E18000006","E40000007","E92000001","E12000006","5","E14001507","E15000006","E24000005","E30000237","E16000150","E07000240","26UGGR","E00120575","26UGGR","E65000001","E01023743","E02004937","5","4D2","E00120575","E01023743","E02004937","E33027456","E38000079","E63011552","C1","5B1",51.742809,-0.349722,"E37000048","","E23000027",30564,"E56000035","E54000025","E00120575","E01023743","E02004937"
"AL3 4LE","AL3  4LE","AL3 4LE","199308","199912","E10000015","E58000666","E07000240","E05013966","E43000290","1","513699","0206550","6","E18000006","E40000007","E92000001","E12000006","5","E14001507","E15000006","E24000005","E30000237","E16000150","E07000240","26UGGR","E00120563","26UGGR","E65000001","E01023743","E02004937","5","2B1","E00120563","E01023743","E02004937","E33027457","E38000079","E63011552","C1","5B1",51.746122,-0.354497,"E37000048","","E23000027",30564,"E56000035","E54000025","E00120563","E01023743","E02004937"
"AL3 4LG","AL3  4LG","AL3 4LG","199405","199507","E10000015","E58000666","E07000240","E05013966","E43000290","1","514000","0206100","8","E18000006","E40000007","E92000001","E12000006","5","E14001507","E15000006","E24000005","E30000237","E16000150","E07000240","26UGGR","E00120575","26UGGR","E65000001","E01023743","E02004937","5","4D2","E00120575","E01023743","E02004937","E33027456","E38000079","E63011552","C1","5B1",51.742017,-0.350287,"E37000048","","E23000027",30564,"E56000035","E54000025","E00120575","E01023743","E02004937"
"AL3 4LP","AL3  4LP","AL3 4LP","198001","","E10000015","E58000666","E07000240","E05013966","E43000290","0","513520","0205823","1","E18000006","E40000007","E92000001","E12000006","5","E14001507","E15000006","E24000005","E30000237","E16000150","E07000240","26UGGR","E00120577","26UGGR","E65000001","E01023744","E02004937","5","4B3","E00120577","E01023744","E02004937","E33027459","E38000079","E63011552","C1","6A3",51.739625,-0.357326,"E37000048","","E23000027",31807,"E56000035","E54000025","E00120577","E01023744","E02004937"
"AL3 4LR","AL3  4LR","AL3 4LR","198001","","E10000015","E58000666","E07000240","E05013966","E43000290","0","513481","0205802","1","E18000006","E40000007","E92000001","E12000006","5","E14001507","E15000006","E24000005","E30000237","E16000150","E07000240","26UGGR","E00120577","26UGGR","E65000001","E01023744","E02004937","5","4B3","E00120577","E01023744","E02004937","E33027459","E38000079","E63011552","C1","6A3",51.739444,-0.357897,"E37000048","","E23000027",31807,"E56000035","E54000025","E00120577","E01023744","E02004937"
"AL3 4LS","AL3  4LS","AL3 4LS","198001","","E10000015","E58000666","E07000240","E05013966","E43000290","0","513319","0205940","1","E18000006","E40000007","E92000001","E12000006","5","E14001507","E15000006","E24000005","E30000237","E16000150","E07000240","26UGGR","E00120570","26UGGR","E65000001","E01023744","E02004937","5","4B3","E00120570","E01023744","E02004937","E33027460","E38000079","E63011552","C1","6A1",51.740717,-0.360198,"E37000048","","E23000027",31807,"E56000035","E54000025","E00120570","E01023744","E02004937"
"AL3 4LT","AL3  4LT","AL3 4LT","198001","","E10000015","E58000666","E07000240","E05013966","E43000290","0","513147","0206009","1","E18000006","E40000007","E92000001","E12000006","5","E14001507","E15000006","E24000005","E30000237","E16000150","E07000240","26UGGR","E00120570","26UGGR","E65000001","E01023744","E02004937","5","4B3","E00120570","E01023744","E02004937","E33027460","E38000079","E63011552","C1","6A1",51.741372,-0.362665,"E37000048","","E23000027",31807,"E56000035","E54000025","E00120570","E01023744","E02004937"
"AL3 4LU","AL3  4LU","AL3 4LU","198001","","E10000015","E58000666","E07000240","E05013966","E43000290","0","513042","0206060","1","E18000006","E40000007","E92000001","E12000006","5","E14001507","E15000006","E24000005","E30000237","E16000150","E07000240","26UGGR","E00120570","26UGGR","E65000001","E01023744","E02004937","5","4B3","E00120570","E01023744","E02004937","E33027460","E38000079","E63011552","C1","6A1",51.741851,-0.364169,"E37000048","","E23000027",31807,"E56000035","E54000025","E00120570","E01023744","E02004937"
"AL3 4LW","AL3  4LW","AL3 4LW","198001","","E10000015","E58000666","E07000240","E05013966","E43000290","0","513628","0205725","1","E18000006","E40000007","E92000001","E12000006","5","E14001507","E15000006","E24000005","E30000237","E16000150","E07000240","26UGGR","E00120579","26UGGR","E65000001","E01023744","E02004937","5","4B3","E00120579","E01023744","E02004937","E33027459","E38000079","E63011552","C1","6A1",51.738722,-0.355795,"E37000048","","E23000027",31807,"E56000035","E54000025","E00120579","E01023744","E02004937"
"AL3 4LX","AL3  4LX","AL3 4LX","198001","","E10000015","E58000666","E07000240","E05013966","E43000290","0","513159","0206060","1","E18000006","E40000007","E92000001","E12000006","5","E14001507","E15000006","E24000005","E30000237","E16000150","E07000240","26UGGR","E00120570","26UGGR","E65000001","E01023744","E02004937","5","4B3","E00120570","E01023744","E02004937","E33027460","E38000079","E63011552","C1","6A1",51.741828,-0.362475,"E37000048","","E23000027",31807,"E56000035","E54000025","E00120570","E01023744","E02004937"
"AL3 4LY","AL3  4LY","AL3 4LY","198001","","E10000015","E58000666","E07000240","E05013966","E43000290","0","513207","0206094","1","E18000006","E40000007","E92000001","E12000006","5","E14001507","E15000006","E24000005","E30000237","E16000150","E07000240","26UGGR","E00120576","26UGGR","E65000001","E01023742","E02004937","5","4A2","E00120576","E01023742","E02004937","E33027459","E38000079","E63011552","C1","6B2",51.742124,-0.361769,"E37000048","","E23000027",29470,"E56000035","E54000025","E00120576","E01023742","E02004937"
"AL3 4LZ","AL3  4LZ","AL3 4LZ","198001","","E10000015","E58000666","E07000240","E05013966","E43000290","0","513230","0206123","1","E18000006","E40000007","E92000001","E12000006","5","E14001507","E15000006","E24000005","E30000237","E16000150","E07000240","26UGGR","E00120576","26UGGR","E65000001","E01023742","E02004937","5","4A2","E00120576","E01023742","E02004937","E33027459","E38000079","E63011552","C1","6B2",51.742379,-0.361427,"E37000048","","E23000027",29470,"E56000035","E54000025","E00120576","E01023742","E02004937"
"AL3 4NA","AL3  4NA","AL3 4NA","198001","","E10000015","E58000666","E07000240","E05013966","E43000290","0","513278","0206156","1","E18000006","E40000007","E92000001","E12000006","5","E14001507","E15000006","E24000005","E30000237","E16000150","E07000240","26UGGR","E00120576","26UGGR","E65000001","E01023742","E02004937","5","4A2","E00120576","E01023742","E02004937","E33027459","E38000079","E63011552","C1","6B2",51.742672,-0.360698,"E37000048","","E23000027",29470,"E56000035","E54000025","E00120576","E01023742","E02004937"
"AL3 4NB","AL3  4NB","AL3 4NB","198001","","E10000015","E58000666","E07000240","E05013966","E43000290","0","513325","0206147","1","E18000006","E40000007","E92000001","E12000006","5","E14001507","E15000006","E24000005","E30000237","E16000150","E07000240","26UGGR","E00120572","26UGGR","E65000001","E01023742","E02004937","5","4B3","E00120572","E01023742","E02004937","E33027459","E38000079","E63011552","C1","6A3",51.742576,-0.360044,"E37000048","","E23000027",29470,"E56000035","E54000025","E00189358","E01023742","E02004937"
"AL3 4ND","AL3  4ND","AL3 4ND","198001","","E10000015","E58000666","E07000240","E05013966","E43000290","0","513384","0205936","1","E18000006","E40000007","E92000001","E12000006","5","E14001507","E15000006","E24000005","E30000237","E16000150","E07000240","26UGGR","E00120570","26UGGR","E65000001","E01023744","E02004937","5","4B3","E00120570","E01023744","E02004937","E33027460","E38000079","E63011552","C1","6A1",51.740668,-0.359258,"E37000048","","E23000027",31807,"E56000035","E54000025","E00120570","E01023744","E02004937"
"AL3 4NE","AL3  4NE","AL3 4NE","198001","","E10000015","E58000666","E07000240","E05013966","E43000290","0","513468","0205735","1","E18000006","E40000007","E92000001","E12000006","5","E14001507","E15000006","E24000005","E30000237","E16000150","E07000240","26UGGR","E00120577","26UGGR","E65000001","E01023744","E02004937","5","4B3","E00120577","E01023744","E02004937","E33027459","E38000079","E63011552","C1","6A3",51.738850,-0.358085,"E37000048","","E23000027",31807,"E56000035","E54000025","E00120577","E01023744","E02004937"
"AL3 4NF","AL3  4NF","AL3 4NF","198001","","E10000015","E58000666","E07000240","E05013966","E43000290","0","513616","0205674","1","E18000006","E40000007","E92000001","E12000006","5","E14001507","E15000006","E24000005","E30000237","E16000150","E07000240","26UGGR","E00120579","26UGGR","E65000001","E01023744","E02004937","5","4B3","E00120579","E01023744","E02004937","E33027459","E38000079","E63011552","C1","6A1",51.738266,-0.355985,"E37000048","","E23000027",31807,"E56000035","E54000025","E00120579","E01023744","E02004937"
"AL3 4NG","AL3  4NG","AL3 4NG","198001","","E10000015","E58000666","E07000240","E05013966","E43000290","0","513732","0205566","1","E18000006","E40000007","E92000001","E12000006","5","E14001507","E15000006","E24000005","E30000237","E16000150","E07000240","26UGGR","E00120577","26UGGR","E65000001","E01023744","E02004937","5","4B3","E00120577","E01023744","E02004937","E33027459","E38000079","E63011552","C1","6A3",51.737272,-0.354341,"E37000048","","E23000027",31807,"E56000035","E54000025","E00120577","E01023744","E02004937"
"AL3 4NH","AL3  4NH","AL3 4NH","198001","","E10000015","E58000666","E07000240","E05013966","E43000290","0","513267","0205913","1","E18000006","E40000007","E92000001","E12000006","5","E14001507","E15000006","E24000005","E30000237","E16000150","E07000240","26UGGR","E00120570","26UGGR","E65000001","E01023744","E02004937","5","4B3","E00120570","E01023744","E02004937","E33027460","E38000079","E63011552","C1","6A1",51.740485,-0.360959,"E37000048","","E23000027",31807,"E56000035","E54000025","E00120570","E01023744","E02004937"
"AL3 4NJ","AL3  4NJ","AL3 4NJ","198001","","E10000015","E58000666","E07000240","E05013966","E43000290","0","512962","0206149","1","E18000006","E40000007","E92000001","E12000006","5","E14001507","E15000006","E24000005","E30000237","E16000150","E07000240","26UGGR","E00120570","26UGGR","E65000001","E01023744","E02004937","5","4B3","E00120570","E01023744","E02004937","E33027460","E38000079","E63011552","C1","6A1",51.742667,-0.365298,"E37000048","","E23000027",31807,"E56000035","E54000025","E00120570","E01023744","E02004937"
"AL3 4NL","AL3  4NL","AL3 4NL","198803","200101","E10000015","E58000666","E07000240","E05013966","E43000290","1","513699","0206550","6","E18000006","E40000007","E92000001","E12000006","5","E14001507","E15000006","E24000005","E30000237","E16000150","E07000240","26UGGR","E00120563","26UGGR","E65000001","E01023743","E02004937","5","2B1","E00120563","E01023743","E02004937","E33027457","E38000079","E63011552","C1","5B1",51.746122,-0.354497,"E37000048","","E23000027",30564,"E56000035","E54000025","E00120563","E01023743","E02004937"
"AL3 4NN","AL3  4NN","AL3 4NN","199201","199405","E10000015","E58000666","E07000240","E05013966","E43000290","1","513700","0207400","8","E18000006","E40000007","E92000001","E12000006","5","E14001507","E15000006","E24000005","E30000237","E16000150","E07000240","26UGGR","E00120583","26UGGR","E65000001","E01023745","E02004937","5","6D1","E00120583","E01023745","E02004937","E33027455","E38000079","E63011552","C1","5A1",51.753761,-0.354205,"E37000048","","E23000027",31256,"E56000035","E54000025","E00120583","E01023745","E02004937"
"AL3 4NP","AL3  4NP","AL3 4NP","198704","199405","E10000015","E58000666","E07000240","E05013966","E43000290","1","514500","0207200","8","E18000006","E40000007","E92000001","E12000006","5","E14001507","E15000006","E24000005","E30000237","E16000150","E07000240","26UGGR","E00120567","26UGGR","E65000001","E01023745","E02004937","5","2B2","E00120567","E01023745","E02004937","E33024348","E38000079","E63011552","C1","5A3",51.751801,-0.342687,"E37000048","","E23000027",31256,"E56000035","E54000025","E00120567","E01023745","E02004937"
"AL3 4NQ","AL3  4NQ","AL3 4NQ","198001","","E10000015","E58000666","E07000240","E05013966","E43000290","0","512918","0206132","1","E18000006","E40000007","E92000001","E12000006","5","E14001507","E15000006","E24000005","E30000237","E16000150","E07000240","26UGGR","E00120570","26UGGR","E65000001","E01023744","E02004937","5","4B3","E00120570","E01023744","E02004937","E33027460","E38000079","E63011552","C1","6A1",51.742523,-0.365941,"E37000048","","E23000027",31807,"E56000035","E54000025","E00120570","E01023744","E02004937"
"AL3 4NR","AL3  4NR","AL3 4NR","202203","","E10000015","E58000666","E07000240","E05013966","E43000290","0","513658","0205558","1","E18000006","E40000007","E92000001","E12000006","5","E14001507","E15000006","E24000005","E30000237","E16000150","E07000240","26UGGR","E00120577","26UGGR","E65000001","E01023744","E02004937","5","4B3","E00120577","E01023744","E02004937","E33027459","E38000079","E63011552","C1","6A3",51.737221,-0.355392,"E37000048","","E23000027",31807,"E56000035","E54000025","E00120577","E01023744","E02004937"
"AL3 4NW","AL3  4NW","AL3 4NW","198109","198512","E10000015","E58000666","E07000240","E05013966","E43000290","1","513700","0207400","8","E18000006","E40000007","E92000001","E12000006","5","E14001507","E15000006","E24000005","E30000237","E16000150","E07000240","26UGGR","E00120583","26UGGR","E65000001","E01023745","E02004937","5","6D1","E00120583","E01023745","E02004937","E33027455","E38000079","E63011552","C1","5A1",51.753761,-0.354205,"E37000048","","E23000027",31256,"E56000035","E54000025","E00120583","E01023745","E02004937"
"AL3 4PA","AL3  4PA","AL3 4PA","198001","","E10000015","E58000666","E07000240","E05013966","E43000290","0","514563","0207297","1","E18000006","E40000007","E92000001","E12000006","5","E14001507","E15000006","E24000005","E30000237","E16000150","E07000240","26UGGR","E00120567","26UGGR","E65000001","E01023745","E02004937","5","2B2","E00120567","E01023745","E02004937","E33024348","E38000079","E63011552","C1","5A3",51.752666,-0.341719,"E37000048","","E23000027",31256,"E56000035","E54000025","E00120567","E01023745","E02004937"
"AL3 4PB","AL3  4PB","AL3 4PB","198604","199012","E10000015","E58000666","E07000240","E05013966","E43000290","1","514500","0207200","8","E18000006","E40000007","E92000001","E12000006","5","E14001507","E15000006","E24000005","E30000237","E16000150","E07000240","26UGGR","E00120567","26UGGR","E65000001","E01023745","E02004937","5","2B2","E00120567","E01023745","E02004937","E33024348","E38000079","E63011552","C1","5A3",51.751801,-0.342687,"E37000048","","E23000027",31256,"E56000035","E54000025","E00120567","E01023745","E02004937"
"AL3 4PD","AL3  4PD","AL3 4PD","198001","199012","E10000015","E58000666","E07000240","E05013966","E43000290","1","514500","0207200","8","E18000006","E40000007","E92000001","E12000006","5","E14001507","E15000006","E24000005","E30000237","E16000150","E07000240","26UGGR","E00120567","26UGGR","E65000001","E01023745","E02004937","5","2B2","E00120567","E01023745","E02004937","E33024348","E38000079","E63011552","C1","5A3",51.751801,-0.342687,"E37000048","","E23000027",31256,"E56000035","E54000025","E00120567","E01023745","E02004937"
"AL3 4PE","AL3  4PE","AL3 4PE","198001","","E10000015","E58000666","E07000240","E05013966","E43000290","0","514551","0207275","1","E18000006","E40000007","E92000001","E12000006","5","E14001507","E15000006","E24000005","E30000237","E16000150","E07000240","26UGGR","E00120567","26UGGR","E65000001","E01023745","E02004937","5","2B2","E00120567","E01023745","E02004937","E33024348","E38000079","E63011552","C1","5A3",51.752465,-0.341923,"E37000048","","E23000027",31256,"E56000035","E54000025","E00120567","E01023745","E02004937"
"AL3 4PF","AL3  4PF","AL3 4PF","199109","","E10000015","E58000666","E07000240","E05013966","E43000290","0","514558","0207224","1","E18000006","E40000007","E92000001","E12000006","5","E14001507","E15000006","E24000005","E30000237","E16000150","E07000240","26UGGR","E00120567","26UGGR","E65000001","E01023745","E02004937","5","2B2","E00120567","E01023745","E02004937","E33024348","E38000079","E63011552","C1","5A3",51.752011,-0.341816,"E37000048","","E23000027",31256,"E56000035","E54000025","E00120567","E01023745","E02004937"
"AL3 4PG","AL3  4PG","AL3 4PG","199201","199405","E10000015","E58000666","E07000240","E05013966","E43000290","1","514500","0207300","8","E18000006","E40000007","E92000001","E12000006","5","E14001507","E15000006","E24000005","E30000237","E16000150","E07000240","26UGGR","E00120567","26UGGR","E65000001","E01023745","E02004937","5","2B2","E00120567","E01023745","E02004937","E33024348","E38000079","E63011552","C1","5A3",51.752700,-0.342654,"E37000048","","E23000027",31256,"E56000035","E54000025","E00120567","E01023745","E02004937"
"AL3 4PH","AL3  4PH","AL3 4PH","198001","","E10000015","E58000666","E07000240","E05013966","E43000290","0","514482","0207240","1","E18000006","E40000007","E92000001","E12000006","5","E14001507","E15000006","E24000005","E30000237","E16000150","E07000240","26UGGR","E00120567","26UGGR","E65000001","E01023745","E02004937","5","2B2","E00120567","E01023745","E02004937","E33024348","E38000079","E63011552","C1","5A3",51.752170,-0.342911,"E37000048","","E23000027",31256,"E56000035","E54000025","E00120567","E01023745","E02004937"
"AL3 4PJ","AL3  4PJ","AL3 4PJ","198001","","E10000015","E58000666","E07000240","E05013966","E43000290","0","514459","0207265","1","E18000006","E40000007","E92000001","E12000006","5","E14001507","E15000006","E24000005","E30000237","E16000150","E07000240","26UGGR","E00120567","26UGGR","E65000001","E01023745","E02004937","5","2B2","E00120567","E01023745","E02004937","E33024348","E38000079","E63011552","C1","5A3",51.752394,-0.343259,"E37000048","","E23000027",31256,"E56000035","E54000025","E00120567","E01023745","E02004937"
"AL3 4PL","AL3  4PL","AL3 4PL","198504","199212","E10000015","E58000666","E07000240","E05013966","E43000290","1","514500","0207300","8","E18000006","E40000007","E92000001","E12000006","5","E14001507","E15000006","E24000005","E30000237","E16000150","E07000240","26UGGR","E00120567","26UGGR","E65000001","E01023745","E02004937","5","2B2","E00120567","E01023745","E02004937","E33024348","E38000079","E63011552","C1","5A3",51.752700,-0.342654,"E37000048","","E23000027",31256,"E56000035","E54000025","E00120567","E01023745","E02004937"
"AL3 4PN","AL3  4PN","AL3 4PN","198001","","E10000015","E58000666","E07000240","E05013966","E43000290","0","514499","0207355","1","E18000006","E40000007","E92000001","E12000006","5","E14001507","E15000006","E24000005","E30000237","E16000150","E07000240","26UGGR","E00120567","26UGGR","E65000001","E01023745","E02004937","5","2B2","E00120567","E01023745","E02004937","E33024348","E38000079","E63011552","C1","5A3",51.753194,-0.342650,"E37000048","","E23000027",31256,"E56000035","E54000025","E00120567","E01023745","E02004937"
"AL3 4PP","AL3  4PP","AL3 4PP","198106","198512","E10000015","E58000666","E07000240","E05013966","E43000290","1","514400","0207100","8","E18000006","E40000007","E92000001","E12000006","5","E14001507","E15000006","E24000005","E30000237","E16000150","E07000240","26UGGR","E00120566","26UGGR","E65000001","E01023743","E02004937","5","6D2","E00120566","E01023743","E02004937","E33027458","E38000079","E63011552","C1","5A3",51.750923,-0.344167,"E37000048","","E23000027",30564,"E56000035","E54000025","E00120566","E01023743","E02004937"
"AL3 4PQ","AL3  4PQ","AL3 4PQ","198001","","E10000015","E58000666","E07000240","E05013966","E43000290","0","514505","0207220","1","E18000006","E40000007","E92000001","E12000006","5","E14001507","E15000006","E24000005","E30000237","E16000150","E07000240","26UGGR","E00120567","26UGGR","E65000001","E01023745","E02004937","5","2B2","E00120567","E01023745","E02004937","E33024348","E38000079","E63011552","C1","5A3",51.751986,-0.342584,"E37000048","","E23000027",31256,"E56000035","E54000025","E00120567","E01023745","E02004937"
"AL3 4PR","AL3  4PR","AL3 4PR","199612","200602","E10000015","E58000664","E07000240","E05013956","E43000290","1","517328","0206823","1","E18000006","E40000007","E92000001","E12000006","5","E14001507","E15000006","E24000005","E30000237","E16000150","E07000240","26UGFX","E00120196","26UGFX","E65000001","E01023667","E02004936","5","6D1","E00120196","E01023667","E02004936","E33027453","E38000079","E63011552","C1","5A2",51.747828,-0.301865,"E37000048","","E23000027",30628,"E56000035","E54000025","E00120196","E01023667","E02004936"
"AL3 4PS","AL3  4PS","AL3 4PS","198001","","E10000015","E58000666","E07000240","E05013966","E43000290","0","514485","0207292","1","E18000006","E40000007","E92000001","E12000006","5","E14001507","E15000006","E24000005","E30000237","E16000150","E07000240","26UGGR","E00120567","26UGGR","E65000001","E01023745","E02004937","5","2B2","E00120567","E01023745","E02004937","E33024348","E38000079","E63011552","C1","5A3",51.752631,-0.342874,"E37000048","","E23000027",31256,"E56000035","E54000025","E00120567","E01023745","E02004937"
"AL3 4PT","AL3  4PT","AL3 4PT","198001","","E10000015","E58000666","E07000240","E05013966","E43000290","0","514484","0207318","1","E18000006","E40000007","E92000001","E12000006","5","E14001507","E15000006","E24000005","E30000237","E16000150","E07000240","26UGGR","E00120567","26UGGR","E65000001","E01023745","E02004937","5","2B2","E00120567","E01023745","E02004937","E33024348","E38000079","E63011552","C1","5A3",51.752865,-0.342879,"E37000048","","E23000027",31256,"E56000035","E54000025","E00120567","E01023745","E02004937"
"AL3 4PU","AL3  4PU","AL3 4PU","198001","","E10000015","E58000666","E07000240","E05013966","E43000290","0","514448","0207362","1","E18000006","E40000007","E92000001","E12000006","5","E14001507","E15000006","E24000005","E30000237","E16000150","E07000240","26UGGR","E00120566","26UGGR","E65000001","E01023743","E02004937","5","6D2","E00120566","E01023743","E02004937","E33027458","E38000079","E63011552","C1","5A3",51.753268,-0.343386,"E37000048","","E23000027",30564,"E56000035","E54000025","E00120566","E01023743","E02004937"
"AL3 4PW","AL3  4PW","AL3 4PW","198001","","E10000015","E58000666","E07000240","E05013966","E43000290","0","514533","0207346","1","E18000006","E40000007","E92000001","E12000006","5","E14001507","E15000006","E24000005","E30000237","E16000150","E07000240","26UGGR","E00120567","26UGGR","E65000001","E01023745","E02004937","5","2B2","E00120567","E01023745","E02004937","E33024348","E38000079","E63011552","C1","5A3",51.753106,-0.342161,"E37000048","","E23000027",31256,"E56000035","E54000025","E00120567","E01023745","E02004937"
"AL3 4PX","AL3  4PX","AL3 4PX","198001","","E10000015","E58000666","E07000240","E05013966","E43000290","0","514431","0207302","1","E18000006","E40000007","E92000001","E12000006","5","E14001507","E15000006","E24000005","E30000237","E16000150","E07000240","26UGGR","E00120566","26UGGR","E65000001","E01023743","E02004937","5","6D2","E00120566","E01023743","E02004937","E33027458","E38000079","E63011552","C1","5A3",51.752738,-0.343629,"E37000048","","E23000027",30564,"E56000035","E54000025","E00120566","E01023743","E02004937"
"AL3 4PY","AL3  4PY","AL3 4PY","198001","","E10000015","E58000666","E07000240","E05013966","E43000290","0","514432","0207325","1","E18000006","E40000007","E92000001","E12000006","5","E14001507","E15000006","E24000005","E30000237","E16000150","E07000240","26UGGR","E00120566","26UGGR","E65000001","E01023743","E02004937","5","6D2","E00120566","E01023743","E02004937","E33027458","E38000079","E63011552","C1","5A3",51.752938,-0.343630,"E37000048","","E23000027",30564,"E56000035","E54000025","E00120566","E01023743","E02004937"
"AL3 4PZ","AL3  4PZ","AL3 4PZ","198001","","E10000015","E58000666","E07000240","E05013966","E43000290","0","514408","0207367","1","E18000006","E40000007","E92000001","E12000006","5","E14001507","E15000006","E24000005","E30000237","E16000150","E07000240","26UGGR","E00120566","26UGGR","E65000001","E01023743","E02004937","5","6D2","E00120566","E01023743","E02004937","E33027458","E38000079","E63011552","C1","5A3",51.753321,-0.343964,"E37000048","","E23000027",30564,"E56000035","E54000025","E00120566","E01023743","E02004937"
"AL3 4QA","AL3  4QA","AL3 4QA","198001","","E10000015","E58000666","E07000240","E05013966","E43000290","0","514427","0207369","1","E18000006","E40000007","E92000001","E12000006","5","E14001507","E15000006","E24000005","E30000237","E16000150","E07000240","26UGGR","E00120566","26UGGR","E65000001","E01023743","E02004937","5","6D2","E00120566","E01023743","E02004937","E33027458","E38000079","E63011552","C1","5A3",51.753341,-0.343665,"E37000048","","E23000027",30564,"E56000035","E54000025","E00120566","E01023743","E02004937"
"AL3 4QB","AL3  4QB","AL3 4QB","198001","","E10000015","E58000666","E07000240","E05013966","E43000290","0","514417","0207274","1","E18000006","E40000007","E92000001","E12000006","5","E14001507","E15000006","E24000005","E30000237","E16000150","E07000240","26UGGR","E00120566","26UGGR","E65000001","E01023743","E02004937","5","6D2","E00120566","E01023743","E02004937","E33027458","E38000079","E63011552","C1","5A3",51.752483,-0.343864,"E37000048","","E23000027",30564,"E56000035","E54000025","E00120566","E01023743","E02004937"
"AL3 4QD","AL3  4QD","AL3 4QD","198001","","E10000015","E58000666","E07000240","E05013966","E43000290","0","514380","0207255","1","E18000006","E40000007","E92000001","E12000006","5","E14001507","E15000006","E24000005","E30000237","E16000150","E07000240","26UGGR","E00120566","26UGGR","E65000001","E01023743","E02004937","5","6D2","E00120566","E01023743","E02004937","E33027458","E38000079","E63011552","C1","5A3",51.752320,-0.344406,"E37000048","","E23000027",30564,"E56000035","E54000025","E00120566","E01023743","E02004937"
"AL3 4QE","AL3  4QE","AL3 4QE","198001","","E10000015","E58000666","E07000240","E05013966","E43000290","0","514386","0207312","1","E18000006","E40000007","E92000001","E12000006","5","E14001507","E15000006","E24000005","E30000237","E16000150","E07000240","26UGGR","E00120566","26UGGR","E65000001","E01023743","E02004937","5","6D2","E00120566","E01023743","E02004937","E33027458","E38000079","E63011552","C1","5A3",51.752831,-0.344300,"E37000048","","E23000027",30564,"E56000035","E54000025","E00120566","E01023743","E02004937"
"AL3 4QF","AL3  4QF","AL3 4QF","198001","","E10000015","E58000666","E07000240","E05013966","E43000290","0","514392","0207333","1","E18000006","E40000007","E92000001","E12000006","5","E14001507","E15000006","E24000005","E30000237","E16000150","E07000240","26UGGR","E00120564","26UGGR","E65000001","E01023745","E02004937","5","6D1","E00120564","E01023745","E02004937","E33027458","E38000079","E63011552","C1","5A2",51.753024,-0.344184,"E37000048","","E23000027",31256,"E56000035","E54000025","E00120564","E01023745","E02004937"
"AL3 4QG","AL3  4QG","AL3 4QG","198001","","E10000015","E58000666","E07000240","E05013966","E43000290","0","514390","0207405","1","E18000006","E40000007","E92000001","E12000006","5","E14001507","E15000006","E24000005","E30000237","E16000150","E07000240","26UGGR","E00120564","26UGGR","E65000001","E01023745","E02004937","5","6D1","E00120564","E01023745","E02004937","E33027458","E38000079","E63011552","C1","5A2",51.753666,-0.344212,"E37000048","","E23000027",31256,"E56000035","E54000025","E00120564","E01023745","E02004937"
"AL3 4QH","AL3  4QH","AL3 4QH","198001","","E10000015","E58000666","E07000240","E05013966","E43000290","0","514259","0207353","1","E18000006","E40000007","E92000001","E12000006","5","E14001507","E15000006","E24000005","E30000237","E16000150","E07000240","26UGGR","E00120564","26UGGR","E65000001","E01023745","E02004937","5","6D1","E00120564","E01023745","E02004937","E33027458","E38000079","E63011552","C1","5A2",51.753231,-0.346103,"E37000048","","E23000027",31256,"E56000035","E54000025","E00120564","E01023745","E02004937"
"AL3 4QJ","AL3  4QJ","AL3 4QJ","198001","","E10000015","E58000666","E07000240","E05013966","E43000290","0","514166","0207409","1","E18000006","E40000007","E92000001","E12000006","5","E14001507","E15000006","E24000005","E30000237","E16000150","E07000240","26UGGR","E00120582","26UGGR","E65000001","E01023745","E02004937","5","6D1","E00120582","E01023745","E02004937","E33027458","E38000079","E63011552","C1","5A1",51.753748,-0.347454,"E37000048","","E23000027",31256,"E56000035","E54000025","E00120582","E01023745","E02004937"
"AL3 4QL","AL3  4QL","AL3 4QL","198001","","E10000015","E58000666","E07000240","E05013966","E43000290","0","514182","0207330","1","E18000006","E40000007","E92000001","E12000006","5","E14001507","E15000006","E24000005","E30000237","E16000150","E07000240","26UGGR","E00120564","26UGGR","E65000001","E01023745","E02004937","5","6D1","E00120564","E01023745","E02004937","E33027458","E38000079","E63011552","C1","5A2",51.753034,-0.347249,"E37000048","","E23000027",31256,"E56000035","E54000025","E00120564","E01023745","E02004937"
"AL3 4QN","AL3  4QN","AL3 4QN","198001","","E10000015","E58000666","E07000240","E05013966","E43000290","0","514238","0207255","1","E18000006","E40000007","E92000001","E12000006","5","E14001507","E15000006","E24000005","E30000237","E16000150","E07000240","26UGGR","E00120565","26UGGR","E65000001","E01023743","E02004937","5","6D1","E00120565","E01023743","E02004937","E33027457","E38000079","E63011552","C1","5A1",51.752349,-0.346462,"E37000048","","E23000027",30564,"E56000035","E54000025","E00120565","E01023743","E02004937"
"AL3 4QP","AL3  4QP","AL3 4QP","198001","","E10000015","E58000666","E07000240","E05013966","E43000290","0","514160","0207258","1","E18000006","E40000007","E92000001","E12000006","5","E14001507","E15000006","E24000005","E30000237","E16000150","E07000240","26UGGR","E00120565","26UGGR","E65000001","E01023743","E02004937","5","6D1","E00120565","E01023743","E02004937","E33027457","E38000079","E63011552","C1","5A1",51.752392,-0.347591,"E37000048","","E23000027",30564,"E56000035","E54000025","E00120565","E01023743","E02004937"
"AL3 4QQ","AL3  4QQ","AL3 4QQ","198001","","E10000015","E58000666","E07000240","E05013966","E43000290","0","514372","0207456","1","E18000006","E40000007","E92000001","E12000006","5","E14001507","E15000006","E24000005","E30000237","E16000150","E07000240","26UGGR","E00120564","26UGGR","E65000001","E01023745","E02004937","5","6D1","E00120564","E01023745","E02004937","E33027458","E38000079","E63011552","C1","5A2",51.754134,-0.344433,"E37000048","","E23000027",31256,"E56000035","E54000025","E00120564","E01023745","E02004937"
"AL3 4QR","AL3  4QR","AL3 4QR","198001","","E10000015","E58000666","E07000240","E05013966","E43000290","0","514120","0207317","1","E18000006","E40000007","E92000001","E12000006","5","E14001507","E15000006","E24000005","E30000237","E16000150","E07000240","26UGGR","E00120565","26UGGR","E65000001","E01023743","E02004937","5","6D1","E00120565","E01023743","E02004937","E33027457","E38000079","E63011552","C1","5A1",51.752930,-0.348151,"E37000048","","E23000027",30564,"E56000035","E54000025","E00120565","E01023743","E02004937"
"AL3 4QS","AL3  4QS","AL3 4QS","198001","","E10000015","E58000666","E07000240","E05013966","E43000290","0","514234","0207439","1","E18000006","E40000007","E92000001","E12000006","5","E14001507","E15000006","E24000005","E30000237","E16000150","E07000240","26UGGR","E00120582","26UGGR","E65000001","E01023745","E02004937","5","6D1","E00120582","E01023745","E02004937","E33027458","E38000079","E63011552","C1","5A1",51.754003,-0.346460,"E37000048","","E23000027",31256,"E56000035","E54000025","E00120582","E01023745","E02004937"
"AL3 4QT","AL3  4QT","AL3 4QT","198001","","E10000015","E58000666","E07000240","E05013966","E43000290","0","514217","0207486","1","E18000006","E40000007","E92000001","E12000006","5","E14001507","E15000006","E24000005","E30000237","E16000150","E07000240","26UGGR","E00120582","26UGGR","E65000001","E01023745","E02004937","5","6D1","E00120582","E01023745","E02004937","E33027458","E38000079","E63011552","C1","5A1",51.754429,-0.346691,"E37000048","","E23000027",31256,"E56000035","E54000025","E00120582","E01023745","E02004937"
"AL3 4QU","AL3  4QU","AL3 4QU","198001","","E10000015","E58000666","E07000240","E05013966","E43000290","0","514188","0207379","1","E18000006","E40000007","E92000001","E12000006","5","E14001507","E15000006","E24000005","E30000237","E16000150","E07000240","26UGGR","E00120565","26UGGR","E65000001","E01023743","E02004937","5","6D1","E00120565","E01023743","E02004937","E33027457","E38000079","E63011552","C1","5A1",51.753473,-0.347146,"E37000048","","E23000027",30564,"E56000035","E54000025","E00120565","E01023743","E02004937"
"AL3 4QW","AL3  4QW","AL3 4QW","198001","","E10000015","E58000666","E07000240","E05013966","E43000290","0","514225","0207230","1","E18000006","E40000007","E92000001","E12000006","5","E14001507","E15000006","E24000005","E30000237","E16000150","E07000240","26UGGR","E00120565","26UGGR","E65000001","E01023743","E02004937","5","6D1","E00120565","E01023743","E02004937","E33027457","E38000079","E63011552","C1","5A1",51.752127,-0.346659,"E37000048","","E23000027",30564,"E56000035","E54000025","E00120565","E01023743","E02004937"
"AL3 4QX","AL3  4QX","AL3 4QX","198001","199512","E10000015","E58000666","E07000240","E05013966","E43000290","0","514100","0207400","8","E18000006","E40000007","E92000001","E12000006","5","E14001507","E15000006","E24000005","E30000237","E16000150","E07000240","26UGGR","E00120583","26UGGR","E65000001","E01023745","E02004937","5","6D1","E00120583","E01023745","E02004937","E33027455","E38000079","E63011552","C1","5A1",51.753680,-0.348413,"E37000048","","E23000027",31256,"E56000035","E54000025","E00120583","E01023745","E02004937"
"AL3 4QY","AL3  4QY","AL3 4QY","198001","","E10000015","E58000666","E07000240","E05013966","E43000290","0","514146","0207391","1","E18000006","E40000007","E92000001","E12000006","5","E14001507","E15000006","E24000005","E30000237","E16000150","E07000240","26UGGR","E00120565","26UGGR","E65000001","E01023743","E02004937","5","6D1","E00120565","E01023743","E02004937","E33027457","E38000079","E63011552","C1","5A1",51.753590,-0.347750,"E37000048","","E23000027",30564,"E56000035","E54000025","E00120565","E01023743","E02004937"
"AL3 4QZ","AL3  4QZ","AL3 4QZ","198001","199512","E10000015","E58000666","E07000240","E05013966","E43000290","0","514100","0207400","8","E18000006","E40000007","E92000001","E12000006","5","E14001507","E15000006","E24000005","E30000237","E16000150","E07000240","26UGGR","E00120583","26UGGR","E65000001","E01023745","E02004937","5","6D1","E00120583","E01023745","E02004937","E33027455","E38000079","E63011552","C1","5A1",51.753680,-0.348413,"E37000048","","E23000027",31256,"E56000035","E54000025","E00120583","E01023745","E02004937"
"AL3 4RA","AL3  4RA","AL3 4RA","198001","","E10000015","E58000666","E07000240","E05013966","E43000290","0","514177","0207518","1","E18000006","E40000007","E92000001","E12000006","5","E14001507","E15000006","E24000005","E30000237","E16000150","E07000240","26UGGR","E00120582","26UGGR","E65000001","E01023745","E02004937","5","6D1","E00120582","E01023745","E02004937","E33027458","E38000079","E63011552","C1","5A1",51.754731,-0.347236,"E37000048","","E23000027",31256,"E56000035","E54000025","E00120582","E01023745","E02004937"
"AL3 4RB","AL3  4RB","AL3 4RB","198001","","E10000015","E58000666","E07000240","E05013966","E43000290","0","514148","0207506","1","E18000006","E40000007","E92000001","E12000006","5","E14001507","E15000006","E24000005","E30000237","E16000150","E07000240","26UGGR","E00120582","26UGGR","E65000001","E01023745","E02004937","5","6D1","E00120582","E01023745","E02004937","E33027458","E38000079","E63011552","C1","5A1",51.754623,-0.347683,"E37000048","","E23000027",31256,"E56000035","E54000025","E00120582","E01023745","E02004937"
"AL3 4RD","AL3  4RD","AL3 4RD","198607","201605","E10000015","E58000664","E07000240","E05013956","E43000290","1","517321","0206803","1","E18000006","E40000007","E92000001","E12000006","5","E14001507","E15000006","E24000005","E30000237","E16000150","E07000240","26UGFX","E00120196","26UGFX","E65000001","E01023667","E02004936","5","6D1","E00120196","E01023667","E02004936","E33027453","E38000079","E63011552","C1","5A2",51.747650,-0.301973,"E37000048","","E23000027",30628,"E56000035","E54000025","E00120196","E01023667","E02004936"
"AL3 4RE","AL3  4RE","AL3 4RE","198001","199507","E10000015","E58000666","E07000240","E05013966","E43000290","1","514500","0207300","8","E18000006","E40000007","E92000001","E12000006","5","E14001507","E15000006","E24000005","E30000237","E16000150","E07000240","26UGGR","E00120567","26UGGR","E65000001","E01023745","E02004937","5","2B2","E00120567","E01023745","E02004937","E33024348","E38000079","E63011552","C1","5A3",51.752700,-0.342654,"E37000048","","E23000027",31256,"E56000035","E54000025","E00120567","E01023745","E02004937"
"AL3 4RF","AL3  4RF","AL3 4RF","199208","","E10000015","E58000666","E07000240","E05013966","E43000290","0","514188","0207103","1","E18000006","E40000007","E92000001","E12000006","5","E14001507","E15000006","E24000005","E30000237","E16000150","E07000240","26UGGR","E00120565","26UGGR","E65000001","E01023743","E02004937","5","6D1","E00120565","E01023743","E02004937","E33027457","E38000079","E63011552","C1","5A1",51.750993,-0.347236,"E37000048","","E23000027",30564,"E56000035","E54000025","E00120565","E01023743","E02004937"
"AL3 4RH","AL3  4RH","AL3 4RH","199507","200203","E10000015","E58000664","E07000240","E05013956","E43000290","1","517328","0206823","1","E18000006","E40000007","E92000001","E12000006","5","E14001507","E15000006","E24000005","E30000237","E16000150","E07000240","26UGFX","E00120196","26UGFX","E65000001","E01023667","E02004936","5","6D1","E00120196","E01023667","E02004936","E33027453","E38000079","E63011552","C1","5A2",51.747828,-0.301865,"E37000048","","E23000027",30628,"E56000035","E54000025","E00120196","E01023667","E02004936"
"AL3 4RQ","AL3  4RQ","AL3 4RQ","198301","","E10000015","E58000666","E07000240","E05013966","E43000290","0","514273","0207281","1","E18000006","E40000007","E92000001","E12000006","5","E14001507","E15000006","E24000005","E30000237","E16000150","E07000240","26UGGR","E00120564","26UGGR","E65000001","E01023745","E02004937","5","6D1","E00120564","E01023745","E02004937","E33027458","E38000079","E63011552","C1","5A2",51.752575,-0.345947,"E37000048","","E23000027",31256,"E56000035","E54000025","E00120564","E01023745","E02004937"
"AL3 4RR","AL3  4RR","AL3 4RR","199208","201005","E10000015","E58000666","E07000240","E05013966","E43000290","1","514489","0207316","1","E18000006","E40000007","E92000001","E12000006","5","E14001507","E15000006","E24000005","E30000237","E16000150","E07000240","26UGGR","E00120567","26UGGR","E65000001","E01023745","E02004937","5","2B2","E00120567","E01023745","E02004937","E33024348","E38000079","E63011552","C1","5A3",51.752846,-0.342808,"E37000048","","E23000027",31256,"E56000035","E54000025","E00120567","E01023745","E02004937"
"AL3 4RS","AL3  4RS","AL3 4RS","198001","","E10000015","E58000666","E07000240","E05013966","E43000290","0","514299","0207168","1","E18000006","E40000007","E92000001","E12000006","5","E14001507","E15000006","E24000005","E30000237","E16000150","E07000240","26UGGR","E00120565","26UGGR","E65000001","E01023743","E02004937","5","6D1","E00120565","E01023743","E02004937","E33027457","E38000079","E63011552","C1","5A1",51.751554,-0.345608,"E37000048","","E23000027",30564,"E56000035","E54000025","E00120565","E01023743","E02004937"
"AL3 4RT","AL3  4RT","AL3 4RT","198001","","E10000015","E58000666","E07000240","E05013966","E43000290","0","514312","0207195","1","E18000006","E40000007","E92000001","E12000006","5","E14001507","E15000006","E24000005","E30000237","E16000150","E07000240","26UGGR","E00120566","26UGGR","E65000001","E01023743","E02004937","5","6D2","E00120566","E01023743","E02004937","E33027458","E38000079","E63011552","C1","5A3",51.751794,-0.345410,"E37000048","","E23000027",30564,"E56000035","E54000025","E00120566","E01023743","E02004937"
"AL3 4RU","AL3  4RU","AL3 4RU","198001","","E10000015","E58000666","E07000240","E05013966","E43000290","0","514127","0207187","1","E18000006","E40000007","E92000001","E12000006","5","E14001507","E15000006","E24000005","E30000237","E16000150","E07000240","26UGGR","E00120565","26UGGR","E65000001","E01023743","E02004937","5","6D1","E00120565","E01023743","E02004937","E33027457","E38000079","E63011552","C1","5A1",51.751760,-0.348092,"E37000048","","E23000027",30564,"E56000035","E54000025","E00120565","E01023743","E02004937"
"AL3 4RX","AL3  4RX","AL3 4RX","198001","","E10000015","E58000666","E07000240","E05013966","E43000290","0","514135","0207214","1","E18000006","E40000007","E92000001","E12000006","5","E14001507","E15000006","E24000005","E30000237","E16000150","E07000240","26UGGR","E00120565","26UGGR","E65000001","E01023743","E02004937","5","6D1","E00120565","E01023743","E02004937","E33027457","E38000079","E63011552","C1","5A1",51.752007,-0.347944,"E37000048","","E23000027",30564,"E56000035","E54000025","E00120565","E01023743","E02004937"
"AL3 4RY","AL3  4RY","AL3 4RY","198001","","E10000015","E58000666","E07000240","E05013966","E43000290","0","513950","0207427","1","E18000006","E40000007","E92000001","E12000006","5","E14001507","E15000006","E24000005","E30000237","E16000150","E07000240","26UGGR","E00120583","26UGGR","E65000001","E01023745","E02004937","5","6D1","E00120583","E01023745","E02004937","E33027455","E38000079","E63011552","C1","5A1",51.753953,-0.350576,"E37000048","","E23000027",31256,"E56000035","E54000025","E00120583","E01023745","E02004937"
"AL3 4RZ","AL3  4RZ","AL3 4RZ","198001","","E10000015","E58000666","E07000240","E05013966","E43000290","0","514011","0207402","1","E18000006","E40000007","E92000001","E12000006","5","E14001507","E15000006","E24000005","E30000237","E16000150","E07000240","26UGGR","E00120583","26UGGR","E65000001","E01023745","E02004937","5","6D1","E00120583","E01023745","E02004937","E33027455","E38000079","E63011552","C1","5A1",51.753716,-0.349701,"E37000048","","E23000027",31256,"E56000035","E54000025","E00120583","E01023745","E02004937"
"AL3 4SA","AL3  4SA","AL3 4SA","198001","","E10000015","E58000666","E07000240","E05013966","E43000290","0","513992","0207455","1","E18000006","E40000007","E92000001","E12000006","5","E14001507","E15000006","E24000005","E30000237","E16000150","E07000240","26UGGR","E00120583","26UGGR","E65000001","E01023745","E02004937","5","6D1","E00120583","E01023745","E02004937","E33027455","E38000079","E63011552","C1","5A1",51.754202,-0.349936,"E37000048","","E23000027",31256,"E56000035","E54000025","E00120583","E01023745","E02004937"
"AL3 4SB","AL3  4SB","AL3 4SB","198001","","E10000015","E58000666","E07000240","E05013966","E43000290","0","513940","0207461","1","E18000006","E40000007","E92000001","E12000006","5","E14001507","E15000006","E24000005","E30000237","E16000150","E07000240","26UGGR","E00120583","26UGGR","E65000001","E01023745","E02004937","5","6D1","E00120583","E01023745","E02004937","E33027455","E38000079","E63011552","C1","5A1",51.754261,-0.350710,"E37000048","","E23000027",31256,"E56000035","E54000025","E00120583","E01023745","E02004937"
"AL3 4SD","AL3  4SD","AL3 4SD","198001","","E10000015","E58000666","E07000240","E05013966","E43000290","0","513858","0207466","1","E18000006","E40000007","E92000001","E12000006","5","E14001507","E15000006","E24000005","E30000237","E16000150","E07000240","26UGGR","E00120583","26UGGR","E65000001","E01023745","E02004937","5","6D1","E00120583","E01023745","E02004937","E33027455","E38000079","E63011552","C1","5A1",51.754328,-0.351873,"E37000048","","E23000027",31256,"E56000035","E54000025","E00120583","E01023745","E02004937"
"AL3 4SE","AL3  4SE","AL3 4SE","198001","","E10000015","E58000666","E07000240","E05013966","E43000290","0","513858","0207531","1","E18000006","E40000007","E92000001","E12000006","5","E14001507","E15000006","E24000005","E30000237","E16000150","E07000240","26UGGR","E00120583","26UGGR","E65000001","E01023745","E02004937","5","6D1","E00120583","E01023745","E02004937","E33027455","E38000079","E63011552","C1","5A1",51.754913,-0.351851,"E37000048","","E23000027",31256,"E56000035","E54000025","E00120583","E01023745","E02004937"
"AL3 4SF","AL3  4SF","AL3 4SF","198001","","E10000015","E58000666","E07000240","E05013966","E43000290","0","513717","0207488","1","E18000006","E40000007","E92000001","E12000006","5","E14001507","E15000006","E24000005","E30000237","E16000150","E07000240","26UGGR","E00120562","26UGGR","E65000001","E01023745","E02004937","5","4D2","E00120562","E01023745","E02004937","E33027455","E38000079","E63011552","C1","5A1",51.754549,-0.353930,"E37000048","","E23000027",31256,"E56000035","E54000025","E00120562","E01023745","E02004937"
"AL3 4SG","AL3  4SG","AL3 4SG","198001","","E10000015","E58000666","E07000240","E05013966","E43000290","0","513739","0207425","1","E18000006","E40000007","E92000001","E12000006","5","E14001507","E15000006","E24000005","E30000237","E16000150","E07000240","26UGGR","E00120583","26UGGR","E65000001","E01023745","E02004937","5","6D1","E00120583","E01023745","E02004937","E33027455","E38000079","E63011552","C1","5A1",51.753984,-0.353609,"E37000048","","E23000027",31256,"E56000035","E54000025","E00120583","E01023745","E02004937"
"AL3 4SH","AL3  4SH","AL3 4SH","198001","","E10000015","E58000666","E07000240","E05013966","E43000290","0","513702","0207395","1","E18000006","E40000007","E92000001","E12000006","5","E14001507","E15000006","E24000005","E30000237","E16000150","E07000240","26UGGR","E00120583","26UGGR","E65000001","E01023745","E02004937","5","6D1","E00120583","E01023745","E02004937","E33027455","E38000079","E63011552","C1","5A1",51.753716,-0.354178,"E37000048","","E23000027",31256,"E56000035","E54000025","E00120583","E01023745","E02004937"
"AL3 4SJ","AL3  4SJ","AL3 4SJ","198001","","E10000015","E58000666","E07000240","E05013966","E43000290","0","513599","0207350","1","E18000006","E40000007","E92000001","E12000006","5","E14001507","E15000006","E24000005","E30000237","E16000150","E07000240","26UGGR","E00120583","26UGGR","E65000001","E01023745","E02004937","5","6D1","E00120583","E01023745","E02004937","E33027455","E38000079","E63011552","C1","5A1",51.753332,-0.355684,"E37000048","","E23000027",31256,"E56000035","E54000025","E00120583","E01023745","E02004937"
"AL3 4SL","AL3  4SL","AL3 4SL","198001","","E10000015","E58000666","E07000240","E05013966","E43000290","0","513565","0207299","1","E18000006","E40000007","E92000001","E12000006","5","E14001507","E15000006","E24000005","E30000237","E16000150","E07000240","26UGGR","E00120583","26UGGR","E65000001","E01023745","E02004937","5","6D1","E00120583","E01023745","E02004937","E33027455","E38000079","E63011552","C1","5A1",51.752887,-0.356170,"E37000048","","E23000027",31256,"E56000035","E54000025","E00120583","E01023745","E02004937"
"AL3 4SN","AL3  4SN","AL3 4SN","198001","","E10000015","E58000666","E07000240","E05013966","E43000290","0","513750","0207157","1","E18000006","E40000007","E92000001","E12000006","5","E14001507","E15000006","E24000005","E30000237","E16000150","E07000240","26UGGR","E00120583","26UGGR","E65000001","E01023745","E02004937","5","6D1","E00120583","E01023745","E02004937","E33027455","E38000079","","C1","5A1",51.751573,-0.353538,"E37000048","","E23000027",31256,"E56000035","E54000025","E00120583","E01023745","E02004937"
"AL3 4SP","AL3  4SP","AL3 4SP","198001","","E10000015","E58000666","E07000240","E05013966","E43000290","0","513747","0207404","1","E18000006","E40000007","E92000001","E12000006","5","E14001507","E15000006","E24000005","E30000237","E16000150","E07000240","26UGGR","E00120583","26UGGR","E65000001","E01023745","E02004937","5","6D1","E00120583","E01023745","E02004937","E33027455","E38000079","E63011552","C1","5A1",51.753788,-0.353523,"E37000048","","E23000027",31256,"E56000035","E54000025","E00120583","E01023745","E02004937"
"AL3 4SQ","AL3  4SQ","AL3 4SQ","198001","","E10000015","E58000666","E07000240","E05013966","E43000290","0","513712","0207447","1","E18000006","E40000007","E92000001","E12000006","5","E14001507","E15000006","E24000005","E30000237","E16000150","E07000240","26UGGR","E00120583","26UGGR","E65000001","E01023745","E02004937","5","6D1","E00120583","E01023745","E02004937","E33027455","E38000079","E63011552","C1","5A1",51.754181,-0.354016,"E37000048","","E23000027",31256,"E56000035","E54000025","E00120583","E01023745","E02004937"
"AL3 4SR","AL3  4SR","AL3 4SR","198001","200306","E10000015","E58000666","E07000240","E05013966","E43000290","0","513857","0207565","1","E18000006","E40000007","E92000001","E12000006","5","E14001507","E15000006","E24000005","E30000237","E16000150","E07000240","26UGGR","E00120583","26UGGR","E65000001","E01023745","E02004937","5","6D1","E00120583","E01023745","E02004937","E33027455","E38000079","E63011552","C1","5A1",51.755212,-0.351878,"E37000048","","E23000027",31256,"E56000035","E54000025","E00120583","E01023745","E02004937"
"AL3 4SS","AL3  4SS","AL3 4SS","198001","","E10000015","E58000666","E07000240","E05013966","E43000290","0","513912","0207646","1","E18000006","E40000007","E92000001","E12000006","5","E14001507","E15000006","E24000005","E30000237","E16000150","E07000240","26UGGR","E00120562","26UGGR","E65000001","E01023745","E02004937","5","4D2","E00120562","E01023745","E02004937","E33027455","E38000079","E63011552","C1","5A1",51.755929,-0.351055,"E37000048","","E23000027",31256,"E56000035","E54000025","E00120562","E01023745","E02004937"
"AL3 4ST","AL3  4ST","AL3 4ST","198001","","E10000015","E58000666","E07000240","E05013966","E43000290","0","513926","0207558","1","E18000006","E40000007","E92000001","E12000006","5","E14001507","E15000006","E24000005","E30000237","E16000150","E07000240","26UGGR","E00120562","26UGGR","E65000001","E01023745","E02004937","5","4D2","E00120562","E01023745","E02004937","E33027455","E38000079","E63011552","C1","5A1",51.755135,-0.350881,"E37000048","","E23000027",31256,"E56000035","E54000025","E00120562","E01023745","E02004937"
"AL3 4SU","AL3  4SU","AL3 4SU","198001","","E10000015","E58000666","E07000240","E05013966","E43000290","0","513976","0207718","1","E18000006","E40000007","E92000001","E12000006","5","E14001507","E15000006","E24000005","E30000237","E16000150","E07000240","26UGGR","E00120562","26UGGR","E65000001","E01023745","E02004937","5","4D2","E00120562","E01023745","E02004937","E33027455","E38000079","E63011552","C1","5A1",51.756569,-0.350081,"E37000048","","E23000027",31256,"E56000035","E54000025","E00120562","E01023745","E02004937"
"AL3 4SW","AL3  4SW","AL3 4SW","198001","","E10000015","E58000666","E07000240","E05013966","E43000290","0","513671","0207328","1","E18000006","E40000007","E92000001","E12000006","5","E14001507","E15000006","E24000005","E30000237","E16000150","E07000240","26UGGR","E00120583","26UGGR","E65000001","E01023745","E02004937","5","6D1","E00120583","E01023745","E02004937","E33027455","E38000079","E63011552","C1","5A1",51.753126,-0.354626,"E37000048","","E23000027",31256,"E56000035","E54000025","E00120583","E01023745","E02004937"
"AL3 4SX","AL3  4SX","AL3 4SX","198001","","E10000015","E58000666","E07000240","E05013966","E43000290","0","513977","0207635","1","E18000006","E40000007","E92000001","E12000006","5","E14001507","E15000006","E24000005","E30000237","E16000150","E07000240","26UGGR","E00120562","26UGGR","E65000001","E01023745","E02004937","5","4D2","E00120562","E01023745","E02004937","E33027455","E38000079","E63011552","C1","5A1",51.755823,-0.350094,"E37000048","","E23000027",31256,"E56000035","E54000025","E00120562","E01023745","E02004937"
"AL3 4SY","AL3  4SY","AL3 4SY","198001","","E10000015","E58000666","E07000240","E05013966","E43000290","0","513961","0207585","1","E18000006","E40000007","E92000001","E12000006","5","E14001507","E15000006","E24000005","E30000237","E16000150","E07000240","26UGGR","E00120562","26UGGR","E65000001","E01023745","E02004937","5","4D2","E00120562","E01023745","E02004937","E33027455","E38000079","E63011552","C1","5A1",51.755371,-0.350365,"E37000048","","E23000027",31256,"E56000035","E54000025","E00120562","E01023745","E02004937"
"AL3 4SZ","AL3  4SZ","AL3 4SZ","198001","","E10000015","E58000666","E07000240","E05013966","E43000290","0","513964","0207527","1","E18000006","E40000007","E92000001","E12000006","5","E14001507","E15000006","E24000005","E30000237","E16000150","E07000240","26UGGR","E00120562","26UGGR","E65000001","E01023745","E02004937","5","4D2","E00120562","E01023745","E02004937","E33027455","E38000079","E63011552","C1","5A1",51.754849,-0.350341,"E37000048","","E23000027",31256,"E56000035","E54000025","E00120562","E01023745","E02004937"
"AL3 4TA","AL3  4TA","AL3 4TA","198001","","E10000015","E58000666","E07000240","E05013966","E43000290","0","514017","0207611","1","E18000006","E40000007","E92000001","E12000006","5","E14001507","E15000006","E24000005","E30000237","E16000150","E07000240","26UGGR","E00120581","26UGGR","E65000001","E01023745","E02004937","5","6D1","E00120581","E01023745","E02004937","E33027458","E38000079","E63011552","C1","5A2",51.755599,-0.349523,"E37000048","","E23000027",31256,"E56000035","E54000025","E00120581","E01023745","E02004937"
"AL3 4TB","AL3  4TB","AL3 4TB","198001","","E10000015","E58000666","E07000240","E05013966","E43000290","0","514062","0207545","1","E18000006","E40000007","E92000001","E12000006","5","E14001507","E15000006","E24000005","E30000237","E16000150","E07000240","26UGGR","E00120581","26UGGR","E65000001","E01023745","E02004937","5","6D1","E00120581","E01023745","E02004937","E33027458","E38000079","E63011552","C1","5A2",51.754991,-0.348916,"E37000048","","E23000027",31256,"E56000035","E54000025","E00120581","E01023745","E02004937"
"AL3 4TD","AL3  4TD","AL3 4TD","198106","199112","E10000015","E58000666","E07000240","E05013966","E43000290","1","514100","0207500","8","E18000006","E40000007","E92000001","E12000006","5","E14001507","E15000006","E24000005","E30000237","E16000150","E07000240","26UGGR","E00120581","26UGGR","E65000001","E01023745","E02004937","5","6D1","E00120581","E01023745","E02004937","E33027458","E38000079","E63011552","C1","5A2",51.754579,-0.348380,"E37000048","","E23000027",31256,"E56000035","E54000025","E00120581","E01023745","E02004937"
"AL3 4TE","AL3  4TE","AL3 4TE","198001","199912","E10000015","E58000666","E07000240","E05013966","E43000290","0","514126","0207543","3","E18000006","E40000007","E92000001","E12000006","5","E14001507","E15000006","E24000005","E30000237","E16000150","E07000240","26UGGR","E00120582","26UGGR","E65000001","E01023745","E02004937","5","6D1","E00120582","E01023745","E02004937","E33027458","E38000079","E63011552","C1","5A1",51.754960,-0.347990,"E37000048","","E23000027",31256,"E56000035","E54000025","E00120582","E01023745","E02004937"
"AL3 4TF","AL3  4TF","AL3 4TF","198001","","E10000015","E58000666","E07000240","E05013966","E43000290","0","514096","0207506","1","E18000006","E40000007","E92000001","E12000006","5","E14001507","E15000006","E24000005","E30000237","E16000150","E07000240","26UGGR","E00120581","26UGGR","E65000001","E01023745","E02004937","5","6D1","E00120581","E01023745","E02004937","E33027458","E38000079","E63011552","C1","5A2",51.754634,-0.348436,"E37000048","","E23000027",31256,"E56000035","E54000025","E00120581","E01023745","E02004937"
"AL3 4TG","AL3  4TG","AL3 4TG","198001","","E10000015","E58000666","E07000240","E05013966","E43000290","0","514032","0207452","1","E18000006","E40000007","E92000001","E12000006","5","E14001507","E15000006","E24000005","E30000237","E16000150","E07000240","26UGGR","E00120583","26UGGR","E65000001","E01023745","E02004937","5","6D1","E00120583","E01023745","E02004937","E33027455","E38000079","E63011552","C1","5A1",51.754161,-0.349381,"E37000048","","E23000027",31256,"E56000035","E54000025","E00120583","E01023745","E02004937"
"AL3 4TH","AL3  4TH","AL3 4TH","198001","","E10000015","E58000666","E07000240","E05013966","E43000290","0","514131","0207405","1","E18000006","E40000007","E92000001","E12000006","5","E14001507","E15000006","E24000005","E30000237","E16000150","E07000240","26UGGR","E00120581","26UGGR","E65000001","E01023745","E02004937","5","6D1","E00120581","E01023745","E02004937","E33027458","E38000079","E63011552","C1","5A2",51.753725,-0.347939,"E37000048","","E23000027",31256,"E56000035","E54000025","E00120581","E01023745","E02004937"
"AL3 4TJ","AL3  4TJ","AL3 4TJ","198001","199806","E10000015","E58000666","E07000240","E05013966","E43000290","1","514126","0207543","3","E18000006","E40000007","E92000001","E12000006","5","E14001507","E15000006","E24000005","E30000237","E16000150","E07000240","26UGGR","E00120582","26UGGR","E65000001","E01023745","E02004937","5","6D1","E00120582","E01023745","E02004937","E33027458","E38000079","E63011552","C1","5A1",51.754960,-0.347990,"E37000048","","E23000027",31256,"E56000035","E54000025","E00120582","E01023745","E02004937"
"AL3 4TL","AL3  4TL","AL3 4TL","198001","","E10000015","E58000666","E07000240","E05013966","E43000290","0","513854","0207702","1","E18000006","E40000007","E92000001","E12000006","5","E14001507","E15000006","E24000005","E30000237","E16000150","E07000240","26UGGR","E00120562","26UGGR","E65000001","E01023745","E02004937","5","4D2","E00120562","E01023745","E02004937","E33027455","E38000079","E63011552","C1","5A1",51.756444,-0.351876,"E37000048","","E23000027",31256,"E56000035","E54000025","E00120562","E01023745","E02004937"
"AL3 4TN","AL3  4TN","AL3 4TN","198001","","E10000015","E58000666","E07000240","E05013966","E43000290","0","513769","0207667","1","E18000006","E40000007","E92000001","E12000006","5","E14001507","E15000006","E24000005","E30000237","E16000150","E07000240","26UGGR","E00120562","26UGGR","E65000001","E01023745","E02004937","5","4D2","E00120562","E01023745","E02004937","E33027455","E38000079","E63011552","C1","5A1",51.756147,-0.353119,"E37000048","","E23000027",31256,"E56000035","E54000025","E00120562","E01023745","E02004937"
"AL3 4TP","AL3  4TP","AL3 4TP","198106","199012","E10000015","E58000666","E07000240","E05013966","E43000290","1","513800","0207600","8","E18000006","E40000007","E92000001","E12000006","5","E14001507","E15000006","E24000005","E30000237","E16000150","E07000240","26UGGR","E00120562","26UGGR","E65000001","E01023745","E02004937","5","4D2","E00120562","E01023745","E02004937","E33027455","E38000079","E63011552","C1","5A1",51.755538,-0.352692,"E37000048","","E23000027",31256,"E56000035","E54000025","E00120562","E01023745","E02004937"
"AL3 4TQ","AL3  4TQ","AL3 4TQ","198001","","E10000015","E58000666","E07000240","E05013966","E43000290","0","514058","0207481","1","E18000006","E40000007","E92000001","E12000006","5","E14001507","E15000006","E24000005","E30000237","E16000150","E07000240","26UGGR","E00120581","26UGGR","E65000001","E01023745","E02004937","5","6D1","E00120581","E01023745","E02004937","E33027458","E38000079","E63011552","C1","5A2",51.754423,-0.348972,"E37000048","","E23000027",31256,"E56000035","E54000025","E00120581","E01023745","E02004937"
"AL3 4TR","AL3  4TR","AL3 4TR","199412","199501","E10000015","E58000666","E07000240","E05013966","E43000290","1","513800","0207600","8","E18000006","E40000007","E92000001","E12000006","5","E14001507","E15000006","E24000005","E30000237","E16000150","E07000240","26UGGR","E00120562","26UGGR","E65000001","E01023745","E02004937","5","4D2","E00120562","E01023745","E02004937","E33027455","E38000079","E63011552","C1","5A1",51.755538,-0.352692,"E37000048","","E23000027",31256,"E56000035","E54000025","E00120562","E01023745","E02004937"
"AL3 4TW","AL3  4TW","AL3 4TW","199208","200602","E10000015","E58000664","E07000240","E05013956","E43000290","1","517328","0206823","1","E18000006","E40000007","E92000001","E12000006","5","E14001507","E15000006","E24000005","E30000237","E16000150","E07000240","26UGFX","E00120196","26UGFX","E65000001","E01023667","E02004936","5","6D1","E00120196","E01023667","E02004936","E33027453","E38000079","E63011552","C1","5A2",51.747828,-0.301865,"E37000048","","E23000027",30628,"E56000035","E54000025","E00120196","E01023667","E02004936"
"AL3 4TZ","AL3  4TZ","AL3 4TZ","199712","","E10000015","E58000666","E07000240","E05013966","E43000290","0","514112","0207539","1","E18000006","E40000007","E92000001","E12000006","5","E14001507","E15000006","E24000005","E30000237","E16000150","E07000240","26UGGR","E00120582","26UGGR","E65000001","E01023745","E02004937","5","6D1","E00120582","E01023745","E02004937","E33027458","E38000079","E63011552","C1","5A1",51.754933,-0.348171,"E37000048","","E23000027",31256,"E56000035","E54000025","E00120582","E01023745","E02004937"
"AL3 4WA","AL3  4WA","AL3 4WA","200112","200212","E10000015","E58000664","E07000240","E05013956","E43000290","1","517328","0206823","1","E18000006","E40000007","E92000001","E12000006","5","E14001507","E15000006","E24000005","E30000237","E16000150","E07000240","26UGFX","E00120196","26UGFX","E65000001","E01023667","E02004936","5","6D1","E00120196","E01023667","E02004936","E33027453","E38000079","E63011552","C1","5A2",51.747828,-0.301865,"E37000048","","E23000027",30628,"E56000035","E54000025","E00120196","E01023667","E02004936"
"AL3 4WB","AL3  4WB","AL3 4WB","200206","200310","E10000015","E58000664","E07000240","E05013956","E43000290","1","517328","0206823","5","E18000006","E40000007","E92000001","E12000006","5","E14001507","E15000006","E24000005","E30000237","E16000150","E07000240","26UGFX","E00120196","26UGFX","E65000001","E01023667","E02004936","5","6D1","E00120196","E01023667","E02004936","E33027453","E38000079","E63011552","C1","5A2",51.747828,-0.301865,"E37000048","","E23000027",30628,"E56000035","E54000025","E00120196","E01023667","E02004936"
"AL3 4WD","AL3  4WD","AL3 4WD","200206","201605","E10000015","E58000664","E07000240","E05013956","E43000290","1","517321","0206803","1","E18000006","E40000007","E92000001","E12000006","5","E14001507","E15000006","E24000005","E30000237","E16000150","E07000240","26UGFX","E00120196","26UGFX","E65000001","E01023667","E02004936","5","6D1","E00120196","E01023667","E02004936","E33027453","E38000079","E63011552","C1","5A2",51.747650,-0.301973,"E37000048","","E23000027",30628,"E56000035","E54000025","E00120196","E01023667","E02004936"
"AL3 4WE","AL3  4WE","AL3 4WE","200409","200507","E10000015","E58000664","E07000240","E05013956","E43000290","1","517328","0206823","1","E18000006","E40000007","E92000001","E12000006","5","E14001507","E15000006","E24000005","E30000237","E16000150","E07000240","26UGFX","E00120196","26UGFX","E65000001","E01023667","E02004936","5","6D1","E00120196","E01023667","E02004936","E33027453","E38000079","E63011552","C1","5A2",51.747828,-0.301865,"E37000048","","E23000027",30628,"E56000035","E54000025","E00120196","E01023667","E02004936"
"AL3 4WJ","AL3  4WJ","AL3 4WJ","200207","202105","E10000015","E58000664","E07000240","E05013956","E43000290","1","517321","0206803","1","E18000006","E40000007","E92000001","E12000006","5","E14001507","E15000006","E24000005","E30000237","E16000150","E07000240","26UGFX","E00120196","26UGFX","E65000001","E01023667","E02004936","5","6D1","E00120196","E01023667","E02004936","E33027453","E38000079","E63011552","C1","5A2",51.747650,-0.301973,"E37000048","","E23000027",30628,"E56000035","E54000025","E00120196","E01023667","E02004936"
"AL3 4XJ","AL3  4XJ","AL3 4XJ","200303","201312","E10000015","E58000664","E07000240","E05013956","E43000290","1","517328","0206823","1","E18000006","E40000007","E92000001","E12000006","5","E14001507","E15000006","E24000005","E30000237","E16000150","E07000240","26UGFX","E00120196","26UGFX","E65000001","E01023667","E02004936","5","6D1","E00120196","E01023667","E02004936","E33027453","E38000079","E63011552","C1","5A2",51.747828,-0.301865,"E37000048","","E23000027",30628,"E56000035","E54000025","E00120196","E01023667","E02004936"
"AL3 4XL","AL3  4XL","AL3 4XL","200305","201706","E10000015","E58000664","E07000240","E05013956","E43000290","1","517321","0206803","1","E18000006","E40000007","E92000001","E12000006","5","E14001507","E15000006","E24000005","E30000237","E16000150","E07000240","26UGFX","E00120196","26UGFX","E65000001","E01023667","E02004936","5","6D1","E00120196","E01023667","E02004936","E33027453","E38000079","E63011552","C1","5A2",51.747650,-0.301973,"E37000048","","E23000027",30628,"E56000035","E54000025","E00120196","E01023667","E02004936"
"AL3 4XN","AL3  4XN","AL3 4XN","200302","201307","E10000015","E58000664","E07000240","E05013956","E43000290","1","517328","0206823","1","E18000006","E40000007","E92000001","E12000006","5","E14001507","E15000006","E24000005","E30000237","E16000150","E07000240","26UGFX","E00120196","26UGFX","E65000001","E01023667","E02004936","5","6D1","E00120196","E01023667","E02004936","E33027453","E38000079","E63011552","C1","5A2",51.747828,-0.301865,"E37000048","","E23000027",30628,"E56000035","E54000025","E00120196","E01023667","E02004936"
"AL3 4XQ","AL3  4XQ","AL3 4XQ","200301","200404","E10000015","E58000664","E07000240","E05013956","E43000290","1","517328","0206823","5","E18000006","E40000007","E92000001","E12000006","5","E14001507","E15000006","E24000005","E30000237","E16000150","E07000240","26UGFX","E00120196","26UGFX","E65000001","E01023667","E02004936","5","6D1","E00120196","E01023667","E02004936","E33027453","E38000079","E63011552","C1","5A2",51.747828,-0.301865,"E37000048","","E23000027",30628,"E56000035","E54000025","E00120196","E01023667","E02004936"
"AL3 4XR","AL3  4XR","AL3 4XR","200306","200601","E10000015","E58000666","E07000240","E05013966","E43000290","1","513699","0206550","6","E18000006","E40000007","E92000001","E12000006","5","E14001507","E15000006","E24000005","E30000237","E16000150","E07000240","26UGGR","E00120563","26UGGR","E65000001","E01023743","E02004937","5","2B1","E00120563","E01023743","E02004937","E33027457","E38000079","E63011552","C1","5B1",51.746122,-0.354497,"E37000048","","E23000027",30564,"E56000035","E54000025","E00120563","E01023743","E02004937"
"AL3 4XT","AL3  4XT","AL3 4XT","200306","200408","E10000015","E58000664","E07000240","E05013956","E43000290","1","517328","0206823","1","E18000006","E40000007","E92000001","E12000006","5","E14001507","E15000006","E24000005","E30000237","E16000150","E07000240","26UGFX","E00120196","26UGFX","E65000001","E01023667","E02004936","5","6D1","E00120196","E01023667","E02004936","E33027453","E38000079","E63011552","C1","5A2",51.747828,-0.301865,"E37000048","","E23000027",30628,"E56000035","E54000025","E00120196","E01023667","E02004936"
"AL3 4XZ","AL3  4XZ","AL3 4XZ","200207","200709","E10000015","E58000664","E07000240","E05013956","E43000290","1","517328","0206823","1","E18000006","E40000007","E92000001","E12000006","5","E14001507","E15000006","E24000005","E30000237","E16000150","E07000240","26UGFX","E00120196","26UGFX","E65000001","E01023667","E02004936","5","6D1","E00120196","E01023667","E02004936","E33027453","E38000079","E63011552","C1","5A2",51.747828,-0.301865,"E37000048","","E23000027",30628,"E56000035","E54000025","E00120196","E01023667","E02004936"
"AL3 4YN","AL3  4YN","AL3 4YN","200407","201208","E10000015","E58000664","E07000240","E05013956","E43000290","1","517328","0206823","1","E18000006","E40000007","E92000001","E12000006","5","E14001507","E15000006","E24000005","E30000237","E16000150","E07000240","26UGFX","E00120196","26UGFX","E65000001","E01023667","E02004936","5","6D1","E00120196","E01023667","E02004936","E33027453","E38000079","E63011552","C1","5A2",51.747828,-0.301865,"E37000048","","E23000027",30628,"E56000035","E54000025","E00120196","E01023667","E02004936"
"AL3 4YQ","AL3  4YQ","AL3 4YQ","200405","200601","E10000015","E58000664","E07000240","E05013956","E43000290","1","517328","0206823","5","E18000006","E40000007","E92000001","E12000006","5","E14001507","E15000006","E24000005","E30000237","E16000150","E07000240","26UGFX","E00120196","26UGFX","E65000001","E01023667","E02004936","5","6D1","E00120196","E01023667","E02004936","E33027453","E38000079","E63011552","C1","5A2",51.747828,-0.301865,"E37000048","","E23000027",30628,"E56000035","E54000025","E00120196","E01023667","E02004936"
"AL3 4ZD","AL3  4ZD","AL3 4ZD","199712","200101","E10000015","E58000666","E07000240","E05013966","E43000290","1","513699","0206550","6","E18000006","E40000007","E92000001","E12000006","5","E14001507","E15000006","E24000005","E30000237","E16000150","E07000240","26UGGR","E00120563","26UGGR","E65000001","E01023743","E02004937","5","2B1","E00120563","E01023743","E02004937","E33027457","E38000079","E63011552","C1","5B1",51.746122,-0.354497,"E37000048","","E23000027",30564,"E56000035","E54000025","E00120563","E01023743","E02004937"
"AL3 4ZE","AL3  4ZE","AL3 4ZE","199806","199812","E10000015","E58000666","E07000240","E05013966","E43000290","1","513699","0206550","6","E18000006","E40000007","E92000001","E12000006","5","E14001507","E15000006","E24000005","E30000237","E16000150","E07000240","26UGGR","E00120563","26UGGR","E65000001","E01023743","E02004937","5","2B1","E00120563","E01023743","E02004937","E33027457","E38000079","E63011552","C1","5B1",51.746122,-0.354497,"E37000048","","E23000027",30564,"E56000035","E54000025","E00120563","E01023743","E02004937"
"AL3 4ZF","AL3  4ZF","AL3 4ZF","199806","201605","E10000015","E58000664","E07000240","E05013956","E43000290","1","517321","0206803","1","E18000006","E40000007","E92000001","E12000006","5","E14001507","E15000006","E24000005","E30000237","E16000150","E07000240","26UGFX","E00120196","26UGFX","E65000001","E01023667","E02004936","5","6D1","E00120196","E01023667","E02004936","E33027453","E38000079","E63011552","C1","5A2",51.747650,-0.301973,"E37000048","","E23000027",30628,"E56000035","E54000025","E00120196","E01023667","E02004936"
"AL3 4ZG","AL3  4ZG","AL3 4ZG","199806","200509","E10000015","E58000664","E07000240","E05013956","E43000290","1","517328","0206823","1","E18000006","E40000007","E92000001","E12000006","5","E14001507","E15000006","E24000005","E30000237","E16000150","E07000240","26UGFX","E00120196","26UGFX","E65000001","E01023667","E02004936","5","6D1","E00120196","E01023667","E02004936","E33027453","E38000079","E63011552","C1","5A2",51.747828,-0.301865,"E37000048","","E23000027",30628,"E56000035","E54000025","E00120196","E01023667","E02004936"
"AL3 4ZH","AL3  4ZH","AL3 4ZH","199812","200807","E10000015","E58000664","E07000240","E05013956","E43000290","1","517328","0206823","1","E18000006","E40000007","E92000001","E12000006","5","E14001507","E15000006","E24000005","E30000237","E16000150","E07000240","26UGFX","E00120196","26UGFX","E65000001","E01023667","E02004936","5","6D1","E00120196","E01023667","E02004936","E33027453","E38000079","E63011552","C1","5A2",51.747828,-0.301865,"E37000048","","E23000027",30628,"E56000035","E54000025","E00120196","E01023667","E02004936"
"AL3 4ZJ","AL3  4ZJ","AL3 4ZJ","199912","200211","E10000015","E58000664","E07000240","E05013956","E43000290","1","517328","0206823","1","E18000006","E40000007","E92000001","E12000006","5","E14001507","E15000006","E24000005","E30000237","E16000150","E07000240","26UGFX","E00120196","26UGFX","E65000001","E01023667","E02004936","5","6D1","E00120196","E01023667","E02004936","E33027453","E38000079","E63011552","C1","5A2",51.747828,-0.301865,"E37000048","","E23000027",30628,"E56000035","E54000025","E00120196","E01023667","E02004936"
"AL3 4ZN","AL3  4ZN","AL3 4ZN","200403","200507","E10000015","E58000664","E07000240","E05013956","E43000290","1","517328","0206823","5","E18000006","E40000007","E92000001","E12000006","5","E14001507","E15000006","E24000005","E30000237","E16000150","E07000240","26UGFX","E00120196","26UGFX","E65000001","E01023667","E02004936","5","6D1","E00120196","E01023667","E02004936","E33027453","E38000079","E63011552","C1","5A2",51.747828,-0.301865,"E37000048","","E23000027",30628,"E56000035","E54000025","E00120196","E01023667","E02004936"
"AL3 4ZQ","AL3  4ZQ","AL3 4ZQ","200106","200408","E10000015","E58000664","E07000240","E05013956","E43000290","1","517328","0206823","1","E18000006","E40000007","E92000001","E12000006","5","E14001507","E15000006","E24000005","E30000237","E16000150","E07000240","26UGFX","E00120196","26UGFX","E65000001","E01023667","E02004936","5","6D1","E00120196","E01023667","E02004936","E33027453","E38000079","E63011552","C1","5A2",51.747828,-0.301865,"E37000048","","E23000027",30628,"E56000035","E54000025","E00120196","E01023667","E02004936"
"AL3 4ZR","AL3  4ZR","AL3 4ZR","200005","200009","E10000015","E58000666","E07000240","E05013966","E43000290","1","513900","0207500","8","E18000006","E40000007","E92000001","E12000006","5","E14001507","E15000006","E24000005","E30000237","E16000150","E07000240","26UGGR","E00120583","26UGGR","E65000001","E01023745","E02004937","5","6D1","E00120583","E01023745","E02004937","E33027455","E38000079","E63011552","C1","5A1",51.754619,-0.351276,"E37000048","","E23000027",31256,"E56000035","E54000025","E00120583","E01023745","E02004937"
"AL3 4ZS","AL3  4ZS","AL3 4ZS","200012","200310","E10000015","E58000664","E07000240","E05013956","E43000290","1","517328","0206823","1","E18000006","E40000007","E92000001","E12000006","5","E14001507","E15000006","E24000005","E30000237","E16000150","E07000240","26UGFX","E00120196","26UGFX","E65000001","E01023667","E02004936","5","6D1","E00120196","E01023667","E02004936","E33027453","E38000079","E63011552","C1","5A2",51.747828,-0.301865,"E37000048","","E23000027",30628,"E56000035","E54000025","E00120196","E01023667","E02004936"
"AL3 4ZT","AL3  4ZT","AL3 4ZT","200006","200107","E10000015","E58000666","E07000240","E05013966","E43000290","1","513699","0206550","6","E18000006","E40000007","E92000001","E12000006","5","E14001507","E15000006","E24000005","E30000237","E16000150","E07000240","26UGGR","E00120563","26UGGR","E65000001","E01023743","E02004937","5","2B1","E00120563","E01023743","E02004937","E33027457","E38000079","E63011552","C1","5B1",51.746122,-0.354497,"E37000048","","E23000027",30564,"E56000035","E54000025","E00120563","E01023743","E02004937"
"AL3 4ZU","AL3  4ZU","AL3 4ZU","199912","200111","E10000015","E58000664","E07000240","E05013956","E43000290","1","517328","0206823","1","E18000006","E40000007","E92000001","E12000006","5","E14001507","E15000006","E24000005","E30000237","E16000150","E07000240","26UGFX","E00120196","26UGFX","E65000001","E01023667","E02004936","5","6D1","E00120196","E01023667","E02004936","E33027453","E38000079","E63011552","C1","5A2",51.747828,-0.301865,"E37000048","","E23000027",30628,"E56000035","E54000025","E00120196","E01023667","E02004936"
"AL3 4ZX","AL3  4ZX","AL3 4ZX","199906","200010","E10000015","E58000666","E07000240","E05013966","E43000290","1","513900","0207500","8","E18000006","E40000007","E92000001","E12000006","5","E14001507","E15000006","E24000005","E30000237","E16000150","E07000240","26UGGR","E00120583","26UGGR","E65000001","E01023745","E02004937","5","6D1","E00120583","E01023745","E02004937","E33027455","E38000079","E63011552","C1","5A1",51.754619,-0.351276,"E37000048","","E23000027",31256,"E56000035","E54000025","E00120583","E01023745","E02004937"
"AL3 4ZY","AL3  4ZY","AL3 4ZY","199906","200006","E10000015","E58000666","E07000240","E05013966","E43000290","1","513699","0206550","6","E18000006","E40000007","E92000001","E12000006","5","E14001507","E15000006","E24000005","E30000237","E16000150","E07000240","26UGGR","E00120563","26UGGR","E65000001","E01023743","E02004937","5","2B1","E00120563","E01023743","E02004937","E33027457","E38000079","E63011552","C1","5B1",51.746122,-0.354497,"E37000048","","E23000027",30564,"E56000035","E54000025","E00120563","E01023743","E02004937"
"AL3 4ZZ","AL3  4ZZ","AL3 4ZZ","199712","199812","E10000015","E58000666","E07000240","E05013966","E43000290","1","513699","0206550","6","E18000006","E40000007","E92000001","E12000006","5","E14001507","E15000006","E24000005","E30000237","E16000150","E07000240","26UGGR","E00120563","26UGGR","E65000001","E01023743","E02004937","5","2B1","E00120563","E01023743","E02004937","E33027457","E38000079","E63011552","C1","5B1",51.746122,-0.354497,"E37000048","","E23000027",30564,"E56000035","E54000025","E00120563","E01023743","E02004937"
"AL3 5AA","AL3  5AA","AL3 5AA","199201","199405","E10000015","E58000663","E07000240","E05013948","E43000290","1","515100","0207900","8","E18000006","E40000007","E92000001","E12000006","5","E14001507","E15000006","E24000005","E30000237","E16000150","E07000240","26UGGM","E00120501","26UGGM","E65000001","E01023728","E02004935","5","2B1","E00120501","E01023728","E02004935","E33027451","E38000079","E63011552","C1","2D1",51.757969,-0.333767,"E37000048","","E23000027",29815,"E56000035","E54000025","E00120501","E01023728","E02004935"
"AL3 5AB","AL3  5AB","AL3 5AB","198001","","E10000015","E58000665","E07000240","E05013948","E43000290","0","515149","0207960","1","E18000006","E40000007","E92000001","E12000006","5","E14001507","E15000006","E24000005","E30000237","E16000150","E07000240","26UGGJ","E00120417","26UGGJ","E65000001","E01023716","E02004933","5","6D1","E00120417","E01023716","E02004933","E33027435","E38000079","E63011552","C1","5A2",51.758498,-0.333038,"E37000048","","E23000027",32598,"E56000035","E54000025","E00120417","E01023716","E02004933"
"AL3 5AD","AL3  5AD","AL3 5AD","198001","","E10000015","E58000665","E07000240","E05013948","E43000290","0","515107","0208125","1","E18000006","E40000007","E92000001","E12000006","5","E14001507","E15000006","E24000005","E30000237","E16000150","E07000240","26UGGJ","E00120417","26UGGJ","E65000001","E01023716","E02004933","5","6D1","E00120417","E01023716","E02004933","E33027435","E38000079","E63011552","C1","5A2",51.759996,-0.333568,"E37000048","","E23000027",32598,"E56000035","E54000025","E00120417","E01023716","E02004933"
"AL3 5AE","AL3  5AE","AL3 5AE","198001","","E10000015","E58000665","E07000240","E05013948","E43000290","0","515161","0208176","1","E18000006","E40000007","E92000001","E12000006","5","E14001507","E15000006","E24000005","E30000237","E16000150","E07000240","26UGGJ","E00120417","26UGGJ","E65000001","E01023716","E02004933","5","6D1","E00120417","E01023716","E02004933","E33027435","E38000079","E63011552","C1","5A2",51.760443,-0.332769,"E37000048","","E23000027",32598,"E56000035","E54000025","E00120417","E01023716","E02004933"
"AL3 5AF","AL3  5AF","AL3 5AF","198001","199512","E10000015","E58000665","E07000240","E05013948","E43000290","0","515200","0208200","8","E18000006","E40000007","E92000001","E12000006","5","E14001507","E15000006","E24000005","E30000237","E16000150","E07000240","26UGGJ","E00120417","26UGGJ","E65000001","E01023716","E02004933","5","6D1","E00120417","E01023716","E02004933","E33027435","E38000079","E63011552","C1","5A2",51.760645,-0.332220,"E37000048","","E23000027",32598,"E56000035","E54000025","E00120417","E01023716","E02004933"
"AL3 5AG","AL3  5AG","AL3 5AG","198001","201601","E10000015","E58000665","E07000240","E05013948","E43000290","1","515130","0208404","1","E18000006","E40000007","E92000001","E12000006","5","E14001507","E15000006","E24000005","E30000237","E16000150","E07000240","26UGGJ","E00120417","26UGGJ","E65000001","E01023716","E02004933","5","6D1","E00120417","E01023716","E02004933","E33027435","E38000079","E63011552","C1","5A2",51.762493,-0.333166,"E37000048","","E23000027",32598,"E56000035","E54000025","E00120417","E01023716","E02004933"
"AL3 5AH","AL3  5AH","AL3 5AH","198001","","E10000015","E58000665","E07000240","E05013948","E43000290","0","514988","0208741","1","E18000006","E40000007","E92000001","E12000006","5","E14001507","E15000006","E24000005","E30000237","E16000150","E07000240","26UGGJ","E00120423","26UGGJ","E65000001","E01023713","E02004930","5","4D2","E00120423","E01023713","E02004930","E33027427","E38000079","E63011552","C1","5B1",51.765551,-0.335111,"E37000048","","E23000027",28886,"E56000035","E54000025","E00120423","E01023713","E02004930"
"AL3 5AJ","AL3  5AJ","AL3 5AJ","198001","","E10000015","E58000665","E07000240","E05013948","E43000290","0","515109","0208742","1","E18000006","E40000007","E92000001","E12000006","5","E14001507","E15000006","E24000005","E30000237","E16000150","E07000240","26UGGJ","E00120423","26UGGJ","E65000001","E01023713","E02004930","5","4D2","E00120423","E01023713","E02004930","E33027427","E38000079","E63011552","C1","5B1",51.765535,-0.333358,"E37000048","","E23000027",28886,"E56000035","E54000025","E00120423","E01023713","E02004930"
"AL3 5AL","AL3  5AL","AL3 5AL","198001","","E10000015","E58000665","E07000240","E05013948","E43000290","0","515043","0208678","1","E18000006","E40000007","E92000001","E12000006","5","E14001507","E15000006","E24000005","E30000237","E16000150","E07000240","26UGGJ","E00120429","26UGGJ","E65000001","E01023716","E02004933","5","4D2","E00120429","E01023716","E02004933","E33027435","E38000079","E63011552","C1","6A4",51.764973,-0.334335,"E37000048","","E23000027",32598,"E56000035","E54000025","E00120429","E01023716","E02004933"
"AL3 5AN","AL3  5AN","AL3 5AN","198001","","E10000015","E58000665","E07000240","E05013948","E43000290","0","515308","0208825","1","E18000006","E40000007","E92000001","E12000006","5","E14001507","E15000006","E24000005","E30000237","E16000150","E07000240","26UGGJ","E00120423","26UGGJ","E65000001","E01023713","E02004930","5","4D2","E00120423","E01023713","E02004930","E33027427","E38000079","E63011552","C1","5B1",51.766240,-0.330448,"E37000048","","E23000027",28886,"E56000035","E54000025","E00120423","E01023713","E02004930"
"AL3 5AP","AL3  5AP","AL3 5AP","198001","","E10000015","E58000665","E07000240","E05013948","E43000290","0","515726","0208908","1","E18000006","E40000007","E92000001","E12000006","5","E14001507","E15000006","E24000005","E30000237","E16000150","E07000240","26UGGJ","E00120424","26UGGJ","E65000001","E01023713","E02004930","5","7A2","E00120424","E01023713","E02004930","E33027427","E38000079","E63011552","C1","4C3",51.766905,-0.324342,"E37000048","","E23000027",28886,"E56000035","E54000025","E00120424","E01023713","E02004930"
"AL3 5AQ","AL3  5AQ","AL3 5AQ","198001","200508","E10000015","E58000665","E07000240","E05013948","E43000290","0","515138","0208362","1","E18000006","E40000007","E92000001","E12000006","5","E14001507","E15000006","E24000005","E30000237","E16000150","E07000240","26UGGJ","E00120417","26UGGJ","E65000001","E01023716","E02004933","5","6D1","E00120417","E01023716","E02004933","E33027435","E38000079","E63011552","C1","5A2",51.762114,-0.333064,"E37000048","","E23000027",32598,"E56000035","E54000025","E00120417","E01023716","E02004933"
"AL3 5AR","AL3  5AR","AL3 5AR","198001","199512","E10000015","E58000665","E07000240","E05013948","E43000290","1","515800","0208900","8","E18000006","E40000007","E92000001","E12000006","5","E14001507","E15000006","E24000005","E30000237","E16000150","E07000240","26UGGJ","E00120424","26UGGJ","E65000001","E01023713","E02004930","5","7A2","E00120424","E01023713","E02004930","E33027427","E38000079","E63011552","C1","4C3",51.766812,-0.323297,"E37000048","","E23000027",28886,"E56000035","E54000025","E00120424","E01023713","E02004930"
"AL3 5AS","AL3  5AS","AL3 5AS","198001","","E10000015","E58000665","E07000240","E05013948","E43000290","0","515790","0208928","1","E18000006","E40000007","E92000001","E12000006","5","E14001507","E15000006","E24000005","E30000237","E16000150","E07000240","26UGGJ","E00120421","26UGGJ","E65000001","E01023713","E02004930","5","5B1","E00120421","E01023713","E02004930","E33027427","E38000079","E63011552","C1","7A2",51.767066,-0.323432,"E37000048","","E23000027",28886,"E56000035","E54000025","E00120421","E01023713","E02004930"
"AL3 5AT","AL3  5AT","AL3 5AT","198001","","E10000015","E58000665","E07000240","E05013948","E43000290","0","515645","0208981","1","E18000006","E40000007","E92000001","E12000006","5","E14001507","E15000006","E24000005","E30000237","E16000150","E07000240","26UGGJ","E00120424","26UGGJ","E65000001","E01023713","E02004930","5","7A2","E00120424","E01023713","E02004930","E33027427","E38000079","E63011552","C1","4C3",51.767572,-0.325515,"E37000048","","E23000027",28886,"E56000035","E54000025","E00120424","E01023713","E02004930"
"AL3 5AU","AL3  5AU","AL3 5AU","198001","","E10000015","E58000665","E07000240","E05013948","E43000290","0","515459","0208979","1","E18000006","E40000007","E92000001","E12000006","5","E14001507","E15000006","E24000005","E30000237","E16000150","E07000240","26UGGJ","E00120424","26UGGJ","E65000001","E01023713","E02004930","5","7A2","E00120424","E01023713","E02004930","E33027427","E38000079","E63011552","C1","4C3",51.767593,-0.328210,"E37000048","","E23000027",28886,"E56000035","E54000025","E00120424","E01023713","E02004930"
"AL3 5AW","AL3  5AW","AL3 5AW","198001","","E10000015","E58000665","E07000240","E05013948","E43000290","0","515497","0208934","1","E18000006","E40000007","E92000001","E12000006","5","E14001507","E15000006","E24000005","E30000237","E16000150","E07000240","26UGGJ","E00120424","26UGGJ","E65000001","E01023713","E02004930","5","7A2","E00120424","E01023713","E02004930","E33027427","E38000079","E63011552","C1","4C3",51.767180,-0.327674,"E37000048","","E23000027",28886,"E56000035","E54000025","E00120424","E01023713","E02004930"
"AL3 5AX","AL3  5AX","AL3 5AX","198001","","E10000015","E58000665","E07000240","E05013948","E43000290","0","515255","0208843","1","E18000006","E40000007","E92000001","E12000006","5","E14001507","E15000006","E24000005","E30000237","E16000150","E07000240","26UGGJ","E00120423","26UGGJ","E65000001","E01023713","E02004930","5","4D2","E00120423","E01023713","E02004930","E33027427","E38000079","E63011552","C1","5B1",51.766412,-0.331210,"E37000048","","E23000027",28886,"E56000035","E54000025","E00120423","E01023713","E02004930"
"AL3 5AY","AL3  5AY","AL3 5AY","198001","","E10000015","E58000665","E07000240","E05013948","E43000290","0","515175","0208527","1","E18000006","E40000007","E92000001","E12000006","5","E14001507","E15000006","E24000005","E30000237","E16000150","E07000240","26UGGJ","E00120429","26UGGJ","E65000001","E01023716","E02004933","5","4D2","E00120429","E01023716","E02004933","E33027435","E38000079","E63011552","C1","6A4",51.763595,-0.332450,"E37000048","","E23000027",32598,"E56000035","E54000025","E00120429","E01023716","E02004933"
"AL3 5AZ","AL3  5AZ","AL3 5AZ","199101","","E10000015","E58000665","E07000240","E05013948","E43000290","0","515150","0207997","1","E18000006","E40000007","E92000001","E12000006","5","E14001507","E15000006","E24000005","E30000237","E16000150","E07000240","26UGGJ","E00120417","26UGGJ","E65000001","E01023716","E02004933","5","6D1","E00120417","E01023716","E02004933","E33027435","E38000079","E63011552","C1","5A2",51.758831,-0.333011,"E37000048","","E23000027",32598,"E56000035","E54000025","E00120417","E01023716","E02004933"
"AL3 5BA","AL3  5BA","AL3 5BA","199507","","E10000015","E58000663","E07000240","E05013964","E43000290","0","514772","0207599","1","E18000006","E40000007","E92000001","E12000006","5","E14001507","E15000006","E24000005","E30000237","E16000150","E07000240","26UGGM","E00120480","26UGGM","E65000001","E01023728","E02004935","5","2B2","E00120480","E01023728","E02004935","E33027445","E38000079","E63011552","C1","5B2",51.755331,-0.338616,"E37000048","","E23000027",29815,"E56000035","E54000025","E00120480","E01023728","E02004935"
"AL3 5BB","AL3  5BB","AL3 5BB","199412","199507","E10000015","E58000663","E07000240","E05013964","E43000290","1","514800","0207500","8","E18000006","E40000007","E92000001","E12000006","5","E14001507","E15000006","E24000005","E30000237","E16000150","E07000240","26UGGM","E00120480","26UGGM","E65000001","E01023728","E02004935","5","2B2","E00120480","E01023728","E02004935","E33027445","E38000079","E63011552","C1","5B2",51.754436,-0.338244,"E37000048","","E23000027",29815,"E56000035","E54000025","E00120480","E01023728","E02004935"
"AL3 5BD","AL3  5BD","AL3 5BD","199606","199812","E10000015","E58000663","E07000240","E05013947","E43000290","1","514690","0208065","6","E18000006","E40000007","E92000001","E12000006","5","E14001507","E15000006","E24000005","E30000237","E16000150","E07000240","26UGGM","E00120499","26UGGM","E65000001","E01023728","E02004935","5","6D1","E00120499","E01023728","E02004935","E33027446","E38000079","E63011552","C1","5A2",51.759536,-0.339650,"E37000048","","E23000027",29815,"E56000035","E54000025","E00120499","E01023728","E02004935"
"AL3 5BE","AL3  5BE","AL3 5BE","201405","","E10000015","E58000663","E07000240","E05013964","E43000290","0","514785","0207610","1","E18000006","E40000007","E92000001","E12000006","5","E14001507","E15000006","E24000005","E30000237","E16000150","E07000240","26UGGM","E00120480","26UGGM","E65000001","E01023728","E02004935","5","2B2","E00120480","E01023728","E02004935","E33027445","E38000079","E63011552","C1","5B2",51.755428,-0.338425,"E37000048","","E23000027",29815,"E56000035","E54000025","E00120480","E01023728","E02004935"
"AL3 5BF","AL3  5BF","AL3 5BF","199612","199806","E10000015","E58000663","E07000240","E05013947","E43000290","1","514682","0208070","6","E18000006","E40000007","E92000001","E12000006","5","E14001507","E15000006","E24000005","E30000237","E16000150","E07000240","26UGGM","E00120499","26UGGM","E65000001","E01023728","E02004935","5","6D1","E00120499","E01023728","E02004935","E33027446","E38000079","E63011552","C1","5A2",51.759583,-0.339764,"E37000048","","E23000027",29815,"E56000035","E54000025","E00120499","E01023728","E02004935"
"AL3 5BG","AL3  5BG","AL3 5BG","198001","","E10000015","E58000663","E07000240","E05013964","E43000290","0","514808","0207606","1","E18000006","E40000007","E92000001","E12000006","5","E14001507","E15000006","E24000005","E30000237","E16000150","E07000240","26UGGM","E00120478","26UGGM","E65000001","E01023728","E02004935","5","6D1","E00120478","E01023728","E02004935","E33027446","E38000079","E63011552","C1","2D2",51.755387,-0.338093,"E37000048","","E23000027",29815,"E56000035","E54000025","E00120478","E01023728","E02004935"
"AL3 5BH","AL3  5BH","AL3 5BH","198001","","E10000015","E58000663","E07000240","E05013964","E43000290","0","514878","0207544","1","E18000006","E40000007","E92000001","E12000006","5","E14001507","E15000006","E24000005","E30000237","E16000150","E07000240","26UGGM","E00120479","26UGGM","E65000001","E01023727","E02004935","5","2B1","E00120479","E01023727","E02004935","E33024325","E38000079","E63011552","C1","2D1",51.754815,-0.337100,"E37000048","","E23000027",15120,"E56000035","E54000025","E00120479","E01023727","E02004935"
"AL3 5BJ","AL3  5BJ","AL3 5BJ","198001","","E10000015","E58000663","E07000240","E05013964","E43000290","0","514864","0207577","1","E18000006","E40000007","E92000001","E12000006","5","E14001507","E15000006","E24000005","E30000237","E16000150","E07000240","26UGGM","E00120479","26UGGM","E65000001","E01023727","E02004935","5","2B1","E00120479","E01023727","E02004935","E33024325","E38000079","E63011552","C1","2D1",51.755121,-0.337268,"E37000048","","E23000027",15120,"E56000035","E54000025","E00120479","E01023727","E02004935"
"AL3 5BL","AL3  5BL","AL3 5BL","198001","200112","E10000015","E58000663","E07000240","E05013964","E43000290","1","514797","0207628","1","E18000006","E40000007","E92000001","E12000006","5","E14001507","E15000006","E24000005","E30000237","E16000150","E07000240","26UGGM","E00120478","26UGGM","E65000001","E01023728","E02004935","5","6D1","E00120478","E01023728","E02004935","E33027446","E38000079","E63011552","C1","2D2",51.755587,-0.338245,"E37000048","","E23000027",29815,"E56000035","E54000025","E00120478","E01023728","E02004935"
"AL3 5BN","AL3  5BN","AL3 5BN","198001","","E10000015","E58000663","E07000240","E05013964","E43000290","0","514782","0207647","1","E18000006","E40000007","E92000001","E12000006","5","E14001507","E15000006","E24000005","E30000237","E16000150","E07000240","26UGGM","E00120478","26UGGM","E65000001","E01023728","E02004935","5","6D1","E00120478","E01023728","E02004935","E33027446","E38000079","E63011552","C1","2D2",51.755761,-0.338456,"E37000048","","E23000027",29815,"E56000035","E54000025","E00120478","E01023728","E02004935"
"AL3 5BP","AL3  5BP","AL3 5BP","198001","","E10000015","E58000663","E07000240","E05013964","E43000290","0","514724","0207680","1","E18000006","E40000007","E92000001","E12000006","5","E14001507","E15000006","E24000005","E30000237","E16000150","E07000240","26UGGM","E00120478","26UGGM","E65000001","E01023728","E02004935","5","6D1","E00120478","E01023728","E02004935","E33027446","E38000079","E63011552","C1","2D2",51.756069,-0.339285,"E37000048","","E23000027",29815,"E56000035","E54000025","E00120478","E01023728","E02004935"
"AL3 5BQ","AL3  5BQ","AL3 5BQ","198001","200201","E10000015","E58000663","E07000240","E05013964","E43000290","1","514808","0207590","1","E18000006","E40000007","E92000001","E12000006","5","E14001507","E15000006","E24000005","E30000237","E16000150","E07000240","26UGGM","E00120478","26UGGM","E65000001","E01023728","E02004935","5","6D1","E00120478","E01023728","E02004935","E33027446","E38000079","E63011552","C1","2D2",51.755243,-0.338098,"E37000048","","E23000027",29815,"E56000035","E54000025","E00120478","E01023728","E02004935"
"AL3 5BS","AL3  5BS","AL3 5BS","198504","200112","E10000015","E58000663","E07000240","E05013947","E43000290","1","514675","0207727","1","E18000006","E40000007","E92000001","E12000006","5","E14001507","E15000006","E24000005","E30000237","E16000150","E07000240","26UGGM","E00120478","26UGGM","E65000001","E01023728","E02004935","5","6D1","E00120478","E01023728","E02004935","E33027446","E38000079","E63011552","C1","2D2",51.756502,-0.339979,"E37000048","","E23000027",29815,"E56000035","E54000025","E00120478","E01023728","E02004935"
"AL3 5BT","AL3  5BT","AL3 5BT","198001","","E10000015","E58000663","E07000240","E05013964","E43000290","0","514727","0207708","1","E18000006","E40000007","E92000001","E12000006","5","E14001507","E15000006","E24000005","E30000237","E16000150","E07000240","26UGGM","E00120478","26UGGM","E65000001","E01023728","E02004935","5","6D1","E00120478","E01023728","E02004935","E33027446","E38000079","E63011552","C1","2D2",51.756326,-0.339209,"E37000048","","E23000027",29815,"E56000035","E54000025","E00120478","E01023728","E02004935"
"AL3 5BU","AL3  5BU","AL3 5BU","198001","","E10000015","E58000663","E07000240","E05013964","E43000290","0","514839","0207625","1","E18000006","E40000007","E92000001","E12000006","5","E14001507","E15000006","E24000005","E30000237","E16000150","E07000240","26UGGM","E00120478","26UGGM","E65000001","E01023728","E02004935","5","6D1","E00120478","E01023728","E02004935","E33027446","E38000079","E63011552","C1","2D2",51.755557,-0.337614,"E37000048","","E23000027",29815,"E56000035","E54000025","E00120478","E01023728","E02004935"
"AL3 5BW","AL3  5BW","AL3 5BW","199706","199806","E10000015","E58000663","E07000240","E05013947","E43000290","1","514682","0208070","6","E18000006","E40000007","E92000001","E12000006","5","E14001507","E15000006","E24000005","E30000237","E16000150","E07000240","26UGGM","E00120499","26UGGM","E65000001","E01023728","E02004935","5","6D1","E00120499","E01023728","E02004935","E33027446","E38000079","E63011552","C1","5A2",51.759583,-0.339764,"E37000048","","E23000027",29815,"E56000035","E54000025","E00120499","E01023728","E02004935"
"AL3 5BX","AL3  5BX","AL3 5BX","198001","","E10000015","E58000663","E07000240","E05013964","E43000290","0","514874","0207595","1","E18000006","E40000007","E92000001","E12000006","5","E14001507","E15000006","E24000005","E30000237","E16000150","E07000240","26UGGM","E00120478","26UGGM","E65000001","E01023728","E02004935","5","6D1","E00120478","E01023728","E02004935","E33027446","E38000079","E63011552","C1","2D2",51.755275,-0.337141,"E37000048","","E23000027",29815,"E56000035","E54000025","E00120478","E01023728","E02004935"
"AL3 5BY","AL3  5BY","AL3 5BY","198001","","E10000015","E58000663","E07000240","E05013964","E43000290","1","514879","0207630","1","E18000006","E40000007","E92000001","E12000006","5","E14001507","E15000006","E24000005","E30000237","E16000150","E07000240","26UGGM","E00120478","26UGGM","E65000001","E01023728","E02004935","5","6D1","E00120478","E01023728","E02004935","E33027446","E38000079","E63011552","C1","2D2",51.755588,-0.337057,"E37000048","","E23000027",29815,"E56000035","E54000025","E00120478","E01023728","E02004935"
"AL3 5BZ","AL3  5BZ","AL3 5BZ","198001","","E10000015","E58000663","E07000240","E05013964","E43000290","0","514855","0207581","1","E18000006","E40000007","E92000001","E12000006","5","E14001507","E15000006","E24000005","E30000237","E16000150","E07000240","26UGGM","E00120479","26UGGM","E65000001","E01023727","E02004935","5","2B1","E00120479","E01023727","E02004935","E33024325","E38000079","E63011552","C1","2D1",51.755158,-0.337397,"E37000048","","E23000027",15120,"E56000035","E54000025","E00120479","E01023727","E02004935"
"AL3 5DA","AL3  5DA","AL3 5DA","199208","201702","E10000015","E58000663","E07000240","E05013964","E43000290","1","514808","0207590","1","E18000006","E40000007","E92000001","E12000006","5","E14001507","E15000006","E24000005","E30000237","E16000150","E07000240","26UGGM","E00120478","26UGGM","E65000001","E01023728","E02004935","5","6D1","E00120478","E01023728","E02004935","E33027446","E38000079","E63011552","C1","2D2",51.755243,-0.338098,"E37000048","","E23000027",29815,"E56000035","E54000025","E00120478","E01023728","E02004935"
"AL3 5DB","AL3  5DB","AL3 5DB","199512","199706","E10000015","E58000666","E07000240","E05013966","E43000290","1","514600","0207100","8","E18000006","E40000007","E92000001","E12000006","5","E14001507","E15000006","E24000005","E30000237","E16000150","E07000240","26UGGR","E00120568","26UGGR","E65000001","E01023743","E02004937","5","2B2","E00120568","E01023743","E02004937","E33024349","E38000079","E63011552","C1","5A3",51.750882,-0.341271,"E37000048","","E23000027",30564,"E56000035","E54000025","E00120568","E01023743","E02004937"
"AL3 5DD","AL3  5DD","AL3 5DD","199101","","E10000015","E58000663","E07000240","E05013964","E43000290","0","514768","0207638","1","E18000006","E40000007","E92000001","E12000006","5","E14001507","E15000006","E24000005","E30000237","E16000150","E07000240","26UGGM","E00120478","26UGGM","E65000001","E01023728","E02004935","5","6D1","E00120478","E01023728","E02004935","E33027446","E38000079","E63011552","C1","2D2",51.755689,-0.338638,"E37000048","","E23000027",29815,"E56000035","E54000025","E00120478","E01023728","E02004935"
"AL3 5DE","AL3  5DE","AL3 5DE","199412","199507","E10000015","E58000663","E07000240","E05013964","E43000290","1","514700","0207500","8","E18000006","E40000007","E92000001","E12000006","5","E14001507","E15000006","E24000005","E30000237","E16000150","E07000240","26UGGM","E00120480","26UGGM","E65000001","E01023728","E02004935","5","2B2","E00120480","E01023728","E02004935","E33027445","E38000079","E63011552","C1","5B2",51.754456,-0.339692,"E37000048","","E23000027",29815,"E56000035","E54000025","E00120480","E01023728","E02004935"
"AL3 5DF","AL3  5DF","AL3 5DF","199606","199912","E10000015","E58000663","E07000240","E05013947","E43000290","1","514682","0208070","6","E18000006","E40000007","E92000001","E12000006","5","E14001507","E15000006","E24000005","E30000237","E16000150","E07000240","26UGGM","E00120499","26UGGM","E65000001","E01023728","E02004935","5","6D1","E00120499","E01023728","E02004935","E33027446","E38000079","E63011552","C1","5A2",51.759583,-0.339764,"E37000048","","E23000027",29815,"E56000035","E54000025","E00120499","E01023728","E02004935"
"AL3 5DG","AL3  5DG","AL3 5DG","198001","","E10000015","E58000663","E07000240","E05013964","E43000290","0","514696","0207174","1","E18000006","E40000007","E92000001","E12000006","5","E14001507","E15000006","E24000005","E30000237","E16000150","E07000240","26UGGM","E00120481","26UGGM","E65000001","E01023727","E02004935","5","2B2","E00120481","E01023727","E02004935","E33024336","E38000079","E63011552","C1","2D1",51.751533,-0.339834,"E37000048","","E23000027",15120,"E56000035","E54000025","E00120481","E01023727","E02004935"
"AL3 5DH","AL3  5DH","AL3 5DH","200401","200401","E10000015","E58000664","E07000240","E05013956","E43000290","1","517328","0206823","1","E18000006","E40000007","E92000001","E12000006","5","E14001507","E15000006","E24000005","E30000237","E16000150","E07000240","26UGFX","E00120196","26UGFX","E65000001","E01023667","E02004936","5","6D1","E00120196","E01023667","E02004936","E33027453","E38000079","E63011552","C1","5A2",51.747828,-0.301865,"E37000048","","E23000027",30628,"E56000035","E54000025","E00120196","E01023667","E02004936"
"AL3 5DJ","AL3  5DJ","AL3 5DJ","198001","201802","E10000015","E58000663","E07000240","E05013964","E43000290","0","514753","0207245","1","E18000006","E40000007","E92000001","E12000006","5","E14001507","E15000006","E24000005","E30000237","E16000150","E07000240","26UGGM","E00120481","26UGGM","E65000001","E01023727","E02004935","5","2B2","E00120481","E01023727","E02004935","E33024333","E38000079","E63011552","C1","2D1",51.752154,-0.339008,"E37000048","","E23000027",15120,"E56000035","E54000025","E00120481","E01023727","E02004935"
"AL3 5DL","AL3  5DL","AL3 5DL","198001","","E10000015","E58000663","E07000240","E05013964","E43000290","0","514716","0207258","1","E18000006","E40000007","E92000001","E12000006","5","E14001507","E15000006","E24000005","E30000237","E16000150","E07000240","26UGGM","E00120479","26UGGM","E65000001","E01023727","E02004935","5","2B1","E00120479","E01023727","E02004935","E33024330","E38000079","E63011552","C1","2D1",51.752278,-0.339540,"E37000048","","E23000027",15120,"E56000035","E54000025","E00120479","E01023727","E02004935"
"AL3 5DN","AL3  5DN","AL3 5DN","198001","200111","E10000015","E58000663","E07000240","E05013964","E43000290","1","514731","0207261","1","E18000006","E40000007","E92000001","E12000006","5","E14001507","E15000006","E24000005","E30000237","E16000150","E07000240","26UGGM","E00120479","26UGGM","E65000001","E01023727","E02004935","5","2B1","E00120479","E01023727","E02004935","E33024330","E38000079","E63011552","C1","2D1",51.752302,-0.339322,"E37000048","","E23000027",15120,"E56000035","E54000025","E00120479","E01023727","E02004935"
"AL3 5DP","AL3  5DP","AL3 5DP","198001","","E10000015","E58000663","E07000240","E05013964","E43000290","0","514692","0207228","1","E18000006","E40000007","E92000001","E12000006","5","E14001507","E15000006","E24000005","E30000237","E16000150","E07000240","26UGGM","E00120481","26UGGM","E65000001","E01023727","E02004935","5","2B2","E00120481","E01023727","E02004935","E33024337","E38000079","E63011552","C1","2D1",51.752013,-0.339897,"E37000048","","E23000027",15120,"E56000035","E54000025","E00120481","E01023727","E02004935"
"AL3 5DQ","AL3  5DQ","AL3 5DQ","198504","","E10000015","E58000663","E07000240","E05013964","E43000290","0","514653","0207225","1","E18000006","E40000007","E92000001","E12000006","5","E14001507","E15000006","E24000005","E30000237","E16000150","E07000240","26UGGM","E00120481","26UGGM","E65000001","E01023727","E02004935","5","2B2","E00120481","E01023727","E02004935","E33024337","E38000079","E63011552","C1","2D1",51.751994,-0.340463,"E37000048","","E23000027",15120,"E56000035","E54000025","E00120481","E01023727","E02004935"
"AL3 5DR","AL3  5DR","AL3 5DR","198001","","E10000015","E58000663","E07000240","E05013964","E43000290","0","514666","0207169","1","E18000006","E40000007","E92000001","E12000006","5","E14001507","E15000006","E24000005","E30000237","E16000150","E07000240","26UGGM","E00120481","26UGGM","E65000001","E01023727","E02004935","5","2B2","E00120481","E01023727","E02004935","E33024336","E38000079","E63011552","C1","2D1",51.751489,-0.340293,"E37000048","","E23000027",15120,"E56000035","E54000025","E00120481","E01023727","E02004935"
"AL3 5DS","AL3  5DS","AL3 5DS","198001","199412","E10000015","E58000666","E07000240","E05013966","E43000290","1","514600","0207100","8","E18000006","E40000007","E92000001","E12000006","5","E14001507","E15000006","E24000005","E30000237","E16000150","E07000240","26UGGR","E00120568","26UGGR","E65000001","E01023743","E02004937","5","2B2","E00120568","E01023743","E02004937","E33024349","E38000079","E63011552","C1","5A3",51.750882,-0.341271,"E37000048","","E23000027",30564,"E56000035","E54000025","E00120568","E01023743","E02004937"
"AL3 5DT","AL3  5DT","AL3 5DT","200106","200107","E10000015","E58000663","E07000240","E05013964","E43000290","1","514657","0207185","5","E18000006","E40000007","E92000001","E12000006","5","E14001507","E15000006","E24000005","E30000237","E16000150","E07000240","26UGGM","E00120481","26UGGM","E65000001","E01023727","E02004935","5","2B2","E00120481","E01023727","E02004935","E33024336","E38000079","E63011552","C1","2D1",51.751634,-0.340418,"E37000048","","E23000027",15120,"E56000035","E54000025","E00120481","E01023727","E02004935"
"AL3 5DU","AL3  5DU","AL3 5DU","198001","","E10000015","E58000663","E07000240","E05013964","E43000290","0","514652","0207179","1","E18000006","E40000007","E92000001","E12000006","5","E14001507","E15000006","E24000005","E30000237","E16000150","E07000240","26UGGM","E00120481","26UGGM","E65000001","E01023727","E02004935","5","2B2","E00120481","E01023727","E02004935","E33024336","E38000079","E63011552","C1","2D1",51.751581,-0.340493,"E37000048","","E23000027",15120,"E56000035","E54000025","E00120481","E01023727","E02004935"
"AL3 5DW","AL3  5DW","AL3 5DW","201105","","E10000015","E58000663","E07000240","E05013947","E43000290","0","514681","0208008","1","E18000006","E40000007","E92000001","E12000006","5","E14001507","E15000006","E24000005","E30000237","E16000150","E07000240","26UGGM","E00120499","26UGGM","E65000001","E01023728","E02004935","5","6D1","E00120499","E01023728","E02004935","E33027446","E38000079","E63011552","C1","5A2",51.759032,-0.339776,"E37000048","","E23000027",29815,"E56000035","E54000025","E00120499","E01023728","E02004935"
"AL3 5DX","AL3  5DX","AL3 5DX","198001","199412","E10000015","E58000666","E07000240","E05013966","E43000290","1","514600","0207100","8","E18000006","E40000007","E92000001","E12000006","5","E14001507","E15000006","E24000005","E30000237","E16000150","E07000240","26UGGR","E00120568","26UGGR","E65000001","E01023743","E02004937","5","2B2","E00120568","E01023743","E02004937","E33024349","E38000079","E63011552","C1","5A3",51.750882,-0.341271,"E37000048","","E23000027",30564,"E56000035","E54000025","E00120568","E01023743","E02004937"
"AL3 5DY","AL3  5DY","AL3 5DY","198001","200803","E10000015","E58000663","E07000240","E05013964","E43000290","1","514657","0207185","1","E18000006","E40000007","E92000001","E12000006","5","E14001507","E15000006","E24000005","E30000237","E16000150","E07000240","26UGGM","E00120481","26UGGM","E65000001","E01023727","E02004935","5","2B2","E00120481","E01023727","E02004935","E33024336","E38000079","E63011552","C1","2D1",51.751634,-0.340418,"E37000048","","E23000027",15120,"E56000035","E54000025","E00120481","E01023727","E02004935"
"AL3 5DZ","AL3  5DZ","AL3 5DZ","198001","201502","E10000015","E58000663","E07000240","E05013964","E43000290","1","514676","0207207","1","E18000006","E40000007","E92000001","E12000006","5","E14001507","E15000006","E24000005","E30000237","E16000150","E07000240","26UGGM","E00120481","26UGGM","E65000001","E01023727","E02004935","5","2B2","E00120481","E01023727","E02004935","E33024337","E38000079","E63011552","C1","2D1",51.751828,-0.340136,"E37000048","","E23000027",15120,"E56000035","E54000025","E00120481","E01023727","E02004935"
"AL3 5EA","AL3  5EA","AL3 5EA","198001","","E10000015","E58000663","E07000240","E05013964","E43000290","0","514664","0207239","1","E18000006","E40000007","E92000001","E12000006","5","E14001507","E15000006","E24000005","E30000237","E16000150","E07000240","26UGGM","E00120481","26UGGM","E65000001","E01023727","E02004935","5","2B2","E00120481","E01023727","E02004935","E33024337","E38000079","E63011552","C1","2D1",51.752118,-0.340299,"E37000048","","E23000027",15120,"E56000035","E54000025","E00120481","E01023727","E02004935"
"AL3 5EB","AL3  5EB","AL3 5EB","199906","","E10000015","E58000663","E07000240","E05013964","E43000290","0","514767","0207478","1","E18000006","E40000007","E92000001","E12000006","5","E14001507","E15000006","E24000005","E30000237","E16000150","E07000240","26UGGM","E00120479","26UGGM","E65000001","E01023727","E02004935","5","2B1","E00120479","E01023727","E02004935","E33024330","E38000079","E63011552","C1","2D1",51.754245,-0.338729,"E37000048","","E23000027",15120,"E56000035","E54000025","E00120479","E01023727","E02004935"
"AL3 5ED","AL3  5ED","AL3 5ED","198001","","E10000015","E58000663","E07000240","E05013964","E43000290","0","514627","0207283","1","E18000006","E40000007","E92000001","E12000006","5","E14001507","E15000006","E24000005","E30000237","E16000150","E07000240","26UGGM","E00120481","26UGGM","E65000001","E01023727","E02004935","5","2B2","E00120481","E01023727","E02004935","E33024337","E38000079","E63011552","C1","2D1",51.752527,-0.340797,"E37000048","","E23000027",15120,"E56000035","E54000025","E00120481","E01023727","E02004935"
"AL3 5EE","AL3  5EE","AL3 5EE","198001","","E10000015","E58000663","E07000240","E05013964","E43000290","0","514661","0207289","1","E18000006","E40000007","E92000001","E12000006","5","E14001507","E15000006","E24000005","E30000237","E16000150","E07000240","26UGGM","E00120481","26UGGM","E65000001","E01023727","E02004935","5","2B2","E00120481","E01023727","E02004935","E33024337","E38000079","E63011552","C1","2D1",51.752568,-0.340326,"E37000048","","E23000027",15120,"E56000035","E54000025","E00120481","E01023727","E02004935"
"AL3 5EF","AL3  5EF","AL3 5EF","199606","199812","E10000015","E58000663","E07000240","E05013947","E43000290","1","514690","0208065","6","E18000006","E40000007","E92000001","E12000006","5","E14001507","E15000006","E24000005","E30000237","E16000150","E07000240","26UGGM","E00120499","26UGGM","E65000001","E01023728","E02004935","5","6D1","E00120499","E01023728","E02004935","E33027446","E38000079","E63011552","C1","5A2",51.759536,-0.339650,"E37000048","","E23000027",29815,"E56000035","E54000025","E00120499","E01023728","E02004935"
"AL3 5EG","AL3  5EG","AL3 5EG","198001","","E10000015","E58000663","E07000240","E05013964","E43000290","0","514663","0207348","1","E18000006","E40000007","E92000001","E12000006","5","E14001507","E15000006","E24000005","E30000237","E16000150","E07000240","26UGGM","E00120479","26UGGM","E65000001","E01023727","E02004935","5","2B1","E00120479","E01023727","E02004935","E33024330","E38000079","E63011552","C1","2D1",51.753098,-0.340278,"E37000048","","E23000027",15120,"E56000035","E54000025","E00120479","E01023727","E02004935"
"AL3 5EH","AL3  5EH","AL3 5EH","198001","","E10000015","E58000663","E07000240","E05013964","E43000290","0","514645","0207329","1","E18000006","E40000007","E92000001","E12000006","5","E14001507","E15000006","E24000005","E30000237","E16000150","E07000240","26UGGM","E00120481","26UGGM","E65000001","E01023727","E02004935","5","2B2","E00120481","E01023727","E02004935","E33024337","E38000079","E63011552","C1","2D1",51.752931,-0.340544,"E37000048","","E23000027",15120,"E56000035","E54000025","E00120481","E01023727","E02004935"
"AL3 5EJ","AL3  5EJ","AL3 5EJ","198001","","E10000015","E58000663","E07000240","E05013964","E43000290","0","514644","0207397","1","E18000006","E40000007","E92000001","E12000006","5","E14001507","E15000006","E24000005","E30000237","E16000150","E07000240","26UGGM","E00120481","26UGGM","E65000001","E01023727","E02004935","5","2B2","E00120481","E01023727","E02004935","E33024337","E38000079","E63011552","C1","2D1",51.753548,-0.340513,"E37000048","","E23000027",15120,"E56000035","E54000025","E00120481","E01023727","E02004935"
"AL3 5EL","AL3  5EL","AL3 5EL","198001","","E10000015","E58000663","E07000240","E05013964","E43000290","0","514659","0207422","1","E18000006","E40000007","E92000001","E12000006","5","E14001507","E15000006","E24000005","E30000237","E16000150","E07000240","26UGGM","E00120480","26UGGM","E65000001","E01023728","E02004935","5","2B2","E00120480","E01023728","E02004935","E33027445","E38000079","E63011552","C1","5B2",51.753764,-0.340311,"E37000048","","E23000027",29815,"E56000035","E54000025","E00120480","E01023728","E02004935"
"AL3 5EN","AL3  5EN","AL3 5EN","198001","","E10000015","E58000663","E07000240","E05013964","E43000290","0","514606","0207469","1","E18000006","E40000007","E92000001","E12000006","5","E14001507","E15000006","E24000005","E30000237","E16000150","E07000240","26UGGM","E00120480","26UGGM","E65000001","E01023728","E02004935","5","2B2","E00120480","E01023728","E02004935","E33027445","E38000079","E63011552","C1","5B2",51.754197,-0.341063,"E37000048","","E23000027",29815,"E56000035","E54000025","E00120480","E01023728","E02004935"
"AL3 5EP","AL3  5EP","AL3 5EP","198001","","E10000015","E58000663","E07000240","E05013964","E43000290","0","514688","0207532","1","E18000006","E40000007","E92000001","E12000006","5","E14001507","E15000006","E24000005","E30000237","E16000150","E07000240","26UGGM","E00120476","26UGGM","E65000001","E01023728","E02004935","5","6D1","E00120476","E01023728","E02004935","E33027445","E38000079","E63011552","C1","5A2",51.754752,-0.339832,"E37000048","","E23000027",29815,"E56000035","E54000025","E00120476","E01023728","E02004935"
"AL3 5EQ","AL3  5EQ","AL3 5EQ","200310","200804","E10000015","E58000663","E07000240","E05013964","E43000290","1","514737","0207290","1","E18000006","E40000007","E92000001","E12000006","5","E14001507","E15000006","E24000005","E30000237","E16000150","E07000240","26UGGM","E00120479","26UGGM","E65000001","E01023727","E02004935","5","2B1","E00120479","E01023727","E02004935","E33024330","E38000079","E63011552","C1","2D1",51.752561,-0.339225,"E37000048","","E23000027",15120,"E56000035","E54000025","E00120479","E01023727","E02004935"
"AL3 5ER","AL3  5ER","AL3 5ER","198001","","E10000015","E58000663","E07000240","E05013964","E43000290","0","514705","0207519","1","E18000006","E40000007","E92000001","E12000006","5","E14001507","E15000006","E24000005","E30000237","E16000150","E07000240","26UGGM","E00120480","26UGGM","E65000001","E01023728","E02004935","5","2B2","E00120480","E01023728","E02004935","E33027445","E38000079","E63011552","C1","5B2",51.754626,-0.339613,"E37000048","","E23000027",29815,"E56000035","E54000025","E00120480","E01023728","E02004935"
"AL3 5ES","AL3  5ES","AL3 5ES","198001","","E10000015","E58000663","E07000240","E05013964","E43000290","0","514673","0207452","1","E18000006","E40000007","E92000001","E12000006","5","E14001507","E15000006","E24000005","E30000237","E16000150","E07000240","26UGGM","E00120480","26UGGM","E65000001","E01023728","E02004935","5","2B2","E00120480","E01023728","E02004935","E33027445","E38000079","E63011552","C1","5B2",51.754031,-0.340098,"E37000048","","E23000027",29815,"E56000035","E54000025","E00120480","E01023728","E02004935"
"AL3 5ET","AL3  5ET","AL3 5ET","199706","200207","E10000015","E58000664","E07000240","E05013956","E43000290","1","517328","0206823","1","E18000006","E40000007","E92000001","E12000006","5","E14001507","E15000006","E24000005","E30000237","E16000150","E07000240","26UGFX","E00120196","26UGFX","E65000001","E01023667","E02004936","5","6D1","E00120196","E01023667","E02004936","E33027453","E38000079","E63011552","C1","5A2",51.747828,-0.301865,"E37000048","","E23000027",30628,"E56000035","E54000025","E00120196","E01023667","E02004936"
"AL3 5EU","AL3  5EU","AL3 5EU","198001","","E10000015","E58000663","E07000240","E05013964","E43000290","0","514661","0207374","1","E18000006","E40000007","E92000001","E12000006","5","E14001507","E15000006","E24000005","E30000237","E16000150","E07000240","26UGGM","E00120481","26UGGM","E65000001","E01023727","E02004935","5","2B2","E00120481","E01023727","E02004935","E33024337","E38000079","E63011552","C1","2D1",51.753338,-0.340275,"E37000048","","E23000027",15120,"E56000035","E54000025","E00120481","E01023727","E02004935"
"AL3 5EW","AL3  5EW","AL3 5EW","198001","","E10000015","E58000663","E07000240","E05013964","E43000290","0","514639","0207531","1","E18000006","E40000007","E92000001","E12000006","5","E14001507","E15000006","E24000005","E30000237","E16000150","E07000240","26UGGM","E00120480","26UGGM","E65000001","E01023728","E02004935","5","2B2","E00120480","E01023728","E02004935","E33027445","E38000079","E63011552","C1","5B2",51.754747,-0.340565,"E37000048","","E23000027",29815,"E56000035","E54000025","E00120480","E01023728","E02004935"
"AL3 5EX","AL3  5EX","AL3 5EX","198001","","E10000015","E58000663","E07000240","E05013964","E43000290","0","514742","0207350","1","E18000006","E40000007","E92000001","E12000006","5","E14001507","E15000006","E24000005","E30000237","E16000150","E07000240","26UGGM","E00120479","26UGGM","E65000001","E01023727","E02004935","5","2B1","E00120479","E01023727","E02004935","E33024330","E38000079","E63011552","C1","2D1",51.753100,-0.339133,"E37000048","","E23000027",15120,"E56000035","E54000025","E00120479","E01023727","E02004935"
"AL3 5EY","AL3  5EY","AL3 5EY","198604","199706","E10000015","E58000663","E07000240","E05013964","E43000290","1","514800","0207500","8","E18000006","E40000007","E92000001","E12000006","5","E14001507","E15000006","E24000005","E30000237","E16000150","E07000240","26UGGM","E00120480","26UGGM","E65000001","E01023728","E02004935","5","2B2","E00120480","E01023728","E02004935","E33027445","E38000079","E63011552","C1","5B2",51.754436,-0.338244,"E37000048","","E23000027",29815,"E56000035","E54000025","E00120480","E01023728","E02004935"
"AL3 5EZ","AL3  5EZ","AL3 5EZ","198001","200505","E10000015","E58000663","E07000240","E05013964","E43000290","1","514654","0207178","1","E18000006","E40000007","E92000001","E12000006","5","E14001507","E15000006","E24000005","E30000237","E16000150","E07000240","26UGGM","E00120481","26UGGM","E65000001","E01023727","E02004935","5","2B2","E00120481","E01023727","E02004935","E33024336","E38000079","E63011552","C1","2D1",51.751572,-0.340464,"E37000048","","E23000027",15120,"E56000035","E54000025","E00120481","E01023727","E02004935"
"AL3 5FA","AL3  5FA","AL3 5FA","201511","","E10000015","E58000663","E07000240","E05013964","E43000290","0","514821","0207474","1","E18000006","E40000007","E92000001","E12000006","5","E14001507","E15000006","E24000005","E30000237","E16000150","E07000240","26UGGM","E00120479","26UGGM","E65000001","E01023727","E02004935","5","2B1","E00120479","E01023727","E02004935","E33024327","E38000079","E63011552","C1","2D1",51.754204,-0.337925,"E37000048","","E23000027",15120,"E56000035","E54000025","E00120479","E01023727","E02004935"
"AL3 5FB","AL3  5FB","AL3 5FB","201703","","E10000015","E58000663","E07000240","E05013964","E43000290","0","514739","0207210","1","E18000006","E40000007","E92000001","E12000006","5","E14001507","E15000006","E24000005","E30000237","E16000150","E07000240","26UGGM","E00120481","26UGGM","E65000001","E01023727","E02004935","5","2B2","E00120481","E01023727","E02004935","E33024333","E38000079","E63011552","C1","2D1",51.751848,-0.339199,"E37000048","","E23000027",15120,"E56000035","E54000025","E00120481","E01023727","E02004935"
"AL3 5FD","AL3  5FD","AL3 5FD","201804","","E10000015","E58000665","E07000240","E05013947","E43000290","0","514705","0208393","1","E18000006","E40000007","E92000001","E12000006","5","E14001507","E15000006","E24000005","E30000237","E16000150","E07000240","26UGFY","E00120202","26UGFY","E65000001","E01023670","E02004932","5","6D1","E00120202","E01023670","E02004932","E33027433","E38000079","E63011552","C1","5B2",51.762487,-0.339301,"E37000048","","E23000027",28426,"E56000035","E54000025","E00120202","E01023670","E02004932"
"AL3 5FE","AL3  5FE","AL3 5FE","201901","","E10000015","E58000665","E07000240","E05013947","E43000290","0","514243","0208395","1","E18000006","E40000007","E92000001","E12000006","5","E14001507","E15000006","E24000005","E30000237","E16000150","E07000240","26UGFY","E00120206","26UGFY","E65000001","E01023672","E02004932","5","6D1","E00120206","E01023672","E02004932","E33027432","E38000079","E63011552","C1","4A3",51.762599,-0.345992,"E37000048","","E23000027",24416,"E56000035","E54000025","E00120206","E01023672","E02004932"
"AL3 5FF","AL3  5FF","AL3 5FF","202004","","E10000015","E58000663","E07000240","E05013964","E43000290","0","514755","0207653","1","E18000006","E40000007","E92000001","E12000006","5","E14001507","E15000006","E24000005","E30000237","E16000150","E07000240","26UGGM","E00120476","26UGGM","E65000001","E01023728","E02004935","5","6D1","E00120476","E01023728","E02004935","E33027445","E38000079","E63011552","C1","5A2",51.755826,-0.338821,"E37000048","","E23000027",29815,"E56000035","E54000025","E00120476","E01023728","E02004935"
"AL3 5FG","AL3  5FG","AL3 5FG","202409","","E10000015","E58000665","E07000240","E05013947","E43000290","0","514427","0208256","1","E18000006","E40000007","E92000001","E12000006","5","E14001507","E15000006","E24000005","E30000237","E16000150","E07000240","26UGFY","E00120222","26UGFY","E65000001","E01023670","E02004932","5","7A2","E00120222","E01023670","E02004932","E33027433","E38000079","E63011552","C1","4A3",51.761313,-0.343373,"E37000048","","E23000027",28426,"E56000035","E54000025","E00120222","E01023670","E02004932"
"AL3 5FW","AL3  5FW","AL3 5FW","199606","199906","E10000015","E58000663","E07000240","E05013947","E43000290","1","514690","0208065","6","E18000006","E40000007","E92000001","E12000006","5","E14001507","E15000006","E24000005","E30000237","E16000150","E07000240","26UGGM","E00120499","26UGGM","E65000001","E01023728","E02004935","5","6D1","E00120499","E01023728","E02004935","E33027446","E38000079","E63011552","C1","5A2",51.759536,-0.339650,"E37000048","","E23000027",29815,"E56000035","E54000025","E00120499","E01023728","E02004935"
"AL3 5GA","AL3  5GA","AL3 5GA","199512","199806","E10000015","E58000663","E07000240","E05013947","E43000290","1","514690","0208065","6","E18000006","E40000007","E92000001","E12000006","5","E14001507","E15000006","E24000005","E30000237","E16000150","E07000240","26UGGM","E00120499","26UGGM","E65000001","E01023728","E02004935","5","6D1","E00120499","E01023728","E02004935","E33027446","E38000079","E63011552","C1","5A2",51.759536,-0.339650,"E37000048","","E23000027",29815,"E56000035","E54000025","E00120499","E01023728","E02004935"
"AL3 5GL","AL3  5GL","AL3 5GL","199507","199812","E10000015","E58000663","E07000240","E05013947","E43000290","1","514690","0208065","6","E18000006","E40000007","E92000001","E12000006","5","E14001507","E15000006","E24000005","E30000237","E16000150","E07000240","26UGGM","E00120499","26UGGM","E65000001","E01023728","E02004935","5","6D1","E00120499","E01023728","E02004935","E33027446","E38000079","E63011552","C1","5A2",51.759536,-0.339650,"E37000048","","E23000027",29815,"E56000035","E54000025","E00120499","E01023728","E02004935"
"AL3 5GN","AL3  5GN","AL3 5GN","199606","200201","E10000015","E58000664","E07000240","E05013956","E43000290","1","517328","0206823","1","E18000006","E40000007","E92000001","E12000006","5","E14001507","E15000006","E24000005","E30000237","E16000150","E07000240","26UGFX","E00120196","26UGFX","E65000001","E01023667","E02004936","5","6D1","E00120196","E01023667","E02004936","E33027453","E38000079","E63011552","C1","5A2",51.747828,-0.301865,"E37000048","","E23000027",30628,"E56000035","E54000025","E00120196","E01023667","E02004936"
"AL3 5HA","AL3  5HA","AL3 5HA","199501","199812","E10000015","E58000663","E07000240","E05013947","E43000290","1","514690","0208065","6","E18000006","E40000007","E92000001","E12000006","5","E14001507","E15000006","E24000005","E30000237","E16000150","E07000240","26UGGM","E00120499","26UGGM","E65000001","E01023728","E02004935","5","6D1","E00120499","E01023728","E02004935","E33027446","E38000079","E63011552","C1","5A2",51.759536,-0.339650,"E37000048","","E23000027",29815,"E56000035","E54000025","E00120499","E01023728","E02004935"
"AL3 5HB","AL3  5HB","AL3 5HB","198001","","E10000015","E58000663","E07000240","E05013964","E43000290","1","514669","0207465","1","E18000006","E40000007","E92000001","E12000006","5","E14001507","E15000006","E24000005","E30000237","E16000150","E07000240","26UGGM","E00120480","26UGGM","E65000001","E01023728","E02004935","5","2B2","E00120480","E01023728","E02004935","E33027445","E38000079","E63011552","C1","5B2",51.754148,-0.340152,"E37000048","","E23000027",29815,"E56000035","E54000025","E00120480","E01023728","E02004935"
"AL3 5HD","AL3  5HD","AL3 5HD","199507","199812","E10000015","E58000663","E07000240","E05013964","E43000290","1","514771","0207599","1","E18000006","E40000007","E92000001","E12000006","5","E14001507","E15000006","E24000005","E30000237","E16000150","E07000240","26UGGM","E00120480","26UGGM","E65000001","E01023728","E02004935","5","2B2","E00120480","E01023728","E02004935","E33027445","E38000079","E63011552","C1","5B2",51.755332,-0.338631,"E37000048","","E23000027",29815,"E56000035","E54000025","E00120480","E01023728","E02004935"
"AL3 5HE","AL3  5HE","AL3 5HE","200112","","E10000015","E58000663","E07000240","E05013948","E43000290","0","514929","0207826","1","E18000006","E40000007","E92000001","E12000006","5","E14001507","E15000006","E24000005","E30000237","E16000150","E07000240","26UGGM","E00120498","26UGGM","E65000001","E01023728","E02004935","5","6D1","E00120498","E01023728","E02004935","E33027451","E38000079","E63011552","C1","5A2",51.757339,-0.336268,"E37000048","","E23000027",29815,"E56000035","E54000025","E00120498","E01023728","E02004935"
"AL3 5HJ","AL3  5HJ","AL3 5HJ","200609","","E10000015","E58000665","E07000240","E05013948","E43000290","0","515541","0208489","1","E18000006","E40000007","E92000001","E12000006","5","E14001507","E15000006","E24000005","E30000237","E16000150","E07000240","26UGGJ","E00120426","26UGGJ","E65000001","E01023715","E02004933","5","1C3","E00120426","E01023715","E02004933","E33027435","E38000079","E63011552","C1","4A1",51.763178,-0.327161,"E37000048","","E23000027",32105,"E56000035","E54000025","E00120426","E01023715","E02004933"
"AL3 5HL","AL3  5HL","AL3 5HL","198001","","E10000015","E58000665","E07000240","E05013948","E43000290","0","515473","0208496","1","E18000006","E40000007","E92000001","E12000006","5","E14001507","E15000006","E24000005","E30000237","E16000150","E07000240","26UGGJ","E00120429","26UGGJ","E65000001","E01023716","E02004933","5","4D2","E00120429","E01023716","E02004933","E33027435","E38000079","E63011552","C1","6A4",51.763255,-0.328144,"E37000048","","E23000027",32598,"E56000035","E54000025","E00120429","E01023716","E02004933"
"AL3 5HN","AL3  5HN","AL3 5HN","198001","","E10000015","E58000665","E07000240","E05013948","E43000290","0","515294","0208626","1","E18000006","E40000007","E92000001","E12000006","5","E14001507","E15000006","E24000005","E30000237","E16000150","E07000240","26UGGJ","E00120429","26UGGJ","E65000001","E01023716","E02004933","5","4D2","E00120429","E01023716","E02004933","E33027435","E38000079","E63011552","C1","6A4",51.764454,-0.330717,"E37000048","","E23000027",32598,"E56000035","E54000025","E00120429","E01023716","E02004933"
"AL3 5HP","AL3  5HP","AL3 5HP","198001","","E10000015","E58000665","E07000240","E05013948","E43000290","0","515532","0208622","1","E18000006","E40000007","E92000001","E12000006","5","E14001507","E15000006","E24000005","E30000237","E16000150","E07000240","26UGGJ","E00120426","26UGGJ","E65000001","E01023715","E02004933","5","1C3","E00120426","E01023715","E02004933","E33027435","E38000079","E63011552","C1","4A1",51.764369,-0.327271,"E37000048","","E23000027",32105,"E56000035","E54000025","E00120426","E01023715","E02004933"
"AL3 5HR","AL3  5HR","AL3 5HR","198001","","E10000015","E58000665","E07000240","E05013948","E43000290","0","515492","0208759","1","E18000006","E40000007","E92000001","E12000006","5","E14001507","E15000006","E24000005","E30000237","E16000150","E07000240","26UGGJ","E00120426","26UGGJ","E65000001","E01023715","E02004933","5","1C3","E00120426","E01023715","E02004933","E33027435","E38000079","E63011552","C1","4A1",51.765609,-0.327805,"E37000048","","E23000027",32105,"E56000035","E54000025","E00120426","E01023715","E02004933"
"AL3 5HS","AL3  5HS","AL3 5HS","198001","","E10000015","E58000665","E07000240","E05013948","E43000290","0","515505","0208791","1","E18000006","E40000007","E92000001","E12000006","5","E14001507","E15000006","E24000005","E30000237","E16000150","E07000240","26UGGJ","E00120424","26UGGJ","E65000001","E01023713","E02004930","5","7A2","E00120424","E01023713","E02004930","E33027427","E38000079","E63011552","C1","4C3",51.765894,-0.327606,"E37000048","","E23000027",28886,"E56000035","E54000025","E00120424","E01023713","E02004930"
"AL3 5HT","AL3  5HT","AL3 5HT","198001","","E10000015","E58000665","E07000240","E05013948","E43000290","0","515627","0208694","1","E18000006","E40000007","E92000001","E12000006","5","E14001507","E15000006","E24000005","E30000237","E16000150","E07000240","26UGGJ","E00120424","26UGGJ","E65000001","E01023713","E02004930","5","7A2","E00120424","E01023713","E02004930","E33027427","E38000079","E63011552","C1","4C3",51.764997,-0.325871,"E37000048","","E23000027",28886,"E56000035","E54000025","E00120424","E01023713","E02004930"
"AL3 5HU","AL3  5HU","AL3 5HU","198001","","E10000015","E58000665","E07000240","E05013948","E43000290","0","515398","0208480","1","E18000006","E40000007","E92000001","E12000006","5","E14001507","E15000006","E24000005","E30000237","E16000150","E07000240","26UGGJ","E00120429","26UGGJ","E65000001","E01023716","E02004933","5","4D2","E00120429","E01023716","E02004933","E33027435","E38000079","E63011552","C1","6A4",51.763121,-0.329259,"E37000048","","E23000027",32598,"E56000035","E54000025","E00120429","E01023716","E02004933"
"AL3 5HW","AL3  5HW","AL3 5HW","198001","","E10000015","E58000665","E07000240","E05013948","E43000290","0","515332","0208645","1","E18000006","E40000007","E92000001","E12000006","5","E14001507","E15000006","E24000005","E30000237","E16000150","E07000240","26UGGJ","E00120426","26UGGJ","E65000001","E01023715","E02004933","5","1C3","E00120426","E01023715","E02004933","E33027435","E38000079","E63011552","C1","4A1",51.764617,-0.330160,"E37000048","","E23000027",32105,"E56000035","E54000025","E00120426","E01023715","E02004933"
"AL3 5HX","AL3  5HX","AL3 5HX","198001","","E10000015","E58000665","E07000240","E05013948","E43000290","0","515405","0208402","1","E18000006","E40000007","E92000001","E12000006","5","E14001507","E15000006","E24000005","E30000237","E16000150","E07000240","26UGGJ","E00120429","26UGGJ","E65000001","E01023716","E02004933","5","4D2","E00120429","E01023716","E02004933","E33027435","E38000079","E63011552","C1","6A4",51.762418,-0.329184,"E37000048","","E23000027",32598,"E56000035","E54000025","E00120429","E01023716","E02004933"
"AL3 5HY","AL3  5HY","AL3 5HY","199308","","E10000015","E58000665","E07000240","E05013948","E43000290","0","515092","0209439","1","E18000006","E40000007","E92000001","E12000006","5","E14001507","E15000006","E24000005","E30000237","E16000150","E07000240","26UGGJ","E00120420","26UGGJ","E65000001","E01023713","E02004930","5","4D2","E00120420","E01023713","E02004930","E33024317","E38000079","E63011552","C1","5B1",51.771802,-0.333374,"E37000048","","E23000027",28886,"E56000035","E54000025","E00120420","E01023713","E02004930"
"AL3 5JA","AL3  5JA","AL3 5JA","199501","","E10000015","E58000665","E07000240","E05013947","E43000290","0","514183","0208463","1","E18000006","E40000007","E92000001","E12000006","5","E14001507","E15000006","E24000005","E30000237","E16000150","E07000240","26UGFY","E00120221","26UGFY","E65000001","E01023672","E02004932","5","6D1","E00120221","E01023672","E02004932","E33027433","E38000079","E63011552","C1","5B3",51.763223,-0.346839,"E37000048","","E23000027",24416,"E56000035","E54000025","E00120221","E01023672","E02004932"
"AL3 5JB","AL3  5JB","AL3 5JB","198001","","E10000015","E58000663","E07000240","E05013964","E43000290","1","514421","0207565","1","E18000006","E40000007","E92000001","E12000006","5","E14001507","E15000006","E24000005","E30000237","E16000150","E07000240","26UGGM","E00120480","26UGGM","E65000001","E01023728","E02004935","5","2B2","E00120480","E01023728","E02004935","E33027445","E38000079","E63011552","C1","5B2",51.755098,-0.343711,"E37000048","","E23000027",29815,"E56000035","E54000025","E00120480","E01023728","E02004935"
"AL3 5JD","AL3  5JD","AL3 5JD","198001","","E10000015","E58000663","E07000240","E05013964","E43000290","0","514446","0207545","1","E18000006","E40000007","E92000001","E12000006","5","E14001507","E15000006","E24000005","E30000237","E16000150","E07000240","26UGGM","E00120480","26UGGM","E65000001","E01023728","E02004935","5","2B2","E00120480","E01023728","E02004935","E33027445","E38000079","E63011552","C1","5B2",51.754913,-0.343355,"E37000048","","E23000027",29815,"E56000035","E54000025","E00120480","E01023728","E02004935"
"AL3 5JE","AL3  5JE","AL3 5JE","198001","","E10000015","E58000663","E07000240","E05013964","E43000290","0","514469","0207637","1","E18000006","E40000007","E92000001","E12000006","5","E14001507","E15000006","E24000005","E30000237","E16000150","E07000240","26UGGM","E00120476","26UGGM","E65000001","E01023728","E02004935","5","6D1","E00120476","E01023728","E02004935","E33027445","E38000079","E63011552","C1","5A2",51.755735,-0.342992,"E37000048","","E23000027",29815,"E56000035","E54000025","E00120476","E01023728","E02004935"
"AL3 5JF","AL3  5JF","AL3 5JF","200410","","E10000015","E58000663","E07000240","E05013964","E43000290","1","514406","0207619","1","E18000006","E40000007","E92000001","E12000006","5","E14001507","E15000006","E24000005","E30000237","E16000150","E07000240","26UGGM","E00120480","26UGGM","E65000001","E01023728","E02004935","5","2B2","E00120480","E01023728","E02004935","E33027445","E38000079","E63011552","C1","5B2",51.755586,-0.343910,"E37000048","","E23000027",29815,"E56000035","E54000025","E00120480","E01023728","E02004935"
"AL3 5JG","AL3  5JG","AL3 5JG","198001","","E10000015","E58000665","E07000240","E05013947","E43000290","0","513997","0207759","1","E18000006","E40000007","E92000001","E12000006","5","E14001507","E15000006","E24000005","E30000237","E16000150","E07000240","26UGFY","E00120210","26UGFY","E65000001","E01023669","E02004932","5","6C1","E00120210","E01023669","E02004932","E33027432","E38000079","E63011552","C1","5A2",51.756927,-0.349787,"E37000048","","E23000027",9268,"E56000035","E54000025","E00120210","E01023669","E02004932"
"AL3 5JH","AL3  5JH","AL3 5JH","198001","","E10000015","E58000665","E07000240","E05013947","E43000290","0","514264","0207732","1","E18000006","E40000007","E92000001","E12000006","5","E14001507","E15000006","E24000005","E30000237","E16000150","E07000240","26UGFY","E00120210","26UGFY","E65000001","E01023669","E02004932","5","6C1","E00120210","E01023669","E02004932","E33027432","E38000079","E63011552","C1","5A2",51.756630,-0.345929,"E37000048","","E23000027",9268,"E56000035","E54000025","E00120210","E01023669","E02004932"
"AL3 5JJ","AL3  5JJ","AL3 5JJ","198001","","E10000015","E58000665","E07000240","E05013947","E43000290","0","514412","0207692","1","E18000006","E40000007","E92000001","E12000006","5","E14001507","E15000006","E24000005","E30000237","E16000150","E07000240","26UGFY","E00120210","26UGFY","E65000001","E01023669","E02004932","5","6C1","E00120210","E01023669","E02004932","E33027432","E38000079","E63011552","C1","5A2",51.756241,-0.343799,"E37000048","","E23000027",9268,"E56000035","E54000025","E00120210","E01023669","E02004932"
"AL3 5JL","AL3  5JL","AL3 5JL","198001","","E10000015","E58000665","E07000240","E05013947","E43000290","0","514483","0207756","1","E18000006","E40000007","E92000001","E12000006","5","E14001507","E15000006","E24000005","E30000237","E16000150","E07000240","26UGFY","E00120211","26UGFY","E65000001","E01023670","E02004932","5","6D1","E00120211","E01023670","E02004932","E33027432","E38000079","E63011552","C1","5A2",51.756801,-0.342750,"E37000048","","E23000027",28426,"E56000035","E54000025","E00120211","E01023670","E02004932"
"AL3 5JN","AL3  5JN","AL3 5JN","198001","","E10000015","E58000665","E07000240","E05013947","E43000290","0","514455","0207775","1","E18000006","E40000007","E92000001","E12000006","5","E14001507","E15000006","E24000005","E30000237","E16000150","E07000240","26UGFY","E00120210","26UGFY","E65000001","E01023669","E02004932","5","6C1","E00120210","E01023669","E02004932","E33027432","E38000079","E63011552","C1","5A2",51.756978,-0.343149,"E37000048","","E23000027",9268,"E56000035","E54000025","E00120210","E01023669","E02004932"
"AL3 5JP","AL3  5JP","AL3 5JP","198001","","E10000015","E58000665","E07000240","E05013947","E43000290","0","514470","0207686","1","E18000006","E40000007","E92000001","E12000006","5","E14001507","E15000006","E24000005","E30000237","E16000150","E07000240","26UGFY","E00120211","26UGFY","E65000001","E01023670","E02004932","5","6D1","E00120211","E01023670","E02004932","E33027432","E38000079","E63011552","C1","5A2",51.756175,-0.342961,"E37000048","","E23000027",28426,"E56000035","E54000025","E00120211","E01023670","E02004932"
"AL3 5JQ","AL3  5JQ","AL3 5JQ","198001","","E10000015","E58000665","E07000240","E05013947","E43000290","0","514088","0207722","1","E18000006","E40000007","E92000001","E12000006","5","E14001507","E15000006","E24000005","E30000237","E16000150","E07000240","26UGFY","E00120210","26UGFY","E65000001","E01023669","E02004932","5","6C1","E00120210","E01023669","E02004932","E33027432","E38000079","E63011552","C1","5A2",51.756576,-0.348481,"E37000048","","E23000027",9268,"E56000035","E54000025","E00120210","E01023669","E02004932"
"AL3 5JR","AL3  5JR","AL3 5JR","198001","","E10000015","E58000665","E07000240","E05013947","E43000290","0","514508","0207763","1","E18000006","E40000007","E92000001","E12000006","5","E14001507","E15000006","E24000005","E30000237","E16000150","E07000240","26UGFY","E00120211","26UGFY","E65000001","E01023670","E02004932","5","6D1","E00120211","E01023670","E02004932","E33027432","E38000079","E63011552","C1","5A2",51.756865,-0.342362,"E37000048","","E23000027",28426,"E56000035","E54000025","E00120211","E01023670","E02004932"
"AL3 5JS","AL3  5JS","AL3 5JS","198001","","E10000015","E58000665","E07000240","E05013947","E43000290","0","514536","0207737","1","E18000006","E40000007","E92000001","E12000006","5","E14001507","E15000006","E24000005","E30000237","E16000150","E07000240","26UGFY","E00120211","26UGFY","E65000001","E01023670","E02004932","5","6D1","E00120211","E01023670","E02004932","E33027432","E38000079","E63011552","C1","5A2",51.756620,-0.341989,"E37000048","","E23000027",28426,"E56000035","E54000025","E00120211","E01023670","E02004932"
"AL3 5JT","AL3  5JT","AL3 5JT","198001","","E10000015","E58000665","E07000240","E05013947","E43000290","0","514592","0207683","1","E18000006","E40000007","E92000001","E12000006","5","E14001507","E15000006","E24000005","E30000237","E16000150","E07000240","26UGFY","E00120203","26UGFY","E65000001","E01023670","E02004932","5","6D1","E00120203","E01023670","E02004932","E33027432","E38000079","E63011552","C1","5A2",51.756123,-0.341195,"E37000048","","E23000027",28426,"E56000035","E54000025","E00120203","E01023670","E02004932"
"AL3 5JU","AL3  5JU","AL3 5JU","198001","","E10000015","E58000663","E07000240","E05013964","E43000290","0","514539","0207652","1","E18000006","E40000007","E92000001","E12000006","5","E14001507","E15000006","E24000005","E30000237","E16000150","E07000240","26UGGM","E00120476","26UGGM","E65000001","E01023728","E02004935","5","6D1","E00120476","E01023728","E02004935","E33027445","E38000079","E63011552","C1","5A2",51.755861,-0.341950,"E37000048","","E23000027",29815,"E56000035","E54000025","E00120476","E01023728","E02004935"
"AL3 5JW","AL3  5JW","AL3 5JW","198001","","E10000015","E58000665","E07000240","E05013947","E43000290","0","514419","0207718","1","E18000006","E40000007","E92000001","E12000006","5","E14001507","E15000006","E24000005","E30000237","E16000150","E07000240","26UGFY","E00120210","26UGFY","E65000001","E01023669","E02004932","5","6C1","E00120210","E01023669","E02004932","E33027432","E38000079","E63011552","C1","5A2",51.756473,-0.343689,"E37000048","","E23000027",9268,"E56000035","E54000025","E00120210","E01023669","E02004932"
"AL3 5JX","AL3  5JX","AL3 5JX","198001","","E10000015","E58000665","E07000240","E05013947","E43000290","0","514564","0207733","1","E18000006","E40000007","E92000001","E12000006","5","E14001507","E15000006","E24000005","E30000237","E16000150","E07000240","26UGFY","E00120203","26UGFY","E65000001","E01023670","E02004932","5","6D1","E00120203","E01023670","E02004932","E33027432","E38000079","E63011552","C1","5A2",51.756584,-0.341561,"E37000048","","E23000027",28426,"E56000035","E54000025","E00120203","E01023670","E02004932"
"AL3 5JY","AL3  5JY","AL3 5JY","198001","","E10000015","E58000665","E07000240","E05013947","E43000290","0","514588","0207786","1","E18000006","E40000007","E92000001","E12000006","5","E14001507","E15000006","E24000005","E30000237","E16000150","E07000240","26UGFY","E00120203","26UGFY","E65000001","E01023670","E02004932","5","6D1","E00120203","E01023670","E02004932","E33027432","E38000079","E63011552","C1","5A2",51.757050,-0.341219,"E37000048","","E23000027",28426,"E56000035","E54000025","E00120203","E01023670","E02004932"
"AL3 5JZ","AL3  5JZ","AL3 5JZ","200006","","E10000015","E58000663","E07000240","E05013948","E43000290","0","515024","0207806","1","E18000006","E40000007","E92000001","E12000006","5","E14001507","E15000006","E24000005","E30000237","E16000150","E07000240","26UGGM","E00120501","26UGGM","E65000001","E01023728","E02004935","5","2B1","E00120501","E01023728","E02004935","E33027451","E38000079","E63011552","C1","2D1",51.757140,-0.334899,"E37000048","","E23000027",29815,"E56000035","E54000025","E00120501","E01023728","E02004935"
"AL3 5LA","AL3  5LA","AL3 5LA","198607","","E10000015","E58000665","E07000240","E05013948","E43000290","0","515030","0208183","1","E18000006","E40000007","E92000001","E12000006","5","E14001507","E15000006","E24000005","E30000237","E16000150","E07000240","26UGFY","E00120202","26UGFY","E65000001","E01023670","E02004932","5","6D1","E00120202","E01023670","E02004932","E33027433","E38000079","E63011552","C1","5B2",51.760527,-0.334687,"E37000048","","E23000027",28426,"E56000035","E54000025","E00120202","E01023670","E02004932"
"AL3 5LB","AL3  5LB","AL3 5LB","199606","","E10000015","E58000665","E07000240","E05013947","E43000290","0","514571","0207792","1","E18000006","E40000007","E92000001","E12000006","5","E14001507","E15000006","E24000005","E30000237","E16000150","E07000240","26UGFY","E00120203","26UGFY","E65000001","E01023670","E02004932","5","6D1","E00120203","E01023670","E02004932","E33027432","E38000079","E63011552","C1","5A2",51.757113,-0.341440,"E37000048","","E23000027",28426,"E56000035","E54000025","E00120203","E01023670","E02004932"
"AL3 5LD","AL3  5LD","AL3 5LD","199101","","E10000015","E58000663","E07000240","E05013948","E43000290","0","514984","0207929","1","E18000006","E40000007","E92000001","E12000006","5","E14001507","E15000006","E24000005","E30000237","E16000150","E07000240","26UGGM","E00120498","26UGGM","E65000001","E01023728","E02004935","5","6D1","E00120498","E01023728","E02004935","E33027451","E38000079","E63011552","C1","5A2",51.758254,-0.335437,"E37000048","","E23000027",29815,"E56000035","E54000025","E00120498","E01023728","E02004935"
"AL3 5LE","AL3  5LE","AL3 5LE","200112","","E10000015","E58000665","E07000240","E05013947","E43000290","0","514545","0208129","1","E18000006","E40000007","E92000001","E12000006","5","E14001507","E15000006","E24000005","E30000237","E16000150","E07000240","26UGFY","E00120204","26UGFY","E65000001","E01023670","E02004932","5","6D1","E00120204","E01023670","E02004932","E33027432","E38000079","E63011552","C1","5A2",51.760141,-0.341729,"E37000048","","E23000027",28426,"E56000035","E54000025","E00120204","E01023670","E02004932"
"AL3 5LF","AL3  5LF","AL3 5LF","200112","","E10000015","E58000665","E07000240","E05013947","E43000290","0","514495","0208100","1","E18000006","E40000007","E92000001","E12000006","5","E14001507","E15000006","E24000005","E30000237","E16000150","E07000240","26UGFY","E00120204","26UGFY","E65000001","E01023670","E02004932","5","6D1","E00120204","E01023670","E02004932","E33027432","E38000079","E63011552","C1","5A2",51.759897,-0.342439,"E37000048","","E23000027",28426,"E56000035","E54000025","E00120204","E01023670","E02004932"
"AL3 5LG","AL3  5LG","AL3 5LG","199912","","E10000015","E58000665","E07000240","E05013947","E43000290","0","514433","0208041","1","E18000006","E40000007","E92000001","E12000006","5","E14001507","E15000006","E24000005","E30000237","E16000150","E07000240","26UGFY","E00120204","26UGFY","E65000001","E01023670","E02004932","5","6D1","E00120204","E01023670","E02004932","E33027432","E38000079","E63011552","C1","5A2",51.759373,-0.343380,"E37000048","","E23000027",28426,"E56000035","E54000025","E00120204","E01023670","E02004932"
"AL3 5LH","AL3  5LH","AL3 5LH","199912","","E10000015","E58000665","E07000240","E05013947","E43000290","0","514421","0207978","1","E18000006","E40000007","E92000001","E12000006","5","E14001507","E15000006","E24000005","E30000237","E16000150","E07000240","26UGFY","E00120204","26UGFY","E65000001","E01023670","E02004932","5","6D1","E00120204","E01023670","E02004932","E33027432","E38000079","E63011552","C1","5A2",51.758809,-0.343575,"E37000048","","E23000027",28426,"E56000035","E54000025","E00120204","E01023670","E02004932"
"AL3 5LJ","AL3  5LJ","AL3 5LJ","199612","","E10000015","E58000665","E07000240","E05013947","E43000290","0","514925","0208320","1","E18000006","E40000007","E92000001","E12000006","5","E14001507","E15000006","E24000005","E30000237","E16000150","E07000240","26UGFY","E00120202","26UGFY","E65000001","E01023670","E02004932","5","6D1","E00120202","E01023670","E02004932","E33027433","E38000079","E63011552","C1","5B2",51.761780,-0.336163,"E37000048","","E23000027",28426,"E56000035","E54000025","E00120202","E01023670","E02004932"
"AL3 5LL","AL3  5LL","AL3 5LL","198001","","E10000015","E58000665","E07000240","E05013948","E43000290","0","515055","0208133","1","E18000006","E40000007","E92000001","E12000006","5","E14001507","E15000006","E24000005","E30000237","E16000150","E07000240","26UGFY","E00120202","26UGFY","E65000001","E01023670","E02004932","5","6D1","E00120202","E01023670","E02004932","E33027433","E38000079","E63011552","C1","5B2",51.760073,-0.334342,"E37000048","","E23000027",28426,"E56000035","E54000025","E00120202","E01023670","E02004932"
"AL3 5LN","AL3  5LN","AL3 5LN","200006","","E10000015","E58000665","E07000240","E05013947","E43000290","0","514327","0207923","1","E18000006","E40000007","E92000001","E12000006","5","E14001507","E15000006","E24000005","E30000237","E16000150","E07000240","26UGFY","E00120208","26UGFY","E65000001","E01023669","E02004932","5","7A2","E00120208","E01023669","E02004932","E33027432","E38000079","E63011552","C1","4A3",51.758334,-0.344954,"E37000048","","E23000027",9268,"E56000035","E54000025","E00120208","E01023669","E02004932"
"AL3 5LP","AL3  5LP","AL3 5LP","198704","","E10000015","E58000665","E07000240","E05013947","E43000290","0","514899","0208577","1","E18000006","E40000007","E92000001","E12000006","5","E14001507","E15000006","E24000005","E30000237","E16000150","E07000240","26UGFY","E00120202","26UGFY","E65000001","E01023670","E02004932","5","6D1","E00120202","E01023670","E02004932","E33027433","E38000079","E63011552","C1","5B2",51.764095,-0.336454,"E37000048","","E23000027",28426,"E56000035","E54000025","E00120202","E01023670","E02004932"
"AL3 5LQ","AL3  5LQ","AL3 5LQ","198001","","E10000015","E58000665","E07000240","E05013947","E43000290","0","514917","0208665","1","E18000006","E40000007","E92000001","E12000006","5","E14001507","E15000006","E24000005","E30000237","E16000150","E07000240","26UGFY","E00120220","26UGFY","E65000001","E01023672","E02004932","5","6D1","E00120220","E01023672","E02004932","E33027433","E38000079","E63011552","C1","5B1",51.764882,-0.336165,"E37000048","","E23000027",24416,"E56000035","E54000025","E00120220","E01023672","E02004932"
"AL3 5LR","AL3  5LR","AL3 5LR","198001","","E10000015","E58000663","E07000240","E05013948","E43000290","0","515052","0207904","1","E18000006","E40000007","E92000001","E12000006","5","E14001507","E15000006","E24000005","E30000237","E16000150","E07000240","26UGGM","E00120501","26UGGM","E65000001","E01023728","E02004935","5","2B1","E00120501","E01023728","E02004935","E33027451","E38000079","E63011552","C1","2D1",51.758015,-0.334461,"E37000048","","E23000027",29815,"E56000035","E54000025","E00120501","E01023728","E02004935"
"AL3 5LS","AL3  5LS","AL3 5LS","198001","","E10000015","E58000663","E07000240","E05013948","E43000290","0","515008","0207867","1","E18000006","E40000007","E92000001","E12000006","5","E14001507","E15000006","E24000005","E30000237","E16000150","E07000240","26UGGM","E00120501","26UGGM","E65000001","E01023728","E02004935","5","2B1","E00120501","E01023728","E02004935","E33027451","E38000079","E63011552","C1","2D1",51.757692,-0.335110,"E37000048","","E23000027",29815,"E56000035","E54000025","E00120501","E01023728","E02004935"
"AL3 5LT","AL3  5LT","AL3 5LT","199606","","E10000015","E58000663","E07000240","E05013948","E43000290","0","515011","0207911","1","E18000006","E40000007","E92000001","E12000006","5","E14001507","E15000006","E24000005","E30000237","E16000150","E07000240","26UGGM","E00120501","26UGGM","E65000001","E01023728","E02004935","5","2B1","E00120501","E01023728","E02004935","E33027451","E38000079","E63011552","C1","2D1",51.758092,-0.335029,"E37000048","","E23000027",29815,"E56000035","E54000025","E00120501","E01023728","E02004935"
"AL3 5LU","AL3  5LU","AL3 5LU","198001","","E10000015","E58000663","E07000240","E05013948","E43000290","0","514949","0207948","1","E18000006","E40000007","E92000001","E12000006","5","E14001507","E15000006","E24000005","E30000237","E16000150","E07000240","26UGGM","E00120498","26UGGM","E65000001","E01023728","E02004935","5","6D1","E00120498","E01023728","E02004935","E33027451","E38000079","E63011552","C1","5A2",51.758432,-0.335938,"E37000048","","E23000027",29815,"E56000035","E54000025","E00120498","E01023728","E02004935"
"AL3 5LW","AL3  5LW","AL3 5LW","198001","","E10000015","E58000663","E07000240","E05013948","E43000290","0","515094","0207941","1","E18000006","E40000007","E92000001","E12000006","5","E14001507","E15000006","E24000005","E30000237","E16000150","E07000240","26UGGM","E00120498","26UGGM","E65000001","E01023728","E02004935","5","6D1","E00120498","E01023728","E02004935","E33027451","E38000079","E63011552","C1","5A2",51.758339,-0.333840,"E37000048","","E23000027",29815,"E56000035","E54000025","E00120498","E01023728","E02004935"
"AL3 5LX","AL3  5LX","AL3 5LX","198001","","E10000015","E58000663","E07000240","E05013948","E43000290","0","514810","0208000","1","E18000006","E40000007","E92000001","E12000006","5","E14001507","E15000006","E24000005","E30000237","E16000150","E07000240","26UGGM","E00120498","26UGGM","E65000001","E01023728","E02004935","5","6D1","E00120498","E01023728","E02004935","E33027451","E38000079","E63011552","C1","5A2",51.758928,-0.337934,"E37000048","","E23000027",29815,"E56000035","E54000025","E00120498","E01023728","E02004935"
"AL3 5LY","AL3  5LY","AL3 5LY","198001","","E10000015","E58000663","E07000240","E05013964","E43000290","0","514806","0207964","1","E18000006","E40000007","E92000001","E12000006","5","E14001507","E15000006","E24000005","E30000237","E16000150","E07000240","26UGGM","E00120499","26UGGM","E65000001","E01023728","E02004935","5","6D1","E00120499","E01023728","E02004935","E33027446","E38000079","E63011552","C1","5A2",51.758605,-0.338004,"E37000048","","E23000027",29815,"E56000035","E54000025","E00120499","E01023728","E02004935"
"AL3 5LZ","AL3  5LZ","AL3 5LZ","198001","","E10000015","E58000663","E07000240","E05013964","E43000290","0","514746","0207970","1","E18000006","E40000007","E92000001","E12000006","5","E14001507","E15000006","E24000005","E30000237","E16000150","E07000240","26UGGM","E00120499","26UGGM","E65000001","E01023728","E02004935","5","6D1","E00120499","E01023728","E02004935","E33027446","E38000079","E63011552","C1","5A2",51.758671,-0.338871,"E37000048","","E23000027",29815,"E56000035","E54000025","E00120499","E01023728","E02004935"
"AL3 5NA","AL3  5NA","AL3 5NA","198001","","E10000015","E58000663","E07000240","E05013964","E43000290","0","514888","0207835","1","E18000006","E40000007","E92000001","E12000006","5","E14001507","E15000006","E24000005","E30000237","E16000150","E07000240","26UGGM","E00120500","26UGGM","E65000001","E01023728","E02004935","5","6A2","E00120500","E01023728","E02004935","E33027446","E38000079","E63011552","C1","5A2",51.757429,-0.336859,"E37000048","","E23000027",29815,"E56000035","E54000025","E00120500","E01023728","E02004935"
"AL3 5NB","AL3  5NB","AL3 5NB","198001","","E10000015","E58000663","E07000240","E05013964","E43000290","0","514906","0207856","1","E18000006","E40000007","E92000001","E12000006","5","E14001507","E15000006","E24000005","E30000237","E16000150","E07000240","26UGGM","E00120498","26UGGM","E65000001","E01023728","E02004935","5","6D1","E00120498","E01023728","E02004935","E33027451","E38000079","E63011552","C1","5A2",51.757620,-0.336568,"E37000048","","E23000027",29815,"E56000035","E54000025","E00120498","E01023728","E02004935"
"AL3 5ND","AL3  5ND","AL3 5ND","198001","","E10000015","E58000663","E07000240","E05013948","E43000290","0","514967","0207845","1","E18000006","E40000007","E92000001","E12000006","5","E14001507","E15000006","E24000005","E30000237","E16000150","E07000240","26UGGM","E00120498","26UGGM","E65000001","E01023728","E02004935","5","6D1","E00120498","E01023728","E02004935","E33027451","E38000079","E63011552","C1","5A2",51.757502,-0.335711,"E37000048","","E23000027",29815,"E56000035","E54000025","E00120498","E01023728","E02004935"
"AL3 5NE","AL3  5NE","AL3 5NE","198001","","E10000015","E58000663","E07000240","E05013964","E43000290","0","514956","0207758","1","E18000006","E40000007","E92000001","E12000006","5","E14001507","E15000006","E24000005","E30000237","E16000150","E07000240","26UGGM","E00120501","26UGGM","E65000001","E01023728","E02004935","5","2B1","E00120501","E01023728","E02004935","E33027451","E38000079","E63011552","C1","2D1",51.756723,-0.335899,"E37000048","","E23000027",29815,"E56000035","E54000025","E00120501","E01023728","E02004935"
"AL3 5NF","AL3  5NF","AL3 5NF","198001","","E10000015","E58000663","E07000240","E05013948","E43000290","1","514956","0207822","1","E18000006","E40000007","E92000001","E12000006","5","E14001507","E15000006","E24000005","E30000237","E16000150","E07000240","26UGGM","E00120501","26UGGM","E65000001","E01023728","E02004935","5","2B1","E00120501","E01023728","E02004935","E33027451","E38000079","E63011552","C1","2D1",51.757298,-0.335878,"E37000048","","E23000027",29815,"E56000035","E54000025","E00120501","E01023728","E02004935"
"AL3 5NG","AL3  5NG","AL3 5NG","198001","","E10000015","E58000663","E07000240","E05013964","E43000290","0","514847","0207748","1","E18000006","E40000007","E92000001","E12000006","5","E14001507","E15000006","E24000005","E30000237","E16000150","E07000240","26UGGM","E00120500","26UGGM","E65000001","E01023728","E02004935","5","6A2","E00120500","E01023728","E02004935","E33027446","E38000079","E63011552","C1","5A2",51.756655,-0.337481,"E37000048","","E23000027",29815,"E56000035","E54000025","E00120500","E01023728","E02004935"
"AL3 5NH","AL3  5NH","AL3 5NH","199912","","E10000015","E58000665","E07000240","E05013947","E43000290","0","514356","0207900","1","E18000006","E40000007","E92000001","E12000006","5","E14001507","E15000006","E24000005","E30000237","E16000150","E07000240","26UGFY","E00120204","26UGFY","E65000001","E01023670","E02004932","5","6D1","E00120204","E01023670","E02004932","E33027432","E38000079","E63011552","C1","5A2",51.758128,-0.344518,"E37000048","","E23000027",28426,"E56000035","E54000025","E00120204","E01023670","E02004932"
"AL3 5NJ","AL3  5NJ","AL3 5NJ","198001","","E10000015","E58000663","E07000240","E05013964","E43000290","0","514715","0207646","1","E18000006","E40000007","E92000001","E12000006","5","E14001507","E15000006","E24000005","E30000237","E16000150","E07000240","26UGGM","E00120476","26UGGM","E65000001","E01023728","E02004935","5","6D1","E00120476","E01023728","E02004935","E33027445","E38000079","E63011552","C1","5A2",51.755771,-0.339403,"E37000048","","E23000027",29815,"E56000035","E54000025","E00120476","E01023728","E02004935"
"AL3 5NL","AL3  5NL","AL3 5NL","198001","","E10000015","E58000663","E07000240","E05013964","E43000290","0","514767","0207568","1","E18000006","E40000007","E92000001","E12000006","5","E14001507","E15000006","E24000005","E30000237","E16000150","E07000240","26UGGM","E00120480","26UGGM","E65000001","E01023728","E02004935","5","2B2","E00120480","E01023728","E02004935","E33027445","E38000079","E63011552","C1","5B2",51.755054,-0.338699,"E37000048","","E23000027",29815,"E56000035","E54000025","E00120480","E01023728","E02004935"
"AL3 5NN","AL3  5NN","AL3 5NN","198001","","E10000015","E58000663","E07000240","E05013964","E43000290","0","514655","0207571","1","E18000006","E40000007","E92000001","E12000006","5","E14001507","E15000006","E24000005","E30000237","E16000150","E07000240","26UGGM","E00120476","26UGGM","E65000001","E01023728","E02004935","5","6D1","E00120476","E01023728","E02004935","E33027445","E38000079","E63011552","C1","5A2",51.755104,-0.340320,"E37000048","","E23000027",29815,"E56000035","E54000025","E00120476","E01023728","E02004935"
"AL3 5NP","AL3  5NP","AL3 5NP","201810","","E10000015","E58000665","E07000240","E05013947","E43000290","0","514557","0208092","1","E18000006","E40000007","E92000001","E12000006","5","E14001507","E15000006","E24000005","E30000237","E16000150","E07000240","26UGFY","E00120204","26UGFY","E65000001","E01023670","E02004932","5","6D1","E00120204","E01023670","E02004932","E33027432","E38000079","E63011552","C1","5A2",51.759812,-0.341544,"E37000048","","E23000027",28426,"E56000035","E54000025","E00120204","E01023670","E02004932"
"AL3 5NQ","AL3  5NQ","AL3 5NQ","198001","","E10000015","E58000663","E07000240","E05013964","E43000290","0","514836","0207712","1","E18000006","E40000007","E92000001","E12000006","5","E14001507","E15000006","E24000005","E30000237","E16000150","E07000240","26UGGM","E00120478","26UGGM","E65000001","E01023728","E02004935","5","6D1","E00120478","E01023728","E02004935","E33027446","E38000079","E63011552","C1","2D2",51.756334,-0.337652,"E37000048","","E23000027",29815,"E56000035","E54000025","E00120478","E01023728","E02004935"
"AL3 5NR","AL3  5NR","AL3 5NR","198001","","E10000015","E58000663","E07000240","E05013964","E43000290","0","514524","0207619","1","E18000006","E40000007","E92000001","E12000006","5","E14001507","E15000006","E24000005","E30000237","E16000150","E07000240","26UGGM","E00120476","26UGGM","E65000001","E01023728","E02004935","5","6D1","E00120476","E01023728","E02004935","E33027445","E38000079","E63011552","C1","5A2",51.755562,-0.342201,"E37000048","","E23000027",29815,"E56000035","E54000025","E00120476","E01023728","E02004935"
"AL3 5NS","AL3  5NS","AL3 5NS","198001","","E10000015","E58000663","E07000240","E05013964","E43000290","0","514550","0207583","1","E18000006","E40000007","E92000001","E12000006","5","E14001507","E15000006","E24000005","E30000237","E16000150","E07000240","26UGGM","E00120476","26UGGM","E65000001","E01023728","E02004935","5","6D1","E00120476","E01023728","E02004935","E33027445","E38000079","E63011552","C1","5A2",51.755233,-0.341837,"E37000048","","E23000027",29815,"E56000035","E54000025","E00120476","E01023728","E02004935"
"AL3 5NT","AL3  5NT","AL3 5NT","198106","","E10000015","E58000663","E07000240","E05013964","E43000290","0","514527","0207530","1","E18000006","E40000007","E92000001","E12000006","5","E14001507","E15000006","E24000005","E30000237","E16000150","E07000240","26UGGM","E00120480","26UGGM","E65000001","E01023728","E02004935","5","2B2","E00120480","E01023728","E02004935","E33027445","E38000079","E63011552","C1","5B2",51.754761,-0.342187,"E37000048","","E23000027",29815,"E56000035","E54000025","E00120480","E01023728","E02004935"
"AL3 5NU","AL3  5NU","AL3 5NU","198301","","E10000015","E58000663","E07000240","E05013964","E43000290","0","514546","0207614","1","E18000006","E40000007","E92000001","E12000006","5","E14001507","E15000006","E24000005","E30000237","E16000150","E07000240","26UGGM","E00120476","26UGGM","E65000001","E01023728","E02004935","5","6D1","E00120476","E01023728","E02004935","E33027445","E38000079","E63011552","C1","5A2",51.755518,-0.341861,"E37000048","","E23000027",29815,"E56000035","E54000025","E00120476","E01023728","E02004935"
"AL3 5NW","AL3  5NW","AL3 5NW","198001","","E10000015","E58000663","E07000240","E05013964","E43000290","0","514626","0207641","1","E18000006","E40000007","E92000001","E12000006","5","E14001507","E15000006","E24000005","E30000237","E16000150","E07000240","26UGGM","E00120476","26UGGM","E65000001","E01023728","E02004935","5","6D1","E00120476","E01023728","E02004935","E33027445","E38000079","E63011552","C1","5A2",51.755739,-0.340717,"E37000048","","E23000027",29815,"E56000035","E54000025","E00120476","E01023728","E02004935"
"AL3 5NX","AL3  5NX","AL3 5NX","198710","","E10000015","E58000663","E07000240","E05013964","E43000290","0","514803","0207691","1","E18000006","E40000007","E92000001","E12000006","5","E14001507","E15000006","E24000005","E30000237","E16000150","E07000240","26UGGM","E00120478","26UGGM","E65000001","E01023728","E02004935","5","6D1","E00120478","E01023728","E02004935","E33027446","E38000079","E63011552","C1","2D2",51.756152,-0.338137,"E37000048","","E23000027",29815,"E56000035","E54000025","E00120478","E01023728","E02004935"
"AL3 5NY","AL3  5NY","AL3 5NY","199208","200408","E10000015","E58000664","E07000240","E05013956","E43000290","1","517328","0206823","1","E18000006","E40000007","E92000001","E12000006","5","E14001507","E15000006","E24000005","E30000237","E16000150","E07000240","26UGFX","E00120196","26UGFX","E65000001","E01023667","E02004936","5","6D1","E00120196","E01023667","E02004936","E33027453","E38000079","E63011552","C1","5A2",51.747828,-0.301865,"E37000048","","E23000027",30628,"E56000035","E54000025","E00120196","E01023667","E02004936"
"AL3 5NZ","AL3  5NZ","AL3 5NZ","199912","","E10000015","E58000665","E07000240","E05013947","E43000290","0","514296","0207866","1","E18000006","E40000007","E92000001","E12000006","5","E14001507","E15000006","E24000005","E30000237","E16000150","E07000240","26UGFY","E00120204","26UGFY","E65000001","E01023670","E02004932","5","6D1","E00120204","E01023670","E02004932","E33027432","E38000079","E63011552","C1","5A2",51.757834,-0.345398,"E37000048","","E23000027",28426,"E56000035","E54000025","E00120204","E01023670","E02004932"
"AL3 5PA","AL3  5PA","AL3 5PA","198001","","E10000015","E58000665","E07000240","E05013947","E43000290","0","514825","0208138","1","E18000006","E40000007","E92000001","E12000006","5","E14001507","E15000006","E24000005","E30000237","E16000150","E07000240","26UGFY","E00120202","26UGFY","E65000001","E01023670","E02004932","5","6D1","E00120202","E01023670","E02004932","E33027433","E38000079","E63011552","C1","5B2",51.760165,-0.337671,"E37000048","","E23000027",28426,"E56000035","E54000025","E00120202","E01023670","E02004932"
"AL3 5PB","AL3  5PB","AL3 5PB","198001","","E10000015","E58000663","E07000240","E05013948","E43000290","0","514884","0208129","1","E18000006","E40000007","E92000001","E12000006","5","E14001507","E15000006","E24000005","E30000237","E16000150","E07000240","26UGGM","E00120498","26UGGM","E65000001","E01023728","E02004935","5","6D1","E00120498","E01023728","E02004935","E33027451","E38000079","E63011552","C1","5A2",51.760072,-0.336820,"E37000048","","E23000027",29815,"E56000035","E54000025","E00120498","E01023728","E02004935"
"AL3 5PD","AL3  5PD","AL3 5PD","198001","","E10000015","E58000663","E07000240","E05013948","E43000290","0","514833","0208084","1","E18000006","E40000007","E92000001","E12000006","5","E14001507","E15000006","E24000005","E30000237","E16000150","E07000240","26UGGM","E00120498","26UGGM","E65000001","E01023728","E02004935","5","6D1","E00120498","E01023728","E02004935","E33027451","E38000079","E63011552","C1","5A2",51.759678,-0.337573,"E37000048","","E23000027",29815,"E56000035","E54000025","E00120498","E01023728","E02004935"
"AL3 5PE","AL3  5PE","AL3 5PE","198001","","E10000015","E58000665","E07000240","E05013947","E43000290","0","514617","0208138","1","E18000006","E40000007","E92000001","E12000006","5","E14001507","E15000006","E24000005","E30000237","E16000150","E07000240","26UGFY","E00120202","26UGFY","E65000001","E01023670","E02004932","5","6D1","E00120202","E01023670","E02004932","E33027433","E38000079","E63011552","C1","5B2",51.760213,-0.340660,"E37000048","","E23000027",28426,"E56000035","E54000025","E00120202","E01023670","E02004932"
"AL3 5PF","AL3  5PF","AL3 5PF","198001","200011","E10000015","E58000665","E07000240","E05013947","E43000290","1","514694","0208147","1","E18000006","E40000007","E92000001","E12000006","5","E14001507","E15000006","E24000005","E30000237","E16000150","E07000240","26UGFY","E00120202","26UGFY","E65000001","E01023670","E02004932","5","6D1","E00120202","E01023670","E02004932","E33027433","E38000079","E63011552","C1","5B2",51.760272,-0.339565,"E37000048","","E23000027",28426,"E56000035","E54000025","E00120202","E01023670","E02004932"
"AL3 5PG","AL3  5PG","AL3 5PG","198001","199405","E10000015","E58000663","E07000240","E05013947","E43000290","1","514600","0208100","8","E18000006","E40000007","E92000001","E12000006","5","E14001507","E15000006","E24000005","E30000237","E16000150","E07000240","26UGGM","E00120499","26UGGM","E65000001","E01023728","E02004935","5","6D1","E00120499","E01023728","E02004935","E33027446","E38000079","E63011552","C1","5A2",51.759869,-0.340942,"E37000048","","E23000027",29815,"E56000035","E54000025","E00120499","E01023728","E02004935"
"AL3 5PH","AL3  5PH","AL3 5PH","198001","","E10000015","E58000663","E07000240","E05013947","E43000290","0","514679","0208075","1","E18000006","E40000007","E92000001","E12000006","5","E14001507","E15000006","E24000005","E30000237","E16000150","E07000240","26UGGM","E00120499","26UGGM","E65000001","E01023728","E02004935","5","6D1","E00120499","E01023728","E02004935","E33027446","E38000079","E63011552","C1","5A2",51.759628,-0.339806,"E37000048","","E23000027",29815,"E56000035","E54000025","E00120499","E01023728","E02004935"
"AL3 5PJ","AL3  5PJ","AL3 5PJ","200311","","E10000015","E58000665","E07000240","E05013947","E43000290","0","514363","0208277","1","E18000006","E40000007","E92000001","E12000006","5","E14001507","E15000006","E24000005","E30000237","E16000150","E07000240","26UGFY","E00120222","26UGFY","E65000001","E01023670","E02004932","5","7A2","E00120222","E01023670","E02004932","E33027433","E38000079","E63011552","C1","4A3",51.761508,-0.344316,"E37000048","","E23000027",28426,"E56000035","E54000025","E00120222","E01023670","E02004932"
"AL3 5PL","AL3  5PL","AL3 5PL","200206","","E10000015","E58000665","E07000240","E05013947","E43000290","0","514345","0207969","1","E18000006","E40000007","E92000001","E12000006","5","E14001507","E15000006","E24000005","E30000237","E16000150","E07000240","26UGFY","E00120208","26UGFY","E65000001","E01023669","E02004932","5","7A2","E00120208","E01023669","E02004932","E33027432","E38000079","E63011552","C1","4A3",51.758744,-0.344678,"E37000048","","E23000027",9268,"E56000035","E54000025","E00120208","E01023669","E02004932"
"AL3 5PN","AL3  5PN","AL3 5PN","198001","","E10000015","E58000665","E07000240","E05013947","E43000290","1","514391","0208118","1","E18000006","E40000007","E92000001","E12000006","5","E14001507","E15000006","E24000005","E30000237","E16000150","E07000240","26UGFY","E00120208","26UGFY","E65000001","E01023669","E02004932","5","7A2","E00120208","E01023669","E02004932","E33027432","E38000079","E63011552","C1","4A3",51.760074,-0.343963,"E37000048","","E23000027",9268,"E56000035","E54000025","E00120208","E01023669","E02004932"
"AL3 5PP","AL3  5PP","AL3 5PP","198001","","E10000015","E58000663","E07000240","E05013947","E43000290","0","514686","0207896","1","E18000006","E40000007","E92000001","E12000006","5","E14001507","E15000006","E24000005","E30000237","E16000150","E07000240","26UGGM","E00120499","26UGGM","E65000001","E01023728","E02004935","5","6D1","E00120499","E01023728","E02004935","E33027446","E38000079","E63011552","C1","5A2",51.758018,-0.339764,"E37000048","","E23000027",29815,"E56000035","E54000025","E00120499","E01023728","E02004935"
"AL3 5PQ","AL3  5PQ","AL3 5PQ","200112","","E10000015","E58000665","E07000240","E05013947","E43000290","0","514379","0207962","1","E18000006","E40000007","E92000001","E12000006","5","E14001507","E15000006","E24000005","E30000237","E16000150","E07000240","26UGFY","E00120208","26UGFY","E65000001","E01023669","E02004932","5","7A2","E00120208","E01023669","E02004932","E33027432","E38000079","E63011552","C1","4A3",51.758680,-0.344165,"E37000048","","E23000027",9268,"E56000035","E54000025","E00120208","E01023669","E02004932"
"AL3 5PR","AL3  5PR","AL3 5PR","198001","","E10000015","E58000665","E07000240","E05013947","E43000290","0","514598","0207902","1","E18000006","E40000007","E92000001","E12000006","5","E14001507","E15000006","E24000005","E30000237","E16000150","E07000240","26UGFY","E00120203","26UGFY","E65000001","E01023670","E02004932","5","6D1","E00120203","E01023670","E02004932","E33027432","E38000079","E63011552","C1","5A2",51.758090,-0.341036,"E37000048","","E23000027",28426,"E56000035","E54000025","E00120203","E01023670","E02004932"
"AL3 5PS","AL3  5PS","AL3 5PS","200012","","E10000015","E58000665","E07000240","E05013947","E43000290","0","514435","0207821","1","E18000006","E40000007","E92000001","E12000006","5","E14001507","E15000006","E24000005","E30000237","E16000150","E07000240","26UGFY","E00120210","26UGFY","E65000001","E01023669","E02004932","5","6C1","E00120210","E01023669","E02004932","E33027432","E38000079","E63011552","C1","5A2",51.757395,-0.343424,"E37000048","","E23000027",9268,"E56000035","E54000025","E00120210","E01023669","E02004932"
"AL3 5PT","AL3  5PT","AL3 5PT","198001","","E10000015","E58000665","E07000240","E05013947","E43000290","0","514582","0207983","1","E18000006","E40000007","E92000001","E12000006","5","E14001507","E15000006","E24000005","E30000237","E16000150","E07000240","26UGFY","E00120204","26UGFY","E65000001","E01023670","E02004932","5","6D1","E00120204","E01023670","E02004932","E33027432","E38000079","E63011552","C1","5A2",51.758821,-0.341241,"E37000048","","E23000027",28426,"E56000035","E54000025","E00120204","E01023670","E02004932"
"AL3 5PU","AL3  5PU","AL3 5PU","198001","","E10000015","E58000665","E07000240","E05013947","E43000290","0","514557","0208041","1","E18000006","E40000007","E92000001","E12000006","5","E14001507","E15000006","E24000005","E30000237","E16000150","E07000240","26UGFY","E00120204","26UGFY","E65000001","E01023670","E02004932","5","6D1","E00120204","E01023670","E02004932","E33027432","E38000079","E63011552","C1","5A2",51.759348,-0.341584,"E37000048","","E23000027",28426,"E56000035","E54000025","E00120204","E01023670","E02004932"
"AL3 5PW","AL3  5PW","AL3 5PW","198001","","E10000015","E58000663","E07000240","E05013947","E43000290","0","514611","0208027","1","E18000006","E40000007","E92000001","E12000006","5","E14001507","E15000006","E24000005","E30000237","E16000150","E07000240","26UGGM","E00120499","26UGGM","E65000001","E01023728","E02004935","5","6D1","E00120499","E01023728","E02004935","E33027446","E38000079","E63011552","C1","5A2",51.759211,-0.340807,"E37000048","","E23000027",29815,"E56000035","E54000025","E00120499","E01023728","E02004935"
"AL3 5PX","AL3  5PX","AL3 5PX","198001","","E10000015","E58000665","E07000240","E05013947","E43000290","0","514482","0207974","1","E18000006","E40000007","E92000001","E12000006","5","E14001507","E15000006","E24000005","E30000237","E16000150","E07000240","26UGFY","E00120204","26UGFY","E65000001","E01023670","E02004932","5","6D1","E00120204","E01023670","E02004932","E33027432","E38000079","E63011552","C1","5A2",51.758761,-0.342693,"E37000048","","E23000027",28426,"E56000035","E54000025","E00120204","E01023670","E02004932"
"AL3 5PY","AL3  5PY","AL3 5PY","198001","","E10000015","E58000665","E07000240","E05013947","E43000290","0","514452","0207882","1","E18000006","E40000007","E92000001","E12000006","5","E14001507","E15000006","E24000005","E30000237","E16000150","E07000240","26UGFY","E00120211","26UGFY","E65000001","E01023670","E02004932","5","6D1","E00120211","E01023670","E02004932","E33027432","E38000079","E63011552","C1","5A2",51.757940,-0.343157,"E37000048","","E23000027",28426,"E56000035","E54000025","E00120211","E01023670","E02004932"
"AL3 5PZ","AL3  5PZ","AL3 5PZ","198001","","E10000015","E58000665","E07000240","E05013947","E43000290","0","514522","0207912","1","E18000006","E40000007","E92000001","E12000006","5","E14001507","E15000006","E24000005","E30000237","E16000150","E07000240","26UGFY","E00120204","26UGFY","E65000001","E01023670","E02004932","5","6D1","E00120204","E01023670","E02004932","E33027432","E38000079","E63011552","C1","5A2",51.758201,-0.342110,"E37000048","","E23000027",28426,"E56000035","E54000025","E00120204","E01023670","E02004932"
"AL3 5QA","AL3  5QA","AL3 5QA","198001","","E10000015","E58000665","E07000240","E05013947","E43000290","0","514565","0207931","1","E18000006","E40000007","E92000001","E12000006","5","E14001507","E15000006","E24000005","E30000237","E16000150","E07000240","26UGFY","E00120203","26UGFY","E65000001","E01023670","E02004932","5","6D1","E00120203","E01023670","E02004932","E33027432","E38000079","E63011552","C1","5A2",51.758357,-0.341505,"E37000048","","E23000027",28426,"E56000035","E54000025","E00120203","E01023670","E02004932"
"AL3 5QB","AL3  5QB","AL3 5QB","198001","","E10000015","E58000665","E07000240","E05013947","E43000290","0","514494","0207833","1","E18000006","E40000007","E92000001","E12000006","5","E14001507","E15000006","E24000005","E30000237","E16000150","E07000240","26UGFY","E00120211","26UGFY","E65000001","E01023670","E02004932","5","6D1","E00120211","E01023670","E02004932","E33027432","E38000079","E63011552","C1","5A2",51.757491,-0.342565,"E37000048","","E23000027",28426,"E56000035","E54000025","E00120211","E01023670","E02004932"
"AL3 5QD","AL3  5QD","AL3 5QD","198001","","E10000015","E58000665","E07000240","E05013947","E43000290","0","514566","0207855","1","E18000006","E40000007","E92000001","E12000006","5","E14001507","E15000006","E24000005","E30000237","E16000150","E07000240","26UGFY","E00120203","26UGFY","E65000001","E01023670","E02004932","5","6D1","E00120203","E01023670","E02004932","E33027432","E38000079","E63011552","C1","5A2",51.757674,-0.341515,"E37000048","","E23000027",28426,"E56000035","E54000025","E00120203","E01023670","E02004932"
"AL3 5QE","AL3  5QE","AL3 5QE","198001","","E10000015","E58000665","E07000240","E05013947","E43000290","0","514582","0207821","1","E18000006","E40000007","E92000001","E12000006","5","E14001507","E15000006","E24000005","E30000237","E16000150","E07000240","26UGFY","E00120203","26UGFY","E65000001","E01023670","E02004932","5","6D1","E00120203","E01023670","E02004932","E33027432","E38000079","E63011552","C1","5A2",51.757365,-0.341295,"E37000048","","E23000027",28426,"E56000035","E54000025","E00120203","E01023670","E02004932"
"AL3 5QF","AL3  5QF","AL3 5QF","200501","","E10000015","E58000665","E07000240","E05013947","E43000290","0","514616","0208200","1","E18000006","E40000007","E92000001","E12000006","5","E14001507","E15000006","E24000005","E30000237","E16000150","E07000240","26UGFY","E00120222","26UGFY","E65000001","E01023670","E02004932","5","7A2","E00120222","E01023670","E02004932","E33027433","E38000079","E63011552","C1","4A3",51.760771,-0.340654,"E37000048","","E23000027",28426,"E56000035","E54000025","E00120222","E01023670","E02004932"
"AL3 5QG","AL3  5QG","AL3 5QG","198001","","E10000015","E58000665","E07000240","E05013947","E43000290","0","514623","0207728","1","E18000006","E40000007","E92000001","E12000006","5","E14001507","E15000006","E24000005","E30000237","E16000150","E07000240","26UGFY","E00120203","26UGFY","E65000001","E01023670","E02004932","5","6D1","E00120203","E01023670","E02004932","E33027432","E38000079","E63011552","C1","5A2",51.756521,-0.340732,"E37000048","","E23000027",28426,"E56000035","E54000025","E00120203","E01023670","E02004932"
"AL3 5QH","AL3  5QH","AL3 5QH","198001","","E10000015","E58000663","E07000240","E05013964","E43000290","0","514744","0207862","1","E18000006","E40000007","E92000001","E12000006","5","E14001507","E15000006","E24000005","E30000237","E16000150","E07000240","26UGGM","E00120478","26UGGM","E65000001","E01023728","E02004935","5","6D1","E00120478","E01023728","E02004935","E33027446","E38000079","E63011552","C1","2D2",51.757701,-0.338935,"E37000048","","E23000027",29815,"E56000035","E54000025","E00120478","E01023728","E02004935"
"AL3 5QJ","AL3  5QJ","AL3 5QJ","198001","","E10000015","E58000663","E07000240","E05013964","E43000290","0","514790","0207897","1","E18000006","E40000007","E92000001","E12000006","5","E14001507","E15000006","E24000005","E30000237","E16000150","E07000240","26UGGM","E00120499","26UGGM","E65000001","E01023728","E02004935","5","6D1","E00120499","E01023728","E02004935","E33027446","E38000079","E63011552","C1","5A2",51.758006,-0.338257,"E37000048","","E23000027",29815,"E56000035","E54000025","E00120499","E01023728","E02004935"
"AL3 5QL","AL3  5QL","AL3 5QL","198001","","E10000015","E58000663","E07000240","E05013964","E43000290","0","514784","0207845","1","E18000006","E40000007","E92000001","E12000006","5","E14001507","E15000006","E24000005","E30000237","E16000150","E07000240","26UGGM","E00120500","26UGGM","E65000001","E01023728","E02004935","5","6A2","E00120500","E01023728","E02004935","E33027446","E38000079","E63011552","C1","5A2",51.757540,-0.338362,"E37000048","","E23000027",29815,"E56000035","E54000025","E00120500","E01023728","E02004935"
"AL3 5QN","AL3  5QN","AL3 5QN","198001","","E10000015","E58000663","E07000240","E05013964","E43000290","0","514814","0207827","1","E18000006","E40000007","E92000001","E12000006","5","E14001507","E15000006","E24000005","E30000237","E16000150","E07000240","26UGGM","E00120500","26UGGM","E65000001","E01023728","E02004935","5","6A2","E00120500","E01023728","E02004935","E33027446","E38000079","E63011552","C1","5A2",51.757372,-0.337933,"E37000048","","E23000027",29815,"E56000035","E54000025","E00120500","E01023728","E02004935"
"AL3 5QP","AL3  5QP","AL3 5QP","198504","","E10000015","E58000665","E07000240","E05013947","E43000290","0","514678","0208212","1","E18000006","E40000007","E92000001","E12000006","5","E14001507","E15000006","E24000005","E30000237","E16000150","E07000240","26UGFY","E00120202","26UGFY","E65000001","E01023670","E02004932","5","6D1","E00120202","E01023670","E02004932","E33027433","E38000079","E63011552","C1","5B2",51.760866,-0.339752,"E37000048","","E23000027",28426,"E56000035","E54000025","E00120202","E01023670","E02004932"
"AL3 5QQ","AL3  5QQ","AL3 5QQ","198504","","E10000015","E58000663","E07000240","E05013964","E43000290","0","514721","0207756","1","E18000006","E40000007","E92000001","E12000006","5","E14001507","E15000006","E24000005","E30000237","E16000150","E07000240","26UGGM","E00120478","26UGGM","E65000001","E01023728","E02004935","5","6D1","E00120478","E01023728","E02004935","E33027446","E38000079","E63011552","C1","2D2",51.756759,-0.339280,"E37000048","","E23000027",29815,"E56000035","E54000025","E00120478","E01023728","E02004935"
"AL3 5QR","AL3  5QR","AL3 5QR","198604","201407","E10000015","E58000664","E07000240","E05013956","E43000290","1","517328","0206823","1","E18000006","E40000007","E92000001","E12000006","5","E14001507","E15000006","E24000005","E30000237","E16000150","E07000240","26UGFX","E00120196","26UGFX","E65000001","E01023667","E02004936","5","6D1","E00120196","E01023667","E02004936","E33027453","E38000079","E63011552","C1","5A2",51.747828,-0.301865,"E37000048","","E23000027",30628,"E56000035","E54000025","E00120196","E01023667","E02004936"
"AL3 5QS","AL3  5QS","AL3 5QS","200501","","E10000015","E58000665","E07000240","E05013947","E43000290","0","514303","0208255","1","E18000006","E40000007","E92000001","E12000006","5","E14001507","E15000006","E24000005","E30000237","E16000150","E07000240","26UGFY","E00120206","26UGFY","E65000001","E01023672","E02004932","5","6D1","E00120206","E01023672","E02004932","E33027432","E38000079","E63011552","C1","4A3",51.761329,-0.345169,"E37000048","","E23000027",24416,"E56000035","E54000025","E00120206","E01023672","E02004932"
"AL3 5QT","AL3  5QT","AL3 5QT","200112","","E10000015","E58000665","E07000240","E05013947","E43000290","0","514687","0208183","1","E18000006","E40000007","E92000001","E12000006","5","E14001507","E15000006","E24000005","E30000237","E16000150","E07000240","26UGFY","E00120202","26UGFY","E65000001","E01023670","E02004932","5","6D1","E00120202","E01023670","E02004932","E33027433","E38000079","E63011552","C1","5B2",51.760597,-0.339655,"E37000048","","E23000027",28426,"E56000035","E54000025","E00120202","E01023670","E02004932"
"AL3 5QU","AL3  5QU","AL3 5QU","200501","","E10000015","E58000665","E07000240","E05013947","E43000290","0","514324","0208315","1","E18000006","E40000007","E92000001","E12000006","5","E14001507","E15000006","E24000005","E30000237","E16000150","E07000240","26UGFY","E00120206","26UGFY","E65000001","E01023672","E02004932","5","6D1","E00120206","E01023672","E02004932","E33027432","E38000079","E63011552","C1","4A3",51.761858,-0.344869,"E37000048","","E23000027",24416,"E56000035","E54000025","E00120206","E01023672","E02004932"
"AL3 5QW","AL3  5QW","AL3 5QW","198001","","E10000015","E58000663","E07000240","E05013964","E43000290","0","514753","0207743","1","E18000006","E40000007","E92000001","E12000006","5","E14001507","E15000006","E24000005","E30000237","E16000150","E07000240","26UGGM","E00120478","26UGGM","E65000001","E01023728","E02004935","5","6D1","E00120478","E01023728","E02004935","E33027446","E38000079","E63011552","C1","2D2",51.756629,-0.338844,"E37000048","","E23000027",29815,"E56000035","E54000025","E00120478","E01023728","E02004935"
"AL3 5QX","AL3  5QX","AL3 5QX","199405","","E10000015","E58000665","E07000240","E05013947","E43000290","1","514379","0208240","1","E18000006","E40000007","E92000001","E12000006","5","E14001507","E15000006","E24000005","E30000237","E16000150","E07000240","26UGFY","E00120222","26UGFY","E65000001","E01023670","E02004932","5","7A2","E00120222","E01023670","E02004932","E33027433","E38000079","E63011552","C1","4A3",51.761179,-0.344073,"E37000048","","E23000027",28426,"E56000035","E54000025","E00120222","E01023670","E02004932"
"AL3 5QY","AL3  5QY","AL3 5QY","200106","","E10000015","E58000665","E07000240","E05013947","E43000290","0","514820","0208230","1","E18000006","E40000007","E92000001","E12000006","5","E14001507","E15000006","E24000005","E30000237","E16000150","E07000240","26UGFY","E00120202","26UGFY","E65000001","E01023670","E02004932","5","6D1","E00120202","E01023670","E02004932","E33027433","E38000079","E63011552","C1","5B2",51.760998,-0.337690,"E37000048","","E23000027",28426,"E56000035","E54000025","E00120202","E01023670","E02004932"
"AL3 5QZ","AL3  5QZ","AL3 5QZ","199507","200408","E10000015","E58000664","E07000240","E05013956","E43000290","1","517328","0206823","1","E18000006","E40000007","E92000001","E12000006","5","E14001507","E15000006","E24000005","E30000237","E16000150","E07000240","26UGFX","E00120196","26UGFX","E65000001","E01023667","E02004936","5","6D1","E00120196","E01023667","E02004936","E33027453","E38000079","E63011552","C1","5A2",51.747828,-0.301865,"E37000048","","E23000027",30628,"E56000035","E54000025","E00120196","E01023667","E02004936"
"AL3 5RA","AL3  5RA","AL3 5RA","198001","","E10000015","E58000663","E07000240","E05013948","E43000290","0","515027","0207971","1","E18000006","E40000007","E92000001","E12000006","5","E14001507","E15000006","E24000005","E30000237","E16000150","E07000240","26UGGM","E00120498","26UGGM","E65000001","E01023728","E02004935","5","6D1","E00120498","E01023728","E02004935","E33027451","E38000079","E63011552","C1","5A2",51.758628,-0.334777,"E37000048","","E23000027",29815,"E56000035","E54000025","E00120498","E01023728","E02004935"
"AL3 5RB","AL3  5RB","AL3 5RB","198001","","E10000015","E58000663","E07000240","E05013948","E43000290","0","514963","0208098","1","E18000006","E40000007","E92000001","E12000006","5","E14001507","E15000006","E24000005","E30000237","E16000150","E07000240","26UGGM","E00120498","26UGGM","E65000001","E01023728","E02004935","5","6D1","E00120498","E01023728","E02004935","E33027451","E38000079","E63011552","C1","5A2",51.759777,-0.335686,"E37000048","","E23000027",29815,"E56000035","E54000025","E00120498","E01023728","E02004935"
"AL3 5RD","AL3  5RD","AL3 5RD","198001","","E10000015","E58000665","E07000240","E05013948","E43000290","0","515034","0208079","1","E18000006","E40000007","E92000001","E12000006","5","E14001507","E15000006","E24000005","E30000237","E16000150","E07000240","26UGFY","E00120202","26UGFY","E65000001","E01023670","E02004932","5","6D1","E00120202","E01023670","E02004932","E33027433","E38000079","E63011552","C1","5B2",51.759597,-0.334640,"E37000048","","E23000027",28426,"E56000035","E54000025","E00120202","E01023670","E02004932"
"AL3 5RE","AL3  5RE","AL3 5RE","198001","","E10000015","E58000663","E07000240","E05013948","E43000290","0","514930","0208018","1","E18000006","E40000007","E92000001","E12000006","5","E14001507","E15000006","E24000005","E30000237","E16000150","E07000240","26UGGM","E00120498","26UGGM","E65000001","E01023728","E02004935","5","6D1","E00120498","E01023728","E02004935","E33027451","E38000079","E63011552","C1","5A2",51.759065,-0.336190,"E37000048","","E23000027",29815,"E56000035","E54000025","E00120498","E01023728","E02004935"
"AL3 5RF","AL3  5RF","AL3 5RF","198001","","E10000015","E58000665","E07000240","E05013947","E43000290","0","514741","0208367","1","E18000006","E40000007","E92000001","E12000006","5","E14001507","E15000006","E24000005","E30000237","E16000150","E07000240","26UGFY","E00120202","26UGFY","E65000001","E01023670","E02004932","5","6D1","E00120202","E01023670","E02004932","E33027433","E38000079","E63011552","C1","5B2",51.762240,-0.338812,"E37000048","","E23000027",28426,"E56000035","E54000025","E00120202","E01023670","E02004932"
"AL3 5RG","AL3  5RG","AL3 5RG","198001","","E10000015","E58000665","E07000240","E05013947","E43000290","0","514760","0208227","1","E18000006","E40000007","E92000001","E12000006","5","E14001507","E15000006","E24000005","E30000237","E16000150","E07000240","26UGFY","E00120202","26UGFY","E65000001","E01023670","E02004932","5","6D1","E00120202","E01023670","E02004932","E33027433","E38000079","E63011552","C1","5B2",51.760978,-0.338583,"E37000048","","E23000027",28426,"E56000035","E54000025","E00120202","E01023670","E02004932"
"AL3 5RH","AL3  5RH","AL3 5RH","198001","","E10000015","E58000665","E07000240","E05013947","E43000290","0","514641","0208543","1","E18000006","E40000007","E92000001","E12000006","5","E14001507","E15000006","E24000005","E30000237","E16000150","E07000240","26UGFY","E00120222","26UGFY","E65000001","E01023670","E02004932","5","7A2","E00120222","E01023670","E02004932","E33027433","E38000079","E63011552","C1","4A3",51.763842,-0.340202,"E37000048","","E23000027",28426,"E56000035","E54000025","E00120222","E01023670","E02004932"
"AL3 5RJ","AL3  5RJ","AL3 5RJ","198001","","E10000015","E58000665","E07000240","E05013947","E43000290","0","514673","0208561","1","E18000006","E40000007","E92000001","E12000006","5","E14001507","E15000006","E24000005","E30000237","E16000150","E07000240","26UGFY","E00120222","26UGFY","E65000001","E01023670","E02004932","5","7A2","E00120222","E01023670","E02004932","E33027433","E38000079","E63011552","C1","4A3",51.763997,-0.339733,"E37000048","","E23000027",28426,"E56000035","E54000025","E00120222","E01023670","E02004932"
"AL3 5RL","AL3  5RL","AL3 5RL","198001","","E10000015","E58000665","E07000240","E05013947","E43000290","0","514828","0208603","1","E18000006","E40000007","E92000001","E12000006","5","E14001507","E15000006","E24000005","E30000237","E16000150","E07000240","26UGFY","E00120202","26UGFY","E65000001","E01023670","E02004932","5","6D1","E00120202","E01023670","E02004932","E33027433","E38000079","E63011552","C1","5B2",51.764343,-0.337474,"E37000048","","E23000027",28426,"E56000035","E54000025","E00120202","E01023670","E02004932"
"AL3 5RN","AL3  5RN","AL3 5RN","198001","","E10000015","E58000665","E07000240","E05013947","E43000290","0","514585","0208660","1","E18000006","E40000007","E92000001","E12000006","5","E14001507","E15000006","E24000005","E30000237","E16000150","E07000240","26UGFY","E00120221","26UGFY","E65000001","E01023672","E02004932","5","6D1","E00120221","E01023672","E02004932","E33027433","E38000079","E63011552","C1","5B3",51.764911,-0.340951,"E37000048","","E23000027",24416,"E56000035","E54000025","E00120221","E01023672","E02004932"
"AL3 5RP","AL3  5RP","AL3 5RP","198001","","E10000015","E58000665","E07000240","E05013947","E43000290","0","514638","0208717","1","E18000006","E40000007","E92000001","E12000006","5","E14001507","E15000006","E24000005","E30000237","E16000150","E07000240","26UGFY","E00120220","26UGFY","E65000001","E01023672","E02004932","5","6D1","E00120220","E01023672","E02004932","E33027433","E38000079","E63011552","C1","5B1",51.765413,-0.340165,"E37000048","","E23000027",24416,"E56000035","E54000025","E00120220","E01023672","E02004932"
"AL3 5RQ","AL3  5RQ","AL3 5RQ","198001","","E10000015","E58000665","E07000240","E05013947","E43000290","0","514788","0208410","1","E18000006","E40000007","E92000001","E12000006","5","E14001507","E15000006","E24000005","E30000237","E16000150","E07000240","26UGFY","E00120202","26UGFY","E65000001","E01023670","E02004932","5","6D1","E00120202","E01023670","E02004932","E33027433","E38000079","E63011552","C1","5B2",51.762617,-0.338117,"E37000048","","E23000027",28426,"E56000035","E54000025","E00120202","E01023670","E02004932"
"AL3 5RR","AL3  5RR","AL3 5RR","198001","","E10000015","E58000665","E07000240","E05013947","E43000290","0","514581","0208539","1","E18000006","E40000007","E92000001","E12000006","5","E14001507","E15000006","E24000005","E30000237","E16000150","E07000240","26UGFY","E00120221","26UGFY","E65000001","E01023672","E02004932","5","6D1","E00120221","E01023672","E02004932","E33027433","E38000079","E63011552","C1","5B3",51.763818,-0.341073,"E37000048","","E23000027",24416,"E56000035","E54000025","E00120221","E01023672","E02004932"
"AL3 5RS","AL3  5RS","AL3 5RS","198001","","E10000015","E58000665","E07000240","E05013947","E43000290","0","514435","0208444","1","E18000006","E40000007","E92000001","E12000006","5","E14001507","E15000006","E24000005","E30000237","E16000150","E07000240","26UGFY","E00120206","26UGFY","E65000001","E01023672","E02004932","5","6D1","E00120206","E01023672","E02004932","E33027432","E38000079","E63011552","C1","4A3",51.762995,-0.343219,"E37000048","","E23000027",24416,"E56000035","E54000025","E00120206","E01023672","E02004932"
"AL3 5RT","AL3  5RT","AL3 5RT","198001","","E10000015","E58000665","E07000240","E05013947","E43000290","0","514401","0208578","1","E18000006","E40000007","E92000001","E12000006","5","E14001507","E15000006","E24000005","E30000237","E16000150","E07000240","26UGFY","E00120221","26UGFY","E65000001","E01023672","E02004932","5","6D1","E00120221","E01023672","E02004932","E33027433","E38000079","E63011552","C1","5B3",51.764206,-0.343667,"E37000048","","E23000027",24416,"E56000035","E54000025","E00120221","E01023672","E02004932"
"AL3 5RU","AL3  5RU","AL3 5RU","198001","","E10000015","E58000665","E07000240","E05013947","E43000290","0","514443","0208597","1","E18000006","E40000007","E92000001","E12000006","5","E14001507","E15000006","E24000005","E30000237","E16000150","E07000240","26UGFY","E00120221","26UGFY","E65000001","E01023672","E02004932","5","6D1","E00120221","E01023672","E02004932","E33027433","E38000079","E63011552","C1","5B3",51.764374,-0.343029,"E37000048","","E23000027",24416,"E56000035","E54000025","E00120221","E01023672","E02004932"
"AL3 5RW","AL3  5RW","AL3 5RW","198001","","E10000015","E58000665","E07000240","E05013947","E43000290","0","514555","0208615","1","E18000006","E40000007","E92000001","E12000006","5","E14001507","E15000006","E24000005","E30000237","E16000150","E07000240","26UGFY","E00120221","26UGFY","E65000001","E01023672","E02004932","5","6D1","E00120221","E01023672","E02004932","E33027433","E38000079","E63011552","C1","5B3",51.764507,-0.341424,"E37000048","","E23000027",24416,"E56000035","E54000025","E00120221","E01023672","E02004932"
"AL3 5RX","AL3  5RX","AL3 5RX","198001","","E10000015","E58000665","E07000240","E05013947","E43000290","0","514359","0208535","1","E18000006","E40000007","E92000001","E12000006","5","E14001507","E15000006","E24000005","E30000237","E16000150","E07000240","26UGFY","E00120206","26UGFY","E65000001","E01023672","E02004932","5","6D1","E00120206","E01023672","E02004932","E33027432","E38000079","E63011552","C1","4A3",51.763828,-0.344289,"E37000048","","E23000027",24416,"E56000035","E54000025","E00120206","E01023672","E02004932"
"AL3 5RY","AL3  5RY","AL3 5RY","198001","","E10000015","E58000665","E07000240","E05013947","E43000290","0","514298","0208551","1","E18000006","E40000007","E92000001","E12000006","5","E14001507","E15000006","E24000005","E30000237","E16000150","E07000240","26UGFY","E00120221","26UGFY","E65000001","E01023672","E02004932","5","6D1","E00120221","E01023672","E02004932","E33027433","E38000079","E63011552","C1","5B3",51.763984,-0.345168,"E37000048","","E23000027",24416,"E56000035","E54000025","E00120221","E01023672","E02004932"
"AL3 5RZ","AL3  5RZ","AL3 5RZ","198001","","E10000015","E58000665","E07000240","E05013947","E43000290","0","514481","0208683","1","E18000006","E40000007","E92000001","E12000006","5","E14001507","E15000006","E24000005","E30000237","E16000150","E07000240","26UGFY","E00120221","26UGFY","E65000001","E01023672","E02004932","5","6D1","E00120221","E01023672","E02004932","E33027433","E38000079","E63011552","C1","5B3",51.765139,-0.342450,"E37000048","","E23000027",24416,"E56000035","E54000025","E00120221","E01023672","E02004932"
"AL3 5SA","AL3  5SA","AL3 5SA","198001","","E10000015","E58000665","E07000240","E05013947","E43000290","0","514588","0208778","1","E18000006","E40000007","E92000001","E12000006","5","E14001507","E15000006","E24000005","E30000237","E16000150","E07000240","26UGFY","E00120219","26UGFY","E65000001","E01023672","E02004932","5","1C3","E00120219","E01023672","E02004932","E33027433","E38000079","E63011552","C1","8D2",51.765965,-0.340893,"E37000048","","E23000027",24416,"E56000035","E54000025","E00120219","E01023672","E02004932"
"AL3 5SB","AL3  5SB","AL3 5SB","198001","","E10000015","E58000665","E07000240","E05013947","E43000290","0","514819","0208818","1","E18000006","E40000007","E92000001","E12000006","5","E14001507","E15000006","E24000005","E30000237","E16000150","E07000240","26UGFY","E00120220","26UGFY","E65000001","E01023672","E02004932","5","6D1","E00120220","E01023672","E02004932","E33027433","E38000079","E63011552","C1","5B1",51.766277,-0.337533,"E37000048","","E23000027",24416,"E56000035","E54000025","E00120220","E01023672","E02004932"
"AL3 5SD","AL3  5SD","AL3 5SD","198001","","E10000015","E58000665","E07000240","E05013947","E43000290","0","514833","0208744","1","E18000006","E40000007","E92000001","E12000006","5","E14001507","E15000006","E24000005","E30000237","E16000150","E07000240","26UGFY","E00120220","26UGFY","E65000001","E01023672","E02004932","5","6D1","E00120220","E01023672","E02004932","E33027433","E38000079","E63011552","C1","5B1",51.765615,-0.337331,"E37000048","","E23000027",24416,"E56000035","E54000025","E00120220","E01023672","E02004932"
"AL3 5SE","AL3  5SE","AL3 5SE","198001","","E10000015","E58000665","E07000240","E05013947","E43000290","0","514884","0208743","1","E18000006","E40000007","E92000001","E12000006","5","E14001507","E15000006","E24000005","E30000237","E16000150","E07000240","26UGFY","E00120220","26UGFY","E65000001","E01023672","E02004932","5","6D1","E00120220","E01023672","E02004932","E33027433","E38000079","E63011552","C1","5B1",51.765590,-0.336617,"E37000048","","E23000027",24416,"E56000035","E54000025","E00120220","E01023672","E02004932"
"AL3 5SF","AL3  5SF","AL3 5SF","198001","","E10000015","E58000665","E07000240","E05013947","E43000290","0","514718","0208283","1","E18000006","E40000007","E92000001","E12000006","5","E14001507","E15000006","E24000005","E30000237","E16000150","E07000240","26UGFY","E00120202","26UGFY","E65000001","E01023670","E02004932","5","6D1","E00120202","E01023670","E02004932","E33027433","E38000079","E63011552","C1","5B2",51.761490,-0.339173,"E37000048","","E23000027",28426,"E56000035","E54000025","E00120202","E01023670","E02004932"
"AL3 5SG","AL3  5SG","AL3 5SG","198402","","E10000015","E58000665","E07000240","E05013947","E43000290","0","514811","0208540","1","E18000006","E40000007","E92000001","E12000006","5","E14001507","E15000006","E24000005","E30000237","E16000150","E07000240","26UGFY","E00120202","26UGFY","E65000001","E01023670","E02004932","5","6D1","E00120202","E01023670","E02004932","E33027433","E38000079","E63011552","C1","5B2",51.763780,-0.337741,"E37000048","","E23000027",28426,"E56000035","E54000025","E00120202","E01023670","E02004932"
"AL3 5SH","AL3  5SH","AL3 5SH","199507","","E10000015","E58000665","E07000240","E05013947","E43000290","0","514901","0208260","1","E18000006","E40000007","E92000001","E12000006","5","E14001507","E15000006","E24000005","E30000237","E16000150","E07000240","26UGFY","E00120202","26UGFY","E65000001","E01023670","E02004932","5","6D1","E00120202","E01023670","E02004932","E33027433","E38000079","E63011552","C1","5B2",51.761246,-0.336530,"E37000048","","E23000027",28426,"E56000035","E54000025","E00120202","E01023670","E02004932"
"AL3 5SJ","AL3  5SJ","AL3 5SJ","199507","199812","E10000015","E58000663","E07000240","E05013947","E43000290","1","514690","0208065","6","E18000006","E40000007","E92000001","E12000006","5","E14001507","E15000006","E24000005","E30000237","E16000150","E07000240","26UGGM","E00120499","26UGGM","E65000001","E01023728","E02004935","5","6D1","E00120499","E01023728","E02004935","E33027446","E38000079","E63011552","C1","5A2",51.759536,-0.339650,"E37000048","","E23000027",29815,"E56000035","E54000025","E00120499","E01023728","E02004935"
"AL3 5SL","AL3  5SL","AL3 5SL","199412","199501","E10000015","E58000663","E07000240","E05013948","E43000290","1","514900","0208000","8","E18000006","E40000007","E92000001","E12000006","5","E14001507","E15000006","E24000005","E30000237","E16000150","E07000240","26UGGM","E00120498","26UGGM","E65000001","E01023728","E02004935","5","6D1","E00120498","E01023728","E02004935","E33027451","E38000079","E63011552","C1","5A2",51.758909,-0.336630,"E37000048","","E23000027",29815,"E56000035","E54000025","E00120498","E01023728","E02004935"
"AL3 5SN","AL3  5SN","AL3 5SN","199308","199501","E10000015","E58000665","E07000240","E05013947","E43000290","1","514600","0208400","8","E18000006","E40000007","E92000001","E12000006","5","E14001507","E15000006","E24000005","E30000237","E16000150","E07000240","26UGFY","E00120222","26UGFY","E65000001","E01023670","E02004932","5","7A2","E00120222","E01023670","E02004932","E33027433","E38000079","E63011552","C1","4A3",51.762565,-0.340843,"E37000048","","E23000027",28426,"E56000035","E54000025","E00120222","E01023670","E02004932"
"AL3 5SP","AL3  5SP","AL3 5SP","199405","199806","E10000015","E58000663","E07000240","E05013947","E43000290","1","514690","0208065","6","E18000006","E40000007","E92000001","E12000006","5","E14001507","E15000006","E24000005","E30000237","E16000150","E07000240","26UGGM","E00120499","26UGGM","E65000001","E01023728","E02004935","5","6D1","E00120499","E01023728","E02004935","E33027446","E38000079","E63011552","C1","5A2",51.759536,-0.339650,"E37000048","","E23000027",29815,"E56000035","E54000025","E00120499","E01023728","E02004935"
"AL3 5SQ","AL3  5SQ","AL3 5SQ","198607","","E10000015","E58000663","E07000240","E05013964","E43000290","0","514716","0207182","1","E18000006","E40000007","E92000001","E12000006","5","E14001507","E15000006","E24000005","E30000237","E16000150","E07000240","26UGGM","E00120481","26UGGM","E65000001","E01023727","E02004935","5","2B2","E00120481","E01023727","E02004935","E33024336","E38000079","E63011552","C1","2D1",51.751595,-0.339565,"E37000048","","E23000027",15120,"E56000035","E54000025","E00120481","E01023727","E02004935"
"AL3 5SR","AL3  5SR","AL3 5SR","199412","199512","E10000015","E58000665","E07000240","E05013947","E43000290","1","514600","0208400","8","E18000006","E40000007","E92000001","E12000006","5","E14001507","E15000006","E24000005","E30000237","E16000150","E07000240","26UGFY","E00120222","26UGFY","E65000001","E01023670","E02004932","5","7A2","E00120222","E01023670","E02004932","E33027433","E38000079","E63011552","C1","4A3",51.762565,-0.340843,"E37000048","","E23000027",28426,"E56000035","E54000025","E00120222","E01023670","E02004932"
"AL3 5SS","AL3  5SS","AL3 5SS","199101","","E10000015","E58000665","E07000240","E05013947","E43000290","0","514635","0208438","1","E18000006","E40000007","E92000001","E12000006","5","E14001507","E15000006","E24000005","E30000237","E16000150","E07000240","26UGFY","E00120222","26UGFY","E65000001","E01023670","E02004932","5","7A2","E00120222","E01023670","E02004932","E33027433","E38000079","E63011552","C1","4A3",51.762900,-0.340324,"E37000048","","E23000027",28426,"E56000035","E54000025","E00120222","E01023670","E02004932"
"AL3 5ST","AL3  5ST","AL3 5ST","198001","201507","E10000015","E58000665","E07000240","E05013947","E43000290","0","514266","0208379","1","E18000006","E40000007","E92000001","E12000006","5","E14001507","E15000006","E24000005","E30000237","E16000150","E07000240","26UGFY","E00120206","26UGFY","E65000001","E01023672","E02004932","5","6D1","E00120206","E01023672","E02004932","E33027432","E38000079","E63011552","C1","4A3",51.762445,-0.345688,"E37000048","","E23000027",24416,"E56000035","E54000025","E00120206","E01023672","E02004932"
"AL3 5SU","AL3  5SU","AL3 5SU","199405","","E10000015","E58000665","E07000240","E05013947","E43000290","0","514528","0208459","1","E18000006","E40000007","E92000001","E12000006","5","E14001507","E15000006","E24000005","E30000237","E16000150","E07000240","26UGFY","E00120222","26UGFY","E65000001","E01023670","E02004932","5","7A2","E00120222","E01023670","E02004932","E33027433","E38000079","E63011552","C1","4A3",51.763110,-0.341867,"E37000048","","E23000027",28426,"E56000035","E54000025","E00120222","E01023670","E02004932"
"AL3 5SW","AL3  5SW","AL3 5SW","200509","","E10000015","E58000663","E07000240","E05013964","E43000290","0","514683","0207149","1","E18000006","E40000007","E92000001","E12000006","5","E14001507","E15000006","E24000005","E30000237","E16000150","E07000240","26UGGM","E00120481","26UGGM","E65000001","E01023727","E02004935","5","2B2","E00120481","E01023727","E02004935","E33024336","E38000079","E63011552","C1","2D1",51.751305,-0.340054,"E37000048","","E23000027",15120,"E56000035","E54000025","E00120481","E01023727","E02004935"
"AL3 5SX","AL3  5SX","AL3 5SX","198001","","E10000015","E58000665","E07000240","E05013947","E43000290","0","514606","0208265","1","E18000006","E40000007","E92000001","E12000006","5","E14001507","E15000006","E24000005","E30000237","E16000150","E07000240","26UGFY","E00120222","26UGFY","E65000001","E01023670","E02004932","5","7A2","E00120222","E01023670","E02004932","E33027433","E38000079","E63011552","C1","4A3",51.761357,-0.340777,"E37000048","","E23000027",28426,"E56000035","E54000025","E00120222","E01023670","E02004932"
"AL3 5SY","AL3  5SY","AL3 5SY","198001","","E10000015","E58000665","E07000240","E05013947","E43000290","0","514547","0208222","1","E18000006","E40000007","E92000001","E12000006","5","E14001507","E15000006","E24000005","E30000237","E16000150","E07000240","26UGFY","E00120222","26UGFY","E65000001","E01023670","E02004932","5","7A2","E00120222","E01023670","E02004932","E33027433","E38000079","E63011552","C1","4A3",51.760976,-0.341670,"E37000048","","E23000027",28426,"E56000035","E54000025","E00120222","E01023670","E02004932"
"AL3 5SZ","AL3  5SZ","AL3 5SZ","198001","","E10000015","E58000665","E07000240","E05013947","E43000290","0","514593","0208299","1","E18000006","E40000007","E92000001","E12000006","5","E14001507","E15000006","E24000005","E30000237","E16000150","E07000240","26UGFY","E00120206","26UGFY","E65000001","E01023672","E02004932","5","6D1","E00120206","E01023672","E02004932","E33027432","E38000079","E63011552","C1","4A3",51.761659,-0.340978,"E37000048","","E23000027",24416,"E56000035","E54000025","E00120206","E01023672","E02004932"
"AL3 5TA","AL3  5TA","AL3 5TA","198001","","E10000015","E58000665","E07000240","E05013947","E43000290","0","514615","0208365","1","E18000006","E40000007","E92000001","E12000006","5","E14001507","E15000006","E24000005","E30000237","E16000150","E07000240","26UGFY","E00120222","26UGFY","E65000001","E01023670","E02004932","5","7A2","E00120222","E01023670","E02004932","E33027433","E38000079","E63011552","C1","4A3",51.762248,-0.340638,"E37000048","","E23000027",28426,"E56000035","E54000025","E00120222","E01023670","E02004932"
"AL3 5TB","AL3  5TB","AL3 5TB","198001","","E10000015","E58000665","E07000240","E05013947","E43000290","0","514602","0208489","1","E18000006","E40000007","E92000001","E12000006","5","E14001507","E15000006","E24000005","E30000237","E16000150","E07000240","26UGFY","E00120222","26UGFY","E65000001","E01023670","E02004932","5","7A2","E00120222","E01023670","E02004932","E33027433","E38000079","E63011552","C1","4A3",51.763365,-0.340785,"E37000048","","E23000027",28426,"E56000035","E54000025","E00120222","E01023670","E02004932"
"AL3 5TD","AL3  5TD","AL3 5TD","198001","","E10000015","E58000665","E07000240","E05013947","E43000290","0","514518","0208378","1","E18000006","E40000007","E92000001","E12000006","5","E14001507","E15000006","E24000005","E30000237","E16000150","E07000240","26UGFY","E00120206","26UGFY","E65000001","E01023672","E02004932","5","6D1","E00120206","E01023672","E02004932","E33027432","E38000079","E63011552","C1","4A3",51.762384,-0.342038,"E37000048","","E23000027",24416,"E56000035","E54000025","E00120206","E01023672","E02004932"
"AL3 5TE","AL3  5TE","AL3 5TE","198001","","E10000015","E58000665","E07000240","E05013947","E43000290","0","514521","0208289","1","E18000006","E40000007","E92000001","E12000006","5","E14001507","E15000006","E24000005","E30000237","E16000150","E07000240","26UGFY","E00120206","26UGFY","E65000001","E01023672","E02004932","5","6D1","E00120206","E01023672","E02004932","E33027432","E38000079","E63011552","C1","4A3",51.761584,-0.342024,"E37000048","","E23000027",24416,"E56000035","E54000025","E00120206","E01023672","E02004932"
"AL3 5TF","AL3  5TF","AL3 5TF","198001","","E10000015","E58000665","E07000240","E05013947","E43000290","0","514469","0208324","1","E18000006","E40000007","E92000001","E12000006","5","E14001507","E15000006","E24000005","E30000237","E16000150","E07000240","26UGFY","E00120206","26UGFY","E65000001","E01023672","E02004932","5","6D1","E00120206","E01023672","E02004932","E33027432","E38000079","E63011552","C1","4A3",51.761909,-0.342766,"E37000048","","E23000027",24416,"E56000035","E54000025","E00120206","E01023672","E02004932"
"AL3 5TG","AL3  5TG","AL3 5TG","198001","","E10000015","E58000665","E07000240","E05013947","E43000290","0","514485","0208263","1","E18000006","E40000007","E92000001","E12000006","5","E14001507","E15000006","E24000005","E30000237","E16000150","E07000240","26UGFY","E00120222","26UGFY","E65000001","E01023670","E02004932","5","7A2","E00120222","E01023670","E02004932","E33027433","E38000079","E63011552","C1","4A3",51.761358,-0.342554,"E37000048","","E23000027",28426,"E56000035","E54000025","E00120222","E01023670","E02004932"
"AL3 5TH","AL3  5TH","AL3 5TH","198001","","E10000015","E58000665","E07000240","E05013947","E43000290","0","514299","0208437","1","E18000006","E40000007","E92000001","E12000006","5","E14001507","E15000006","E24000005","E30000237","E16000150","E07000240","26UGFY","E00120206","26UGFY","E65000001","E01023672","E02004932","5","6D1","E00120206","E01023672","E02004932","E33027432","E38000079","E63011552","C1","4A3",51.762959,-0.345191,"E37000048","","E23000027",24416,"E56000035","E54000025","E00120206","E01023672","E02004932"
"AL3 5TJ","AL3  5TJ","AL3 5TJ","198704","","E10000015","E58000665","E07000240","E05013947","E43000290","0","514046","0207948","1","E18000006","E40000007","E92000001","E12000006","5","E14001507","E15000006","E24000005","E30000237","E16000150","E07000240","26UGFY","E00120208","26UGFY","E65000001","E01023669","E02004932","5","7A2","E00120208","E01023669","E02004932","E33027432","E38000079","E63011552","C1","4A3",51.758616,-0.349015,"E37000048","","E23000027",9268,"E56000035","E54000025","E00120208","E01023669","E02004932"
"AL3 5TL","AL3  5TL","AL3 5TL","198001","","E10000015","E58000665","E07000240","E05013947","E43000290","0","514272","0208322","1","E18000006","E40000007","E92000001","E12000006","5","E14001507","E15000006","E24000005","E30000237","E16000150","E07000240","26UGFY","E00120206","26UGFY","E65000001","E01023672","E02004932","5","6D1","E00120206","E01023672","E02004932","E33027432","E38000079","E63011552","C1","4A3",51.761931,-0.345620,"E37000048","","E23000027",24416,"E56000035","E54000025","E00120206","E01023672","E02004932"
"AL3 5TN","AL3  5TN","AL3 5TN","198001","","E10000015","E58000665","E07000240","E05013947","E43000290","0","514157","0208397","1","E18000006","E40000007","E92000001","E12000006","5","E14001507","E15000006","E24000005","E30000237","E16000150","E07000240","26UGFY","E00120207","26UGFY","E65000001","E01023669","E02004932","5","1A3","E00120207","E01023669","E02004932","E33027433","E38000079","E63011552","C1","4A1",51.762629,-0.347261,"E37000048","","E23000027",9268,"E56000035","E54000025","E00120207","E01023669","E02004932"
"AL3 5TP","AL3  5TP","AL3 5TP","198001","","E10000015","E58000665","E07000240","E05013947","E43000290","0","514096","0208204","1","E18000006","E40000007","E92000001","E12000006","5","E14001507","E15000006","E24000005","E30000237","E16000150","E07000240","26UGFY","E00120207","26UGFY","E65000001","E01023669","E02004932","5","1A3","E00120207","E01023669","E02004932","E33027433","E38000079","E63011552","C1","4A1",51.760907,-0.348207,"E37000048","","E23000027",9268,"E56000035","E54000025","E00120207","E01023669","E02004932"
"AL3 5TQ","AL3  5TQ","AL3 5TQ","198001","","E10000015","E58000665","E07000240","E05013947","E43000290","0","514405","0208377","1","E18000006","E40000007","E92000001","E12000006","5","E14001507","E15000006","E24000005","E30000237","E16000150","E07000240","26UGFY","E00120206","26UGFY","E65000001","E01023672","E02004932","5","6D1","E00120206","E01023672","E02004932","E33027432","E38000079","E63011552","C1","4A3",51.762399,-0.343675,"E37000048","","E23000027",24416,"E56000035","E54000025","E00120206","E01023672","E02004932"
"AL3 5TR","AL3  5TR","AL3 5TR","198001","","E10000015","E58000665","E07000240","E05013947","E43000290","0","514170","0208330","1","E18000006","E40000007","E92000001","E12000006","5","E14001507","E15000006","E24000005","E30000237","E16000150","E07000240","26UGFY","E00120207","26UGFY","E65000001","E01023669","E02004932","5","1A3","E00120207","E01023669","E02004932","E33027433","E38000079","E63011552","C1","4A1",51.762024,-0.347094,"E37000048","","E23000027",9268,"E56000035","E54000025","E00120207","E01023669","E02004932"
"AL3 5TS","AL3  5TS","AL3 5TS","198001","","E10000015","E58000665","E07000240","E05013947","E43000290","0","514192","0208299","1","E18000006","E40000007","E92000001","E12000006","5","E14001507","E15000006","E24000005","E30000237","E16000150","E07000240","26UGFY","E00120207","26UGFY","E65000001","E01023669","E02004932","5","1A3","E00120207","E01023669","E02004932","E33027433","E38000079","E63011552","C1","4A1",51.761741,-0.346786,"E37000048","","E23000027",9268,"E56000035","E54000025","E00120207","E01023669","E02004932"
"AL3 5TT","AL3  5TT","AL3 5TT","198001","","E10000015","E58000665","E07000240","E05013947","E43000290","0","514139","0208179","1","E18000006","E40000007","E92000001","E12000006","5","E14001507","E15000006","E24000005","E30000237","E16000150","E07000240","26UGFY","E00120208","26UGFY","E65000001","E01023669","E02004932","5","7A2","E00120208","E01023669","E02004932","E33027432","E38000079","E63011552","C1","4A3",51.760673,-0.347593,"E37000048","","E23000027",9268,"E56000035","E54000025","E00120208","E01023669","E02004932"
"AL3 5TU","AL3  5TU","AL3 5TU","198001","","E10000015","E58000665","E07000240","E05013947","E43000290","0","514147","0208118","1","E18000006","E40000007","E92000001","E12000006","5","E14001507","E15000006","E24000005","E30000237","E16000150","E07000240","26UGFY","E00120208","26UGFY","E65000001","E01023669","E02004932","5","7A2","E00120208","E01023669","E02004932","E33027432","E38000079","E63011552","C1","4A3",51.760123,-0.347497,"E37000048","","E23000027",9268,"E56000035","E54000025","E00120208","E01023669","E02004932"
"AL3 5TW","AL3  5TW","AL3 5TW","198001","","E10000015","E58000665","E07000240","E05013947","E43000290","0","514054","0208239","1","E18000006","E40000007","E92000001","E12000006","5","E14001507","E15000006","E24000005","E30000237","E16000150","E07000240","26UGFY","E00120207","26UGFY","E65000001","E01023669","E02004932","5","1A3","E00120207","E01023669","E02004932","E33027433","E38000079","E63011552","C1","4A1",51.761230,-0.348804,"E37000048","","E23000027",9268,"E56000035","E54000025","E00120207","E01023669","E02004932"
"AL3 5TX","AL3  5TX","AL3 5TX","198001","","E10000015","E58000665","E07000240","E05013947","E43000290","0","514064","0208044","1","E18000006","E40000007","E92000001","E12000006","5","E14001507","E15000006","E24000005","E30000237","E16000150","E07000240","26UGFY","E00120209","26UGFY","E65000001","E01023669","E02004932","5","1C3","E00120209","E01023669","E02004932","E33027433","E38000079","E63011552","C1","8D2",51.759475,-0.348723,"E37000048","","E23000027",9268,"E56000035","E54000025","E00120209","E01023669","E02004932"
"AL3 5TY","AL3  5TY","AL3 5TY","198001","","E10000015","E58000665","E07000240","E05013947","E43000290","0","514068","0208095","1","E18000006","E40000007","E92000001","E12000006","5","E14001507","E15000006","E24000005","E30000237","E16000150","E07000240","26UGFY","E00120209","26UGFY","E65000001","E01023669","E02004932","5","1C3","E00120209","E01023669","E02004932","E33027433","E38000079","E63011552","C1","8D2",51.759933,-0.348649,"E37000048","","E23000027",9268,"E56000035","E54000025","E00120209","E01023669","E02004932"
"AL3 5TZ","AL3  5TZ","AL3 5TZ","198001","","E10000015","E58000665","E07000240","E05013947","E43000290","0","513973","0207991","1","E18000006","E40000007","E92000001","E12000006","5","E14001507","E15000006","E24000005","E30000237","E16000150","E07000240","26UGFY","E00120209","26UGFY","E65000001","E01023669","E02004932","5","1C3","E00120209","E01023669","E02004932","E33027433","E38000079","E63011552","C1","8D2",51.759017,-0.350059,"E37000048","","E23000027",9268,"E56000035","E54000025","E00120209","E01023669","E02004932"
"AL3 5UA","AL3  5UA","AL3 5UA","198001","","E10000015","E58000665","E07000240","E05013947","E43000290","0","513989","0208206","1","E18000006","E40000007","E92000001","E12000006","5","E14001507","E15000006","E24000005","E30000237","E16000150","E07000240","26UGFY","E00120207","26UGFY","E65000001","E01023669","E02004932","5","1A3","E00120207","E01023669","E02004932","E33027433","E38000079","E63011552","C1","4A1",51.760946,-0.349756,"E37000048","","E23000027",9268,"E56000035","E54000025","E00120207","E01023669","E02004932"
"AL3 5UB","AL3  5UB","AL3 5UB","198001","","E10000015","E58000665","E07000240","E05013947","E43000290","0","513940","0208016","1","E18000006","E40000007","E92000001","E12000006","5","E14001507","E15000006","E24000005","E30000237","E16000150","E07000240","26UGFY","E00120209","26UGFY","E65000001","E01023669","E02004932","5","1C3","E00120209","E01023669","E02004932","E33027433","E38000079","E63011552","C1","8D2",51.759255,-0.350505,"E37000048","","E23000027",9268,"E56000035","E54000025","E00120209","E01023669","E02004932"
"AL3 5UD","AL3  5UD","AL3 5UD","198001","","E10000015","E58000665","E07000240","E05013947","E43000290","0","513893","0207879","1","E18000006","E40000007","E92000001","E12000006","5","E14001507","E15000006","E24000005","E30000237","E16000150","E07000240","26UGFY","E00120209","26UGFY","E65000001","E01023669","E02004932","5","1C3","E00120209","E01023669","E02004932","E33027433","E38000079","E63011552","C1","8D2",51.758027,-0.351254,"E37000048","","E23000027",9268,"E56000035","E54000025","E00120209","E01023669","E02004932"
"AL3 5UE","AL3  5UE","AL3 5UE","198001","","E10000015","E58000665","E07000240","E05013947","E43000290","0","513879","0208053","1","E18000006","E40000007","E92000001","E12000006","5","E14001507","E15000006","E24000005","E30000237","E16000150","E07000240","26UGFY","E00120209","26UGFY","E65000001","E01023669","E02004932","5","1C3","E00120209","E01023669","E02004932","E33027433","E38000079","E63011552","C1","8D2",51.759594,-0.351400,"E37000048","","E23000027",9268,"E56000035","E54000025","E00120209","E01023669","E02004932"
"AL3 5UF","AL3  5UF","AL3 5UF","198001","","E10000015","E58000665","E07000240","E05013947","E43000290","0","514064","0208363","1","E18000006","E40000007","E92000001","E12000006","5","E14001507","E15000006","E24000005","E30000237","E16000150","E07000240","26UGFY","E00120207","26UGFY","E65000001","E01023669","E02004932","5","1A3","E00120207","E01023669","E02004932","E33027433","E38000079","E63011552","C1","4A1",51.762348,-0.348595,"E37000048","","E23000027",9268,"E56000035","E54000025","E00120207","E01023669","E02004932"
"AL3 5UG","AL3  5UG","AL3 5UG","199109","199212","E10000015","E58000665","E07000240","E05013947","E43000290","1","514100","0208400","8","E18000006","E40000007","E92000001","E12000006","5","E14001507","E15000006","E24000005","E30000237","E16000150","E07000240","26UGFY","E00120207","26UGFY","E65000001","E01023669","E02004932","5","1A3","E00120207","E01023669","E02004932","E33027433","E38000079","E63011552","C1","4A1",51.762667,-0.348085,"E37000048","","E23000027",9268,"E56000035","E54000025","E00120207","E01023669","E02004932"
"AL3 5UH","AL3  5UH","AL3 5UH","199301","","E10000015","E58000665","E07000240","E05013947","E43000290","0","514027","0207792","1","E18000006","E40000007","E92000001","E12000006","5","E14001507","E15000006","E24000005","E30000237","E16000150","E07000240","26UGFY","E00120205","26UGFY","E65000001","E01023669","E02004932","5","7B2","E00120205","E01023669","E02004932","E33027432","E38000079","E63011552","C1","4A1",51.757218,-0.349342,"E37000048","","E23000027",9268,"E56000035","E54000025","E00120205","E01023669","E02004932"
"AL3 5UJ","AL3  5UJ","AL3 5UJ","199301","","E10000015","E58000665","E07000240","E05013947","E43000290","0","514133","0207882","1","E18000006","E40000007","E92000001","E12000006","5","E14001507","E15000006","E24000005","E30000237","E16000150","E07000240","26UGFY","E00120205","26UGFY","E65000001","E01023669","E02004932","5","7B2","E00120205","E01023669","E02004932","E33027432","E38000079","E63011552","C1","4A1",51.758005,-0.347777,"E37000048","","E23000027",9268,"E56000035","E54000025","E00120205","E01023669","E02004932"
"AL3 5UL","AL3  5UL","AL3 5UL","199301","","E10000015","E58000665","E07000240","E05013947","E43000290","0","514144","0207825","1","E18000006","E40000007","E92000001","E12000006","5","E14001507","E15000006","E24000005","E30000237","E16000150","E07000240","26UGFY","E00120205","26UGFY","E65000001","E01023669","E02004932","5","7B2","E00120205","E01023669","E02004932","E33027432","E38000079","E63011552","C1","4A1",51.757491,-0.347636,"E37000048","","E23000027",9268,"E56000035","E54000025","E00120205","E01023669","E02004932"
"AL3 5UN","AL3  5UN","AL3 5UN","199301","","E10000015","E58000665","E07000240","E05013947","E43000290","0","514103","0207893","1","E18000006","E40000007","E92000001","E12000006","5","E14001507","E15000006","E24000005","E30000237","E16000150","E07000240","26UGFY","E00120205","26UGFY","E65000001","E01023669","E02004932","5","7B2","E00120205","E01023669","E02004932","E33027432","E38000079","E63011552","C1","4A1",51.758110,-0.348208,"E37000048","","E23000027",9268,"E56000035","E54000025","E00120205","E01023669","E02004932"
"AL3 5UP","AL3  5UP","AL3 5UP","199301","","E10000015","E58000665","E07000240","E05013947","E43000290","0","514191","0207943","1","E18000006","E40000007","E92000001","E12000006","5","E14001507","E15000006","E24000005","E30000237","E16000150","E07000240","26UGFY","E00120205","26UGFY","E65000001","E01023669","E02004932","5","7B2","E00120205","E01023669","E02004932","E33027432","E38000079","E63011552","C1","4A1",51.758542,-0.346917,"E37000048","","E23000027",9268,"E56000035","E54000025","E00120205","E01023669","E02004932"
"AL3 5UQ","AL3  5UQ","AL3 5UQ","200607","","E10000015","E58000663","E07000240","E05013964","E43000290","0","514927","0207856","1","E18000006","E40000007","E92000001","E12000006","5","E14001507","E15000006","E24000005","E30000237","E16000150","E07000240","26UGGM","E00120498","26UGGM","E65000001","E01023728","E02004935","5","6D1","E00120498","E01023728","E02004935","E33027451","E38000079","E63011552","C1","5A2",51.757609,-0.336287,"E37000048","","E23000027",29815,"E56000035","E54000025","E00120498","E01023728","E02004935"
"AL3 5UR","AL3  5UR","AL3 5UR","199512","199912","E10000015","E58000665","E07000240","E05013947","E43000290","1","514100","0208400","8","E18000006","E40000007","E92000001","E12000006","5","E14001507","E15000006","E24000005","E30000237","E16000150","E07000240","26UGFY","E00120207","26UGFY","E65000001","E01023669","E02004932","5","1A3","E00120207","E01023669","E02004932","E33027433","E38000079","E63011552","C1","4A1",51.762667,-0.348085,"E37000048","","E23000027",9268,"E56000035","E54000025","E00120207","E01023669","E02004932"
"AL3 5US","AL3  5US","AL3 5US","200106","","E10000015","E58000663","E07000240","E05013964","E43000290","0","514688","0207155","1","E18000006","E40000007","E92000001","E12000006","5","E14001507","E15000006","E24000005","E30000237","E16000150","E07000240","26UGGM","E00120481","26UGGM","E65000001","E01023727","E02004935","5","2B2","E00120481","E01023727","E02004935","E33024336","E38000079","E63011552","C1","2D1",51.751358,-0.339979,"E37000048","","E23000027",15120,"E56000035","E54000025","E00120481","E01023727","E02004935"
"AL3 5UT","AL3  5UT","AL3 5UT","202410","","E10000015","E58000665","E07000240","E05013947","E43000290","0","514443","0208269","1","E18000006","E40000007","E92000001","E12000006","5","E14001507","E15000006","E24000005","E30000237","E16000150","E07000240","26UGFY","E00120222","26UGFY","E65000001","E01023670","E02004932","5","7A2","E00120222","E01023670","E02004932","E33027433","E38000079","E63011552","C1","4A3",51.761426,-0.343137,"E37000048","","E23000027",28426,"E56000035","E54000025","E00120222","E01023670","E02004932"
"AL3 5UW","AL3  5UW","AL3 5UW","199301","","E10000015","E58000665","E07000240","E05013947","E43000290","0","514199","0208046","1","E18000006","E40000007","E92000001","E12000006","5","E14001507","E15000006","E24000005","E30000237","E16000150","E07000240","26UGFY","E00120208","26UGFY","E65000001","E01023669","E02004932","5","7A2","E00120208","E01023669","E02004932","E33027432","E38000079","E63011552","C1","4A3",51.759472,-0.346744,"E37000048","","E23000027",9268,"E56000035","E54000025","E00120208","E01023669","E02004932"
"AL3 5WA","AL3  5WA","AL3 5WA","200112","200806","E10000015","E58000664","E07000240","E05013956","E43000290","1","517328","0206823","1","E18000006","E40000007","E92000001","E12000006","5","E14001507","E15000006","E24000005","E30000237","E16000150","E07000240","26UGFX","E00120196","26UGFX","E65000001","E01023667","E02004936","5","6D1","E00120196","E01023667","E02004936","E33027453","E38000079","E63011552","C1","5A2",51.747828,-0.301865,"E37000048","","E23000027",30628,"E56000035","E54000025","E00120196","E01023667","E02004936"
"AL3 5WB","AL3  5WB","AL3 5WB","200603","200711","E10000015","E58000664","E07000240","E05013956","E43000290","1","517328","0206823","1","E18000006","E40000007","E92000001","E12000006","5","E14001507","E15000006","E24000005","E30000237","E16000150","E07000240","26UGFX","E00120196","26UGFX","E65000001","E01023667","E02004936","5","6D1","E00120196","E01023667","E02004936","E33027453","E38000079","E63011552","C1","5A2",51.747828,-0.301865,"E37000048","","E23000027",30628,"E56000035","E54000025","E00120196","E01023667","E02004936"
"AL3 5WD","AL3  5WD","AL3 5WD","200112","200402","E10000015","E58000665","E07000240","E05013947","E43000290","1","514219","0208030","5","E18000006","E40000007","E92000001","E12000006","5","E14001507","E15000006","E24000005","E30000237","E16000150","E07000240","26UGFY","E00120208","26UGFY","E65000001","E01023669","E02004932","5","7A2","E00120208","E01023669","E02004932","E33027432","E38000079","E63011552","C1","4A3",51.759318,-0.346483,"E37000048","","E23000027",9268,"E56000035","E54000025","E00120208","E01023669","E02004932"
"AL3 5WE","AL3  5WE","AL3 5WE","200206","200408","E10000015","E58000665","E07000240","E05013947","E43000290","1","514219","0208030","5","E18000006","E40000007","E92000001","E12000006","5","E14001507","E15000006","E24000005","E30000237","E16000150","E07000240","26UGFY","E00120208","26UGFY","E65000001","E01023669","E02004932","5","7A2","E00120208","E01023669","E02004932","E33027432","E38000079","E63011552","C1","4A3",51.759318,-0.346483,"E37000048","","E23000027",9268,"E56000035","E54000025","E00120208","E01023669","E02004932"
"AL3 5WF","AL3  5WF","AL3 5WF","200206","200302","E10000015","E58000665","E07000240","E05013947","E43000290","1","514219","0208030","5","E18000006","E40000007","E92000001","E12000006","5","E14001507","E15000006","E24000005","E30000237","E16000150","E07000240","26UGFY","E00120208","26UGFY","E65000001","E01023669","E02004932","5","7A2","E00120208","E01023669","E02004932","E33027432","E38000079","E63011552","C1","4A3",51.759318,-0.346483,"E37000048","","E23000027",9268,"E56000035","E54000025","E00120208","E01023669","E02004932"
"AL3 5WJ","AL3  5WJ","AL3 5WJ","200208","200310","E10000015","E58000665","E07000240","E05013947","E43000290","1","514219","0208030","5","E18000006","E40000007","E92000001","E12000006","5","E14001507","E15000006","E24000005","E30000237","E16000150","E07000240","26UGFY","E00120208","26UGFY","E65000001","E01023669","E02004932","5","7A2","E00120208","E01023669","E02004932","E33027432","E38000079","E63011552","C1","4A3",51.759318,-0.346483,"E37000048","","E23000027",9268,"E56000035","E54000025","E00120208","E01023669","E02004932"
"AL3 5WY","AL3  5WY","AL3 5WY","200502","200604","E10000015","E58000664","E07000240","E05013956","E43000290","1","517328","0206823","1","E18000006","E40000007","E92000001","E12000006","5","E14001507","E15000006","E24000005","E30000237","E16000150","E07000240","26UGFX","E00120196","26UGFX","E65000001","E01023667","E02004936","5","6D1","E00120196","E01023667","E02004936","E33027453","E38000079","E63011552","C1","5A2",51.747828,-0.301865,"E37000048","","E23000027",30628,"E56000035","E54000025","E00120196","E01023667","E02004936"
"AL3 5WZ","AL3  5WZ","AL3 5WZ","200410","200510","E10000015","E58000665","E07000240","E05013947","E43000290","1","514197","0208046","5","E18000006","E40000007","E92000001","E12000006","5","E14001507","E15000006","E24000005","E30000237","E16000150","E07000240","26UGFY","E00120208","26UGFY","E65000001","E01023669","E02004932","5","7A2","E00120208","E01023669","E02004932","E33027432","E38000079","E63011552","C1","4A3",51.759466,-0.346796,"E37000048","","E23000027",9268,"E56000035","E54000025","E00120208","E01023669","E02004932"
"AL3 5XA","AL3  5XA","AL3 5XA","198001","","E10000015","E58000625","E07000240","E05013961","E04013287","0","513637","0208915","1","E18000006","E40000007","E92000001","E12000006","5","E14001268","E15000006","E24000005","E30000237","E16000150","E07000240","26UGGL","E00120474","26UGGL","E65000001","E01023722","E02004929","8","3C1","E00120474","E01023722","E02004929","E33027419","E38000079","","F1","1B2",51.767390,-0.354623,"E37000048","","E23000027",14574,"E56000035","E54000025","E00120474","E01023722","E02004929"
"AL3 5XB","AL3  5XB","AL3 5XB","200206","200806","E10000015","E58000664","E07000240","E05013956","E43000290","1","517328","0206823","1","E18000006","E40000007","E92000001","E12000006","5","E14001507","E15000006","E24000005","E30000237","E16000150","E07000240","26UGFX","E00120196","26UGFX","E65000001","E01023667","E02004936","5","6D1","E00120196","E01023667","E02004936","E33027453","E38000079","E63011552","C1","5A2",51.747828,-0.301865,"E37000048","","E23000027",30628,"E56000035","E54000025","E00120196","E01023667","E02004936"
"AL3 5XJ","AL3  5XJ","AL3 5XJ","200212","200806","E10000015","E58000664","E07000240","E05013956","E43000290","1","517328","0206823","1","E18000006","E40000007","E92000001","E12000006","5","E14001507","E15000006","E24000005","E30000237","E16000150","E07000240","26UGFX","E00120196","26UGFX","E65000001","E01023667","E02004936","5","6D1","E00120196","E01023667","E02004936","E33027453","E38000079","E63011552","C1","5A2",51.747828,-0.301865,"E37000048","","E23000027",30628,"E56000035","E54000025","E00120196","E01023667","E02004936"
"AL3 5XL","AL3  5XL","AL3 5XL","200309","200506","E10000015","E58000625","E07000240","E05013961","E04013287","1","513636","0208913","5","E18000006","E40000007","E92000001","E12000006","5","E14001268","E15000006","E24000005","E30000237","E16000150","E07000240","26UGGL","E00120474","26UGGL","E65000001","E01023722","E02004929","8","3C1","E00120474","E01023722","E02004929","E33027419","E38000079","","F1","1B2",51.767372,-0.354638,"E37000048","","E23000027",14574,"E56000035","E54000025","E00120474","E01023722","E02004929"
"AL3 5XN","AL3  5XN","AL3 5XN","200401","200401","E10000015","E58000625","E07000240","E05013961","E04013287","1","513636","0208913","5","E18000006","E40000007","E92000001","E12000006","5","E14001268","E15000006","E24000005","E30000237","E16000150","E07000240","26UGGL","E00120474","26UGGL","E65000001","E01023722","E02004929","8","3C1","E00120474","E01023722","E02004929","E33027419","E38000079","","F1","1B2",51.767372,-0.354638,"E37000048","","E23000027",14574,"E56000035","E54000025","E00120474","E01023722","E02004929"
"AL3 5XP","AL3  5XP","AL3 5XP","200408","200601","E10000015","E58000663","E07000240","E05013947","E43000290","1","514671","0208080","6","E18000006","E40000007","E92000001","E12000006","5","E14001507","E15000006","E24000005","E30000237","E16000150","E07000240","26UGGM","E00120499","26UGGM","E65000001","E01023728","E02004935","5","6D1","E00120499","E01023728","E02004935","E33027446","E38000079","E63011552","C1","5A2",51.759675,-0.339920,"E37000048","","E23000027",29815,"E56000035","E54000025","E00120499","E01023728","E02004935"
"AL3 5XQ","AL3  5XQ","AL3 5XQ","200301","200402","E10000015","E58000625","E07000240","E05013961","E04013287","1","513636","0208913","5","E18000006","E40000007","E92000001","E12000006","5","E14001268","E15000006","E24000005","E30000237","E16000150","E07000240","26UGGL","E00120474","26UGGL","E65000001","E01023722","E02004929","8","3C1","E00120474","E01023722","E02004929","E33027419","E38000079","","F1","1B2",51.767372,-0.354638,"E37000048","","E23000027",14574,"E56000035","E54000025","E00120474","E01023722","E02004929"
"AL3 5XS","AL3  5XS","AL3 5XS","200302","200806","E10000015","E58000664","E07000240","E05013956","E43000290","1","517328","0206823","1","E18000006","E40000007","E92000001","E12000006","5","E14001507","E15000006","E24000005","E30000237","E16000150","E07000240","26UGFX","E00120196","26UGFX","E65000001","E01023667","E02004936","5","6D1","E00120196","E01023667","E02004936","E33027453","E38000079","E63011552","C1","5A2",51.747828,-0.301865,"E37000048","","E23000027",30628,"E56000035","E54000025","E00120196","E01023667","E02004936"
"AL3 5XT","AL3  5XT","AL3 5XT","200603","200604","E10000015","E58000664","E07000240","E05013956","E43000290","1","517328","0206823","1","E18000006","E40000007","E92000001","E12000006","5","E14001507","E15000006","E24000005","E30000237","E16000150","E07000240","26UGFX","E00120196","26UGFX","E65000001","E01023667","E02004936","5","6D1","E00120196","E01023667","E02004936","E33027453","E38000079","E63011552","C1","5A2",51.747828,-0.301865,"E37000048","","E23000027",30628,"E56000035","E54000025","E00120196","E01023667","E02004936"
"AL3 5XX","AL3  5XX","AL3 5XX","200401","200408","E10000015","E58000625","E07000240","E05013961","E04013287","1","513636","0208913","5","E18000006","E40000007","E92000001","E12000006","5","E14001268","E15000006","E24000005","E30000237","E16000150","E07000240","26UGGL","E00120474","26UGGL","E65000001","E01023722","E02004929","8","3C1","E00120474","E01023722","E02004929","E33027419","E38000079","","F1","1B2",51.767372,-0.354638,"E37000048","","E23000027",14574,"E56000035","E54000025","E00120474","E01023722","E02004929"
"AL3 5XZ","AL3  5XZ","AL3 5XZ","200208","200610","E10000015","E58000664","E07000240","E05013956","E43000290","1","517328","0206823","1","E18000006","E40000007","E92000001","E12000006","5","E14001507","E15000006","E24000005","E30000237","E16000150","E07000240","26UGFX","E00120196","26UGFX","E65000001","E01023667","E02004936","5","6D1","E00120196","E01023667","E02004936","E33027453","E38000079","E63011552","C1","5A2",51.747828,-0.301865,"E37000048","","E23000027",30628,"E56000035","E54000025","E00120196","E01023667","E02004936"
"AL3 5YE","AL3  5YE","AL3 5YE","198604","199405","E10000015","E58000663","E07000240","E05013964","E43000290","1","514700","0207600","8","E18000006","E40000007","E92000001","E12000006","5","E14001507","E15000006","E24000005","E30000237","E16000150","E07000240","26UGGM","E00120476","26UGGM","E65000001","E01023728","E02004935","5","6D1","E00120476","E01023728","E02004935","E33027445","E38000079","E63011552","C1","5A2",51.755355,-0.339659,"E37000048","","E23000027",29815,"E56000035","E54000025","E00120476","E01023728","E02004935"
"AL3 5YF","AL3  5YF","AL3 5YF","200401","201602","E10000015","E58000664","E07000240","E05013956","E43000290","1","517321","0206803","1","E18000006","E40000007","E92000001","E12000006","5","E14001507","E15000006","E24000005","E30000237","E16000150","E07000240","26UGFX","E00120196","26UGFX","E65000001","E01023667","E02004936","5","6D1","E00120196","E01023667","E02004936","E33027453","E38000079","E63011552","C1","5A2",51.747650,-0.301973,"E37000048","","E23000027",30628,"E56000035","E54000025","E00120196","E01023667","E02004936"
"AL3 5YG","AL3  5YG","AL3 5YG","198604","199405","E10000015","E58000663","E07000240","E05013964","E43000290","1","514700","0207600","8","E18000006","E40000007","E92000001","E12000006","5","E14001507","E15000006","E24000005","E30000237","E16000150","E07000240","26UGGM","E00120476","26UGGM","E65000001","E01023728","E02004935","5","6D1","E00120476","E01023728","E02004935","E33027445","E38000079","E63011552","C1","5A2",51.755355,-0.339659,"E37000048","","E23000027",29815,"E56000035","E54000025","E00120476","E01023728","E02004935"
"AL3 5YH","AL3  5YH","AL3 5YH","199412","200408","E10000015","E58000664","E07000240","E05013956","E43000290","1","517328","0206823","1","E18000006","E40000007","E92000001","E12000006","5","E14001507","E15000006","E24000005","E30000237","E16000150","E07000240","26UGFX","E00120196","26UGFX","E65000001","E01023667","E02004936","5","6D1","E00120196","E01023667","E02004936","E33027453","E38000079","E63011552","C1","5A2",51.747828,-0.301865,"E37000048","","E23000027",30628,"E56000035","E54000025","E00120196","E01023667","E02004936"
"AL3 5YN","AL3  5YN","AL3 5YN","200208","200310","E10000015","E58000664","E07000240","E05013956","E43000290","1","517328","0206823","5","E18000006","E40000007","E92000001","E12000006","5","E14001507","E15000006","E24000005","E30000237","E16000150","E07000240","26UGFX","E00120196","26UGFX","E65000001","E01023667","E02004936","5","6D1","E00120196","E01023667","E02004936","E33027453","E38000079","E63011552","C1","5A2",51.747828,-0.301865,"E37000048","","E23000027",30628,"E56000035","E54000025","E00120196","E01023667","E02004936"
"AL3 5YP","AL3  5YP","AL3 5YP","200106","200602","E10000015","E58000664","E07000240","E05013956","E43000290","1","517328","0206823","1","E18000006","E40000007","E92000001","E12000006","5","E14001507","E15000006","E24000005","E30000237","E16000150","E07000240","26UGFX","E00120196","26UGFX","E65000001","E01023667","E02004936","5","6D1","E00120196","E01023667","E02004936","E33027453","E38000079","E63011552","C1","5A2",51.747828,-0.301865,"E37000048","","E23000027",30628,"E56000035","E54000025","E00120196","E01023667","E02004936"
"AL3 5YQ","AL3  5YQ","AL3 5YQ","200106","200305","E10000015","E58000664","E07000240","E05013956","E43000290","1","517328","0206823","1","E18000006","E40000007","E92000001","E12000006","5","E14001507","E15000006","E24000005","E30000237","E16000150","E07000240","26UGFX","E00120196","26UGFX","E65000001","E01023667","E02004936","5","6D1","E00120196","E01023667","E02004936","E33027453","E38000079","E63011552","C1","5A2",51.747828,-0.301865,"E37000048","","E23000027",30628,"E56000035","E54000025","E00120196","E01023667","E02004936"
"AL3 5YR","AL3  5YR","AL3 5YR","200012","200602","E10000015","E58000664","E07000240","E05013956","E43000290","1","517328","0206823","1","E18000006","E40000007","E92000001","E12000006","5","E14001507","E15000006","E24000005","E30000237","E16000150","E07000240","26UGFX","E00120196","26UGFX","E65000001","E01023667","E02004936","5","6D1","E00120196","E01023667","E02004936","E33027453","E38000079","E63011552","C1","5A2",51.747828,-0.301865,"E37000048","","E23000027",30628,"E56000035","E54000025","E00120196","E01023667","E02004936"
"AL3 5YS","AL3  5YS","AL3 5YS","200012","200107","E10000015","E58000625","E07000240","E05013961","E04013287","1","513636","0208913","5","E18000006","E40000007","E92000001","E12000006","5","E14001268","E15000006","E24000005","E30000237","E16000150","E07000240","26UGGL","E00120474","26UGGL","E65000001","E01023722","E02004929","8","3C1","E00120474","E01023722","E02004929","E33027419","E38000079","","F1","1B2",51.767372,-0.354638,"E37000048","","E23000027",14574,"E56000035","E54000025","E00120474","E01023722","E02004929"
"AL3 5YT","AL3  5YT","AL3 5YT","200012","200302","E10000015","E58000664","E07000240","E05013956","E43000290","1","517328","0206823","1","E18000006","E40000007","E92000001","E12000006","5","E14001507","E15000006","E24000005","E30000237","E16000150","E07000240","26UGFX","E00120196","26UGFX","E65000001","E01023667","E02004936","5","6D1","E00120196","E01023667","E02004936","E33027453","E38000079","E63011552","C1","5A2",51.747828,-0.301865,"E37000048","","E23000027",30628,"E56000035","E54000025","E00120196","E01023667","E02004936"
"AL3 5YU","AL3  5YU","AL3 5YU","200012","200203","E10000015","E58000664","E07000240","E05013956","E43000290","1","517328","0206823","1","E18000006","E40000007","E92000001","E12000006","5","E14001507","E15000006","E24000005","E30000237","E16000150","E07000240","26UGFX","E00120196","26UGFX","E65000001","E01023667","E02004936","5","6D1","E00120196","E01023667","E02004936","E33027453","E38000079","E63011552","C1","5A2",51.747828,-0.301865,"E37000048","","E23000027",30628,"E56000035","E54000025","E00120196","E01023667","E02004936"
"AL3 5YW","AL3  5YW","AL3 5YW","200012","200508","E10000015","E58000664","E07000240","E05013956","E43000290","1","517328","0206823","1","E18000006","E40000007","E92000001","E12000006","5","E14001507","E15000006","E24000005","E30000237","E16000150","E07000240","26UGFX","E00120196","26UGFX","E65000001","E01023667","E02004936","5","6D1","E00120196","E01023667","E02004936","E33027453","E38000079","E63011552","C1","5A2",51.747828,-0.301865,"E37000048","","E23000027",30628,"E56000035","E54000025","E00120196","E01023667","E02004936"
"AL3 5YX","AL3  5YX","AL3 5YX","200006","200408","E10000015","E58000664","E07000240","E05013956","E43000290","1","517328","0206823","1","E18000006","E40000007","E92000001","E12000006","5","E14001507","E15000006","E24000005","E30000237","E16000150","E07000240","26UGFX","E00120196","26UGFX","E65000001","E01023667","E02004936","5","6D1","E00120196","E01023667","E02004936","E33027453","E38000079","E63011552","C1","5A2",51.747828,-0.301865,"E37000048","","E23000027",30628,"E56000035","E54000025","E00120196","E01023667","E02004936"
"AL3 5YY","AL3  5YY","AL3 5YY","200012","200108","E10000015","E58000664","E07000240","E05013956","E43000290","1","517328","0206823","1","E18000006","E40000007","E92000001","E12000006","5","E14001507","E15000006","E24000005","E30000237","E16000150","E07000240","26UGFX","E00120196","26UGFX","E65000001","E01023667","E02004936","5","6D1","E00120196","E01023667","E02004936","E33027453","E38000079","E63011552","C1","5A2",51.747828,-0.301865,"E37000048","","E23000027",30628,"E56000035","E54000025","E00120196","E01023667","E02004936"
"AL3 5YZ","AL3  5YZ","AL3 5YZ","200006","200101","E10000015","E58000663","E07000240","E05013947","E43000290","1","514682","0208070","6","E18000006","E40000007","E92000001","E12000006","5","E14001507","E15000006","E24000005","E30000237","E16000150","E07000240","26UGGM","E00120499","26UGGM","E65000001","E01023728","E02004935","5","6D1","E00120499","E01023728","E02004935","E33027446","E38000079","E63011552","C1","5A2",51.759583,-0.339764,"E37000048","","E23000027",29815,"E56000035","E54000025","E00120499","E01023728","E02004935"
"AL3 5ZD","AL3  5ZD","AL3 5ZD","200012","200104","E10000015","E58000625","E07000240","E05013961","E04013287","1","513636","0208913","5","E18000006","E40000007","E92000001","E12000006","5","E14001268","E15000006","E24000005","E30000237","E16000150","E07000240","26UGGL","E00120474","26UGGL","E65000001","E01023722","E02004929","8","3C1","E00120474","E01023722","E02004929","E33027419","E38000079","","F1","1B2",51.767372,-0.354638,"E37000048","","E23000027",14574,"E56000035","E54000025","E00120474","E01023722","E02004929"
"AL3 5ZE","AL3  5ZE","AL3 5ZE","199812","200204","E10000015","E58000664","E07000240","E05013956","E43000290","1","517328","0206823","1","E18000006","E40000007","E92000001","E12000006","5","E14001507","E15000006","E24000005","E30000237","E16000150","E07000240","26UGFX","E00120196","26UGFX","E65000001","E01023667","E02004936","5","6D1","E00120196","E01023667","E02004936","E33027453","E38000079","E63011552","C1","5A2",51.747828,-0.301865,"E37000048","","E23000027",30628,"E56000035","E54000025","E00120196","E01023667","E02004936"
"AL3 5ZF","AL3  5ZF","AL3 5ZF","199812","200201","E10000015","E58000664","E07000240","E05013956","E43000290","1","517328","0206823","1","E18000006","E40000007","E92000001","E12000006","5","E14001507","E15000006","E24000005","E30000237","E16000150","E07000240","26UGFX","E00120196","26UGFX","E65000001","E01023667","E02004936","5","6D1","E00120196","E01023667","E02004936","E33027453","E38000079","E63011552","C1","5A2",51.747828,-0.301865,"E37000048","","E23000027",30628,"E56000035","E54000025","E00120196","E01023667","E02004936"
"AL3 5ZH","AL3  5ZH","AL3 5ZH","199812","200107","E10000015","E58000663","E07000240","E05013947","E43000290","1","514682","0208070","6","E18000006","E40000007","E92000001","E12000006","5","E14001507","E15000006","E24000005","E30000237","E16000150","E07000240","26UGGM","E00120499","26UGGM","E65000001","E01023728","E02004935","5","6D1","E00120499","E01023728","E02004935","E33027446","E38000079","E63011552","C1","5A2",51.759583,-0.339764,"E37000048","","E23000027",29815,"E56000035","E54000025","E00120499","E01023728","E02004935"
"AL3 5ZJ","AL3  5ZJ","AL3 5ZJ","199812","199912","E10000015","E58000663","E07000240","E05013947","E43000290","1","514682","0208070","6","E18000006","E40000007","E92000001","E12000006","5","E14001507","E15000006","E24000005","E30000237","E16000150","E07000240","26UGGM","E00120499","26UGGM","E65000001","E01023728","E02004935","5","6D1","E00120499","E01023728","E02004935","E33027446","E38000079","E63011552","C1","5A2",51.759583,-0.339764,"E37000048","","E23000027",29815,"E56000035","E54000025","E00120499","E01023728","E02004935"
"AL3 5ZL","AL3  5ZL","AL3 5ZL","200607","200905","E10000015","E58000664","E07000240","E05013956","E43000290","1","517328","0206823","1","E18000006","E40000007","E92000001","E12000006","5","E14001507","E15000006","E24000005","E30000237","E16000150","E07000240","26UGFX","E00120196","26UGFX","E65000001","E01023667","E02004936","5","6D1","E00120196","E01023667","E02004936","E33027453","E38000079","E63011552","C1","5A2",51.747828,-0.301865,"E37000048","","E23000027",30628,"E56000035","E54000025","E00120196","E01023667","E02004936"
"AL3 5ZN","AL3  5ZN","AL3 5ZN","199906","200602","E10000015","E58000664","E07000240","E05013956","E43000290","1","517328","0206823","1","E18000006","E40000007","E92000001","E12000006","5","E14001507","E15000006","E24000005","E30000237","E16000150","E07000240","26UGFX","E00120196","26UGFX","E65000001","E01023667","E02004936","5","6D1","E00120196","E01023667","E02004936","E33027453","E38000079","E63011552","C1","5A2",51.747828,-0.301865,"E37000048","","E23000027",30628,"E56000035","E54000025","E00120196","E01023667","E02004936"
"AL3 5ZP","AL3  5ZP","AL3 5ZP","199906","200112","E10000015","E58000664","E07000240","E05013956","E43000290","1","517328","0206823","1","E18000006","E40000007","E92000001","E12000006","5","E14001507","E15000006","E24000005","E30000237","E16000150","E07000240","26UGFX","E00120196","26UGFX","E65000001","E01023667","E02004936","5","6D1","E00120196","E01023667","E02004936","E33027453","E38000079","E63011552","C1","5A2",51.747828,-0.301865,"E37000048","","E23000027",30628,"E56000035","E54000025","E00120196","E01023667","E02004936"
"AL3 5ZQ","AL3  5ZQ","AL3 5ZQ","199906","200408","E10000015","E58000664","E07000240","E05013956","E43000290","1","517328","0206823","1","E18000006","E40000007","E92000001","E12000006","5","E14001507","E15000006","E24000005","E30000237","E16000150","E07000240","26UGFX","E00120196","26UGFX","E65000001","E01023667","E02004936","5","6D1","E00120196","E01023667","E02004936","E33027453","E38000079","E63011552","C1","5A2",51.747828,-0.301865,"E37000048","","E23000027",30628,"E56000035","E54000025","E00120196","E01023667","E02004936"
"AL3 5ZR","AL3  5ZR","AL3 5ZR","199906","200604","E10000015","E58000664","E07000240","E05013956","E43000290","1","517328","0206823","1","E18000006","E40000007","E92000001","E12000006","5","E14001507","E15000006","E24000005","E30000237","E16000150","E07000240","26UGFX","E00120196","26UGFX","E65000001","E01023667","E02004936","5","6D1","E00120196","E01023667","E02004936","E33027453","E38000079","E63011552","C1","5A2",51.747828,-0.301865,"E37000048","","E23000027",30628,"E56000035","E54000025","E00120196","E01023667","E02004936"
"AL3 5ZS","AL3  5ZS","AL3 5ZS","199906","200101","E10000015","E58000663","E07000240","E05013947","E43000290","1","514682","0208070","6","E18000006","E40000007","E92000001","E12000006","5","E14001507","E15000006","E24000005","E30000237","E16000150","E07000240","26UGGM","E00120499","26UGGM","E65000001","E01023728","E02004935","5","6D1","E00120499","E01023728","E02004935","E33027446","E38000079","E63011552","C1","5A2",51.759583,-0.339764,"E37000048","","E23000027",29815,"E56000035","E54000025","E00120499","E01023728","E02004935"
"AL3 5ZT","AL3  5ZT","AL3 5ZT","199912","200103","E10000015","E58000663","E07000240","E05013947","E43000290","1","514682","0208070","6","E18000006","E40000007","E92000001","E12000006","5","E14001507","E15000006","E24000005","E30000237","E16000150","E07000240","26UGGM","E00120499","26UGGM","E65000001","E01023728","E02004935","5","6D1","E00120499","E01023728","E02004935","E33027446","E38000079","E63011552","C1","5A2",51.759583,-0.339764,"E37000048","","E23000027",29815,"E56000035","E54000025","E00120499","E01023728","E02004935"
"AL3 5ZU","AL3  5ZU","AL3 5ZU","199912","200408","E10000015","E58000664","E07000240","E05013956","E43000290","1","517328","0206823","1","E18000006","E40000007","E92000001","E12000006","5","E14001507","E15000006","E24000005","E30000237","E16000150","E07000240","26UGFX","E00120196","26UGFX","E65000001","E01023667","E02004936","5","6D1","E00120196","E01023667","E02004936","E33027453","E38000079","E63011552","C1","5A2",51.747828,-0.301865,"E37000048","","E23000027",30628,"E56000035","E54000025","E00120196","E01023667","E02004936"
"AL3 5ZW","AL3  5ZW","AL3 5ZW","199912","200508","E10000015","E58000664","E07000240","E05013956","E43000290","1","517328","0206823","1","E18000006","E40000007","E92000001","E12000006","5","E14001507","E15000006","E24000005","E30000237","E16000150","E07000240","26UGFX","E00120196","26UGFX","E65000001","E01023667","E02004936","5","6D1","E00120196","E01023667","E02004936","E33027453","E38000079","E63011552","C1","5A2",51.747828,-0.301865,"E37000048","","E23000027",30628,"E56000035","E54000025","E00120196","E01023667","E02004936"
"AL3 5ZX","AL3  5ZX","AL3 5ZX","200403","200602","E10000015","E58000664","E07000240","E05013956","E43000290","1","517328","0206823","1","E18000006","E40000007","E92000001","E12000006","5","E14001507","E15000006","E24000005","E30000237","E16000150","E07000240","26UGFX","E00120196","26UGFX","E65000001","E01023667","E02004936","5","6D1","E00120196","E01023667","E02004936","E33027453","E38000079","E63011552","C1","5A2",51.747828,-0.301865,"E37000048","","E23000027",30628,"E56000035","E54000025","E00120196","E01023667","E02004936"
"AL3 5ZY","AL3  5ZY","AL3 5ZY","199912","200103","E10000015","E58000663","E07000240","E05013947","E43000290","1","514682","0208070","6","E18000006","E40000007","E92000001","E12000006","5","E14001507","E15000006","E24000005","E30000237","E16000150","E07000240","26UGGM","E00120499","26UGGM","E65000001","E01023728","E02004935","5","6D1","E00120499","E01023728","E02004935","E33027446","E38000079","E63011552","C1","5A2",51.759583,-0.339764,"E37000048","","E23000027",29815,"E56000035","E54000025","E00120499","E01023728","E02004935"
"AL3 5ZZ","AL3  5ZZ","AL3 5ZZ","200006","201902","E10000015","E58000664","E07000240","E05013956","E43000290","1","517321","0206803","1","E18000006","E40000007","E92000001","E12000006","5","E14001507","E15000006","E24000005","E30000237","E16000150","E07000240","26UGFX","E00120196","26UGFX","E65000001","E01023667","E02004936","5","6D1","E00120196","E01023667","E02004936","E33027453","E38000079","E63011552","C1","5A2",51.747650,-0.301973,"E37000048","","E23000027",30628,"E56000035","E54000025","E00120196","E01023667","E02004936"
"AL3 6AA","AL3  6AA","AL3 6AA","198001","","E10000015","E58000666","E07000240","E05013966","E43000290","0","512832","0206858","1","E18000006","E40000007","E92000001","E12000006","5","E14001507","E15000006","E24000005","E30000237","E16000150","E07000240","26UGGR","E00120570","26UGGR","E65000001","E01023744","E02004937","5","4B3","E00120570","E01023744","E02004937","E33027460","E38000079","","C1","6A1",51.749072,-0.366928,"E37000048","","E23000027",31807,"E56000035","E54000025","E00120570","E01023744","E02004937"
"AL3 6AB","AL3  6AB","AL3 6AB","198001","","E10000015","E58000666","E07000240","E05013966","E43000290","0","512869","0206863","1","E18000006","E40000007","E92000001","E12000006","5","E14001507","E15000006","E24000005","E30000237","E16000150","E07000240","26UGGR","E00120570","26UGGR","E65000001","E01023744","E02004937","5","4B3","E00120570","E01023744","E02004937","E33027460","E38000079","","C1","6A1",51.749109,-0.366390,"E37000048","","E23000027",31807,"E56000035","E54000025","E00120570","E01023744","E02004937"
"AL3 6AD","AL3  6AD","AL3 6AD","198001","","E10000015","E58000666","E07000240","E05013966","E43000290","0","513255","0206998","1","E18000006","E40000007","E92000001","E12000006","5","E14001507","E15000006","E24000005","E30000237","E16000150","E07000240","26UGGR","E00120570","26UGGR","E65000001","E01023744","E02004937","5","4B3","E00120570","E01023744","E02004937","E33027460","E38000079","","C1","6A1",51.750238,-0.360780,"E37000048","","E23000027",31807,"E56000035","E54000025","E00120570","E01023744","E02004937"
"AL3 6AE","AL3  6AE","AL3 6AE","198001","","E10000015","E58000625","E07000240","E05013966","E04013287","0","513525","0207406","1","E18000006","E40000007","E92000001","E12000006","5","E14001268","E15000006","E24000005","E30000237","E16000150","E07000240","26UGGL","E00120474","26UGGL","E65000001","E01023722","E02004929","8","3C1","E00120474","E01023722","E02004929","E33027419","E38000079","E63011552","F1","1B2",51.753851,-0.356738,"E37000048","","E23000027",14574,"E56000035","E54000025","E00120474","E01023722","E02004929"
"AL3 6AF","AL3  6AF","AL3 6AF","198001","","E10000015","E58000625","E07000240","E05013966","E04013287","0","512369","0208367","1","E18000006","E40000007","E92000001","E12000006","5","E14001268","E15000006","E24000005","E30000237","E16000150","E07000240","26UGGL","E00120474","26UGGL","E65000001","E01023722","E02004929","8","3C1","E00120474","E01023722","E02004929","E33027419","E38000079","","F1","1B2",51.762727,-0.373144,"E37000048","","E23000027",14574,"E56000035","E54000025","E00120474","E01023722","E02004929"
"AL3 6AG","AL3  6AG","AL3 6AG","198001","","E10000015","E58000625","E07000240","E05013966","E04013287","0","512005","0207823","1","E18000006","E40000007","E92000001","E12000006","5","E14001268","E15000006","E24000005","E30000237","E16000150","E07000240","26UGGL","E00120474","26UGGL","E65000001","E01023722","E02004929","8","3C1","E00120474","E01023722","E02004929","E33027419","E38000079","","F1","1B2",51.757910,-0.378591,"E37000048","","E23000027",14574,"E56000035","E54000025","E00120474","E01023722","E02004929"
"AL3 6AH","AL3  6AH","AL3 6AH","198001","","E10000015","E58000625","E07000240","E05013966","E04013287","0","511373","0207880","1","E18000006","E40000007","E92000001","E12000006","5","E14001268","E15000006","E24000005","E30000237","E16000150","E07000240","26UGGL","E00120474","26UGGL","E65000001","E01023722","E02004929","8","3C1","E00120474","E01023722","E02004929","E33027419","E38000079","","F1","1B2",51.758549,-0.387726,"E37000048","","E23000027",14574,"E56000035","E54000025","E00120474","E01023722","E02004929"
"AL3 6AJ","AL3  6AJ","AL3 6AJ","198001","","E10000015","E58000625","E07000240","E05013966","E04013287","0","511362","0207915","1","E18000006","E40000007","E92000001","E12000006","5","E14001268","E15000006","E24000005","E30000237","E16000150","E07000240","26UGGL","E00120474","26UGGL","E65000001","E01023722","E02004929","8","3C1","E00120474","E01023722","E02004929","E33027419","E38000079","","F1","1B2",51.758859,-0.387897,"E37000048","","E23000027",14574,"E56000035","E54000025","E00120474","E01023722","E02004929"
"AL3 6AL","AL3  6AL","AL3 6AL","198001","","E10000015","E58000625","E07000240","E05013966","E04013287","0","510943","0207798","1","E18000006","E40000007","E92000001","E12000006","5","E14001268","E15000006","E24000005","E30000237","E16000150","E07000240","26UGGL","E00120474","26UGGL","E65000001","E01023722","E02004929","8","3C1","E00120474","E01023722","E02004929","E33027419","E38000079","","F1","1B2",51.757891,-0.394003,"E37000048","","E23000027",14574,"E56000035","E54000025","E00120474","E01023722","E02004929"
"AL3 6AN","AL3  6AN","AL3 6AN","198001","","E10000015","E58000625","E07000240","E05013966","E04013287","0","511067","0207320","1","E18000006","E40000007","E92000001","E12000006","5","E14001268","E15000006","E24000005","E30000237","E16000150","E07000240","26UGGL","E00120474","26UGGL","E65000001","E01023722","E02004929","8","3C1","E00120474","E01023722","E02004929","E33027419","E38000079","","F1","1B2",51.753576,-0.392336,"E37000048","","E23000027",14574,"E56000035","E54000025","E00120474","E01023722","E02004929"
"AL3 6AP","AL3  6AP","AL3 6AP","198001","","E10000015","E58000625","E07000240","E05013966","E04013287","0","510338","0206821","1","E18000006","E40000007","E92000001","E12000006","5","E14001268","E15000006","E24000005","E30000237","E16000150","E07000240","26UGGL","E00120474","26UGGL","E65000001","E01023722","E02004929","8","3C1","E00120474","E01023722","E02004929","E33027419","E38000079","","F1","1B2",51.749229,-0.403074,"E37000048","","E23000027",14574,"E56000035","E54000025","E00120474","E01023722","E02004929"
"AL3 6AQ","AL3  6AQ","AL3 6AQ","198001","","E10000015","E58000625","E07000240","E05013966","E04013287","0","511960","0208282","1","E18000006","E40000007","E92000001","E12000006","5","E14001268","E15000006","E24000005","E30000237","E16000150","E07000240","26UGGL","E00120474","26UGGL","E65000001","E01023722","E02004929","8","3C1","E00120474","E01023722","E02004929","E33027419","E38000079","","F1","1B2",51.762038,-0.379118,"E37000048","","E23000027",14574,"E56000035","E54000025","E00120474","E01023722","E02004929"
"AL3 6AR","AL3  6AR","AL3 6AR","198001","","E10000015","E58000625","E07000240","E05013966","E04013287","0","510874","0206511","1","E18000006","E40000007","E92000001","E12000006","5","E14001268","E15000006","E24000005","E30000237","E16000150","E07000240","26UGGL","E00120475","26UGGL","E65000001","E01023722","E02004929","8","3C1","E00120475","E01023722","E02004929","E33024323","E38000079","","F1","1A2",51.746337,-0.395412,"E37000048","","E23000027",14574,"E56000035","E54000025","E00120475","E01023722","E02004929"
"AL3 6AS","AL3  6AS","AL3 6AS","199301","","E10000015","E58000665","E07000240","E05013947","E43000290","0","514627","0209472","1","E18000006","E40000007","E92000001","E12000006","5","E14001507","E15000006","E24000005","E30000237","E16000150","E07000240","26UGFY","E00120216","26UGFY","E65000001","E01023671","E02004932","5","5B3","E00120216","E01023671","E02004932","E33027434","E38000079","E63011552","C1","4A1",51.772194,-0.340099,"E37000048","","E23000027",18292,"E56000035","E54000025","E00120216","E01023671","E02004932"
"AL3 6AT","AL3  6AT","AL3 6AT","199606","201502","E10000015","E58000664","E07000240","E05013956","E43000290","1","517328","0206823","1","E18000006","E40000007","E92000001","E12000006","5","E14001507","E15000006","E24000005","E30000237","E16000150","E07000240","26UGFX","E00120196","26UGFX","E65000001","E01023667","E02004936","5","6D1","E00120196","E01023667","E02004936","E33027453","E38000079","E63011552","C1","5A2",51.747828,-0.301865,"E37000048","","E23000027",30628,"E56000035","E54000025","E00120196","E01023667","E02004936"
"AL3 6AU","AL3  6AU","AL3 6AU","199606","199712","E10000015","E58000665","E07000240","E05013947","E43000290","1","514754","0209215","6","E18000006","E40000007","E92000001","E12000006","5","E14001507","E15000006","E24000005","E30000237","E16000150","E07000240","26UGFY","E00120214","26UGFY","E65000001","E01023671","E02004932","5","5B2","E00120214","E01023671","E02004932","E33027434","E38000079","E63011552","C1","4A1",51.769859,-0.338344,"E37000048","","E23000027",18292,"E56000035","E54000025","E00120214","E01023671","E02004932"
"AL3 6AW","AL3  6AW","AL3 6AW","198001","","E10000015","E58000625","E07000240","E05013966","E04013287","0","511290","0206933","1","E18000006","E40000007","E92000001","E12000006","5","E14001268","E15000006","E24000005","E30000237","E16000150","E07000240","26UGGL","E00120474","26UGGL","E65000001","E01023722","E02004929","8","3C1","E00120474","E01023722","E02004929","E33027419","E38000079","","F1","1B2",51.750048,-0.389254,"E37000048","","E23000027",14574,"E56000035","E54000025","E00120474","E01023722","E02004929"
"AL3 6AX","AL3  6AX","AL3 6AX","198001","","E10000015","E58000665","E07000240","E05013948","E43000290","0","515064","0208886","1","E18000006","E40000007","E92000001","E12000006","5","E14001507","E15000006","E24000005","E30000237","E16000150","E07000240","26UGGJ","E00120423","26UGGJ","E65000001","E01023713","E02004930","5","4D2","E00120423","E01023713","E02004930","E33027427","E38000079","E63011552","C1","5B1",51.766838,-0.333962,"E37000048","","E23000027",28886,"E56000035","E54000025","E00120423","E01023713","E02004930"
"AL3 6AY","AL3  6AY","AL3 6AY","198001","","E10000015","E58000665","E07000240","E05013948","E43000290","0","515126","0209050","1","E18000006","E40000007","E92000001","E12000006","5","E14001507","E15000006","E24000005","E30000237","E16000150","E07000240","26UGGJ","E00120420","26UGGJ","E65000001","E01023713","E02004930","5","4D2","E00120420","E01023713","E02004930","E33024314","E38000079","E63011552","C1","5B1",51.768305,-0.332986,"E37000048","","E23000027",28886,"E56000035","E54000025","E00120420","E01023713","E02004930"
"AL3 6AZ","AL3  6AZ","AL3 6AZ","198001","200006","E10000015","E58000665","E07000240","E05013948","E43000290","1","515169","0209073","1","E18000006","E40000007","E92000001","E12000006","5","E14001507","E15000006","E24000005","E30000237","E16000150","E07000240","26UGGJ","E00120420","26UGGJ","E65000001","E01023713","E02004930","5","4D2","E00120420","E01023713","E02004930","E33024314","E38000079","E63011552","C1","5B1",51.768497,-0.332379,"E37000048","","E23000027",28886,"E56000035","E54000025","E00120420","E01023713","E02004930"
"AL3 6BA","AL3  6BA","AL3 6BA","198001","","E10000015","E58000665","E07000240","E05013948","E43000290","0","515160","0209029","1","E18000006","E40000007","E92000001","E12000006","5","E14001507","E15000006","E24000005","E30000237","E16000150","E07000240","26UGGJ","E00120423","26UGGJ","E65000001","E01023713","E02004930","5","4D2","E00120423","E01023713","E02004930","E33027427","E38000079","E63011552","C1","5B1",51.768110,-0.332500,"E37000048","","E23000027",28886,"E56000035","E54000025","E00120423","E01023713","E02004930"
"AL3 6BB","AL3  6BB","AL3 6BB","200302","","E10000015","E58000665","E07000240","E05013948","E43000290","0","515001","0210025","1","E18000006","E40000007","E92000001","E12000006","5","E14001507","E15000006","E24000005","E30000237","E16000150","E07000240","26UGGJ","E00120420","26UGGJ","E65000001","E01023713","E02004930","5","4D2","E00120420","E01023713","E02004930","E33024317","E38000079","","C1","5B1",51.777088,-0.334498,"E37000048","","E23000027",28886,"E56000035","E54000025","E00120420","E01023713","E02004930"
"AL3 6BD","AL3  6BD","AL3 6BD","199612","200203","E10000015","E58000664","E07000240","E05013956","E43000290","1","517328","0206823","1","E18000006","E40000007","E92000001","E12000006","5","E14001507","E15000006","E24000005","E30000237","E16000150","E07000240","26UGFX","E00120196","26UGFX","E65000001","E01023667","E02004936","5","6D1","E00120196","E01023667","E02004936","E33027453","E38000079","E63011552","C1","5A2",51.747828,-0.301865,"E37000048","","E23000027",30628,"E56000035","E54000025","E00120196","E01023667","E02004936"
"AL3 6BE","AL3  6BE","AL3 6BE","200509","","E10000015","E58000665","E07000240","E05013947","E43000290","0","514613","0209003","1","E18000006","E40000007","E92000001","E12000006","5","E14001507","E15000006","E24000005","E30000237","E16000150","E07000240","26UGFY","E00120219","26UGFY","E65000001","E01023672","E02004932","5","1C3","E00120219","E01023672","E02004932","E33027433","E38000079","E63011552","C1","8D2",51.767988,-0.340433,"E37000048","","E23000027",24416,"E56000035","E54000025","E00120219","E01023672","E02004932"
"AL3 6BF","AL3  6BF","AL3 6BF","200810","200901","E10000015","E58000665","E07000240","E05013948","E43000290","0","515590","0209309","1","E18000006","E40000007","E92000001","E12000006","5","E14001507","E15000006","E24000005","E30000237","E16000150","E07000240","26UGGJ","E00120420","26UGGJ","E65000001","E01023713","E02004930","5","4D2","E00120420","E01023713","E02004930","E33024316","E38000079","E63011552","C1","5B1",51.770531,-0.326203,"E37000048","","E23000027",28886,"E56000035","E54000025","E00120420","E01023713","E02004930"
"AL3 6BG","AL3  6BG","AL3 6BG","200112","","E10000015","E58000665","E07000240","E05013948","E43000290","0","515287","0209053","1","E18000006","E40000007","E92000001","E12000006","5","E14001507","E15000006","E24000005","E30000237","E16000150","E07000240","26UGGJ","E00120420","26UGGJ","E65000001","E01023713","E02004930","5","4D2","E00120420","E01023713","E02004930","E33024314","E38000079","E63011552","C1","5B1",51.768293,-0.330677,"E37000048","","E23000027",28886,"E56000035","E54000025","E00120420","E01023713","E02004930"
"AL3 6BJ","AL3  6BJ","AL3 6BJ","198001","","E10000015","E58000665","E07000240","E05013947","E43000290","0","514953","0208859","1","E18000006","E40000007","E92000001","E12000006","5","E14001507","E15000006","E24000005","E30000237","E16000150","E07000240","26UGFY","E00120220","26UGFY","E65000001","E01023672","E02004932","5","6D1","E00120220","E01023672","E02004932","E33027433","E38000079","E63011552","C1","5B1",51.766618,-0.335579,"E37000048","","E23000027",24416,"E56000035","E54000025","E00120220","E01023672","E02004932"
"AL3 6BL","AL3  6BL","AL3 6BL","198001","","E10000015","E58000665","E07000240","E05013947","E43000290","0","514813","0208915","1","E18000006","E40000007","E92000001","E12000006","5","E14001507","E15000006","E24000005","E30000237","E16000150","E07000240","26UGFY","E00120220","26UGFY","E65000001","E01023672","E02004932","5","6D1","E00120220","E01023672","E02004932","E33027433","E38000079","E63011552","C1","5B1",51.767150,-0.337588,"E37000048","","E23000027",24416,"E56000035","E54000025","E00120220","E01023672","E02004932"
"AL3 6BN","AL3  6BN","AL3 6BN","198001","","E10000015","E58000665","E07000240","E05013947","E43000290","0","514718","0208863","1","E18000006","E40000007","E92000001","E12000006","5","E14001507","E15000006","E24000005","E30000237","E16000150","E07000240","26UGFY","E00120220","26UGFY","E65000001","E01023672","E02004932","5","6D1","E00120220","E01023672","E02004932","E33027433","E38000079","E63011552","C1","5B1",51.766702,-0.338982,"E37000048","","E23000027",24416,"E56000035","E54000025","E00120220","E01023672","E02004932"
"AL3 6BP","AL3  6BP","AL3 6BP","198001","","E10000015","E58000665","E07000240","E05013947","E43000290","0","514703","0208985","1","E18000006","E40000007","E92000001","E12000006","5","E14001507","E15000006","E24000005","E30000237","E16000150","E07000240","26UGFY","E00120220","26UGFY","E65000001","E01023672","E02004932","5","6D1","E00120220","E01023672","E02004932","E33027433","E38000079","E63011552","C1","5B1",51.767802,-0.339159,"E37000048","","E23000027",24416,"E56000035","E54000025","E00120220","E01023672","E02004932"
"AL3 6BQ","AL3  6BQ","AL3 6BQ","200206","","E10000015","E58000665","E07000240","E05013948","E43000290","0","515311","0209029","1","E18000006","E40000007","E92000001","E12000006","5","E14001507","E15000006","E24000005","E30000237","E16000150","E07000240","26UGGJ","E00120420","26UGGJ","E65000001","E01023713","E02004930","5","4D2","E00120420","E01023713","E02004930","E33024314","E38000079","E63011552","C1","5B1",51.768073,-0.330337,"E37000048","","E23000027",28886,"E56000035","E54000025","E00120420","E01023713","E02004930"
"AL3 6BS","AL3  6BS","AL3 6BS","198001","","E10000015","E58000665","E07000240","E05013947","E43000290","0","514547","0208987","1","E18000006","E40000007","E92000001","E12000006","5","E14001507","E15000006","E24000005","E30000237","E16000150","E07000240","26UGFY","E00120219","26UGFY","E65000001","E01023672","E02004932","5","1C3","E00120219","E01023672","E02004932","E33027433","E38000079","E63011552","C1","8D2",51.767858,-0.341394,"E37000048","","E23000027",24416,"E56000035","E54000025","E00120219","E01023672","E02004932"
"AL3 6BT","AL3  6BT","AL3 6BT","200509","","E10000015","E58000665","E07000240","E05013947","E43000290","0","514479","0208921","1","E18000006","E40000007","E92000001","E12000006","5","E14001507","E15000006","E24000005","E30000237","E16000150","E07000240","26UGFY","E00120219","26UGFY","E65000001","E01023672","E02004932","5","1C3","E00120219","E01023672","E02004932","E33027433","E38000079","E63011552","C1","8D2",51.767272,-0.342424,"E37000048","","E23000027",24416,"E56000035","E54000025","E00120219","E01023672","E02004932"
"AL3 6BU","AL3  6BU","AL3 6BU","198001","","E10000015","E58000665","E07000240","E05013947","E43000290","0","514858","0209004","1","E18000006","E40000007","E92000001","E12000006","5","E14001507","E15000006","E24000005","E30000237","E16000150","E07000240","26UGFY","E00120217","26UGFY","E65000001","E01023672","E02004932","5","1C3","E00120217","E01023672","E02004932","E33027434","E38000079","E63011552","C1","4A1",51.767941,-0.336907,"E37000048","","E23000027",24416,"E56000035","E54000025","E00120217","E01023672","E02004932"
"AL3 6BW","AL3  6BW","AL3 6BW","198001","","E10000015","E58000665","E07000240","E05013947","E43000290","0","514579","0208910","1","E18000006","E40000007","E92000001","E12000006","5","E14001507","E15000006","E24000005","E30000237","E16000150","E07000240","26UGFY","E00120219","26UGFY","E65000001","E01023672","E02004932","5","1C3","E00120219","E01023672","E02004932","E33027433","E38000079","E63011552","C1","8D2",51.767153,-0.340979,"E37000048","","E23000027",24416,"E56000035","E54000025","E00120219","E01023672","E02004932"
"AL3 6BX","AL3  6BX","AL3 6BX","198001","","E10000015","E58000665","E07000240","E05013947","E43000290","0","514867","0208953","1","E18000006","E40000007","E92000001","E12000006","5","E14001507","E15000006","E24000005","E30000237","E16000150","E07000240","26UGFY","E00120217","26UGFY","E65000001","E01023672","E02004932","5","1C3","E00120217","E01023672","E02004932","E33027434","E38000079","E63011552","C1","4A1",51.767481,-0.336794,"E37000048","","E23000027",24416,"E56000035","E54000025","E00120217","E01023672","E02004932"
"AL3 6BY","AL3  6BY","AL3 6BY","198001","","E10000015","E58000665","E07000240","E05013947","E43000290","0","515001","0209030","1","E18000006","E40000007","E92000001","E12000006","5","E14001507","E15000006","E24000005","E30000237","E16000150","E07000240","26UGFY","E00120217","26UGFY","E65000001","E01023672","E02004932","5","1C3","E00120217","E01023672","E02004932","E33027434","E38000079","E63011552","C1","4A1",51.768145,-0.334827,"E37000048","","E23000027",24416,"E56000035","E54000025","E00120217","E01023672","E02004932"
"AL3 6BZ","AL3  6BZ","AL3 6BZ","198001","","E10000015","E58000665","E07000240","E05013948","E43000290","0","514940","0209639","1","E18000006","E40000007","E92000001","E12000006","5","E14001507","E15000006","E24000005","E30000237","E16000150","E07000240","26UGGJ","E00120420","26UGGJ","E65000001","E01023713","E02004930","5","4D2","E00120420","E01023713","E02004930","E33024317","E38000079","E63011552","C1","5B1",51.773637,-0.335485,"E37000048","","E23000027",28886,"E56000035","E54000025","E00120420","E01023713","E02004930"
"AL3 6DA","AL3  6DA","AL3 6DA","198001","","E10000015","E58000665","E07000240","E05013948","E43000290","0","515046","0209368","1","E18000006","E40000007","E92000001","E12000006","5","E14001507","E15000006","E24000005","E30000237","E16000150","E07000240","26UGGJ","E00120420","26UGGJ","E65000001","E01023713","E02004930","5","4D2","E00120420","E01023713","E02004930","E33024317","E38000079","E63011552","C1","5B1",51.771174,-0.334063,"E37000048","","E23000027",28886,"E56000035","E54000025","E00120420","E01023713","E02004930"
"AL3 6DB","AL3  6DB","AL3 6DB","198001","","E10000015","E58000665","E07000240","E05013948","E43000290","1","515194","0209265","1","E18000006","E40000007","E92000001","E12000006","5","E14001507","E15000006","E24000005","E30000237","E16000150","E07000240","26UGGJ","E00120420","26UGGJ","E65000001","E01023713","E02004930","5","4D2","E00120420","E01023713","E02004930","E33024314","E38000079","E63011552","C1","5B1",51.770218,-0.331954,"E37000048","","E23000027",28886,"E56000035","E54000025","E00120420","E01023713","E02004930"
"AL3 6DD","AL3  6DD","AL3 6DD","198001","","E10000015","E58000665","E07000240","E05013948","E43000290","0","515152","0209386","1","E18000006","E40000007","E92000001","E12000006","5","E14001507","E15000006","E24000005","E30000237","E16000150","E07000240","26UGGJ","E00120420","26UGGJ","E65000001","E01023713","E02004930","5","4D2","E00120420","E01023713","E02004930","E33024314","E38000079","E63011552","C1","5B1",51.771314,-0.332522,"E37000048","","E23000027",28886,"E56000035","E54000025","E00120420","E01023713","E02004930"
"AL3 6DE","AL3  6DE","AL3 6DE","198001","","E10000015","E58000665","E07000240","E05013948","E43000290","0","515022","0208946","1","E18000006","E40000007","E92000001","E12000006","5","E14001507","E15000006","E24000005","E30000237","E16000150","E07000240","26UGGJ","E00120423","26UGGJ","E65000001","E01023713","E02004930","5","4D2","E00120423","E01023713","E02004930","E33027427","E38000079","E63011552","C1","5B1",51.767386,-0.334551,"E37000048","","E23000027",28886,"E56000035","E54000025","E00120423","E01023713","E02004930"
"AL3 6DF","AL3  6DF","AL3 6DF","201010","","E10000015","E58000665","E07000240","E05013947","E43000290","0","514400","0209378","1","E18000006","E40000007","E92000001","E12000006","5","E14001507","E15000006","E24000005","E30000237","E16000150","E07000240","26UGFY","E00120213","26UGFY","E65000001","E01023671","E02004932","5","1C3","E00120213","E01023671","E02004932","E33027434","E38000079","E63011552","C1","4A1",51.771396,-0.343418,"E37000048","","E23000027",18292,"E56000035","E54000025","E00120213","E01023671","E02004932"
"AL3 6DG","AL3  6DG","AL3 6DG","201506","","E10000015","E58000665","E07000240","E05013948","E43000290","0","515802","0209630","1","E18000006","E40000007","E92000001","E12000006","5","E14001507","E15000006","E24000005","E30000237","E16000150","E07000240","26UGGJ","E00120420","26UGGJ","E65000001","E01023713","E02004930","5","4D2","E00120420","E01023713","E02004930","E33024317","E38000079","E63011552","C1","5B1",51.773373,-0.323025,"E37000048","","E23000027",28886,"E56000035","E54000025","E00120420","E01023713","E02004930"
"AL3 6DH","AL3  6DH","AL3 6DH","199606","200602","E10000015","E58000664","E07000240","E05013956","E43000290","1","517328","0206823","1","E18000006","E40000007","E92000001","E12000006","5","E14001507","E15000006","E24000005","E30000237","E16000150","E07000240","26UGFX","E00120196","26UGFX","E65000001","E01023667","E02004936","5","6D1","E00120196","E01023667","E02004936","E33027453","E38000079","E63011552","C1","5A2",51.747828,-0.301865,"E37000048","","E23000027",30628,"E56000035","E54000025","E00120196","E01023667","E02004936"
"AL3 6DJ","AL3  6DJ","AL3 6DJ","198001","","E10000015","E58000665","E07000240","E05013947","E43000290","0","514679","0209161","1","E18000006","E40000007","E92000001","E12000006","5","E14001507","E15000006","E24000005","E30000237","E16000150","E07000240","26UGFY","E00120218","26UGFY","E65000001","E01023671","E02004932","5","1C3","E00120218","E01023671","E02004932","E33027434","E38000079","E63011552","C1","4A1",51.769389,-0.339448,"E37000048","","E23000027",18292,"E56000035","E54000025","E00120218","E01023671","E02004932"
"AL3 6DL","AL3  6DL","AL3 6DL","198001","","E10000015","E58000665","E07000240","E05013947","E43000290","0","514679","0209257","1","E18000006","E40000007","E92000001","E12000006","5","E14001507","E15000006","E24000005","E30000237","E16000150","E07000240","26UGFY","E00120216","26UGFY","E65000001","E01023671","E02004932","5","5B3","E00120216","E01023671","E02004932","E33027434","E38000079","E63011552","C1","4A1",51.770251,-0.339417,"E37000048","","E23000027",18292,"E56000035","E54000025","E00120216","E01023671","E02004932"
"AL3 6DN","AL3  6DN","AL3 6DN","198001","","E10000015","E58000665","E07000240","E05013947","E43000290","0","514579","0209410","1","E18000006","E40000007","E92000001","E12000006","5","E14001507","E15000006","E24000005","E30000237","E16000150","E07000240","26UGFY","E00120216","26UGFY","E65000001","E01023671","E02004932","5","5B3","E00120216","E01023671","E02004932","E33027434","E38000079","E63011552","C1","4A1",51.771647,-0.340815,"E37000048","","E23000027",18292,"E56000035","E54000025","E00120216","E01023671","E02004932"
"AL3 6DP","AL3  6DP","AL3 6DP","198001","","E10000015","E58000665","E07000240","E05013947","E43000290","0","514555","0209607","1","E18000006","E40000007","E92000001","E12000006","5","E14001507","E15000006","E24000005","E30000237","E16000150","E07000240","26UGFY","E00120212","26UGFY","E65000001","E01023671","E02004932","5","6B2","E00120212","E01023671","E02004932","E33027434","E38000079","E63011552","C1","5B3",51.773422,-0.341097,"E37000048","","E23000027",18292,"E56000035","E54000025","E00120212","E01023671","E02004932"
"AL3 6DQ","AL3  6DQ","AL3 6DQ","201606","","E10000015","E58000665","E07000240","E05013948","E43000290","0","515720","0209580","1","E18000006","E40000007","E92000001","E12000006","5","E14001507","E15000006","E24000005","E30000237","E16000150","E07000240","26UGGJ","E00120420","26UGGJ","E65000001","E01023713","E02004930","5","4D2","E00120420","E01023713","E02004930","E33024317","E38000079","E63011552","C1","5B1",51.772940,-0.324229,"E37000048","","E23000027",28886,"E56000035","E54000025","E00120420","E01023713","E02004930"
"AL3 6DR","AL3  6DR","AL3 6DR","198001","","E10000015","E58000665","E07000240","E05013947","E43000290","0","514375","0209577","1","E18000006","E40000007","E92000001","E12000006","5","E14001507","E15000006","E24000005","E30000237","E16000150","E07000240","26UGFY","E00120213","26UGFY","E65000001","E01023671","E02004932","5","1C3","E00120213","E01023671","E02004932","E33027434","E38000079","E63011552","C1","4A1",51.773189,-0.343715,"E37000048","","E23000027",18292,"E56000035","E54000025","E00120213","E01023671","E02004932"
"AL3 6DS","AL3  6DS","AL3 6DS","198001","","E10000015","E58000665","E07000240","E05013947","E43000290","0","514432","0209531","1","E18000006","E40000007","E92000001","E12000006","5","E14001507","E15000006","E24000005","E30000237","E16000150","E07000240","26UGFY","E00120212","26UGFY","E65000001","E01023671","E02004932","5","6B2","E00120212","E01023671","E02004932","E33027434","E38000079","E63011552","C1","5B3",51.772764,-0.342904,"E37000048","","E23000027",18292,"E56000035","E54000025","E00120212","E01023671","E02004932"
"AL3 6DT","AL3  6DT","AL3 6DT","199512","199906","E10000015","E58000665","E07000240","E05013947","E43000290","1","514754","0209215","6","E18000006","E40000007","E92000001","E12000006","5","E14001507","E15000006","E24000005","E30000237","E16000150","E07000240","26UGFY","E00120214","26UGFY","E65000001","E01023671","E02004932","5","5B2","E00120214","E01023671","E02004932","E33027434","E38000079","E63011552","C1","4A1",51.769859,-0.338344,"E37000048","","E23000027",18292,"E56000035","E54000025","E00120214","E01023671","E02004932"
"AL3 6DU","AL3  6DU","AL3 6DU","198001","","E10000015","E58000665","E07000240","E05013947","E43000290","0","514403","0209483","1","E18000006","E40000007","E92000001","E12000006","5","E14001507","E15000006","E24000005","E30000237","E16000150","E07000240","26UGFY","E00120213","26UGFY","E65000001","E01023671","E02004932","5","1C3","E00120213","E01023671","E02004932","E33027434","E38000079","E63011552","C1","4A1",51.772339,-0.343340,"E37000048","","E23000027",18292,"E56000035","E54000025","E00120213","E01023671","E02004932"
"AL3 6DW","AL3  6DW","AL3 6DW","198001","","E10000015","E58000665","E07000240","E05013947","E43000290","0","514471","0209561","1","E18000006","E40000007","E92000001","E12000006","5","E14001507","E15000006","E24000005","E30000237","E16000150","E07000240","26UGFY","E00120212","26UGFY","E65000001","E01023671","E02004932","5","6B2","E00120212","E01023671","E02004932","E33027434","E38000079","E63011552","C1","5B3",51.773026,-0.342330,"E37000048","","E23000027",18292,"E56000035","E54000025","E00120212","E01023671","E02004932"
"AL3 6DX","AL3  6DX","AL3 6DX","198001","","E10000015","E58000665","E07000240","E05013947","E43000290","0","514284","0209415","1","E18000006","E40000007","E92000001","E12000006","5","E14001507","E15000006","E24000005","E30000237","E16000150","E07000240","26UGFY","E00120213","26UGFY","E65000001","E01023671","E02004932","5","1C3","E00120213","E01023671","E02004932","E33027434","E38000079","E63011552","C1","4A1",51.771752,-0.345087,"E37000048","","E23000027",18292,"E56000035","E54000025","E00120213","E01023671","E02004932"
"AL3 6DY","AL3  6DY","AL3 6DY","198001","","E10000015","E58000665","E07000240","E05013947","E43000290","0","514343","0209388","1","E18000006","E40000007","E92000001","E12000006","5","E14001507","E15000006","E24000005","E30000237","E16000150","E07000240","26UGFY","E00120213","26UGFY","E65000001","E01023671","E02004932","5","1C3","E00120213","E01023671","E02004932","E33027434","E38000079","E63011552","C1","4A1",51.771497,-0.344241,"E37000048","","E23000027",18292,"E56000035","E54000025","E00120213","E01023671","E02004932"
"AL3 6DZ","AL3  6DZ","AL3 6DZ","198001","","E10000015","E58000665","E07000240","E05013947","E43000290","0","514208","0209282","1","E18000006","E40000007","E92000001","E12000006","5","E14001507","E15000006","E24000005","E30000237","E16000150","E07000240","26UGFY","E00120215","26UGFY","E65000001","E01023671","E02004932","5","1C1","E00120215","E01023671","E02004932","E33027434","E38000079","E63011552","C1","4A1",51.770572,-0.346231,"E37000048","","E23000027",18292,"E56000035","E54000025","E00120215","E01023671","E02004932"
"AL3 6EA","AL3  6EA","AL3 6EA","198001","","E10000015","E58000665","E07000240","E05013947","E43000290","0","514284","0209197","1","E18000006","E40000007","E92000001","E12000006","5","E14001507","E15000006","E24000005","E30000237","E16000150","E07000240","26UGFY","E00120215","26UGFY","E65000001","E01023671","E02004932","5","1C1","E00120215","E01023671","E02004932","E33027434","E38000079","E63011552","C1","4A1",51.769793,-0.345158,"E37000048","","E23000027",18292,"E56000035","E54000025","E00120215","E01023671","E02004932"
"AL3 6EB","AL3  6EB","AL3 6EB","198001","","E10000015","E58000665","E07000240","E05013947","E43000290","0","514204","0209154","1","E18000006","E40000007","E92000001","E12000006","5","E14001507","E15000006","E24000005","E30000237","E16000150","E07000240","26UGFY","E00120215","26UGFY","E65000001","E01023671","E02004932","5","1C1","E00120215","E01023671","E02004932","E33027434","E38000079","E63011552","C1","4A1",51.769429,-0.346308,"E37000048","","E23000027",18292,"E56000035","E54000025","E00120215","E01023671","E02004932"
"AL3 6ED","AL3  6ED","AL3 6ED","198001","","E10000015","E58000665","E07000240","E05013947","E43000290","0","514239","0209186","1","E18000006","E40000007","E92000001","E12000006","5","E14001507","E15000006","E24000005","E30000237","E16000150","E07000240","26UGFY","E00120215","26UGFY","E65000001","E01023671","E02004932","5","1C1","E00120215","E01023671","E02004932","E33027434","E38000079","E63011552","C1","4A1",51.769703,-0.345814,"E37000048","","E23000027",18292,"E56000035","E54000025","E00120215","E01023671","E02004932"
"AL3 6EE","AL3  6EE","AL3 6EE","198001","","E10000015","E58000665","E07000240","E05013947","E43000290","0","514158","0209128","1","E18000006","E40000007","E92000001","E12000006","5","E14001507","E15000006","E24000005","E30000237","E16000150","E07000240","26UGFY","E00120215","26UGFY","E65000001","E01023671","E02004932","5","1C1","E00120215","E01023671","E02004932","E33027434","E38000079","E63011552","C1","4A1",51.769198,-0.347006,"E37000048","","E23000027",18292,"E56000035","E54000025","E00120215","E01023671","E02004932"
"AL3 6EF","AL3  6EF","AL3 6EF","198001","","E10000015","E58000665","E07000240","E05013947","E43000290","0","514286","0209050","1","E18000006","E40000007","E92000001","E12000006","5","E14001507","E15000006","E24000005","E30000237","E16000150","E07000240","26UGFY","E00120215","26UGFY","E65000001","E01023671","E02004932","5","1C1","E00120215","E01023671","E02004932","E33027434","E38000079","E63011552","C1","4A1",51.768471,-0.345178,"E37000048","","E23000027",18292,"E56000035","E54000025","E00120215","E01023671","E02004932"
"AL3 6EG","AL3  6EG","AL3 6EG","198001","","E10000015","E58000665","E07000240","E05013947","E43000290","0","514373","0208996","1","E18000006","E40000007","E92000001","E12000006","5","E14001507","E15000006","E24000005","E30000237","E16000150","E07000240","26UGFY","E00120215","26UGFY","E65000001","E01023671","E02004932","5","1C1","E00120215","E01023671","E02004932","E33027434","E38000079","E63011552","C1","4A1",51.767968,-0.343935,"E37000048","","E23000027",18292,"E56000035","E54000025","E00120215","E01023671","E02004932"
"AL3 6EH","AL3  6EH","AL3 6EH","198001","","E10000015","E58000665","E07000240","E05013947","E43000290","0","514307","0209249","1","E18000006","E40000007","E92000001","E12000006","5","E14001507","E15000006","E24000005","E30000237","E16000150","E07000240","26UGFY","E00120213","26UGFY","E65000001","E01023671","E02004932","5","1C3","E00120213","E01023671","E02004932","E33027434","E38000079","E63011552","C1","4A1",51.770255,-0.344808,"E37000048","","E23000027",18292,"E56000035","E54000025","E00120213","E01023671","E02004932"
"AL3 6EJ","AL3  6EJ","AL3 6EJ","198001","","E10000015","E58000665","E07000240","E05013947","E43000290","0","514545","0209209","1","E18000006","E40000007","E92000001","E12000006","5","E14001507","E15000006","E24000005","E30000237","E16000150","E07000240","26UGFY","E00120218","26UGFY","E65000001","E01023671","E02004932","5","1C3","E00120218","E01023671","E02004932","E33027434","E38000079","E63011552","C1","4A1",51.769847,-0.341373,"E37000048","","E23000027",18292,"E56000035","E54000025","E00120218","E01023671","E02004932"
"AL3 6EL","AL3  6EL","AL3 6EL","198001","","E10000015","E58000665","E07000240","E05013947","E43000290","0","514567","0209336","1","E18000006","E40000007","E92000001","E12000006","5","E14001507","E15000006","E24000005","E30000237","E16000150","E07000240","26UGFY","E00120216","26UGFY","E65000001","E01023671","E02004932","5","5B3","E00120216","E01023671","E02004932","E33027434","E38000079","E63011552","C1","4A1",51.770984,-0.341013,"E37000048","","E23000027",18292,"E56000035","E54000025","E00120216","E01023671","E02004932"
"AL3 6EN","AL3  6EN","AL3 6EN","199201","","E10000015","E58000665","E07000240","E05013948","E43000290","0","515492","0209432","1","E18000006","E40000007","E92000001","E12000006","5","E14001507","E15000006","E24000005","E30000237","E16000150","E07000240","26UGGJ","E00120420","26UGGJ","E65000001","E01023713","E02004930","5","4D2","E00120420","E01023713","E02004930","E33024315","E38000079","E63011552","C1","5B1",51.771663,-0.327557,"E37000048","","E23000027",28886,"E56000035","E54000025","E00120420","E01023713","E02004930"
"AL3 6EP","AL3  6EP","AL3 6EP","201704","","E10000015","E58000665","E07000240","E05013948","E43000290","0","515603","0209357","1","E18000006","E40000007","E92000001","E12000006","5","E14001507","E15000006","E24000005","E30000237","E16000150","E07000240","26UGGJ","E00120420","26UGGJ","E65000001","E01023713","E02004930","5","4D2","E00120420","E01023713","E02004930","E33024316","E38000079","E63011552","C1","5B1",51.770966,-0.325974,"E37000048","","E23000027",28886,"E56000035","E54000025","E00120420","E01023713","E02004930"
"AL3 6EQ","AL3  6EQ","AL3 6EQ","198001","","E10000015","E58000665","E07000240","E05013947","E43000290","0","514382","0209101","1","E18000006","E40000007","E92000001","E12000006","5","E14001507","E15000006","E24000005","E30000237","E16000150","E07000240","26UGFY","E00120215","26UGFY","E65000001","E01023671","E02004932","5","1C1","E00120215","E01023671","E02004932","E33027434","E38000079","E63011552","C1","4A1",51.768910,-0.343770,"E37000048","","E23000027",18292,"E56000035","E54000025","E00120215","E01023671","E02004932"
"AL3 6ER","AL3  6ER","AL3 6ER","201807","","E10000015","E58000665","E07000240","E05013948","E43000290","0","515790","0209688","1","E18000006","E40000007","E92000001","E12000006","5","E14001507","E15000006","E24000005","E30000237","E16000150","E07000240","26UGGJ","E00120420","26UGGJ","E65000001","E01023713","E02004930","5","4D2","E00120420","E01023713","E02004930","E33024317","E38000079","E63011552","C1","5B1",51.773902,-0.323155,"E37000048","","E23000027",28886,"E56000035","E54000025","E00120420","E01023713","E02004930"
"AL3 6ES","AL3  6ES","AL3 6ES","201806","","E10000015","E58000665","E07000240","E05013947","E43000290","0","514800","0209318","1","E18000006","E40000007","E92000001","E12000006","5","E14001507","E15000006","E24000005","E30000237","E16000150","E07000240","26UGFY","E00120214","26UGFY","E65000001","E01023671","E02004932","5","5B2","E00120214","E01023671","E02004932","E33027434","E38000079","E63011552","C1","4A1",51.770781,-0.337620,"E37000048","","E23000027",18292,"E56000035","E54000025","E00120214","E01023671","E02004932"
"AL3 6ET","AL3  6ET","AL3 6ET","202411","","E10000015","E58000665","E07000240","E05013948","E43000290","0","515135","0209340","1","E18000006","E40000007","E92000001","E12000006","5","E14001507","E15000006","E24000005","E30000237","E16000150","E07000240","26UGGJ","E00120420","26UGGJ","E65000001","E01023713","E02004930","5","4D2","E00120420","E01023713","E02004930","E33024317","E38000079","E63011552","C1","5B1",51.770910,-0.332760,"E37000048","","E23000027",28886,"E56000035","E54000025","E00120420","E01023713","E02004930"
"AL3 6EU","AL3  6EU","AL3 6EU","198001","","E10000015","E58000665","E07000240","E05013947","E43000290","0","514876","0209131","1","E18000006","E40000007","E92000001","E12000006","5","E14001507","E15000006","E24000005","E30000237","E16000150","E07000240","26UGFY","E00120217","26UGFY","E65000001","E01023672","E02004932","5","1C3","E00120217","E01023672","E02004932","E33027434","E38000079","E63011552","C1","4A1",51.769079,-0.336604,"E37000048","","E23000027",24416,"E56000035","E54000025","E00120217","E01023672","E02004932"
"AL3 6EX","AL3  6EX","AL3 6EX","198001","","E10000015","E58000665","E07000240","E05013947","E43000290","0","514735","0209053","1","E18000006","E40000007","E92000001","E12000006","5","E14001507","E15000006","E24000005","E30000237","E16000150","E07000240","26UGFY","E00120220","26UGFY","E65000001","E01023672","E02004932","5","6D1","E00120220","E01023672","E02004932","E33027433","E38000079","E63011552","C1","5B1",51.768406,-0.338673,"E37000048","","E23000027",24416,"E56000035","E54000025","E00120220","E01023672","E02004932"
"AL3 6EY","AL3  6EY","AL3 6EY","198001","","E10000015","E58000665","E07000240","E05013947","E43000290","0","514533","0209052","1","E18000006","E40000007","E92000001","E12000006","5","E14001507","E15000006","E24000005","E30000237","E16000150","E07000240","26UGFY","E00120218","26UGFY","E65000001","E01023671","E02004932","5","1C3","E00120218","E01023671","E02004932","E33027434","E38000079","E63011552","C1","4A1",51.768439,-0.341599,"E37000048","","E23000027",18292,"E56000035","E54000025","E00120218","E01023671","E02004932"
"AL3 6EZ","AL3  6EZ","AL3 6EZ","198001","","E10000015","E58000665","E07000240","E05013947","E43000290","0","514432","0208907","1","E18000006","E40000007","E92000001","E12000006","5","E14001507","E15000006","E24000005","E30000237","E16000150","E07000240","26UGFY","E00120219","26UGFY","E65000001","E01023672","E02004932","5","1C3","E00120219","E01023672","E02004932","E33027433","E38000079","E63011552","C1","8D2",51.767156,-0.343110,"E37000048","","E23000027",24416,"E56000035","E54000025","E00120219","E01023672","E02004932"
"AL3 6GY","AL3  6GY","AL3 6GY","200610","","E10000015","E58000665","E07000240","E05013947","E43000290","0","514823","0209198","1","E18000006","E40000007","E92000001","E12000006","5","E14001507","E15000006","E24000005","E30000237","E16000150","E07000240","26UGFY","E00120217","26UGFY","E65000001","E01023672","E02004932","5","1C3","E00120217","E01023672","E02004932","E33027434","E38000079","E63011552","C1","4A1",51.769698,-0.337326,"E37000048","","E23000027",24416,"E56000035","E54000025","E00120217","E01023672","E02004932"
"AL3 6GZ","AL3  6GZ","AL3 6GZ","199708","200009","E10000015","E58000665","E07000240","E05013947","E43000290","1","514400","0208800","8","E18000006","E40000007","E92000001","E12000006","5","E14001507","E15000006","E24000005","E30000237","E16000150","E07000240","26UGFY","E00120221","26UGFY","E65000001","E01023672","E02004932","5","6D1","E00120221","E01023672","E02004932","E33027433","E38000079","","C1","5B3",51.766201,-0.343608,"E37000048","","E23000027",24416,"E56000035","E54000025","E00120221","E01023672","E02004932"
"AL3 6HA","AL3  6HA","AL3 6HA","198001","","E10000015","E58000665","E07000240","E05013947","E43000290","0","514464","0208798","1","E18000006","E40000007","E92000001","E12000006","5","E14001507","E15000006","E24000005","E30000237","E16000150","E07000240","26UGFY","E00120219","26UGFY","E65000001","E01023672","E02004932","5","1C3","E00120219","E01023672","E02004932","E33027433","E38000079","E63011552","C1","8D2",51.766170,-0.342682,"E37000048","","E23000027",24416,"E56000035","E54000025","E00120219","E01023672","E02004932"
"AL3 6HB","AL3  6HB","AL3 6HB","198001","","E10000015","E58000665","E07000240","E05013947","E43000290","0","514445","0208730","1","E18000006","E40000007","E92000001","E12000006","5","E14001507","E15000006","E24000005","E30000237","E16000150","E07000240","26UGFY","E00120221","26UGFY","E65000001","E01023672","E02004932","5","6D1","E00120221","E01023672","E02004932","E33027433","E38000079","E63011552","C1","5B3",51.765563,-0.342980,"E37000048","","E23000027",24416,"E56000035","E54000025","E00120221","E01023672","E02004932"
"AL3 6HD","AL3  6HD","AL3 6HD","198001","","E10000015","E58000665","E07000240","E05013947","E43000290","0","514392","0208926","1","E18000006","E40000007","E92000001","E12000006","5","E14001507","E15000006","E24000005","E30000237","E16000150","E07000240","26UGFY","E00120219","26UGFY","E65000001","E01023672","E02004932","5","1C3","E00120219","E01023672","E02004932","E33027433","E38000079","E63011552","C1","8D2",51.767335,-0.343683,"E37000048","","E23000027",24416,"E56000035","E54000025","E00120219","E01023672","E02004932"
"AL3 6HE","AL3  6HE","AL3 6HE","198001","","E10000015","E58000665","E07000240","E05013947","E43000290","0","514506","0209102","1","E18000006","E40000007","E92000001","E12000006","5","E14001507","E15000006","E24000005","E30000237","E16000150","E07000240","26UGFY","E00120218","26UGFY","E65000001","E01023671","E02004932","5","1C3","E00120218","E01023671","E02004932","E33027434","E38000079","E63011552","C1","4A1",51.768894,-0.341974,"E37000048","","E23000027",18292,"E56000035","E54000025","E00120218","E01023671","E02004932"
"AL3 6HF","AL3  6HF","AL3 6HF","198001","","E10000015","E58000665","E07000240","E05013947","E43000290","0","514705","0209080","1","E18000006","E40000007","E92000001","E12000006","5","E14001507","E15000006","E24000005","E30000237","E16000150","E07000240","26UGFY","E00120218","26UGFY","E65000001","E01023671","E02004932","5","1C3","E00120218","E01023671","E02004932","E33027434","E38000079","E63011552","C1","4A1",51.768655,-0.339098,"E37000048","","E23000027",18292,"E56000035","E54000025","E00120218","E01023671","E02004932"
"AL3 6HG","AL3  6HG","AL3 6HG","198001","","E10000015","E58000665","E07000240","E05013947","E43000290","0","514858","0209175","1","E18000006","E40000007","E92000001","E12000006","5","E14001507","E15000006","E24000005","E30000237","E16000150","E07000240","26UGFY","E00120217","26UGFY","E65000001","E01023672","E02004932","5","1C3","E00120217","E01023672","E02004932","E33027434","E38000079","E63011552","C1","4A1",51.769478,-0.336851,"E37000048","","E23000027",24416,"E56000035","E54000025","E00120217","E01023672","E02004932"
"AL3 6HH","AL3  6HH","AL3 6HH","198001","","E10000015","E58000665","E07000240","E05013947","E43000290","0","514834","0209241","1","E18000006","E40000007","E92000001","E12000006","5","E14001507","E15000006","E24000005","E30000237","E16000150","E07000240","26UGFY","E00120214","26UGFY","E65000001","E01023671","E02004932","5","5B2","E00120214","E01023671","E02004932","E33027434","E38000079","E63011552","C1","4A1",51.770076,-0.337177,"E37000048","","E23000027",18292,"E56000035","E54000025","E00120214","E01023671","E02004932"
"AL3 6HJ","AL3  6HJ","AL3 6HJ","198001","","E10000015","E58000665","E07000240","E05013947","E43000290","0","514925","0209352","1","E18000006","E40000007","E92000001","E12000006","5","E14001507","E15000006","E24000005","E30000237","E16000150","E07000240","26UGFY","E00120214","26UGFY","E65000001","E01023671","E02004932","5","5B2","E00120214","E01023671","E02004932","E33027434","E38000079","E63011552","C1","4A1",51.771055,-0.335822,"E37000048","","E23000027",18292,"E56000035","E54000025","E00120214","E01023671","E02004932"
"AL3 6HL","AL3  6HL","AL3 6HL","198001","","E10000015","E58000665","E07000240","E05013947","E43000290","0","514795","0209362","1","E18000006","E40000007","E92000001","E12000006","5","E14001507","E15000006","E24000005","E30000237","E16000150","E07000240","26UGFY","E00120216","26UGFY","E65000001","E01023671","E02004932","5","5B3","E00120216","E01023671","E02004932","E33027434","E38000079","E63011552","C1","4A1",51.771171,-0.337702,"E37000048","","E23000027",18292,"E56000035","E54000025","E00120216","E01023671","E02004932"
"AL3 6HN","AL3  6HN","AL3 6HN","198001","","E10000015","E58000665","E07000240","E05013947","E43000290","0","514694","0209367","1","E18000006","E40000007","E92000001","E12000006","5","E14001507","E15000006","E24000005","E30000237","E16000150","E07000240","26UGFY","E00120216","26UGFY","E65000001","E01023671","E02004932","5","5B3","E00120216","E01023671","E02004932","E33027434","E38000079","E63011552","C1","4A1",51.771237,-0.339163,"E37000048","","E23000027",18292,"E56000035","E54000025","E00120216","E01023671","E02004932"
"AL3 6HP","AL3  6HP","AL3 6HP","198001","","E10000015","E58000665","E07000240","E05013947","E43000290","0","514769","0209516","1","E18000006","E40000007","E92000001","E12000006","5","E14001507","E15000006","E24000005","E30000237","E16000150","E07000240","26UGFY","E00120212","26UGFY","E65000001","E01023671","E02004932","5","6B2","E00120212","E01023671","E02004932","E33027434","E38000079","E63011552","C1","5B3",51.772561,-0.338027,"E37000048","","E23000027",18292,"E56000035","E54000025","E00120212","E01023671","E02004932"
"AL3 6HQ","AL3  6HQ","AL3 6HQ","198001","","E10000015","E58000665","E07000240","E05013947","E43000290","0","514962","0209213","1","E18000006","E40000007","E92000001","E12000006","5","E14001507","E15000006","E24000005","E30000237","E16000150","E07000240","26UGFY","E00120217","26UGFY","E65000001","E01023672","E02004932","5","1C3","E00120217","E01023672","E02004932","E33027434","E38000079","E63011552","C1","4A1",51.769798,-0.335332,"E37000048","","E23000027",24416,"E56000035","E54000025","E00120217","E01023672","E02004932"
"AL3 6HR","AL3  6HR","AL3 6HR","198001","","E10000015","E58000665","E07000240","E05013947","E43000290","0","514585","0209523","1","E18000006","E40000007","E92000001","E12000006","5","E14001507","E15000006","E24000005","E30000237","E16000150","E07000240","26UGFY","E00120212","26UGFY","E65000001","E01023671","E02004932","5","6B2","E00120212","E01023671","E02004932","E33027434","E38000079","E63011552","C1","5B3",51.772661,-0.340691,"E37000048","","E23000027",18292,"E56000035","E54000025","E00120212","E01023671","E02004932"
"AL3 6HS","AL3  6HS","AL3 6HS","198001","","E10000015","E58000665","E07000240","E05013947","E43000290","0","514866","0209524","1","E18000006","E40000007","E92000001","E12000006","5","E14001507","E15000006","E24000005","E30000237","E16000150","E07000240","26UGFY","E00120212","26UGFY","E65000001","E01023671","E02004932","5","6B2","E00120212","E01023671","E02004932","E33027434","E38000079","E63011552","C1","5B3",51.772613,-0.336619,"E37000048","","E23000027",18292,"E56000035","E54000025","E00120212","E01023671","E02004932"
"AL3 6HT","AL3  6HT","AL3 6HT","198301","","E10000015","E58000665","E07000240","E05013947","E43000290","0","514939","0209287","1","E18000006","E40000007","E92000001","E12000006","5","E14001507","E15000006","E24000005","E30000237","E16000150","E07000240","26UGFY","E00120214","26UGFY","E65000001","E01023671","E02004932","5","5B2","E00120214","E01023671","E02004932","E33027434","E38000079","E63011552","C1","4A1",51.770468,-0.335640,"E37000048","","E23000027",18292,"E56000035","E54000025","E00120214","E01023671","E02004932"
"AL3 6HU","AL3  6HU","AL3 6HU","199208","","E10000015","E58000665","E07000240","E05013948","E43000290","1","515563","0209408","1","E18000006","E40000007","E92000001","E12000006","5","E14001507","E15000006","E24000005","E30000237","E16000150","E07000240","26UGGJ","E00120420","26UGGJ","E65000001","E01023713","E02004930","5","4D2","E00120420","E01023713","E02004930","E33024315","E38000079","E63011552","C1","5B1",51.771427,-0.326561,"E37000048","","E23000027",28886,"E56000035","E54000025","E00120420","E01023713","E02004930"
"AL3 6HW","AL3  6HW","AL3 6HW","198001","","E10000015","E58000665","E07000240","E05013947","E43000290","0","514685","0209411","1","E18000006","E40000007","E92000001","E12000006","5","E14001507","E15000006","E24000005","E30000237","E16000150","E07000240","26UGFY","E00120216","26UGFY","E65000001","E01023671","E02004932","5","5B3","E00120216","E01023671","E02004932","E33027434","E38000079","E63011552","C1","4A1",51.771640,-0.339255,"E37000048","","E23000027",18292,"E56000035","E54000025","E00120216","E01023671","E02004932"
"AL3 6HX","AL3  6HX","AL3 6HX","199412","","E10000015","E58000665","E07000240","E05013948","E43000290","1","515589","0209524","1","E18000006","E40000007","E92000001","E12000006","5","E14001507","E15000006","E24000005","E30000237","E16000150","E07000240","26UGGJ","E00120420","26UGGJ","E65000001","E01023713","E02004930","5","4D2","E00120420","E01023713","E02004930","E33024315","E38000079","E63011552","C1","5B1",51.772464,-0.326146,"E37000048","","E23000027",28886,"E56000035","E54000025","E00120420","E01023713","E02004930"
"AL3 6HY","AL3  6HY","AL3 6HY","199612","200611","E10000015","E58000664","E07000240","E05013956","E43000290","1","517328","0206823","1","E18000006","E40000007","E92000001","E12000006","5","E14001507","E15000006","E24000005","E30000237","E16000150","E07000240","26UGFX","E00120196","26UGFX","E65000001","E01023667","E02004936","5","6D1","E00120196","E01023667","E02004936","E33027453","E38000079","E63011552","C1","5A2",51.747828,-0.301865,"E37000048","","E23000027",30628,"E56000035","E54000025","E00120196","E01023667","E02004936"
"AL3 6HZ","AL3  6HZ","AL3 6HZ","199612","200601","E10000015","E58000664","E07000240","E05013956","E43000290","1","517328","0206823","1","E18000006","E40000007","E92000001","E12000006","5","E14001507","E15000006","E24000005","E30000237","E16000150","E07000240","26UGFX","E00120196","26UGFX","E65000001","E01023667","E02004936","5","6D1","E00120196","E01023667","E02004936","E33027453","E38000079","E63011552","C1","5A2",51.747828,-0.301865,"E37000048","","E23000027",30628,"E56000035","E54000025","E00120196","E01023667","E02004936"
"AL3 6JA","AL3  6JA","AL3 6JA","199612","199912","E10000015","E58000665","E07000240","E05013947","E43000290","1","514703","0209232","6","E18000006","E40000007","E92000001","E12000006","5","E14001507","E15000006","E24000005","E30000237","E16000150","E07000240","26UGFY","E00120216","26UGFY","E65000001","E01023671","E02004932","5","5B3","E00120216","E01023671","E02004932","E33027434","E38000079","E63011552","C1","4A1",51.770022,-0.339077,"E37000048","","E23000027",18292,"E56000035","E54000025","E00120216","E01023671","E02004932"
"AL3 6JB","AL3  6JB","AL3 6JB","198001","","E10000015","E58000625","E07000240","E05013962","E04013286","0","516314","0210564","1","E18000006","E40000007","E92000001","E12000006","5","E14001268","E15000006","E24000005","E30000237","E16000150","E07000240","26UGGP","E00120526","26UGGP","E65000001","E01023736","E02004930","8","3C2","E00120526","E01023736","E02004930","E33027426","E38000079","","F1","1B2",51.781661,-0.315295,"E37000048","","E23000027",22903,"E56000035","E54000025","E00120526","E01023736","E02004930"
"AL3 6JD","AL3  6JD","AL3 6JD","199412","200408","E10000015","E58000664","E07000240","E05013956","E43000290","1","517328","0206823","1","E18000006","E40000007","E92000001","E12000006","5","E14001507","E15000006","E24000005","E30000237","E16000150","E07000240","26UGFX","E00120196","26UGFX","E65000001","E01023667","E02004936","5","6D1","E00120196","E01023667","E02004936","E33027453","E38000079","E63011552","C1","5A2",51.747828,-0.301865,"E37000048","","E23000027",30628,"E56000035","E54000025","E00120196","E01023667","E02004936"
"AL3 6JE","AL3  6JE","AL3 6JE","198001","","E10000015","E58000625","E07000240","E05013962","E04013286","0","515775","0210059","1","E18000006","E40000007","E92000001","E12000006","5","E14001268","E15000006","E24000005","E30000237","E16000150","E07000240","26UGGP","E00120526","26UGGP","E65000001","E01023736","E02004930","8","3C2","E00120526","E01023736","E02004930","E33027426","E38000079","","F1","1B2",51.777240,-0.323249,"E37000048","","E23000027",22903,"E56000035","E54000025","E00120526","E01023736","E02004930"
"AL3 6JF","AL3  6JF","AL3 6JF","198001","","E10000015","E58000625","E07000240","E05013962","E04013286","0","515317","0210567","1","E18000006","E40000007","E92000001","E12000006","5","E14001268","E15000006","E24000005","E30000237","E16000150","E07000240","26UGGP","E00120526","26UGGP","E65000001","E01023736","E02004930","8","3C2","E00120526","E01023736","E02004930","E33027426","E38000079","","F1","1B2",51.781894,-0.329740,"E37000048","","E23000027",22903,"E56000035","E54000025","E00120526","E01023736","E02004930"
"AL3 6JG","AL3  6JG","AL3 6JG","198001","","E10000015","E58000625","E07000240","E05013961","E04013287","0","514553","0210103","1","E18000006","E40000007","E92000001","E12000006","5","E14001268","E15000006","E24000005","E30000237","E16000150","E07000240","26UGGL","E00120474","26UGGL","E65000001","E01023722","E02004929","8","3C1","E00120474","E01023722","E02004929","E33027419","E38000079","","F1","1B2",51.777886,-0.340939,"E37000048","","E23000027",14574,"E56000035","E54000025","E00120474","E01023722","E02004929"
"AL3 6JH","AL3  6JH","AL3 6JH","198001","","E10000015","E58000625","E07000240","E05013961","E04013287","0","514419","0210690","1","E18000006","E40000007","E92000001","E12000006","5","E14001268","E15000006","E24000005","E30000237","E16000150","E07000240","26UGGL","E00120474","26UGGL","E65000001","E01023722","E02004929","8","3C1","E00120474","E01023722","E02004929","E33027419","E38000079","","F1","1B2",51.783183,-0.342711,"E37000048","","E23000027",14574,"E56000035","E54000025","E00120474","E01023722","E02004929"
"AL3 6JJ","AL3  6JJ","AL3 6JJ","198001","","E10000015","E58000625","E07000240","E05013961","E04013287","0","514111","0210764","1","E18000006","E40000007","E92000001","E12000006","5","E14001268","E15000006","E24000005","E30000237","E16000150","E07000240","26UGGL","E00120474","26UGGL","E65000001","E01023722","E02004929","8","3C1","E00120474","E01023722","E02004929","E33027419","E38000079","","F1","1B2",51.783917,-0.347126,"E37000048","","E23000027",14574,"E56000035","E54000025","E00120474","E01023722","E02004929"
"AL3 6JL","AL3  6JL","AL3 6JL","198001","","E10000015","E58000625","E07000240","E05013962","E04013289","0","514365","0211537","1","E18000006","E40000007","E92000001","E12000006","5","E14001268","E15000006","E24000005","E30000237","E16000150","E07000240","26UGGS","E00120585","26UGGS","E65000001","E01023749","E02004927","8","3C1","E00120585","E01023749","E02004927","E33027413","E38000079","","F1","5B3",51.790813,-0.343191,"E37000048","","E23000027",29648,"E56000035","E54000025","E00120585","E01023749","E02004927"
"AL3 6JN","AL3  6JN","AL3 6JN","198001","","E10000015","E58000626","E07000240","E05013954","E04013284","0","514063","0211708","1","E18000006","E40000007","E92000001","E12000006","5","E14001268","E15000006","E24000005","E30000237","E16000150","E07000240","26UGGE","E00120342","26UGGE","E65000001","E01023696","E02004928","5","4D1","E00120342","E01023696","E02004928","E33027418","E38000079","","C1","6A1",51.792405,-0.347535,"E37000048","","E23000027",30852,"E56000035","E54000025","E00120342","E01023696","E02004928"
"AL3 6JP","AL3  6JP","AL3 6JP","198001","","E10000015","E58000625","E07000240","E05013961","E04013287","0","514131","0211476","1","E18000006","E40000007","E92000001","E12000006","5","E14001268","E15000006","E24000005","E30000237","E16000150","E07000240","26UGGL","E00120474","26UGGL","E65000001","E01023722","E02004929","8","3C1","E00120474","E01023722","E02004929","E33027419","E38000079","","F1","1B2",51.790312,-0.346602,"E37000048","","E23000027",14574,"E56000035","E54000025","E00120474","E01023722","E02004929"
"AL3 6JQ","AL3  6JQ","AL3 6JQ","198001","","E10000015","E58000665","E07000240","E05013948","E43000290","0","514867","0210161","1","E18000006","E40000007","E92000001","E12000006","5","E14001507","E15000006","E24000005","E30000237","E16000150","E07000240","26UGGJ","E00120420","26UGGJ","E65000001","E01023713","E02004930","5","4D2","E00120420","E01023713","E02004930","E33024317","E38000079","","C1","5B1",51.778337,-0.336394,"E37000048","","E23000027",28886,"E56000035","E54000025","E00120420","E01023713","E02004930"
"AL3 6JR","AL3  6JR","AL3 6JR","198001","","E10000015","E58000625","E07000240","E05013961","E04013287","0","513540","0211115","1","E18000006","E40000007","E92000001","E12000006","5","E14001268","E15000006","E24000005","E30000237","E16000150","E07000240","26UGGL","E00120474","26UGGL","E65000001","E01023722","E02004929","8","3C1","E00120474","E01023722","E02004929","E33027419","E38000079","","F1","1B2",51.787182,-0.355309,"E37000048","","E23000027",14574,"E56000035","E54000025","E00120474","E01023722","E02004929"
"AL3 6JS","AL3  6JS","AL3 6JS","198001","","E10000015","E58000625","E07000240","E05013961","E04013287","0","513251","0210534","1","E18000006","E40000007","E92000001","E12000006","5","E14001268","E15000006","E24000005","E30000237","E16000150","E07000240","26UGGL","E00120474","26UGGL","E65000001","E01023722","E02004929","8","3C1","E00120474","E01023722","E02004929","E33027419","E38000079","","F1","1B2",51.782025,-0.359663,"E37000048","","E23000027",14574,"E56000035","E54000025","E00120474","E01023722","E02004929"
"AL3 6JT","AL3  6JT","AL3 6JT","198001","200402","E10000015","E58000625","E07000240","E05013961","E04013287","0","513890","0210233","1","E18000006","E40000007","E92000001","E12000006","5","E14001268","E15000006","E24000005","E30000237","E16000150","E07000240","26UGGL","E00120474","26UGGL","E65000001","E01023722","E02004929","8","3C1","E00120474","E01023722","E02004929","E33027419","E38000079","","F1","1B2",51.779184,-0.350526,"E37000048","","E23000027",14574,"E56000035","E54000025","E00120474","E01023722","E02004929"
"AL3 6JU","AL3  6JU","AL3 6JU","198001","","E10000015","E58000625","E07000240","E05013961","E04013287","0","514071","0210155","1","E18000006","E40000007","E92000001","E12000006","5","E14001268","E15000006","E24000005","E30000237","E16000150","E07000240","26UGGL","E00120474","26UGGL","E65000001","E01023722","E02004929","8","3C1","E00120474","E01023722","E02004929","E33027419","E38000079","","F1","1B2",51.778452,-0.347905,"E37000048","","E23000027",14574,"E56000035","E54000025","E00120474","E01023722","E02004929"
"AL3 6JW","AL3  6JW","AL3 6JW","198001","","E10000015","E58000625","E07000240","E05013961","E04013287","0","513804","0211326","1","E18000006","E40000007","E92000001","E12000006","5","E14001268","E15000006","E24000005","E30000237","E16000150","E07000240","26UGGL","E00120474","26UGGL","E65000001","E01023722","E02004929","8","3C1","E00120474","E01023722","E02004929","E33027419","E38000079","","F1","1B2",51.789024,-0.351414,"E37000048","","E23000027",14574,"E56000035","E54000025","E00120474","E01023722","E02004929"
"AL3 6JX","AL3  6JX","AL3 6JX","198001","","E10000015","E58000625","E07000240","E05013961","E04013287","0","513352","0209485","1","E18000006","E40000007","E92000001","E12000006","5","E14001268","E15000006","E24000005","E30000237","E16000150","E07000240","26UGGL","E00120474","26UGGL","E65000001","E01023722","E02004929","8","3C1","E00120474","E01023722","E02004929","E33027419","E38000079","","F1","1B2",51.772577,-0.358542,"E37000048","","E23000027",14574,"E56000035","E54000025","E00120474","E01023722","E02004929"
"AL3 6JY","AL3  6JY","AL3 6JY","198001","","E10000015","E58000625","E07000240","E05013961","E04013287","0","512793","0209064","1","E18000006","E40000007","E92000001","E12000006","5","E14001268","E15000006","E24000005","E30000237","E16000150","E07000240","26UGGL","E00120474","26UGGL","E65000001","E01023722","E02004929","8","3C1","E00120474","E01023722","E02004929","E33027419","E38000079","","F1","1B2",51.768906,-0.366777,"E37000048","","E23000027",14574,"E56000035","E54000025","E00120474","E01023722","E02004929"
"AL3 6JZ","AL3  6JZ","AL3 6JZ","198001","","E10000015","E58000625","E07000240","E05013961","E04013287","0","512927","0208380","1","E18000006","E40000007","E92000001","E12000006","5","E14001268","E15000006","E24000005","E30000237","E16000150","E07000240","26UGGL","E00120474","26UGGL","E65000001","E01023722","E02004929","8","3C1","E00120474","E01023722","E02004929","E33027419","E38000079","","F1","1B2",51.762731,-0.365058,"E37000048","","E23000027",14574,"E56000035","E54000025","E00120474","E01023722","E02004929"
"AL3 6LA","AL3  6LA","AL3 6LA","198001","","E10000015","E58000625","E07000240","E05013961","E04013287","0","512771","0208766","1","E18000006","E40000007","E92000001","E12000006","5","E14001268","E15000006","E24000005","E30000237","E16000150","E07000240","26UGGL","E00120474","26UGGL","E65000001","E01023722","E02004929","8","3C1","E00120474","E01023722","E02004929","E33027419","E38000079","","F1","1B2",51.766226,-0.367215,"E37000048","","E23000027",14574,"E56000035","E54000025","E00120474","E01023722","E02004929"
"AL3 6LB","AL3  6LB","AL3 6LB","198001","","E10000015","E58000625","E07000240","E05013961","E04013287","0","512602","0209087","1","E18000006","E40000007","E92000001","E12000006","5","E14001268","E15000006","E24000005","E30000237","E16000150","E07000240","26UGGL","E00120474","26UGGL","E65000001","E01023722","E02004929","8","3C1","E00120474","E01023722","E02004929","E33027419","E38000079","","F1","1B2",51.769145,-0.369559,"E37000048","","E23000027",14574,"E56000035","E54000025","E00120474","E01023722","E02004929"
"AL3 6LD","AL3  6LD","AL3 6LD","200901","","E10000015","E58000665","E07000240","E05013947","E43000290","0","514593","0209122","1","E18000006","E40000007","E92000001","E12000006","5","E14001507","E15000006","E24000005","E30000237","E16000150","E07000240","26UGFY","E00120218","26UGFY","E65000001","E01023671","E02004932","5","1C3","E00120218","E01023671","E02004932","E33027434","E38000079","E63011552","C1","4A1",51.769062,-0.340683,"E37000048","","E23000027",18292,"E56000035","E54000025","E00120218","E01023671","E02004932"
"AL3 6LE","AL3  6LE","AL3 6LE","200707","","E10000015","E58000665","E07000240","E05013948","E43000290","0","515865","0208923","1","E18000006","E40000007","E92000001","E12000006","5","E14001507","E15000006","E24000005","E30000237","E16000150","E07000240","26UGGJ","E00120416","26UGGJ","E65000001","E01023714","E02004933","5","4D2","E00120416","E01023714","E02004933","E33027436","E38000079","E63011552","C1","6A4",51.767006,-0.322348,"E37000048","","E23000027",32374,"E56000035","E54000025","E00120416","E01023714","E02004933"
"AL3 6LG","AL3  6LG","AL3 6LG","199101","","E10000015","E58000665","E07000240","E05013948","E43000290","0","515275","0209105","1","E18000006","E40000007","E92000001","E12000006","5","E14001507","E15000006","E24000005","E30000237","E16000150","E07000240","26UGGJ","E00120420","26UGGJ","E65000001","E01023713","E02004930","5","4D2","E00120420","E01023713","E02004930","E33024314","E38000079","E63011552","C1","5B1",51.768763,-0.330833,"E37000048","","E23000027",28886,"E56000035","E54000025","E00120420","E01023713","E02004930"
"AL3 6LH","AL3  6LH","AL3 6LH","199101","","E10000015","E58000665","E07000240","E05013948","E43000290","0","515394","0209205","1","E18000006","E40000007","E92000001","E12000006","5","E14001507","E15000006","E24000005","E30000237","E16000150","E07000240","26UGGJ","E00120420","26UGGJ","E65000001","E01023713","E02004930","5","4D2","E00120420","E01023713","E02004930","E33024314","E38000079","E63011552","C1","5B1",51.769637,-0.329076,"E37000048","","E23000027",28886,"E56000035","E54000025","E00120420","E01023713","E02004930"
"AL3 6LJ","AL3  6LJ","AL3 6LJ","198001","","E10000015","E58000665","E07000240","E05013948","E43000290","0","515467","0209175","1","E18000006","E40000007","E92000001","E12000006","5","E14001507","E15000006","E24000005","E30000237","E16000150","E07000240","26UGGJ","E00120422","26UGGJ","E65000001","E01023713","E02004930","5","6D1","E00120422","E01023713","E02004930","E33027427","E38000079","E63011552","C1","5A2",51.769353,-0.328029,"E37000048","","E23000027",28886,"E56000035","E54000025","E00120422","E01023713","E02004930"
"AL3 6LL","AL3  6LL","AL3 6LL","201905","","E10000015","E58000665","E07000240","E05013948","E43000290","0","515803","0208975","1","E18000006","E40000007","E92000001","E12000006","5","E14001507","E15000006","E24000005","E30000237","E16000150","E07000240","26UGGJ","E00120421","26UGGJ","E65000001","E01023713","E02004930","5","5B1","E00120421","E01023713","E02004930","E33027427","E38000079","E63011552","C1","7A2",51.767492,-0.323204,"E37000048","","E23000027",28886,"E56000035","E54000025","E00120421","E01023713","E02004930"
"AL3 6LN","AL3  6LN","AL3 6LN","198001","","E10000015","E58000665","E07000240","E05013948","E43000290","0","515828","0209019","1","E18000006","E40000007","E92000001","E12000006","5","E14001507","E15000006","E24000005","E30000237","E16000150","E07000240","26UGGJ","E00120421","26UGGJ","E65000001","E01023713","E02004930","5","5B1","E00120421","E01023713","E02004930","E33027427","E38000079","E63011552","C1","7A2",51.767882,-0.322828,"E37000048","","E23000027",28886,"E56000035","E54000025","E00120421","E01023713","E02004930"
"AL3 6LP","AL3  6LP","AL3 6LP","198001","","E10000015","E58000665","E07000240","E05013948","E43000290","0","515765","0209140","1","E18000006","E40000007","E92000001","E12000006","5","E14001507","E15000006","E24000005","E30000237","E16000150","E07000240","26UGGJ","E00120422","26UGGJ","E65000001","E01023713","E02004930","5","6D1","E00120422","E01023713","E02004930","E33027427","E38000079","E63011552","C1","5A2",51.768977,-0.323724,"E37000048","","E23000027",28886,"E56000035","E54000025","E00120422","E01023713","E02004930"
"AL3 6LQ","AL3  6LQ","AL3 6LQ","199109","","E10000015","E58000665","E07000240","E05013948","E43000290","0","515752","0209222","1","E18000006","E40000007","E92000001","E12000006","5","E14001507","E15000006","E24000005","E30000237","E16000150","E07000240","26UGGJ","E00120421","26UGGJ","E65000001","E01023713","E02004930","5","5B1","E00120421","E01023713","E02004930","E33027427","E38000079","E63011552","C1","7A2",51.769716,-0.323885,"E37000048","","E23000027",28886,"E56000035","E54000025","E00120421","E01023713","E02004930"
"AL3 6LR","AL3  6LR","AL3 6LR","198001","","E10000015","E58000665","E07000240","E05013948","E43000290","0","515775","0209049","1","E18000006","E40000007","E92000001","E12000006","5","E14001507","E15000006","E24000005","E30000237","E16000150","E07000240","26UGGJ","E00120422","26UGGJ","E65000001","E01023713","E02004930","5","6D1","E00120422","E01023713","E02004930","E33027427","E38000079","E63011552","C1","5A2",51.768163,-0.323585,"E37000048","","E23000027",28886,"E56000035","E54000025","E00120422","E01023713","E02004930"
"AL3 6LS","AL3  6LS","AL3 6LS","198001","","E10000015","E58000665","E07000240","E05013948","E43000290","0","515684","0209067","1","E18000006","E40000007","E92000001","E12000006","5","E14001507","E15000006","E24000005","E30000237","E16000150","E07000240","26UGGJ","E00120421","26UGGJ","E65000001","E01023713","E02004930","5","5B1","E00120421","E01023713","E02004930","E33027427","E38000079","E63011552","C1","7A2",51.768337,-0.324921,"E37000048","","E23000027",28886,"E56000035","E54000025","E00120421","E01023713","E02004930"
"AL3 6LT","AL3  6LT","AL3 6LT","198001","","E10000015","E58000665","E07000240","E05013948","E43000290","0","515738","0209098","1","E18000006","E40000007","E92000001","E12000006","5","E14001507","E15000006","E24000005","E30000237","E16000150","E07000240","26UGGJ","E00120422","26UGGJ","E65000001","E01023713","E02004930","5","6D1","E00120422","E01023713","E02004930","E33027427","E38000079","E63011552","C1","5A2",51.768605,-0.324129,"E37000048","","E23000027",28886,"E56000035","E54000025","E00120422","E01023713","E02004930"
"AL3 6LU","AL3  6LU","AL3 6LU","198001","","E10000015","E58000665","E07000240","E05013948","E43000290","0","515717","0209132","1","E18000006","E40000007","E92000001","E12000006","5","E14001507","E15000006","E24000005","E30000237","E16000150","E07000240","26UGGJ","E00120422","26UGGJ","E65000001","E01023713","E02004930","5","6D1","E00120422","E01023713","E02004930","E33027427","E38000079","E63011552","C1","5A2",51.768915,-0.324422,"E37000048","","E23000027",28886,"E56000035","E54000025","E00120422","E01023713","E02004930"
"AL3 6LW","AL3  6LW","AL3 6LW","198001","","E10000015","E58000665","E07000240","E05013948","E43000290","0","515818","0209120","1","E18000006","E40000007","E92000001","E12000006","5","E14001507","E15000006","E24000005","E30000237","E16000150","E07000240","26UGGJ","E00120421","26UGGJ","E65000001","E01023713","E02004930","5","5B1","E00120421","E01023713","E02004930","E33027427","E38000079","E63011552","C1","7A2",51.768786,-0.322963,"E37000048","","E23000027",28886,"E56000035","E54000025","E00120421","E01023713","E02004930"
"AL3 6LX","AL3  6LX","AL3 6LX","198001","","E10000015","E58000665","E07000240","E05013948","E43000290","0","515737","0209182","1","E18000006","E40000007","E92000001","E12000006","5","E14001507","E15000006","E24000005","E30000237","E16000150","E07000240","26UGGJ","E00120421","26UGGJ","E65000001","E01023713","E02004930","5","5B1","E00120421","E01023713","E02004930","E33027427","E38000079","E63011552","C1","7A2",51.769360,-0.324115,"E37000048","","E23000027",28886,"E56000035","E54000025","E00120421","E01023713","E02004930"
"AL3 6LY","AL3  6LY","AL3 6LY","198001","","E10000015","E58000665","E07000240","E05013948","E43000290","0","515680","0209162","1","E18000006","E40000007","E92000001","E12000006","5","E14001507","E15000006","E24000005","E30000237","E16000150","E07000240","26UGGJ","E00120422","26UGGJ","E65000001","E01023713","E02004930","5","6D1","E00120422","E01023713","E02004930","E33027427","E38000079","E63011552","C1","5A2",51.769192,-0.324948,"E37000048","","E23000027",28886,"E56000035","E54000025","E00120422","E01023713","E02004930"
"AL3 6LZ","AL3  6LZ","AL3 6LZ","198001","","E10000015","E58000665","E07000240","E05013948","E43000290","0","515590","0209036","1","E18000006","E40000007","E92000001","E12000006","5","E14001507","E15000006","E24000005","E30000237","E16000150","E07000240","26UGGJ","E00120422","26UGGJ","E65000001","E01023713","E02004930","5","6D1","E00120422","E01023713","E02004930","E33027427","E38000079","E63011552","C1","5A2",51.768078,-0.326293,"E37000048","","E23000027",28886,"E56000035","E54000025","E00120422","E01023713","E02004930"
"AL3 6NA","AL3  6NA","AL3 6NA","198001","","E10000015","E58000665","E07000240","E05013948","E43000290","0","515567","0209072","1","E18000006","E40000007","E92000001","E12000006","5","E14001507","E15000006","E24000005","E30000237","E16000150","E07000240","26UGGJ","E00120422","26UGGJ","E65000001","E01023713","E02004930","5","6D1","E00120422","E01023713","E02004930","E33027427","E38000079","E63011552","C1","5A2",51.768406,-0.326615,"E37000048","","E23000027",28886,"E56000035","E54000025","E00120422","E01023713","E02004930"
"AL3 6NB","AL3  6NB","AL3 6NB","198001","","E10000015","E58000665","E07000240","E05013948","E43000290","0","515592","0209138","1","E18000006","E40000007","E92000001","E12000006","5","E14001507","E15000006","E24000005","E30000237","E16000150","E07000240","26UGGJ","E00120422","26UGGJ","E65000001","E01023713","E02004930","5","6D1","E00120422","E01023713","E02004930","E33027427","E38000079","E63011552","C1","5A2",51.768994,-0.326231,"E37000048","","E23000027",28886,"E56000035","E54000025","E00120422","E01023713","E02004930"
"AL3 6ND","AL3  6ND","AL3 6ND","198001","199112","E10000015","E58000665","E07000240","E05013948","E43000290","0","515300","0209100","8","E18000006","E40000007","E92000001","E12000006","5","E14001507","E15000006","E24000005","E30000237","E16000150","E07000240","26UGGJ","E00120420","26UGGJ","E65000001","E01023713","E02004930","5","4D2","E00120420","E01023713","E02004930","E33024314","E38000079","E63011552","C1","5B1",51.768713,-0.330473,"E37000048","","E23000027",28886,"E56000035","E54000025","E00120420","E01023713","E02004930"
"AL3 6NE","AL3  6NE","AL3 6NE","201010","201509","E10000015","E58000664","E07000240","E05013956","E43000290","1","517328","0206823","1","E18000006","E40000007","E92000001","E12000006","5","E14001507","E15000006","E24000005","E30000237","E16000150","E07000240","26UGFX","E00120196","26UGFX","E65000001","E01023667","E02004936","5","6D1","E00120196","E01023667","E02004936","E33027453","E38000079","E63011552","C1","5A2",51.747828,-0.301865,"E37000048","","E23000027",30628,"E56000035","E54000025","E00120196","E01023667","E02004936"
"AL3 6NF","AL3  6NF","AL3 6NF","199208","199405","E10000015","E58000665","E07000240","E05013948","E43000290","1","515500","0209400","8","E18000006","E40000007","E92000001","E12000006","5","E14001507","E15000006","E24000005","E30000237","E16000150","E07000240","26UGGJ","E00120420","26UGGJ","E65000001","E01023713","E02004930","5","4D2","E00120420","E01023713","E02004930","E33024315","E38000079","E63011552","C1","5B1",51.771368,-0.327476,"E37000048","","E23000027",28886,"E56000035","E54000025","E00120420","E01023713","E02004930"
"AL3 6NG","AL3  6NG","AL3 6NG","200106","201010","E10000015","E58000664","E07000240","E05013956","E43000290","1","517328","0206823","1","E18000006","E40000007","E92000001","E12000006","5","E14001507","E15000006","E24000005","E30000237","E16000150","E07000240","26UGFX","E00120196","26UGFX","E65000001","E01023667","E02004936","5","6D1","E00120196","E01023667","E02004936","E33027453","E38000079","E63011552","C1","5A2",51.747828,-0.301865,"E37000048","","E23000027",30628,"E56000035","E54000025","E00120196","E01023667","E02004936"
"AL3 6NH","AL3  6NH","AL3 6NH","198607","","E10000015","E58000665","E07000240","E05013947","E43000290","0","515004","0209324","1","E18000006","E40000007","E92000001","E12000006","5","E14001507","E15000006","E24000005","E30000237","E16000150","E07000240","26UGFY","E00120214","26UGFY","E65000001","E01023671","E02004932","5","5B2","E00120214","E01023671","E02004932","E33027434","E38000079","E63011552","C1","4A1",51.770793,-0.334663,"E37000048","","E23000027",18292,"E56000035","E54000025","E00120214","E01023671","E02004932"
"AL3 6NJ","AL3  6NJ","AL3 6NJ","198001","199712","E10000015","E58000665","E07000240","E05013948","E43000290","1","515584","0209454","8","E18000006","E40000007","E92000001","E12000006","5","E14001507","E15000006","E24000005","E30000237","E16000150","E07000240","26UGGJ","E00120420","26UGGJ","E65000001","E01023713","E02004930","5","4D2","E00120420","E01023713","E02004930","E33024315","E38000079","E63011552","C1","5B1",51.771836,-0.326241,"E37000048","","E23000027",28886,"E56000035","E54000025","E00120420","E01023713","E02004930"
"AL3 6NL","AL3  6NL","AL3 6NL","199201","202310","E10000015","E58000665","E07000240","E05013947","E43000290","0","514424","0209243","1","E18000006","E40000007","E92000001","E12000006","5","E14001507","E15000006","E24000005","E30000237","E16000150","E07000240","26UGFY","E00120218","26UGFY","E65000001","E01023671","E02004932","5","1C3","E00120218","E01023671","E02004932","E33027434","E38000079","E63011552","C1","4A1",51.770178,-0.343115,"E37000048","","E23000027",18292,"E56000035","E54000025","E00120218","E01023671","E02004932"
"AL3 6NN","AL3  6NN","AL3 6NN","198307","199812","E10000015","E58000665","E07000240","E05013948","E43000290","1","515588","0209452","3","E18000006","E40000007","E92000001","E12000006","5","E14001507","E15000006","E24000005","E30000237","E16000150","E07000240","26UGGJ","E00120420","26UGGJ","E65000001","E01023713","E02004930","5","4D2","E00120420","E01023713","E02004930","E33024315","E38000079","E63011552","C1","5B1",51.771817,-0.326184,"E37000048","","E23000027",28886,"E56000035","E54000025","E00120420","E01023713","E02004930"
"AL3 6NP","AL3  6NP","AL3 6NP","198604","","E10000015","E58000665","E07000240","E05013947","E43000290","0","515028","0209197","1","E18000006","E40000007","E92000001","E12000006","5","E14001507","E15000006","E24000005","E30000237","E16000150","E07000240","26UGFY","E00120214","26UGFY","E65000001","E01023671","E02004932","5","5B2","E00120214","E01023671","E02004932","E33027434","E38000079","E63011552","C1","4A1",51.769641,-0.334381,"E37000048","","E23000027",18292,"E56000035","E54000025","E00120214","E01023671","E02004932"
"AL3 6NQ","AL3  6NQ","AL3 6NQ","198504","","E10000015","E58000665","E07000240","E05013948","E43000290","1","515467","0209421","1","E18000006","E40000007","E92000001","E12000006","5","E14001507","E15000006","E24000005","E30000237","E16000150","E07000240","26UGGJ","E00120420","26UGGJ","E65000001","E01023713","E02004930","5","4D2","E00120420","E01023713","E02004930","E33024315","E38000079","E63011552","C1","5B1",51.771563,-0.327947,"E37000048","","E23000027",28886,"E56000035","E54000025","E00120420","E01023713","E02004930"
"AL3 6NR","AL3  6NR","AL3 6NR","199007","","E10000015","E58000665","E07000240","E05013948","E43000290","0","515578","0209276","1","E18000006","E40000007","E92000001","E12000006","5","E14001507","E15000006","E24000005","E30000237","E16000150","E07000240","26UGGJ","E00120420","26UGGJ","E65000001","E01023713","E02004930","5","4D2","E00120420","E01023713","E02004930","E33024316","E38000079","E63011552","C1","5B1",51.770243,-0.326363,"E37000048","","E23000027",28886,"E56000035","E54000025","E00120420","E01023713","E02004930"
"AL3 6NS","AL3  6NS","AL3 6NS","198001","199912","E10000015","E58000665","E07000240","E05013948","E43000290","1","515767","0209530","1","E18000006","E40000007","E92000001","E12000006","5","E14001507","E15000006","E24000005","E30000237","E16000150","E07000240","26UGGJ","E00120420","26UGGJ","E65000001","E01023713","E02004930","5","4D2","E00120420","E01023713","E02004930","E33024316","E38000079","E63011552","C1","5B1",51.772481,-0.323565,"E37000048","","E23000027",28886,"E56000035","E54000025","E00120420","E01023713","E02004930"
"AL3 6NT","AL3  6NT","AL3 6NT","199208","199405","E10000015","E58000665","E07000240","E05013948","E43000290","1","515700","0209500","8","E18000006","E40000007","E92000001","E12000006","5","E14001507","E15000006","E24000005","E30000237","E16000150","E07000240","26UGGJ","E00120420","26UGGJ","E65000001","E01023713","E02004930","5","4D2","E00120420","E01023713","E02004930","E33024316","E38000079","E63011552","C1","5B1",51.772225,-0.324546,"E37000048","","E23000027",28886,"E56000035","E54000025","E00120420","E01023713","E02004930"
"AL3 6NU","AL3  6NU","AL3 6NU","198001","201301","E10000015","E58000665","E07000240","E05013948","E43000290","1","515737","0209482","1","E18000006","E40000007","E92000001","E12000006","5","E14001507","E15000006","E24000005","E30000237","E16000150","E07000240","26UGGJ","E00120420","26UGGJ","E65000001","E01023713","E02004930","5","4D2","E00120420","E01023713","E02004930","E33024316","E38000079","E63011552","C1","5B1",51.772056,-0.324016,"E37000048","","E23000027",28886,"E56000035","E54000025","E00120420","E01023713","E02004930"
"AL3 6NW","AL3  6NW","AL3 6NW","199806","","E10000015","E58000665","E07000240","E05013948","E43000290","1","515716","0209539","1","E18000006","E40000007","E92000001","E12000006","5","E14001507","E15000006","E24000005","E30000237","E16000150","E07000240","26UGGJ","E00120420","26UGGJ","E65000001","E01023713","E02004930","5","4D2","E00120420","E01023713","E02004930","E33024316","E38000079","E63011552","C1","5B1",51.772573,-0.324301,"E37000048","","E23000027",28886,"E56000035","E54000025","E00120420","E01023713","E02004930"
"AL3 6NX","AL3  6NX","AL3 6NX","198402","","E10000015","E58000665","E07000240","E05013948","E43000290","1","515768","0209386","1","E18000006","E40000007","E92000001","E12000006","5","E14001507","E15000006","E24000005","E30000237","E16000150","E07000240","26UGGJ","E00120421","26UGGJ","E65000001","E01023713","E02004930","5","5B1","E00120421","E01023713","E02004930","E33027427","E38000079","E63011552","C1","7A2",51.771187,-0.323599,"E37000048","","E23000027",28886,"E56000035","E54000025","E00120421","E01023713","E02004930"
"AL3 6NY","AL3  6NY","AL3 6NY","198001","200101","E10000015","E58000665","E07000240","E05013948","E43000290","1","515641","0209405","1","E18000006","E40000007","E92000001","E12000006","5","E14001507","E15000006","E24000005","E30000237","E16000150","E07000240","26UGGJ","E00120420","26UGGJ","E65000001","E01023713","E02004930","5","4D2","E00120420","E01023713","E02004930","E33024316","E38000079","E63011552","C1","5B1",51.771384,-0.325432,"E37000048","","E23000027",28886,"E56000035","E54000025","E00120420","E01023713","E02004930"
"AL3 6NZ","AL3  6NZ","AL3 6NZ","198604","","E10000015","E58000665","E07000240","E05013947","E43000290","0","514995","0209234","1","E18000006","E40000007","E92000001","E12000006","5","E14001507","E15000006","E24000005","E30000237","E16000150","E07000240","26UGFY","E00120214","26UGFY","E65000001","E01023671","E02004932","5","5B2","E00120214","E01023671","E02004932","E33027434","E38000079","E63011552","C1","4A1",51.769980,-0.334847,"E37000048","","E23000027",18292,"E56000035","E54000025","E00120214","E01023671","E02004932"
"AL3 6PA","AL3  6PA","AL3 6PA","200407","","E10000015","E58000665","E07000240","E05013948","E43000290","0","515658","0209414","1","E18000006","E40000007","E92000001","E12000006","5","E14001507","E15000006","E24000005","E30000237","E16000150","E07000240","26UGGJ","E00120420","26UGGJ","E65000001","E01023713","E02004930","5","4D2","E00120420","E01023713","E02004930","E33024316","E38000079","E63011552","C1","5B1",51.771467,-0.325159,"E37000048","","E23000027",28886,"E56000035","E54000025","E00120420","E01023713","E02004930"
"AL3 6PB","AL3  6PB","AL3 6PB","198001","200702","E10000015","E58000665","E07000240","E05013948","E43000290","0","515646","0209491","1","E18000006","E40000007","E92000001","E12000006","5","E14001507","E15000006","E24000005","E30000237","E16000150","E07000240","26UGGJ","E00120420","26UGGJ","E65000001","E01023713","E02004930","5","4D2","E00120420","E01023713","E02004930","E33024315","E38000079","E63011552","C1","5B1",51.772156,-0.325331,"E37000048","","E23000027",28886,"E56000035","E54000025","E00120420","E01023713","E02004930"
"AL3 6PD","AL3  6PD","AL3 6PD","200206","","E10000015","E58000665","E07000240","E05013948","E43000290","0","515452","0209357","1","E18000006","E40000007","E92000001","E12000006","5","E14001507","E15000006","E24000005","E30000237","E16000150","E07000240","26UGGJ","E00120420","26UGGJ","E65000001","E01023713","E02004930","5","4D2","E00120420","E01023713","E02004930","E33024314","E38000079","E63011552","C1","5B1",51.770997,-0.328162,"E37000048","","E23000027",28886,"E56000035","E54000025","E00120420","E01023713","E02004930"
"AL3 6PE","AL3  6PE","AL3 6PE","198001","","E10000015","E58000665","E07000240","E05013948","E43000290","0","515542","0209429","1","E18000006","E40000007","E92000001","E12000006","5","E14001507","E15000006","E24000005","E30000237","E16000150","E07000240","26UGGJ","E00120420","26UGGJ","E65000001","E01023713","E02004930","5","4D2","E00120420","E01023713","E02004930","E33024315","E38000079","E63011552","C1","5B1",51.771620,-0.326858,"E37000048","","E23000027",28886,"E56000035","E54000025","E00120420","E01023713","E02004930"
"AL3 6PF","AL3  6PF","AL3 6PF","198001","","E10000015","E58000665","E07000240","E05013948","E43000290","0","515610","0209295","1","E18000006","E40000007","E92000001","E12000006","5","E14001507","E15000006","E24000005","E30000237","E16000150","E07000240","26UGGJ","E00120421","26UGGJ","E65000001","E01023713","E02004930","5","5B1","E00120421","E01023713","E02004930","E33027427","E38000079","E63011552","C1","7A2",51.770407,-0.325894,"E37000048","","E23000027",28886,"E56000035","E54000025","E00120421","E01023713","E02004930"
"AL3 6PG","AL3  6PG","AL3 6PG","198001","","E10000015","E58000665","E07000240","E05013948","E43000290","1","515632","0209317","1","E18000006","E40000007","E92000001","E12000006","5","E14001507","E15000006","E24000005","E30000237","E16000150","E07000240","26UGGJ","E00120421","26UGGJ","E65000001","E01023713","E02004930","5","5B1","E00120421","E01023713","E02004930","E33027427","E38000079","E63011552","C1","7A2",51.770595,-0.325592,"E37000048","","E23000027",28886,"E56000035","E54000025","E00120421","E01023713","E02004930"
"AL3 6PH","AL3  6PH","AL3 6PH","199101","","E10000015","E58000665","E07000240","E05013948","E43000290","0","515762","0209653","1","E18000006","E40000007","E92000001","E12000006","5","E14001507","E15000006","E24000005","E30000237","E16000150","E07000240","26UGGJ","E00120420","26UGGJ","E65000001","E01023713","E02004930","5","4D2","E00120420","E01023713","E02004930","E33024317","E38000079","E63011552","C1","5B1",51.773594,-0.323573,"E37000048","","E23000027",28886,"E56000035","E54000025","E00120420","E01023713","E02004930"
"AL3 6PJ","AL3  6PJ","AL3 6PJ","200302","201502","E10000015","E58000665","E07000240","E05013948","E43000290","1","515749","0209660","1","E18000006","E40000007","E92000001","E12000006","5","E14001507","E15000006","E24000005","E30000237","E16000150","E07000240","26UGGJ","E00120420","26UGGJ","E65000001","E01023713","E02004930","5","4D2","E00120420","E01023713","E02004930","E33024317","E38000079","E63011552","C1","5B1",51.773653,-0.323783,"E37000048","","E23000027",28886,"E56000035","E54000025","E00120420","E01023713","E02004930"
"AL3 6PL","AL3  6PL","AL3 6PL","199308","199501","E10000015","E58000665","E07000240","E05013948","E43000290","1","515600","0209500","8","E18000006","E40000007","E92000001","E12000006","5","E14001507","E15000006","E24000005","E30000237","E16000150","E07000240","26UGGJ","E00120420","26UGGJ","E65000001","E01023713","E02004930","5","4D2","E00120420","E01023713","E02004930","E33024315","E38000079","E63011552","C1","5B1",51.772246,-0.325994,"E37000048","","E23000027",28886,"E56000035","E54000025","E00120420","E01023713","E02004930"
"AL3 6PN","AL3  6PN","AL3 6PN","199501","199612","E10000015","E58000665","E07000240","E05013948","E43000290","1","515600","0209500","8","E18000006","E40000007","E92000001","E12000006","5","E14001507","E15000006","E24000005","E30000237","E16000150","E07000240","26UGGJ","E00120420","26UGGJ","E65000001","E01023713","E02004930","5","4D2","E00120420","E01023713","E02004930","E33024315","E38000079","E63011552","C1","5B1",51.772246,-0.325994,"E37000048","","E23000027",28886,"E56000035","E54000025","E00120420","E01023713","E02004930"
"AL3 6PP","AL3  6PP","AL3 6PP","200001","200009","E10000015","E58000665","E07000240","E05013948","E43000290","1","515534","0209377","1","E18000006","E40000007","E92000001","E12000006","5","E14001507","E15000006","E24000005","E30000237","E16000150","E07000240","26UGGJ","E00120420","26UGGJ","E65000001","E01023713","E02004930","5","4D2","E00120420","E01023713","E02004930","E33024315","E38000079","E63011552","C1","5B1",51.771154,-0.326991,"E37000048","","E23000027",28886,"E56000035","E54000025","E00120420","E01023713","E02004930"
"AL3 6PQ","AL3  6PQ","AL3 6PQ","198001","","E10000015","E58000665","E07000240","E05013948","E43000290","0","515567","0209339","1","E18000006","E40000007","E92000001","E12000006","5","E14001507","E15000006","E24000005","E30000237","E16000150","E07000240","26UGGJ","E00120420","26UGGJ","E65000001","E01023713","E02004930","5","4D2","E00120420","E01023713","E02004930","E33024316","E38000079","E63011552","C1","5B1",51.770806,-0.326526,"E37000048","","E23000027",28886,"E56000035","E54000025","E00120420","E01023713","E02004930"
"AL3 6PR","AL3  6PR","AL3 6PR","199507","200009","E10000015","E58000665","E07000240","E05013947","E43000290","1","514703","0209232","6","E18000006","E40000007","E92000001","E12000006","5","E14001507","E15000006","E24000005","E30000237","E16000150","E07000240","26UGFY","E00120216","26UGFY","E65000001","E01023671","E02004932","5","5B3","E00120216","E01023671","E02004932","E33027434","E38000079","E63011552","C1","4A1",51.770022,-0.339077,"E37000048","","E23000027",18292,"E56000035","E54000025","E00120216","E01023671","E02004932"
"AL3 6PS","AL3  6PS","AL3 6PS","199512","199612","E10000015","E58000665","E07000240","E05013948","E43000290","1","515600","0209500","8","E18000006","E40000007","E92000001","E12000006","5","E14001507","E15000006","E24000005","E30000237","E16000150","E07000240","26UGGJ","E00120420","26UGGJ","E65000001","E01023713","E02004930","5","4D2","E00120420","E01023713","E02004930","E33024315","E38000079","E63011552","C1","5B1",51.772246,-0.325994,"E37000048","","E23000027",28886,"E56000035","E54000025","E00120420","E01023713","E02004930"
"AL3 6PT","AL3  6PT","AL3 6PT","200106","200702","E10000015","E58000665","E07000240","E05013948","E43000290","1","515587","0209368","1","E18000006","E40000007","E92000001","E12000006","5","E14001507","E15000006","E24000005","E30000237","E16000150","E07000240","26UGGJ","E00120420","26UGGJ","E65000001","E01023713","E02004930","5","4D2","E00120420","E01023713","E02004930","E33024316","E38000079","E63011552","C1","5B1",51.771062,-0.326226,"E37000048","","E23000027",28886,"E56000035","E54000025","E00120420","E01023713","E02004930"
"AL3 6PW","AL3  6PW","AL3 6PW","199507","199806","E10000015","E58000665","E07000240","E05013947","E43000290","1","514754","0209215","6","E18000006","E40000007","E92000001","E12000006","5","E14001507","E15000006","E24000005","E30000237","E16000150","E07000240","26UGFY","E00120214","26UGFY","E65000001","E01023671","E02004932","5","5B2","E00120214","E01023671","E02004932","E33027434","E38000079","E63011552","C1","4A1",51.769859,-0.338344,"E37000048","","E23000027",18292,"E56000035","E54000025","E00120214","E01023671","E02004932"
"AL3 6PX","AL3  6PX","AL3 6PX","200212","201106","E10000015","E58000665","E07000240","E05013948","E43000290","1","515749","0209660","1","E18000006","E40000007","E92000001","E12000006","5","E14001507","E15000006","E24000005","E30000237","E16000150","E07000240","26UGGJ","E00120420","26UGGJ","E65000001","E01023713","E02004930","5","4D2","E00120420","E01023713","E02004930","E33024317","E38000079","E63011552","C1","5B1",51.773653,-0.323783,"E37000048","","E23000027",28886,"E56000035","E54000025","E00120420","E01023713","E02004930"
"AL3 6PY","AL3  6PY","AL3 6PY","201607","","E10000015","E58000625","E07000240","E05013961","E04013287","0","512936","0208337","1","E18000006","E40000007","E92000001","E12000006","5","E14001268","E15000006","E24000005","E30000237","E16000150","E07000240","26UGGL","E00120474","26UGGL","E65000001","E01023722","E02004929","8","3C1","E00120474","E01023722","E02004929","E33027419","E38000079","","F1","1B2",51.762343,-0.364941,"E37000048","","E23000027",14574,"E56000035","E54000025","E00120474","E01023722","E02004929"
"AL3 6PZ","AL3  6PZ","AL3 6PZ","199712","","E10000015","E58000665","E07000240","E05013948","E43000290","1","515585","0209455","1","E18000006","E40000007","E92000001","E12000006","5","E14001507","E15000006","E24000005","E30000237","E16000150","E07000240","26UGGJ","E00120420","26UGGJ","E65000001","E01023713","E02004930","5","4D2","E00120420","E01023713","E02004930","E33024315","E38000079","E63011552","C1","5B1",51.771845,-0.326227,"E37000048","","E23000027",28886,"E56000035","E54000025","E00120420","E01023713","E02004930"
"AL3 6RA","AL3  6RA","AL3 6RA","198001","","E10000015","E58000625","E07000240","E05013962","E04013286","0","516959","0210528","1","E18000006","E40000007","E92000001","E12000006","5","E14001268","E15000006","E24000005","E30000237","E16000150","E07000240","26UGGP","E00120536","26UGGP","E65000001","E01023736","E02004930","5","3A2","E00120536","E01023736","E02004930","E33027425","E38000079","E63011508","C1","5B3",51.781203,-0.305961,"E37000048","","E23000027",22903,"E56000035","E54000025","E00120536","E01023736","E02004930"
"AL3 6RD","AL3  6RD","AL3 6RD","198001","","E10000015","E58000625","E07000240","E05013966","E04013287","0","512349","0209007","1","E18000006","E40000007","E92000001","E12000006","5","E14001268","E15000006","E24000005","E30000237","E16000150","E07000240","26UGGL","E00120474","26UGGL","E65000001","E01023722","E02004929","8","3C1","E00120474","E01023722","E02004929","E33027419","E38000079","","F1","1B2",51.768483,-0.373227,"E37000048","","E23000027",14574,"E56000035","E54000025","E00120474","E01023722","E02004929"
"AL3 6RE","AL3  6RE","AL3 6RE","198001","","E10000015","E58000625","E07000240","E05013961","E04004806","0","511519","0209029","1","E18000006","E40000007","E92000001","E12000006","5","E14001268","E15000006","E24000005","E30000237","E16000150","E07000240","26UGGL","E00120458","26UGGL","E65000001","E01023722","E02004929","8","3B1","E00120458","E01023722","E02004929","E33027419","E38000079","","F1","1C1",51.768846,-0.385243,"E37000048","","E23000027",14574,"E56000035","E54000025","E00120458","E01023722","E02004929"
"AL3 6RF","AL3  6RF","AL3 6RF","198001","","E10000015","E58000625","E07000240","E05013961","E04004806","0","511086","0208846","1","E18000006","E40000007","E92000001","E12000006","5","E14001268","E15000006","E24000005","E30000237","E16000150","E07000240","26UGGL","E00120458","26UGGL","E65000001","E01023722","E02004929","8","3B1","E00120458","E01023722","E02004929","E33027419","E38000079","","F1","1C1",51.767288,-0.391574,"E37000048","","E23000027",14574,"E56000035","E54000025","E00120458","E01023722","E02004929"
"AL3 6RG","AL3  6RG","AL3 6RG","198001","","E10000015","E58000625","E07000240","E05013961","E04004806","0","510509","0208470","1","E18000006","E40000007","E92000001","E12000006","5","E14001268","E15000006","E24000005","E30000237","E16000150","E07000240","26UGGL","E00120458","26UGGL","E65000001","E01023722","E02004929","8","3B1","E00120458","E01023722","E02004929","E33027419","E38000079","","F1","1C1",51.764023,-0.400051,"E37000048","","E23000027",14574,"E56000035","E54000025","E00120458","E01023722","E02004929"
"AL3 6RH","AL3  6RH","AL3 6RH","198001","","E10000015","E58000625","E07000240","E05013961","E04004806","0","509997","0209071","1","E18000006","E40000007","E92000001","E12000006","5","E14001268","E15000006","E24000005","E30000237","E16000150","E07000240","26UGGL","E00120458","26UGGL","E65000001","E01023722","E02004929","8","3B1","E00120458","E01023722","E02004929","E33027419","E38000079","","F1","1C1",51.769518,-0.407300,"E37000048","","E23000027",14574,"E56000035","E54000025","E00120458","E01023722","E02004929"
"AL3 6RJ","AL3  6RJ","AL3 6RJ","198001","","E10000015","E58000625","E07000240","E05013961","E04004806","0","510585","0209483","1","E18000006","E40000007","E92000001","E12000006","5","E14001268","E15000006","E24000005","E30000237","E16000150","E07000240","26UGGL","E00120458","26UGGL","E65000001","E01023722","E02004929","8","3B1","E00120458","E01023722","E02004929","E33027419","E38000079","","F1","1C1",51.773112,-0.398628,"E37000048","","E23000027",14574,"E56000035","E54000025","E00120458","E01023722","E02004929"
"AL3 6RL","AL3  6RL","AL3 6RL","198001","","E10000015","E58000625","E07000240","E05013961","E04004806","0","510558","0209994","1","E18000006","E40000007","E92000001","E12000006","5","E14001268","E15000006","E24000005","E30000237","E16000150","E07000240","26UGGL","E00120458","26UGGL","E65000001","E01023722","E02004929","8","3B1","E00120458","E01023722","E02004929","E33027419","E38000079","","F1","1C1",51.777710,-0.398857,"E37000048","","E23000027",14574,"E56000035","E54000025","E00120458","E01023722","E02004929"
"AL3 6RN","AL3  6RN","AL3 6RN","198001","","E10000015","E58000625","E07000240","E05013961","E04004806","0","511275","0210891","1","E18000006","E40000007","E92000001","E12000006","5","E14001268","E15000006","E24000005","E30000237","E16000150","E07000240","26UGGL","E00120458","26UGGL","E65000001","E01023722","E02004929","8","3B1","E00120458","E01023722","E02004929","E33027419","E38000079","","F1","1C1",51.785630,-0.388181,"E37000048","","E23000027",14574,"E56000035","E54000025","E00120458","E01023722","E02004929"
"AL3 6RP","AL3  6RP","AL3 6RP","198001","","E10000015","E58000625","E07000240","E05013961","E04004806","0","511821","0210197","1","E18000006","E40000007","E92000001","E12000006","5","E14001268","E15000006","E24000005","E30000237","E16000150","E07000240","26UGGL","E00120458","26UGGL","E65000001","E01023722","E02004929","8","3B1","E00120458","E01023722","E02004929","E33027419","E38000079","","F1","1C1",51.779284,-0.380492,"E37000048","","E23000027",14574,"E56000035","E54000025","E00120458","E01023722","E02004929"
"AL3 6RQ","AL3  6RQ","AL3 6RQ","198001","","E10000015","E58000625","E07000240","E05013961","E04004806","0","510422","0208745","1","E18000006","E40000007","E92000001","E12000006","5","E14001268","E15000006","E24000005","E30000237","E16000150","E07000240","26UGGL","E00120458","26UGGL","E65000001","E01023722","E02004929","8","3B1","E00120458","E01023722","E02004929","E33027419","E38000079","","F1","1C1",51.766505,-0.401247,"E37000048","","E23000027",14574,"E56000035","E54000025","E00120458","E01023722","E02004929"
"AL3 6RR","AL3  6RR","AL3 6RR","198001","","E10000015","E58000625","E07000240","E05013961","E04004806","0","511757","0209743","1","E18000006","E40000007","E92000001","E12000006","5","E14001268","E15000006","E24000005","E30000237","E16000150","E07000240","26UGGL","E00120458","26UGGL","E65000001","E01023722","E02004929","8","3B1","E00120458","E01023722","E02004929","E33027419","E38000079","","F1","1C1",51.775210,-0.381589,"E37000048","","E23000027",14574,"E56000035","E54000025","E00120458","E01023722","E02004929"
"AL3 6RS","AL3  6RS","AL3 6RS","198001","","E10000015","E58000625","E07000240","E05013961","E04004806","0","511967","0210777","1","E18000006","E40000007","E92000001","E12000006","5","E14001268","E15000006","E24000005","E30000237","E16000150","E07000240","26UGGL","E00120458","26UGGL","E65000001","E01023722","E02004929","8","3B1","E00120458","E01023722","E02004929","E33027419","E38000079","","F1","1C1",51.784467,-0.378190,"E37000048","","E23000027",14574,"E56000035","E54000025","E00120458","E01023722","E02004929"
"AL3 6RT","AL3  6RT","AL3 6RT","199101","","E10000015","E58000665","E07000240","E05013947","E43000290","0","514652","0208983","1","E18000006","E40000007","E92000001","E12000006","5","E14001507","E15000006","E24000005","E30000237","E16000150","E07000240","26UGFY","E00120219","26UGFY","E65000001","E01023672","E02004932","5","1C3","E00120219","E01023672","E02004932","E33027433","E38000079","E63011552","C1","8D2",51.767794,-0.339898,"E37000048","","E23000027",24416,"E56000035","E54000025","E00120219","E01023672","E02004932"
"AL3 6RW","AL3  6RW","AL3 6RW","198001","","E10000015","E58000625","E07000240","E05013961","E04004806","0","510505","0210435","1","E18000006","E40000007","E92000001","E12000006","5","E14001268","E15000006","E24000005","E30000237","E16000150","E07000240","26UGGL","E00120458","26UGGL","E65000001","E01023722","E02004929","8","3B1","E00120458","E01023722","E02004929","E33027419","E38000079","","F1","1C1",51.781677,-0.399508,"E37000048","","E23000027",14574,"E56000035","E54000025","E00120458","E01023722","E02004929"
"AL3 6SA","AL3  6SA","AL3 6SA","198803","199906","E10000015","E58000665","E07000240","E05013948","E43000290","0","515448","0209356","1","E18000006","E40000007","E92000001","E12000006","5","E14001507","E15000006","E24000005","E30000237","E16000150","E07000240","26UGGJ","E00120420","26UGGJ","E65000001","E01023713","E02004930","5","4D2","E00120420","E01023713","E02004930","E33024314","E38000079","E63011552","C1","5B1",51.770983,-0.328244,"E37000048","","E23000027",28886,"E56000035","E54000025","E00120420","E01023713","E02004930"
"AL3 6UQ","AL3  6UQ","AL3 6UQ","199208","199212","E10000015","E58000665","E07000240","E05013948","E43000290","1","515400","0209300","8","E18000006","E40000007","E92000001","E12000006","5","E14001507","E15000006","E24000005","E30000237","E16000150","E07000240","26UGGJ","E00120420","26UGGJ","E65000001","E01023713","E02004930","5","4D2","E00120420","E01023713","E02004930","E33024314","E38000079","E63011552","C1","5B1",51.770490,-0.328958,"E37000048","","E23000027",28886,"E56000035","E54000025","E00120420","E01023713","E02004930"
"AL3 6WA","AL3  6WA","AL3 6WA","200307","200602","E10000015","E58000664","E07000240","E05013956","E43000290","1","517328","0206823","1","E18000006","E40000007","E92000001","E12000006","5","E14001507","E15000006","E24000005","E30000237","E16000150","E07000240","26UGFX","E00120196","26UGFX","E65000001","E01023667","E02004936","5","6D1","E00120196","E01023667","E02004936","E33027453","E38000079","E63011552","C1","5A2",51.747828,-0.301865,"E37000048","","E23000027",30628,"E56000035","E54000025","E00120196","E01023667","E02004936"
"AL3 6WB","AL3  6WB","AL3 6WB","200206","200605","E10000015","E58000664","E07000240","E05013956","E43000290","1","517328","0206823","1","E18000006","E40000007","E92000001","E12000006","5","E14001507","E15000006","E24000005","E30000237","E16000150","E07000240","26UGFX","E00120196","26UGFX","E65000001","E01023667","E02004936","5","6D1","E00120196","E01023667","E02004936","E33027453","E38000079","E63011552","C1","5A2",51.747828,-0.301865,"E37000048","","E23000027",30628,"E56000035","E54000025","E00120196","E01023667","E02004936"
"AL3 6WD","AL3  6WD","AL3 6WD","200206","200307","E10000015","E58000664","E07000240","E05013956","E43000290","1","517328","0206823","5","E18000006","E40000007","E92000001","E12000006","5","E14001507","E15000006","E24000005","E30000237","E16000150","E07000240","26UGFX","E00120196","26UGFX","E65000001","E01023667","E02004936","5","6D1","E00120196","E01023667","E02004936","E33027453","E38000079","E63011552","C1","5A2",51.747828,-0.301865,"E37000048","","E23000027",30628,"E56000035","E54000025","E00120196","E01023667","E02004936"
"AL3 6WY","AL3  6WY","AL3 6WY","200411","200701","E10000015","E58000664","E07000240","E05013956","E43000290","1","517328","0206823","1","E18000006","E40000007","E92000001","E12000006","5","E14001507","E15000006","E24000005","E30000237","E16000150","E07000240","26UGFX","E00120196","26UGFX","E65000001","E01023667","E02004936","5","6D1","E00120196","E01023667","E02004936","E33027453","E38000079","E63011552","C1","5A2",51.747828,-0.301865,"E37000048","","E23000027",30628,"E56000035","E54000025","E00120196","E01023667","E02004936"
"AL3 6WZ","AL3  6WZ","AL3 6WZ","200602","200803","E10000015","E58000664","E07000240","E05013956","E43000290","1","517328","0206823","1","E18000006","E40000007","E92000001","E12000006","5","E14001507","E15000006","E24000005","E30000237","E16000150","E07000240","26UGFX","E00120196","26UGFX","E65000001","E01023667","E02004936","5","6D1","E00120196","E01023667","E02004936","E33027453","E38000079","E63011552","C1","5A2",51.747828,-0.301865,"E37000048","","E23000027",30628,"E56000035","E54000025","E00120196","E01023667","E02004936"
"AL3 6XQ","AL3  6XQ","AL3 6XQ","200401","200803","E10000015","E58000664","E07000240","E05013956","E43000290","1","517328","0206823","1","E18000006","E40000007","E92000001","E12000006","5","E14001507","E15000006","E24000005","E30000237","E16000150","E07000240","26UGFX","E00120196","26UGFX","E65000001","E01023667","E02004936","5","6D1","E00120196","E01023667","E02004936","E33027453","E38000079","E63011552","C1","5A2",51.747828,-0.301865,"E37000048","","E23000027",30628,"E56000035","E54000025","E00120196","E01023667","E02004936"
"AL3 6XT","AL3  6XT","AL3 6XT","198803","","E10000015","E58000665","E07000240","E05013948","E43000290","0","515627","0209571","1","E18000006","E40000007","E92000001","E12000006","5","E14001507","E15000006","E24000005","E30000237","E16000150","E07000240","26UGGJ","E00120420","26UGGJ","E65000001","E01023713","E02004930","5","4D2","E00120420","E01023713","E02004930","E33024315","E38000079","E63011552","C1","5B1",51.772885,-0.325556,"E37000048","","E23000027",28886,"E56000035","E54000025","E00120420","E01023713","E02004930"
"AL3 6XZ","AL3  6XZ","AL3 6XZ","199806","","E10000015","E58000665","E07000240","E05013948","E43000290","0","515805","0209518","1","E18000006","E40000007","E92000001","E12000006","5","E14001507","E15000006","E24000005","E30000237","E16000150","E07000240","26UGGJ","E00120421","26UGGJ","E65000001","E01023713","E02004930","5","5B1","E00120421","E01023713","E02004930","E33027427","E38000079","E63011552","C1","7A2",51.772371,-0.322995,"E37000048","","E23000027",28886,"E56000035","E54000025","E00120421","E01023713","E02004930"
"AL3 6ZD","AL3  6ZD","AL3 6ZD","199806","200502","E10000015","E58000664","E07000240","E05013956","E43000290","1","517328","0206823","1","E18000006","E40000007","E92000001","E12000006","5","E14001507","E15000006","E24000005","E30000237","E16000150","E07000240","26UGFX","E00120196","26UGFX","E65000001","E01023667","E02004936","5","6D1","E00120196","E01023667","E02004936","E33027453","E38000079","E63011552","C1","5A2",51.747828,-0.301865,"E37000048","","E23000027",30628,"E56000035","E54000025","E00120196","E01023667","E02004936"
"AL3 6ZE","AL3  6ZE","AL3 6ZE","199906","200006","E10000015","E58000665","E07000240","E05013947","E43000290","1","514703","0209232","6","E18000006","E40000007","E92000001","E12000006","5","E14001507","E15000006","E24000005","E30000237","E16000150","E07000240","26UGFY","E00120216","26UGFY","E65000001","E01023671","E02004932","5","5B3","E00120216","E01023671","E02004932","E33027434","E38000079","E63011552","C1","4A1",51.770022,-0.339077,"E37000048","","E23000027",18292,"E56000035","E54000025","E00120216","E01023671","E02004932"
"AL3 6ZF","AL3  6ZF","AL3 6ZF","199906","200101","E10000015","E58000665","E07000240","E05013947","E43000290","1","514703","0209232","6","E18000006","E40000007","E92000001","E12000006","5","E14001507","E15000006","E24000005","E30000237","E16000150","E07000240","26UGFY","E00120216","26UGFY","E65000001","E01023671","E02004932","5","5B3","E00120216","E01023671","E02004932","E33027434","E38000079","E63011552","C1","4A1",51.770022,-0.339077,"E37000048","","E23000027",18292,"E56000035","E54000025","E00120216","E01023671","E02004932"
"AL3 6ZG","AL3  6ZG","AL3 6ZG","199912","200305","E10000015","E58000664","E07000240","E05013956","E43000290","1","517328","0206823","1","E18000006","E40000007","E92000001","E12000006","5","E14001507","E15000006","E24000005","E30000237","E16000150","E07000240","26UGFX","E00120196","26UGFX","E65000001","E01023667","E02004936","5","6D1","E00120196","E01023667","E02004936","E33027453","E38000079","E63011552","C1","5A2",51.747828,-0.301865,"E37000048","","E23000027",30628,"E56000035","E54000025","E00120196","E01023667","E02004936"
"AL3 6ZH","AL3  6ZH","AL3 6ZH","200006","200212","E10000015","E58000664","E07000240","E05013956","E43000290","1","517328","0206823","1","E18000006","E40000007","E92000001","E12000006","5","E14001507","E15000006","E24000005","E30000237","E16000150","E07000240","26UGFX","E00120196","26UGFX","E65000001","E01023667","E02004936","5","6D1","E00120196","E01023667","E02004936","E33027453","E38000079","E63011552","C1","5A2",51.747828,-0.301865,"E37000048","","E23000027",30628,"E56000035","E54000025","E00120196","E01023667","E02004936"
"AL3 6ZJ","AL3  6ZJ","AL3 6ZJ","200308","200602","E10000015","E58000664","E07000240","E05013956","E43000290","1","517328","0206823","1","E18000006","E40000007","E92000001","E12000006","5","E14001507","E15000006","E24000005","E30000237","E16000150","E07000240","26UGFX","E00120196","26UGFX","E65000001","E01023667","E02004936","5","6D1","E00120196","E01023667","E02004936","E33027453","E38000079","E63011552","C1","5A2",51.747828,-0.301865,"E37000048","","E23000027",30628,"E56000035","E54000025","E00120196","E01023667","E02004936"
"AL3 6ZN","AL3  6ZN","AL3 6ZN","200209","202410","E10000015","E58000664","E07000240","E05013956","E43000290","1","517321","0206803","1","E18000006","E40000007","E92000001","E12000006","5","E14001507","E15000006","E24000005","E30000237","E16000150","E07000240","26UGFX","E00120196","26UGFX","E65000001","E01023667","E02004936","5","6D1","E00120196","E01023667","E02004936","E33027453","E38000079","E63011552","C1","5A2",51.747650,-0.301973,"E37000048","","E23000027",30628,"E56000035","E54000025","E00120196","E01023667","E02004936"
"AL3 6ZQ","AL3  6ZQ","AL3 6ZQ","200207","200309","E10000015","E58000664","E07000240","E05013956","E43000290","1","517328","0206823","5","E18000006","E40000007","E92000001","E12000006","5","E14001507","E15000006","E24000005","E30000237","E16000150","E07000240","26UGFX","E00120196","26UGFX","E65000001","E01023667","E02004936","5","6D1","E00120196","E01023667","E02004936","E33027453","E38000079","E63011552","C1","5A2",51.747828,-0.301865,"E37000048","","E23000027",30628,"E56000035","E54000025","E00120196","E01023667","E02004936"
"AL3 6ZR","AL3  6ZR","AL3 6ZR","200309","200610","E10000015","E58000664","E07000240","E05013956","E43000290","1","517328","0206823","1","E18000006","E40000007","E92000001","E12000006","5","E14001507","E15000006","E24000005","E30000237","E16000150","E07000240","26UGFX","E00120196","26UGFX","E65000001","E01023667","E02004936","5","6D1","E00120196","E01023667","E02004936","E33027453","E38000079","E63011552","C1","5A2",51.747828,-0.301865,"E37000048","","E23000027",30628,"E56000035","E54000025","E00120196","E01023667","E02004936"
"AL3 6ZU","AL3  6ZU","AL3 6ZU","200211","200901","E10000015","E58000664","E07000240","E05013956","E43000290","1","517328","0206823","1","E18000006","E40000007","E92000001","E12000006","5","E14001507","E15000006","E24000005","E30000237","E16000150","E07000240","26UGFX","E00120196","26UGFX","E65000001","E01023667","E02004936","5","6D1","E00120196","E01023667","E02004936","E33027453","E38000079","E63011552","C1","5A2",51.747828,-0.301865,"E37000048","","E23000027",30628,"E56000035","E54000025","E00120196","E01023667","E02004936"
"AL3 6ZW","AL3  6ZW","AL3 6ZW","200106","200207","E10000015","E58000664","E07000240","E05013956","E43000290","1","517328","0206823","1","E18000006","E40000007","E92000001","E12000006","5","E14001507","E15000006","E24000005","E30000237","E16000150","E07000240","26UGFX","E00120196","26UGFX","E65000001","E01023667","E02004936","5","6D1","E00120196","E01023667","E02004936","E33027453","E38000079","E63011552","C1","5A2",51.747828,-0.301865,"E37000048","","E23000027",30628,"E56000035","E54000025","E00120196","E01023667","E02004936"
"AL3 6ZX","AL3  6ZX","AL3 6ZX","200006","200107","E10000015","E58000665","E07000240","E05013947","E43000290","1","514703","0209232","6","E18000006","E40000007","E92000001","E12000006","5","E14001507","E15000006","E24000005","E30000237","E16000150","E07000240","26UGFY","E00120216","26UGFY","E65000001","E01023671","E02004932","5","5B3","E00120216","E01023671","E02004932","E33027434","E38000079","E63011552","C1","4A1",51.770022,-0.339077,"E37000048","","E23000027",18292,"E56000035","E54000025","E00120216","E01023671","E02004932"
"AL3 6ZY","AL3  6ZY","AL3 6ZY","200006","200203","E10000015","E58000664","E07000240","E05013956","E43000290","1","517328","0206823","1","E18000006","E40000007","E92000001","E12000006","5","E14001507","E15000006","E24000005","E30000237","E16000150","E07000240","26UGFX","E00120196","26UGFX","E65000001","E01023667","E02004936","5","6D1","E00120196","E01023667","E02004936","E33027453","E38000079","E63011552","C1","5A2",51.747828,-0.301865,"E37000048","","E23000027",30628,"E56000035","E54000025","E00120196","E01023667","E02004936"
"AL3 7AA","AL3  7AA","AL3 7AA","198001","","E10000015","E58000625","E07000240","E05013961","E04004806","0","511312","0211143","1","E18000006","E40000007","E92000001","E12000006","5","E14001268","E15000006","E24000005","E30000237","E16000150","E07000240","26UGGL","E00120458","26UGGL","E65000001","E01023722","E02004929","8","3B1","E00120458","E01023722","E02004929","E33027419","E38000079","","F1","1C1",51.787881,-0.387588,"E37000048","","E23000027",14574,"E56000035","E54000025","E00120458","E01023722","E02004929"
"AL3 7AB","AL3  7AB","AL3 7AB","198001","","E10000015","E58000625","E07000240","E05013961","E04004806","0","511195","0211428","1","E18000006","E40000007","E92000001","E12000006","5","E14001268","E15000006","E24000005","E30000237","E16000150","E07000240","26UGGL","E00120458","26UGGL","E65000001","E01023722","E02004929","8","3B1","E00120458","E01023722","E02004929","E33027419","E38000079","","F1","1C1",51.790465,-0.389192,"E37000048","","E23000027",14574,"E56000035","E54000025","E00120458","E01023722","E02004929"
"AL3 7AD","AL3  7AD","AL3 7AD","198001","","E10000015","E58000625","E07000240","E05013961","E04004806","0","511042","0211706","1","E18000006","E40000007","E92000001","E12000006","5","E14001268","E15000006","E24000005","E30000237","E16000150","E07000240","26UGGL","E00120458","26UGGL","E65000001","E01023722","E02004929","8","3B1","E00120458","E01023722","E02004929","E33027419","E38000079","","F1","1C1",51.793001,-0.391297,"E37000048","","E23000027",14574,"E56000035","E54000025","E00120458","E01023722","E02004929"
"AL3 7AE","AL3  7AE","AL3 7AE","198001","","E10000015","E58000625","E07000240","E05013961","E04004806","0","509983","0211041","1","E18000006","E40000007","E92000001","E12000006","5","E14001268","E15000006","E24000005","E30000237","E16000150","E07000240","26UGGL","E00120458","26UGGL","E65000001","E01023722","E02004929","8","3B1","E00120458","E01023722","E02004929","E33027419","E38000079","","F1","1C1",51.787233,-0.406856,"E37000048","","E23000027",14574,"E56000035","E54000025","E00120458","E01023722","E02004929"
"AL3 7AF","AL3  7AF","AL3 7AF","198001","","E10000015","E58000625","E07000240","E05013961","E04004806","1","509484","0211057","1","E18000006","E40000007","E92000001","E12000006","5","E14001268","E15000006","E24000005","E30000237","E16000150","E07000240","26UGGL","E00120458","26UGGL","E65000001","E01023722","E02004929","8","3B1","E00120458","E01023722","E02004929","E33027419","E38000079","","F1","1C1",51.787468,-0.414106,"E37000048","","E23000027",14574,"E56000035","E54000025","E00120458","E01023722","E02004929"
"AL3 7AG","AL3  7AG","AL3 7AG","198001","","E10000015","E58000625","E07000240","E05013961","E04004806","0","509621","0210803","1","E18000006","E40000007","E92000001","E12000006","5","E14001268","E15000006","E24000005","E30000237","E16000150","E07000240","26UGGL","E00120458","26UGGL","E65000001","E01023722","E02004929","8","3B1","E00120458","E01023722","E02004929","E33027419","E38000079","","F1","1C1",51.785165,-0.412178,"E37000048","","E23000027",14574,"E56000035","E54000025","E00120458","E01023722","E02004929"
"AL3 7AH","AL3  7AH","AL3 7AH","199606","200006","E10000015","E58000625","E07000240","E05013961","E04004806","1","510328","0212311","6","E18000006","E40000007","E92000001","E12000006","5","E14001268","E15000006","E24000005","E30000237","E16000150","E07000240","26UGGL","E00120468","26UGGL","E65000001","E01023723","E02004929","6","1C1","E00120468","E01023723","E02004929","E33027422","E38000079","E63011473","D1","8C1",51.798573,-0.401477,"E37000048","","E23000027",17275,"E56000035","E54000025","E00120468","E01023723","E02004929"
"AL3 7AJ","AL3  7AJ","AL3 7AJ","198001","","E10000015","E58000625","E07000240","E05013961","E04004806","0","509106","0210661","1","E18000006","E40000007","E92000001","E12000006","5","E14001268","E15000006","E24000005","E30000237","E16000150","E07000240","26UGGL","E00120458","26UGGL","E65000001","E01023722","E02004929","8","3B1","E00120458","E01023722","E02004929","E33027419","E38000079","","F1","1C1",51.783983,-0.419709,"E37000048","","E23000027",14574,"E56000035","E54000025","E00120458","E01023722","E02004929"
"AL3 7AL","AL3  7AL","AL3 7AL","198001","","E10000015","E58000625","E07000240","E05013961","E04004806","0","509093","0210335","1","E18000006","E40000007","E92000001","E12000006","5","E14001268","E15000006","E24000005","E30000237","E16000150","E07000240","26UGGL","E00120458","26UGGL","E65000001","E01023722","E02004929","8","3B1","E00120458","E01023722","E02004929","E33027419","E38000079","","F1","1C1",51.781062,-0.419976,"E37000048","","E23000027",14574,"E56000035","E54000025","E00120458","E01023722","E02004929"
"AL3 7AN","AL3  7AN","AL3 7AN","198001","","E10000015","E58000625","E07000240","E05013961","E04004806","0","509322","0210957","1","E18000006","E40000007","E92000001","E12000006","5","E14001268","E15000006","E24000005","E30000237","E16000150","E07000240","26UGGL","E00120458","26UGGL","E65000001","E01023722","E02004929","8","3B1","E00120458","E01023722","E02004929","E33027419","E38000079","","F1","1C1",51.786608,-0.416462,"E37000048","","E23000027",14574,"E56000035","E54000025","E00120458","E01023722","E02004929"
"AL3 7AP","AL3  7AP","AL3 7AP","198001","","E10000015","E58000625","E07000240","E05013961","E04004806","0","508576","0211522","1","E18000006","E40000007","E92000001","E12000006","5","E14001268","E15000006","E24000005","E30000237","E16000150","E07000240","26UGGL","E00120458","26UGGL","E65000001","E01023722","E02004929","8","3B1","E00120458","E01023722","E02004929","E33027419","E38000079","","F1","1C1",51.791831,-0.427096,"E37000048","","E23000027",14574,"E56000035","E54000025","E00120458","E01023722","E02004929"
"AL3 7AQ","AL3  7AQ","AL3 7AQ","198001","","E10000015","E58000625","E07000240","E05013961","E04004806","0","509453","0210774","1","E18000006","E40000007","E92000001","E12000006","5","E14001268","E15000006","E24000005","E30000237","E16000150","E07000240","26UGGL","E00120458","26UGGL","E65000001","E01023722","E02004929","8","3B1","E00120458","E01023722","E02004929","E33027419","E38000079","","F1","1C1",51.784931,-0.414645,"E37000048","","E23000027",14574,"E56000035","E54000025","E00120458","E01023722","E02004929"
"AL3 7AR","AL3  7AR","AL3 7AR","198001","","E10000015","E58000625","E07000240","E05013961","E04004806","0","508464","0211052","1","E18000006","E40000007","E92000001","E12000006","5","E14001268","E15000006","E24000005","E30000237","E16000150","E07000240","26UGGL","E00120458","26UGGL","E65000001","E01023722","E02004929","8","3B1","E00120458","E01023722","E02004929","E33027419","E38000079","","F1","1C1",51.787629,-0.428866,"E37000048","","E23000027",14574,"E56000035","E54000025","E00120458","E01023722","E02004929"
"AL3 7AS","AL3  7AS","AL3 7AS","201506","","E10000015","E58000625","E07000240","E05013961","E04004806","0","509824","0211427","1","E18000006","E40000007","E92000001","E12000006","5","E14001268","E15000006","E24000005","E30000237","E16000150","E07000240","26UGGL","E00120473","26UGGL","E65000001","E01023722","E02004929","8","6B2","E00120473","E01023722","E02004929","E33027422","E38000079","E63011473","D1","5B3",51.790734,-0.409038,"E37000048","","E23000027",14574,"E56000035","E54000025","E00120473","E01023722","E02004929"
"AL3 7AT","AL3  7AT","AL3 7AT","198001","","E10000015","E58000625","E07000240","E05013961","E04004806","0","511184","0211559","1","E18000006","E40000007","E92000001","E12000006","5","E14001268","E15000006","E24000005","E30000237","E16000150","E07000240","26UGGL","E00120458","26UGGL","E65000001","E01023722","E02004929","8","3B1","E00120458","E01023722","E02004929","E33027419","E38000079","","F1","1C1",51.791652,-0.389286,"E37000048","","E23000027",14574,"E56000035","E54000025","E00120458","E01023722","E02004929"
"AL3 7AU","AL3  7AU","AL3 7AU","198001","","E10000015","E58000625","E07000240","E05013961","E04004806","0","508665","0210622","1","E18000006","E40000007","E92000001","E12000006","5","E14001268","E15000006","E24000005","E30000237","E16000150","E07000240","26UGGL","E00120458","26UGGL","E65000001","E01023722","E02004929","8","3B1","E00120458","E01023722","E02004929","E33027419","E38000079","","F1","1C1",51.783725,-0.426088,"E37000048","","E23000027",14574,"E56000035","E54000025","E00120458","E01023722","E02004929"
"AL3 7AW","AL3  7AW","AL3 7AW","198001","","E10000015","E58000610","E07000096","E05004714","E04004700","0","507793","0211095","1","E18000006","E40000007","E92000001","E12000006","5","E14001268","E15000006","E24000005","E30000237","E16000150","E07000096","26UCHH","E00119019","26UCHH","E65000001","E01023431","E02004856","8","3C2","E00119019","E01023431","E02004856","E33027089","E38000079","","F1","1C1",51.788145,-0.438577,"E37000048","","E23000027",16066,"E56000035","E54000025","E00119019","E01023431","E02004856"
"AL3 7AX","AL3  7AX","AL3 7AX","199507","201007","E10000015","E58000664","E07000240","E05013956","E43000290","1","517328","0206823","1","E18000006","E40000007","E92000001","E12000006","5","E14001507","E15000006","E24000005","E30000237","E16000150","E07000240","26UGFX","E00120196","26UGFX","E65000001","E01023667","E02004936","5","6D1","E00120196","E01023667","E02004936","E33027453","E38000079","E63011552","C1","5A2",51.747828,-0.301865,"E37000048","","E23000027",30628,"E56000035","E54000025","E00120196","E01023667","E02004936"
"AL3 7AY","AL3  7AY","AL3 7AY","199412","200408","E10000015","E58000664","E07000240","E05013956","E43000290","1","517328","0206823","1","E18000006","E40000007","E92000001","E12000006","5","E14001507","E15000006","E24000005","E30000237","E16000150","E07000240","26UGFX","E00120196","26UGFX","E65000001","E01023667","E02004936","5","6D1","E00120196","E01023667","E02004936","E33027453","E38000079","E63011552","C1","5A2",51.747828,-0.301865,"E37000048","","E23000027",30628,"E56000035","E54000025","E00120196","E01023667","E02004936"
"AL3 7AZ","AL3  7AZ","AL3 7AZ","199507","201203","E10000015","E58000664","E07000240","E05013956","E43000290","1","517328","0206823","1","E18000006","E40000007","E92000001","E12000006","5","E14001507","E15000006","E24000005","E30000237","E16000150","E07000240","26UGFX","E00120196","26UGFX","E65000001","E01023667","E02004936","5","6D1","E00120196","E01023667","E02004936","E33027453","E38000079","E63011552","C1","5A2",51.747828,-0.301865,"E37000048","","E23000027",30628,"E56000035","E54000025","E00120196","E01023667","E02004936"
"AL3 7BA","AL3  7BA","AL3 7BA","198301","","E10000015","E58000625","E07000240","E05013961","E04004806","0","510090","0211896","1","E18000006","E40000007","E92000001","E12000006","5","E14001268","E15000006","E24000005","E30000237","E16000150","E07000240","26UGGL","E00120473","26UGGL","E65000001","E01023722","E02004929","8","6B2","E00120473","E01023722","E02004929","E33027422","E38000079","E63011473","D1","5B3",51.794897,-0.405035,"E37000048","","E23000027",14574,"E56000035","E54000025","E00120473","E01023722","E02004929"
"AL3 7BB","AL3  7BB","AL3 7BB","200509","","E10000015","E58000625","E07000240","E05013961","E04004806","0","510150","0212072","1","E18000006","E40000007","E92000001","E12000006","5","E14001268","E15000006","E24000005","E30000237","E16000150","E07000240","26UGGL","E00120471","26UGGL","E65000001","E01023722","E02004929","6","4D2","E00120471","E01023722","E02004929","E33027422","E38000079","E63011473","D1","6B4",51.796460,-0.404133,"E37000048","","E23000027",14574,"E56000035","E54000025","E00120471","E01023722","E02004929"
"AL3 7BD","AL3  7BD","AL3 7BD","198001","","E10000015","E58000625","E07000240","E05013961","E04004806","0","510642","0212513","1","E18000006","E40000007","E92000001","E12000006","5","E14001268","E15000006","E24000005","E30000237","E16000150","E07000240","26UGGL","E00120466","26UGGL","E65000001","E01023724","E02004929","6","6B2","E00120466","E01023724","E02004929","E33027424","E38000079","E63011473","D1","5B3",51.800333,-0.396837,"E37000048","","E23000027",32309,"E56000035","E54000025","E00120466","E01023724","E02004929"
"AL3 7BE","AL3  7BE","AL3 7BE","198001","","E10000015","E58000625","E07000240","E05013961","E04004806","0","510567","0212657","1","E18000006","E40000007","E92000001","E12000006","5","E14001268","E15000006","E24000005","E30000237","E16000150","E07000240","26UGGL","E00120460","26UGGL","E65000001","E01023725","E02004929","6","4D2","E00120460","E01023725","E02004929","E33027420","E38000079","E63011473","D1","6A4",51.801635,-0.397902,"E37000048","","E23000027",28225,"E56000035","E54000025","E00120460","E01023725","E02004929"
"AL3 7BF","AL3  7BF","AL3 7BF","201111","","E10000015","E58000625","E07000240","E05013961","E04004806","0","510734","0212472","1","E18000006","E40000007","E92000001","E12000006","5","E14001268","E15000006","E24000005","E30000237","E16000150","E07000240","26UGGL","E00120467","26UGGL","E65000001","E01023724","E02004929","6","6D1","E00120467","E01023724","E02004929","E33027423","E38000079","E63011473","D1","5B3",51.799940,-0.395540,"E37000048","","E23000027",32309,"E56000035","E54000025","E00120467","E01023724","E02004929"
"AL3 7BG","AL3  7BG","AL3 7BG","200504","","E10000015","E58000625","E07000240","E05013961","E04004806","0","510642","0212359","1","E18000006","E40000007","E92000001","E12000006","5","E14001268","E15000006","E24000005","E30000237","E16000150","E07000240","26UGGL","E00120466","26UGGL","E65000001","E01023724","E02004929","6","6B2","E00120466","E01023724","E02004929","E33027424","E38000079","E63011473","D1","5B3",51.798942,-0.396910,"E37000048","","E23000027",32309,"E56000035","E54000025","E00120466","E01023724","E02004929"
"AL3 7BH","AL3  7BH","AL3 7BH","198001","","E10000015","E58000625","E07000240","E05013961","E04004806","0","510523","0212665","1","E18000006","E40000007","E92000001","E12000006","5","E14001268","E15000006","E24000005","E30000237","E16000150","E07000240","26UGGL","E00120460","26UGGL","E65000001","E01023725","E02004929","6","4D2","E00120460","E01023725","E02004929","E33027420","E38000079","E63011473","D1","6A4",51.801723,-0.398514,"E37000048","","E23000027",28225,"E56000035","E54000025","E00120460","E01023725","E02004929"
"AL3 7BJ","AL3  7BJ","AL3 7BJ","198001","","E10000015","E58000625","E07000240","E05013961","E04004806","0","510482","0212669","1","E18000006","E40000007","E92000001","E12000006","5","E14001268","E15000006","E24000005","E30000237","E16000150","E07000240","26UGGL","E00120461","26UGGL","E65000001","E01023725","E02004929","6","4D2","E00120461","E01023725","E02004929","E33027421","E38000079","E63011473","D1","6A4",51.801767,-0.399107,"E37000048","","E23000027",28225,"E56000035","E54000025","E00120461","E01023725","E02004929"
"AL3 7BL","AL3  7BL","AL3 7BL","200509","","E10000015","E58000625","E07000240","E05013961","E04004806","0","510675","0212320","1","E18000006","E40000007","E92000001","E12000006","5","E14001268","E15000006","E24000005","E30000237","E16000150","E07000240","26UGGL","E00120466","26UGGL","E65000001","E01023724","E02004929","6","6B2","E00120466","E01023724","E02004929","E33027424","E38000079","E63011473","D1","5B3",51.798585,-0.396444,"E37000048","","E23000027",32309,"E56000035","E54000025","E00120466","E01023724","E02004929"
"AL3 7BN","AL3  7BN","AL3 7BN","198001","","E10000015","E58000625","E07000240","E05013961","E04004806","0","510457","0212627","1","E18000006","E40000007","E92000001","E12000006","5","E14001268","E15000006","E24000005","E30000237","E16000150","E07000240","26UGGL","E00120465","26UGGL","E65000001","E01023724","E02004929","6","4D2","E00120465","E01023724","E02004929","E33027422","E38000079","E63011473","D1","6B2",51.801387,-0.399506,"E37000048","","E23000027",32309,"E56000035","E54000025","E00120465","E01023724","E02004929"
"AL3 7BP","AL3  7BP","AL3 7BP","198001","","E10000015","E58000625","E07000240","E05013961","E04004806","0","510644","0212444","1","E18000006","E40000007","E92000001","E12000006","5","E14001268","E15000006","E24000005","E30000237","E16000150","E07000240","26UGGL","E00120466","26UGGL","E65000001","E01023724","E02004929","6","6B2","E00120466","E01023724","E02004929","E33027424","E38000079","E63011473","D1","5B3",51.799713,-0.396830,"E37000048","","E23000027",32309,"E56000035","E54000025","E00120466","E01023724","E02004929"
"AL3 7BQ","AL3  7BQ","AL3 7BQ","198001","","E10000015","E58000625","E07000240","E05013961","E04004806","0","510458","0212715","1","E18000006","E40000007","E92000001","E12000006","5","E14001268","E15000006","E24000005","E30000237","E16000150","E07000240","26UGGL","E00120461","26UGGL","E65000001","E01023725","E02004929","6","4D2","E00120461","E01023725","E02004929","E33027421","E38000079","E63011473","D1","6A4",51.802178,-0.399464,"E37000048","","E23000027",28225,"E56000035","E54000025","E00120461","E01023725","E02004929"
"AL3 7BS","AL3  7BS","AL3 7BS","198001","","E10000015","E58000625","E07000240","E05013961","E04004806","0","510576","0212380","1","E18000006","E40000007","E92000001","E12000006","5","E14001268","E15000006","E24000005","E30000237","E16000150","E07000240","26UGGL","E00120466","26UGGL","E65000001","E01023724","E02004929","6","6B2","E00120466","E01023724","E02004929","E33027424","E38000079","E63011473","D1","5B3",51.799151,-0.397836,"E37000048","","E23000027",32309,"E56000035","E54000025","E00120466","E01023724","E02004929"
"AL3 7BT","AL3  7BT","AL3 7BT","198001","","E10000015","E58000625","E07000240","E05013961","E04004806","0","510632","0212428","1","E18000006","E40000007","E92000001","E12000006","5","E14001268","E15000006","E24000005","E30000237","E16000150","E07000240","26UGGL","E00120466","26UGGL","E65000001","E01023724","E02004929","6","6B2","E00120466","E01023724","E02004929","E33027424","E38000079","E63011473","D1","5B3",51.799571,-0.397009,"E37000048","","E23000027",32309,"E56000035","E54000025","E00120466","E01023724","E02004929"
"AL3 7BU","AL3  7BU","AL3 7BU","198001","","E10000015","E58000625","E07000240","E05013961","E04004806","0","510492","0212285","1","E18000006","E40000007","E92000001","E12000006","5","E14001268","E15000006","E24000005","E30000237","E16000150","E07000240","26UGGL","E00120465","26UGGL","E65000001","E01023724","E02004929","6","4D2","E00120465","E01023724","E02004929","E33027422","E38000079","E63011473","D1","6B2",51.798314,-0.399084,"E37000048","","E23000027",32309,"E56000035","E54000025","E00120465","E01023724","E02004929"
"AL3 7BW","AL3  7BW","AL3 7BW","198001","","E10000015","E58000625","E07000240","E05013961","E04004806","0","510544","0212577","1","E18000006","E40000007","E92000001","E12000006","5","E14001268","E15000006","E24000005","E30000237","E16000150","E07000240","26UGGL","E00120465","26UGGL","E65000001","E01023724","E02004929","6","4D2","E00120465","E01023724","E02004929","E33027422","E38000079","E63011473","D1","6B2",51.800928,-0.398237,"E37000048","","E23000027",32309,"E56000035","E54000025","E00120465","E01023724","E02004929"
"AL3 7BX","AL3  7BX","AL3 7BX","198001","","E10000015","E58000625","E07000240","E05013961","E04004806","0","510392","0212375","1","E18000006","E40000007","E92000001","E12000006","5","E14001268","E15000006","E24000005","E30000237","E16000150","E07000240","26UGGL","E00120465","26UGGL","E65000001","E01023724","E02004929","6","4D2","E00120465","E01023724","E02004929","E33027422","E38000079","E63011473","D1","6B2",51.799142,-0.400505,"E37000048","","E23000027",32309,"E56000035","E54000025","E00120465","E01023724","E02004929"
"AL3 7BY","AL3  7BY","AL3 7BY","198001","","E10000015","E58000625","E07000240","E05013961","E04004806","0","510383","0212259","1","E18000006","E40000007","E92000001","E12000006","5","E14001268","E15000006","E24000005","E30000237","E16000150","E07000240","26UGGL","E00120468","26UGGL","E65000001","E01023723","E02004929","6","1C1","E00120468","E01023723","E02004929","E33027422","E38000079","E63011473","D1","8C1",51.798095,-0.400696,"E37000048","","E23000027",17275,"E56000035","E54000025","E00120468","E01023723","E02004929"
"AL3 7BZ","AL3  7BZ","AL3 7BZ","198001","","E10000015","E58000625","E07000240","E05013961","E04004806","0","510310","0212147","1","E18000006","E40000007","E92000001","E12000006","5","E14001268","E15000006","E24000005","E30000237","E16000150","E07000240","26UGGL","E00120469","26UGGL","E65000001","E01023724","E02004929","6","4A2","E00120469","E01023724","E02004929","E33027424","E38000079","E63011473","D1","6A1",51.797102,-0.401790,"E37000048","","E23000027",32309,"E56000035","E54000025","E00120469","E01023724","E02004929"
"AL3 7DA","AL3  7DA","AL3 7DA","198001","","E10000015","E58000625","E07000240","E05013961","E04004806","0","510398","0212215","1","E18000006","E40000007","E92000001","E12000006","5","E14001268","E15000006","E24000005","E30000237","E16000150","E07000240","26UGGL","E00120469","26UGGL","E65000001","E01023724","E02004929","6","4A2","E00120469","E01023724","E02004929","E33027424","E38000079","E63011473","D1","6A1",51.797703,-0.400469,"E37000048","","E23000027",32309,"E56000035","E54000025","E00120469","E01023724","E02004929"
"AL3 7DB","AL3  7DB","AL3 7DB","198001","","E10000015","E58000625","E07000240","E05013961","E04004806","0","510198","0212005","1","E18000006","E40000007","E92000001","E12000006","5","E14001268","E15000006","E24000005","E30000237","E16000150","E07000240","26UGGL","E00120471","26UGGL","E65000001","E01023722","E02004929","6","4D2","E00120471","E01023722","E02004929","E33027422","E38000079","E63011473","D1","6B4",51.795848,-0.403458,"E37000048","","E23000027",14574,"E56000035","E54000025","E00120471","E01023722","E02004929"
"AL3 7DD","AL3  7DD","AL3 7DD","198001","","E10000015","E58000625","E07000240","E05013961","E04004806","0","510134","0211974","1","E18000006","E40000007","E92000001","E12000006","5","E14001268","E15000006","E24000005","E30000237","E16000150","E07000240","26UGGL","E00120471","26UGGL","E65000001","E01023722","E02004929","6","4D2","E00120471","E01023722","E02004929","E33027422","E38000079","E63011473","D1","6B4",51.795582,-0.404396,"E37000048","","E23000027",14574,"E56000035","E54000025","E00120471","E01023722","E02004929"
"AL3 7DE","AL3  7DE","AL3 7DE","199612","","E10000015","E58000625","E07000240","E05013961","E04004806","0","510176","0212113","1","E18000006","E40000007","E92000001","E12000006","5","E14001268","E15000006","E24000005","E30000237","E16000150","E07000240","26UGGL","E00120471","26UGGL","E65000001","E01023722","E02004929","6","4D2","E00120471","E01023722","E02004929","E33027422","E38000079","E63011473","D1","6B4",51.796823,-0.403743,"E37000048","","E23000027",14574,"E56000035","E54000025","E00120471","E01023722","E02004929"
"AL3 7DF","AL3  7DF","AL3 7DF","198001","","E10000015","E58000625","E07000240","E05013961","E04004806","0","510086","0211786","1","E18000006","E40000007","E92000001","E12000006","5","E14001268","E15000006","E24000005","E30000237","E16000150","E07000240","26UGGL","E00120471","26UGGL","E65000001","E01023722","E02004929","6","4D2","E00120471","E01023722","E02004929","E33027422","E38000079","E63011473","D1","6B4",51.793902,-0.405151,"E37000048","","E23000027",14574,"E56000035","E54000025","E00120471","E01023722","E02004929"
"AL3 7DG","AL3  7DG","AL3 7DG","198001","","E10000015","E58000625","E07000240","E05013961","E04004806","0","510090","0211932","1","E18000006","E40000007","E92000001","E12000006","5","E14001268","E15000006","E24000005","E30000237","E16000150","E07000240","26UGGL","E00120471","26UGGL","E65000001","E01023722","E02004929","6","4D2","E00120471","E01023722","E02004929","E33027422","E38000079","E63011473","D1","6B4",51.795220,-0.405023,"E37000048","","E23000027",14574,"E56000035","E54000025","E00120471","E01023722","E02004929"
"AL3 7DH","AL3  7DH","AL3 7DH","198001","","E10000015","E58000625","E07000240","E05013961","E04004806","0","509980","0211995","1","E18000006","E40000007","E92000001","E12000006","5","E14001268","E15000006","E24000005","E30000237","E16000150","E07000240","26UGGL","E00120471","26UGGL","E65000001","E01023722","E02004929","6","4D2","E00120471","E01023722","E02004929","E33027422","E38000079","E63011473","D1","6B4",51.795708,-0.406500,"E37000048","","E23000027",14574,"E56000035","E54000025","E00120471","E01023722","E02004929"
"AL3 7DJ","AL3  7DJ","AL3 7DJ","198001","","E10000015","E58000610","E07000096","E05004714","E04004700","0","509424","0212182","1","E18000006","E40000007","E92000001","E12000006","5","E14001268","E15000006","E24000005","E30000237","E16000150","E07000096","26UCHH","E00119019","26UCHH","E65000001","E01023431","E02004856","8","3C2","E00119019","E01023431","E02004856","E33027089","E38000079","","F1","1C1",51.797598,-0.414598,"E37000048","","E23000027",16066,"E56000035","E54000025","E00119019","E01023431","E02004856"
"AL3 7DL","AL3  7DL","AL3 7DL","198001","","E10000015","E58000625","E07000240","E05013961","E04004806","0","509976","0211909","1","E18000006","E40000007","E92000001","E12000006","5","E14001268","E15000006","E24000005","E30000237","E16000150","E07000240","26UGGL","E00120471","26UGGL","E65000001","E01023722","E02004929","6","4D2","E00120471","E01023722","E02004929","E33027422","E38000079","E63011473","D1","6B4",51.795029,-0.406706,"E37000048","","E23000027",14574,"E56000035","E54000025","E00120471","E01023722","E02004929"
"AL3 7DN","AL3  7DN","AL3 7DN","198001","","E10000015","E58000625","E07000240","E05013961","E04004806","0","509926","0212005","1","E18000006","E40000007","E92000001","E12000006","5","E14001268","E15000006","E24000005","E30000237","E16000150","E07000240","26UGGL","E00120470","26UGGL","E65000001","E01023723","E02004929","6","5B1","E00120470","E01023723","E02004929","E33027422","E38000079","E63011473","D1","8C1",51.795902,-0.407401,"E37000048","","E23000027",17275,"E56000035","E54000025","E00120470","E01023723","E02004929"
"AL3 7DP","AL3  7DP","AL3 7DP","198001","","E10000015","E58000625","E07000240","E05013961","E04004806","0","509993","0211783","1","E18000006","E40000007","E92000001","E12000006","5","E14001268","E15000006","E24000005","E30000237","E16000150","E07000240","26UGGL","E00120473","26UGGL","E65000001","E01023722","E02004929","8","6B2","E00120473","E01023722","E02004929","E33027422","E38000079","E63011473","D1","5B3",51.793893,-0.406500,"E37000048","","E23000027",14574,"E56000035","E54000025","E00120473","E01023722","E02004929"
"AL3 7DQ","AL3  7DQ","AL3 7DQ","198001","","E10000015","E58000625","E07000240","E05013961","E04004806","0","510058","0212002","1","E18000006","E40000007","E92000001","E12000006","5","E14001268","E15000006","E24000005","E30000237","E16000150","E07000240","26UGGL","E00120471","26UGGL","E65000001","E01023722","E02004929","6","4D2","E00120471","E01023722","E02004929","E33027422","E38000079","E63011473","D1","6B4",51.795856,-0.405465,"E37000048","","E23000027",14574,"E56000035","E54000025","E00120471","E01023722","E02004929"
"AL3 7DR","AL3  7DR","AL3 7DR","198001","","E10000015","E58000625","E07000240","E05013961","E04004806","0","510036","0211728","1","E18000006","E40000007","E92000001","E12000006","5","E14001268","E15000006","E24000005","E30000237","E16000150","E07000240","26UGGL","E00120473","26UGGL","E65000001","E01023722","E02004929","8","6B2","E00120473","E01023722","E02004929","E33027422","E38000079","E63011473","D1","5B3",51.793390,-0.405894,"E37000048","","E23000027",14574,"E56000035","E54000025","E00120473","E01023722","E02004929"
"AL3 7DS","AL3  7DS","AL3 7DS","198001","","E10000015","E58000625","E07000240","E05013961","E04004806","0","509939","0211668","1","E18000006","E40000007","E92000001","E12000006","5","E14001268","E15000006","E24000005","E30000237","E16000150","E07000240","26UGGL","E00120473","26UGGL","E65000001","E01023722","E02004929","8","6B2","E00120473","E01023722","E02004929","E33027422","E38000079","E63011473","D1","5B3",51.792877,-0.407295,"E37000048","","E23000027",14574,"E56000035","E54000025","E00120473","E01023722","E02004929"
"AL3 7DT","AL3  7DT","AL3 7DT","200012","","E10000015","E58000625","E07000240","E05013961","E04004806","0","510357","0212201","1","E18000006","E40000007","E92000001","E12000006","5","E14001268","E15000006","E24000005","E30000237","E16000150","E07000240","26UGGL","E00120469","26UGGL","E65000001","E01023724","E02004929","6","4A2","E00120469","E01023724","E02004929","E33027424","E38000079","E63011473","D1","6A1",51.797578,-0.401091,"E37000048","","E23000027",32309,"E56000035","E54000025","E00120469","E01023724","E02004929"
"AL3 7DU","AL3  7DU","AL3 7DU","198001","","E10000015","E58000625","E07000240","E05013961","E04004806","0","510121","0211647","1","E18000006","E40000007","E92000001","E12000006","5","E14001268","E15000006","E24000005","E30000237","E16000150","E07000240","26UGGL","E00120473","26UGGL","E65000001","E01023722","E02004929","8","6B2","E00120473","E01023722","E02004929","E33027422","E38000079","E63011473","D1","5B3",51.792646,-0.404688,"E37000048","","E23000027",14574,"E56000035","E54000025","E00120473","E01023722","E02004929"
"AL3 7DW","AL3  7DW","AL3 7DW","198001","","E10000015","E58000625","E07000240","E05013961","E04004806","0","509990","0211825","1","E18000006","E40000007","E92000001","E12000006","5","E14001268","E15000006","E24000005","E30000237","E16000150","E07000240","26UGGL","E00120473","26UGGL","E65000001","E01023722","E02004929","8","6B2","E00120473","E01023722","E02004929","E33027422","E38000079","E63011473","D1","5B3",51.794278,-0.406506,"E37000048","","E23000027",14574,"E56000035","E54000025","E00120473","E01023722","E02004929"
"AL3 7DX","AL3  7DX","AL3 7DX","201805","201902","E10000015","E58000625","E07000240","E05013961","E04004806","0","510127","0211617","1","E18000006","E40000007","E92000001","E12000006","5","E14001268","E15000006","E24000005","E30000237","E16000150","E07000240","26UGGL","E00120473","26UGGL","E65000001","E01023722","E02004929","8","6B2","E00120473","E01023722","E02004929","E33027422","E38000079","E63011473","D1","5B3",51.792382,-0.404587,"E37000048","","E23000027",14574,"E56000035","E54000025","E00120473","E01023722","E02004929"
"AL3 7DY","AL3  7DY","AL3 7DY","198001","","E10000015","E58000625","E07000240","E05013961","E04004806","0","510117","0211750","1","E18000006","E40000007","E92000001","E12000006","5","E14001268","E15000006","E24000005","E30000237","E16000150","E07000240","26UGGL","E00120471","26UGGL","E65000001","E01023722","E02004929","6","4D2","E00120471","E01023722","E02004929","E33027422","E38000079","E63011473","D1","6B4",51.793572,-0.404713,"E37000048","","E23000027",14574,"E56000035","E54000025","E00120471","E01023722","E02004929"
"AL3 7DZ","AL3  7DZ","AL3 7DZ","198001","","E10000015","E58000625","E07000240","E05013961","E04004806","0","509972","0212119","1","E18000006","E40000007","E92000001","E12000006","5","E14001268","E15000006","E24000005","E30000237","E16000150","E07000240","26UGGL","E00120470","26UGGL","E65000001","E01023723","E02004929","6","5B1","E00120470","E01023723","E02004929","E33027422","E38000079","E63011473","D1","8C1",51.796924,-0.406674,"E37000048","","E23000027",17275,"E56000035","E54000025","E00120470","E01023723","E02004929"
"AL3 7EA","AL3  7EA","AL3 7EA","198001","","E10000015","E58000625","E07000240","E05013961","E04004806","0","510048","0212083","1","E18000006","E40000007","E92000001","E12000006","5","E14001268","E15000006","E24000005","E30000237","E16000150","E07000240","26UGGL","E00120470","26UGGL","E65000001","E01023723","E02004929","6","5B1","E00120470","E01023723","E02004929","E33027422","E38000079","E63011473","D1","8C1",51.796579,-0.405608,"E37000048","","E23000027",17275,"E56000035","E54000025","E00120470","E01023723","E02004929"
"AL3 7EB","AL3  7EB","AL3 7EB","199606","","E10000015","E58000625","E07000240","E05013961","E04004806","0","510330","0212861","1","E18000006","E40000007","E92000001","E12000006","5","E14001268","E15000006","E24000005","E30000237","E16000150","E07000240","26UGGL","E00120460","26UGGL","E65000001","E01023725","E02004929","6","4D2","E00120460","E01023725","E02004929","E33027420","E38000079","E63011473","D1","6A4",51.803523,-0.401249,"E37000048","","E23000027",28225,"E56000035","E54000025","E00120460","E01023725","E02004929"
"AL3 7ED","AL3  7ED","AL3 7ED","199308","199507","E10000015","E58000625","E07000240","E05013961","E04004806","1","510100","0212500","8","E18000006","E40000007","E92000001","E12000006","5","E14001268","E15000006","E24000005","E30000237","E16000150","E07000240","26UGGL","E00120461","26UGGL","E65000001","E01023725","E02004929","6","4D2","E00120461","E01023725","E02004929","E33027421","E38000079","E63011473","D1","6A4",51.800316,-0.404722,"E37000048","","E23000027",28225,"E56000035","E54000025","E00120461","E01023725","E02004929"
"AL3 7EE","AL3  7EE","AL3 7EE","199412","199812","E10000015","E58000625","E07000240","E05013961","E04004806","1","510328","0212311","6","E18000006","E40000007","E92000001","E12000006","5","E14001268","E15000006","E24000005","E30000237","E16000150","E07000240","26UGGL","E00120468","26UGGL","E65000001","E01023723","E02004929","6","1C1","E00120468","E01023723","E02004929","E33027422","E38000079","E63011473","D1","8C1",51.798573,-0.401477,"E37000048","","E23000027",17275,"E56000035","E54000025","E00120468","E01023723","E02004929"
"AL3 7EF","AL3  7EF","AL3 7EF","198307","200403","E10000015","E58000625","E07000240","E05013961","E04004806","1","510167","0212852","1","E18000006","E40000007","E92000001","E12000006","5","E14001268","E15000006","E24000005","E30000237","E16000150","E07000240","26UGGL","E00120460","26UGGL","E65000001","E01023725","E02004929","6","4D2","E00120460","E01023725","E02004929","E33027420","E38000079","E63011473","D1","6A4",51.803467,-0.403639,"E37000048","","E23000027",28225,"E56000035","E54000025","E00120460","E01023725","E02004929"
"AL3 7EG","AL3  7EG","AL3 7EG","198001","","E10000015","E58000625","E07000240","E05013961","E04004806","0","510520","0212379","1","E18000006","E40000007","E92000001","E12000006","5","E14001268","E15000006","E24000005","E30000237","E16000150","E07000240","26UGGL","E00120465","26UGGL","E65000001","E01023724","E02004929","6","4D2","E00120465","E01023724","E02004929","E33027422","E38000079","E63011473","D1","6B2",51.799146,-0.398672,"E37000048","","E23000027",32309,"E56000035","E54000025","E00120465","E01023724","E02004929"
"AL3 7EH","AL3  7EH","AL3 7EH","198001","199412","E10000015","E58000625","E07000240","E05013961","E04004806","1","510700","0212200","8","E18000006","E40000007","E92000001","E12000006","5","E14001268","E15000006","E24000005","E30000237","E16000150","E07000240","26UGGL","E00120469","26UGGL","E65000001","E01023724","E02004929","6","4A2","E00120469","E01023724","E02004929","E33027424","E38000079","E63011473","D1","6A1",51.797502,-0.396120,"E37000048","","E23000027",32309,"E56000035","E54000025","E00120469","E01023724","E02004929"
"AL3 7EJ","AL3  7EJ","AL3 7EJ","198001","199412","E10000015","E58000625","E07000240","E05013961","E04004806","1","510400","0212400","8","E18000006","E40000007","E92000001","E12000006","5","E14001268","E15000006","E24000005","E30000237","E16000150","E07000240","26UGGL","E00120465","26UGGL","E65000001","E01023724","E02004929","6","4D2","E00120465","E01023724","E02004929","E33027422","E38000079","E63011473","D1","6B2",51.799358,-0.400405,"E37000048","","E23000027",32309,"E56000035","E54000025","E00120465","E01023724","E02004929"
"AL3 7EL","AL3  7EL","AL3 7EL","198001","","E10000015","E58000625","E07000240","E05013961","E04004806","0","510413","0212544","1","E18000006","E40000007","E92000001","E12000006","5","E14001268","E15000006","E24000005","E30000237","E16000150","E07000240","26UGGL","E00120465","26UGGL","E65000001","E01023724","E02004929","6","4D2","E00120465","E01023724","E02004929","E33027422","E38000079","E63011473","D1","6B2",51.800650,-0.400170,"E37000048","","E23000027",32309,"E56000035","E54000025","E00120465","E01023724","E02004929"
"AL3 7EN","AL3  7EN","AL3 7EN","198001","","E10000015","E58000625","E07000240","E05013961","E04004806","0","510330","0212701","1","E18000006","E40000007","E92000001","E12000006","5","E14001268","E15000006","E24000005","E30000237","E16000150","E07000240","26UGGL","E00120461","26UGGL","E65000001","E01023725","E02004929","6","4D2","E00120461","E01023725","E02004929","E33027421","E38000079","E63011473","D1","6A4",51.802077,-0.401324,"E37000048","","E23000027",28225,"E56000035","E54000025","E00120461","E01023725","E02004929"
"AL3 7EP","AL3  7EP","AL3 7EP","198001","","E10000015","E58000625","E07000240","E05013961","E04004806","0","510264","0212899","1","E18000006","E40000007","E92000001","E12000006","5","E14001268","E15000006","E24000005","E30000237","E16000150","E07000240","26UGGL","E00120460","26UGGL","E65000001","E01023725","E02004929","6","4D2","E00120460","E01023725","E02004929","E33027420","E38000079","E63011473","D1","6A4",51.803870,-0.402217,"E37000048","","E23000027",28225,"E56000035","E54000025","E00120460","E01023725","E02004929"
"AL3 7EQ","AL3  7EQ","AL3 7EQ","198001","","E10000015","E58000625","E07000240","E05013961","E04004806","0","510491","0212441","1","E18000006","E40000007","E92000001","E12000006","5","E14001268","E15000006","E24000005","E30000237","E16000150","E07000240","26UGGL","E00120465","26UGGL","E65000001","E01023724","E02004929","6","4D2","E00120465","E01023724","E02004929","E33027422","E38000079","E63011473","D1","6B2",51.799709,-0.399072,"E37000048","","E23000027",32309,"E56000035","E54000025","E00120465","E01023724","E02004929"
"AL3 7ER","AL3  7ER","AL3 7ER","198001","","E10000015","E58000625","E07000240","E05013961","E04004806","0","510331","0212907","1","E18000006","E40000007","E92000001","E12000006","5","E14001268","E15000006","E24000005","E30000237","E16000150","E07000240","26UGGL","E00120460","26UGGL","E65000001","E01023725","E02004929","6","4D2","E00120460","E01023725","E02004929","E33027420","E38000079","E63011473","D1","6A4",51.803929,-0.401244,"E37000048","","E23000027",28225,"E56000035","E54000025","E00120460","E01023725","E02004929"
"AL3 7ES","AL3  7ES","AL3 7ES","198001","","E10000015","E58000625","E07000240","E05013961","E04004806","0","510206","0212750","1","E18000006","E40000007","E92000001","E12000006","5","E14001268","E15000006","E24000005","E30000237","E16000150","E07000240","26UGGL","E00120461","26UGGL","E65000001","E01023725","E02004929","6","4D2","E00120461","E01023725","E02004929","E33027421","E38000079","E63011473","D1","6A4",51.802542,-0.403106,"E37000048","","E23000027",28225,"E56000035","E54000025","E00120461","E01023725","E02004929"
"AL3 7ET","AL3  7ET","AL3 7ET","198001","","E10000015","E58000625","E07000240","E05013961","E04004806","1","510132","0212893","1","E18000006","E40000007","E92000001","E12000006","5","E14001268","E15000006","E24000005","E30000237","E16000150","E07000240","26UGGL","E00120461","26UGGL","E65000001","E01023725","E02004929","6","4D2","E00120461","E01023725","E02004929","E33027421","E38000079","E63011473","D1","6A4",51.803842,-0.404133,"E37000048","","E23000027",28225,"E56000035","E54000025","E00120461","E01023725","E02004929"
"AL3 7EU","AL3  7EU","AL3 7EU","198001","","E10000015","E58000625","E07000240","E05013961","E04004806","0","510215","0212664","1","E18000006","E40000007","E92000001","E12000006","5","E14001268","E15000006","E24000005","E30000237","E16000150","E07000240","26UGGL","E00120461","26UGGL","E65000001","E01023725","E02004929","6","4D2","E00120461","E01023725","E02004929","E33027421","E38000079","E63011473","D1","6A4",51.801775,-0.402979,"E37000048","","E23000027",28225,"E56000035","E54000025","E00120461","E01023725","E02004929"
"AL3 7EW","AL3  7EW","AL3 7EW","198001","","E10000015","E58000625","E07000240","E05013961","E04004806","0","510308","0212667","1","E18000006","E40000007","E92000001","E12000006","5","E14001268","E15000006","E24000005","E30000237","E16000150","E07000240","26UGGL","E00120461","26UGGL","E65000001","E01023725","E02004929","6","4D2","E00120461","E01023725","E02004929","E33027421","E38000079","E63011473","D1","6A4",51.801776,-0.401653,"E37000048","","E23000027",28225,"E56000035","E54000025","E00120461","E01023725","E02004929"
"AL3 7EX","AL3  7EX","AL3 7EX","198001","","E10000015","E58000625","E07000240","E05013961","E04004806","0","510133","0212560","1","E18000006","E40000007","E92000001","E12000006","5","E14001268","E15000006","E24000005","E30000237","E16000150","E07000240","26UGGL","E00120461","26UGGL","E65000001","E01023725","E02004929","6","4D2","E00120461","E01023725","E02004929","E33027421","E38000079","E63011473","D1","6A4",51.800856,-0.404201,"E37000048","","E23000027",28225,"E56000035","E54000025","E00120461","E01023725","E02004929"
"AL3 7EY","AL3  7EY","AL3 7EY","198001","","E10000015","E58000625","E07000240","E05013961","E04004806","0","510080","0212628","1","E18000006","E40000007","E92000001","E12000006","5","E14001268","E15000006","E24000005","E30000237","E16000150","E07000240","26UGGL","E00120462","26UGGL","E65000001","E01023723","E02004929","6","1A3","E00120462","E01023723","E02004929","E33027421","E38000079","E63011473","D1","8D2",51.801471,-0.404971,"E37000048","","E23000027",17275,"E56000035","E54000025","E00120462","E01023723","E02004929"
"AL3 7EZ","AL3  7EZ","AL3 7EZ","198001","","E10000015","E58000625","E07000240","E05013961","E04004806","0","510041","0212551","1","E18000006","E40000007","E92000001","E12000006","5","E14001268","E15000006","E24000005","E30000237","E16000150","E07000240","26UGGL","E00120459","26UGGL","E65000001","E01023723","E02004929","6","5B1","E00120459","E01023723","E02004929","E33027422","E38000079","E63011473","D1","8C1",51.800793,-0.405537,"E37000048","","E23000027",17275,"E56000035","E54000025","E00120459","E01023723","E02004929"
"AL3 7FA","AL3  7FA","AL3 7FA","201610","","E10000015","E58000625","E07000240","E05013961","E04004806","0","510745","0212080","1","E18000006","E40000007","E92000001","E12000006","5","E14001268","E15000006","E24000005","E30000237","E16000150","E07000240","26UGGL","E00120472","26UGGL","E65000001","E01023724","E02004929","6","6A1","E00120472","E01023724","E02004929","E33027424","E38000079","E63011473","D1","5B2",51.796421,-0.395482,"E37000048","","E23000027",32309,"E56000035","E54000025","E00120472","E01023724","E02004929"
"AL3 7FB","AL3  7FB","AL3 7FB","202005","","E10000015","E58000625","E07000240","E05013961","E04004806","0","510644","0212678","1","E18000006","E40000007","E92000001","E12000006","5","E14001268","E15000006","E24000005","E30000237","E16000150","E07000240","26UGGL","E00120460","26UGGL","E65000001","E01023725","E02004929","6","4D2","E00120460","E01023725","E02004929","E33027420","E38000079","E63011473","D1","6A4",51.801816,-0.396755,"E37000048","","E23000027",28225,"E56000035","E54000025","E00120460","E01023725","E02004929"
"AL3 7FD","AL3  7FD","AL3 7FD","201105","","E10000015","E58000625","E07000240","E05013961","E04004806","0","510754","0212390","1","E18000006","E40000007","E92000001","E12000006","5","E14001268","E15000006","E24000005","E30000237","E16000150","E07000240","26UGGL","E00120467","26UGGL","E65000001","E01023724","E02004929","6","6D1","E00120467","E01023724","E02004929","E33027423","E38000079","E63011473","D1","5B3",51.799199,-0.395276,"E37000048","","E23000027",32309,"E56000035","E54000025","E00120467","E01023724","E02004929"
"AL3 7FE","AL3  7FE","AL3 7FE","202206","","E10000015","E58000625","E07000240","E05013961","E04004806","0","510623","0212478","1","E18000006","E40000007","E92000001","E12000006","5","E14001268","E15000006","E24000005","E30000237","E16000150","E07000240","26UGGL","E00120467","26UGGL","E65000001","E01023724","E02004929","6","6D1","E00120467","E01023724","E02004929","E33027423","E38000079","E63011473","D1","5B3",51.799206,-0.395253,"E37000048","","E23000027",32309,"E56000035","E54000025","E00120466","E01023724","E02004929"
"AL3 7GA","AL3  7GA","AL3 7GA","199712","","E10000015","E58000625","E07000240","E05013961","E04004806","0","510464","0211926","1","E18000006","E40000007","E92000001","E12000006","5","E14001268","E15000006","E24000005","E30000237","E16000150","E07000240","26UGGL","E00120469","26UGGL","E65000001","E01023724","E02004929","6","4A2","E00120469","E01023724","E02004929","E33027424","E38000079","E63011473","D1","6A1",51.795086,-0.399628,"E37000048","","E23000027",32309,"E56000035","E54000025","E00120469","E01023724","E02004929"
"AL3 7GB","AL3  7GB","AL3 7GB","199512","200310","E10000015","E58000664","E07000240","E05013956","E43000290","1","517328","0206823","1","E18000006","E40000007","E92000001","E12000006","5","E14001507","E15000006","E24000005","E30000237","E16000150","E07000240","26UGFX","E00120196","26UGFX","E65000001","E01023667","E02004936","5","6D1","E00120196","E01023667","E02004936","E33027453","E38000079","E63011552","C1","5A2",51.747828,-0.301865,"E37000048","","E23000027",30628,"E56000035","E54000025","E00120196","E01023667","E02004936"
"AL3 7GD","AL3  7GD","AL3 7GD","199712","","E10000015","E58000625","E07000240","E05013961","E04004806","0","510531","0211838","1","E18000006","E40000007","E92000001","E12000006","5","E14001268","E15000006","E24000005","E30000237","E16000150","E07000240","26UGGL","E00120469","26UGGL","E65000001","E01023724","E02004929","6","4A2","E00120469","E01023724","E02004929","E33027424","E38000079","E63011473","D1","6A1",51.794282,-0.398685,"E37000048","","E23000027",32309,"E56000035","E54000025","E00120469","E01023724","E02004929"
"AL3 7GE","AL3  7GE","AL3 7GE","199712","","E10000015","E58000625","E07000240","E05013961","E04004806","0","510586","0211903","1","E18000006","E40000007","E92000001","E12000006","5","E14001268","E15000006","E24000005","E30000237","E16000150","E07000240","26UGGL","E00120469","26UGGL","E65000001","E01023724","E02004929","6","4A2","E00120469","E01023724","E02004929","E33027424","E38000079","E63011473","D1","6A1",51.794855,-0.397867,"E37000048","","E23000027",32309,"E56000035","E54000025","E00120469","E01023724","E02004929"
"AL3 7GF","AL3  7GF","AL3 7GF","200106","","E10000015","E58000625","E07000240","E05013961","E04004806","0","510545","0211971","1","E18000006","E40000007","E92000001","E12000006","5","E14001268","E15000006","E24000005","E30000237","E16000150","E07000240","26UGGL","E00120469","26UGGL","E65000001","E01023724","E02004929","6","4A2","E00120469","E01023724","E02004929","E33027424","E38000079","E63011473","D1","6A1",51.795474,-0.398439,"E37000048","","E23000027",32309,"E56000035","E54000025","E00120469","E01023724","E02004929"
"AL3 7GH","AL3  7GH","AL3 7GH","200604","","E10000015","E58000625","E07000240","E05013961","E04004806","0","510860","0212162","1","E18000006","E40000007","E92000001","E12000006","5","E14001268","E15000006","E24000005","E30000237","E16000150","E07000240","26UGGL","E00120467","26UGGL","E65000001","E01023724","E02004929","6","6D1","E00120467","E01023724","E02004929","E33027423","E38000079","E63011473","D1","5B3",51.797128,-0.393813,"E37000048","","E23000027",32309,"E56000035","E54000025","E00120467","E01023724","E02004929"
"AL3 7HA","AL3  7HA","AL3 7HA","198001","","E10000015","E58000625","E07000240","E05013961","E04004806","0","510047","0212511","1","E18000006","E40000007","E92000001","E12000006","5","E14001268","E15000006","E24000005","E30000237","E16000150","E07000240","26UGGL","E00120459","26UGGL","E65000001","E01023723","E02004929","6","5B1","E00120459","E01023723","E02004929","E33027422","E38000079","E63011473","D1","8C1",51.800426,-0.405486,"E37000048","","E23000027",17275,"E56000035","E54000025","E00120459","E01023723","E02004929"
"AL3 7HB","AL3  7HB","AL3 7HB","198001","","E10000015","E58000625","E07000240","E05013961","E04004806","0","510206","0212406","1","E18000006","E40000007","E92000001","E12000006","5","E14001268","E15000006","E24000005","E30000237","E16000150","E07000240","26UGGL","E00120468","26UGGL","E65000001","E01023723","E02004929","6","1C1","E00120468","E01023723","E02004929","E33027422","E38000079","E63011473","D1","8C1",51.799451,-0.403215,"E37000048","","E23000027",17275,"E56000035","E54000025","E00120468","E01023723","E02004929"
"AL3 7HD","AL3  7HD","AL3 7HD","198001","","E10000015","E58000625","E07000240","E05013961","E04004806","0","510296","0212319","1","E18000006","E40000007","E92000001","E12000006","5","E14001268","E15000006","E24000005","E30000237","E16000150","E07000240","26UGGL","E00120468","26UGGL","E65000001","E01023723","E02004929","6","1C1","E00120468","E01023723","E02004929","E33027422","E38000079","E63011473","D1","8C1",51.798651,-0.401938,"E37000048","","E23000027",17275,"E56000035","E54000025","E00120468","E01023723","E02004929"
"AL3 7HE","AL3  7HE","AL3 7HE","198001","","E10000015","E58000625","E07000240","E05013961","E04004806","0","510167","0212324","1","E18000006","E40000007","E92000001","E12000006","5","E14001268","E15000006","E24000005","E30000237","E16000150","E07000240","26UGGL","E00120468","26UGGL","E65000001","E01023723","E02004929","6","1C1","E00120468","E01023723","E02004929","E33027422","E38000079","E63011473","D1","8C1",51.798721,-0.403806,"E37000048","","E23000027",17275,"E56000035","E54000025","E00120468","E01023723","E02004929"
"AL3 7HF","AL3  7HF","AL3 7HF","198001","","E10000015","E58000625","E07000240","E05013961","E04004806","0","510121","0212396","1","E18000006","E40000007","E92000001","E12000006","5","E14001268","E15000006","E24000005","E30000237","E16000150","E07000240","26UGGL","E00120468","26UGGL","E65000001","E01023723","E02004929","6","1C1","E00120468","E01023723","E02004929","E33027422","E38000079","E63011473","D1","8C1",51.799377,-0.404450,"E37000048","","E23000027",17275,"E56000035","E54000025","E00120468","E01023723","E02004929"
"AL3 7HG","AL3  7HG","AL3 7HG","198001","","E10000015","E58000625","E07000240","E05013961","E04004806","0","510030","0212469","1","E18000006","E40000007","E92000001","E12000006","5","E14001268","E15000006","E24000005","E30000237","E16000150","E07000240","26UGGL","E00120459","26UGGL","E65000001","E01023723","E02004929","6","5B1","E00120459","E01023723","E02004929","E33027422","E38000079","E63011473","D1","8C1",51.800051,-0.405746,"E37000048","","E23000027",17275,"E56000035","E54000025","E00120459","E01023723","E02004929"
"AL3 7HH","AL3  7HH","AL3 7HH","199308","200602","E10000015","E58000664","E07000240","E05013956","E43000290","1","517328","0206823","1","E18000006","E40000007","E92000001","E12000006","5","E14001507","E15000006","E24000005","E30000237","E16000150","E07000240","26UGFX","E00120196","26UGFX","E65000001","E01023667","E02004936","5","6D1","E00120196","E01023667","E02004936","E33027453","E38000079","E63011552","C1","5A2",51.747828,-0.301865,"E37000048","","E23000027",30628,"E56000035","E54000025","E00120196","E01023667","E02004936"
"AL3 7HJ","AL3  7HJ","AL3 7HJ","199405","200611","E10000015","E58000664","E07000240","E05013956","E43000290","1","517328","0206823","1","E18000006","E40000007","E92000001","E12000006","5","E14001507","E15000006","E24000005","E30000237","E16000150","E07000240","26UGFX","E00120196","26UGFX","E65000001","E01023667","E02004936","5","6D1","E00120196","E01023667","E02004936","E33027453","E38000079","E63011552","C1","5A2",51.747828,-0.301865,"E37000048","","E23000027",30628,"E56000035","E54000025","E00120196","E01023667","E02004936"
"AL3 7HL","AL3  7HL","AL3 7HL","199501","199912","E10000015","E58000625","E07000240","E05013961","E04004806","1","510328","0212311","6","E18000006","E40000007","E92000001","E12000006","5","E14001268","E15000006","E24000005","E30000237","E16000150","E07000240","26UGGL","E00120468","26UGGL","E65000001","E01023723","E02004929","6","1C1","E00120468","E01023723","E02004929","E33027422","E38000079","E63011473","D1","8C1",51.798573,-0.401477,"E37000048","","E23000027",17275,"E56000035","E54000025","E00120468","E01023723","E02004929"
"AL3 7HN","AL3  7HN","AL3 7HN","200309","","E10000015","E58000625","E07000240","E05013961","E04004806","0","510745","0212457","1","E18000006","E40000007","E92000001","E12000006","5","E14001268","E15000006","E24000005","E30000237","E16000150","E07000240","26UGGL","E00120467","26UGGL","E65000001","E01023724","E02004929","6","6D1","E00120467","E01023724","E02004929","E33027423","E38000079","E63011473","D1","5B3",51.799810,-0.395362,"E37000048","","E23000027",32309,"E56000035","E54000025","E00120467","E01023724","E02004929"
"AL3 7HP","AL3  7HP","AL3 7HP","198001","","E10000015","E58000625","E07000240","E05013961","E04004806","0","510126","0212138","1","E18000006","E40000007","E92000001","E12000006","5","E14001268","E15000006","E24000005","E30000237","E16000150","E07000240","26UGGL","E00120471","26UGGL","E65000001","E01023722","E02004929","6","4D2","E00120471","E01023722","E02004929","E33027422","E38000079","E63011473","D1","6B4",51.797065,-0.404436,"E37000048","","E23000027",14574,"E56000035","E54000025","E00120471","E01023722","E02004929"
"AL3 7HQ","AL3  7HQ","AL3 7HQ","198504","","E10000015","E58000625","E07000240","E05013961","E04004806","0","510033","0212396","1","E18000006","E40000007","E92000001","E12000006","5","E14001268","E15000006","E24000005","E30000237","E16000150","E07000240","26UGGL","E00120464","26UGGL","E65000001","E01023723","E02004929","6","6B2","E00120464","E01023723","E02004929","E33027422","E38000079","E63011473","D1","5B3",51.799395,-0.405726,"E37000048","","E23000027",17275,"E56000035","E54000025","E00120464","E01023723","E02004929"
"AL3 7HR","AL3  7HR","AL3 7HR","198001","","E10000015","E58000625","E07000240","E05013961","E04004806","0","510241","0212137","1","E18000006","E40000007","E92000001","E12000006","5","E14001268","E15000006","E24000005","E30000237","E16000150","E07000240","26UGGL","E00120468","26UGGL","E65000001","E01023723","E02004929","6","1C1","E00120468","E01023723","E02004929","E33027422","E38000079","E63011473","D1","8C1",51.797026,-0.402793,"E37000048","","E23000027",17275,"E56000035","E54000025","E00120468","E01023723","E02004929"
"AL3 7HS","AL3  7HS","AL3 7HS","198001","","E10000015","E58000625","E07000240","E05013961","E04004806","0","510265","0212224","1","E18000006","E40000007","E92000001","E12000006","5","E14001268","E15000006","E24000005","E30000237","E16000150","E07000240","26UGGL","E00120468","26UGGL","E65000001","E01023723","E02004929","6","1C1","E00120468","E01023723","E02004929","E33027422","E38000079","E63011473","D1","8C1",51.797803,-0.402417,"E37000048","","E23000027",17275,"E56000035","E54000025","E00120468","E01023723","E02004929"
"AL3 7HT","AL3  7HT","AL3 7HT","198001","","E10000015","E58000625","E07000240","E05013961","E04004806","0","510132","0212256","1","E18000006","E40000007","E92000001","E12000006","5","E14001268","E15000006","E24000005","E30000237","E16000150","E07000240","26UGGL","E00120464","26UGGL","E65000001","E01023723","E02004929","6","6B2","E00120464","E01023723","E02004929","E33027422","E38000079","E63011473","D1","5B3",51.798124,-0.404312,"E37000048","","E23000027",17275,"E56000035","E54000025","E00120464","E01023723","E02004929"
"AL3 7HU","AL3  7HU","AL3 7HU","198001","","E10000015","E58000625","E07000240","E05013961","E04004806","0","510118","0212192","1","E18000006","E40000007","E92000001","E12000006","5","E14001268","E15000006","E24000005","E30000237","E16000150","E07000240","26UGGL","E00120464","26UGGL","E65000001","E01023723","E02004929","6","6B2","E00120464","E01023723","E02004929","E33027422","E38000079","E63011473","D1","5B3",51.797552,-0.404535,"E37000048","","E23000027",17275,"E56000035","E54000025","E00120464","E01023723","E02004929"
"AL3 7HW","AL3  7HW","AL3 7HW","199208","","E10000015","E58000625","E07000240","E05013961","E04004806","0","510730","0212255","1","E18000006","E40000007","E92000001","E12000006","5","E14001268","E15000006","E24000005","E30000237","E16000150","E07000240","26UGGL","E00120466","26UGGL","E65000001","E01023724","E02004929","6","6B2","E00120466","E01023724","E02004929","E33027424","E38000079","E63011473","D1","5B3",51.797997,-0.395644,"E37000048","","E23000027",32309,"E56000035","E54000025","E00120466","E01023724","E02004929"
"AL3 7HX","AL3  7HX","AL3 7HX","198001","","E10000015","E58000625","E07000240","E05013961","E04004806","0","510082","0212104","1","E18000006","E40000007","E92000001","E12000006","5","E14001268","E15000006","E24000005","E30000237","E16000150","E07000240","26UGGL","E00120471","26UGGL","E65000001","E01023722","E02004929","6","4D2","E00120471","E01023722","E02004929","E33027422","E38000079","E63011473","D1","6B4",51.796761,-0.405108,"E37000048","","E23000027",14574,"E56000035","E54000025","E00120471","E01023722","E02004929"
"AL3 7HY","AL3  7HY","AL3 7HY","198001","","E10000015","E58000625","E07000240","E05013961","E04004806","0","510054","0212311","1","E18000006","E40000007","E92000001","E12000006","5","E14001268","E15000006","E24000005","E30000237","E16000150","E07000240","26UGGL","E00120464","26UGGL","E65000001","E01023723","E02004929","6","6B2","E00120464","E01023723","E02004929","E33027422","E38000079","E63011473","D1","5B3",51.798634,-0.405425,"E37000048","","E23000027",17275,"E56000035","E54000025","E00120464","E01023723","E02004929"
"AL3 7HZ","AL3  7HZ","AL3 7HZ","198001","","E10000015","E58000625","E07000240","E05013961","E04004806","0","509898","0212391","1","E18000006","E40000007","E92000001","E12000006","5","E14001268","E15000006","E24000005","E30000237","E16000150","E07000240","26UGGL","E00120470","26UGGL","E65000001","E01023723","E02004929","6","5B1","E00120470","E01023723","E02004929","E33027422","E38000079","E63011473","D1","8C1",51.799383,-0.407661,"E37000048","","E23000027",17275,"E56000035","E54000025","E00120470","E01023723","E02004929"
"AL3 7JA","AL3  7JA","AL3 7JA","198001","","E10000015","E58000625","E07000240","E05013961","E04004806","0","509949","0212535","1","E18000006","E40000007","E92000001","E12000006","5","E14001268","E15000006","E24000005","E30000237","E16000150","E07000240","26UGGL","E00120470","26UGGL","E65000001","E01023723","E02004929","6","5B1","E00120470","E01023723","E02004929","E33027422","E38000079","E63011473","D1","8C1",51.800660,-0.406899,"E37000048","","E23000027",17275,"E56000035","E54000025","E00120470","E01023723","E02004929"
"AL3 7JB","AL3  7JB","AL3 7JB","198001","","E10000015","E58000625","E07000240","E05013961","E04004806","0","509944","0212586","1","E18000006","E40000007","E92000001","E12000006","5","E14001268","E15000006","E24000005","E30000237","E16000150","E07000240","26UGGL","E00120459","26UGGL","E65000001","E01023723","E02004929","6","5B1","E00120459","E01023723","E02004929","E33027422","E38000079","E63011473","D1","8C1",51.801120,-0.406956,"E37000048","","E23000027",17275,"E56000035","E54000025","E00120459","E01023723","E02004929"
"AL3 7JD","AL3  7JD","AL3 7JD","198001","","E10000015","E58000625","E07000240","E05013961","E04004806","0","509806","0212540","1","E18000006","E40000007","E92000001","E12000006","5","E14001268","E15000006","E24000005","E30000237","E16000150","E07000240","26UGGL","E00120459","26UGGL","E65000001","E01023723","E02004929","6","5B1","E00120459","E01023723","E02004929","E33027422","E38000079","E63011473","D1","8C1",51.800741,-0.408947,"E37000048","","E23000027",17275,"E56000035","E54000025","E00120459","E01023723","E02004929"
"AL3 7JE","AL3  7JE","AL3 7JE","198001","","E10000015","E58000625","E07000240","E05013961","E04004806","0","509748","0212714","1","E18000006","E40000007","E92000001","E12000006","5","E14001268","E15000006","E24000005","E30000237","E16000150","E07000240","26UGGL","E00120459","26UGGL","E65000001","E01023723","E02004929","6","5B1","E00120459","E01023723","E02004929","E33027422","E38000079","E63011473","D1","8C1",51.802316,-0.409733,"E37000048","","E23000027",17275,"E56000035","E54000025","E00120459","E01023723","E02004929"
"AL3 7JF","AL3  7JF","AL3 7JF","198001","","E10000015","E58000625","E07000240","E05013961","E04004806","0","509906","0212709","1","E18000006","E40000007","E92000001","E12000006","5","E14001268","E15000006","E24000005","E30000237","E16000150","E07000240","26UGGL","E00120462","26UGGL","E65000001","E01023723","E02004929","6","1A3","E00120462","E01023723","E02004929","E33027421","E38000079","E63011473","D1","8D2",51.802240,-0.407444,"E37000048","","E23000027",17275,"E56000035","E54000025","E00120462","E01023723","E02004929"
"AL3 7JG","AL3  7JG","AL3 7JG","198001","","E10000015","E58000625","E07000240","E05013961","E04004806","0","509938","0212787","1","E18000006","E40000007","E92000001","E12000006","5","E14001268","E15000006","E24000005","E30000237","E16000150","E07000240","26UGGL","E00120462","26UGGL","E65000001","E01023723","E02004929","6","1A3","E00120462","E01023723","E02004929","E33027421","E38000079","E63011473","D1","8D2",51.802935,-0.406955,"E37000048","","E23000027",17275,"E56000035","E54000025","E00120462","E01023723","E02004929"
"AL3 7JH","AL3  7JH","AL3 7JH","198001","","E10000015","E58000625","E07000240","E05013961","E04004806","0","509271","0212982","1","E18000006","E40000007","E92000001","E12000006","5","E14001268","E15000006","E24000005","E30000237","E16000150","E07000240","26UGGL","E00120460","26UGGL","E65000001","E01023725","E02004929","6","4D2","E00120460","E01023725","E02004929","E33027420","E38000079","","D1","6A4",51.804811,-0.416587,"E37000048","","E23000027",28225,"E56000035","E54000025","E00120460","E01023725","E02004929"
"AL3 7JJ","AL3  7JJ","AL3 7JJ","198001","","E10000015","E58000625","E07000240","E05013961","E04004806","0","509615","0213093","1","E18000006","E40000007","E92000001","E12000006","5","E14001268","E15000006","E24000005","E30000237","E16000150","E07000240","26UGGL","E00120460","26UGGL","E65000001","E01023725","E02004929","6","4D2","E00120460","E01023725","E02004929","E33027420","E38000079","","D1","6A4",51.805741,-0.411565,"E37000048","","E23000027",28225,"E56000035","E54000025","E00120460","E01023725","E02004929"
"AL3 7JL","AL3  7JL","AL3 7JL","198001","","E10000015","E58000625","E07000240","E05013961","E04004806","0","509053","0213621","1","E18000006","E40000007","E92000001","E12000006","5","E14001268","E15000006","E24000005","E30000237","E16000150","E07000240","26UGGL","E00120460","26UGGL","E65000001","E01023725","E02004929","6","4D2","E00120460","E01023725","E02004929","E33027420","E38000079","","D1","6A4",51.810604,-0.419523,"E37000048","","E23000027",28225,"E56000035","E54000025","E00120460","E01023725","E02004929"
"AL3 7JN","AL3  7JN","AL3 7JN","198001","","E10000015","E58000625","E07000240","E05013961","E04004806","0","510052","0212174","1","E18000006","E40000007","E92000001","E12000006","5","E14001268","E15000006","E24000005","E30000237","E16000150","E07000240","26UGGL","E00120470","26UGGL","E65000001","E01023723","E02004929","6","5B1","E00120470","E01023723","E02004929","E33027422","E38000079","E63011473","D1","8C1",51.797647,-0.405619,"E37000048","","E23000027",17275,"E56000035","E54000025","E00120470","E01023723","E02004929"
"AL3 7JP","AL3  7JP","AL3 7JP","198001","","E10000015","E58000625","E07000240","E05013961","E04004806","0","509994","0212247","1","E18000006","E40000007","E92000001","E12000006","5","E14001268","E15000006","E24000005","E30000237","E16000150","E07000240","26UGGL","E00120464","26UGGL","E65000001","E01023723","E02004929","6","6B2","E00120464","E01023723","E02004929","E33027422","E38000079","E63011473","D1","5B3",51.798063,-0.406338,"E37000048","","E23000027",17275,"E56000035","E54000025","E00120464","E01023723","E02004929"
"AL3 7JQ","AL3  7JQ","AL3 7JQ","198001","","E10000015","E58000625","E07000240","E05013961","E04004806","0","509874","0212814","1","E18000006","E40000007","E92000001","E12000006","5","E14001268","E15000006","E24000005","E30000237","E16000150","E07000240","26UGGL","E00120462","26UGGL","E65000001","E01023723","E02004929","6","1A3","E00120462","E01023723","E02004929","E33027421","E38000079","E63011473","D1","8D2",51.803183,-0.407898,"E37000048","","E23000027",17275,"E56000035","E54000025","E00120462","E01023723","E02004929"
"AL3 7JR","AL3  7JR","AL3 7JR","198001","","E10000015","E58000625","E07000240","E05013961","E04004806","0","509914","0212265","1","E18000006","E40000007","E92000001","E12000006","5","E14001268","E15000006","E24000005","E30000237","E16000150","E07000240","26UGGL","E00120464","26UGGL","E65000001","E01023723","E02004929","6","6B2","E00120464","E01023723","E02004929","E33027422","E38000079","E63011473","D1","5B3",51.798241,-0.407492,"E37000048","","E23000027",17275,"E56000035","E54000025","E00120464","E01023723","E02004929"
"AL3 7JS","AL3  7JS","AL3 7JS","198001","","E10000015","E58000625","E07000240","E05013961","E04004806","0","509970","0212511","1","E18000006","E40000007","E92000001","E12000006","5","E14001268","E15000006","E24000005","E30000237","E16000150","E07000240","26UGGL","E00120470","26UGGL","E65000001","E01023723","E02004929","6","5B1","E00120470","E01023723","E02004929","E33027422","E38000079","E63011473","D1","8C1",51.800448,-0.406579,"E37000048","","E23000027",17275,"E56000035","E54000025","E00120470","E01023723","E02004929"
"AL3 7JT","AL3  7JT","AL3 7JT","199101","","E10000015","E58000625","E07000240","E05013961","E04004806","0","510766","0212354","1","E18000006","E40000007","E92000001","E12000006","5","E14001268","E15000006","E24000005","E30000237","E16000150","E07000240","26UGGL","E00120467","26UGGL","E65000001","E01023724","E02004929","6","6D1","E00120467","E01023724","E02004929","E33027423","E38000079","E63011473","D1","5B3",51.798880,-0.395090,"E37000048","","E23000027",32309,"E56000035","E54000025","E00120467","E01023724","E02004929"
"AL3 7JU","AL3  7JU","AL3 7JU","198001","","E10000015","E58000625","E07000240","E05013961","E04004806","0","510757","0212498","1","E18000006","E40000007","E92000001","E12000006","5","E14001268","E15000006","E24000005","E30000237","E16000150","E07000240","26UGGL","E00120463","26UGGL","E65000001","E01023725","E02004929","6","4B3","E00120463","E01023725","E02004929","E33027423","E38000079","E63011473","D1","6A2",51.800176,-0.395175,"E37000048","","E23000027",28225,"E56000035","E54000025","E00120463","E01023725","E02004929"
"AL3 7JW","AL3  7JW","AL3 7JW","198001","","E10000015","E58000625","E07000240","E05013961","E04004806","0","510022","0212287","1","E18000006","E40000007","E92000001","E12000006","5","E14001268","E15000006","E24000005","E30000237","E16000150","E07000240","26UGGL","E00120464","26UGGL","E65000001","E01023723","E02004929","6","6B2","E00120464","E01023723","E02004929","E33027422","E38000079","E63011473","D1","5B3",51.798417,-0.405920,"E37000048","","E23000027",17275,"E56000035","E54000025","E00120464","E01023723","E02004929"
"AL3 7JX","AL3  7JX","AL3 7JX","198001","","E10000015","E58000625","E07000240","E05013961","E04004806","0","510842","0212433","1","E18000006","E40000007","E92000001","E12000006","5","E14001268","E15000006","E24000005","E30000237","E16000150","E07000240","26UGGL","E00120467","26UGGL","E65000001","E01023724","E02004929","6","6D1","E00120467","E01023724","E02004929","E33027423","E38000079","E63011473","D1","5B3",51.799574,-0.393905,"E37000048","","E23000027",32309,"E56000035","E54000025","E00120467","E01023724","E02004929"
"AL3 7JY","AL3  7JY","AL3 7JY","198001","","E10000015","E58000625","E07000240","E05013961","E04004806","0","510859","0212354","1","E18000006","E40000007","E92000001","E12000006","5","E14001268","E15000006","E24000005","E30000237","E16000150","E07000240","26UGGL","E00120467","26UGGL","E65000001","E01023724","E02004929","6","6D1","E00120467","E01023724","E02004929","E33027423","E38000079","E63011473","D1","5B3",51.798854,-0.393766,"E37000048","","E23000027",32309,"E56000035","E54000025","E00120467","E01023724","E02004929"
"AL3 7JZ","AL3  7JZ","AL3 7JZ","198001","","E10000015","E58000625","E07000240","E05013961","E04004806","0","510887","0212298","1","E18000006","E40000007","E92000001","E12000006","5","E14001268","E15000006","E24000005","E30000237","E16000150","E07000240","26UGGL","E00120467","26UGGL","E65000001","E01023724","E02004929","6","6D1","E00120467","E01023724","E02004929","E33027423","E38000079","E63011473","D1","5B3",51.798345,-0.393378,"E37000048","","E23000027",32309,"E56000035","E54000025","E00120467","E01023724","E02004929"
"AL3 7LA","AL3  7LA","AL3 7LA","198001","","E10000015","E58000625","E07000240","E05013961","E04004806","0","510986","0212305","1","E18000006","E40000007","E92000001","E12000006","5","E14001268","E15000006","E24000005","E30000237","E16000150","E07000240","26UGGL","E00120467","26UGGL","E65000001","E01023724","E02004929","6","6D1","E00120467","E01023724","E02004929","E33027423","E38000079","E63011473","D1","5B3",51.798389,-0.391941,"E37000048","","E23000027",32309,"E56000035","E54000025","E00120467","E01023724","E02004929"
"AL3 7LB","AL3  7LB","AL3 7LB","198001","","E10000015","E58000625","E07000240","E05013961","E04004806","0","510828","0212239","1","E18000006","E40000007","E92000001","E12000006","5","E14001268","E15000006","E24000005","E30000237","E16000150","E07000240","26UGGL","E00120467","26UGGL","E65000001","E01023724","E02004929","6","6D1","E00120467","E01023724","E02004929","E33027423","E38000079","E63011473","D1","5B3",51.797834,-0.394228,"E37000048","","E23000027",32309,"E56000035","E54000025","E00120467","E01023724","E02004929"
"AL3 7LD","AL3  7LD","AL3 7LD","198001","","E10000015","E58000625","E07000240","E05013961","E04004806","0","510914","0212232","1","E18000006","E40000007","E92000001","E12000006","5","E14001268","E15000006","E24000005","E30000237","E16000150","E07000240","26UGGL","E00120467","26UGGL","E65000001","E01023724","E02004929","6","6D1","E00120467","E01023724","E02004929","E33027423","E38000079","E63011473","D1","5B3",51.797754,-0.392984,"E37000048","","E23000027",32309,"E56000035","E54000025","E00120467","E01023724","E02004929"
"AL3 7LE","AL3  7LE","AL3 7LE","198001","","E10000015","E58000625","E07000240","E05013961","E04004806","0","510850","0212158","1","E18000006","E40000007","E92000001","E12000006","5","E14001268","E15000006","E24000005","E30000237","E16000150","E07000240","26UGGL","E00120467","26UGGL","E65000001","E01023724","E02004929","6","6D1","E00120467","E01023724","E02004929","E33027423","E38000079","E63011473","D1","5B3",51.797101,-0.393935,"E37000048","","E23000027",32309,"E56000035","E54000025","E00120467","E01023724","E02004929"
"AL3 7LF","AL3  7LF","AL3 7LF","199201","","E10000015","E58000625","E07000240","E05013961","E04004806","0","509878","0212473","1","E18000006","E40000007","E92000001","E12000006","5","E14001268","E15000006","E24000005","E30000237","E16000150","E07000240","26UGGL","E00120459","26UGGL","E65000001","E01023723","E02004929","6","5B1","E00120459","E01023723","E02004929","E33027422","E38000079","E63011473","D1","8C1",51.800124,-0.407925,"E37000048","","E23000027",17275,"E56000035","E54000025","E00120459","E01023723","E02004929"
"AL3 7LG","AL3  7LG","AL3 7LG","198402","","E10000015","E58000625","E07000240","E05013961","E04004806","0","510888","0212125","1","E18000006","E40000007","E92000001","E12000006","5","E14001268","E15000006","E24000005","E30000237","E16000150","E07000240","26UGGL","E00120467","26UGGL","E65000001","E01023724","E02004929","6","6D1","E00120467","E01023724","E02004929","E33027423","E38000079","E63011473","D1","5B3",51.796790,-0.393419,"E37000048","","E23000027",32309,"E56000035","E54000025","E00120467","E01023724","E02004929"
"AL3 7LH","AL3  7LH","AL3 7LH","198001","","E10000015","E58000625","E07000240","E05013961","E04004806","0","510866","0212050","1","E18000006","E40000007","E92000001","E12000006","5","E14001268","E15000006","E24000005","E30000237","E16000150","E07000240","26UGGL","E00120467","26UGGL","E65000001","E01023724","E02004929","6","6D1","E00120467","E01023724","E02004929","E33027423","E38000079","E63011473","D1","5B3",51.796128,-0.393738,"E37000048","","E23000027",32309,"E56000035","E54000025","E00120467","E01023724","E02004929"
"AL3 7LJ","AL3  7LJ","AL3 7LJ","198001","","E10000015","E58000625","E07000240","E05013961","E04004806","0","510849","0212106","1","E18000006","E40000007","E92000001","E12000006","5","E14001268","E15000006","E24000005","E30000237","E16000150","E07000240","26UGGL","E00120467","26UGGL","E65000001","E01023724","E02004929","6","6D1","E00120467","E01023724","E02004929","E33027423","E38000079","E63011473","D1","5B3",51.796634,-0.393966,"E37000048","","E23000027",32309,"E56000035","E54000025","E00120467","E01023724","E02004929"
"AL3 7LL","AL3  7LL","AL3 7LL","198001","","E10000015","E58000625","E07000240","E05013961","E04004806","0","510807","0212170","1","E18000006","E40000007","E92000001","E12000006","5","E14001268","E15000006","E24000005","E30000237","E16000150","E07000240","26UGGL","E00120466","26UGGL","E65000001","E01023724","E02004929","6","6B2","E00120466","E01023724","E02004929","E33027424","E38000079","E63011473","D1","5B3",51.797211,-0.394578,"E37000048","","E23000027",32309,"E56000035","E54000025","E00120466","E01023724","E02004929"
"AL3 7LN","AL3  7LN","AL3 7LN","198001","","E10000015","E58000625","E07000240","E05013961","E04004806","0","510722","0212369","1","E18000006","E40000007","E92000001","E12000006","5","E14001268","E15000006","E24000005","E30000237","E16000150","E07000240","26UGGL","E00120466","26UGGL","E65000001","E01023724","E02004929","6","6B2","E00120466","E01023724","E02004929","E33027424","E38000079","E63011473","D1","5B3",51.799023,-0.395723,"E37000048","","E23000027",32309,"E56000035","E54000025","E00120466","E01023724","E02004929"
"AL3 7LP","AL3  7LP","AL3 7LP","198001","","E10000015","E58000625","E07000240","E05013961","E04004806","0","510748","0212121","1","E18000006","E40000007","E92000001","E12000006","5","E14001268","E15000006","E24000005","E30000237","E16000150","E07000240","26UGGL","E00120466","26UGGL","E65000001","E01023724","E02004929","6","6B2","E00120466","E01023724","E02004929","E33027424","E38000079","E63011473","D1","5B3",51.796782,-0.395449,"E37000048","","E23000027",32309,"E56000035","E54000025","E00120466","E01023724","E02004929"
"AL3 7LQ","AL3  7LQ","AL3 7LQ","201607","","E10000015","E58000625","E07000240","E05013961","E04004806","0","510803","0212349","1","E18000006","E40000007","E92000001","E12000006","5","E14001268","E15000006","E24000005","E30000237","E16000150","E07000240","26UGGL","E00120467","26UGGL","E65000001","E01023724","E02004929","6","6D1","E00120467","E01023724","E02004929","E33027423","E38000079","E63011473","D1","5B3",51.798820,-0.394579,"E37000048","","E23000027",32309,"E56000035","E54000025","E00120467","E01023724","E02004929"
"AL3 7LR","AL3  7LR","AL3 7LR","198001","","E10000015","E58000625","E07000240","E05013961","E04004806","0","510813","0211985","1","E18000006","E40000007","E92000001","E12000006","5","E14001268","E15000006","E24000005","E30000237","E16000150","E07000240","26UGGL","E00120472","26UGGL","E65000001","E01023724","E02004929","6","6A1","E00120472","E01023724","E02004929","E33027424","E38000079","E63011473","D1","5B2",51.795554,-0.394527,"E37000048","","E23000027",32309,"E56000035","E54000025","E00120472","E01023724","E02004929"
"AL3 7LS","AL3  7LS","AL3 7LS","198001","","E10000015","E58000625","E07000240","E05013961","E04004806","0","510703","0211950","1","E18000006","E40000007","E92000001","E12000006","5","E14001268","E15000006","E24000005","E30000237","E16000150","E07000240","26UGGL","E00120472","26UGGL","E65000001","E01023724","E02004929","6","6A1","E00120472","E01023724","E02004929","E33027424","E38000079","E63011473","D1","5B2",51.795261,-0.396132,"E37000048","","E23000027",32309,"E56000035","E54000025","E00120472","E01023724","E02004929"
"AL3 7LT","AL3  7LT","AL3 7LT","198001","","E10000015","E58000625","E07000240","E05013961","E04004806","0","510720","0211875","1","E18000006","E40000007","E92000001","E12000006","5","E14001268","E15000006","E24000005","E30000237","E16000150","E07000240","26UGGL","E00120472","26UGGL","E65000001","E01023724","E02004929","6","6A1","E00120472","E01023724","E02004929","E33027424","E38000079","E63011473","D1","5B2",51.794584,-0.395910,"E37000048","","E23000027",32309,"E56000035","E54000025","E00120472","E01023724","E02004929"
"AL3 7LU","AL3  7LU","AL3 7LU","198001","","E10000015","E58000625","E07000240","E05013961","E04004806","0","510674","0212044","1","E18000006","E40000007","E92000001","E12000006","5","E14001268","E15000006","E24000005","E30000237","E16000150","E07000240","26UGGL","E00120472","26UGGL","E65000001","E01023724","E02004929","6","6A1","E00120472","E01023724","E02004929","E33027424","E38000079","E63011473","D1","5B2",51.796112,-0.396523,"E37000048","","E23000027",32309,"E56000035","E54000025","E00120472","E01023724","E02004929"
"AL3 7LW","AL3  7LW","AL3 7LW","198001","","E10000015","E58000625","E07000240","E05013961","E04004806","0","510726","0212414","1","E18000006","E40000007","E92000001","E12000006","5","E14001268","E15000006","E24000005","E30000237","E16000150","E07000240","26UGGL","E00120467","26UGGL","E65000001","E01023724","E02004929","6","6D1","E00120467","E01023724","E02004929","E33027423","E38000079","E63011473","D1","5B3",51.799427,-0.395651,"E37000048","","E23000027",32309,"E56000035","E54000025","E00120467","E01023724","E02004929"
"AL3 7LX","AL3  7LX","AL3 7LX","198001","","E10000015","E58000625","E07000240","E05013961","E04004806","0","510732","0212155","1","E18000006","E40000007","E92000001","E12000006","5","E14001268","E15000006","E24000005","E30000237","E16000150","E07000240","26UGGL","E00120469","26UGGL","E65000001","E01023724","E02004929","6","4A2","E00120469","E01023724","E02004929","E33027424","E38000079","E63011473","D1","6A1",51.797091,-0.395670,"E37000048","","E23000027",32309,"E56000035","E54000025","E00120469","E01023724","E02004929"
"AL3 7LY","AL3  7LY","AL3 7LY","198001","","E10000015","E58000625","E07000240","E05013961","E04004806","0","510710","0212184","1","E18000006","E40000007","E92000001","E12000006","5","E14001268","E15000006","E24000005","E30000237","E16000150","E07000240","26UGGL","E00120469","26UGGL","E65000001","E01023724","E02004929","6","4A2","E00120469","E01023724","E02004929","E33027424","E38000079","E63011473","D1","6A1",51.797356,-0.395980,"E37000048","","E23000027",32309,"E56000035","E54000025","E00120469","E01023724","E02004929"
"AL3 7LZ","AL3  7LZ","AL3 7LZ","198001","","E10000015","E58000625","E07000240","E05013961","E04004806","0","510788","0212238","1","E18000006","E40000007","E92000001","E12000006","5","E14001268","E15000006","E24000005","E30000237","E16000150","E07000240","26UGGL","E00120466","26UGGL","E65000001","E01023724","E02004929","6","6B2","E00120466","E01023724","E02004929","E33027424","E38000079","E63011473","D1","5B3",51.797826,-0.394832,"E37000048","","E23000027",32309,"E56000035","E54000025","E00120466","E01023724","E02004929"
"AL3 7NA","AL3  7NA","AL3 7NA","198001","199812","E10000015","E58000625","E07000240","E05013961","E04004806","1","510632","0212268","1","E18000006","E40000007","E92000001","E12000006","5","E14001268","E15000006","E24000005","E30000237","E16000150","E07000240","26UGGL","E00120466","26UGGL","E65000001","E01023724","E02004929","6","6B2","E00120466","E01023724","E02004929","E33027424","E38000079","E63011473","D1","5B3",51.798126,-0.397084,"E37000048","","E23000027",32309,"E56000035","E54000025","E00120466","E01023724","E02004929"
"AL3 7NB","AL3  7NB","AL3 7NB","198001","","E10000015","E58000625","E07000240","E05013961","E04004806","0","510562","0212030","1","E18000006","E40000007","E92000001","E12000006","5","E14001268","E15000006","E24000005","E30000237","E16000150","E07000240","26UGGL","E00120469","26UGGL","E65000001","E01023724","E02004929","6","4A2","E00120469","E01023724","E02004929","E33027424","E38000079","E63011473","D1","6A1",51.796001,-0.398174,"E37000048","","E23000027",32309,"E56000035","E54000025","E00120469","E01023724","E02004929"
"AL3 7ND","AL3  7ND","AL3 7ND","198001","","E10000015","E58000625","E07000240","E05013961","E04004806","0","510403","0211945","1","E18000006","E40000007","E92000001","E12000006","5","E14001268","E15000006","E24000005","E30000237","E16000150","E07000240","26UGGL","E00120471","26UGGL","E65000001","E01023722","E02004929","6","4D2","E00120471","E01023722","E02004929","E33027422","E38000079","E63011473","D1","6B4",51.795268,-0.400506,"E37000048","","E23000027",14574,"E56000035","E54000025","E00120471","E01023722","E02004929"
"AL3 7NE","AL3  7NE","AL3 7NE","198001","199912","E10000015","E58000625","E07000240","E05013961","E04004806","1","510493","0211947","3","E18000006","E40000007","E92000001","E12000006","5","E14001268","E15000006","E24000005","E30000237","E16000150","E07000240","26UGGL","E00120469","26UGGL","E65000001","E01023724","E02004929","6","4A2","E00120469","E01023724","E02004929","E33027424","E38000079","E63011473","D1","6A1",51.795269,-0.399201,"E37000048","","E23000027",32309,"E56000035","E54000025","E00120469","E01023724","E02004929"
"AL3 7NF","AL3  7NF","AL3 7NF","198001","200006","E10000015","E58000625","E07000240","E05013961","E04004806","1","510493","0211947","3","E18000006","E40000007","E92000001","E12000006","5","E14001268","E15000006","E24000005","E30000237","E16000150","E07000240","26UGGL","E00120469","26UGGL","E65000001","E01023724","E02004929","6","4A2","E00120469","E01023724","E02004929","E33027424","E38000079","E63011473","D1","6A1",51.795269,-0.399201,"E37000048","","E23000027",32309,"E56000035","E54000025","E00120469","E01023724","E02004929"
"AL3 7NG","AL3  7NG","AL3 7NG","198001","","E10000015","E58000625","E07000240","E05013961","E04004806","0","510344","0211892","1","E18000006","E40000007","E92000001","E12000006","5","E14001268","E15000006","E24000005","E30000237","E16000150","E07000240","26UGGL","E00120471","26UGGL","E65000001","E01023722","E02004929","6","4D2","E00120471","E01023722","E02004929","E33027422","E38000079","E63011473","D1","6B4",51.794811,-0.401354,"E37000048","","E23000027",14574,"E56000035","E54000025","E00120471","E01023722","E02004929"
"AL3 7NH","AL3  7NH","AL3 7NH","198001","","E10000015","E58000625","E07000240","E05013961","E04004806","0","510536","0211741","1","E18000006","E40000007","E92000001","E12000006","5","E14001268","E15000006","E24000005","E30000237","E16000150","E07000240","26UGGL","E00120469","26UGGL","E65000001","E01023724","E02004929","6","4A2","E00120469","E01023724","E02004929","E33027424","E38000079","E63011473","D1","6A1",51.793409,-0.398643,"E37000048","","E23000027",32309,"E56000035","E54000025","E00120469","E01023724","E02004929"
"AL3 7NJ","AL3  7NJ","AL3 7NJ","198001","","E10000015","E58000625","E07000240","E05013961","E04004806","0","510348","0211675","1","E18000006","E40000007","E92000001","E12000006","5","E14001268","E15000006","E24000005","E30000237","E16000150","E07000240","26UGGL","E00120469","26UGGL","E65000001","E01023724","E02004929","6","4A2","E00120469","E01023724","E02004929","E33027424","E38000079","E63011473","D1","6A1",51.792860,-0.401365,"E37000048","","E23000027",32309,"E56000035","E54000025","E00120469","E01023724","E02004929"
"AL3 7NL","AL3  7NL","AL3 7NL","198001","","E10000015","E58000625","E07000240","E05013961","E04004806","0","510158","0211590","1","E18000006","E40000007","E92000001","E12000006","5","E14001268","E15000006","E24000005","E30000237","E16000150","E07000240","26UGGL","E00120473","26UGGL","E65000001","E01023722","E02004929","8","6B2","E00120473","E01023722","E02004929","E33027422","E38000079","E63011473","D1","5B3",51.792133,-0.404146,"E37000048","","E23000027",14574,"E56000035","E54000025","E00120473","E01023722","E02004929"
"AL3 7NN","AL3  7NN","AL3 7NN","198001","","E10000015","E58000625","E07000240","E05013961","E04004806","0","509962","0211451","1","E18000006","E40000007","E92000001","E12000006","5","E14001268","E15000006","E24000005","E30000237","E16000150","E07000240","26UGGL","E00120473","26UGGL","E65000001","E01023722","E02004929","8","6B2","E00120473","E01023722","E02004929","E33027422","E38000079","E63011473","D1","5B3",51.790915,-0.407054,"E37000048","","E23000027",14574,"E56000035","E54000025","E00120473","E01023722","E02004929"
"AL3 7NP","AL3  7NP","AL3 7NP","198001","","E10000015","E58000625","E07000240","E05013961","E04004806","0","509913","0211470","1","E18000006","E40000007","E92000001","E12000006","5","E14001268","E15000006","E24000005","E30000237","E16000150","E07000240","26UGGL","E00120473","26UGGL","E65000001","E01023722","E02004929","8","6B2","E00120473","E01023722","E02004929","E33027422","E38000079","E63011473","D1","5B3",51.791096,-0.407758,"E37000048","","E23000027",14574,"E56000035","E54000025","E00120473","E01023722","E02004929"
"AL3 7NQ","AL3  7NQ","AL3 7NQ","198001","","E10000015","E58000625","E07000240","E05013961","E04004806","0","510419","0211841","1","E18000006","E40000007","E92000001","E12000006","5","E14001268","E15000006","E24000005","E30000237","E16000150","E07000240","26UGGL","E00120471","26UGGL","E65000001","E01023722","E02004929","6","4D2","E00120471","E01023722","E02004929","E33027422","E38000079","E63011473","D1","6B4",51.794331,-0.400307,"E37000048","","E23000027",14574,"E56000035","E54000025","E00120471","E01023722","E02004929"
"AL3 7NR","AL3  7NR","AL3 7NR","198001","","E10000015","E58000625","E07000240","E05013961","E04004806","0","510764","0212228","1","E18000006","E40000007","E92000001","E12000006","5","E14001268","E15000006","E24000005","E30000237","E16000150","E07000240","26UGGL","E00120466","26UGGL","E65000001","E01023724","E02004929","6","6B2","E00120466","E01023724","E02004929","E33027424","E38000079","E63011473","D1","5B3",51.797748,-0.395159,"E37000048","","E23000027",32309,"E56000035","E54000025","E00120466","E01023724","E02004929"
"AL3 7NS","AL3  7NS","AL3 7NS","198001","","E10000015","E58000625","E07000240","E05013961","E04004806","0","510809","0212063","1","E18000006","E40000007","E92000001","E12000006","5","E14001268","E15000006","E24000005","E30000237","E16000150","E07000240","26UGGL","E00120472","26UGGL","E65000001","E01023724","E02004929","6","6A1","E00120472","E01023724","E02004929","E33027424","E38000079","E63011473","D1","5B2",51.796256,-0.394560,"E37000048","","E23000027",32309,"E56000035","E54000025","E00120472","E01023724","E02004929"
"AL3 7NT","AL3  7NT","AL3 7NT","198001","","E10000015","E58000625","E07000240","E05013961","E04004806","0","510900","0212356","1","E18000006","E40000007","E92000001","E12000006","5","E14001268","E15000006","E24000005","E30000237","E16000150","E07000240","26UGGL","E00120467","26UGGL","E65000001","E01023724","E02004929","6","6D1","E00120467","E01023724","E02004929","E33027423","E38000079","E63011473","D1","5B3",51.798871,-0.393147,"E37000048","","E23000027",32309,"E56000035","E54000025","E00120467","E01023724","E02004929"
"AL3 7NU","AL3  7NU","AL3 7NU","199606","","E10000015","E58000625","E07000240","E05013961","E04004806","0","509259","0212924","1","E18000006","E40000007","E92000001","E12000006","5","E14001268","E15000006","E24000005","E30000237","E16000150","E07000240","26UGGL","E00120460","26UGGL","E65000001","E01023725","E02004929","6","4D2","E00120460","E01023725","E02004929","E33027420","E38000079","","D1","6A4",51.804299,-0.416756,"E37000048","","E23000027",28225,"E56000035","E54000025","E00120460","E01023725","E02004929"
"AL3 7NW","AL3  7NW","AL3 7NW","198001","","E10000015","E58000625","E07000240","E05013961","E04004806","0","509965","0211495","1","E18000006","E40000007","E92000001","E12000006","5","E14001268","E15000006","E24000005","E30000237","E16000150","E07000240","26UGGL","E00120473","26UGGL","E65000001","E01023722","E02004929","8","6B2","E00120473","E01023722","E02004929","E33027422","E38000079","E63011473","D1","5B3",51.791310,-0.406997,"E37000048","","E23000027",14574,"E56000035","E54000025","E00120473","E01023722","E02004929"
"AL3 7NX","AL3  7NX","AL3 7NX","199606","","E10000015","E58000625","E07000240","E05013961","E04004806","0","510021","0212760","1","E18000006","E40000007","E92000001","E12000006","5","E14001268","E15000006","E24000005","E30000237","E16000150","E07000240","26UGGL","E00120462","26UGGL","E65000001","E01023723","E02004929","6","1A3","E00120462","E01023723","E02004929","E33027421","E38000079","E63011473","D1","8D2",51.802676,-0.405761,"E37000048","","E23000027",17275,"E56000035","E54000025","E00120462","E01023723","E02004929"
"AL3 7NY","AL3  7NY","AL3 7NY","199101","","E10000015","E58000625","E07000240","E05013961","E04004806","0","510700","0212369","1","E18000006","E40000007","E92000001","E12000006","5","E14001268","E15000006","E24000005","E30000237","E16000150","E07000240","26UGGL","E00120466","26UGGL","E65000001","E01023724","E02004929","6","6B2","E00120466","E01023724","E02004929","E33027424","E38000079","E63011473","D1","5B3",51.799028,-0.396042,"E37000048","","E23000027",32309,"E56000035","E54000025","E00120466","E01023724","E02004929"
"AL3 7NZ","AL3  7NZ","AL3 7NZ","199606","","E10000015","E58000625","E07000240","E05013961","E04004806","0","510008","0212691","1","E18000006","E40000007","E92000001","E12000006","5","E14001268","E15000006","E24000005","E30000237","E16000150","E07000240","26UGGL","E00120462","26UGGL","E65000001","E01023723","E02004929","6","1A3","E00120462","E01023723","E02004929","E33027421","E38000079","E63011473","D1","8D2",51.802058,-0.405971,"E37000048","","E23000027",17275,"E56000035","E54000025","E00120462","E01023723","E02004929"
"AL3 7PA","AL3  7PA","AL3 7PA","198001","","E10000015","E58000625","E07000240","E05013961","E04004806","0","510697","0212503","1","E18000006","E40000007","E92000001","E12000006","5","E14001268","E15000006","E24000005","E30000237","E16000150","E07000240","26UGGL","E00120467","26UGGL","E65000001","E01023724","E02004929","6","6D1","E00120467","E01023724","E02004929","E33027423","E38000079","E63011473","D1","5B3",51.800232,-0.396043,"E37000048","","E23000027",32309,"E56000035","E54000025","E00120467","E01023724","E02004929"
"AL3 7PB","AL3  7PB","AL3 7PB","198001","","E10000015","E58000625","E07000240","E05013961","E04004806","0","510878","0212632","1","E18000006","E40000007","E92000001","E12000006","5","E14001268","E15000006","E24000005","E30000237","E16000150","E07000240","26UGGL","E00120463","26UGGL","E65000001","E01023725","E02004929","6","4B3","E00120463","E01023725","E02004929","E33027423","E38000079","E63011473","D1","6A2",51.801349,-0.393402,"E37000048","","E23000027",28225,"E56000035","E54000025","E00120463","E01023725","E02004929"
"AL3 7PD","AL3  7PD","AL3 7PD","198001","","E10000015","E58000625","E07000240","E05013961","E04004806","0","511107","0212728","1","E18000006","E40000007","E92000001","E12000006","5","E14001268","E15000006","E24000005","E30000237","E16000150","E07000240","26UGGL","E00120463","26UGGL","E65000001","E01023725","E02004929","6","4B3","E00120463","E01023725","E02004929","E33027423","E38000079","E63011473","D1","6A2",51.802166,-0.390051,"E37000048","","E23000027",28225,"E56000035","E54000025","E00120463","E01023725","E02004929"
"AL3 7PE","AL3  7PE","AL3 7PE","198001","","E10000015","E58000625","E07000240","E05013961","E04004806","0","511024","0212654","1","E18000006","E40000007","E92000001","E12000006","5","E14001268","E15000006","E24000005","E30000237","E16000150","E07000240","26UGGL","E00120463","26UGGL","E65000001","E01023725","E02004929","6","4B3","E00120463","E01023725","E02004929","E33027423","E38000079","E63011473","D1","6A2",51.801518,-0.391278,"E37000048","","E23000027",28225,"E56000035","E54000025","E00120463","E01023725","E02004929"
"AL3 7PF","AL3  7PF","AL3 7PF","198001","","E10000015","E58000625","E07000240","E05013961","E04004806","0","510994","0212519","1","E18000006","E40000007","E92000001","E12000006","5","E14001268","E15000006","E24000005","E30000237","E16000150","E07000240","26UGGL","E00120463","26UGGL","E65000001","E01023725","E02004929","6","4B3","E00120463","E01023725","E02004929","E33027423","E38000079","E63011473","D1","6A2",51.800310,-0.391756,"E37000048","","E23000027",28225,"E56000035","E54000025","E00120463","E01023725","E02004929"
"AL3 7PG","AL3  7PG","AL3 7PG","198001","","E10000015","E58000625","E07000240","E05013961","E04004806","0","510873","0212532","1","E18000006","E40000007","E92000001","E12000006","5","E14001268","E15000006","E24000005","E30000237","E16000150","E07000240","26UGGL","E00120463","26UGGL","E65000001","E01023725","E02004929","6","4B3","E00120463","E01023725","E02004929","E33027423","E38000079","E63011473","D1","6A2",51.800451,-0.393506,"E37000048","","E23000027",28225,"E56000035","E54000025","E00120463","E01023725","E02004929"
"AL3 7PH","AL3  7PH","AL3 7PH","198001","","E10000015","E58000625","E07000240","E05013961","E04004806","0","510488","0212793","1","E18000006","E40000007","E92000001","E12000006","5","E14001268","E15000006","E24000005","E30000237","E16000150","E07000240","26UGGL","E00120460","26UGGL","E65000001","E01023725","E02004929","6","4D2","E00120460","E01023725","E02004929","E33027420","E38000079","E63011473","D1","6A4",51.802873,-0.399004,"E37000048","","E23000027",28225,"E56000035","E54000025","E00120460","E01023725","E02004929"
"AL3 7PJ","AL3  7PJ","AL3 7PJ","198001","","E10000015","E58000625","E07000240","E05013961","E04004806","0","510392","0212775","1","E18000006","E40000007","E92000001","E12000006","5","E14001268","E15000006","E24000005","E30000237","E16000150","E07000240","26UGGL","E00120460","26UGGL","E65000001","E01023725","E02004929","6","4D2","E00120460","E01023725","E02004929","E33027420","E38000079","E63011473","D1","6A4",51.802730,-0.400401,"E37000048","","E23000027",28225,"E56000035","E54000025","E00120460","E01023725","E02004929"
"AL3 7PL","AL3  7PL","AL3 7PL","198001","","E10000015","E58000625","E07000240","E05013961","E04004806","0","510368","0212824","1","E18000006","E40000007","E92000001","E12000006","5","E14001268","E15000006","E24000005","E30000237","E16000150","E07000240","26UGGL","E00120460","26UGGL","E65000001","E01023725","E02004929","6","4D2","E00120460","E01023725","E02004929","E33027420","E38000079","E63011473","D1","6A4",51.803183,-0.400710,"E37000048","","E23000027",28225,"E56000035","E54000025","E00120460","E01023725","E02004929"
"AL3 7PN","AL3  7PN","AL3 7PN","198001","","E10000015","E58000625","E07000240","E05013961","E04004806","0","510442","0212890","1","E18000006","E40000007","E92000001","E12000006","5","E14001268","E15000006","E24000005","E30000237","E16000150","E07000240","26UGGL","E00120460","26UGGL","E65000001","E01023725","E02004929","6","4D2","E00120460","E01023725","E02004929","E33027420","E38000079","E63011473","D1","6A4",51.803761,-0.399616,"E37000048","","E23000027",28225,"E56000035","E54000025","E00120460","E01023725","E02004929"
"AL3 7PP","AL3  7PP","AL3 7PP","198001","","E10000015","E58000625","E07000240","E05013961","E04004806","0","510342","0213036","1","E18000006","E40000007","E92000001","E12000006","5","E14001268","E15000006","E24000005","E30000237","E16000150","E07000240","26UGGL","E00120460","26UGGL","E65000001","E01023725","E02004929","6","4D2","E00120460","E01023725","E02004929","E33027420","E38000079","E63011473","D1","6A4",51.805093,-0.401019,"E37000048","","E23000027",28225,"E56000035","E54000025","E00120460","E01023725","E02004929"
"AL3 7PQ","AL3  7PQ","AL3 7PQ","198001","","E10000015","E58000625","E07000240","E05013961","E04004806","0","510682","0212555","1","E18000006","E40000007","E92000001","E12000006","5","E14001268","E15000006","E24000005","E30000237","E16000150","E07000240","26UGGL","E00120460","26UGGL","E65000001","E01023725","E02004929","6","4D2","E00120460","E01023725","E02004929","E33027420","E38000079","E63011473","D1","6A4",51.800703,-0.396244,"E37000048","","E23000027",28225,"E56000035","E54000025","E00120460","E01023725","E02004929"
"AL3 7PR","AL3  7PR","AL3 7PR","198001","","E10000015","E58000625","E07000240","E05013961","E04004806","0","510213","0213252","1","E18000006","E40000007","E92000001","E12000006","5","E14001268","E15000006","E24000005","E30000237","E16000150","E07000240","26UGGL","E00120460","26UGGL","E65000001","E01023725","E02004929","6","4D2","E00120460","E01023725","E02004929","E33027420","E38000079","E63011473","D1","6A4",51.807060,-0.402821,"E37000048","","E23000027",28225,"E56000035","E54000025","E00120460","E01023725","E02004929"
"AL3 7PS","AL3  7PS","AL3 7PS","198001","","E10000015","E58000625","E07000240","E05013961","E04004806","0","509808","0213877","1","E18000006","E40000007","E92000001","E12000006","5","E14001268","E15000006","E24000005","E30000237","E16000150","E07000240","26UGGL","E00120460","26UGGL","E65000001","E01023725","E02004929","6","4D2","E00120460","E01023725","E02004929","E33027420","E38000079","","D1","6A4",51.812749,-0.408519,"E37000048","","E23000027",28225,"E56000035","E54000025","E00120460","E01023725","E02004929"
"AL3 7PT","AL3  7PT","AL3 7PT","198001","","E10000015","E58000625","E07000240","E05013961","E04004806","0","509758","0213975","1","E18000006","E40000007","E92000001","E12000006","5","E14001268","E15000006","E24000005","E30000237","E16000150","E07000240","26UGGL","E00120460","26UGGL","E65000001","E01023725","E02004929","6","4D2","E00120460","E01023725","E02004929","E33027420","E38000079","","D1","6A4",51.813647,-0.409189,"E37000048","","E23000027",28225,"E56000035","E54000025","E00120460","E01023725","E02004929"
"AL3 7PU","AL3  7PU","AL3 7PU","198001","","E10000015","E58000625","E07000240","E05013961","E04004806","0","509096","0214170","1","E18000006","E40000007","E92000001","E12000006","5","E14001268","E15000006","E24000005","E30000237","E16000150","E07000240","26UGGL","E00120460","26UGGL","E65000001","E01023725","E02004929","6","4D2","E00120460","E01023725","E02004929","E33027420","E38000079","","D1","6A4",51.815529,-0.418727,"E37000048","","E23000027",28225,"E56000035","E54000025","E00120460","E01023725","E02004929"
"AL3 7PW","AL3  7PW","AL3 7PW","198001","","E10000015","E58000625","E07000240","E05013961","E04004806","0","510399","0212972","1","E18000006","E40000007","E92000001","E12000006","5","E14001268","E15000006","E24000005","E30000237","E16000150","E07000240","26UGGL","E00120460","26UGGL","E65000001","E01023725","E02004929","6","4D2","E00120460","E01023725","E02004929","E33027420","E38000079","E63011473","D1","6A4",51.804507,-0.400213,"E37000048","","E23000027",28225,"E56000035","E54000025","E00120460","E01023725","E02004929"
"AL3 7PX","AL3  7PX","AL3 7PX","198001","","E10000015","E58000625","E07000240","E05013961","E04004806","0","510095","0213746","1","E18000006","E40000007","E92000001","E12000006","5","E14001268","E15000006","E24000005","E30000237","E16000150","E07000240","26UGGL","E00120460","26UGGL","E65000001","E01023725","E02004929","6","4D2","E00120460","E01023725","E02004929","E33027420","E38000079","","D1","6A4",51.811516,-0.404399,"E37000048","","E23000027",28225,"E56000035","E54000025","E00120460","E01023725","E02004929"
"AL3 7PY","AL3  7PY","AL3 7PY","198001","","E10000015","E58000625","E07000240","E05013961","E04004806","0","510443","0213705","1","E18000006","E40000007","E92000001","E12000006","5","E14001268","E15000006","E24000005","E30000237","E16000150","E07000240","26UGGL","E00120460","26UGGL","E65000001","E01023725","E02004929","6","4D2","E00120460","E01023725","E02004929","E33027420","E38000079","","D1","6A4",51.811079,-0.399366,"E37000048","","E23000027",28225,"E56000035","E54000025","E00120460","E01023725","E02004929"
"AL3 7PZ","AL3  7PZ","AL3 7PZ","198001","","E10000015","E58000625","E07000240","E05013953","E04004804","0","510747","0214035","1","E18000006","E40000007","E92000001","E12000006","5","E14001268","E15000006","E24000005","E30000237","E16000150","E07000240","26UGGL","E00120457","26UGGL","E65000001","E01023725","E02004929","5","3C1","E00120457","E01023725","E02004929","E33027420","E38000079","","C1","1B2",51.813992,-0.394829,"E37000048","","E23000027",28225,"E56000035","E54000025","E00120457","E01023725","E02004929"
"AL3 7QA","AL3  7QA","AL3 7QA","198001","","E10000015","E58000625","E07000240","E05013953","E04004804","0","510986","0213818","1","E18000006","E40000007","E92000001","E12000006","5","E14001268","E15000006","E24000005","E30000237","E16000150","E07000240","26UGGL","E00120457","26UGGL","E65000001","E01023725","E02004929","5","3C1","E00120457","E01023725","E02004929","E33027420","E38000079","","C1","1B2",51.811994,-0.391433,"E37000048","","E23000027",28225,"E56000035","E54000025","E00120457","E01023725","E02004929"
"AL3 7QB","AL3  7QB","AL3 7QB","198001","","E10000015","E58000625","E07000240","E05013961","E04004806","0","510323","0213228","1","E18000006","E40000007","E92000001","E12000006","5","E14001268","E15000006","E24000005","E30000237","E16000150","E07000240","26UGGL","E00120460","26UGGL","E65000001","E01023725","E02004929","6","4D2","E00120460","E01023725","E02004929","E33027420","E38000079","E63011473","D1","6A4",51.806815,-0.401258,"E37000048","","E23000027",28225,"E56000035","E54000025","E00120460","E01023725","E02004929"
"AL3 7QD","AL3  7QD","AL3 7QD","199109","201504","E10000015","E58000664","E07000240","E05013956","E43000290","1","517328","0206823","1","E18000006","E40000007","E92000001","E12000006","5","E14001507","E15000006","E24000005","E30000237","E16000150","E07000240","26UGFX","E00120196","26UGFX","E65000001","E01023667","E02004936","5","6D1","E00120196","E01023667","E02004936","E33027453","E38000079","E63011552","C1","5A2",51.747828,-0.301865,"E37000048","","E23000027",30628,"E56000035","E54000025","E00120196","E01023667","E02004936"
"AL3 7QE","AL3  7QE","AL3 7QE","199812","","E10000015","E58000625","E07000240","E05013961","E04004806","0","511045","0212550","1","E18000006","E40000007","E92000001","E12000006","5","E14001268","E15000006","E24000005","E30000237","E16000150","E07000240","26UGGL","E00120463","26UGGL","E65000001","E01023725","E02004929","6","4B3","E00120463","E01023725","E02004929","E33027423","E38000079","E63011473","D1","6A2",51.800586,-0.390983,"E37000048","","E23000027",28225,"E56000035","E54000025","E00120463","E01023725","E02004929"
"AL3 7QF","AL3  7QF","AL3 7QF","199912","","E10000015","E58000625","E07000240","E05013961","E04004806","0","510929","0212244","1","E18000006","E40000007","E92000001","E12000006","5","E14001268","E15000006","E24000005","E30000237","E16000150","E07000240","26UGGL","E00120458","26UGGL","E65000001","E01023722","E02004929","8","3B1","E00120458","E01023722","E02004929","E33027419","E38000079","E63011473","F1","1C1",51.797859,-0.392763,"E37000048","","E23000027",14574,"E56000035","E54000025","E00120458","E01023722","E02004929"
"AL3 7QG","AL3  7QG","AL3 7QG","200206","","E10000015","E58000625","E07000240","E05013961","E04004806","0","510598","0211802","1","E18000006","E40000007","E92000001","E12000006","5","E14001268","E15000006","E24000005","E30000237","E16000150","E07000240","26UGGL","E00120469","26UGGL","E65000001","E01023724","E02004929","6","4A2","E00120469","E01023724","E02004929","E33027424","E38000079","E63011473","D1","6A1",51.793945,-0.397725,"E37000048","","E23000027",32309,"E56000035","E54000025","E00120469","E01023724","E02004929"
"AL3 7QH","AL3  7QH","AL3 7QH","199606","199906","E10000015","E58000625","E07000240","E05013961","E04004806","1","510328","0212311","6","E18000006","E40000007","E92000001","E12000006","5","E14001268","E15000006","E24000005","E30000237","E16000150","E07000240","26UGGL","E00120468","26UGGL","E65000001","E01023723","E02004929","6","1C1","E00120468","E01023723","E02004929","E33027422","E38000079","E63011473","D1","8C1",51.798573,-0.401477,"E37000048","","E23000027",17275,"E56000035","E54000025","E00120468","E01023723","E02004929"
"AL3 7QJ","AL3  7QJ","AL3 7QJ","199201","199512","E10000015","E58000625","E07000240","E05013961","E04004806","1","510200","0213200","8","E18000006","E40000007","E92000001","E12000006","5","E14001268","E15000006","E24000005","E30000237","E16000150","E07000240","26UGGL","E00120460","26UGGL","E65000001","E01023725","E02004929","6","4D2","E00120460","E01023725","E02004929","E33027420","E38000079","E63011473","D1","6A4",51.806588,-0.403050,"E37000048","","E23000027",28225,"E56000035","E54000025","E00120460","E01023725","E02004929"
"AL3 7QL","AL3  7QL","AL3 7QL","199208","200408","E10000015","E58000664","E07000240","E05013956","E43000290","1","517328","0206823","1","E18000006","E40000007","E92000001","E12000006","5","E14001507","E15000006","E24000005","E30000237","E16000150","E07000240","26UGFX","E00120196","26UGFX","E65000001","E01023667","E02004936","5","6D1","E00120196","E01023667","E02004936","E33027453","E38000079","E63011552","C1","5A2",51.747828,-0.301865,"E37000048","","E23000027",30628,"E56000035","E54000025","E00120196","E01023667","E02004936"
"AL3 7QN","AL3  7QN","AL3 7QN","200509","","E10000015","E58000625","E07000240","E05013961","E04004806","0","509067","0214114","1","E18000006","E40000007","E92000001","E12000006","5","E14001268","E15000006","E24000005","E30000237","E16000150","E07000240","26UGGL","E00120460","26UGGL","E65000001","E01023725","E02004929","6","4D2","E00120460","E01023725","E02004929","E33027420","E38000079","","D1","6A4",51.815032,-0.419165,"E37000048","","E23000027",28225,"E56000035","E54000025","E00120460","E01023725","E02004929"
"AL3 7QP","AL3  7QP","AL3 7QP","200509","","E10000015","E58000625","E07000240","E05013961","E04004806","0","510633","0212265","1","E18000006","E40000007","E92000001","E12000006","5","E14001268","E15000006","E24000005","E30000237","E16000150","E07000240","26UGGL","E00120466","26UGGL","E65000001","E01023724","E02004929","6","6B2","E00120466","E01023724","E02004929","E33027424","E38000079","E63011473","D1","5B3",51.798099,-0.397070,"E37000048","","E23000027",32309,"E56000035","E54000025","E00120466","E01023724","E02004929"
"AL3 7QQ","AL3  7QQ","AL3 7QQ","200804","","E10000015","E58000625","E07000240","E05013961","E04004806","0","510118","0213876","1","E18000006","E40000007","E92000001","E12000006","5","E14001268","E15000006","E24000005","E30000237","E16000150","E07000240","26UGGL","E00120460","26UGGL","E65000001","E01023725","E02004929","6","4D2","E00120460","E01023725","E02004929","E33027420","E38000079","","D1","6A4",51.812687,-0.404000,"E37000048","","E23000027",28225,"E56000035","E54000025","E00120460","E01023725","E02004929"
"AL3 7RD","AL3  7RD","AL3 7RD","200510","201105","E10000015","E58000625","E07000240","E05013961","E04004806","0","510767","0212420","1","E18000006","E40000007","E92000001","E12000006","5","E14001268","E15000006","E24000005","E30000237","E16000150","E07000240","26UGGL","E00120467","26UGGL","E65000001","E01023724","E02004929","6","6D1","E00120467","E01023724","E02004929","E33027423","E38000079","E63011473","D1","5B3",51.799466,-0.395078,"E37000048","","E23000027",32309,"E56000035","E54000025","E00120467","E01023724","E02004929"
"AL3 7RG","AL3  7RG","AL3 7RG","199007","","E10000015","E58000625","E07000240","E05013961","E04004806","0","509739","0214370","1","E18000006","E40000007","E92000001","E12000006","5","E14001268","E15000006","E24000005","E30000237","E16000150","E07000240","26UGGL","E00120460","26UGGL","E65000001","E01023725","E02004929","6","4D2","E00120460","E01023725","E02004929","E33027420","E38000079","","D1","6A4",51.817194,-0.409363,"E37000048","","E23000027",28225,"E56000035","E54000025","E00120460","E01023725","E02004929"
"AL3 7RH","AL3  7RH","AL3 7RH","199208","199706","E10000015","E58000625","E07000240","E05013961","E04004806","1","511100","0212300","8","E18000006","E40000007","E92000001","E12000006","5","E14001268","E15000006","E24000005","E30000237","E16000150","E07000240","26UGGL","E00120458","26UGGL","E65000001","E01023722","E02004929","8","3B1","E00120458","E01023722","E02004929","E33027419","E38000079","E63011473","F1","1C1",51.798321,-0.390290,"E37000048","","E23000027",14574,"E56000035","E54000025","E00120458","E01023722","E02004929"
"AL3 7RJ","AL3  7RJ","AL3 7RJ","199412","200602","E10000015","E58000664","E07000240","E05013956","E43000290","1","517328","0206823","1","E18000006","E40000007","E92000001","E12000006","5","E14001507","E15000006","E24000005","E30000237","E16000150","E07000240","26UGFX","E00120196","26UGFX","E65000001","E01023667","E02004936","5","6D1","E00120196","E01023667","E02004936","E33027453","E38000079","E63011552","C1","5A2",51.747828,-0.301865,"E37000048","","E23000027",30628,"E56000035","E54000025","E00120196","E01023667","E02004936"
"AL3 7RQ","AL3  7RQ","AL3 7RQ","199007","","E10000015","E58000625","E07000240","E05013961","E04004806","0","511137","0212407","1","E18000006","E40000007","E92000001","E12000006","5","E14001268","E15000006","E24000005","E30000237","E16000150","E07000240","26UGGL","E00120458","26UGGL","E65000001","E01023722","E02004929","8","3B1","E00120458","E01023722","E02004929","E33027419","E38000079","E63011473","F1","1C1",51.799166,-0.389757,"E37000048","","E23000027",14574,"E56000035","E54000025","E00120458","E01023722","E02004929"
"AL3 7RR","AL3  7RR","AL3 7RR","199606","200506","E10000015","E58000625","E07000240","E05013961","E04004806","0","510263","0213066","1","E18000006","E40000007","E92000001","E12000006","5","E14001268","E15000006","E24000005","E30000237","E16000150","E07000240","26UGGL","E00120460","26UGGL","E65000001","E01023725","E02004929","6","4D2","E00120460","E01023725","E02004929","E33027420","E38000079","E63011473","D1","6A4",51.805371,-0.402179,"E37000048","","E23000027",28225,"E56000035","E54000025","E00120460","E01023725","E02004929"
"AL3 7SA","AL3  7SA","AL3 7SA","200211","","E10000015","E58000625","E07000240","E05013961","E04004806","0","510025","0211498","1","E18000006","E40000007","E92000001","E12000006","5","E14001268","E15000006","E24000005","E30000237","E16000150","E07000240","26UGGL","E00120473","26UGGL","E65000001","E01023722","E02004929","8","6B2","E00120473","E01023722","E02004929","E33027422","E38000079","E63011473","D1","5B3",51.791325,-0.406126,"E37000048","","E23000027",14574,"E56000035","E54000025","E00120473","E01023722","E02004929"
"AL3 7SY","AL3  7SY","AL3 7SY","201212","201301","E10000015","E58000625","E07000240","E05013961","E04004806","0","510024","0211499","5","E18000006","E40000007","E92000001","E12000006","5","E14001268","E15000006","E24000005","E30000237","E16000150","E07000240","26UGGL","E00120473","26UGGL","E65000001","E01023722","E02004929","8","6B2","E00120473","E01023722","E02004929","E33027422","E38000079","E63011473","D1","5B3",51.791335,-0.406141,"E37000048","","E23000027",14574,"E56000035","E54000025","E00120473","E01023722","E02004929"
"AL3 7WA","AL3  7WA","AL3 7WA","200112","200602","E10000015","E58000664","E07000240","E05013956","E43000290","1","517328","0206823","1","E18000006","E40000007","E92000001","E12000006","5","E14001507","E15000006","E24000005","E30000237","E16000150","E07000240","26UGFX","E00120196","26UGFX","E65000001","E01023667","E02004936","5","6D1","E00120196","E01023667","E02004936","E33027453","E38000079","E63011552","C1","5A2",51.747828,-0.301865,"E37000048","","E23000027",30628,"E56000035","E54000025","E00120196","E01023667","E02004936"
"AL3 7WB","AL3  7WB","AL3 7WB","200112","200602","E10000015","E58000664","E07000240","E05013956","E43000290","1","517328","0206823","1","E18000006","E40000007","E92000001","E12000006","5","E14001507","E15000006","E24000005","E30000237","E16000150","E07000240","26UGFX","E00120196","26UGFX","E65000001","E01023667","E02004936","5","6D1","E00120196","E01023667","E02004936","E33027453","E38000079","E63011552","C1","5A2",51.747828,-0.301865,"E37000048","","E23000027",30628,"E56000035","E54000025","E00120196","E01023667","E02004936"
"AL3 7WD","AL3  7WD","AL3 7WD","200112","200402","E10000015","E58000625","E07000240","E05013961","E04004806","1","510263","0213066","5","E18000006","E40000007","E92000001","E12000006","5","E14001268","E15000006","E24000005","E30000237","E16000150","E07000240","26UGGL","E00120460","26UGGL","E65000001","E01023725","E02004929","6","4D2","E00120460","E01023725","E02004929","E33027420","E38000079","E63011473","D1","6A4",51.805371,-0.402179,"E37000048","","E23000027",28225,"E56000035","E54000025","E00120460","E01023725","E02004929"
"AL3 7WE","AL3  7WE","AL3 7WE","200611","200902","E10000015","E58000664","E07000240","E05013956","E43000290","1","517328","0206823","1","E18000006","E40000007","E92000001","E12000006","5","E14001507","E15000006","E24000005","E30000237","E16000150","E07000240","26UGFX","E00120196","26UGFX","E65000001","E01023667","E02004936","5","6D1","E00120196","E01023667","E02004936","E33027453","E38000079","E63011552","C1","5A2",51.747828,-0.301865,"E37000048","","E23000027",30628,"E56000035","E54000025","E00120196","E01023667","E02004936"
"AL3 7WF","AL3  7WF","AL3 7WF","200805","201007","E10000015","E58000664","E07000240","E05013956","E43000290","1","517328","0206823","1","E18000006","E40000007","E92000001","E12000006","5","E14001507","E15000006","E24000005","E30000237","E16000150","E07000240","26UGFX","E00120196","26UGFX","E65000001","E01023667","E02004936","5","6D1","E00120196","E01023667","E02004936","E33027453","E38000079","E63011552","C1","5A2",51.747828,-0.301865,"E37000048","","E23000027",30628,"E56000035","E54000025","E00120196","E01023667","E02004936"
"AL3 7WG","AL3  7WG","AL3 7WG","200808","201709","E10000015","E58000664","E07000240","E05013956","E43000290","1","517321","0206803","1","E18000006","E40000007","E92000001","E12000006","5","E14001507","E15000006","E24000005","E30000237","E16000150","E07000240","26UGFX","E00120196","26UGFX","E65000001","E01023667","E02004936","5","6D1","E00120196","E01023667","E02004936","E33027453","E38000079","E63011552","C1","5A2",51.747650,-0.301973,"E37000048","","E23000027",30628,"E56000035","E54000025","E00120196","E01023667","E02004936"
"AL3 7WH","AL3  7WH","AL3 7WH","201008","201409","E10000015","E58000664","E07000240","E05013956","E43000290","1","517328","0206823","1","E18000006","E40000007","E92000001","E12000006","5","E14001507","E15000006","E24000005","E30000237","E16000150","E07000240","26UGFX","E00120196","26UGFX","E65000001","E01023667","E02004936","5","6D1","E00120196","E01023667","E02004936","E33027453","E38000079","E63011552","C1","5A2",51.747828,-0.301865,"E37000048","","E23000027",30628,"E56000035","E54000025","E00120196","E01023667","E02004936"
"AL3 7WT","AL3  7WT","AL3 7WT","200804","201005","E10000015","E58000664","E07000240","E05013956","E43000290","1","517328","0206823","1","E18000006","E40000007","E92000001","E12000006","5","E14001507","E15000006","E24000005","E30000237","E16000150","E07000240","26UGFX","E00120196","26UGFX","E65000001","E01023667","E02004936","5","6D1","E00120196","E01023667","E02004936","E33027453","E38000079","E63011552","C1","5A2",51.747828,-0.301865,"E37000048","","E23000027",30628,"E56000035","E54000025","E00120196","E01023667","E02004936"
"AL3 7WU","AL3  7WU","AL3 7WU","200801","200806","E10000015","E58000664","E07000240","E05013956","E43000290","1","517328","0206823","1","E18000006","E40000007","E92000001","E12000006","5","E14001507","E15000006","E24000005","E30000237","E16000150","E07000240","26UGFX","E00120196","26UGFX","E65000001","E01023667","E02004936","5","6D1","E00120196","E01023667","E02004936","E33027453","E38000079","E63011552","C1","5A2",51.747828,-0.301865,"E37000048","","E23000027",30628,"E56000035","E54000025","E00120196","E01023667","E02004936"
"AL3 7WW","AL3  7WW","AL3 7WW","200708","200809","E10000015","E58000664","E07000240","E05013956","E43000290","1","517328","0206823","1","E18000006","E40000007","E92000001","E12000006","5","E14001507","E15000006","E24000005","E30000237","E16000150","E07000240","26UGFX","E00120196","26UGFX","E65000001","E01023667","E02004936","5","6D1","E00120196","E01023667","E02004936","E33027453","E38000079","E63011552","C1","5A2",51.747828,-0.301865,"E37000048","","E23000027",30628,"E56000035","E54000025","E00120196","E01023667","E02004936"
"AL3 7WX","AL3  7WX","AL3 7WX","200610","200805","E10000015","E58000664","E07000240","E05013956","E43000290","1","517328","0206823","1","E18000006","E40000007","E92000001","E12000006","5","E14001507","E15000006","E24000005","E30000237","E16000150","E07000240","26UGFX","E00120196","26UGFX","E65000001","E01023667","E02004936","5","6D1","E00120196","E01023667","E02004936","E33027453","E38000079","E63011552","C1","5A2",51.747828,-0.301865,"E37000048","","E23000027",30628,"E56000035","E54000025","E00120196","E01023667","E02004936"
"AL3 7WY","AL3  7WY","AL3 7WY","200510","200602","E10000015","E58000664","E07000240","E05013956","E43000290","1","517328","0206823","1","E18000006","E40000007","E92000001","E12000006","5","E14001507","E15000006","E24000005","E30000237","E16000150","E07000240","26UGFX","E00120196","26UGFX","E65000001","E01023667","E02004936","5","6D1","E00120196","E01023667","E02004936","E33027453","E38000079","E63011552","C1","5A2",51.747828,-0.301865,"E37000048","","E23000027",30628,"E56000035","E54000025","E00120196","E01023667","E02004936"
"AL3 7WZ","AL3  7WZ","AL3 7WZ","200504","200602","E10000015","E58000664","E07000240","E05013956","E43000290","1","517328","0206823","1","E18000006","E40000007","E92000001","E12000006","5","E14001507","E15000006","E24000005","E30000237","E16000150","E07000240","26UGFX","E00120196","26UGFX","E65000001","E01023667","E02004936","5","6D1","E00120196","E01023667","E02004936","E33027453","E38000079","E63011552","C1","5A2",51.747828,-0.301865,"E37000048","","E23000027",30628,"E56000035","E54000025","E00120196","E01023667","E02004936"
"AL3 7XA","AL3  7XA","AL3 7XA","200206","200303","E10000015","E58000664","E07000240","E05013956","E43000290","1","517328","0206823","5","E18000006","E40000007","E92000001","E12000006","5","E14001507","E15000006","E24000005","E30000237","E16000150","E07000240","26UGFX","E00120196","26UGFX","E65000001","E01023667","E02004936","5","6D1","E00120196","E01023667","E02004936","E33027453","E38000079","E63011552","C1","5A2",51.747828,-0.301865,"E37000048","","E23000027",30628,"E56000035","E54000025","E00120196","E01023667","E02004936"
"AL3 7XD","AL3  7XD","AL3 7XD","199412","200602","E10000015","E58000664","E07000240","E05013956","E43000290","1","517328","0206823","1","E18000006","E40000007","E92000001","E12000006","5","E14001507","E15000006","E24000005","E30000237","E16000150","E07000240","26UGFX","E00120196","26UGFX","E65000001","E01023667","E02004936","5","6D1","E00120196","E01023667","E02004936","E33027453","E38000079","E63011552","C1","5A2",51.747828,-0.301865,"E37000048","","E23000027",30628,"E56000035","E54000025","E00120196","E01023667","E02004936"
"AL3 7XN","AL3  7XN","AL3 7XN","200211","200602","E10000015","E58000664","E07000240","E05013956","E43000290","1","517328","0206823","1","E18000006","E40000007","E92000001","E12000006","5","E14001507","E15000006","E24000005","E30000237","E16000150","E07000240","26UGFX","E00120196","26UGFX","E65000001","E01023667","E02004936","5","6D1","E00120196","E01023667","E02004936","E33027453","E38000079","E63011552","C1","5A2",51.747828,-0.301865,"E37000048","","E23000027",30628,"E56000035","E54000025","E00120196","E01023667","E02004936"
"AL3 7XZ","AL3  7XZ","AL3 7XZ","200309","200602","E10000015","E58000664","E07000240","E05013956","E43000290","1","517328","0206823","1","E18000006","E40000007","E92000001","E12000006","5","E14001507","E15000006","E24000005","E30000237","E16000150","E07000240","26UGFX","E00120196","26UGFX","E65000001","E01023667","E02004936","5","6D1","E00120196","E01023667","E02004936","E33027453","E38000079","E63011552","C1","5A2",51.747828,-0.301865,"E37000048","","E23000027",30628,"E56000035","E54000025","E00120196","E01023667","E02004936"
"AL3 7YN","AL3  7YN","AL3 7YN","200511","200711","E10000015","E58000664","E07000240","E05013956","E43000290","1","517328","0206823","1","E18000006","E40000007","E92000001","E12000006","5","E14001507","E15000006","E24000005","E30000237","E16000150","E07000240","26UGFX","E00120196","26UGFX","E65000001","E01023667","E02004936","5","6D1","E00120196","E01023667","E02004936","E33027453","E38000079","E63011552","C1","5A2",51.747828,-0.301865,"E37000048","","E23000027",30628,"E56000035","E54000025","E00120196","E01023667","E02004936"
"AL3 7YQ","AL3  7YQ","AL3 7YQ","200402","200509","E10000015","E58000664","E07000240","E05013956","E43000290","1","517328","0206823","5","E18000006","E40000007","E92000001","E12000006","5","E14001507","E15000006","E24000005","E30000237","E16000150","E07000240","26UGFX","E00120196","26UGFX","E65000001","E01023667","E02004936","5","6D1","E00120196","E01023667","E02004936","E33027453","E38000079","E63011552","C1","5A2",51.747828,-0.301865,"E37000048","","E23000027",30628,"E56000035","E54000025","E00120196","E01023667","E02004936"
"AL3 7YY","AL3  7YY","AL3 7YY","200406","200608","E10000015","E58000664","E07000240","E05013956","E43000290","1","517328","0206823","1","E18000006","E40000007","E92000001","E12000006","5","E14001507","E15000006","E24000005","E30000237","E16000150","E07000240","26UGFX","E00120196","26UGFX","E65000001","E01023667","E02004936","5","6D1","E00120196","E01023667","E02004936","E33027453","E38000079","E63011552","C1","5A2",51.747828,-0.301865,"E37000048","","E23000027",30628,"E56000035","E54000025","E00120196","E01023667","E02004936"
"AL3 7YZ","AL3  7YZ","AL3 7YZ","200307","200601","E10000015","E58000664","E07000240","E05013956","E43000290","1","517328","0206823","5","E18000006","E40000007","E92000001","E12000006","5","E14001507","E15000006","E24000005","E30000237","E16000150","E07000240","26UGFX","E00120196","26UGFX","E65000001","E01023667","E02004936","5","6D1","E00120196","E01023667","E02004936","E33027453","E38000079","E63011552","C1","5A2",51.747828,-0.301865,"E37000048","","E23000027",30628,"E56000035","E54000025","E00120196","E01023667","E02004936"
"AL3 7ZD","AL3  7ZD","AL3 7ZD","199806","200201","E10000015","E58000664","E07000240","E05013956","E43000290","1","517328","0206823","1","E18000006","E40000007","E92000001","E12000006","5","E14001507","E15000006","E24000005","E30000237","E16000150","E07000240","26UGFX","E00120196","26UGFX","E65000001","E01023667","E02004936","5","6D1","E00120196","E01023667","E02004936","E33027453","E38000079","E63011552","C1","5A2",51.747828,-0.301865,"E37000048","","E23000027",30628,"E56000035","E54000025","E00120196","E01023667","E02004936"
"AL3 7ZG","AL3  7ZG","AL3 7ZG","200106","200602","E10000015","E58000664","E07000240","E05013956","E43000290","1","517328","0206823","1","E18000006","E40000007","E92000001","E12000006","5","E14001507","E15000006","E24000005","E30000237","E16000150","E07000240","26UGFX","E00120196","26UGFX","E65000001","E01023667","E02004936","5","6D1","E00120196","E01023667","E02004936","E33027453","E38000079","E63011552","C1","5A2",51.747828,-0.301865,"E37000048","","E23000027",30628,"E56000035","E54000025","E00120196","E01023667","E02004936"
"AL3 7ZH","AL3  7ZH","AL3 7ZH","200012","200602","E10000015","E58000664","E07000240","E05013956","E43000290","1","517328","0206823","1","E18000006","E40000007","E92000001","E12000006","5","E14001507","E15000006","E24000005","E30000237","E16000150","E07000240","26UGFX","E00120196","26UGFX","E65000001","E01023667","E02004936","5","6D1","E00120196","E01023667","E02004936","E33027453","E38000079","E63011552","C1","5A2",51.747828,-0.301865,"E37000048","","E23000027",30628,"E56000035","E54000025","E00120196","E01023667","E02004936"
"AL3 7ZJ","AL3  7ZJ","AL3 7ZJ","200012","200110","E10000015","E58000664","E07000240","E05013956","E43000290","1","517328","0206823","1","E18000006","E40000007","E92000001","E12000006","5","E14001507","E15000006","E24000005","E30000237","E16000150","E07000240","26UGFX","E00120196","26UGFX","E65000001","E01023667","E02004936","5","6D1","E00120196","E01023667","E02004936","E33027453","E38000079","E63011552","C1","5A2",51.747828,-0.301865,"E37000048","","E23000027",30628,"E56000035","E54000025","E00120196","E01023667","E02004936"
"AL3 7ZL","AL3  7ZL","AL3 7ZL","200006","200110","E10000015","E58000664","E07000240","E05013956","E43000290","1","517328","0206823","1","E18000006","E40000007","E92000001","E12000006","5","E14001507","E15000006","E24000005","E30000237","E16000150","E07000240","26UGFX","E00120196","26UGFX","E65000001","E01023667","E02004936","5","6D1","E00120196","E01023667","E02004936","E33027453","E38000079","E63011552","C1","5A2",51.747828,-0.301865,"E37000048","","E23000027",30628,"E56000035","E54000025","E00120196","E01023667","E02004936"
"AL3 7ZN","AL3  7ZN","AL3 7ZN","200003","200009","E10000015","E58000625","E07000240","E05013961","E04004806","1","511100","0212300","8","E18000006","E40000007","E92000001","E12000006","5","E14001268","E15000006","E24000005","E30000237","E16000150","E07000240","26UGGL","E00120458","26UGGL","E65000001","E01023722","E02004929","8","3B1","E00120458","E01023722","E02004929","E33027419","E38000079","E63011473","F1","1C1",51.798321,-0.390290,"E37000048","","E23000027",14574,"E56000035","E54000025","E00120458","E01023722","E02004929"
"AL3 7ZP","AL3  7ZP","AL3 7ZP","200006","200104","E10000015","E58000625","E07000240","E05013961","E04004806","1","510334","0212307","6","E18000006","E40000007","E92000001","E12000006","5","E14001268","E15000006","E24000005","E30000237","E16000150","E07000240","26UGGL","E00120468","26UGGL","E65000001","E01023723","E02004929","6","1C1","E00120468","E01023723","E02004929","E33027422","E38000079","E63011473","D1","8C1",51.798536,-0.401391,"E37000048","","E23000027",17275,"E56000035","E54000025","E00120468","E01023723","E02004929"
"AL3 7ZQ","AL3  7ZQ","AL3 7ZQ","199912","200101","E10000015","E58000625","E07000240","E05013961","E04004806","1","510328","0212311","6","E18000006","E40000007","E92000001","E12000006","5","E14001268","E15000006","E24000005","E30000237","E16000150","E07000240","26UGGL","E00120468","26UGGL","E65000001","E01023723","E02004929","6","1C1","E00120468","E01023723","E02004929","E33027422","E38000079","E63011473","D1","8C1",51.798573,-0.401477,"E37000048","","E23000027",17275,"E56000035","E54000025","E00120468","E01023723","E02004929"
"AL3 7ZR","AL3  7ZR","AL3 7ZR","201311","","E10000015","E58000664","E07000240","E05013956","E43000290","1","517321","0206803","1","E18000006","E40000007","E92000001","E12000006","5","E14001507","E15000006","E24000005","E30000237","E16000150","E07000240","26UGFX","E00120196","26UGFX","E65000001","E01023667","E02004936","5","6D1","E00120196","E01023667","E02004936","E33027453","E38000079","E63011552","C1","5A2",51.747650,-0.301973,"E37000048","","E23000027",30628,"E56000035","E54000025","E00120196","E01023667","E02004936"
"AL3 7ZS","AL3  7ZS","AL3 7ZS","199906","200006","E10000015","E58000625","E07000240","E05013961","E04004806","1","510328","0212311","6","E18000006","E40000007","E92000001","E12000006","5","E14001268","E15000006","E24000005","E30000237","E16000150","E07000240","26UGGL","E00120468","26UGGL","E65000001","E01023723","E02004929","6","1C1","E00120468","E01023723","E02004929","E33027422","E38000079","E63011473","D1","8C1",51.798573,-0.401477,"E37000048","","E23000027",17275,"E56000035","E54000025","E00120468","E01023723","E02004929"
"AL3 7ZT","AL3  7ZT","AL3 7ZT","199812","200602","E10000015","E58000664","E07000240","E05013956","E43000290","1","517328","0206823","1","E18000006","E40000007","E92000001","E12000006","5","E14001507","E15000006","E24000005","E30000237","E16000150","E07000240","26UGFX","E00120196","26UGFX","E65000001","E01023667","E02004936","5","6D1","E00120196","E01023667","E02004936","E33027453","E38000079","E63011552","C1","5A2",51.747828,-0.301865,"E37000048","","E23000027",30628,"E56000035","E54000025","E00120196","E01023667","E02004936"
"AL3 7ZU","AL3  7ZU","AL3 7ZU","199812","200402","E10000015","E58000664","E07000240","E05013956","E43000290","1","517328","0206823","1","E18000006","E40000007","E92000001","E12000006","5","E14001507","E15000006","E24000005","E30000237","E16000150","E07000240","26UGFX","E00120196","26UGFX","E65000001","E01023667","E02004936","5","6D1","E00120196","E01023667","E02004936","E33027453","E38000079","E63011552","C1","5A2",51.747828,-0.301865,"E37000048","","E23000027",30628,"E56000035","E54000025","E00120196","E01023667","E02004936"
"AL3 7ZW","AL3  7ZW","AL3 7ZW","199806","199912","E10000015","E58000625","E07000240","E05013961","E04004806","1","511100","0212300","8","E18000006","E40000007","E92000001","E12000006","5","E14001268","E15000006","E24000005","E30000237","E16000150","E07000240","26UGGL","E00120458","26UGGL","E65000001","E01023722","E02004929","8","3B1","E00120458","E01023722","E02004929","E33027419","E38000079","E63011473","F1","1C1",51.798321,-0.390290,"E37000048","","E23000027",14574,"E56000035","E54000025","E00120458","E01023722","E02004929"
"AL3 7ZX","AL3  7ZX","AL3 7ZX","199806","200602","E10000015","E58000664","E07000240","E05013956","E43000290","1","517328","0206823","1","E18000006","E40000007","E92000001","E12000006","5","E14001507","E15000006","E24000005","E30000237","E16000150","E07000240","26UGFX","E00120196","26UGFX","E65000001","E01023667","E02004936","5","6D1","E00120196","E01023667","E02004936","E33027453","E38000079","E63011552","C1","5A2",51.747828,-0.301865,"E37000048","","E23000027",30628,"E56000035","E54000025","E00120196","E01023667","E02004936"
"AL3 7ZY","AL3  7ZY","AL3 7ZY","199806","199906","E10000015","E58000625","E07000240","E05013961","E04004806","1","510328","0212311","6","E18000006","E40000007","E92000001","E12000006","5","E14001268","E15000006","E24000005","E30000237","E16000150","E07000240","26UGGL","E00120468","26UGGL","E65000001","E01023723","E02004929","6","1C1","E00120468","E01023723","E02004929","E33027422","E38000079","E63011473","D1","8C1",51.798573,-0.401477,"E37000048","","E23000027",17275,"E56000035","E54000025","E00120468","E01023723","E02004929"
"AL3 7ZZ","AL3  7ZZ","AL3 7ZZ","199612","200602","E10000015","E58000664","E07000240","E05013956","E43000290","1","517328","0206823","1","E18000006","E40000007","E92000001","E12000006","5","E14001507","E15000006","E24000005","E30000237","E16000150","E07000240","26UGFX","E00120196","26UGFX","E65000001","E01023667","E02004936","5","6D1","E00120196","E01023667","E02004936","E33027453","E38000079","E63011552","C1","5A2",51.747828,-0.301865,"E37000048","","E23000027",30628,"E56000035","E54000025","E00120196","E01023667","E02004936"
"AL3 8AA","AL3  8AA","AL3 8AA","198001","","E10000015","E58000610","E07000096","E05004714","E04004705","0","505550","0215793","1","E18000006","E40000007","E92000001","E12000006","5","E14001268","E15000006","E24000005","E30000237","E16000150","E07000096","26UCHH","E00119027","26UCHH","E65000001","E01023432","E02004856","6","4C2","E00119027","E01023432","E02004856","E33027091","E38000079","E63011402","D1","6B2",51.830797,-0.469654,"E37000048","","E23000027",29110,"E56000035","E54000025","E00119027","E01023432","E02004856"
"AL3 8AB","AL3  8AB","AL3 8AB","198001","","E10000015","E58000610","E07000096","E05004714","E04004705","0","505454","0215742","1","E18000006","E40000007","E92000001","E12000006","5","E14001268","E15000006","E24000005","E30000237","E16000150","E07000096","26UCHH","E00119027","26UCHH","E65000001","E01023432","E02004856","6","4C2","E00119027","E01023432","E02004856","E33027091","E38000079","","D1","6B2",51.830357,-0.471062,"E37000048","","E23000027",29110,"E56000035","E54000025","E00119027","E01023432","E02004856"
"AL3 8AD","AL3  8AD","AL3 8AD","198001","","E10000015","E58000610","E07000096","E05004714","E04004700","0","505452","0215536","1","E18000006","E40000007","E92000001","E12000006","5","E14001268","E15000006","E24000005","E30000237","E16000150","E07000096","26UCHH","E00119019","26UCHH","E65000001","E01023431","E02004856","8","3C2","E00119019","E01023431","E02004856","E33027089","E38000079","E63011402","F1","1C1",51.828498,-0.471178,"E37000048","","E23000027",16066,"E56000035","E54000025","E00119019","E01023431","E02004856"
"AL3 8AE","AL3  8AE","AL3 8AE","198001","","E10000015","E58000610","E07000096","E05004714","E04004700","0","505364","0214796","1","E18000006","E40000007","E92000001","E12000006","5","E14001268","E15000006","E24000005","E30000237","E16000150","E07000096","26UCHH","E00119019","26UCHH","E65000001","E01023431","E02004856","8","3C2","E00119019","E01023431","E02004856","E33027089","E38000079","","F1","1C1",51.821872,-0.472655,"E37000048","","E23000027",16066,"E56000035","E54000025","E00119019","E01023431","E02004856"
"AL3 8AF","AL3  8AF","AL3 8AF","198001","","E10000015","E58000610","E07000096","E05004714","E04004700","0","506313","0215090","1","E18000006","E40000007","E92000001","E12000006","5","E14001268","E15000006","E24000005","E30000237","E16000150","E07000096","26UCHH","E00119019","26UCHH","E65000001","E01023431","E02004856","8","3C2","E00119019","E01023431","E02004856","E33027089","E38000079","","F1","1C1",51.824334,-0.458802,"E37000048","","E23000027",16066,"E56000035","E54000025","E00119019","E01023431","E02004856"
"AL3 8AG","AL3  8AG","AL3 8AG","198001","","E10000015","E58000610","E07000096","E05004714","E04004705","0","505063","0215685","1","E18000006","E40000007","E92000001","E12000006","5","E14001268","E15000006","E24000005","E30000237","E16000150","E07000096","26UCHH","E00119027","26UCHH","E65000001","E01023432","E02004856","6","4C2","E00119027","E01023432","E02004856","E33027091","E38000079","","D1","6B2",51.829918,-0.476751,"E37000048","","E23000027",29110,"E56000035","E54000025","E00119027","E01023432","E02004856"
"AL3 8AH","AL3  8AH","AL3 8AH","198001","","E10000015","E58000610","E07000096","E05004714","E04004700","0","504459","0215696","1","E18000006","E40000007","E92000001","E12000006","5","E14001268","E15000006","E24000005","E30000237","E16000150","E07000096","26UCHH","E00119019","26UCHH","E65000001","E01023431","E02004856","8","3C2","E00119019","E01023431","E02004856","E33027089","E38000079","","F1","1C1",51.830122,-0.485534,"E37000048","","E23000027",16066,"E56000035","E54000025","E00119019","E01023431","E02004856"
"AL3 8AJ","AL3  8AJ","AL3 8AJ","198001","","E10000015","E58000610","E07000096","E05004714","E04004700","0","503959","0215062","1","E18000006","E40000007","E92000001","E12000006","5","E14001268","E15000006","E24000005","E30000237","E16000150","E07000096","26UCHH","E00119019","26UCHH","E65000001","E01023431","E02004856","8","3C2","E00119019","E01023431","E02004856","E33027089","E38000079","","F1","1C1",51.824517,-0.492977,"E37000048","","E23000027",16066,"E56000035","E54000025","E00119019","E01023431","E02004856"
"AL3 8AL","AL3  8AL","AL3 8AL","198001","","E10000015","E58000610","E07000096","E05004714","E04004700","0","504031","0214918","1","E18000006","E40000007","E92000001","E12000006","5","E14001268","E15000006","E24000005","E30000237","E16000150","E07000096","26UCHH","E00119019","26UCHH","E65000001","E01023431","E02004856","8","3C2","E00119019","E01023431","E02004856","E33027089","E38000079","","F1","1C1",51.823210,-0.491976,"E37000048","","E23000027",16066,"E56000035","E54000025","E00119019","E01023431","E02004856"
"AL3 8AN","AL3  8AN","AL3 8AN","198001","","E10000015","E58000610","E07000096","E05004714","E04004700","0","504365","0214615","1","E18000006","E40000007","E92000001","E12000006","5","E14001268","E15000006","E24000005","E30000237","E16000150","E07000096","26UCHH","E00119019","26UCHH","E65000001","E01023431","E02004856","8","3C2","E00119019","E01023431","E02004856","E33027089","E38000079","","F1","1C1",51.820424,-0.487223,"E37000048","","E23000027",16066,"E56000035","E54000025","E00119019","E01023431","E02004856"
"AL3 8AP","AL3  8AP","AL3 8AP","198001","","E10000015","E58000610","E07000096","E05004714","E04004700","0","505323","0214342","1","E18000006","E40000007","E92000001","E12000006","5","E14001268","E15000006","E24000005","E30000237","E16000150","E07000096","26UCHH","E00119019","26UCHH","E65000001","E01023431","E02004856","8","3C2","E00119019","E01023431","E02004856","E33027089","E38000079","","F1","1C1",51.817799,-0.473388,"E37000048","","E23000027",16066,"E56000035","E54000025","E00119019","E01023431","E02004856"
"AL3 8AQ","AL3  8AQ","AL3 8AQ","198001","","E10000015","E58000610","E07000096","E05004714","E04004700","0","504763","0215577","1","E18000006","E40000007","E92000001","E12000006","5","E14001268","E15000006","E24000005","E30000237","E16000150","E07000096","26UCHH","E00119019","26UCHH","E65000001","E01023431","E02004856","8","3C2","E00119019","E01023431","E02004856","E33027089","E38000079","","F1","1C1",51.828996,-0.481160,"E37000048","","E23000027",16066,"E56000035","E54000025","E00119019","E01023431","E02004856"
"AL3 8AR","AL3  8AR","AL3 8AR","198001","","E10000015","E58000610","E07000096","E05004714","E04004700","0","505369","0214574","1","E18000006","E40000007","E92000001","E12000006","5","E14001268","E15000006","E24000005","E30000237","E16000150","E07000096","26UCHH","E00119019","26UCHH","E65000001","E01023431","E02004856","8","3C2","E00119019","E01023431","E02004856","E33027089","E38000079","","F1","1C1",51.819875,-0.472650,"E37000048","","E23000027",16066,"E56000035","E54000025","E00119019","E01023431","E02004856"
"AL3 8AS","AL3  8AS","AL3 8AS","198001","","E10000015","E58000610","E07000096","E05004714","E04004700","0","505674","0214515","1","E18000006","E40000007","E92000001","E12000006","5","E14001268","E15000006","E24000005","E30000237","E16000150","E07000096","26UCHH","E00119016","26UCHH","E65000001","E01023430","E02004856","7","3C1","E00119016","E01023430","E02004856","E33027089","E38000079","","E1","1B2",51.819288,-0.468245,"E37000048","","E23000027",27002,"E56000035","E54000025","E00119016","E01023430","E02004856"
"AL3 8AT","AL3  8AT","AL3 8AT","198001","","E10000015","E58000610","E07000096","E05004714","E04004700","0","506169","0214491","1","E18000006","E40000007","E92000001","E12000006","5","E14001268","E15000006","E24000005","E30000237","E16000150","E07000096","26UCHH","E00119016","26UCHH","E65000001","E01023430","E02004856","7","3C1","E00119016","E01023430","E02004856","E33027089","E38000079","","E1","1B2",51.818978,-0.461074,"E37000048","","E23000027",27002,"E56000035","E54000025","E00119016","E01023430","E02004856"
"AL3 8AU","AL3  8AU","AL3 8AU","198001","","E10000015","E58000610","E07000096","E05004714","E04004700","0","505484","0214033","1","E18000006","E40000007","E92000001","E12000006","5","E14001268","E15000006","E24000005","E30000237","E16000150","E07000096","26UCHH","E00119019","26UCHH","E65000001","E01023431","E02004856","8","3C2","E00119019","E01023431","E02004856","E33027089","E38000079","","F1","1C1",51.814991,-0.471147,"E37000048","","E23000027",16066,"E56000035","E54000025","E00119019","E01023431","E02004856"
"AL3 8AW","AL3  8AW","AL3 8AW","198001","","E10000015","E58000610","E07000096","E05004714","E04004700","1","504543","0214452","1","E18000006","E40000007","E92000001","E12000006","5","E14001268","E15000006","E24000005","E30000237","E16000150","E07000096","26UCHH","E00119019","26UCHH","E65000001","E01023431","E02004856","8","3C2","E00119019","E01023431","E02004856","E33027089","E38000079","","F1","1C1",51.818934,-0.484666,"E37000048","","E23000027",16066,"E56000035","E54000025","E00119019","E01023431","E02004856"
"AL3 8AX","AL3  8AX","AL3 8AX","198001","","E10000015","E58000610","E07000096","E05004714","E04004700","0","505761","0213874","1","E18000006","E40000007","E92000001","E12000006","5","E14001268","E15000006","E24000005","E30000237","E16000150","E07000096","26UCHH","E00119019","26UCHH","E65000001","E01023431","E02004856","8","3C2","E00119019","E01023431","E02004856","E33027089","E38000079","","F1","1C1",51.813510,-0.467179,"E37000048","","E23000027",16066,"E56000035","E54000025","E00119019","E01023431","E02004856"
"AL3 8AY","AL3  8AY","AL3 8AY","198001","","E10000015","E58000610","E07000096","E05004714","E04004700","0","505994","0213368","1","E18000006","E40000007","E92000001","E12000006","5","E14001268","E15000006","E24000005","E30000237","E16000150","E07000096","26UCHH","E00119019","26UCHH","E65000001","E01023431","E02004856","8","3C2","E00119019","E01023431","E02004856","E33027089","E38000079","","F1","1C1",51.808910,-0.463979,"E37000048","","E23000027",16066,"E56000035","E54000025","E00119019","E01023431","E02004856"
"AL3 8AZ","AL3  8AZ","AL3 8AZ","198001","","E10000015","E58000610","E07000096","E05004714","E04004700","0","506612","0213204","1","E18000006","E40000007","E92000001","E12000006","5","E14001268","E15000006","E24000005","E30000237","E16000150","E07000096","26UCHH","E00119019","26UCHH","E65000001","E01023431","E02004856","8","3C2","E00119019","E01023431","E02004856","E33027089","E38000079","","F1","1C1",51.807326,-0.455045,"E37000048","","E23000027",16066,"E56000035","E54000025","E00119019","E01023431","E02004856"
"AL3 8BA","AL3  8BA","AL3 8BA","198001","","E10000015","E58000610","E07000096","E05004714","E04004700","0","507391","0213448","1","E18000006","E40000007","E92000001","E12000006","5","E14001268","E15000006","E24000005","E30000237","E16000150","E07000096","26UCHH","E00119019","26UCHH","E65000001","E01023431","E02004856","8","3C2","E00119019","E01023431","E02004856","E33027089","E38000079","","F1","1C1",51.809363,-0.443699,"E37000048","","E23000027",16066,"E56000035","E54000025","E00119019","E01023431","E02004856"
"AL3 8BB","AL3  8BB","AL3 8BB","198001","","E10000015","E58000610","E07000096","E05004714","E04004700","0","507418","0212665","1","E18000006","E40000007","E92000001","E12000006","5","E14001268","E15000006","E24000005","E30000237","E16000150","E07000096","26UCHH","E00119019","26UCHH","E65000001","E01023431","E02004856","8","3C2","E00119019","E01023431","E02004856","E33027089","E38000079","","F1","1C1",51.802328,-0.443526,"E37000048","","E23000027",16066,"E56000035","E54000025","E00119019","E01023431","E02004856"
"AL3 8BD","AL3  8BD","AL3 8BD","198001","","E10000015","E58000610","E07000096","E05004714","E04004700","0","507583","0212404","1","E18000006","E40000007","E92000001","E12000006","5","E14001268","E15000006","E24000005","E30000237","E16000150","E07000096","26UCHH","E00119019","26UCHH","E65000001","E01023431","E02004856","8","3C2","E00119019","E01023431","E02004856","E33027089","E38000079","","F1","1C1",51.799943,-0.441238,"E37000048","","E23000027",16066,"E56000035","E54000025","E00119019","E01023431","E02004856"
"AL3 8BE","AL3  8BE","AL3 8BE","199606","199812","E10000015","E58000610","E07000096","E05004714","E04004705","1","506601","0215895","6","E18000006","E40000007","E92000001","E12000006","5","E14001268","E15000006","E24000005","E30000237","E16000150","E07000096","26UCHH","E00119028","26UCHH","E65000001","E01023432","E02004856","6","3A1","E00119028","E01023432","E02004856","E33027091","E38000079","E63011402","D1","5B3",51.831507,-0.454401,"E37000048","","E23000027",29110,"E56000035","E54000025","E00119028","E01023432","E02004856"
"AL3 8BF","AL3  8BF","AL3 8BF","200604","200806","E10000015","E58000610","E07000096","E05004714","E04004700","0","509123","0214614","1","E18000006","E40000007","E92000001","E12000006","5","E14001268","E15000006","E24000005","E30000237","E16000150","E07000096","26UCHH","E00119016","26UCHH","E65000001","E01023430","E02004856","7","3C1","E00119016","E01023430","E02004856","E33027089","E38000079","","E1","1B2",51.819507,-0.418219,"E37000048","","E23000027",27002,"E56000035","E54000025","E00119016","E01023430","E02004856"
"AL3 8BG","AL3  8BG","AL3 8BG","199606","199812","E10000015","E58000610","E07000096","E05004714","E04004705","1","506601","0215895","6","E18000006","E40000007","E92000001","E12000006","5","E14001268","E15000006","E24000005","E30000237","E16000150","E07000096","26UCHH","E00119028","26UCHH","E65000001","E01023432","E02004856","6","3A1","E00119028","E01023432","E02004856","E33027091","E38000079","E63011402","D1","5B3",51.831507,-0.454401,"E37000048","","E23000027",29110,"E56000035","E54000025","E00119028","E01023432","E02004856"
"AL3 8BH","AL3  8BH","AL3 8BH","200206","","E10000015","E58000610","E07000096","E05004714","E04004700","0","505449","0215448","1","E18000006","E40000007","E92000001","E12000006","5","E14001268","E15000006","E24000005","E30000237","E16000150","E07000096","26UCHH","E00119019","26UCHH","E65000001","E01023431","E02004856","8","3C2","E00119019","E01023431","E02004856","E33027089","E38000079","E63011402","F1","1C1",51.827708,-0.471248,"E37000048","","E23000027",16066,"E56000035","E54000025","E00119019","E01023431","E02004856"
"AL3 8BJ","AL3  8BJ","AL3 8BJ","201709","","E10000015","E58000610","E07000096","E05004714","E04004700","0","506239","0215081","1","E18000006","E40000007","E92000001","E12000006","5","E14001268","E15000006","E24000005","E30000237","E16000150","E07000096","26UCHH","E00119019","26UCHH","E65000001","E01023431","E02004856","8","3C2","E00119019","E01023431","E02004856","E33027089","E38000079","","F1","1C1",51.824268,-0.459878,"E37000048","","E23000027",16066,"E56000035","E54000025","E00119019","E01023431","E02004856"
"AL3 8BL","AL3  8BL","AL3 8BL","202007","","E10000015","E58000610","E07000096","E05004714","E04004700","0","506487","0213051","1","E18000006","E40000007","E92000001","E12000006","5","E14001268","E15000006","E24000005","E30000237","E16000150","E07000096","26UCHH","E00119019","26UCHH","E65000001","E01023431","E02004856","8","3C2","E00119019","E01023431","E02004856","E33027089","E38000079","","F1","1C1",51.805975,-0.456904,"E37000048","","E23000027",16066,"E56000035","E54000025","E00119019","E01023431","E02004856"
"AL3 8BN","AL3  8BN","AL3 8BN","198001","","E10000015","E58000610","E07000096","E05004714","E04004700","0","508009","0214557","1","E18000006","E40000007","E92000001","E12000006","5","E14001268","E15000006","E24000005","E30000237","E16000150","E07000096","26UCHH","E00119018","26UCHH","E65000001","E01023430","E02004856","7","4A2","E00119018","E01023430","E02004856","E33027089","E38000079","E63011439","E1","6B2",51.819211,-0.434393,"E37000048","","E23000027",27002,"E56000035","E54000025","E00119018","E01023430","E02004856"
"AL3 8BP","AL3  8BP","AL3 8BP","198001","","E10000015","E58000610","E07000096","E05004714","E04004700","0","508021","0214407","1","E18000006","E40000007","E92000001","E12000006","5","E14001268","E15000006","E24000005","E30000237","E16000150","E07000096","26UCHH","E00119018","26UCHH","E65000001","E01023430","E02004856","7","4A2","E00119018","E01023430","E02004856","E33027089","E38000079","E63011439","E1","6B2",51.817861,-0.434265,"E37000048","","E23000027",27002,"E56000035","E54000025","E00119018","E01023430","E02004856"
"AL3 8BQ","AL3  8BQ","AL3 8BQ","201110","201209","E10000015","E58000664","E07000240","E05013956","E43000290","1","517328","0206823","1","E18000006","E40000007","E92000001","E12000006","5","E14001507","E15000006","E24000005","E30000237","E16000150","E07000240","26UGFX","E00120196","26UGFX","E65000001","E01023667","E02004936","5","6D1","E00120196","E01023667","E02004936","E33027453","E38000079","E63011552","C1","5A2",51.747828,-0.301865,"E37000048","","E23000027",30628,"E56000035","E54000025","E00120196","E01023667","E02004936"
"AL3 8BS","AL3  8BS","AL3 8BS","198001","","E10000015","E58000610","E07000096","E05004714","E04004700","0","507897","0214599","1","E18000006","E40000007","E92000001","E12000006","5","E14001268","E15000006","E24000005","E30000237","E16000150","E07000096","26UCHH","E00119018","26UCHH","E65000001","E01023430","E02004856","7","4A2","E00119018","E01023430","E02004856","E33027089","E38000079","E63011439","E1","6B2",51.819628,-0.435989,"E37000048","","E23000027",27002,"E56000035","E54000025","E00119018","E01023430","E02004856"
"AL3 8BT","AL3  8BT","AL3 8BT","198001","","E10000015","E58000610","E07000096","E05004714","E04004700","0","507865","0214624","1","E18000006","E40000007","E92000001","E12000006","5","E14001268","E15000006","E24000005","E30000237","E16000150","E07000096","26UCHH","E00119017","26UCHH","E65000001","E01023430","E02004856","7","1A3","E00119017","E01023430","E02004856","E33027089","E38000079","E63011439","E1","5B3",51.819841,-0.436460,"E37000048","","E23000027",27002,"E56000035","E54000025","E00119017","E01023430","E02004856"
"AL3 8BU","AL3  8BU","AL3 8BU","198001","","E10000015","E58000610","E07000096","E05004714","E04004700","0","507827","0214667","1","E18000006","E40000007","E92000001","E12000006","5","E14001268","E15000006","E24000005","E30000237","E16000150","E07000096","26UCHH","E00119016","26UCHH","E65000001","E01023430","E02004856","7","3C1","E00119016","E01023430","E02004856","E33027089","E38000079","E63011439","E1","1B2",51.820235,-0.436998,"E37000048","","E23000027",27002,"E56000035","E54000025","E00119016","E01023430","E02004856"
"AL3 8BW","AL3  8BW","AL3 8BW","198001","","E10000015","E58000610","E07000096","E05004714","E04004700","0","508060","0214517","1","E18000006","E40000007","E92000001","E12000006","5","E14001268","E15000006","E24000005","E30000237","E16000150","E07000096","26UCHH","E00119018","26UCHH","E65000001","E01023430","E02004856","7","4A2","E00119018","E01023430","E02004856","E33027089","E38000079","E63011439","E1","6B2",51.818849,-0.433642,"E37000048","","E23000027",27002,"E56000035","E54000025","E00119018","E01023430","E02004856"
"AL3 8BX","AL3  8BX","AL3 8BX","198001","","E10000015","E58000610","E07000096","E05004714","E04004700","0","507932","0214631","1","E18000006","E40000007","E92000001","E12000006","5","E14001268","E15000006","E24000005","E30000237","E16000150","E07000096","26UCHH","E00119017","26UCHH","E65000001","E01023430","E02004856","7","1A3","E00119017","E01023430","E02004856","E33027089","E38000079","E63011439","E1","5B3",51.819891,-0.435486,"E37000048","","E23000027",27002,"E56000035","E54000025","E00119017","E01023430","E02004856"
"AL3 8BY","AL3  8BY","AL3 8BY","198001","","E10000015","E58000610","E07000096","E05004714","E04004700","0","507944","0214730","1","E18000006","E40000007","E92000001","E12000006","5","E14001268","E15000006","E24000005","E30000237","E16000150","E07000096","26UCHH","E00119016","26UCHH","E65000001","E01023430","E02004856","7","3C1","E00119016","E01023430","E02004856","E33027089","E38000079","E63011439","E1","1B2",51.820779,-0.435281,"E37000048","","E23000027",27002,"E56000035","E54000025","E00119016","E01023430","E02004856"
"AL3 8BZ","AL3  8BZ","AL3 8BZ","198001","199112","E10000015","E58000610","E07000096","E05004714","E04004700","0","507900","0214900","8","E18000006","E40000007","E92000001","E12000006","5","E14001268","E15000006","E24000005","E30000237","E16000150","E07000096","26UCHH","E00119016","26UCHH","E65000001","E01023430","E02004856","7","3C1","E00119016","E01023430","E02004856","E33027089","E38000079","E63011439","E1","1B2",51.822315,-0.435867,"E37000048","","E23000027",27002,"E56000035","E54000025","E00119016","E01023430","E02004856"
"AL3 8DA","AL3  8DA","AL3 8DA","198001","","E10000015","E58000610","E07000096","E05004714","E04004700","0","507949","0214687","1","E18000006","E40000007","E92000001","E12000006","5","E14001268","E15000006","E24000005","E30000237","E16000150","E07000096","26UCHH","E00119016","26UCHH","E65000001","E01023430","E02004856","7","3C1","E00119016","E01023430","E02004856","E33027089","E38000079","E63011439","E1","1B2",51.820399,-0.435199,"E37000048","","E23000027",27002,"E56000035","E54000025","E00119016","E01023430","E02004856"
"AL3 8DB","AL3  8DB","AL3 8DB","198001","","E10000015","E58000610","E07000096","E05004714","E04004700","0","507753","0214611","1","E18000006","E40000007","E92000001","E12000006","5","E14001268","E15000006","E24000005","E30000237","E16000150","E07000096","26UCHH","E00119017","26UCHH","E65000001","E01023430","E02004856","7","1A3","E00119017","E01023430","E02004856","E33027089","E38000079","E63011439","E1","5B3",51.819746,-0.438089,"E37000048","","E23000027",27002,"E56000035","E54000025","E00119017","E01023430","E02004856"
"AL3 8DD","AL3  8DD","AL3 8DD","198001","","E10000015","E58000610","E07000096","E05004714","E04004700","0","507776","0214638","1","E18000006","E40000007","E92000001","E12000006","5","E14001268","E15000006","E24000005","E30000237","E16000150","E07000096","26UCHH","E00119017","26UCHH","E65000001","E01023430","E02004856","7","1A3","E00119017","E01023430","E02004856","E33027089","E38000079","E63011439","E1","5B3",51.819992,-0.437723,"E37000048","","E23000027",27002,"E56000035","E54000025","E00119017","E01023430","E02004856"
"AL3 8DE","AL3  8DE","AL3 8DE","198001","","E10000015","E58000610","E07000096","E05004714","E04004700","0","507626","0214583","1","E18000006","E40000007","E92000001","E12000006","5","E14001268","E15000006","E24000005","E30000237","E16000150","E07000096","26UCHH","E00119016","26UCHH","E65000001","E01023430","E02004856","7","3C1","E00119016","E01023430","E02004856","E33027089","E38000079","E63011439","E1","1B2",51.819519,-0.439939,"E37000048","","E23000027",27002,"E56000035","E54000025","E00119016","E01023430","E02004856"
"AL3 8DF","AL3  8DF","AL3 8DF","198001","","E10000015","E58000610","E07000096","E05004714","E04004700","0","507517","0214556","1","E18000006","E40000007","E92000001","E12000006","5","E14001268","E15000006","E24000005","E30000237","E16000150","E07000096","26UCHH","E00119016","26UCHH","E65000001","E01023430","E02004856","7","3C1","E00119016","E01023430","E02004856","E33027089","E38000079","E63011439","E1","1B2",51.819305,-0.441504,"E37000048","","E23000027",27002,"E56000035","E54000025","E00119016","E01023430","E02004856"
"AL3 8DG","AL3  8DG","AL3 8DG","198001","","E10000015","E58000610","E07000096","E05004714","E04004700","0","507687","0214799","1","E18000006","E40000007","E92000001","E12000006","5","E14001268","E15000006","E24000005","E30000237","E16000150","E07000096","26UCHH","E00119016","26UCHH","E65000001","E01023430","E02004856","7","3C1","E00119016","E01023430","E02004856","E33027089","E38000079","E63011439","E1","1B2",51.821448,-0.438987,"E37000048","","E23000027",27002,"E56000035","E54000025","E00119016","E01023430","E02004856"
"AL3 8DH","AL3  8DH","AL3 8DH","198001","","E10000015","E58000610","E07000096","E05004714","E04004700","0","507877","0214479","1","E18000006","E40000007","E92000001","E12000006","5","E14001268","E15000006","E24000005","E30000237","E16000150","E07000096","26UCHH","E00119018","26UCHH","E65000001","E01023430","E02004856","7","4A2","E00119018","E01023430","E02004856","E33027089","E38000079","E63011439","E1","6B2",51.818536,-0.436331,"E37000048","","E23000027",27002,"E56000035","E54000025","E00119018","E01023430","E02004856"
"AL3 8DJ","AL3  8DJ","AL3 8DJ","198001","","E10000015","E58000610","E07000096","E05004714","E04004700","0","507908","0214386","1","E18000006","E40000007","E92000001","E12000006","5","E14001268","E15000006","E24000005","E30000237","E16000150","E07000096","26UCHH","E00119018","26UCHH","E65000001","E01023430","E02004856","7","4A2","E00119018","E01023430","E02004856","E33027089","E38000079","E63011439","E1","6B2",51.817701,-0.435887,"E37000048","","E23000027",27002,"E56000035","E54000025","E00119018","E01023430","E02004856"
"AL3 8DL","AL3  8DL","AL3 8DL","198001","","E10000015","E58000610","E07000096","E05004714","E04004700","0","507826","0214181","1","E18000006","E40000007","E92000001","E12000006","5","E14001268","E15000006","E24000005","E30000237","E16000150","E07000096","26UCHH","E00119020","26UCHH","E65000001","E01023431","E02004856","7","1C1","E00119020","E01023431","E02004856","E33027089","E38000079","E63011439","E1","8A1",51.815867,-0.437164,"E37000048","","E23000027",16066,"E56000035","E54000025","E00119020","E01023431","E02004856"
"AL3 8DN","AL3  8DN","AL3 8DN","198001","","E10000015","E58000610","E07000096","E05004714","E04004700","0","507680","0213965","1","E18000006","E40000007","E92000001","E12000006","5","E14001268","E15000006","E24000005","E30000237","E16000150","E07000096","26UCHH","E00119016","26UCHH","E65000001","E01023430","E02004856","7","3C1","E00119016","E01023430","E02004856","E33027089","E38000079","E63011439","E1","1B2",51.813961,-0.439324,"E37000048","","E23000027",27002,"E56000035","E54000025","E00119016","E01023430","E02004856"
"AL3 8DP","AL3  8DP","AL3 8DP","198001","","E10000015","E58000610","E07000096","E05004714","E04004700","0","507508","0213965","1","E18000006","E40000007","E92000001","E12000006","5","E14001268","E15000006","E24000005","E30000237","E16000150","E07000096","26UCHH","E00119016","26UCHH","E65000001","E01023430","E02004856","7","3C1","E00119016","E01023430","E02004856","E33027089","E38000079","E63011439","E1","1B2",51.813995,-0.441818,"E37000048","","E23000027",27002,"E56000035","E54000025","E00119016","E01023430","E02004856"
"AL3 8DQ","AL3  8DQ","AL3 8DQ","198001","","E10000015","E58000610","E07000096","E05004714","E04004700","0","507645","0214781","1","E18000006","E40000007","E92000001","E12000006","5","E14001268","E15000006","E24000005","E30000237","E16000150","E07000096","26UCHH","E00119016","26UCHH","E65000001","E01023430","E02004856","7","3C1","E00119016","E01023430","E02004856","E33027089","E38000079","E63011439","E1","1B2",51.821294,-0.439602,"E37000048","","E23000027",27002,"E56000035","E54000025","E00119016","E01023430","E02004856"
"AL3 8DR","AL3  8DR","AL3 8DR","198001","","E10000015","E58000610","E07000096","E05004714","E04004700","0","507605","0213928","1","E18000006","E40000007","E92000001","E12000006","5","E14001268","E15000006","E24000005","E30000237","E16000150","E07000096","26UCHH","E00119016","26UCHH","E65000001","E01023430","E02004856","7","3C1","E00119016","E01023430","E02004856","E33027089","E38000079","E63011439","E1","1B2",51.813636,-0.440447,"E37000048","","E23000027",27002,"E56000035","E54000025","E00119016","E01023430","E02004856"
"AL3 8DS","AL3  8DS","AL3 8DS","198001","","E10000015","E58000610","E07000096","E05004714","E04004700","0","507612","0213973","1","E18000006","E40000007","E92000001","E12000006","5","E14001268","E15000006","E24000005","E30000237","E16000150","E07000096","26UCHH","E00119016","26UCHH","E65000001","E01023430","E02004856","7","3C1","E00119016","E01023430","E02004856","E33027089","E38000079","E63011439","E1","1B2",51.814039,-0.440331,"E37000048","","E23000027",27002,"E56000035","E54000025","E00119016","E01023430","E02004856"
"AL3 8DT","AL3  8DT","AL3 8DT","199208","200602","E10000015","E58000664","E07000240","E05013956","E43000290","1","517328","0206823","1","E18000006","E40000007","E92000001","E12000006","5","E14001507","E15000006","E24000005","E30000237","E16000150","E07000240","26UGFX","E00120196","26UGFX","E65000001","E01023667","E02004936","5","6D1","E00120196","E01023667","E02004936","E33027453","E38000079","E63011552","C1","5A2",51.747828,-0.301865,"E37000048","","E23000027",30628,"E56000035","E54000025","E00120196","E01023667","E02004936"
"AL3 8DU","AL3  8DU","AL3 8DU","198001","","E10000015","E58000610","E07000096","E05004714","E04004700","0","507480","0214014","1","E18000006","E40000007","E92000001","E12000006","5","E14001268","E15000006","E24000005","E30000237","E16000150","E07000096","26UCHH","E00119016","26UCHH","E65000001","E01023430","E02004856","7","3C1","E00119016","E01023430","E02004856","E33027089","E38000079","E63011439","E1","1B2",51.814440,-0.442209,"E37000048","","E23000027",27002,"E56000035","E54000025","E00119016","E01023430","E02004856"
"AL3 8DW","AL3  8DW","AL3 8DW","198001","","E10000015","E58000610","E07000096","E05004714","E04004700","0","507675","0213878","1","E18000006","E40000007","E92000001","E12000006","5","E14001268","E15000006","E24000005","E30000237","E16000150","E07000096","26UCHH","E00119016","26UCHH","E65000001","E01023430","E02004856","7","3C1","E00119016","E01023430","E02004856","E33027089","E38000079","E63011439","E1","1B2",51.813180,-0.439424,"E37000048","","E23000027",27002,"E56000035","E54000025","E00119016","E01023430","E02004856"
"AL3 8DX","AL3  8DX","AL3 8DX","198001","","E10000015","E58000610","E07000096","E05004714","E04004700","0","507484","0214112","1","E18000006","E40000007","E92000001","E12000006","5","E14001268","E15000006","E24000005","E30000237","E16000150","E07000096","26UCHH","E00119016","26UCHH","E65000001","E01023430","E02004856","7","3C1","E00119016","E01023430","E02004856","E33027089","E38000079","E63011439","E1","1B2",51.815320,-0.442121,"E37000048","","E23000027",27002,"E56000035","E54000025","E00119016","E01023430","E02004856"
"AL3 8DY","AL3  8DY","AL3 8DY","198001","","E10000015","E58000610","E07000096","E05004714","E04004700","0","507525","0214021","1","E18000006","E40000007","E92000001","E12000006","5","E14001268","E15000006","E24000005","E30000237","E16000150","E07000096","26UCHH","E00119016","26UCHH","E65000001","E01023430","E02004856","7","3C1","E00119016","E01023430","E02004856","E33027089","E38000079","E63011439","E1","1B2",51.814487,-0.441578,"E37000048","","E23000027",27002,"E56000035","E54000025","E00119016","E01023430","E02004856"
"AL3 8DZ","AL3  8DZ","AL3 8DZ","198001","","E10000015","E58000610","E07000096","E05004714","E04004700","0","507634","0213999","1","E18000006","E40000007","E92000001","E12000006","5","E14001268","E15000006","E24000005","E30000237","E16000150","E07000096","26UCHH","E00119016","26UCHH","E65000001","E01023430","E02004856","7","3C1","E00119016","E01023430","E02004856","E33027089","E38000079","E63011439","E1","1B2",51.814268,-0.440004,"E37000048","","E23000027",27002,"E56000035","E54000025","E00119016","E01023430","E02004856"
"AL3 8EA","AL3  8EA","AL3 8EA","198001","","E10000015","E58000610","E07000096","E05004714","E04004700","0","507788","0214149","1","E18000006","E40000007","E92000001","E12000006","5","E14001268","E15000006","E24000005","E30000237","E16000150","E07000096","26UCHH","E00119020","26UCHH","E65000001","E01023431","E02004856","7","1C1","E00119020","E01023431","E02004856","E33027089","E38000079","E63011439","E1","8A1",51.815587,-0.437725,"E37000048","","E23000027",16066,"E56000035","E54000025","E00119020","E01023431","E02004856"
"AL3 8EB","AL3  8EB","AL3 8EB","198001","","E10000015","E58000610","E07000096","E05004714","E04004700","0","507691","0214320","1","E18000006","E40000007","E92000001","E12000006","5","E14001268","E15000006","E24000005","E30000237","E16000150","E07000096","26UCHH","E00119020","26UCHH","E65000001","E01023431","E02004856","7","1C1","E00119020","E01023431","E02004856","E33027089","E38000079","E63011439","E1","8A1",51.817142,-0.439078,"E37000048","","E23000027",16066,"E56000035","E54000025","E00119020","E01023431","E02004856"
"AL3 8ED","AL3  8ED","AL3 8ED","198001","","E10000015","E58000610","E07000096","E05004714","E04004700","0","507720","0214349","1","E18000006","E40000007","E92000001","E12000006","5","E14001268","E15000006","E24000005","E30000237","E16000150","E07000096","26UCHH","E00119017","26UCHH","E65000001","E01023430","E02004856","7","1A3","E00119017","E01023430","E02004856","E33027089","E38000079","E63011439","E1","5B3",51.817397,-0.438648,"E37000048","","E23000027",27002,"E56000035","E54000025","E00119017","E01023430","E02004856"
"AL3 8EE","AL3  8EE","AL3 8EE","198001","","E10000015","E58000610","E07000096","E05004714","E04004700","0","507817","0214437","1","E18000006","E40000007","E92000001","E12000006","5","E14001268","E15000006","E24000005","E30000237","E16000150","E07000096","26UCHH","E00119017","26UCHH","E65000001","E01023430","E02004856","7","1A3","E00119017","E01023430","E02004856","E33027089","E38000079","E63011439","E1","5B3",51.818170,-0.437214,"E37000048","","E23000027",27002,"E56000035","E54000025","E00119017","E01023430","E02004856"
"AL3 8EF","AL3  8EF","AL3 8EF","198001","","E10000015","E58000610","E07000096","E05004714","E04004700","0","507771","0214407","1","E18000006","E40000007","E92000001","E12000006","5","E14001268","E15000006","E24000005","E30000237","E16000150","E07000096","26UCHH","E00119017","26UCHH","E65000001","E01023430","E02004856","7","1A3","E00119017","E01023430","E02004856","E33027089","E38000079","E63011439","E1","5B3",51.817909,-0.437891,"E37000048","","E23000027",27002,"E56000035","E54000025","E00119017","E01023430","E02004856"
"AL3 8EG","AL3  8EG","AL3 8EG","200006","","E10000015","E58000610","E07000096","E05004714","E04004700","0","507876","0214042","1","E18000006","E40000007","E92000001","E12000006","5","E14001268","E15000006","E24000005","E30000237","E16000150","E07000096","26UCHH","E00119020","26UCHH","E65000001","E01023431","E02004856","7","1C1","E00119020","E01023431","E02004856","E33027089","E38000079","E63011439","E1","8A1",51.814608,-0.436482,"E37000048","","E23000027",16066,"E56000035","E54000025","E00119020","E01023431","E02004856"
"AL3 8EJ","AL3  8EJ","AL3 8EJ","199712","199806","E10000015","E58000610","E07000096","E05004714","E04004705","1","506601","0215894","6","E18000006","E40000007","E92000001","E12000006","5","E14001268","E15000006","E24000005","E30000237","E16000150","E07000096","26UCHH","E00119028","26UCHH","E65000001","E01023432","E02004856","6","3A1","E00119028","E01023432","E02004856","E33027091","E38000079","E63011402","D1","5B3",51.831498,-0.454401,"E37000048","","E23000027",29110,"E56000035","E54000025","E00119028","E01023432","E02004856"
"AL3 8EL","AL3  8EL","AL3 8EL","202108","","E10000015","E58000610","E07000096","E05004714","E04004700","0","507744","0214545","1","E18000006","E40000007","E92000001","E12000006","5","E14001268","E15000006","E24000005","E30000237","E16000150","E07000096","26UCHH","E00119017","26UCHH","E65000001","E01023430","E02004856","7","1A3","E00119017","E01023430","E02004856","E33027089","E38000079","E63011439","E1","5B3",51.819162,-0.438216,"E37000048","","E23000027",27002,"E56000035","E54000025","E00119017","E01023430","E02004856"
"AL3 8EN","AL3  8EN","AL3 8EN","198001","","E10000015","E58000610","E07000096","E05004714","E04004700","0","507979","0214644","1","E18000006","E40000007","E92000001","E12000006","5","E14001268","E15000006","E24000005","E30000237","E16000150","E07000096","26UCHH","E00119017","26UCHH","E65000001","E01023430","E02004856","7","1A3","E00119017","E01023430","E02004856","E33027089","E38000079","E63011439","E1","5B3",51.819999,-0.434801,"E37000048","","E23000027",27002,"E56000035","E54000025","E00119017","E01023430","E02004856"
"AL3 8EP","AL3  8EP","AL3 8EP","198001","","E10000015","E58000610","E07000096","E05004714","E04004700","0","508163","0214619","1","E18000006","E40000007","E92000001","E12000006","5","E14001268","E15000006","E24000005","E30000237","E16000150","E07000096","26UCHH","E00119018","26UCHH","E65000001","E01023430","E02004856","7","4A2","E00119018","E01023430","E02004856","E33027089","E38000079","E63011432","E1","6B2",51.819739,-0.432140,"E37000048","","E23000027",27002,"E56000035","E54000025","E00119018","E01023430","E02004856"
"AL3 8EQ","AL3  8EQ","AL3 8EQ","199405","199812","E10000015","E58000610","E07000096","E05004714","E04004705","1","506601","0215895","6","E18000006","E40000007","E92000001","E12000006","5","E14001268","E15000006","E24000005","E30000237","E16000150","E07000096","26UCHH","E00119028","26UCHH","E65000001","E01023432","E02004856","6","3A1","E00119028","E01023432","E02004856","E33027091","E38000079","E63011402","D1","5B3",51.831507,-0.454401,"E37000048","","E23000027",29110,"E56000035","E54000025","E00119028","E01023432","E02004856"
"AL3 8ER","AL3  8ER","AL3 8ER","198001","","E10000015","E58000610","E07000096","E05004714","E04004700","0","508361","0214488","1","E18000006","E40000007","E92000001","E12000006","5","E14001268","E15000006","E24000005","E30000237","E16000150","E07000096","26UCHH","E00119016","26UCHH","E65000001","E01023430","E02004856","7","3C1","E00119016","E01023430","E02004856","E33027089","E38000079","E63011432","E1","1B2",51.818530,-0.429286,"E37000048","","E23000027",27002,"E56000035","E54000025","E00119016","E01023430","E02004856"
"AL3 8ES","AL3  8ES","AL3 8ES","198001","","E10000015","E58000610","E07000096","E05004714","E04004700","0","508737","0213933","1","E18000006","E40000007","E92000001","E12000006","5","E14001268","E15000006","E24000005","E30000237","E16000150","E07000096","26UCHH","E00119019","26UCHH","E65000001","E01023431","E02004856","8","3C2","E00119019","E01023431","E02004856","E33027089","E38000079","","F1","1C1",51.813462,-0.424031,"E37000048","","E23000027",16066,"E56000035","E54000025","E00119019","E01023431","E02004856"
"AL3 8ET","AL3  8ET","AL3 8ET","198001","","E10000015","E58000610","E07000096","E05004714","E04004700","0","508439","0214879","1","E18000006","E40000007","E92000001","E12000006","5","E14001268","E15000006","E24000005","E30000237","E16000150","E07000096","26UCHH","E00119016","26UCHH","E65000001","E01023430","E02004856","7","3C1","E00119016","E01023430","E02004856","E33027089","E38000079","E63011432","E1","1B2",51.822030,-0.428032,"E37000048","","E23000027",27002,"E56000035","E54000025","E00119016","E01023430","E02004856"
"AL3 8EU","AL3  8EU","AL3 8EU","198001","","E10000015","E58000610","E07000096","E05004714","E04004700","0","508429","0214739","1","E18000006","E40000007","E92000001","E12000006","5","E14001268","E15000006","E24000005","E30000237","E16000150","E07000096","26UCHH","E00119016","26UCHH","E65000001","E01023430","E02004856","7","3C1","E00119016","E01023430","E02004856","E33027089","E38000079","E63011432","E1","1B2",51.820773,-0.428221,"E37000048","","E23000027",27002,"E56000035","E54000025","E00119016","E01023430","E02004856"
"AL3 8EW","AL3  8EW","AL3 8EW","198001","","E10000015","E58000610","E07000096","E05004714","E04004700","0","508302","0214656","1","E18000006","E40000007","E92000001","E12000006","5","E14001268","E15000006","E24000005","E30000237","E16000150","E07000096","26UCHH","E00119018","26UCHH","E65000001","E01023430","E02004856","7","4A2","E00119018","E01023430","E02004856","E33027089","E38000079","E63011432","E1","6B2",51.820044,-0.430113,"E37000048","","E23000027",27002,"E56000035","E54000025","E00119018","E01023430","E02004856"
"AL3 8EX","AL3  8EX","AL3 8EX","199606","","E10000015","E58000610","E07000096","E05004714","E04004700","0","509041","0214899","1","E18000006","E40000007","E92000001","E12000006","5","E14001268","E15000006","E24000005","E30000237","E16000150","E07000096","26UCHH","E00119021","26UCHH","E65000001","E01023430","E02004856","7","3B1","E00119021","E01023430","E02004856","E33024177","E38000079","E63011432","F1","1B2",51.822085,-0.419319,"E37000048","","E23000027",27002,"E56000035","E54000025","E00119021","E01023430","E02004856"
"AL3 8EY","AL3  8EY","AL3 8EY","198001","","E10000015","E58000625","E07000240","E05013961","E04004806","0","509392","0214532","1","E18000006","E40000007","E92000001","E12000006","5","E14001268","E15000006","E24000005","E30000237","E16000150","E07000240","26UGGL","E00120460","26UGGL","E65000001","E01023725","E02004929","6","4D2","E00120460","E01023725","E02004929","E33027420","E38000079","","D1","6A4",51.818725,-0.414320,"E37000048","","E23000027",28225,"E56000035","E54000025","E00120460","E01023725","E02004929"
"AL3 8EZ","AL3  8EZ","AL3 8EZ","198001","199706","E10000015","E58000610","E07000096","E05004714","E04004700","0","509000","0214800","8","E18000006","E40000007","E92000001","E12000006","5","E14001268","E15000006","E24000005","E30000237","E16000150","E07000096","26UCHH","E00119021","26UCHH","E65000001","E01023430","E02004856","7","3B1","E00119021","E01023430","E02004856","E33024177","E38000079","E63011432","F1","1B2",51.821203,-0.419945,"E37000048","","E23000027",27002,"E56000035","E54000025","E00119021","E01023430","E02004856"
"AL3 8FA","AL3  8FA","AL3 8FA","202306","","E10000015","E58000610","E07000096","E05004714","E04004700","0","507799","0214735","1","E18000006","E40000007","E92000001","E12000006","5","E14001268","E15000006","E24000005","E30000237","E16000150","E07000096","26UCHH","E00119016","26UCHH","E65000001","E01023430","E02004856","7","3C1","E00119016","E01023430","E02004856","E33027089","E38000079","E63011439","E1","1B2",51.820859,-0.437359,"E37000048","","E23000027",27002,"E56000035","E54000025","E00119016","E01023430","E02004856"
"AL3 8FG","AL3  8FG","AL3 8FG","201411","","E10000015","E58000610","E07000096","E05004714","E04004705","0","506288","0216427","1","E18000006","E40000007","E92000001","E12000006","5","E14001268","E15000006","E24000005","E30000237","E16000150","E07000096","26UCHH","E00119031","26UCHH","E65000001","E01023432","E02004856","6","1C1","E00119031","E01023432","E02004856","E33027090","E38000079","E63011402","D1","8A1",51.836356,-0.458754,"E37000048","","E23000027",29110,"E56000035","E54000025","E00119031","E01023432","E02004856"
"AL3 8FH","AL3  8FH","AL3 8FH","201404","","E10000015","E58000610","E07000096","E05004714","E04004705","0","506330","0216316","1","E18000006","E40000007","E92000001","E12000006","5","E14001268","E15000006","E24000005","E30000237","E16000150","E07000096","26UCHH","E00119031","26UCHH","E65000001","E01023432","E02004856","6","1C1","E00119031","E01023432","E02004856","E33027090","E38000079","E63011402","D1","8A1",51.835350,-0.458179,"E37000048","","E23000027",29110,"E56000035","E54000025","E00119031","E01023432","E02004856"
"AL3 8FL","AL3  8FL","AL3 8FL","201506","","E10000015","E58000610","E07000096","E05004714","E04004705","0","506311","0216411","1","E18000006","E40000007","E92000001","E12000006","5","E14001268","E15000006","E24000005","E30000237","E16000150","E07000096","26UCHH","E00119031","26UCHH","E65000001","E01023432","E02004856","6","1C1","E00119031","E01023432","E02004856","E33027090","E38000079","E63011402","D1","8A1",51.836208,-0.458425,"E37000048","","E23000027",29110,"E56000035","E54000025","E00119031","E01023432","E02004856"
"AL3 8HA","AL3  8HA","AL3 8HA","198001","","E10000015","E58000610","E07000096","E05004714","E04004700","0","508921","0215533","1","E18000006","E40000007","E92000001","E12000006","5","E14001268","E15000006","E24000005","E30000237","E16000150","E07000096","26UCHH","E00119021","26UCHH","E65000001","E01023430","E02004856","7","3B1","E00119021","E01023430","E02004856","E33024177","E38000079","","F1","1B2",51.827814,-0.420836,"E37000048","","E23000027",27002,"E56000035","E54000025","E00119021","E01023430","E02004856"
"AL3 8HB","AL3  8HB","AL3 8HB","198001","","E10000015","E58000610","E07000096","E05004714","E04004700","0","508735","0214887","1","E18000006","E40000007","E92000001","E12000006","5","E14001268","E15000006","E24000005","E30000237","E16000150","E07000096","26UCHH","E00119016","26UCHH","E65000001","E01023430","E02004856","7","3C1","E00119016","E01023430","E02004856","E33027089","E38000079","E63011432","E1","1B2",51.822044,-0.423737,"E37000048","","E23000027",27002,"E56000035","E54000025","E00119016","E01023430","E02004856"
"AL3 8HD","AL3  8HD","AL3 8HD","198001","","E10000015","E58000610","E07000096","E05004714","E04004700","0","508602","0214980","1","E18000006","E40000007","E92000001","E12000006","5","E14001268","E15000006","E24000005","E30000237","E16000150","E07000096","26UCHH","E00119021","26UCHH","E65000001","E01023430","E02004856","7","3B1","E00119021","E01023430","E02004856","E33024177","E38000079","E63011432","F1","1B2",51.822898,-0.425660,"E37000048","","E23000027",27002,"E56000035","E54000025","E00119021","E01023430","E02004856"
"AL3 8HE","AL3  8HE","AL3 8HE","198001","199706","E10000015","E58000610","E07000096","E05004714","E04004705","0","507100","0215500","8","E18000006","E40000007","E92000001","E12000006","5","E14001268","E15000006","E24000005","E30000237","E16000150","E07000096","26UCHH","E00119028","26UCHH","E65000001","E01023432","E02004856","6","3A1","E00119028","E01023432","E02004856","E33027091","E38000079","","D1","5B3",51.827861,-0.447284,"E37000048","","E23000027",29110,"E56000035","E54000025","E00119028","E01023432","E02004856"
"AL3 8HF","AL3  8HF","AL3 8HF","200106","200111","E10000015","E58000664","E07000240","E05013956","E43000290","1","517328","0206823","1","E18000006","E40000007","E92000001","E12000006","5","E14001507","E15000006","E24000005","E30000237","E16000150","E07000240","26UGFX","E00120196","26UGFX","E65000001","E01023667","E02004936","5","6D1","E00120196","E01023667","E02004936","E33027453","E38000079","E63011552","C1","5A2",51.747828,-0.301865,"E37000048","","E23000027",30628,"E56000035","E54000025","E00120196","E01023667","E02004936"
"AL3 8HG","AL3  8HG","AL3 8HG","198001","","E10000015","E58000610","E07000096","E05004714","E04004700","0","508271","0215117","1","E18000006","E40000007","E92000001","E12000006","5","E14001268","E15000006","E24000005","E30000237","E16000150","E07000096","26UCHH","E00119021","26UCHH","E65000001","E01023430","E02004856","7","3B1","E00119021","E01023430","E02004856","E33024177","E38000079","E63011432","F1","1B2",51.824201,-0.430394,"E37000048","","E23000027",27002,"E56000035","E54000025","E00119021","E01023430","E02004856"
"AL3 8HH","AL3  8HH","AL3 8HH","199412","","E10000015","E58000610","E07000096","E05004714","E04004705","0","507188","0215573","1","E18000006","E40000007","E92000001","E12000006","5","E14001268","E15000006","E24000005","E30000237","E16000150","E07000096","26UCHH","E00119028","26UCHH","E65000001","E01023432","E02004856","6","3A1","E00119028","E01023432","E02004856","E33027091","E38000079","","D1","5B3",51.828508,-0.445961,"E37000048","","E23000027",29110,"E56000035","E54000025","E00119028","E01023432","E02004856"
"AL3 8HJ","AL3  8HJ","AL3 8HJ","198001","","E10000015","E58000610","E07000096","E05004714","E04004700","0","508072","0215228","1","E18000006","E40000007","E92000001","E12000006","5","E14001268","E15000006","E24000005","E30000237","E16000150","E07000096","26UCHH","E00119021","26UCHH","E65000001","E01023430","E02004856","7","3B1","E00119021","E01023430","E02004856","E33024177","E38000079","E63011432","F1","1B2",51.825230,-0.433270,"E37000048","","E23000027",27002,"E56000035","E54000025","E00119021","E01023430","E02004856"
"AL3 8HL","AL3  8HL","AL3 8HL","198001","","E10000015","E58000610","E07000096","E05004714","E04004700","0","507566","0215504","1","E18000006","E40000007","E92000001","E12000006","5","E14001268","E15000006","E24000005","E30000237","E16000150","E07000096","26UCHH","E00119021","26UCHH","E65000001","E01023430","E02004856","7","3B1","E00119021","E01023430","E02004856","E33024177","E38000079","","F1","1B2",51.827808,-0.440523,"E37000048","","E23000027",27002,"E56000035","E54000025","E00119021","E01023430","E02004856"
"AL3 8HN","AL3  8HN","AL3 8HN","198001","","E10000015","E58000610","E07000096","E05004714","E04004700","0","508083","0215295","1","E18000006","E40000007","E92000001","E12000006","5","E14001268","E15000006","E24000005","E30000237","E16000150","E07000096","26UCHH","E00119021","26UCHH","E65000001","E01023430","E02004856","7","3B1","E00119021","E01023430","E02004856","E33024177","E38000079","E63011432","F1","1B2",51.825830,-0.433089,"E37000048","","E23000027",27002,"E56000035","E54000025","E00119021","E01023430","E02004856"
"AL3 8HP","AL3  8HP","AL3 8HP","200106","200407","E10000015","E58000664","E07000240","E05013956","E43000290","1","517328","0206823","1","E18000006","E40000007","E92000001","E12000006","5","E14001507","E15000006","E24000005","E30000237","E16000150","E07000240","26UGFX","E00120196","26UGFX","E65000001","E01023667","E02004936","5","6D1","E00120196","E01023667","E02004936","E33027453","E38000079","E63011552","C1","5A2",51.747828,-0.301865,"E37000048","","E23000027",30628,"E56000035","E54000025","E00120196","E01023667","E02004936"
"AL3 8HQ","AL3  8HQ","AL3 8HQ","198001","","E10000015","E58000610","E07000096","E05004714","E04004700","0","507525","0215411","1","E18000006","E40000007","E92000001","E12000006","5","E14001268","E15000006","E24000005","E30000237","E16000150","E07000096","26UCHH","E00119021","26UCHH","E65000001","E01023430","E02004856","7","3B1","E00119021","E01023430","E02004856","E33024177","E38000079","","F1","1B2",51.826988,-0.441123,"E37000048","","E23000027",27002,"E56000035","E54000025","E00119021","E01023430","E02004856"
"AL3 8HR","AL3  8HR","AL3 8HR","198607","","E10000015","E58000610","E07000096","E05004714","E04004705","0","505985","0216500","1","E18000006","E40000007","E92000001","E12000006","5","E14001268","E15000006","E24000005","E30000237","E16000150","E07000096","26UCHH","E00119033","26UCHH","E65000001","E01023433","E02004856","6","6D1","E00119033","E01023433","E02004856","E33027091","E38000079","E63011402","D1","5A1",51.837061,-0.463151,"E37000048","","E23000027",24296,"E56000035","E54000025","E00119033","E01023433","E02004856"
"AL3 8HS","AL3  8HS","AL3 8HS","198504","","E10000015","E58000610","E07000096","E05004714","E04004700","0","508411","0215075","1","E18000006","E40000007","E92000001","E12000006","5","E14001268","E15000006","E24000005","E30000237","E16000150","E07000096","26UCHH","E00119021","26UCHH","E65000001","E01023430","E02004856","7","3B1","E00119021","E01023430","E02004856","E33024177","E38000079","E63011432","F1","1B2",51.823789,-0.428401,"E37000048","","E23000027",27002,"E56000035","E54000025","E00119021","E01023430","E02004856"
"AL3 8HT","AL3  8HT","AL3 8HT","199906","","E10000015","E58000610","E07000096","E05004714","E04004700","0","508910","0214773","1","E18000006","E40000007","E92000001","E12000006","5","E14001268","E15000006","E24000005","E30000237","E16000150","E07000096","26UCHH","E00119016","26UCHH","E65000001","E01023430","E02004856","7","3C1","E00119016","E01023430","E02004856","E33027089","E38000079","E63011432","E1","1B2",51.820985,-0.421234,"E37000048","","E23000027",27002,"E56000035","E54000025","E00119016","E01023430","E02004856"
"AL3 8HU","AL3  8HU","AL3 8HU","198307","","E10000015","E58000610","E07000096","E05004714","E04004705","0","505742","0216436","1","E18000006","E40000007","E92000001","E12000006","5","E14001268","E15000006","E24000005","E30000237","E16000150","E07000096","26UCHH","E00119032","26UCHH","E65000001","E01023433","E02004856","6","1C3","E00119032","E01023433","E02004856","E33027090","E38000079","E63011402","D1","8A1",51.836532,-0.466697,"E37000048","","E23000027",24296,"E56000035","E54000025","E00119032","E01023433","E02004856"
"AL3 8HW","AL3  8HW","AL3 8HW","198001","","E10000015","E58000610","E07000096","E05004714","E04004700","0","508100","0215463","1","E18000006","E40000007","E92000001","E12000006","5","E14001268","E15000006","E24000005","E30000237","E16000150","E07000096","26UCHH","E00119021","26UCHH","E65000001","E01023430","E02004856","7","3B1","E00119021","E01023430","E02004856","E33024177","E38000079","E63011432","F1","1B2",51.827369,-0.432635,"E37000048","","E23000027",27002,"E56000035","E54000025","E00119021","E01023430","E02004856"
"AL3 8HX","AL3  8HX","AL3 8HX","198307","","E10000015","E58000610","E07000096","E05004714","E04004705","0","505784","0216401","1","E18000006","E40000007","E92000001","E12000006","5","E14001268","E15000006","E24000005","E30000237","E16000150","E07000096","26UCHH","E00119032","26UCHH","E65000001","E01023433","E02004856","6","1C3","E00119032","E01023433","E02004856","E33027090","E38000079","E63011402","D1","8A1",51.836210,-0.466098,"E37000048","","E23000027",24296,"E56000035","E54000025","E00119032","E01023433","E02004856"
"AL3 8HY","AL3  8HY","AL3 8HY","198001","","E10000015","E58000610","E07000096","E05004714","E04004705","0","506060","0216434","1","E18000006","E40000007","E92000001","E12000006","5","E14001268","E15000006","E24000005","E30000237","E16000150","E07000096","26UCHH","E00119033","26UCHH","E65000001","E01023433","E02004856","6","6D1","E00119033","E01023433","E02004856","E33027091","E38000079","E63011402","D1","5A1",51.836462,-0.462059,"E37000048","","E23000027",24296,"E56000035","E54000025","E00119033","E01023433","E02004856"
"AL3 8HZ","AL3  8HZ","AL3 8HZ","198001","","E10000015","E58000610","E07000096","E05004714","E04004705","0","506125","0216434","1","E18000006","E40000007","E92000001","E12000006","5","E14001268","E15000006","E24000005","E30000237","E16000150","E07000096","26UCHH","E00119033","26UCHH","E65000001","E01023433","E02004856","6","6D1","E00119033","E01023433","E02004856","E33027091","E38000079","E63011402","D1","5A1",51.836450,-0.461116,"E37000048","","E23000027",24296,"E56000035","E54000025","E00119033","E01023433","E02004856"
"AL3 8JA","AL3  8JA","AL3 8JA","198001","200303","E10000015","E58000610","E07000096","E05004714","E04004705","0","506084","0216366","1","E18000006","E40000007","E92000001","E12000006","5","E14001268","E15000006","E24000005","E30000237","E16000150","E07000096","26UCHH","E00119025","26UCHH","E65000001","E01023433","E02004856","6","5B3","E00119025","E01023433","E02004856","E33027091","E38000079","E63011402","D1","8C1",51.835838,-0.461756,"E37000048","","E23000027",24296,"E56000035","E54000025","E00119025","E01023433","E02004856"
"AL3 8JB","AL3  8JB","AL3 8JB","198001","","E10000015","E58000610","E07000096","E05004714","E04004705","0","505803","0216374","1","E18000006","E40000007","E92000001","E12000006","5","E14001268","E15000006","E24000005","E30000237","E16000150","E07000096","26UCHH","E00119025","26UCHH","E65000001","E01023433","E02004856","6","5B3","E00119025","E01023433","E02004856","E33027091","E38000079","E63011402","D1","8C1",51.835963,-0.465830,"E37000048","","E23000027",24296,"E56000035","E54000025","E00119025","E01023433","E02004856"
"AL3 8JD","AL3  8JD","AL3 8JD","198001","","E10000015","E58000610","E07000096","E05004714","E04004705","0","505418","0216437","1","E18000006","E40000007","E92000001","E12000006","5","E14001268","E15000006","E24000005","E30000237","E16000150","E07000096","26UCHH","E00119030","26UCHH","E65000001","E01023430","E02004856","7","3C1","E00119030","E01023430","E02004856","E33027090","E38000079","","F1","1C3",51.836611,-0.471373,"E37000048","","E23000027",27002,"E56000035","E54000025","E00119030","E01023430","E02004856"
"AL3 8JE","AL3  8JE","AL3 8JE","198001","","E10000015","E58000610","E07000096","E05004714","E04004705","0","505802","0216331","1","E18000006","E40000007","E92000001","E12000006","5","E14001268","E15000006","E24000005","E30000237","E16000150","E07000096","26UCHH","E00119034","26UCHH","E65000001","E01023433","E02004856","6","1C1","E00119034","E01023433","E02004856","E33027091","E38000079","E63011402","D1","8D2",51.835577,-0.465858,"E37000048","","E23000027",24296,"E56000035","E54000025","E00119034","E01023433","E02004856"
"AL3 8JF","AL3  8JF","AL3 8JF","198001","","E10000015","E58000610","E07000096","E05004714","E04004705","0","506024","0216328","1","E18000006","E40000007","E92000001","E12000006","5","E14001268","E15000006","E24000005","E30000237","E16000150","E07000096","26UCHH","E00119025","26UCHH","E65000001","E01023433","E02004856","6","5B3","E00119025","E01023433","E02004856","E33027091","E38000079","E63011402","D1","8C1",51.835508,-0.462638,"E37000048","","E23000027",24296,"E56000035","E54000025","E00119025","E01023433","E02004856"
"AL3 8JG","AL3  8JG","AL3 8JG","198001","","E10000015","E58000610","E07000096","E05004714","E04004705","0","506160","0216413","1","E18000006","E40000007","E92000001","E12000006","5","E14001268","E15000006","E24000005","E30000237","E16000150","E07000096","26UCHH","E00119026","26UCHH","E65000001","E01023433","E02004856","6","6D1","E00119026","E01023433","E02004856","E33027091","E38000079","E63011402","D1","5A3",51.836254,-0.460615,"E37000048","","E23000027",24296,"E56000035","E54000025","E00119026","E01023433","E02004856"
"AL3 8JH","AL3  8JH","AL3 8JH","199208","","E10000015","E58000610","E07000096","E05004714","E04004705","0","506390","0216343","1","E18000006","E40000007","E92000001","E12000006","5","E14001268","E15000006","E24000005","E30000237","E16000150","E07000096","26UCHH","E00119031","26UCHH","E65000001","E01023432","E02004856","6","1C1","E00119031","E01023432","E02004856","E33027090","E38000079","E63011402","D1","8A1",51.835581,-0.457300,"E37000048","","E23000027",29110,"E56000035","E54000025","E00119031","E01023432","E02004856"
"AL3 8JJ","AL3  8JJ","AL3 8JJ","198001","","E10000015","E58000610","E07000096","E05004714","E04004705","0","506359","0216230","1","E18000006","E40000007","E92000001","E12000006","5","E14001268","E15000006","E24000005","E30000237","E16000150","E07000096","26UCHH","E00119028","26UCHH","E65000001","E01023432","E02004856","6","3A1","E00119028","E01023432","E02004856","E33027091","E38000079","E63011402","D1","5B3",51.834572,-0.457784,"E37000048","","E23000027",29110,"E56000035","E54000025","E00119028","E01023432","E02004856"
"AL3 8JL","AL3  8JL","AL3 8JL","198001","","E10000015","E58000610","E07000096","E05004714","E04004705","0","506421","0216189","1","E18000006","E40000007","E92000001","E12000006","5","E14001268","E15000006","E24000005","E30000237","E16000150","E07000096","26UCHH","E00119029","26UCHH","E65000001","E01023432","E02004856","6","6A1","E00119029","E01023432","E02004856","E33027091","E38000079","E63011402","D1","6B2",51.834183,-0.456921,"E37000048","","E23000027",29110,"E56000035","E54000025","E00119029","E01023432","E02004856"
"AL3 8JN","AL3  8JN","AL3 8JN","198001","","E10000015","E58000610","E07000096","E05004714","E04004705","0","506478","0216239","1","E18000006","E40000007","E92000001","E12000006","5","E14001268","E15000006","E24000005","E30000237","E16000150","E07000096","26UCHH","E00119028","26UCHH","E65000001","E01023432","E02004856","6","3A1","E00119028","E01023432","E02004856","E33027091","E38000079","E63011402","D1","5B3",51.834622,-0.456079,"E37000048","","E23000027",29110,"E56000035","E54000025","E00119028","E01023432","E02004856"
"AL3 8JP","AL3  8JP","AL3 8JP","198001","","E10000015","E58000610","E07000096","E05004714","E04004705","0","506597","0216065","1","E18000006","E40000007","E92000001","E12000006","5","E14001268","E15000006","E24000005","E30000237","E16000150","E07000096","26UCHH","E00119029","26UCHH","E65000001","E01023432","E02004856","6","6A1","E00119029","E01023432","E02004856","E33027091","E38000079","E63011402","D1","6B2",51.833043,-0.454382,"E37000048","","E23000027",29110,"E56000035","E54000025","E00119029","E01023432","E02004856"
"AL3 8JQ","AL3  8JQ","AL3 8JQ","200409","","E10000015","E58000610","E07000096","E05004714","E04004705","0","506087","0216358","1","E18000006","E40000007","E92000001","E12000006","5","E14001268","E15000006","E24000005","E30000237","E16000150","E07000096","26UCHH","E00119033","26UCHH","E65000001","E01023433","E02004856","6","6D1","E00119033","E01023433","E02004856","E33027091","E38000079","E63011402","D1","5A1",51.835766,-0.461715,"E37000048","","E23000027",24296,"E56000035","E54000025","E00119033","E01023433","E02004856"
"AL3 8JR","AL3  8JR","AL3 8JR","198001","","E10000015","E58000610","E07000096","E05004714","E04004705","0","506713","0215981","1","E18000006","E40000007","E92000001","E12000006","5","E14001268","E15000006","E24000005","E30000237","E16000150","E07000096","26UCHH","E00119028","26UCHH","E65000001","E01023432","E02004856","6","3A1","E00119028","E01023432","E02004856","E33027091","E38000079","E63011402","D1","5B3",51.832258,-0.452749,"E37000048","","E23000027",29110,"E56000035","E54000025","E00119028","E01023432","E02004856"
"AL3 8JS","AL3  8JS","AL3 8JS","198001","","E10000015","E58000610","E07000096","E05004714","E04004705","0","506596","0215941","1","E18000006","E40000007","E92000001","E12000006","5","E14001268","E15000006","E24000005","E30000237","E16000150","E07000096","26UCHH","E00119028","26UCHH","E65000001","E01023432","E02004856","6","3A1","E00119028","E01023432","E02004856","E33027091","E38000079","E63011402","D1","5B3",51.831921,-0.454459,"E37000048","","E23000027",29110,"E56000035","E54000025","E00119028","E01023432","E02004856"
"AL3 8JT","AL3  8JT","AL3 8JT","198001","","E10000015","E58000610","E07000096","E05004714","E04004705","0","506458","0216120","1","E18000006","E40000007","E92000001","E12000006","5","E14001268","E15000006","E24000005","E30000237","E16000150","E07000096","26UCHH","E00119029","26UCHH","E65000001","E01023432","E02004856","6","6A1","E00119029","E01023432","E02004856","E33027091","E38000079","E63011402","D1","6B2",51.833556,-0.456406,"E37000048","","E23000027",29110,"E56000035","E54000025","E00119029","E01023432","E02004856"
"AL3 8JU","AL3  8JU","AL3 8JU","198001","","E10000015","E58000610","E07000096","E05004714","E04004705","0","506347","0216199","1","E18000006","E40000007","E92000001","E12000006","5","E14001268","E15000006","E24000005","E30000237","E16000150","E07000096","26UCHH","E00119028","26UCHH","E65000001","E01023432","E02004856","6","3A1","E00119028","E01023432","E02004856","E33027091","E38000079","E63011402","D1","5B3",51.834287,-0.457992,"E37000048","","E23000027",29110,"E56000035","E54000025","E00119028","E01023432","E02004856"
"AL3 8JW","AL3  8JW","AL3 8JW","198001","","E10000015","E58000610","E07000096","E05004714","E04004705","0","506553","0216139","1","E18000006","E40000007","E92000001","E12000006","5","E14001268","E15000006","E24000005","E30000237","E16000150","E07000096","26UCHH","E00119029","26UCHH","E65000001","E01023432","E02004856","6","6A1","E00119029","E01023432","E02004856","E33027091","E38000079","E63011402","D1","6B2",51.833709,-0.455022,"E37000048","","E23000027",29110,"E56000035","E54000025","E00119029","E01023432","E02004856"
"AL3 8JX","AL3  8JX","AL3 8JX","198001","","E10000015","E58000610","E07000096","E05004714","E04004705","0","506279","0216197","1","E18000006","E40000007","E92000001","E12000006","5","E14001268","E15000006","E24000005","E30000237","E16000150","E07000096","26UCHH","E00119026","26UCHH","E65000001","E01023433","E02004856","6","6D1","E00119026","E01023433","E02004856","E33027091","E38000079","E63011402","D1","5A3",51.834282,-0.458979,"E37000048","","E23000027",24296,"E56000035","E54000025","E00119026","E01023433","E02004856"
"AL3 8JY","AL3  8JY","AL3 8JY","198001","","E10000015","E58000610","E07000096","E05004714","E04004705","0","506311","0216192","1","E18000006","E40000007","E92000001","E12000006","5","E14001268","E15000006","E24000005","E30000237","E16000150","E07000096","26UCHH","E00119026","26UCHH","E65000001","E01023433","E02004856","6","6D1","E00119026","E01023433","E02004856","E33027091","E38000079","E63011402","D1","5A3",51.834231,-0.458516,"E37000048","","E23000027",24296,"E56000035","E54000025","E00119026","E01023433","E02004856"
"AL3 8JZ","AL3  8JZ","AL3 8JZ","198001","","E10000015","E58000610","E07000096","E05004714","E04004705","0","506298","0216245","1","E18000006","E40000007","E92000001","E12000006","5","E14001268","E15000006","E24000005","E30000237","E16000150","E07000096","26UCHH","E00119026","26UCHH","E65000001","E01023433","E02004856","6","6D1","E00119026","E01023433","E02004856","E33027091","E38000079","E63011402","D1","5A3",51.834710,-0.458689,"E37000048","","E23000027",24296,"E56000035","E54000025","E00119026","E01023433","E02004856"
"AL3 8LA","AL3  8LA","AL3 8LA","198001","","E10000015","E58000610","E07000096","E05004714","E04004705","0","506253","0216275","1","E18000006","E40000007","E92000001","E12000006","5","E14001268","E15000006","E24000005","E30000237","E16000150","E07000096","26UCHH","E00119026","26UCHH","E65000001","E01023433","E02004856","6","6D1","E00119026","E01023433","E02004856","E33027091","E38000079","E63011402","D1","5A3",51.834988,-0.459332,"E37000048","","E23000027",24296,"E56000035","E54000025","E00119026","E01023433","E02004856"
"AL3 8LB","AL3  8LB","AL3 8LB","198001","","E10000015","E58000610","E07000096","E05004714","E04004705","0","506210","0216291","1","E18000006","E40000007","E92000001","E12000006","5","E14001268","E15000006","E24000005","E30000237","E16000150","E07000096","26UCHH","E00119033","26UCHH","E65000001","E01023433","E02004856","6","6D1","E00119033","E01023433","E02004856","E33027091","E38000079","E63011402","D1","5A1",51.835140,-0.459951,"E37000048","","E23000027",24296,"E56000035","E54000025","E00119033","E01023433","E02004856"
"AL3 8LD","AL3  8LD","AL3 8LD","198001","","E10000015","E58000610","E07000096","E05004714","E04004705","0","506210","0216267","1","E18000006","E40000007","E92000001","E12000006","5","E14001268","E15000006","E24000005","E30000237","E16000150","E07000096","26UCHH","E00119027","26UCHH","E65000001","E01023432","E02004856","6","4C2","E00119027","E01023432","E02004856","E33027091","E38000079","E63011402","D1","6B2",51.834925,-0.459959,"E37000048","","E23000027",29110,"E56000035","E54000025","E00119027","E01023432","E02004856"
"AL3 8LE","AL3  8LE","AL3 8LE","198001","","E10000015","E58000610","E07000096","E05004714","E04004705","0","506229","0216310","1","E18000006","E40000007","E92000001","E12000006","5","E14001268","E15000006","E24000005","E30000237","E16000150","E07000096","26UCHH","E00119033","26UCHH","E65000001","E01023433","E02004856","6","6D1","E00119033","E01023433","E02004856","E33027091","E38000079","E63011402","D1","5A1",51.835307,-0.459670,"E37000048","","E23000027",24296,"E56000035","E54000025","E00119033","E01023433","E02004856"
"AL3 8LF","AL3  8LF","AL3 8LF","198001","","E10000015","E58000610","E07000096","E05004714","E04004705","0","506173","0216363","1","E18000006","E40000007","E92000001","E12000006","5","E14001268","E15000006","E24000005","E30000237","E16000150","E07000096","26UCHH","E00119033","26UCHH","E65000001","E01023433","E02004856","6","6D1","E00119033","E01023433","E02004856","E33027091","E38000079","E63011402","D1","5A1",51.835794,-0.460466,"E37000048","","E23000027",24296,"E56000035","E54000025","E00119033","E01023433","E02004856"
"AL3 8LG","AL3  8LG","AL3 8LG","198001","","E10000015","E58000610","E07000096","E05004714","E04004705","0","506241","0216376","1","E18000006","E40000007","E92000001","E12000006","5","E14001268","E15000006","E24000005","E30000237","E16000150","E07000096","26UCHH","E00119031","26UCHH","E65000001","E01023432","E02004856","6","1C1","E00119031","E01023432","E02004856","E33027090","E38000079","E63011402","D1","8A1",51.835906,-0.459451,"E37000048","","E23000027",29110,"E56000035","E54000025","E00119031","E01023432","E02004856"
"AL3 8LH","AL3  8LH","AL3 8LH","200006","201310","E10000015","E58000610","E07000096","E05004714","E04004705","0","506328","0216373","1","E18000006","E40000007","E92000001","E12000006","5","E14001268","E15000006","E24000005","E30000237","E16000150","E07000096","26UCHH","E00119031","26UCHH","E65000001","E01023432","E02004856","6","1C1","E00119031","E01023432","E02004856","E33027090","E38000079","E63011402","D1","8A1",51.835855,-0.458214,"E37000048","","E23000027",29110,"E56000035","E54000025","E00119031","E01023432","E02004856"
"AL3 8LJ","AL3  8LJ","AL3 8LJ","198001","","E10000015","E58000610","E07000096","E05004714","E04004705","0","506287","0216438","1","E18000006","E40000007","E92000001","E12000006","5","E14001268","E15000006","E24000005","E30000237","E16000150","E07000096","26UCHH","E00119031","26UCHH","E65000001","E01023432","E02004856","6","1C1","E00119031","E01023432","E02004856","E33027090","E38000079","E63011402","D1","8A1",51.836455,-0.458765,"E37000048","","E23000027",29110,"E56000035","E54000025","E00119031","E01023432","E02004856"
"AL3 8LL","AL3  8LL","AL3 8LL","198001","","E10000015","E58000610","E07000096","E05004714","E04004705","0","506301","0216534","1","E18000006","E40000007","E92000001","E12000006","5","E14001268","E15000006","E24000005","E30000237","E16000150","E07000096","26UCHH","E00119031","26UCHH","E65000001","E01023432","E02004856","6","1C1","E00119031","E01023432","E02004856","E33027090","E38000079","E63011402","D1","8A1",51.837307,-0.458556,"E37000048","","E23000027",29110,"E56000035","E54000025","E00119031","E01023432","E02004856"
"AL3 8LN","AL3  8LN","AL3 8LN","198001","","E10000015","E58000610","E07000096","E05004714","E04004705","0","506468","0216427","1","E18000006","E40000007","E92000001","E12000006","5","E14001268","E15000006","E24000005","E30000237","E16000150","E07000096","26UCHH","E00119031","26UCHH","E65000001","E01023432","E02004856","6","1C1","E00119031","E01023432","E02004856","E33027090","E38000079","E63011402","D1","8A1",51.836313,-0.456166,"E37000048","","E23000027",29110,"E56000035","E54000025","E00119031","E01023432","E02004856"
"AL3 8LP","AL3  8LP","AL3 8LP","198001","","E10000015","E58000610","E07000096","E05004714","E04004705","0","507151","0216469","1","E18000006","E40000007","E92000001","E12000006","5","E14001268","E15000006","E24000005","E30000237","E16000150","E07000096","26UCHH","E00119030","26UCHH","E65000001","E01023430","E02004856","7","3C1","E00119030","E01023430","E02004856","E33027090","E38000079","","F1","1C3",51.836568,-0.446221,"E37000048","","E23000027",27002,"E56000035","E54000025","E00119030","E01023430","E02004856"
"AL3 8LQ","AL3  8LQ","AL3 8LQ","200012","200503","E10000015","E58000610","E07000096","E05004714","E04004705","0","506318","0216408","1","E18000006","E40000007","E92000001","E12000006","5","E14001268","E15000006","E24000005","E30000237","E16000150","E07000096","26UCHH","E00119031","26UCHH","E65000001","E01023432","E02004856","6","1C1","E00119031","E01023432","E02004856","E33027090","E38000079","E63011402","D1","8A1",51.836171,-0.458348,"E37000048","","E23000027",29110,"E56000035","E54000025","E00119031","E01023432","E02004856"
"AL3 8LR","AL3  8LR","AL3 8LR","198001","","E10000015","E58000610","E07000096","E05004714","E04004705","0","506942","0216140","1","E18000006","E40000007","E92000001","E12000006","5","E14001268","E15000006","E24000005","E30000237","E16000150","E07000096","26UCHH","E00119030","26UCHH","E65000001","E01023430","E02004856","7","3C1","E00119030","E01023430","E02004856","E33027090","E38000079","E63011402","F1","1C3",51.833644,-0.449378,"E37000048","","E23000027",27002,"E56000035","E54000025","E00119030","E01023430","E02004856"
"AL3 8LS","AL3  8LS","AL3 8LS","198001","","E10000015","E58000610","E07000096","E05004714","E04004700","0","507289","0216081","1","E18000006","E40000007","E92000001","E12000006","5","E14001268","E15000006","E24000005","E30000237","E16000150","E07000096","26UCHH","E00119021","26UCHH","E65000001","E01023430","E02004856","7","3B1","E00119021","E01023430","E02004856","E33024177","E38000079","","F1","1B2",51.833047,-0.444363,"E37000048","","E23000027",27002,"E56000035","E54000025","E00119021","E01023430","E02004856"
"AL3 8LT","AL3  8LT","AL3 8LT","198001","","E10000015","E58000610","E07000096","E05004714","E04004700","0","507130","0215730","1","E18000006","E40000007","E92000001","E12000006","5","E14001268","E15000006","E24000005","E30000237","E16000150","E07000096","26UCHH","E00119021","26UCHH","E65000001","E01023430","E02004856","7","3B1","E00119021","E01023430","E02004856","E33024177","E38000079","","F1","1B2",51.829931,-0.446754,"E37000048","","E23000027",27002,"E56000035","E54000025","E00119021","E01023430","E02004856"
"AL3 8LU","AL3  8LU","AL3 8LU","200006","200503","E10000015","E58000610","E07000096","E05004714","E04004705","1","506366","0216358","1","E18000006","E40000007","E92000001","E12000006","5","E14001268","E15000006","E24000005","E30000237","E16000150","E07000096","26UCHH","E00119031","26UCHH","E65000001","E01023432","E02004856","6","1C1","E00119031","E01023432","E02004856","E33027090","E38000079","E63011402","D1","8A1",51.835713,-0.457667,"E37000048","","E23000027",29110,"E56000035","E54000025","E00119031","E01023432","E02004856"
"AL3 8LW","AL3  8LW","AL3 8LW","198001","","E10000015","E58000610","E07000096","E05004714","E04004705","0","506835","0216705","1","E18000006","E40000007","E92000001","E12000006","5","E14001268","E15000006","E24000005","E30000237","E16000150","E07000096","26UCHH","E00119030","26UCHH","E65000001","E01023430","E02004856","7","3C1","E00119030","E01023430","E02004856","E33027090","E38000079","","F1","1C3",51.838742,-0.450756,"E37000048","","E23000027",27002,"E56000035","E54000025","E00119030","E01023430","E02004856"
"AL3 8LX","AL3  8LX","AL3 8LX","199712","200408","E10000015","E58000664","E07000240","E05013956","E43000290","1","517328","0206823","1","E18000006","E40000007","E92000001","E12000006","5","E14001507","E15000006","E24000005","E30000237","E16000150","E07000240","26UGFX","E00120196","26UGFX","E65000001","E01023667","E02004936","5","6D1","E00120196","E01023667","E02004936","E33027453","E38000079","E63011552","C1","5A2",51.747828,-0.301865,"E37000048","","E23000027",30628,"E56000035","E54000025","E00120196","E01023667","E02004936"
"AL3 8LY","AL3  8LY","AL3 8LY","198001","","E10000015","E58000610","E07000096","E05004714","E04004705","0","506178","0216510","1","E18000006","E40000007","E92000001","E12000006","5","E14001268","E15000006","E24000005","E30000237","E16000150","E07000096","26UCHH","E00119031","26UCHH","E65000001","E01023432","E02004856","6","1C1","E00119031","E01023432","E02004856","E33027090","E38000079","E63011402","D1","8A1",51.837115,-0.460348,"E37000048","","E23000027",29110,"E56000035","E54000025","E00119031","E01023432","E02004856"
"AL3 8LZ","AL3  8LZ","AL3 8LZ","198001","","E10000015","E58000610","E07000096","E05004714","E04004705","0","506530","0216065","1","E18000006","E40000007","E92000001","E12000006","5","E14001268","E15000006","E24000005","E30000237","E16000150","E07000096","26UCHH","E00119029","26UCHH","E65000001","E01023432","E02004856","6","6A1","E00119029","E01023432","E02004856","E33027091","E38000079","E63011402","D1","6B2",51.833048,-0.455378,"E37000048","","E23000027",29110,"E56000035","E54000025","E00119029","E01023432","E02004856"
"AL3 8NA","AL3  8NA","AL3 8NA","198001","","E10000015","E58000610","E07000096","E05004714","E04004705","0","506466","0216056","1","E18000006","E40000007","E92000001","E12000006","5","E14001268","E15000006","E24000005","E30000237","E16000150","E07000096","26UCHH","E00119029","26UCHH","E65000001","E01023432","E02004856","6","6A1","E00119029","E01023432","E02004856","E33027091","E38000079","E63011402","D1","6B2",51.832979,-0.456309,"E37000048","","E23000027",29110,"E56000035","E54000025","E00119029","E01023432","E02004856"
"AL3 8NB","AL3  8NB","AL3 8NB","198001","","E10000015","E58000610","E07000096","E05004714","E04004705","0","506352","0216108","1","E18000006","E40000007","E92000001","E12000006","5","E14001268","E15000006","E24000005","E30000237","E16000150","E07000096","26UCHH","E00119028","26UCHH","E65000001","E01023432","E02004856","6","3A1","E00119028","E01023432","E02004856","E33027091","E38000079","E63011402","D1","5B3",51.833468,-0.457947,"E37000048","","E23000027",29110,"E56000035","E54000025","E00119028","E01023432","E02004856"
"AL3 8ND","AL3  8ND","AL3 8ND","198001","","E10000015","E58000610","E07000096","E05004714","E04004705","0","506359","0216069","1","E18000006","E40000007","E92000001","E12000006","5","E14001268","E15000006","E24000005","E30000237","E16000150","E07000096","26UCHH","E00119029","26UCHH","E65000001","E01023432","E02004856","6","6A1","E00119029","E01023432","E02004856","E33027091","E38000079","E63011402","D1","6B2",51.833117,-0.457858,"E37000048","","E23000027",29110,"E56000035","E54000025","E00119029","E01023432","E02004856"
"AL3 8NE","AL3  8NE","AL3 8NE","198001","","E10000015","E58000610","E07000096","E05004714","E04004705","0","506463","0216006","1","E18000006","E40000007","E92000001","E12000006","5","E14001268","E15000006","E24000005","E30000237","E16000150","E07000096","26UCHH","E00119029","26UCHH","E65000001","E01023432","E02004856","6","6A1","E00119029","E01023432","E02004856","E33027091","E38000079","E63011402","D1","6B2",51.832531,-0.456368,"E37000048","","E23000027",29110,"E56000035","E54000025","E00119029","E01023432","E02004856"
"AL3 8NF","AL3  8NF","AL3 8NF","198001","","E10000015","E58000610","E07000096","E05004714","E04004705","0","506419","0216109","1","E18000006","E40000007","E92000001","E12000006","5","E14001268","E15000006","E24000005","E30000237","E16000150","E07000096","26UCHH","E00119029","26UCHH","E65000001","E01023432","E02004856","6","6A1","E00119029","E01023432","E02004856","E33027091","E38000079","E63011402","D1","6B2",51.833465,-0.456975,"E37000048","","E23000027",29110,"E56000035","E54000025","E00119029","E01023432","E02004856"
"AL3 8NG","AL3  8NG","AL3 8NG","198001","","E10000015","E58000610","E07000096","E05004714","E04004705","0","506388","0216166","1","E18000006","E40000007","E92000001","E12000006","5","E14001268","E15000006","E24000005","E30000237","E16000150","E07000096","26UCHH","E00119028","26UCHH","E65000001","E01023432","E02004856","6","3A1","E00119028","E01023432","E02004856","E33027091","E38000079","E63011402","D1","5B3",51.833983,-0.457407,"E37000048","","E23000027",29110,"E56000035","E54000025","E00119028","E01023432","E02004856"
"AL3 8NH","AL3  8NH","AL3 8NH","198301","","E10000015","E58000610","E07000096","E05004714","E04004705","0","506541","0216049","1","E18000006","E40000007","E92000001","E12000006","5","E14001268","E15000006","E24000005","E30000237","E16000150","E07000096","26UCHH","E00119029","26UCHH","E65000001","E01023432","E02004856","6","6A1","E00119029","E01023432","E02004856","E33027091","E38000079","E63011402","D1","6B2",51.832902,-0.455224,"E37000048","","E23000027",29110,"E56000035","E54000025","E00119029","E01023432","E02004856"
"AL3 8NJ","AL3  8NJ","AL3 8NJ","198402","199012","E10000015","E58000610","E07000096","E05004714","E04004705","1","505900","0216600","8","E18000006","E40000007","E92000001","E12000006","5","E14001268","E15000006","E24000005","E30000237","E16000150","E07000096","26UCHH","E00119032","26UCHH","E65000001","E01023433","E02004856","6","1C3","E00119032","E01023433","E02004856","E33027090","E38000079","E63011402","D1","8A1",51.837976,-0.464354,"E37000048","","E23000027",24296,"E56000035","E54000025","E00119032","E01023433","E02004856"
"AL3 8NL","AL3  8NL","AL3 8NL","199002","","E10000015","E58000610","E07000096","E05004714","E04004705","0","506940","0215776","1","E18000006","E40000007","E92000001","E12000006","5","E14001268","E15000006","E24000005","E30000237","E16000150","E07000096","26UCHH","E00119028","26UCHH","E65000001","E01023432","E02004856","6","3A1","E00119028","E01023432","E02004856","E33027091","E38000079","","D1","5B3",51.830372,-0.449520,"E37000048","","E23000027",29110,"E56000035","E54000025","E00119028","E01023432","E02004856"
"AL3 8NN","AL3  8NN","AL3 8NN","198704","199012","E10000015","E58000610","E07000096","E05004714","E04004700","1","505000","0215500","8","E18000006","E40000007","E92000001","E12000006","5","E14001268","E15000006","E24000005","E30000237","E16000150","E07000096","26UCHH","E00119019","26UCHH","E65000001","E01023431","E02004856","8","3C2","E00119019","E01023431","E02004856","E33027089","E38000079","","F1","1C1",51.828259,-0.477745,"E37000048","","E23000027",16066,"E56000035","E54000025","E00119019","E01023431","E02004856"
"AL3 8NP","AL3  8NP","AL3 8NP","200206","","E10000015","E58000610","E07000096","E05004714","E04004705","0","506225","0216304","1","E18000006","E40000007","E92000001","E12000006","5","E14001268","E15000006","E24000005","E30000237","E16000150","E07000096","26UCHH","E00119033","26UCHH","E65000001","E01023433","E02004856","6","6D1","E00119033","E01023433","E02004856","E33027091","E38000079","E63011402","D1","5A1",51.835254,-0.459730,"E37000048","","E23000027",24296,"E56000035","E54000025","E00119033","E01023433","E02004856"
"AL3 8NQ","AL3  8NQ","AL3 8NQ","198001","","E10000015","E58000610","E07000096","E05004714","E04004705","0","506292","0216117","1","E18000006","E40000007","E92000001","E12000006","5","E14001268","E15000006","E24000005","E30000237","E16000150","E07000096","26UCHH","E00119028","26UCHH","E65000001","E01023432","E02004856","6","3A1","E00119028","E01023432","E02004856","E33027091","E38000079","E63011402","D1","5B3",51.833561,-0.458815,"E37000048","","E23000027",29110,"E56000035","E54000025","E00119028","E01023432","E02004856"
"AL3 8NR","AL3  8NR","AL3 8NR","198803","200009","E10000015","E58000610","E07000096","E05004714","E04004705","1","506395","0216286","1","E18000006","E40000007","E92000001","E12000006","5","E14001268","E15000006","E24000005","E30000237","E16000150","E07000096","26UCHH","E00119028","26UCHH","E65000001","E01023432","E02004856","6","3A1","E00119028","E01023432","E02004856","E33027091","E38000079","E63011402","D1","5B3",51.835060,-0.457269,"E37000048","","E23000027",29110,"E56000035","E54000025","E00119028","E01023432","E02004856"
"AL3 8NS","AL3  8NS","AL3 8NS","199507","200010","E10000015","E58000610","E07000096","E05004714","E04004705","1","506259","0216327","8","E18000006","E40000007","E92000001","E12000006","5","E14001268","E15000006","E24000005","E30000237","E16000150","E07000096","26UCHH","E00119026","26UCHH","E65000001","E01023433","E02004856","6","6D1","E00119026","E01023433","E02004856","E33027091","E38000079","E63011402","D1","5A3",51.835454,-0.459229,"E37000048","","E23000027",24296,"E56000035","E54000025","E00119026","E01023433","E02004856"
"AL3 8NT","AL3  8NT","AL3 8NT","199101","","E10000015","E58000610","E07000096","E05004714","E04004705","0","506124","0216372","1","E18000006","E40000007","E92000001","E12000006","5","E14001268","E15000006","E24000005","E30000237","E16000150","E07000096","26UCHH","E00119025","26UCHH","E65000001","E01023433","E02004856","6","5B3","E00119025","E01023433","E02004856","E33027091","E38000079","E63011402","D1","8C1",51.835893,-0.461150,"E37000048","","E23000027",24296,"E56000035","E54000025","E00119025","E01023433","E02004856"
"AL3 8NW","AL3  8NW","AL3 8NW","198803","","E10000015","E58000610","E07000096","E05004714","E04004700","0","504426","0214531","1","E18000006","E40000007","E92000001","E12000006","5","E14001268","E15000006","E24000005","E30000237","E16000150","E07000096","26UCHH","E00119019","26UCHH","E65000001","E01023431","E02004856","8","3C2","E00119019","E01023431","E02004856","E33027089","E38000079","","F1","1C1",51.819658,-0.486363,"E37000048","","E23000027",16066,"E56000035","E54000025","E00119019","E01023431","E02004856"
"AL3 8NX","AL3  8NX","AL3 8NX","199201","","E10000015","E58000610","E07000096","E05004714","E04004705","0","506286","0216305","1","E18000006","E40000007","E92000001","E12000006","5","E14001268","E15000006","E24000005","E30000237","E16000150","E07000096","26UCHH","E00119026","26UCHH","E65000001","E01023433","E02004856","6","6D1","E00119026","E01023433","E02004856","E33027091","E38000079","E63011402","D1","5A3",51.835252,-0.458844,"E37000048","","E23000027",24296,"E56000035","E54000025","E00119026","E01023433","E02004856"
"AL3 8NY","AL3  8NY","AL3 8NY","199208","","E10000015","E58000610","E07000096","E05004714","E04004705","0","506328","0216266","1","E18000006","E40000007","E92000001","E12000006","5","E14001268","E15000006","E24000005","E30000237","E16000150","E07000096","26UCHH","E00119026","26UCHH","E65000001","E01023433","E02004856","6","6D1","E00119026","E01023433","E02004856","E33027091","E38000079","E63011402","D1","5A3",51.834893,-0.458247,"E37000048","","E23000027",24296,"E56000035","E54000025","E00119026","E01023433","E02004856"
"AL3 8NZ","AL3  8NZ","AL3 8NZ","199201","","E10000015","E58000610","E07000096","E05004714","E04004705","0","506312","0216278","1","E18000006","E40000007","E92000001","E12000006","5","E14001268","E15000006","E24000005","E30000237","E16000150","E07000096","26UCHH","E00119026","26UCHH","E65000001","E01023433","E02004856","6","6D1","E00119026","E01023433","E02004856","E33027091","E38000079","E63011402","D1","5A3",51.835004,-0.458475,"E37000048","","E23000027",24296,"E56000035","E54000025","E00119026","E01023433","E02004856"
"AL3 8PA","AL3  8PA","AL3 8PA","198001","","E10000015","E58000610","E07000096","E05004714","E04004705","0","506084","0216487","1","E18000006","E40000007","E92000001","E12000006","5","E14001268","E15000006","E24000005","E30000237","E16000150","E07000096","26UCHH","E00119033","26UCHH","E65000001","E01023433","E02004856","6","6D1","E00119033","E01023433","E02004856","E33027091","E38000079","E63011402","D1","5A1",51.836934,-0.461695,"E37000048","","E23000027",24296,"E56000035","E54000025","E00119033","E01023433","E02004856"
"AL3 8PB","AL3  8PB","AL3 8PB","198001","","E10000015","E58000610","E07000096","E05004714","E04004705","0","506034","0216558","1","E18000006","E40000007","E92000001","E12000006","5","E14001268","E15000006","E24000005","E30000237","E16000150","E07000096","26UCHH","E00119033","26UCHH","E65000001","E01023433","E02004856","6","6D1","E00119033","E01023433","E02004856","E33027091","E38000079","E63011402","D1","5A1",51.837581,-0.462399,"E37000048","","E23000027",24296,"E56000035","E54000025","E00119033","E01023433","E02004856"
"AL3 8PD","AL3  8PD","AL3 8PD","198001","","E10000015","E58000610","E07000096","E05004714","E04004705","0","505922","0216715","1","E18000006","E40000007","E92000001","E12000006","5","E14001268","E15000006","E24000005","E30000237","E16000150","E07000096","26UCHH","E00119031","26UCHH","E65000001","E01023432","E02004856","6","1C1","E00119031","E01023432","E02004856","E33027090","E38000079","E63011402","D1","8A1",51.839006,-0.464000,"E37000048","","E23000027",29110,"E56000035","E54000025","E00119031","E01023432","E02004856"
"AL3 8PE","AL3  8PE","AL3 8PE","198001","","E10000015","E58000610","E07000096","E05004714","E04004705","0","505846","0216738","1","E18000006","E40000007","E92000001","E12000006","5","E14001268","E15000006","E24000005","E30000237","E16000150","E07000096","26UCHH","E00119032","26UCHH","E65000001","E01023433","E02004856","6","1C3","E00119032","E01023433","E02004856","E33027090","E38000079","E63011402","D1","8A1",51.839227,-0.465095,"E37000048","","E23000027",24296,"E56000035","E54000025","E00119032","E01023433","E02004856"
"AL3 8PF","AL3  8PF","AL3 8PF","198001","","E10000015","E58000610","E07000096","E05004714","E04004705","0","505911","0216765","1","E18000006","E40000007","E92000001","E12000006","5","E14001268","E15000006","E24000005","E30000237","E16000150","E07000096","26UCHH","E00119031","26UCHH","E65000001","E01023432","E02004856","6","1C1","E00119031","E01023432","E02004856","E33027090","E38000079","E63011402","D1","8A1",51.839457,-0.464144,"E37000048","","E23000027",29110,"E56000035","E54000025","E00119031","E01023432","E02004856"
"AL3 8PG","AL3  8PG","AL3 8PG","198001","","E10000015","E58000610","E07000096","E05004714","E04004705","0","505995","0216649","1","E18000006","E40000007","E92000001","E12000006","5","E14001268","E15000006","E24000005","E30000237","E16000150","E07000096","26UCHH","E00119031","26UCHH","E65000001","E01023432","E02004856","6","1C1","E00119031","E01023432","E02004856","E33027090","E38000079","E63011402","D1","8A1",51.838399,-0.462961,"E37000048","","E23000027",29110,"E56000035","E54000025","E00119031","E01023432","E02004856"
"AL3 8PH","AL3  8PH","AL3 8PH","198001","","E10000015","E58000610","E07000096","E05004714","E04004705","0","506006","0216633","1","E18000006","E40000007","E92000001","E12000006","5","E14001268","E15000006","E24000005","E30000237","E16000150","E07000096","26UCHH","E00119031","26UCHH","E65000001","E01023432","E02004856","6","1C1","E00119031","E01023432","E02004856","E33027090","E38000079","E63011402","D1","8A1",51.838253,-0.462806,"E37000048","","E23000027",29110,"E56000035","E54000025","E00119031","E01023432","E02004856"
"AL3 8PJ","AL3  8PJ","AL3 8PJ","198001","","E10000015","E58000610","E07000096","E05004714","E04004705","0","506092","0216510","1","E18000006","E40000007","E92000001","E12000006","5","E14001268","E15000006","E24000005","E30000237","E16000150","E07000096","26UCHH","E00119031","26UCHH","E65000001","E01023432","E02004856","6","1C1","E00119031","E01023432","E02004856","E33027090","E38000079","E63011402","D1","8A1",51.837139,-0.461572,"E37000048","","E23000027",29110,"E56000035","E54000025","E00119031","E01023432","E02004856"
"AL3 8PL","AL3  8PL","AL3 8PL","200505","","E10000015","E58000610","E07000096","E05004714","E04004705","0","506072","0216627","1","E18000006","E40000007","E92000001","E12000006","5","E14001268","E15000006","E24000005","E30000237","E16000150","E07000096","26UCHH","E00119031","26UCHH","E65000001","E01023432","E02004856","6","1C1","E00119031","E01023432","E02004856","E33027090","E38000079","E63011402","D1","8A1",51.838186,-0.461850,"E37000048","","E23000027",29110,"E56000035","E54000025","E00119031","E01023432","E02004856"
"AL3 8PN","AL3  8PN","AL3 8PN","198001","","E10000015","E58000610","E07000096","E05004714","E04004705","0","506012","0216463","1","E18000006","E40000007","E92000001","E12000006","5","E14001268","E15000006","E24000005","E30000237","E16000150","E07000096","26UCHH","E00119033","26UCHH","E65000001","E01023433","E02004856","6","6D1","E00119033","E01023433","E02004856","E33027091","E38000079","E63011402","D1","5A1",51.836724,-0.462771,"E37000048","","E23000027",24296,"E56000035","E54000025","E00119033","E01023433","E02004856"
"AL3 8PP","AL3  8PP","AL3 8PP","198001","","E10000015","E58000610","E07000096","E05004714","E04004705","0","505834","0216447","1","E18000006","E40000007","E92000001","E12000006","5","E14001268","E15000006","E24000005","E30000237","E16000150","E07000096","26UCHH","E00119025","26UCHH","E65000001","E01023433","E02004856","6","5B3","E00119025","E01023433","E02004856","E33027091","E38000079","E63011402","D1","8C1",51.836614,-0.465358,"E37000048","","E23000027",24296,"E56000035","E54000025","E00119025","E01023433","E02004856"
"AL3 8PQ","AL3  8PQ","AL3 8PQ","198001","","E10000015","E58000610","E07000096","E05004714","E04004705","0","505996","0216675","1","E18000006","E40000007","E92000001","E12000006","5","E14001268","E15000006","E24000005","E30000237","E16000150","E07000096","26UCHH","E00119031","26UCHH","E65000001","E01023432","E02004856","6","1C1","E00119031","E01023432","E02004856","E33027090","E38000079","E63011402","D1","8A1",51.838632,-0.462938,"E37000048","","E23000027",29110,"E56000035","E54000025","E00119031","E01023432","E02004856"
"AL3 8PR","AL3  8PR","AL3 8PR","198001","","E10000015","E58000610","E07000096","E05004714","E04004705","0","505798","0216475","1","E18000006","E40000007","E92000001","E12000006","5","E14001268","E15000006","E24000005","E30000237","E16000150","E07000096","26UCHH","E00119032","26UCHH","E65000001","E01023433","E02004856","6","1C3","E00119032","E01023433","E02004856","E33027090","E38000079","E63011402","D1","8A1",51.836872,-0.465872,"E37000048","","E23000027",24296,"E56000035","E54000025","E00119032","E01023433","E02004856"
"AL3 8PS","AL3  8PS","AL3 8PS","198001","","E10000015","E58000610","E07000096","E05004714","E04004705","0","505796","0216547","1","E18000006","E40000007","E92000001","E12000006","5","E14001268","E15000006","E24000005","E30000237","E16000150","E07000096","26UCHH","E00119032","26UCHH","E65000001","E01023433","E02004856","6","1C3","E00119032","E01023433","E02004856","E33027090","E38000079","E63011402","D1","8A1",51.837520,-0.465879,"E37000048","","E23000027",24296,"E56000035","E54000025","E00119032","E01023433","E02004856"
"AL3 8PT","AL3  8PT","AL3 8PT","198001","","E10000015","E58000610","E07000096","E05004714","E04004705","0","505836","0216589","1","E18000006","E40000007","E92000001","E12000006","5","E14001268","E15000006","E24000005","E30000237","E16000150","E07000096","26UCHH","E00119032","26UCHH","E65000001","E01023433","E02004856","6","1C3","E00119032","E01023433","E02004856","E33027090","E38000079","E63011402","D1","8A1",51.837889,-0.465286,"E37000048","","E23000027",24296,"E56000035","E54000025","E00119032","E01023433","E02004856"
"AL3 8PU","AL3  8PU","AL3 8PU","198001","","E10000015","E58000610","E07000096","E05004714","E04004705","0","505842","0216675","1","E18000006","E40000007","E92000001","E12000006","5","E14001268","E15000006","E24000005","E30000237","E16000150","E07000096","26UCHH","E00119032","26UCHH","E65000001","E01023433","E02004856","6","1C3","E00119032","E01023433","E02004856","E33027090","E38000079","E63011402","D1","8A1",51.838661,-0.465173,"E37000048","","E23000027",24296,"E56000035","E54000025","E00119032","E01023433","E02004856"
"AL3 8PW","AL3  8PW","AL3 8PW","198001","","E10000015","E58000610","E07000096","E05004714","E04004705","0","505958","0216555","1","E18000006","E40000007","E92000001","E12000006","5","E14001268","E15000006","E24000005","E30000237","E16000150","E07000096","26UCHH","E00119032","26UCHH","E65000001","E01023433","E02004856","6","1C3","E00119032","E01023433","E02004856","E33027090","E38000079","E63011402","D1","8A1",51.837561,-0.463526,"E37000048","","E23000027",24296,"E56000035","E54000025","E00119032","E01023433","E02004856"
"AL3 8PX","AL3  8PX","AL3 8PX","198001","","E10000015","E58000610","E07000096","E05004714","E04004705","0","505939","0216604","1","E18000006","E40000007","E92000001","E12000006","5","E14001268","E15000006","E24000005","E30000237","E16000150","E07000096","26UCHH","E00119032","26UCHH","E65000001","E01023433","E02004856","6","1C3","E00119032","E01023433","E02004856","E33027090","E38000079","E63011402","D1","8A1",51.838005,-0.463787,"E37000048","","E23000027",24296,"E56000035","E54000025","E00119032","E01023433","E02004856"
"AL3 8PY","AL3  8PY","AL3 8PY","198001","","E10000015","E58000610","E07000096","E05004714","E04004705","0","505967","0216821","1","E18000006","E40000007","E92000001","E12000006","5","E14001268","E15000006","E24000005","E30000237","E16000150","E07000096","26UCHH","E00119031","26UCHH","E65000001","E01023432","E02004856","6","1C1","E00119031","E01023432","E02004856","E33027090","E38000079","E63011402","D1","8A1",51.839958,-0.463290,"E37000048","","E23000027",29110,"E56000035","E54000025","E00119031","E01023432","E02004856"
"AL3 8PZ","AL3  8PZ","AL3 8PZ","198001","","E10000015","E58000610","E07000096","E05004714","E04004705","0","506367","0216947","1","E18000006","E40000007","E92000001","E12000006","5","E14001268","E15000006","E24000005","E30000237","E16000150","E07000096","26UCHH","E00119030","26UCHH","E65000001","E01023430","E02004856","7","3C1","E00119030","E01023430","E02004856","E33027090","E38000079","","F1","1C3",51.841014,-0.457448,"E37000048","","E23000027",27002,"E56000035","E54000025","E00119030","E01023430","E02004856"
"AL3 8QA","AL3  8QA","AL3 8QA","198001","","E10000015","E58000610","E07000096","E05004714","E04004705","0","506492","0217219","1","E18000006","E40000007","E92000001","E12000006","5","E14001268","E15000006","E24000005","E30000237","E16000150","E07000096","26UCHH","E00119030","26UCHH","E65000001","E01023430","E02004856","7","3C1","E00119030","E01023430","E02004856","E33027090","E38000079","","F1","1C3",51.843427,-0.455575,"E37000048","","E23000027",27002,"E56000035","E54000025","E00119030","E01023430","E02004856"
"AL3 8QB","AL3  8QB","AL3 8QB","198001","","E10000015","E58000610","E07000096","E05004714","E04004705","0","506908","0217288","1","E18000006","E40000007","E92000001","E12000006","5","E14001268","E15000006","E24000005","E30000237","E16000150","E07000096","26UCHH","E00119030","26UCHH","E65000001","E01023430","E02004856","7","3C1","E00119030","E01023430","E02004856","E33027090","E38000079","","F1","1C3",51.843968,-0.449517,"E37000048","","E23000027",27002,"E56000035","E54000025","E00119030","E01023430","E02004856"
"AL3 8QD","AL3  8QD","AL3 8QD","198001","","E10000015","E58000610","E07000096","E05004714","E04004705","0","506681","0217436","1","E18000006","E40000007","E92000001","E12000006","5","E14001268","E15000006","E24000005","E30000237","E16000150","E07000096","26UCHH","E00119030","26UCHH","E65000001","E01023430","E02004856","7","3C1","E00119030","E01023430","E02004856","E33027090","E38000079","","F1","1C3",51.845341,-0.452765,"E37000048","","E23000027",27002,"E56000035","E54000025","E00119030","E01023430","E02004856"
"AL3 8QE","AL3  8QE","AL3 8QE","198001","","E99999999","E99999999","E06000056","E05014400","E04011983","0","507045","0217732","1","E18000006","E40000007","E92000001","E12000006","5","E14001346","E15000006","E24000004","E30000237","E16000104","E06000056","09UEGE","E00088660","09UEGE","E65000001","E01017561","E02003651","8","3C1","E00088660","E01017561","E02003651","E33025781","E38000249","","F1","6B2",51.847932,-0.447392,"E37000057","","E23000026",21833,"E56000035","E54000024","E00088660","E01017561","E02003651"
"AL3 8QF","AL3  8QF","AL3 8QF","198001","","E10000015","E58000610","E07000096","E05004714","E04004705","0","506489","0217442","1","E18000006","E40000007","E92000001","E12000006","5","E14001268","E15000006","E24000005","E30000237","E16000150","E07000096","26UCHH","E00119030","26UCHH","E65000001","E01023430","E02004856","7","3C1","E00119030","E01023430","E02004856","E33027090","E38000079","","F1","1C3",51.845440,-0.455525,"E37000048","","E23000027",27002,"E56000035","E54000025","E00119030","E01023430","E02004856"
"AL3 8QG","AL3  8QG","AL3 8QG","198001","","E10000015","E58000610","E07000096","E05004714","E04004705","0","506136","0217952","1","E18000006","E40000007","E92000001","E12000006","5","E14001268","E15000006","E24000005","E30000237","E16000150","E07000096","26UCHH","E00119030","26UCHH","E65000001","E01023430","E02004856","7","3C1","E00119030","E01023430","E02004856","E33027090","E38000079","","F1","1C3",51.850226,-0.460453,"E37000048","","E23000027",27002,"E56000035","E54000025","E00119030","E01023430","E02004856"
"AL3 8QH","AL3  8QH","AL3 8QH","198001","","E10000015","E58000610","E07000096","E05004714","E04004705","0","505891","0217251","1","E18000006","E40000007","E92000001","E12000006","5","E14001268","E15000006","E24000005","E30000237","E16000150","E07000096","26UCHH","E00119030","26UCHH","E65000001","E01023430","E02004856","7","3C1","E00119030","E01023430","E02004856","E33027090","E38000079","","F1","1C3",51.843829,-0.464286,"E37000048","","E23000027",27002,"E56000035","E54000025","E00119030","E01023430","E02004856"
"AL3 8QJ","AL3  8QJ","AL3 8QJ","198001","","E10000015","E58000610","E07000096","E05004714","E04004705","0","505301","0217613","1","E18000006","E40000007","E92000001","E12000006","5","E14001268","E15000006","E24000005","E30000237","E16000150","E07000096","26UCHH","E00119030","26UCHH","E65000001","E01023430","E02004856","7","3C1","E00119030","E01023430","E02004856","E33027090","E38000079","","F1","1C3",51.847194,-0.472737,"E37000048","","E23000027",27002,"E56000035","E54000025","E00119030","E01023430","E02004856"
"AL3 8QL","AL3  8QL","AL3 8QL","198001","","E10000015","E58000610","E07000096","E05004714","E04004705","0","505668","0216929","1","E18000006","E40000007","E92000001","E12000006","5","E14001268","E15000006","E24000005","E30000237","E16000150","E07000096","26UCHH","E00119030","26UCHH","E65000001","E01023430","E02004856","7","3C1","E00119030","E01023430","E02004856","E33027090","E38000079","E63011402","F1","1C3",51.840977,-0.467620,"E37000048","","E23000027",27002,"E56000035","E54000025","E00119030","E01023430","E02004856"
"AL3 8QN","AL3  8QN","AL3 8QN","199208","199912","E10000015","E58000610","E07000096","E05004714","E04004705","1","506601","0215895","6","E18000006","E40000007","E92000001","E12000006","5","E14001268","E15000006","E24000005","E30000237","E16000150","E07000096","26UCHH","E00119028","26UCHH","E65000001","E01023432","E02004856","6","3A1","E00119028","E01023432","E02004856","E33027091","E38000079","E63011402","D1","5B3",51.831507,-0.454401,"E37000048","","E23000027",29110,"E56000035","E54000025","E00119028","E01023432","E02004856"
"AL3 8QP","AL3  8QP","AL3 8QP","199412","201507","E10000015","E58000664","E07000240","E05013956","E43000290","1","517328","0206823","1","E18000006","E40000007","E92000001","E12000006","5","E14001507","E15000006","E24000005","E30000237","E16000150","E07000240","26UGFX","E00120196","26UGFX","E65000001","E01023667","E02004936","5","6D1","E00120196","E01023667","E02004936","E33027453","E38000079","E63011552","C1","5A2",51.747828,-0.301865,"E37000048","","E23000027",30628,"E56000035","E54000025","E00120196","E01023667","E02004936"
"AL3 8QQ","AL3  8QQ","AL3 8QQ","198001","","E10000015","E58000610","E07000096","E05004714","E04004705","0","505834","0217523","1","E18000006","E40000007","E92000001","E12000006","5","E14001268","E15000006","E24000005","E30000237","E16000150","E07000096","26UCHH","E00119030","26UCHH","E65000001","E01023430","E02004856","7","3C1","E00119030","E01023430","E02004856","E33027090","E38000079","","F1","1C3",51.846284,-0.465030,"E37000048","","E23000027",27002,"E56000035","E54000025","E00119030","E01023430","E02004856"
"AL3 8QR","AL3  8QR","AL3 8QR","199405","199512","E10000015","E58000610","E07000096","E05004714","E04004705","1","505600","0216900","8","E18000006","E40000007","E92000001","E12000006","5","E14001268","E15000006","E24000005","E30000237","E16000150","E07000096","26UCHH","E00119030","26UCHH","E65000001","E01023430","E02004856","7","3C1","E00119030","E01023430","E02004856","E33027090","E38000079","","F1","1C3",51.840729,-0.468615,"E37000048","","E23000027",27002,"E56000035","E54000025","E00119030","E01023430","E02004856"
"AL3 8QS","AL3  8QS","AL3 8QS","199405","200006","E10000015","E58000610","E07000096","E05004714","E04004705","1","506601","0215895","6","E18000006","E40000007","E92000001","E12000006","5","E14001268","E15000006","E24000005","E30000237","E16000150","E07000096","26UCHH","E00119028","26UCHH","E65000001","E01023432","E02004856","6","3A1","E00119028","E01023432","E02004856","E33027091","E38000079","E63011402","D1","5B3",51.831507,-0.454401,"E37000048","","E23000027",29110,"E56000035","E54000025","E00119028","E01023432","E02004856"
"AL3 8QT","AL3  8QT","AL3 8QT","199412","199501","E10000015","E58000610","E07000096","E05004714","E04004705","1","505600","0216900","8","E18000006","E40000007","E92000001","E12000006","5","E14001268","E15000006","E24000005","E30000237","E16000150","E07000096","26UCHH","E00119030","26UCHH","E65000001","E01023430","E02004856","7","3C1","E00119030","E01023430","E02004856","E33027090","E38000079","","F1","1C3",51.840729,-0.468615,"E37000048","","E23000027",27002,"E56000035","E54000025","E00119030","E01023430","E02004856"
"AL3 8QU","AL3  8QU","AL3 8QU","201411","","E10000015","E58000610","E07000096","E05004714","E04004705","0","505801","0216834","1","E18000006","E40000007","E92000001","E12000006","5","E14001268","E15000006","E24000005","E30000237","E16000150","E07000096","26UCHH","E00119031","26UCHH","E65000001","E01023432","E02004856","6","1C1","E00119031","E01023432","E02004856","E33027090","E38000079","E63011402","D1","8A1",51.840106,-0.465695,"E37000048","","E23000027",29110,"E56000035","E54000025","E00119031","E01023432","E02004856"
"AL3 8QW","AL3  8QW","AL3 8QW","199301","199412","E10000015","E58000610","E07000096","E05004714","E04004705","1","505600","0216900","8","E18000006","E40000007","E92000001","E12000006","5","E14001268","E15000006","E24000005","E30000237","E16000150","E07000096","26UCHH","E00119030","26UCHH","E65000001","E01023430","E02004856","7","3C1","E00119030","E01023430","E02004856","E33027090","E38000079","","F1","1C3",51.840729,-0.468615,"E37000048","","E23000027",27002,"E56000035","E54000025","E00119030","E01023430","E02004856"
"AL3 8RA","AL3  8RA","AL3 8RA","198001","","E10000015","E58000610","E07000096","E05004714","E04004705","0","506032","0216380","1","E18000006","E40000007","E92000001","E12000006","5","E14001268","E15000006","E24000005","E30000237","E16000150","E07000096","26UCHH","E00119033","26UCHH","E65000001","E01023433","E02004856","6","6D1","E00119033","E01023433","E02004856","E33027091","E38000079","E63011402","D1","5A1",51.835982,-0.462482,"E37000048","","E23000027",24296,"E56000035","E54000025","E00119033","E01023433","E02004856"
"AL3 8RB","AL3  8RB","AL3 8RB","198001","","E10000015","E58000610","E07000096","E05004714","E04004705","0","505874","0216236","1","E18000006","E40000007","E92000001","E12000006","5","E14001268","E15000006","E24000005","E30000237","E16000150","E07000096","26UCHH","E00119034","26UCHH","E65000001","E01023433","E02004856","6","1C1","E00119034","E01023433","E02004856","E33027091","E38000079","E63011402","D1","8D2",51.834710,-0.464843,"E37000048","","E23000027",24296,"E56000035","E54000025","E00119034","E01023433","E02004856"
"AL3 8RD","AL3  8RD","AL3 8RD","198001","","E10000015","E58000610","E07000096","E05004714","E04004705","0","505810","0216275","1","E18000006","E40000007","E92000001","E12000006","5","E14001268","E15000006","E24000005","E30000237","E16000150","E07000096","26UCHH","E00119034","26UCHH","E65000001","E01023433","E02004856","6","1C1","E00119034","E01023433","E02004856","E33027091","E38000079","E63011402","D1","8D2",51.835072,-0.465759,"E37000048","","E23000027",24296,"E56000035","E54000025","E00119034","E01023433","E02004856"
"AL3 8RE","AL3  8RE","AL3 8RE","198001","","E10000015","E58000610","E07000096","E05004714","E04004705","0","505708","0216240","1","E18000006","E40000007","E92000001","E12000006","5","E14001268","E15000006","E24000005","E30000237","E16000150","E07000096","26UCHH","E00119034","26UCHH","E65000001","E01023433","E02004856","6","1C1","E00119034","E01023433","E02004856","E33027091","E38000079","E63011402","D1","8D2",51.834777,-0.467250,"E37000048","","E23000027",24296,"E56000035","E54000025","E00119034","E01023433","E02004856"
"AL3 8RF","AL3  8RF","AL3 8RF","198001","","E10000015","E58000610","E07000096","E05004714","E04004705","0","505761","0216142","1","E18000006","E40000007","E92000001","E12000006","5","E14001268","E15000006","E24000005","E30000237","E16000150","E07000096","26UCHH","E00119027","26UCHH","E65000001","E01023432","E02004856","6","4C2","E00119027","E01023432","E02004856","E33027091","E38000079","E63011402","D1","6B2",51.833886,-0.466511,"E37000048","","E23000027",29110,"E56000035","E54000025","E00119027","E01023432","E02004856"
"AL3 8RG","AL3  8RG","AL3 8RG","198001","","E10000015","E58000610","E07000096","E05004714","E04004705","0","505699","0216164","1","E18000006","E40000007","E92000001","E12000006","5","E14001268","E15000006","E24000005","E30000237","E16000150","E07000096","26UCHH","E00119034","26UCHH","E65000001","E01023433","E02004856","6","1C1","E00119034","E01023433","E02004856","E33027091","E38000079","E63011402","D1","8D2",51.834096,-0.467403,"E37000048","","E23000027",24296,"E56000035","E54000025","E00119034","E01023433","E02004856"
"AL3 8RH","AL3  8RH","AL3 8RH","198001","","E10000015","E58000610","E07000096","E05004714","E04004705","0","505773","0216017","1","E18000006","E40000007","E92000001","E12000006","5","E14001268","E15000006","E24000005","E30000237","E16000150","E07000096","26UCHH","E00119034","26UCHH","E65000001","E01023433","E02004856","6","1C1","E00119034","E01023433","E02004856","E33027091","E38000079","E63011402","D1","8D2",51.832760,-0.466375,"E37000048","","E23000027",24296,"E56000035","E54000025","E00119034","E01023433","E02004856"
"AL3 8RJ","AL3  8RJ","AL3 8RJ","198001","","E10000015","E58000610","E07000096","E05004714","E04004705","0","505658","0215988","1","E18000006","E40000007","E92000001","E12000006","5","E14001268","E15000006","E24000005","E30000237","E16000150","E07000096","26UCHH","E00119027","26UCHH","E65000001","E01023432","E02004856","6","4C2","E00119027","E01023432","E02004856","E33027091","E38000079","E63011402","D1","6B2",51.832522,-0.468052,"E37000048","","E23000027",29110,"E56000035","E54000025","E00119027","E01023432","E02004856"
"AL3 8RL","AL3  8RL","AL3 8RL","198001","","E10000015","E58000610","E07000096","E05004714","E04004705","0","505598","0215921","1","E18000006","E40000007","E92000001","E12000006","5","E14001268","E15000006","E24000005","E30000237","E16000150","E07000096","26UCHH","E00119027","26UCHH","E65000001","E01023432","E02004856","6","4C2","E00119027","E01023432","E02004856","E33027091","E38000079","E63011402","D1","6B2",51.831931,-0.468943,"E37000048","","E23000027",29110,"E56000035","E54000025","E00119027","E01023432","E02004856"
"AL3 8RN","AL3  8RN","AL3 8RN","198001","","E10000015","E58000610","E07000096","E05004714","E04004705","0","505646","0215856","1","E18000006","E40000007","E92000001","E12000006","5","E14001268","E15000006","E24000005","E30000237","E16000150","E07000096","26UCHH","E00119027","26UCHH","E65000001","E01023432","E02004856","6","4C2","E00119027","E01023432","E02004856","E33027091","E38000079","E63011402","D1","6B2",51.831337,-0.468266,"E37000048","","E23000027",29110,"E56000035","E54000025","E00119027","E01023432","E02004856"
"AL3 8RP","AL3  8RP","AL3 8RP","198001","","E10000015","E58000610","E07000096","E05004714","E04004705","0","505852","0216191","1","E18000006","E40000007","E92000001","E12000006","5","E14001268","E15000006","E24000005","E30000237","E16000150","E07000096","26UCHH","E00119027","26UCHH","E65000001","E01023432","E02004856","6","4C2","E00119027","E01023432","E02004856","E33027091","E38000079","E63011402","D1","6B2",51.834309,-0.465175,"E37000048","","E23000027",29110,"E56000035","E54000025","E00119027","E01023432","E02004856"
"AL3 8RQ","AL3  8RQ","AL3 8RQ","198001","","E10000015","E58000610","E07000096","E05004714","E04004705","0","505737","0216079","1","E18000006","E40000007","E92000001","E12000006","5","E14001268","E15000006","E24000005","E30000237","E16000150","E07000096","26UCHH","E00119034","26UCHH","E65000001","E01023433","E02004856","6","1C1","E00119034","E01023433","E02004856","E33027091","E38000079","E63011402","D1","8D2",51.833333,-0.466854,"E37000048","","E23000027",24296,"E56000035","E54000025","E00119034","E01023433","E02004856"
"AL3 8RR","AL3  8RR","AL3 8RR","198001","","E10000015","E58000610","E07000096","E05004714","E04004705","0","506007","0216228","1","E18000006","E40000007","E92000001","E12000006","5","E14001268","E15000006","E24000005","E30000237","E16000150","E07000096","26UCHH","E00119025","26UCHH","E65000001","E01023433","E02004856","6","5B3","E00119025","E01023433","E02004856","E33027091","E38000079","E63011402","D1","8C1",51.834621,-0.462891,"E37000048","","E23000027",24296,"E56000035","E54000025","E00119025","E01023433","E02004856"
"AL3 8RS","AL3  8RS","AL3 8RS","198001","","E10000015","E58000610","E07000096","E05004714","E04004705","0","506110","0216244","1","E18000006","E40000007","E92000001","E12000006","5","E14001268","E15000006","E24000005","E30000237","E16000150","E07000096","26UCHH","E00119027","26UCHH","E65000001","E01023432","E02004856","6","4C2","E00119027","E01023432","E02004856","E33027091","E38000079","E63011402","D1","6B2",51.834745,-0.461392,"E37000048","","E23000027",29110,"E56000035","E54000025","E00119027","E01023432","E02004856"
"AL3 8RT","AL3  8RT","AL3 8RT","198001","","E10000015","E58000610","E07000096","E05004714","E04004705","0","506009","0216295","1","E18000006","E40000007","E92000001","E12000006","5","E14001268","E15000006","E24000005","E30000237","E16000150","E07000096","26UCHH","E00119025","26UCHH","E65000001","E01023433","E02004856","6","5B3","E00119025","E01023433","E02004856","E33027091","E38000079","E63011402","D1","8C1",51.835222,-0.462842,"E37000048","","E23000027",24296,"E56000035","E54000025","E00119025","E01023433","E02004856"
"AL3 8RU","AL3  8RU","AL3 8RU","198001","","E10000015","E58000610","E07000096","E05004714","E04004705","0","506116","0216304","1","E18000006","E40000007","E92000001","E12000006","5","E14001268","E15000006","E24000005","E30000237","E16000150","E07000096","26UCHH","E00119033","26UCHH","E65000001","E01023433","E02004856","6","6D1","E00119033","E01023433","E02004856","E33027091","E38000079","E63011402","D1","5A1",51.835275,-0.461311,"E37000048","","E23000027",24296,"E56000035","E54000025","E00119033","E01023433","E02004856"
"AL3 8RW","AL3  8RW","AL3 8RW","198001","","E10000015","E58000610","E07000096","E05004714","E04004705","0","505875","0216096","1","E18000006","E40000007","E92000001","E12000006","5","E14001268","E15000006","E24000005","E30000237","E16000150","E07000096","26UCHH","E00119027","26UCHH","E65000001","E01023432","E02004856","6","4C2","E00119027","E01023432","E02004856","E33027091","E38000079","E63011402","D1","6B2",51.833451,-0.464871,"E37000048","","E23000027",29110,"E56000035","E54000025","E00119027","E01023432","E02004856"
"AL3 8RX","AL3  8RX","AL3 8RX","200503","","E10000015","E58000610","E07000096","E05004714","E04004705","0","506048","0216173","1","E18000006","E40000007","E92000001","E12000006","5","E14001268","E15000006","E24000005","E30000237","E16000150","E07000096","26UCHH","E00119027","26UCHH","E65000001","E01023432","E02004856","6","4C2","E00119027","E01023432","E02004856","E33027091","E38000079","E63011402","D1","6B2",51.834110,-0.462338,"E37000048","","E23000027",29110,"E56000035","E54000025","E00119027","E01023432","E02004856"
"AL3 8RY","AL3  8RY","AL3 8RY","198001","","E10000015","E58000610","E07000096","E05004714","E04004705","0","505957","0216484","1","E18000006","E40000007","E92000001","E12000006","5","E14001268","E15000006","E24000005","E30000237","E16000150","E07000096","26UCHH","E00119033","26UCHH","E65000001","E01023433","E02004856","6","6D1","E00119033","E01023433","E02004856","E33027091","E38000079","E63011402","D1","5A1",51.836923,-0.463563,"E37000048","","E23000027",24296,"E56000035","E54000025","E00119033","E01023433","E02004856"
"AL3 8RZ","AL3  8RZ","AL3 8RZ","199208","","E10000015","E58000610","E07000096","E05004714","E04004705","0","505978","0216223","1","E18000006","E40000007","E92000001","E12000006","5","E14001268","E15000006","E24000005","E30000237","E16000150","E07000096","26UCHH","E00119025","26UCHH","E65000001","E01023433","E02004856","6","5B3","E00119025","E01023433","E02004856","E33027091","E38000079","E63011402","D1","8C1",51.834581,-0.463314,"E37000048","","E23000027",24296,"E56000035","E54000025","E00119025","E01023433","E02004856"
"AL3 8SN","AL3  8SN","AL3 8SN","199606","200006","E10000015","E58000610","E07000096","E05004714","E04004705","1","506601","0215895","6","E18000006","E40000007","E92000001","E12000006","5","E14001268","E15000006","E24000005","E30000237","E16000150","E07000096","26UCHH","E00119028","26UCHH","E65000001","E01023432","E02004856","6","3A1","E00119028","E01023432","E02004856","E33027091","E38000079","E63011402","D1","5B3",51.831507,-0.454401,"E37000048","","E23000027",29110,"E56000035","E54000025","E00119028","E01023432","E02004856"
"AL3 8UE","AL3  8UE","AL3 8UE","200112","200509","E10000015","E58000610","E07000096","E05004714","E04004705","1","506071","0216334","1","E18000006","E40000007","E92000001","E12000006","5","E14001268","E15000006","E24000005","E30000237","E16000150","E07000096","26UCHH","E00119025","26UCHH","E65000001","E01023433","E02004856","6","5B3","E00119025","E01023433","E02004856","E33027091","E38000079","E63011402","D1","8C1",51.835553,-0.461955,"E37000048","","E23000027",24296,"E56000035","E54000025","E00119025","E01023433","E02004856"
"AL3 8US","AL3  8US","AL3 8US","199412","200604","E10000015","E58000664","E07000240","E05013956","E43000290","1","517328","0206823","1","E18000006","E40000007","E92000001","E12000006","5","E14001507","E15000006","E24000005","E30000237","E16000150","E07000240","26UGFX","E00120196","26UGFX","E65000001","E01023667","E02004936","5","6D1","E00120196","E01023667","E02004936","E33027453","E38000079","E63011552","C1","5A2",51.747828,-0.301865,"E37000048","","E23000027",30628,"E56000035","E54000025","E00120196","E01023667","E02004936"
"AL3 8WA","AL3  8WA","AL3 8WA","200206","200302","E10000015","E58000664","E07000240","E05013956","E43000290","1","517328","0206823","5","E18000006","E40000007","E92000001","E12000006","5","E14001507","E15000006","E24000005","E30000237","E16000150","E07000240","26UGFX","E00120196","26UGFX","E65000001","E01023667","E02004936","5","6D1","E00120196","E01023667","E02004936","E33027453","E38000079","E63011552","C1","5A2",51.747828,-0.301865,"E37000048","","E23000027",30628,"E56000035","E54000025","E00120196","E01023667","E02004936"
"AL3 8XJ","AL3  8XJ","AL3 8XJ","200709","200808","E10000015","E58000664","E07000240","E05013956","E43000290","1","517328","0206823","1","E18000006","E40000007","E92000001","E12000006","5","E14001507","E15000006","E24000005","E30000237","E16000150","E07000240","26UGFX","E00120196","26UGFX","E65000001","E01023667","E02004936","5","6D1","E00120196","E01023667","E02004936","E33027453","E38000079","E63011552","C1","5A2",51.747828,-0.301865,"E37000048","","E23000027",30628,"E56000035","E54000025","E00120196","E01023667","E02004936"
"AL3 8XQ","AL3  8XQ","AL3 8XQ","200309","200806","E10000015","E58000664","E07000240","E05013956","E43000290","1","517328","0206823","1","E18000006","E40000007","E92000001","E12000006","5","E14001507","E15000006","E24000005","E30000237","E16000150","E07000240","26UGFX","E00120196","26UGFX","E65000001","E01023667","E02004936","5","6D1","E00120196","E01023667","E02004936","E33027453","E38000079","E63011552","C1","5A2",51.747828,-0.301865,"E37000048","","E23000027",30628,"E56000035","E54000025","E00120196","E01023667","E02004936"
"AL3 8XZ","AL3  8XZ","AL3 8XZ","200302","200408","E10000015","E58000664","E07000240","E05013956","E43000290","1","517328","0206823","5","E18000006","E40000007","E92000001","E12000006","5","E14001507","E15000006","E24000005","E30000237","E16000150","E07000240","26UGFX","E00120196","26UGFX","E65000001","E01023667","E02004936","5","6D1","E00120196","E01023667","E02004936","E33027453","E38000079","E63011552","C1","5A2",51.747828,-0.301865,"E37000048","","E23000027",30628,"E56000035","E54000025","E00120196","E01023667","E02004936"
"AL3 8ZD","AL3  8ZD","AL3 8ZD","199906","200303","E10000015","E58000664","E07000240","E05013956","E43000290","1","517328","0206823","1","E18000006","E40000007","E92000001","E12000006","5","E14001507","E15000006","E24000005","E30000237","E16000150","E07000240","26UGFX","E00120196","26UGFX","E65000001","E01023667","E02004936","5","6D1","E00120196","E01023667","E02004936","E33027453","E38000079","E63011552","C1","5A2",51.747828,-0.301865,"E37000048","","E23000027",30628,"E56000035","E54000025","E00120196","E01023667","E02004936"
"AL3 8ZF","AL3  8ZF","AL3 8ZF","199906","200006","E10000015","E58000610","E07000096","E05004714","E04004705","1","506601","0215895","6","E18000006","E40000007","E92000001","E12000006","5","E14001268","E15000006","E24000005","E30000237","E16000150","E07000096","26UCHH","E00119028","26UCHH","E65000001","E01023432","E02004856","6","3A1","E00119028","E01023432","E02004856","E33027091","E38000079","E63011402","D1","5B3",51.831507,-0.454401,"E37000048","","E23000027",29110,"E56000035","E54000025","E00119028","E01023432","E02004856"
"AL3 8ZJ","AL3  8ZJ","AL3 8ZJ","200402","200507","E10000015","E58000664","E07000240","E05013956","E43000290","1","517328","0206823","5","E18000006","E40000007","E92000001","E12000006","5","E14001507","E15000006","E24000005","E30000237","E16000150","E07000240","26UGFX","E00120196","26UGFX","E65000001","E01023667","E02004936","5","6D1","E00120196","E01023667","E02004936","E33027453","E38000079","E63011552","C1","5A2",51.747828,-0.301865,"E37000048","","E23000027",30628,"E56000035","E54000025","E00120196","E01023667","E02004936"
"AL3 8ZL","AL3  8ZL","AL3 8ZL","200404","201507","E10000015","E58000664","E07000240","E05013956","E43000290","1","517328","0206823","1","E18000006","E40000007","E92000001","E12000006","5","E14001507","E15000006","E24000005","E30000237","E16000150","E07000240","26UGFX","E00120196","26UGFX","E65000001","E01023667","E02004936","5","6D1","E00120196","E01023667","E02004936","E33027453","E38000079","E63011552","C1","5A2",51.747828,-0.301865,"E37000048","","E23000027",30628,"E56000035","E54000025","E00120196","E01023667","E02004936"
"AL3 8ZN","AL3  8ZN","AL3 8ZN","200402","200507","E10000015","E58000664","E07000240","E05013956","E43000290","1","517328","0206823","5","E18000006","E40000007","E92000001","E12000006","5","E14001507","E15000006","E24000005","E30000237","E16000150","E07000240","26UGFX","E00120196","26UGFX","E65000001","E01023667","E02004936","5","6D1","E00120196","E01023667","E02004936","E33027453","E38000079","E63011552","C1","5A2",51.747828,-0.301865,"E37000048","","E23000027",30628,"E56000035","E54000025","E00120196","E01023667","E02004936"
"AL3 8ZP","AL3  8ZP","AL3 8ZP","200407","200601","E10000015","E58000664","E07000240","E05013956","E43000290","1","517328","0206823","5","E18000006","E40000007","E92000001","E12000006","5","E14001507","E15000006","E24000005","E30000237","E16000150","E07000240","26UGFX","E00120196","26UGFX","E65000001","E01023667","E02004936","5","6D1","E00120196","E01023667","E02004936","E33027453","E38000079","E63011552","C1","5A2",51.747828,-0.301865,"E37000048","","E23000027",30628,"E56000035","E54000025","E00120196","E01023667","E02004936"
"AL3 8ZQ","AL3  8ZQ","AL3 8ZQ","200306","200607","E10000015","E58000664","E07000240","E05013956","E43000290","1","517328","0206823","1","E18000006","E40000007","E92000001","E12000006","5","E14001507","E15000006","E24000005","E30000237","E16000150","E07000240","26UGFX","E00120196","26UGFX","E65000001","E01023667","E02004936","5","6D1","E00120196","E01023667","E02004936","E33027453","E38000079","E63011552","C1","5A2",51.747828,-0.301865,"E37000048","","E23000027",30628,"E56000035","E54000025","E00120196","E01023667","E02004936"
"AL3 8ZR","AL3  8ZR","AL3 8ZR","200401","200508","E10000015","E58000664","E07000240","E05013956","E43000290","1","517328","0206823","5","E18000006","E40000007","E92000001","E12000006","5","E14001507","E15000006","E24000005","E30000237","E16000150","E07000240","26UGFX","E00120196","26UGFX","E65000001","E01023667","E02004936","5","6D1","E00120196","E01023667","E02004936","E33027453","E38000079","E63011552","C1","5A2",51.747828,-0.301865,"E37000048","","E23000027",30628,"E56000035","E54000025","E00120196","E01023667","E02004936"
"AL3 8ZS","AL3  8ZS","AL3 8ZS","200012","200310","E10000015","E58000664","E07000240","E05013956","E43000290","1","517328","0206823","1","E18000006","E40000007","E92000001","E12000006","5","E14001507","E15000006","E24000005","E30000237","E16000150","E07000240","26UGFX","E00120196","26UGFX","E65000001","E01023667","E02004936","5","6D1","E00120196","E01023667","E02004936","E33027453","E38000079","E63011552","C1","5A2",51.747828,-0.301865,"E37000048","","E23000027",30628,"E56000035","E54000025","E00120196","E01023667","E02004936"
"AL3 8ZT","AL3  8ZT","AL3 8ZT","200012","200107","E10000015","E58000610","E07000096","E05004714","E04004705","1","505967","0216228","5","E18000006","E40000007","E92000001","E12000006","5","E14001268","E15000006","E24000005","E30000237","E16000150","E07000096","26UCHH","E00119025","26UCHH","E65000001","E01023433","E02004856","6","5B3","E00119025","E01023433","E02004856","E33027091","E38000079","E63011402","D1","8C1",51.834620,-0.463496,"E37000048","","E23000027",24296,"E56000035","E54000025","E00119025","E01023433","E02004856"
"AL3 8ZU","AL3  8ZU","AL3 8ZU","200012","200604","E10000015","E58000664","E07000240","E05013956","E43000290","1","517328","0206823","1","E18000006","E40000007","E92000001","E12000006","5","E14001507","E15000006","E24000005","E30000237","E16000150","E07000240","26UGFX","E00120196","26UGFX","E65000001","E01023667","E02004936","5","6D1","E00120196","E01023667","E02004936","E33027453","E38000079","E63011552","C1","5A2",51.747828,-0.301865,"E37000048","","E23000027",30628,"E56000035","E54000025","E00120196","E01023667","E02004936"
"AL3 8ZW","AL3  8ZW","AL3 8ZW","200006","200204","E10000015","E58000664","E07000240","E05013956","E43000290","1","517328","0206823","1","E18000006","E40000007","E92000001","E12000006","5","E14001507","E15000006","E24000005","E30000237","E16000150","E07000240","26UGFX","E00120196","26UGFX","E65000001","E01023667","E02004936","5","6D1","E00120196","E01023667","E02004936","E33027453","E38000079","E63011552","C1","5A2",51.747828,-0.301865,"E37000048","","E23000027",30628,"E56000035","E54000025","E00120196","E01023667","E02004936"
"AL3 8ZX","AL3  8ZX","AL3 8ZX","200012","200109","E10000015","E58000664","E07000240","E05013956","E43000290","1","517328","0206823","1","E18000006","E40000007","E92000001","E12000006","5","E14001507","E15000006","E24000005","E30000237","E16000150","E07000240","26UGFX","E00120196","26UGFX","E65000001","E01023667","E02004936","5","6D1","E00120196","E01023667","E02004936","E33027453","E38000079","E63011552","C1","5A2",51.747828,-0.301865,"E37000048","","E23000027",30628,"E56000035","E54000025","E00120196","E01023667","E02004936"
"AL3 8ZY","AL3  8ZY","AL3 8ZY","200012","200107","E10000015","E58000610","E07000096","E05004714","E04004705","1","505967","0216228","5","E18000006","E40000007","E92000001","E12000006","5","E14001268","E15000006","E24000005","E30000237","E16000150","E07000096","26UCHH","E00119025","26UCHH","E65000001","E01023433","E02004856","6","5B3","E00119025","E01023433","E02004856","E33027091","E38000079","E63011402","D1","8C1",51.834620,-0.463496,"E37000048","","E23000027",24296,"E56000035","E54000025","E00119025","E01023433","E02004856"
"AL4 0AA","AL4  0AA","AL4 0AA","198001","","E10000015","E58000664","E07000240","E05013951","E43000290","0","517072","0205968","1","E18000006","E40000007","E92000001","E12000006","5","E14001507","E15000006","E24000005","E30000237","E16000150","E07000240","26UGGB","E00120273","26UGGB","E65000001","E01023681","E02004939","5","7B1","E00120273","E01023681","E02004939","E33027468","E38000079","E63011552","C1","3A1",51.740198,-0.305859,"E37000048","","E23000027",13880,"E56000035","E54000025","E00120273","E01023681","E02004939"
"AL4 0AB","AL4  0AB","AL4 0AB","198001","","E10000015","E58000664","E07000240","E05013951","E43000290","0","517121","0206054","1","E18000006","E40000007","E92000001","E12000006","5","E14001507","E15000006","E24000005","E30000237","E16000150","E07000240","26UGGB","E00120273","26UGGB","E65000001","E01023681","E02004939","5","7B1","E00120273","E01023681","E02004939","E33027468","E38000079","E63011552","C1","3A1",51.740960,-0.305120,"E37000048","","E23000027",13880,"E56000035","E54000025","E00120273","E01023681","E02004939"
"AL4 0AD","AL4  0AD","AL4 0AD","199806","","E10000015","E58000649","E07000240","E05013956","E43000290","0","517203","0206387","1","E18000006","E40000007","E92000001","E12000006","5","E14001507","E15000006","E24000005","E30000237","E16000150","E07000240","26UGGA","E00120259","26UGGA","E65000001","E01023678","E02004938","5","4A2","E00120259","E01023678","E02004938","E33027463","E38000079","E63011552","C1","4C1",51.743936,-0.303821,"E37000048","","E23000027",25970,"E56000035","E54000025","E00120259","E01023678","E02007090"
"AL4 0AE","AL4  0AE","AL4 0AE","198001","","E10000015","E58000664","E07000240","E05013951","E43000290","0","517152","0206225","1","E18000006","E40000007","E92000001","E12000006","5","E14001507","E15000006","E24000005","E30000237","E16000150","E07000240","26UGGB","E00120266","26UGGB","E65000001","E01023681","E02004939","5","7B1","E00120266","E01023681","E02004939","E33027466","E38000079","E63011552","C1","4A3",51.742491,-0.304614,"E37000048","","E23000027",13880,"E56000035","E54000025","E00120266","E01023681","E02004939"
"AL4 0AF","AL4  0AF","AL4 0AF","199706","199906","E10000015","E58000618","E07000240","E05013950","E04013283","1","518589","0206855","6","E18000006","E40000007","E92000001","E12000006","5","E14001507","E15000006","E24000005","E30000237","E16000150","E07000240","26UGGA","E00120248","26UGGA","E65000001","E01023678","E02004938","5","3C2","E00120248","E01023678","E02004938","E33024301","E38000079","E63011552","C1","5B3",51.747851,-0.283597,"E37000048","","E23000027",25970,"E56000035","E54000025","E00120248","E01023678","E02007090"
"AL4 0AG","AL4  0AG","AL4 0AG","200006","","E10000015","E58000649","E07000240","E05013956","E43000290","0","517800","0206801","1","E18000006","E40000007","E92000001","E12000006","5","E14001507","E15000006","E24000005","E30000237","E16000150","E07000240","26UGGA","E00120256","26UGGA","E65000001","E01023677","E02004938","5","4D1","E00120256","E01023677","E02004938","E33027464","E38000079","E63011552","C1","5B1",51.747532,-0.295038,"E37000048","","E23000027",14487,"E56000035","E54000025","E00120256","E01023677","E02007090"
"AL4 0AH","AL4  0AH","AL4 0AH","200309","","E10000015","E58000664","E07000240","E05013951","E43000290","0","517016","0205821","1","E18000006","E40000007","E92000001","E12000006","5","E14001507","E15000006","E24000005","E30000237","E16000150","E07000240","26UGGB","E00120275","26UGGB","E65000001","E01023683","E02004939","5","7A2","E00120275","E01023683","E02004939","E33027468","E38000079","E63011552","C1","4A3",51.738888,-0.306719,"E37000048","","E23000027",17955,"E56000035","E54000025","E00120275","E01023683","E02004939"
"AL4 0AJ","AL4  0AJ","AL4 0AJ","198001","","E10000015","E58000649","E07000240","E05013956","E43000290","0","517289","0206514","1","E18000006","E40000007","E92000001","E12000006","5","E14001507","E15000006","E24000005","E30000237","E16000150","E07000240","26UGGA","E00120259","26UGGA","E65000001","E01023678","E02004938","5","4A2","E00120259","E01023678","E02004938","E33027463","E38000079","E63011552","C1","4C1",51.745059,-0.302533,"E37000048","","E23000027",25970,"E56000035","E54000025","E00120259","E01023678","E02007090"
"AL4 0AL","AL4  0AL","AL4 0AL","199507","200408","E10000015","E58000664","E07000240","E05013956","E43000290","1","517328","0206823","1","E18000006","E40000007","E92000001","E12000006","5","E14001507","E15000006","E24000005","E30000237","E16000150","E07000240","26UGFX","E00120196","26UGFX","E65000001","E01023667","E02004936","5","6D1","E00120196","E01023667","E02004936","E33027453","E38000079","E63011552","C1","5A2",51.747828,-0.301865,"E37000048","","E23000027",30628,"E56000035","E54000025","E00120196","E01023667","E02004936"
"AL4 0AN","AL4  0AN","AL4 0AN","200407","","E10000015","E58000649","E07000240","E05013950","E04013283","0","518222","0205240","1","E18000006","E40000007","E92000001","E12000006","5","E14001507","E15000006","E24000005","E30000237","E16000150","E07000240","26UGGA","E00120244","26UGGA","E65000001","E01023678","E02004938","8","6B2","E00120244","E01023678","E02004938","E33027463","E38000079","","F1","5B3",51.733414,-0.289458,"E37000048","","E23000027",25970,"E56000035","E54000025","E00120244","E01023678","E02007090"
"AL4 0AP","AL4  0AP","AL4 0AP","199501","200408","E10000015","E58000664","E07000240","E05013956","E43000290","1","517328","0206823","1","E18000006","E40000007","E92000001","E12000006","5","E14001507","E15000006","E24000005","E30000237","E16000150","E07000240","26UGFX","E00120196","26UGFX","E65000001","E01023667","E02004936","5","6D1","E00120196","E01023667","E02004936","E33027453","E38000079","E63011552","C1","5A2",51.747828,-0.301865,"E37000048","","E23000027",30628,"E56000035","E54000025","E00120196","E01023667","E02004936"
"AL4 0AQ","AL4  0AQ","AL4 0AQ","198001","","E10000015","E58000649","E07000240","E05013956","E43000290","0","517254","0206398","1","E18000006","E40000007","E92000001","E12000006","5","E14001507","E15000006","E24000005","E30000237","E16000150","E07000240","26UGGA","E00120259","26UGGA","E65000001","E01023678","E02004938","5","4A2","E00120259","E01023678","E02004938","E33027463","E38000079","E63011552","C1","4C1",51.744024,-0.303079,"E37000048","","E23000027",25970,"E56000035","E54000025","E00120259","E01023678","E02007090"
"AL4 0AR","AL4  0AR","AL4 0AR","199606","200303","E10000015","E58000664","E07000240","E05013956","E43000290","1","517328","0206823","1","E18000006","E40000007","E92000001","E12000006","5","E14001507","E15000006","E24000005","E30000237","E16000150","E07000240","26UGFX","E00120196","26UGFX","E65000001","E01023667","E02004936","5","6D1","E00120196","E01023667","E02004936","E33027453","E38000079","E63011552","C1","5A2",51.747828,-0.301865,"E37000048","","E23000027",30628,"E56000035","E54000025","E00120196","E01023667","E02004936"
"AL4 0AS","AL4  0AS","AL4 0AS","200510","","E10000015","E58000649","E07000240","E05013956","E43000290","0","517360","0206515","1","E18000006","E40000007","E92000001","E12000006","5","E14001507","E15000006","E24000005","E30000237","E16000150","E07000240","26UGGA","E00120256","26UGGA","E65000001","E01023677","E02004938","5","4D1","E00120256","E01023677","E02004938","E33027464","E38000079","E63011552","C1","5B1",51.745054,-0.301505,"E37000048","","E23000027",14487,"E56000035","E54000025","E00120256","E01023677","E02007090"
"AL4 0AT","AL4  0AT","AL4 0AT","199606","","E10000015","E58000649","E07000240","E05013956","E43000290","0","517141","0205905","1","E18000006","E40000007","E92000001","E12000006","5","E14001507","E15000006","E24000005","E30000237","E16000150","E07000240","26UGGA","E00120247","26UGGA","E65000001","E01023678","E02004938","5","4A2","E00120247","E01023678","E02004938","E33027463","E38000079","E63011552","C1","5A2",51.739617,-0.304881,"E37000048","","E23000027",25970,"E56000035","E54000025","E00120247","E01023678","E02007090"
"AL4 0AU","AL4  0AU","AL4 0AU","199612","200409","E10000015","E58000664","E07000240","E05013956","E43000290","1","517328","0206823","1","E18000006","E40000007","E92000001","E12000006","5","E14001507","E15000006","E24000005","E30000237","E16000150","E07000240","26UGFX","E00120196","26UGFX","E65000001","E01023667","E02004936","5","6D1","E00120196","E01023667","E02004936","E33027453","E38000079","E63011552","C1","5A2",51.747828,-0.301865,"E37000048","","E23000027",30628,"E56000035","E54000025","E00120196","E01023667","E02004936"
"AL4 0AW","AL4  0AW","AL4 0AW","199101","","E10000015","E58000618","E07000240","E05013956","E43000290","0","518360","0207044","1","E18000006","E40000007","E92000001","E12000006","5","E14001507","E15000006","E24000005","E30000237","E16000150","E07000240","26UGGA","E00120254","26UGGA","E65000001","E01023678","E02004938","5","4D2","E00120254","E01023678","E02004938","E33027462","E38000079","E63011552","C1","5B1",51.749598,-0.286848,"E37000048","","E23000027",25970,"E56000035","E54000025","E00120254","E01023678","E02007090"
"AL4 0AX","AL4  0AX","AL4 0AX","199612","200601","E10000015","E58000664","E07000240","E05013956","E43000290","1","517328","0206823","1","E18000006","E40000007","E92000001","E12000006","5","E14001507","E15000006","E24000005","E30000237","E16000150","E07000240","26UGFX","E00120196","26UGFX","E65000001","E01023667","E02004936","5","6D1","E00120196","E01023667","E02004936","E33027453","E38000079","E63011552","C1","5A2",51.747828,-0.301865,"E37000048","","E23000027",30628,"E56000035","E54000025","E00120196","E01023667","E02004936"
"AL4 0AY","AL4  0AY","AL4 0AY","200511","","E10000015","E58000649","E07000240","E05013956","E43000290","0","517390","0206472","1","E18000006","E40000007","E92000001","E12000006","5","E14001507","E15000006","E24000005","E30000237","E16000150","E07000240","26UGGA","E00120256","26UGGA","E65000001","E01023677","E02004938","5","4D1","E00120256","E01023677","E02004938","E33027464","E38000079","E63011552","C1","5B1",51.744661,-0.301085,"E37000048","","E23000027",14487,"E56000035","E54000025","E00120256","E01023677","E02007090"
"AL4 0AZ","AL4  0AZ","AL4 0AZ","200601","","E10000015","E58000649","E07000240","E05013956","E43000290","0","517354","0206475","1","E18000006","E40000007","E92000001","E12000006","5","E14001507","E15000006","E24000005","E30000237","E16000150","E07000240","26UGGA","E00120256","26UGGA","E65000001","E01023677","E02004938","5","4D1","E00120256","E01023677","E02004938","E33027464","E38000079","E63011552","C1","5B1",51.744695,-0.301606,"E37000048","","E23000027",14487,"E56000035","E54000025","E00120256","E01023677","E02007090"
"AL4 0BA","AL4  0BA","AL4 0BA","199512","","E10000015","E58000649","E07000240","E05013956","E43000290","0","517424","0206786","1","E18000006","E40000007","E92000001","E12000006","5","E14001507","E15000006","E24000005","E30000237","E16000150","E07000240","26UGGA","E00120256","26UGGA","E65000001","E01023677","E02004938","5","4D1","E00120256","E01023677","E02004938","E33027464","E38000079","E63011552","C1","5B1",51.747476,-0.300487,"E37000048","","E23000027",14487,"E56000035","E54000025","E00120256","E01023677","E02007090"
"AL4 0BB","AL4  0BB","AL4 0BB","202109","","E10000015","E58000618","E07000240","E05015801","E04013286","0","517621","0207971","1","E18000006","E40000007","E92000001","E12000006","5","E14001507","E15000006","E24000005","E30000237","E16000150","E07000240","26UGGH","E00120409","26UGGH","E65000001","E01023712","E02004931","5","4D1","E00120409","E01023712","E02004931","E33027431","E38000079","E63011552","C1","6A2",51.758090,-0.297211,"E37000048","","E23000027",26281,"E56000035","E54000025","E00189350","E01023712","E02004931"
"AL4 0BD","AL4  0BD","AL4 0BD","199512","","E10000015","E58000649","E07000240","E05013956","E43000290","0","517410","0206829","1","E18000006","E40000007","E92000001","E12000006","5","E14001507","E15000006","E24000005","E30000237","E16000150","E07000240","26UGGA","E00120257","26UGGA","E65000001","E01023677","E02004938","5","7A2","E00120257","E01023677","E02004938","E33027464","E38000079","E63011552","C1","4A1",51.747865,-0.300675,"E37000048","","E23000027",14487,"E56000035","E54000025","E00120257","E01023677","E02007090"
"AL4 0BE","AL4  0BE","AL4 0BE","199512","","E10000015","E58000649","E07000240","E05013956","E43000290","0","517466","0206896","1","E18000006","E40000007","E92000001","E12000006","5","E14001507","E15000006","E24000005","E30000237","E16000150","E07000240","26UGGA","E00120257","26UGGA","E65000001","E01023677","E02004938","5","7A2","E00120257","E01023677","E02004938","E33027464","E38000079","E63011552","C1","4A1",51.748456,-0.299842,"E37000048","","E23000027",14487,"E56000035","E54000025","E00120257","E01023677","E02007090"
"AL4 0BF","AL4  0BF","AL4 0BF","199512","","E10000015","E58000649","E07000240","E05013956","E43000290","0","517369","0206683","1","E18000006","E40000007","E92000001","E12000006","5","E14001507","E15000006","E24000005","E30000237","E16000150","E07000240","26UGGA","E00120256","26UGGA","E65000001","E01023677","E02004938","5","4D1","E00120256","E01023677","E02004938","E33027464","E38000079","E63011552","C1","5B1",51.746562,-0.301318,"E37000048","","E23000027",14487,"E56000035","E54000025","E00120256","E01023677","E02007090"
"AL4 0BG","AL4  0BG","AL4 0BG","199512","","E10000015","E58000649","E07000240","E05013956","E43000290","0","517409","0206700","1","E18000006","E40000007","E92000001","E12000006","5","E14001507","E15000006","E24000005","E30000237","E16000150","E07000240","26UGGA","E00120256","26UGGA","E65000001","E01023677","E02004938","5","4D1","E00120256","E01023677","E02004938","E33027464","E38000079","E63011552","C1","5B1",51.746706,-0.300733,"E37000048","","E23000027",14487,"E56000035","E54000025","E00120256","E01023677","E02007090"
"AL4 0BH","AL4  0BH","AL4 0BH","199512","","E10000015","E58000649","E07000240","E05013956","E43000290","0","517393","0206767","1","E18000006","E40000007","E92000001","E12000006","5","E14001507","E15000006","E24000005","E30000237","E16000150","E07000240","26UGGA","E00120256","26UGGA","E65000001","E01023677","E02004938","5","4D1","E00120256","E01023677","E02004938","E33027464","E38000079","E63011552","C1","5B1",51.747311,-0.300943,"E37000048","","E23000027",14487,"E56000035","E54000025","E00120256","E01023677","E02007090"
"AL4 0BJ","AL4  0BJ","AL4 0BJ","199512","","E10000015","E58000649","E07000240","E05013956","E43000290","0","517555","0206890","1","E18000006","E40000007","E92000001","E12000006","5","E14001507","E15000006","E24000005","E30000237","E16000150","E07000240","26UGGA","E00120257","26UGGA","E65000001","E01023677","E02004938","5","7A2","E00120257","E01023677","E02004938","E33027464","E38000079","E63011552","C1","4A1",51.748383,-0.298556,"E37000048","","E23000027",14487,"E56000035","E54000025","E00120257","E01023677","E02007090"
"AL4 0BL","AL4  0BL","AL4 0BL","199512","","E10000015","E58000649","E07000240","E05013956","E43000290","0","517458","0206824","1","E18000006","E40000007","E92000001","E12000006","5","E14001507","E15000006","E24000005","E30000237","E16000150","E07000240","26UGGA","E00120242","26UGGA","E65000001","E01023677","E02004938","5","7A2","E00120242","E01023677","E02004938","E33027464","E38000079","E63011552","C1","4A1",51.747810,-0.299982,"E37000048","","E23000027",14487,"E56000035","E54000025","E00120242","E01023677","E02007090"
"AL4 0BN","AL4  0BN","AL4 0BN","199512","","E10000015","E58000649","E07000240","E05013956","E43000290","0","517499","0206796","1","E18000006","E40000007","E92000001","E12000006","5","E14001507","E15000006","E24000005","E30000237","E16000150","E07000240","26UGGA","E00120257","26UGGA","E65000001","E01023677","E02004938","5","7A2","E00120257","E01023677","E02004938","E33027464","E38000079","E63011552","C1","4A1",51.747550,-0.299398,"E37000048","","E23000027",14487,"E56000035","E54000025","E00120257","E01023677","E02007090"
"AL4 0BP","AL4  0BP","AL4 0BP","198001","","E10000015","E58000618","E07000240","E05015802","E43000290","0","517106","0208192","1","E18000006","E40000007","E92000001","E12000006","5","E14001507","E15000006","E24000005","E30000237","E16000150","E07000240","26UGGJ","E00120425","26UGGJ","E65000001","E01023714","E02004933","5","4B3","E00120425","E01023714","E02004933","E33027436","E38000079","E63011552","C1","6A1",51.760178,-0.304618,"E37000048","","E23000027",32374,"E56000035","E54000025","E00120425","E01023714","E02004933"
"AL4 0BQ","AL4  0BQ","AL4 0BQ","202108","","E10000015","E58000649","E07000240","E05013956","E43000290","0","517598","0206581","1","E18000006","E40000007","E92000001","E12000006","5","E14001507","E15000006","E24000005","E30000237","E16000150","E07000240","26UGGA","E00120242","26UGGA","E65000001","E01023677","E02004938","5","7A2","E00120242","E01023677","E02004938","E33027464","E38000079","E63011552","C1","4A1",51.745602,-0.298014,"E37000048","","E23000027",14487,"E56000035","E54000025","E00120242","E01023677","E02007090"
"AL4 0BS","AL4  0BS","AL4 0BS","198001","","E10000015","E58000618","E07000240","E05015801","E04013286","0","517292","0208276","1","E18000006","E40000007","E92000001","E12000006","5","E14001507","E15000006","E24000005","E30000237","E16000150","E07000240","26UGGH","E00120409","26UGGH","E65000001","E01023712","E02004931","5","4D1","E00120409","E01023712","E02004931","E33027431","E38000079","E63011552","C1","6A2",51.760894,-0.301896,"E37000048","","E23000027",26281,"E56000035","E54000025","E00189342","E01023712","E02004931"
"AL4 0BT","AL4  0BT","AL4 0BT","198001","","E10000015","E58000618","E07000240","E05015801","E04013286","0","517479","0208368","1","E18000006","E40000007","E92000001","E12000006","5","E14001507","E15000006","E24000005","E30000237","E16000150","E07000240","26UGGH","E00120408","26UGGH","E65000001","E01023712","E02004931","5","4D1","E00120408","E01023712","E02004931","E33027431","E38000079","E63011552","C1","6A1",51.761682,-0.299157,"E37000048","","E23000027",26281,"E56000035","E54000025","E00120408","E01023712","E02004931"
"AL4 0BU","AL4  0BU","AL4 0BU","198001","","E10000015","E58000618","E07000240","E05015801","E04013286","0","517703","0208469","1","E18000006","E40000007","E92000001","E12000006","5","E14001507","E15000006","E24000005","E30000237","E16000150","E07000240","26UGGH","E00120408","26UGGH","E65000001","E01023712","E02004931","5","4D1","E00120408","E01023712","E02004931","E33027431","E38000079","E63011552","C1","6A1",51.762543,-0.295879,"E37000048","","E23000027",26281,"E56000035","E54000025","E00120408","E01023712","E02004931"
"AL4 0BW","AL4  0BW","AL4 0BW","198001","","E10000015","E58000618","E07000240","E05015802","E43000290","0","516968","0208174","1","E18000006","E40000007","E92000001","E12000006","5","E14001507","E15000006","E24000005","E30000237","E16000150","E07000240","26UGGJ","E00120425","26UGGJ","E65000001","E01023714","E02004933","5","4B3","E00120425","E01023714","E02004933","E33027436","E38000079","E63011552","C1","6A1",51.760051,-0.306599,"E37000048","","E23000027",32374,"E56000035","E54000025","E00120425","E01023714","E02004933"
"AL4 0BX","AL4  0BX","AL4 0BX","198001","","E10000015","E58000664","E07000240","E05013956","E43000290","0","517094","0208139","1","E18000006","E40000007","E92000001","E12000006","5","E14001507","E15000006","E24000005","E30000237","E16000150","E07000240","26UGFX","E00120181","26UGFX","E65000001","E01023668","E02004936","5","4C2","E00120181","E01023668","E02004936","E33027452","E38000079","E63011552","C1","6B1",51.759704,-0.304810,"E37000048","","E23000027",32371,"E56000035","E54000025","E00120181","E01023668","E02004936"
"AL4 0BY","AL4  0BY","AL4 0BY","199712","","E10000015","E58000649","E07000240","E05013956","E43000290","0","517669","0206852","1","E18000006","E40000007","E92000001","E12000006","5","E14001507","E15000006","E24000005","E30000237","E16000150","E07000240","26UGGA","E00120256","26UGGA","E65000001","E01023677","E02004938","5","4D1","E00120256","E01023677","E02004938","E33027464","E38000079","E63011552","C1","5B1",51.748018,-0.296918,"E37000048","","E23000027",14487,"E56000035","E54000025","E00120256","E01023677","E02007090"
"AL4 0BZ","AL4  0BZ","AL4 0BZ","200908","202006","E10000015","E58000664","E07000240","E05013956","E43000290","1","517321","0206803","1","E18000006","E40000007","E92000001","E12000006","5","E14001507","E15000006","E24000005","E30000237","E16000150","E07000240","26UGFX","E00120196","26UGFX","E65000001","E01023667","E02004936","5","6D1","E00120196","E01023667","E02004936","E33027453","E38000079","E63011552","C1","5A2",51.747650,-0.301973,"E37000048","","E23000027",30628,"E56000035","E54000025","E00120196","E01023667","E02004936"
"AL4 0DA","AL4  0DA","AL4 0DA","199806","","E10000015","E58000649","E07000240","E05013956","E43000290","0","517402","0206652","1","E18000006","E40000007","E92000001","E12000006","5","E14001507","E15000006","E24000005","E30000237","E16000150","E07000240","26UGGA","E00120256","26UGGA","E65000001","E01023677","E02004938","5","4D1","E00120256","E01023677","E02004938","E33027464","E38000079","E63011552","C1","5B1",51.746276,-0.300851,"E37000048","","E23000027",14487,"E56000035","E54000025","E00120256","E01023677","E02007090"
"AL4 0DB","AL4  0DB","AL4 0DB","199806","","E10000015","E58000649","E07000240","E05013956","E43000290","0","517487","0206613","1","E18000006","E40000007","E92000001","E12000006","5","E14001507","E15000006","E24000005","E30000237","E16000150","E07000240","26UGGA","E00120242","26UGGA","E65000001","E01023677","E02004938","5","7A2","E00120242","E01023677","E02004938","E33027464","E38000079","E63011552","C1","4A1",51.745908,-0.299634,"E37000048","","E23000027",14487,"E56000035","E54000025","E00120242","E01023677","E02007090"
"AL4 0DD","AL4  0DD","AL4 0DD","199806","","E10000015","E58000649","E07000240","E05013956","E43000290","0","517452","0206648","1","E18000006","E40000007","E92000001","E12000006","5","E14001507","E15000006","E24000005","E30000237","E16000150","E07000240","26UGGA","E00120242","26UGGA","E65000001","E01023677","E02004938","5","7A2","E00120242","E01023677","E02004938","E33027464","E38000079","E63011552","C1","4A1",51.746230,-0.300128,"E37000048","","E23000027",14487,"E56000035","E54000025","E00120242","E01023677","E02007090"
"AL4 0DE","AL4  0DE","AL4 0DE","199806","","E10000015","E58000649","E07000240","E05013956","E43000290","0","517396","0206597","1","E18000006","E40000007","E92000001","E12000006","5","E14001507","E15000006","E24000005","E30000237","E16000150","E07000240","26UGGA","E00120256","26UGGA","E65000001","E01023677","E02004938","5","4D1","E00120256","E01023677","E02004938","E33027464","E38000079","E63011552","C1","5B1",51.745783,-0.300956,"E37000048","","E23000027",14487,"E56000035","E54000025","E00120256","E01023677","E02007090"
"AL4 0DF","AL4  0DF","AL4 0DF","199806","","E10000015","E58000649","E07000240","E05013956","E43000290","0","517708","0206940","1","E18000006","E40000007","E92000001","E12000006","5","E14001507","E15000006","E24000005","E30000237","E16000150","E07000240","26UGGA","E00120256","26UGGA","E65000001","E01023677","E02004938","5","4D1","E00120256","E01023677","E02004938","E33027464","E38000079","E63011552","C1","5B1",51.748800,-0.296323,"E37000048","","E23000027",14487,"E56000035","E54000025","E00120256","E01023677","E02007090"
"AL4 0DG","AL4  0DG","AL4 0DG","199806","","E10000015","E58000649","E07000240","E05013956","E43000290","0","517713","0206833","1","E18000006","E40000007","E92000001","E12000006","5","E14001507","E15000006","E24000005","E30000237","E16000150","E07000240","26UGGA","E00120256","26UGGA","E65000001","E01023677","E02004938","5","4D1","E00120256","E01023677","E02004938","E33027464","E38000079","E63011552","C1","5B1",51.747838,-0.296287,"E37000048","","E23000027",14487,"E56000035","E54000025","E00120256","E01023677","E02007090"
"AL4 0DH","AL4  0DH","AL4 0DH","198504","","E10000015","E58000664","E07000240","E05013956","E43000290","0","517246","0207340","1","E18000006","E40000007","E92000001","E12000006","5","E14001507","E15000006","E24000005","E30000237","E16000150","E07000240","26UGFX","E00120182","26UGFX","E65000001","E01023664","E02004936","5","4C3","E00120182","E01023664","E02004936","E33027452","E38000079","E63011552","C1","6A1",51.752492,-0.302878,"E37000048","","E23000027",30060,"E56000035","E54000025","E00120182","E01023664","E02004936"
"AL4 0DJ","AL4  0DJ","AL4 0DJ","198001","","E10000015","E58000664","E07000240","E05013956","E43000290","0","517552","0207246","1","E18000006","E40000007","E92000001","E12000006","5","E14001507","E15000006","E24000005","E30000237","E16000150","E07000240","26UGFX","E00120189","26UGFX","E65000001","E01023664","E02004936","5","4A2","E00120189","E01023664","E02004936","E33027454","E38000079","E63011552","C1","5A2",51.751583,-0.298479,"E37000048","","E23000027",30060,"E56000035","E54000025","E00120189","E01023664","E02004936"
"AL4 0DL","AL4  0DL","AL4 0DL","198001","","E10000015","E58000664","E07000240","E05013956","E43000290","0","517633","0207269","1","E18000006","E40000007","E92000001","E12000006","5","E14001507","E15000006","E24000005","E30000237","E16000150","E07000240","26UGFX","E00120185","26UGFX","E65000001","E01023664","E02004936","5","2B2","E00120185","E01023664","E02004936","E33027454","E38000079","E63011552","C1","4C3",51.751773,-0.297298,"E37000048","","E23000027",30060,"E56000035","E54000025","E00120185","E01023664","E02004936"
"AL4 0DN","AL4  0DN","AL4 0DN","198001","","E10000015","E58000664","E07000240","E05013956","E43000290","0","517724","0207224","1","E18000006","E40000007","E92000001","E12000006","5","E14001507","E15000006","E24000005","E30000237","E16000150","E07000240","26UGFX","E00120185","26UGFX","E65000001","E01023664","E02004936","5","2B2","E00120185","E01023664","E02004936","E33027454","E38000079","E63011552","C1","4C3",51.751349,-0.295996,"E37000048","","E23000027",30060,"E56000035","E54000025","E00120185","E01023664","E02004936"
"AL4 0DP","AL4  0DP","AL4 0DP","198001","","E10000015","E58000664","E07000240","E05013956","E43000290","0","517552","0207143","1","E18000006","E40000007","E92000001","E12000006","5","E14001507","E15000006","E24000005","E30000237","E16000150","E07000240","26UGFX","E00120189","26UGFX","E65000001","E01023664","E02004936","5","4A2","E00120189","E01023664","E02004936","E33027454","E38000079","E63011552","C1","5A2",51.750657,-0.298513,"E37000048","","E23000027",30060,"E56000035","E54000025","E00120189","E01023664","E02004936"
"AL4 0DQ","AL4  0DQ","AL4 0DQ","199806","","E10000015","E58000649","E07000240","E05013956","E43000290","0","517633","0206724","1","E18000006","E40000007","E92000001","E12000006","5","E14001507","E15000006","E24000005","E30000237","E16000150","E07000240","26UGGA","E00120257","26UGGA","E65000001","E01023677","E02004938","5","7A2","E00120257","E01023677","E02004938","E33027464","E38000079","E63011552","C1","4A1",51.746875,-0.297482,"E37000048","","E23000027",14487,"E56000035","E54000025","E00120257","E01023677","E02007090"
"AL4 0DR","AL4  0DR","AL4 0DR","198001","","E10000015","E58000664","E07000240","E05013956","E43000290","0","517522","0207044","1","E18000006","E40000007","E92000001","E12000006","5","E14001507","E15000006","E24000005","E30000237","E16000150","E07000240","26UGFX","E00120189","26UGFX","E65000001","E01023664","E02004936","5","4A2","E00120189","E01023664","E02004936","E33027454","E38000079","E63011552","C1","5A2",51.749774,-0.298981,"E37000048","","E23000027",30060,"E56000035","E54000025","E00120189","E01023664","E02004936"
"AL4 0DS","AL4  0DS","AL4 0DS","198001","","E10000015","E58000664","E07000240","E05013956","E43000290","0","517359","0207220","1","E18000006","E40000007","E92000001","E12000006","5","E14001507","E15000006","E24000005","E30000237","E16000150","E07000240","26UGFX","E00120186","26UGFX","E65000001","E01023665","E02004936","5","6D1","E00120186","E01023665","E02004936","E33027454","E38000079","E63011552","C1","5A2",51.751390,-0.301282,"E37000048","","E23000027",29291,"E56000035","E54000025","E00120186","E01023665","E02004936"
"AL4 0DT","AL4  0DT","AL4 0DT","199806","","E10000015","E58000649","E07000240","E05013956","E43000290","0","517739","0206890","1","E18000006","E40000007","E92000001","E12000006","5","E14001507","E15000006","E24000005","E30000237","E16000150","E07000240","26UGGA","E00120256","26UGGA","E65000001","E01023677","E02004938","5","4D1","E00120256","E01023677","E02004938","E33027464","E38000079","E63011552","C1","5B1",51.748344,-0.295891,"E37000048","","E23000027",14487,"E56000035","E54000025","E00120256","E01023677","E02007090"
"AL4 0DU","AL4  0DU","AL4 0DU","198001","","E10000015","E58000664","E07000240","E05013956","E43000290","0","517274","0207286","1","E18000006","E40000007","E92000001","E12000006","5","E14001507","E15000006","E24000005","E30000237","E16000150","E07000240","26UGFX","E00120186","26UGFX","E65000001","E01023665","E02004936","5","6D1","E00120186","E01023665","E02004936","E33027454","E38000079","E63011552","C1","5A2",51.752001,-0.302491,"E37000048","","E23000027",29291,"E56000035","E54000025","E00120186","E01023665","E02004936"
"AL4 0DW","AL4  0DW","AL4 0DW","198001","","E10000015","E58000664","E07000240","E05013956","E43000290","0","517702","0207187","1","E18000006","E40000007","E92000001","E12000006","5","E14001507","E15000006","E24000005","E30000237","E16000150","E07000240","26UGFX","E00120185","26UGFX","E65000001","E01023664","E02004936","5","2B2","E00120185","E01023664","E02004936","E33027454","E38000079","E63011552","C1","4C3",51.751021,-0.296327,"E37000048","","E23000027",30060,"E56000035","E54000025","E00120185","E01023664","E02004936"
"AL4 0DX","AL4  0DX","AL4 0DX","198001","","E10000015","E58000664","E07000240","E05013956","E43000290","0","517588","0207218","1","E18000006","E40000007","E92000001","E12000006","5","E14001507","E15000006","E24000005","E30000237","E16000150","E07000240","26UGFX","E00120185","26UGFX","E65000001","E01023664","E02004936","5","2B2","E00120185","E01023664","E02004936","E33027454","E38000079","E63011552","C1","4C3",51.751324,-0.297967,"E37000048","","E23000027",30060,"E56000035","E54000025","E00120185","E01023664","E02004936"
"AL4 0DY","AL4  0DY","AL4 0DY","199806","","E10000015","E58000649","E07000240","E05013956","E43000290","0","517711","0206733","1","E18000006","E40000007","E92000001","E12000006","5","E14001507","E15000006","E24000005","E30000237","E16000150","E07000240","26UGGA","E00120256","26UGGA","E65000001","E01023677","E02004938","5","4D1","E00120256","E01023677","E02004938","E33027464","E38000079","E63011552","C1","5B1",51.746939,-0.296350,"E37000048","","E23000027",14487,"E56000035","E54000025","E00120256","E01023677","E02007090"
"AL4 0DZ","AL4  0DZ","AL4 0DZ","199806","","E10000015","E58000649","E07000240","E05013956","E43000290","0","517568","0206678","1","E18000006","E40000007","E92000001","E12000006","5","E14001507","E15000006","E24000005","E30000237","E16000150","E07000240","26UGGA","E00120242","26UGGA","E65000001","E01023677","E02004938","5","7A2","E00120242","E01023677","E02004938","E33027464","E38000079","E63011552","C1","4A1",51.746475,-0.298439,"E37000048","","E23000027",14487,"E56000035","E54000025","E00120242","E01023677","E02007090"
"AL4 0EA","AL4  0EA","AL4 0EA","199806","","E10000015","E58000649","E07000240","E05013956","E43000290","0","517570","0206646","1","E18000006","E40000007","E92000001","E12000006","5","E14001507","E15000006","E24000005","E30000237","E16000150","E07000240","26UGGA","E00120242","26UGGA","E65000001","E01023677","E02004938","5","7A2","E00120242","E01023677","E02004938","E33027464","E38000079","E63011552","C1","4A1",51.746187,-0.298421,"E37000048","","E23000027",14487,"E56000035","E54000025","E00120242","E01023677","E02007090"
"AL4 0EB","AL4  0EB","AL4 0EB","199806","","E10000015","E58000649","E07000240","E05013956","E43000290","0","517523","0206638","1","E18000006","E40000007","E92000001","E12000006","5","E14001507","E15000006","E24000005","E30000237","E16000150","E07000240","26UGGA","E00120242","26UGGA","E65000001","E01023677","E02004938","5","7A2","E00120242","E01023677","E02004938","E33027464","E38000079","E63011552","C1","4A1",51.746125,-0.299104,"E37000048","","E23000027",14487,"E56000035","E54000025","E00120242","E01023677","E02007090"
"AL4 0ED","AL4  0ED","AL4 0ED","199806","","E10000015","E58000649","E07000240","E05013956","E43000290","0","517495","0206689","1","E18000006","E40000007","E92000001","E12000006","5","E14001507","E15000006","E24000005","E30000237","E16000150","E07000240","26UGGA","E00120242","26UGGA","E65000001","E01023677","E02004938","5","7A2","E00120242","E01023677","E02004938","E33027464","E38000079","E63011552","C1","4A1",51.746589,-0.299492,"E37000048","","E23000027",14487,"E56000035","E54000025","E00120242","E01023677","E02007090"
"AL4 0EE","AL4  0EE","AL4 0EE","198001","","E10000015","E58000664","E07000240","E05013956","E43000290","0","517155","0207468","1","E18000006","E40000007","E92000001","E12000006","5","E14001507","E15000006","E24000005","E30000237","E16000150","E07000240","26UGFX","E00120180","26UGFX","E65000001","E01023668","E02004936","5","4D1","E00120180","E01023668","E02004936","E33027452","E38000079","E63011552","C1","6B1",51.753661,-0.304152,"E37000048","","E23000027",32371,"E56000035","E54000025","E00120180","E01023668","E02004936"
"AL4 0EF","AL4  0EF","AL4 0EF","198001","","E10000015","E58000664","E07000240","E05013956","E43000290","0","517146","0207436","1","E18000006","E40000007","E92000001","E12000006","5","E14001507","E15000006","E24000005","E30000237","E16000150","E07000240","26UGFX","E00120180","26UGFX","E65000001","E01023668","E02004936","5","4D1","E00120180","E01023668","E02004936","E33027452","E38000079","E63011552","C1","6B1",51.753381,-0.304270,"E37000048","","E23000027",32371,"E56000035","E54000025","E00120180","E01023668","E02004936"
"AL4 0EG","AL4  0EG","AL4 0EG","198001","","E10000015","E58000664","E07000240","E05013956","E43000290","0","517247","0207407","1","E18000006","E40000007","E92000001","E12000006","5","E14001507","E15000006","E24000005","E30000237","E16000150","E07000240","26UGFX","E00120182","26UGFX","E65000001","E01023664","E02004936","5","4C3","E00120182","E01023664","E02004936","E33027452","E38000079","E63011552","C1","6A1",51.753094,-0.302841,"E37000048","","E23000027",30060,"E56000035","E54000025","E00120182","E01023664","E02004936"
"AL4 0EH","AL4  0EH","AL4 0EH","198001","","E10000015","E58000664","E07000240","E05013956","E43000290","0","517381","0207420","1","E18000006","E40000007","E92000001","E12000006","5","E14001507","E15000006","E24000005","E30000237","E16000150","E07000240","26UGFX","E00120182","26UGFX","E65000001","E01023664","E02004936","5","4C3","E00120182","E01023664","E02004936","E33027452","E38000079","E63011552","C1","6A1",51.753183,-0.300896,"E37000048","","E23000027",30060,"E56000035","E54000025","E00120182","E01023664","E02004936"
"AL4 0EJ","AL4  0EJ","AL4 0EJ","198001","","E10000015","E58000664","E07000240","E05013956","E43000290","0","517256","0207440","1","E18000006","E40000007","E92000001","E12000006","5","E14001507","E15000006","E24000005","E30000237","E16000150","E07000240","26UGFX","E00120180","26UGFX","E65000001","E01023668","E02004936","5","4D1","E00120180","E01023668","E02004936","E33027452","E38000079","E63011552","C1","6B1",51.753388,-0.302699,"E37000048","","E23000027",32371,"E56000035","E54000025","E00120180","E01023668","E02004936"
"AL4 0EL","AL4  0EL","AL4 0EL","198001","","E10000015","E58000664","E07000240","E05013956","E43000290","0","517162","0207598","1","E18000006","E40000007","E92000001","E12000006","5","E14001507","E15000006","E24000005","E30000237","E16000150","E07000240","26UGFX","E00120180","26UGFX","E65000001","E01023668","E02004936","5","4D1","E00120180","E01023668","E02004936","E33027452","E38000079","E63011552","C1","6B1",51.754828,-0.304007,"E37000048","","E23000027",32371,"E56000035","E54000025","E00120180","E01023668","E02004936"
"AL4 0EN","AL4  0EN","AL4 0EN","198001","","E10000015","E58000664","E07000240","E05013956","E43000290","0","517061","0207903","1","E18000006","E40000007","E92000001","E12000006","5","E14001507","E15000006","E24000005","E30000237","E16000150","E07000240","26UGFX","E00120181","26UGFX","E65000001","E01023668","E02004936","5","4C2","E00120181","E01023668","E02004936","E33027452","E38000079","E63011552","C1","6B1",51.757590,-0.305367,"E37000048","","E23000027",32371,"E56000035","E54000025","E00120181","E01023668","E02004936"
"AL4 0EP","AL4  0EP","AL4 0EP","198001","","E10000015","E58000664","E07000240","E05013956","E43000290","0","516993","0208069","1","E18000006","E40000007","E92000001","E12000006","5","E14001507","E15000006","E24000005","E30000237","E16000150","E07000240","26UGFX","E00120181","26UGFX","E65000001","E01023668","E02004936","5","4C2","E00120181","E01023668","E02004936","E33027452","E38000079","E63011552","C1","6B1",51.759096,-0.306296,"E37000048","","E23000027",32371,"E56000035","E54000025","E00120181","E01023668","E02004936"
"AL4 0EQ","AL4  0EQ","AL4 0EQ","198001","","E10000015","E58000664","E07000240","E05013956","E43000290","0","517371","0207387","1","E18000006","E40000007","E92000001","E12000006","5","E14001507","E15000006","E24000005","E30000237","E16000150","E07000240","26UGFX","E00120182","26UGFX","E65000001","E01023664","E02004936","5","4C3","E00120182","E01023664","E02004936","E33027452","E38000079","E63011552","C1","6A1",51.752888,-0.301052,"E37000048","","E23000027",30060,"E56000035","E54000025","E00120182","E01023664","E02004936"
"AL4 0ER","AL4  0ER","AL4 0ER","198001","","E10000015","E58000664","E07000240","E05013956","E43000290","0","517124","0208100","1","E18000006","E40000007","E92000001","E12000006","5","E14001507","E15000006","E24000005","E30000237","E16000150","E07000240","26UGFX","E00120181","26UGFX","E65000001","E01023668","E02004936","5","4C2","E00120181","E01023668","E02004936","E33027452","E38000079","E63011552","C1","6B1",51.759348,-0.304389,"E37000048","","E23000027",32371,"E56000035","E54000025","E00120181","E01023668","E02004936"
"AL4 0ES","AL4  0ES","AL4 0ES","198001","","E10000015","E58000664","E07000240","E05013956","E43000290","0","517099","0208054","1","E18000006","E40000007","E92000001","E12000006","5","E14001507","E15000006","E24000005","E30000237","E16000150","E07000240","26UGFX","E00120181","26UGFX","E65000001","E01023668","E02004936","5","4C2","E00120181","E01023668","E02004936","E33027452","E38000079","E63011552","C1","6B1",51.758939,-0.304766,"E37000048","","E23000027",32371,"E56000035","E54000025","E00120181","E01023668","E02004936"
"AL4 0ET","AL4  0ET","AL4 0ET","198001","","E10000015","E58000664","E07000240","E05013956","E43000290","0","517095","0207914","1","E18000006","E40000007","E92000001","E12000006","5","E14001507","E15000006","E24000005","E30000237","E16000150","E07000240","26UGFX","E00120200","26UGFX","E65000001","E01023668","E02004936","5","6B2","E00120200","E01023668","E02004936","E33027452","E38000079","E63011552","C1","4A1",51.757682,-0.304871,"E37000048","","E23000027",32371,"E56000035","E54000025","E00120200","E01023668","E02004936"
"AL4 0EU","AL4  0EU","AL4 0EU","198001","","E10000015","E58000664","E07000240","E05013956","E43000290","0","517202","0207592","1","E18000006","E40000007","E92000001","E12000006","5","E14001507","E15000006","E24000005","E30000237","E16000150","E07000240","26UGFX","E00120180","26UGFX","E65000001","E01023668","E02004936","5","4D1","E00120180","E01023668","E02004936","E33027452","E38000079","E63011552","C1","6B1",51.754766,-0.303430,"E37000048","","E23000027",32371,"E56000035","E54000025","E00120180","E01023668","E02004936"
"AL4 0EW","AL4  0EW","AL4 0EW","198001","","E10000015","E58000664","E07000240","E05013956","E43000290","0","516994","0208032","1","E18000006","E40000007","E92000001","E12000006","5","E14001507","E15000006","E24000005","E30000237","E16000150","E07000240","26UGFX","E00120181","26UGFX","E65000001","E01023668","E02004936","5","4C2","E00120181","E01023668","E02004936","E33027452","E38000079","E63011552","C1","6B1",51.758764,-0.306294,"E37000048","","E23000027",32371,"E56000035","E54000025","E00120181","E01023668","E02004936"
"AL4 0EX","AL4  0EX","AL4 0EX","199812","","E10000015","E58000649","E07000240","E05013956","E43000290","0","517643","0206800","1","E18000006","E40000007","E92000001","E12000006","5","E14001507","E15000006","E24000005","E30000237","E16000150","E07000240","26UGGA","E00120257","26UGGA","E65000001","E01023677","E02004938","5","7A2","E00120257","E01023677","E02004938","E33027464","E38000079","E63011552","C1","4A1",51.747556,-0.297312,"E37000048","","E23000027",14487,"E56000035","E54000025","E00120257","E01023677","E02007090"
"AL4 0EY","AL4  0EY","AL4 0EY","199812","","E10000015","E58000649","E07000240","E05013956","E43000290","0","517557","0206566","1","E18000006","E40000007","E92000001","E12000006","5","E14001507","E15000006","E24000005","E30000237","E16000150","E07000240","26UGGA","E00120242","26UGGA","E65000001","E01023677","E02004938","5","7A2","E00120242","E01023677","E02004938","E33027464","E38000079","E63011552","C1","4A1",51.745476,-0.298612,"E37000048","","E23000027",14487,"E56000035","E54000025","E00120242","E01023677","E02007090"
"AL4 0EZ","AL4  0EZ","AL4 0EZ","199906","","E10000015","E58000649","E07000240","E05013956","E43000290","0","517666","0206633","1","E18000006","E40000007","E92000001","E12000006","5","E14001507","E15000006","E24000005","E30000237","E16000150","E07000240","26UGGA","E00120256","26UGGA","E65000001","E01023677","E02004938","5","4D1","E00120256","E01023677","E02004938","E33027464","E38000079","E63011552","C1","5B1",51.746050,-0.297035,"E37000048","","E23000027",14487,"E56000035","E54000025","E00120256","E01023677","E02007090"
"AL4 0FA","AL4  0FA","AL4 0FA","200106","200408","E10000015","E58000664","E07000240","E05013956","E43000290","1","517328","0206823","1","E18000006","E40000007","E92000001","E12000006","5","E14001507","E15000006","E24000005","E30000237","E16000150","E07000240","26UGFX","E00120196","26UGFX","E65000001","E01023667","E02004936","5","6D1","E00120196","E01023667","E02004936","E33027453","E38000079","E63011552","C1","5A2",51.747828,-0.301865,"E37000048","","E23000027",30628,"E56000035","E54000025","E00120196","E01023667","E02004936"
"AL4 0FB","AL4  0FB","AL4 0FB","200112","200307","E10000015","E58000664","E07000240","E05013956","E43000290","1","517328","0206823","1","E18000006","E40000007","E92000001","E12000006","5","E14001507","E15000006","E24000005","E30000237","E16000150","E07000240","26UGFX","E00120196","26UGFX","E65000001","E01023667","E02004936","5","6D1","E00120196","E01023667","E02004936","E33027453","E38000079","E63011552","C1","5A2",51.747828,-0.301865,"E37000048","","E23000027",30628,"E56000035","E54000025","E00120196","E01023667","E02004936"
"AL4 0FD","AL4  0FD","AL4 0FD","200112","200607","E10000015","E58000664","E07000240","E05013956","E43000290","1","517328","0206823","1","E18000006","E40000007","E92000001","E12000006","5","E14001507","E15000006","E24000005","E30000237","E16000150","E07000240","26UGFX","E00120196","26UGFX","E65000001","E01023667","E02004936","5","6D1","E00120196","E01023667","E02004936","E33027453","E38000079","E63011552","C1","5A2",51.747828,-0.301865,"E37000048","","E23000027",30628,"E56000035","E54000025","E00120196","E01023667","E02004936"
"AL4 0FE","AL4  0FE","AL4 0FE","200112","","E10000015","E58000649","E07000240","E05013956","E43000290","0","517066","0205881","1","E18000006","E40000007","E92000001","E12000006","5","E14001507","E15000006","E24000005","E30000237","E16000150","E07000240","26UGGA","E00120247","26UGGA","E65000001","E01023678","E02004938","5","4A2","E00120247","E01023678","E02004938","E33027463","E38000079","E63011552","C1","5A2",51.739417,-0.305975,"E37000048","","E23000027",25970,"E56000035","E54000025","E00120247","E01023678","E02007090"
"AL4 0FF","AL4  0FF","AL4 0FF","200305","","E10000015","E58000649","E07000240","E05013956","E43000290","0","517548","0206707","1","E18000006","E40000007","E92000001","E12000006","5","E14001507","E15000006","E24000005","E30000237","E16000150","E07000240","26UGGA","E00120257","26UGGA","E65000001","E01023677","E02004938","5","7A2","E00120257","E01023677","E02004938","E33027464","E38000079","E63011552","C1","4A1",51.746745,-0.298695,"E37000048","","E23000027",14487,"E56000035","E54000025","E00120257","E01023677","E02007090"
"AL4 0FG","AL4  0FG","AL4 0FG","200305","","E10000015","E58000649","E07000240","E05013956","E43000290","0","517528","0206708","1","E18000006","E40000007","E92000001","E12000006","5","E14001507","E15000006","E24000005","E30000237","E16000150","E07000240","26UGGA","E00120242","26UGGA","E65000001","E01023677","E02004938","5","7A2","E00120242","E01023677","E02004938","E33027464","E38000079","E63011552","C1","4A1",51.746753,-0.299008,"E37000048","","E23000027",14487,"E56000035","E54000025","E00120242","E01023677","E02007090"
"AL4 0FH","AL4  0FH","AL4 0FH","200801","","E10000015","E58000618","E07000240","E05013950","E04013283","0","520188","0206844","1","E18000006","E40000007","E92000001","E12000006","5","E14001507","E15000006","E24000005","E30000237","E16000150","E07000240","26UGGA","E00120258","26UGGA","E65000001","E01023680","E02004938","7","3A2","E00120258","E01023680","E02004938","E33027465","E38000079","","E1","5A2",51.747411,-0.260450,"E37000048","","E23000027",25404,"E56000035","E54000025","E00120258","E01023680","E02007090"
"AL4 0FJ","AL4  0FJ","AL4 0FJ","200207","","E10000015","E58000649","E07000240","E05013956","E43000290","0","517565","0206832","1","E18000006","E40000007","E92000001","E12000006","5","E14001507","E15000006","E24000005","E30000237","E16000150","E07000240","26UGGA","E00120257","26UGGA","E65000001","E01023677","E02004938","5","7A2","E00120257","E01023677","E02004938","E33027464","E38000079","E63011552","C1","4A1",51.747865,-0.298407,"E37000048","","E23000027",14487,"E56000035","E54000025","E00120257","E01023677","E02007090"
"AL4 0FL","AL4  0FL","AL4 0FL","200210","","E10000015","E58000664","E07000240","E05013956","E43000290","0","517129","0208027","1","E18000006","E40000007","E92000001","E12000006","5","E14001507","E15000006","E24000005","E30000237","E16000150","E07000240","26UGFX","E00120181","26UGFX","E65000001","E01023668","E02004936","5","4C2","E00120181","E01023668","E02004936","E33027452","E38000079","E63011552","C1","6B1",51.758696,-0.304317,"E37000048","","E23000027",32371,"E56000035","E54000025","E00120181","E01023668","E02004936"
"AL4 0FN","AL4  0FN","AL4 0FN","201010","","E10000015","E58000649","E07000240","E05013956","E43000290","0","517591","0206200","1","E18000006","E40000007","E92000001","E12000006","5","E14001507","E15000006","E24000005","E30000237","E16000150","E07000240","26UGGA","E00120243","26UGGA","E65000001","E01023678","E02004938","5","4A2","E00120243","E01023678","E02004938","E33027463","E38000079","E63011552","C1","5A2",51.742174,-0.298267,"E37000048","","E23000027",25970,"E56000035","E54000025","E00120243","E01023678","E02007090"
"AL4 0FQ","AL4  0FQ","AL4 0FQ","201210","","E10000015","E58000649","E07000240","E05013956","E43000290","0","517609","0206965","1","E18000006","E40000007","E92000001","E12000006","5","E14001507","E15000006","E24000005","E30000237","E16000150","E07000240","26UGGA","E00120257","26UGGA","E65000001","E01023677","E02004938","5","7A2","E00120257","E01023677","E02004938","E33027464","E38000079","E63011552","C1","4A1",51.749046,-0.297748,"E37000048","","E23000027",14487,"E56000035","E54000025","E00120257","E01023677","E02007090"
"AL4 0FR","AL4  0FR","AL4 0FR","201111","","E10000015","E58000618","E07000240","E05013950","E04013283","0","519241","0208050","1","E18000006","E40000007","E92000001","E12000006","5","E14001507","E15000006","E24000005","E30000237","E16000150","E07000240","26UGGA","E00120252","26UGGA","E65000001","E01023680","E02004938","5","4D1","E00120252","E01023680","E02004938","E33027462","E38000079","E63011554","C1","5B1",51.758458,-0.273723,"E37000048","","E23000027",25404,"E56000035","E54000025","E00120252","E01023680","E02007090"
"AL4 0FS","AL4  0FS","AL4 0FS","201408","","E10000015","E58000618","E07000240","E05013950","E04013283","0","520962","0205742","1","E18000006","E40000007","E92000001","E12000006","5","E14001507","E15000006","E24000005","E30000237","E16000150","E07000240","26UGGA","E00120249","26UGGA","E65000001","E01023679","E02004938","5","5B2","E00120249","E01023679","E02004938","E33027461","E38000079","E63011582","C1","8C1",51.737347,-0.249604,"E37000048","","E23000027",19758,"E56000035","E54000025","E00120249","E01035581","E02007090"
"AL4 0FT","AL4  0FT","AL4 0FT","201409","","E10000015","E58000618","E07000240","E05013956","E43000290","0","518990","0207323","1","E18000006","E40000007","E92000001","E12000006","5","E14001507","E15000006","E24000005","E30000237","E16000150","E07000240","26UGGA","E00120248","26UGGA","E65000001","E01023678","E02004938","5","3C2","E00120248","E01023678","E02004938","E33024302","E38000079","E63011552","C1","5B3",51.751972,-0.277631,"E37000048","","E23000027",25970,"E56000035","E54000025","E00120248","E01023678","E02007090"
"AL4 0FU","AL4  0FU","AL4 0FU","201804","","E10000015","E58000618","E07000240","E05013950","E04013283","0","520916","0206119","1","E18000006","E40000007","E92000001","E12000006","5","E14001507","E15000006","E24000005","E30000237","E16000150","E07000240","26UGGA","E00120246","26UGGA","E65000001","E01023679","E02004938","5","4A2","E00120246","E01023679","E02004938","E33027461","E38000079","E63011582","C1","5A2",51.740745,-0.250139,"E37000048","","E23000027",19758,"E56000035","E54000025","E00189442","E01035581","E02007090"
"AL4 0FW","AL4  0FW","AL4 0FW","201901","","E10000015","E58000664","E07000240","E05013956","E43000290","0","517591","0207386","1","E18000006","E40000007","E92000001","E12000006","5","E14001507","E15000006","E24000005","E30000237","E16000150","E07000240","26UGFX","E00120185","26UGFX","E65000001","E01023664","E02004936","5","2B2","E00120185","E01023664","E02004936","E33027454","E38000079","E63011552","C1","4C3",51.752839,-0.297843,"E37000048","","E23000027",30060,"E56000035","E54000025","E00120185","E01023664","E02004936"
"AL4 0FX","AL4  0FX","AL4 0FX","201910","","E10000015","E58000664","E07000240","E05013956","E43000290","0","517538","0207410","1","E18000006","E40000007","E92000001","E12000006","5","E14001507","E15000006","E24000005","E30000237","E16000150","E07000240","26UGFX","E00120182","26UGFX","E65000001","E01023664","E02004936","5","4C3","E00120182","E01023664","E02004936","E33027452","E38000079","E63011552","C1","6A1",51.753065,-0.298602,"E37000048","","E23000027",30060,"E56000035","E54000025","E00120182","E01023664","E02004936"
"AL4 0FY","AL4  0FY","AL4 0FY","202007","","E10000015","E58000664","E07000240","E05013956","E43000290","0","517535","0207472","1","E18000006","E40000007","E92000001","E12000006","5","E14001507","E15000006","E24000005","E30000237","E16000150","E07000240","26UGFX","E00120182","26UGFX","E65000001","E01023664","E02004936","5","4C3","E00120182","E01023664","E02004936","E33027452","E38000079","E63011552","C1","6A1",51.753623,-0.298625,"E37000048","","E23000027",30060,"E56000035","E54000025","E00120182","E01023664","E02004936"
"AL4 0FZ","AL4  0FZ","AL4 0FZ","201905","","E10000015","E58000618","E07000240","E05013950","E04013283","0","518942","0205977","1","E18000006","E40000007","E92000001","E12000006","5","E14001507","E15000006","E24000005","E30000237","E16000150","E07000240","26UGGA","E00120248","26UGGA","E65000001","E01023678","E02004938","5","3C2","E00120248","E01023678","E02004938","E33024301","E38000079","","C1","5B3",51.739891,-0.278763,"E37000048","","E23000027",25970,"E56000035","E54000025","E00120248","E01023678","E02007090"
"AL4 0GA","AL4  0GA","AL4 0GA","200603","200903","E10000015","E58000664","E07000240","E05013956","E43000290","1","517328","0206823","1","E18000006","E40000007","E92000001","E12000006","5","E14001507","E15000006","E24000005","E30000237","E16000150","E07000240","26UGFX","E00120196","26UGFX","E65000001","E01023667","E02004936","5","6D1","E00120196","E01023667","E02004936","E33027453","E38000079","E63011552","C1","5A2",51.747828,-0.301865,"E37000048","","E23000027",30628,"E56000035","E54000025","E00120196","E01023667","E02004936"
"AL4 0GB","AL4  0GB","AL4 0GB","199806","","E10000015","E58000649","E07000240","E05013956","E43000290","0","517462","0206043","1","E18000006","E40000007","E92000001","E12000006","5","E14001507","E15000006","E24000005","E30000237","E16000150","E07000240","26UGGA","E00120247","26UGGA","E65000001","E01023678","E02004938","5","4A2","E00120247","E01023678","E02004938","E33027463","E38000079","E63011552","C1","5A2",51.740790,-0.300188,"E37000048","","E23000027",25970,"E56000035","E54000025","E00120247","E01023678","E02007090"
"AL4 0GD","AL4  0GD","AL4 0GD","199806","","E10000015","E58000649","E07000240","E05013956","E43000290","0","517534","0206050","1","E18000006","E40000007","E92000001","E12000006","5","E14001507","E15000006","E24000005","E30000237","E16000150","E07000240","26UGGA","E00120247","26UGGA","E65000001","E01023678","E02004938","5","4A2","E00120247","E01023678","E02004938","E33027463","E38000079","E63011552","C1","5A2",51.740838,-0.299143,"E37000048","","E23000027",25970,"E56000035","E54000025","E00120247","E01023678","E02007090"
"AL4 0GE","AL4  0GE","AL4 0GE","199806","","E10000015","E58000649","E07000240","E05013956","E43000290","0","517453","0206015","1","E18000006","E40000007","E92000001","E12000006","5","E14001507","E15000006","E24000005","E30000237","E16000150","E07000240","26UGGA","E00120247","26UGGA","E65000001","E01023678","E02004938","5","4A2","E00120247","E01023678","E02004938","E33027463","E38000079","E63011552","C1","5A2",51.740541,-0.300327,"E37000048","","E23000027",25970,"E56000035","E54000025","E00120247","E01023678","E02007090"
"AL4 0GF","AL4  0GF","AL4 0GF","199806","","E10000015","E58000649","E07000240","E05013956","E43000290","0","517440","0205961","1","E18000006","E40000007","E92000001","E12000006","5","E14001507","E15000006","E24000005","E30000237","E16000150","E07000240","26UGGA","E00120247","26UGGA","E65000001","E01023678","E02004938","5","4A2","E00120247","E01023678","E02004938","E33027463","E38000079","E63011552","C1","5A2",51.740058,-0.300534,"E37000048","","E23000027",25970,"E56000035","E54000025","E00120247","E01023678","E02007090"
"AL4 0GG","AL4  0GG","AL4 0GG","199806","","E10000015","E58000649","E07000240","E05013956","E43000290","0","517403","0205924","1","E18000006","E40000007","E92000001","E12000006","5","E14001507","E15000006","E24000005","E30000237","E16000150","E07000240","26UGGA","E00120247","26UGGA","E65000001","E01023678","E02004938","5","4A2","E00120247","E01023678","E02004938","E33027463","E38000079","E63011552","C1","5A2",51.739733,-0.301082,"E37000048","","E23000027",25970,"E56000035","E54000025","E00120247","E01023678","E02007090"
"AL4 0GH","AL4  0GH","AL4 0GH","199806","","E10000015","E58000649","E07000240","E05013956","E43000290","0","517400","0206053","1","E18000006","E40000007","E92000001","E12000006","5","E14001507","E15000006","E24000005","E30000237","E16000150","E07000240","26UGGA","E00120247","26UGGA","E65000001","E01023678","E02004938","5","4A2","E00120247","E01023678","E02004938","E33027463","E38000079","E63011552","C1","5A2",51.740893,-0.301082,"E37000048","","E23000027",25970,"E56000035","E54000025","E00120247","E01023678","E02007090"
"AL4 0GJ","AL4  0GJ","AL4 0GJ","199612","199812","E10000015","E58000618","E07000240","E05013950","E04013283","1","518589","0206855","6","E18000006","E40000007","E92000001","E12000006","5","E14001507","E15000006","E24000005","E30000237","E16000150","E07000240","26UGGA","E00120248","26UGGA","E65000001","E01023678","E02004938","5","3C2","E00120248","E01023678","E02004938","E33024301","E38000079","E63011552","C1","5B3",51.747851,-0.283597,"E37000048","","E23000027",25970,"E56000035","E54000025","E00120248","E01023678","E02007090"
"AL4 0GL","AL4  0GL","AL4 0GL","199806","","E10000015","E58000649","E07000240","E05013956","E43000290","0","517358","0205913","1","E18000006","E40000007","E92000001","E12000006","5","E14001507","E15000006","E24000005","E30000237","E16000150","E07000240","26UGGA","E00120247","26UGGA","E65000001","E01023678","E02004938","5","4A2","E00120247","E01023678","E02004938","E33027463","E38000079","E63011552","C1","5A2",51.739644,-0.301737,"E37000048","","E23000027",25970,"E56000035","E54000025","E00120247","E01023678","E02007090"
"AL4 0GN","AL4  0GN","AL4 0GN","199806","","E10000015","E58000649","E07000240","E05013956","E43000290","0","517359","0206060","1","E18000006","E40000007","E92000001","E12000006","5","E14001507","E15000006","E24000005","E30000237","E16000150","E07000240","26UGGA","E00120247","26UGGA","E65000001","E01023678","E02004938","5","4A2","E00120247","E01023678","E02004938","E33027463","E38000079","E63011552","C1","5A2",51.740965,-0.301673,"E37000048","","E23000027",25970,"E56000035","E54000025","E00120247","E01023678","E02007090"
"AL4 0GP","AL4  0GP","AL4 0GP","199806","","E10000015","E58000649","E07000240","E05013956","E43000290","0","517345","0205937","1","E18000006","E40000007","E92000001","E12000006","5","E14001507","E15000006","E24000005","E30000237","E16000150","E07000240","26UGGA","E00120247","26UGGA","E65000001","E01023678","E02004938","5","4A2","E00120247","E01023678","E02004938","E33027463","E38000079","E63011552","C1","5A2",51.739862,-0.301917,"E37000048","","E23000027",25970,"E56000035","E54000025","E00120247","E01023678","E02007090"
"AL4 0GQ","AL4  0GQ","AL4 0GQ","199806","","E10000015","E58000649","E07000240","E05013956","E43000290","0","517334","0205971","1","E18000006","E40000007","E92000001","E12000006","5","E14001507","E15000006","E24000005","E30000237","E16000150","E07000240","26UGGA","E00120247","26UGGA","E65000001","E01023678","E02004938","5","4A2","E00120247","E01023678","E02004938","E33027463","E38000079","E63011552","C1","5A2",51.740170,-0.302065,"E37000048","","E23000027",25970,"E56000035","E54000025","E00120247","E01023678","E02007090"
"AL4 0GR","AL4  0GR","AL4 0GR","199912","","E10000015","E58000649","E07000240","E05013956","E43000290","0","517321","0205899","1","E18000006","E40000007","E92000001","E12000006","5","E14001507","E15000006","E24000005","E30000237","E16000150","E07000240","26UGGA","E00120247","26UGGA","E65000001","E01023678","E02004938","5","4A2","E00120247","E01023678","E02004938","E33027463","E38000079","E63011552","C1","5A2",51.739526,-0.302277,"E37000048","","E23000027",25970,"E56000035","E54000025","E00120247","E01023678","E02007090"
"AL4 0GS","AL4  0GS","AL4 0GS","199906","","E10000015","E58000649","E07000240","E05013956","E43000290","0","517264","0205958","1","E18000006","E40000007","E92000001","E12000006","5","E14001507","E15000006","E24000005","E30000237","E16000150","E07000240","26UGGA","E00120247","26UGGA","E65000001","E01023678","E02004938","5","4A2","E00120247","E01023678","E02004938","E33027463","E38000079","E63011552","C1","5A2",51.740068,-0.303083,"E37000048","","E23000027",25970,"E56000035","E54000025","E00120247","E01023678","E02007090"
"AL4 0GT","AL4  0GT","AL4 0GT","199906","","E10000015","E58000649","E07000240","E05013956","E43000290","0","517238","0205983","1","E18000006","E40000007","E92000001","E12000006","5","E14001507","E15000006","E24000005","E30000237","E16000150","E07000240","26UGGA","E00120243","26UGGA","E65000001","E01023678","E02004938","5","4A2","E00120243","E01023678","E02004938","E33027463","E38000079","E63011552","C1","5A2",51.740298,-0.303451,"E37000048","","E23000027",25970,"E56000035","E54000025","E00120243","E01023678","E02007090"
"AL4 0GU","AL4  0GU","AL4 0GU","199906","","E10000015","E58000649","E07000240","E05013956","E43000290","0","517310","0206048","1","E18000006","E40000007","E92000001","E12000006","5","E14001507","E15000006","E24000005","E30000237","E16000150","E07000240","26UGGA","E00120247","26UGGA","E65000001","E01023678","E02004938","5","4A2","E00120247","E01023678","E02004938","E33027463","E38000079","E63011552","C1","5A2",51.740867,-0.302386,"E37000048","","E23000027",25970,"E56000035","E54000025","E00120247","E01023678","E02007090"
"AL4 0GW","AL4  0GW","AL4 0GW","199912","","E10000015","E58000649","E07000240","E05013956","E43000290","0","517300","0206081","1","E18000006","E40000007","E92000001","E12000006","5","E14001507","E15000006","E24000005","E30000237","E16000150","E07000240","26UGGA","E00120243","26UGGA","E65000001","E01023678","E02004938","5","4A2","E00120243","E01023678","E02004938","E33027463","E38000079","E63011552","C1","5A2",51.741171,-0.302497,"E37000048","","E23000027",25970,"E56000035","E54000025","E00120243","E01023678","E02007090"
"AL4 0GX","AL4  0GX","AL4 0GX","199912","","E10000015","E58000649","E07000240","E05013956","E43000290","0","517355","0206107","1","E18000006","E40000007","E92000001","E12000006","5","E14001507","E15000006","E24000005","E30000237","E16000150","E07000240","26UGGA","E00120243","26UGGA","E65000001","E01023678","E02004938","5","4A2","E00120243","E01023678","E02004938","E33027463","E38000079","E63011552","C1","5A2",51.741388,-0.301715,"E37000048","","E23000027",25970,"E56000035","E54000025","E00120243","E01023678","E02007090"
"AL4 0GY","AL4  0GY","AL4 0GY","200006","","E10000015","E58000649","E07000240","E05013956","E43000290","0","517388","0206167","1","E18000006","E40000007","E92000001","E12000006","5","E14001507","E15000006","E24000005","E30000237","E16000150","E07000240","26UGGA","E00120243","26UGGA","E65000001","E01023678","E02004938","5","4A2","E00120243","E01023678","E02004938","E33027463","E38000079","E63011552","C1","5A2",51.741920,-0.301217,"E37000048","","E23000027",25970,"E56000035","E54000025","E00120243","E01023678","E02007090"
"AL4 0GZ","AL4  0GZ","AL4 0GZ","199812","199912","E10000015","E58000663","E07000240","E05013949","E43000290","1","516900","0208000","8","E18000006","E40000007","E92000001","E12000006","5","E14001507","E15000006","E24000005","E30000237","E16000150","E07000240","26UGFZ","E00120229","26UGFZ","E65000001","E01023673","E02004933","5","4C3","E00120229","E01023673","E02004933","E33027438","E38000079","E63011552","C1","6B1",51.758496,-0.307666,"E37000048","","E23000027",32064,"E56000035","E54000025","E00120229","E01023673","E02004933"
"AL4 0HA","AL4  0HA","AL4 0HA","198001","","E10000015","E58000618","E07000240","E05013950","E04013283","0","519622","0207610","1","E18000006","E40000007","E92000001","E12000006","5","E14001507","E15000006","E24000005","E30000237","E16000150","E07000240","26UGGA","E00120253","26UGGA","E65000001","E01023680","E02004938","5","3A2","E00120253","E01023680","E02004938","E33027465","E38000079","E63011554","C1","4A2",51.754417,-0.268381,"E37000048","","E23000027",25404,"E56000035","E54000025","E00120253","E01023680","E02007090"
"AL4 0HB","AL4  0HB","AL4 0HB","198001","","E10000015","E58000618","E07000240","E05013950","E04013283","0","519760","0207424","1","E18000006","E40000007","E92000001","E12000006","5","E14001507","E15000006","E24000005","E30000237","E16000150","E07000240","26UGGA","E00120253","26UGGA","E65000001","E01023680","E02004938","5","3A2","E00120253","E01023680","E02004938","E33027465","E38000079","E63011554","C1","4A2",51.752715,-0.266447,"E37000048","","E23000027",25404,"E56000035","E54000025","E00120253","E01023680","E02007090"
"AL4 0HD","AL4  0HD","AL4 0HD","198001","","E10000015","E58000618","E07000240","E05013950","E04013283","0","519649","0207516","1","E18000006","E40000007","E92000001","E12000006","5","E14001507","E15000006","E24000005","E30000237","E16000150","E07000240","26UGGA","E00120253","26UGGA","E65000001","E01023680","E02004938","5","3A2","E00120253","E01023680","E02004938","E33027465","E38000079","E63011554","C1","4A2",51.753566,-0.268022,"E37000048","","E23000027",25404,"E56000035","E54000025","E00120253","E01023680","E02007090"
"AL4 0HE","AL4  0HE","AL4 0HE","198001","","E10000015","E58000618","E07000240","E05013950","E04013283","1","519497","0207434","1","E18000006","E40000007","E92000001","E12000006","5","E14001507","E15000006","E24000005","E30000237","E16000150","E07000240","26UGGA","E00120253","26UGGA","E65000001","E01023680","E02004938","5","3A2","E00120253","E01023680","E02004938","E33027465","E38000079","E63011554","C1","4A2",51.752861,-0.270252,"E37000048","","E23000027",25404,"E56000035","E54000025","E00120253","E01023680","E02007090"
"AL4 0HF","AL4  0HF","AL4 0HF","198001","","E10000015","E58000618","E07000240","E05013950","E04013283","0","519529","0207171","1","E18000006","E40000007","E92000001","E12000006","5","E14001507","E15000006","E24000005","E30000237","E16000150","E07000240","26UGGA","E00120253","26UGGA","E65000001","E01023680","E02004938","5","3A2","E00120253","E01023680","E02004938","E33027465","E38000079","E63011554","C1","4A2",51.750491,-0.269879,"E37000048","","E23000027",25404,"E56000035","E54000025","E00120253","E01023680","E02007090"
"AL4 0HG","AL4  0HG","AL4 0HG","198001","","E10000015","E58000618","E07000240","E05013950","E04013283","0","520208","0207688","1","E18000006","E40000007","E92000001","E12000006","5","E14001507","E15000006","E24000005","E30000237","E16000150","E07000240","26UGGA","E00120253","26UGGA","E65000001","E01023680","E02004938","5","3A2","E00120253","E01023680","E02004938","E33027465","E38000079","","C1","4A2",51.754998,-0.259845,"E37000048","","E23000027",25404,"E56000035","E54000025","E00120253","E01023680","E02007090"
"AL4 0HH","AL4  0HH","AL4 0HH","198001","","E10000015","E58000618","E07000240","E05013950","E04013283","0","519893","0207418","1","E18000006","E40000007","E92000001","E12000006","5","E14001507","E15000006","E24000005","E30000237","E16000150","E07000240","26UGGA","E00120253","26UGGA","E65000001","E01023680","E02004938","5","3A2","E00120253","E01023680","E02004938","E33027465","E38000079","E63011554","C1","4A2",51.752633,-0.264523,"E37000048","","E23000027",25404,"E56000035","E54000025","E00120253","E01023680","E02007090"
"AL4 0HJ","AL4  0HJ","AL4 0HJ","198001","","E10000015","E58000618","E07000240","E05013950","E04013283","0","519905","0207467","1","E18000006","E40000007","E92000001","E12000006","5","E14001507","E15000006","E24000005","E30000237","E16000150","E07000240","26UGGA","E00120253","26UGGA","E65000001","E01023680","E02004938","5","3A2","E00120253","E01023680","E02004938","E33027465","E38000079","E63011554","C1","4A2",51.753076,-0.264309,"E37000048","","E23000027",25404,"E56000035","E54000025","E00120253","E01023680","E02007090"
"AL4 0HL","AL4  0HL","AL4 0HL","198001","","E10000015","E58000618","E07000240","E05013950","E04013283","0","519481","0207684","1","E18000006","E40000007","E92000001","E12000006","5","E14001507","E15000006","E24000005","E30000237","E16000150","E07000240","26UGGA","E00120252","26UGGA","E65000001","E01023680","E02004938","5","4D1","E00120252","E01023680","E02004938","E33027462","E38000079","E63011554","C1","5B1",51.755112,-0.270397,"E37000048","","E23000027",25404,"E56000035","E54000025","E00120252","E01023680","E02007090"
"AL4 0HN","AL4  0HN","AL4 0HN","198001","","E10000015","E58000618","E07000240","E05013950","E04013283","1","519689","0207786","1","E18000006","E40000007","E92000001","E12000006","5","E14001507","E15000006","E24000005","E30000237","E16000150","E07000240","26UGGA","E00120252","26UGGA","E65000001","E01023680","E02004938","5","4D1","E00120252","E01023680","E02004938","E33027462","E38000079","E63011554","C1","5B1",51.755989,-0.267327,"E37000048","","E23000027",25404,"E56000035","E54000025","E00120252","E01023680","E02007090"
"AL4 0HP","AL4  0HP","AL4 0HP","198001","","E10000015","E58000618","E07000240","E05013950","E04013283","0","519641","0207686","1","E18000006","E40000007","E92000001","E12000006","5","E14001507","E15000006","E24000005","E30000237","E16000150","E07000240","26UGGA","E00120253","26UGGA","E65000001","E01023680","E02004938","5","3A2","E00120253","E01023680","E02004938","E33027465","E38000079","E63011554","C1","4A2",51.755101,-0.268056,"E37000048","","E23000027",25404,"E56000035","E54000025","E00120253","E01023680","E02007090"
"AL4 0HQ","AL4  0HQ","AL4 0HQ","198001","","E10000015","E58000618","E07000240","E05013950","E04013283","0","519920","0207363","1","E18000006","E40000007","E92000001","E12000006","5","E14001507","E15000006","E24000005","E30000237","E16000150","E07000240","26UGGA","E00120253","26UGGA","E65000001","E01023680","E02004938","5","3A2","E00120253","E01023680","E02004938","E33027465","E38000079","E63011554","C1","4A2",51.752138,-0.264128,"E37000048","","E23000027",25404,"E56000035","E54000025","E00120253","E01023680","E02007090"
"AL4 0HR","AL4  0HR","AL4 0HR","198001","","E10000015","E58000618","E07000240","E05013950","E04013283","0","519428","0207793","1","E18000006","E40000007","E92000001","E12000006","5","E14001507","E15000006","E24000005","E30000237","E16000150","E07000240","26UGGA","E00120253","26UGGA","E65000001","E01023680","E02004938","5","3A2","E00120253","E01023680","E02004938","E33027465","E38000079","E63011554","C1","4A2",51.756108,-0.271104,"E37000048","","E23000027",25404,"E56000035","E54000025","E00120253","E01023680","E02007090"
"AL4 0HS","AL4  0HS","AL4 0HS","198001","","E10000015","E58000618","E07000240","E05013950","E04013283","0","519286","0207979","1","E18000006","E40000007","E92000001","E12000006","5","E14001507","E15000006","E24000005","E30000237","E16000150","E07000240","26UGGA","E00120252","26UGGA","E65000001","E01023680","E02004938","5","4D1","E00120252","E01023680","E02004938","E33027462","E38000079","E63011554","C1","5B1",51.757810,-0.273096,"E37000048","","E23000027",25404,"E56000035","E54000025","E00120252","E01023680","E02007090"
"AL4 0HT","AL4  0HT","AL4 0HT","198001","","E10000015","E58000618","E07000240","E05013950","E04013283","0","518860","0208420","1","E18000006","E40000007","E92000001","E12000006","5","E14001507","E15000006","E24000005","E30000237","E16000150","E07000240","26UGGA","E00120252","26UGGA","E65000001","E01023680","E02004938","5","4D1","E00120252","E01023680","E02004938","E33027462","E38000079","","C1","5B1",51.761864,-0.279114,"E37000048","","E23000027",25404,"E56000035","E54000025","E00120252","E01023680","E02007090"
"AL4 0HU","AL4  0HU","AL4 0HU","202007","","E10000015","E58000618","E07000240","E05013950","E04013283","0","519104","0207960","1","E18000006","E40000007","E92000001","E12000006","5","E14001507","E15000006","E24000005","E30000237","E16000150","E07000240","26UGGA","E00120252","26UGGA","E65000001","E01023680","E02004938","5","4D1","E00120252","E01023680","E02004938","E33027462","E38000079","E63011554","C1","5B1",51.757678,-0.275738,"E37000048","","E23000027",25404,"E56000035","E54000025","E00120252","E01023680","E02007090"
"AL4 0HW","AL4  0HW","AL4 0HW","198001","","E10000015","E58000618","E07000240","E05013950","E04013283","0","520094","0207987","1","E18000006","E40000007","E92000001","E12000006","5","E14001507","E15000006","E24000005","E30000237","E16000150","E07000240","26UGGA","E00120252","26UGGA","E65000001","E01023680","E02004938","5","4D1","E00120252","E01023680","E02004938","E33027462","E38000079","","C1","5B1",51.757709,-0.261392,"E37000048","","E23000027",25404,"E56000035","E54000025","E00120252","E01023680","E02007090"
"AL4 0HX","AL4  0HX","AL4 0HX","198001","","E10000015","E58000618","E07000240","E05013950","E04013283","0","518947","0207871","1","E18000006","E40000007","E92000001","E12000006","5","E14001507","E15000006","E24000005","E30000237","E16000150","E07000240","26UGGA","E00120252","26UGGA","E65000001","E01023680","E02004938","5","4D1","E00120252","E01023680","E02004938","E33027462","E38000079","E63011554","C1","5B1",51.756906,-0.278066,"E37000048","","E23000027",25404,"E56000035","E54000025","E00120252","E01023680","E02007090"
"AL4 0HY","AL4  0HY","AL4 0HY","198001","","E10000015","E58000618","E07000240","E05013956","E43000290","0","518529","0207816","1","E18000006","E40000007","E92000001","E12000006","5","E14001507","E15000006","E24000005","E30000237","E16000150","E07000240","26UGGA","E00120252","26UGGA","E65000001","E01023680","E02004938","5","4D1","E00120252","E01023680","E02004938","E33027462","E38000079","E63011552","C1","5B1",51.756500,-0.284138,"E37000048","","E23000027",25404,"E56000035","E54000025","E00120252","E01023680","E02007090"
"AL4 0HZ","AL4  0HZ","AL4 0HZ","198001","","E10000015","E58000618","E07000240","E05013956","E43000290","0","518285","0207748","1","E18000006","E40000007","E92000001","E12000006","5","E14001507","E15000006","E24000005","E30000237","E16000150","E07000240","26UGGA","E00120252","26UGGA","E65000001","E01023680","E02004938","5","4D1","E00120252","E01023680","E02004938","E33027462","E38000079","E63011552","C1","5B1",51.755940,-0.287695,"E37000048","","E23000027",25404,"E56000035","E54000025","E00120252","E01023680","E02007090"
"AL4 0JA","AL4  0JA","AL4 0JA","198001","","E10000015","E58000618","E07000240","E05013956","E43000290","1","518252","0207701","1","E18000006","E40000007","E92000001","E12000006","5","E14001507","E15000006","E24000005","E30000237","E16000150","E07000240","26UGGA","E00120252","26UGGA","E65000001","E01023680","E02004938","5","4D1","E00120252","E01023680","E02004938","E33027462","E38000079","E63011552","C1","5B1",51.755525,-0.288188,"E37000048","","E23000027",25404,"E56000035","E54000025","E00120252","E01023680","E02007090"
"AL4 0JB","AL4  0JB","AL4 0JB","202203","","E10000015","E58000618","E07000240","E05013950","E04013283","0","519396","0208030","1","E18000006","E40000007","E92000001","E12000006","5","E14001507","E15000006","E24000005","E30000237","E16000150","E07000240","26UGGA","E00120252","26UGGA","E65000001","E01023680","E02004938","5","4D1","E00120252","E01023680","E02004938","E33027462","E38000079","E63011554","C1","5B1",51.758245,-0.271485,"E37000048","","E23000027",25404,"E56000035","E54000025","E00120252","E01023680","E02007090"
"AL4 0JD","AL4  0JD","AL4 0JD","198001","202103","E10000015","E58000618","E07000240","E05013956","E43000290","0","518174","0207823","1","E18000006","E40000007","E92000001","E12000006","5","E14001507","E15000006","E24000005","E30000237","E16000150","E07000240","26UGGA","E00120252","26UGGA","E65000001","E01023680","E02004938","5","4D1","E00120252","E01023680","E02004938","E33027462","E38000079","E63011552","C1","5B1",51.756643,-0.289253,"E37000048","","E23000027",25404,"E56000035","E54000025","E00120252","E01023680","E02007090"
"AL4 0JE","AL4  0JE","AL4 0JE","198001","","E10000015","E58000618","E07000240","E05015801","E04013286","0","518176","0208497","1","E18000006","E40000007","E92000001","E12000006","5","E14001507","E15000006","E24000005","E30000237","E16000150","E07000240","26UGGH","E00120410","26UGGH","E65000001","E01023712","E02004931","5","7B1","E00120410","E01023712","E02004931","E33027431","E38000079","E63011552","C1","7A3",51.762695,-0.289019,"E37000048","","E23000027",26281,"E56000035","E54000025","E00120410","E01023712","E02004931"
"AL4 0JF","AL4  0JF","AL4 0JF","198106","","E10000015","E58000618","E07000240","E05013950","E04013283","0","519876","0207332","1","E18000006","E40000007","E92000001","E12000006","5","E14001507","E15000006","E24000005","E30000237","E16000150","E07000240","26UGGA","E00120253","26UGGA","E65000001","E01023680","E02004938","5","3A2","E00120253","E01023680","E02004938","E33027465","E38000079","E63011554","C1","4A2",51.751864,-0.264799,"E37000048","","E23000027",25404,"E56000035","E54000025","E00120253","E01023680","E02007090"
"AL4 0JG","AL4  0JG","AL4 0JG","199912","","E10000015","E58000664","E07000240","E05013956","E43000290","0","517740","0207081","1","E18000006","E40000007","E92000001","E12000006","5","E14001507","E15000006","E24000005","E30000237","E16000150","E07000240","26UGFX","E00120187","26UGFX","E65000001","E01023664","E02004936","5","6D1","E00120187","E01023664","E02004936","E33027454","E38000079","E63011552","C1","5A2",51.750061,-0.295812,"E37000048","","E23000027",30060,"E56000035","E54000025","E00120187","E01023664","E02004936"
"AL4 0JH","AL4  0JH","AL4 0JH","199912","","E10000015","E58000649","E07000240","E05013956","E43000290","0","517419","0206247","1","E18000006","E40000007","E92000001","E12000006","5","E14001507","E15000006","E24000005","E30000237","E16000150","E07000240","26UGGA","E00120259","26UGGA","E65000001","E01023678","E02004938","5","4A2","E00120259","E01023678","E02004938","E33027463","E38000079","E63011552","C1","4C1",51.742633,-0.300741,"E37000048","","E23000027",25970,"E56000035","E54000025","E00120259","E01023678","E02007090"
"AL4 0JJ","AL4  0JJ","AL4 0JJ","198402","","E10000015","E58000618","E07000240","E05013956","E43000290","0","518736","0207079","1","E18000006","E40000007","E92000001","E12000006","5","E14001507","E15000006","E24000005","E30000237","E16000150","E07000240","26UGGA","E00120248","26UGGA","E65000001","E01023678","E02004938","5","3C2","E00120248","E01023678","E02004938","E33024301","E38000079","E63011552","C1","5B3",51.749838,-0.281368,"E37000048","","E23000027",25970,"E56000035","E54000025","E00120248","E01023678","E02007090"
"AL4 0JL","AL4  0JL","AL4 0JL","198307","200211","E10000015","E58000618","E07000240","E05013956","E43000290","1","518993","0207254","1","E18000006","E40000007","E92000001","E12000006","5","E14001507","E15000006","E24000005","E30000237","E16000150","E07000240","26UGGA","E00120248","26UGGA","E65000001","E01023678","E02004938","5","3C2","E00120248","E01023678","E02004938","E33024302","E38000079","E63011552","C1","5B3",51.751351,-0.277611,"E37000048","","E23000027",25970,"E56000035","E54000025","E00120248","E01023678","E02007090"
"AL4 0JN","AL4  0JN","AL4 0JN","198001","199906","E10000015","E58000664","E07000240","E05013956","E43000290","1","517620","0207070","3","E18000006","E40000007","E92000001","E12000006","5","E14001507","E15000006","E24000005","E30000237","E16000150","E07000240","26UGFX","E00120189","26UGFX","E65000001","E01023664","E02004936","5","4A2","E00120189","E01023664","E02004936","E33027454","E38000079","E63011552","C1","5A2",51.749987,-0.297554,"E37000048","","E23000027",30060,"E56000035","E54000025","E00120189","E01023664","E02004936"
"AL4 0JP","AL4  0JP","AL4 0JP","200012","","E10000015","E58000649","E07000240","E05013956","E43000290","0","517350","0206221","1","E18000006","E40000007","E92000001","E12000006","5","E14001507","E15000006","E24000005","E30000237","E16000150","E07000240","26UGGA","E00120259","26UGGA","E65000001","E01023678","E02004938","5","4A2","E00120259","E01023678","E02004938","E33027463","E38000079","E63011552","C1","4C1",51.742413,-0.301749,"E37000048","","E23000027",25970,"E56000035","E54000025","E00120259","E01023678","E02007090"
"AL4 0JQ","AL4  0JQ","AL4 0JQ","200112","","E10000015","E58000649","E07000240","E05013956","E43000290","0","517478","0206756","1","E18000006","E40000007","E92000001","E12000006","5","E14001507","E15000006","E24000005","E30000237","E16000150","E07000240","26UGGA","E00120242","26UGGA","E65000001","E01023677","E02004938","5","7A2","E00120242","E01023677","E02004938","E33027464","E38000079","E63011552","C1","4A1",51.747195,-0.299716,"E37000048","","E23000027",14487,"E56000035","E54000025","E00120242","E01023677","E02007090"
"AL4 0JR","AL4  0JR","AL4 0JR","199208","199405","E10000015","E58000618","E07000240","E05013956","E43000290","1","518700","0207200","8","E18000006","E40000007","E92000001","E12000006","5","E14001507","E15000006","E24000005","E30000237","E16000150","E07000240","26UGGA","E00120248","26UGGA","E65000001","E01023678","E02004938","5","3C2","E00120248","E01023678","E02004938","E33024302","E38000079","E63011552","C1","5B3",51.750928,-0.281872,"E37000048","","E23000027",25970,"E56000035","E54000025","E00120248","E01023678","E02007090"
"AL4 0JS","AL4  0JS","AL4 0JS","199208","199507","E10000015","E58000618","E07000240","E05013956","E43000290","1","518900","0207200","8","E18000006","E40000007","E92000001","E12000006","5","E14001507","E15000006","E24000005","E30000237","E16000150","E07000240","26UGGA","E00120248","26UGGA","E65000001","E01023678","E02004938","5","3C2","E00120248","E01023678","E02004938","E33024302","E38000079","E63011552","C1","5B3",51.750885,-0.278976,"E37000048","","E23000027",25970,"E56000035","E54000025","E00120248","E01023678","E02007090"
"AL4 0JT","AL4  0JT","AL4 0JT","199906","202406","E10000015","E58000618","E07000240","E05013956","E43000290","1","518884","0207234","1","E18000006","E40000007","E92000001","E12000006","5","E14001507","E15000006","E24000005","E30000237","E16000150","E07000240","26UGGA","E00120248","26UGGA","E65000001","E01023678","E02004938","5","3C2","E00120248","E01023678","E02004938","E33024302","E38000079","E63011552","C1","5B3",51.751194,-0.279196,"E37000048","","E23000027",25970,"E56000035","E54000025","E00120248","E01023678","E02007090"
"AL4 0JU","AL4  0JU","AL4 0JU","198001","199906","E10000015","E58000618","E07000240","E05013956","E43000290","1","518979","0207319","1","E18000006","E40000007","E92000001","E12000006","5","E14001507","E15000006","E24000005","E30000237","E16000150","E07000240","26UGGA","E00120248","26UGGA","E65000001","E01023678","E02004938","5","3C2","E00120248","E01023678","E02004938","E33024302","E38000079","E63011552","C1","5B3",51.751938,-0.277791,"E37000048","","E23000027",25970,"E56000035","E54000025","E00120248","E01023678","E02007090"
"AL4 0JW","AL4  0JW","AL4 0JW","199208","199512","E10000015","E58000664","E07000240","E05013956","E43000290","1","518000","0207100","8","E18000006","E40000007","E92000001","E12000006","5","E14001507","E15000006","E24000005","E30000237","E16000150","E07000240","26UGFX","E00120187","26UGFX","E65000001","E01023664","E02004936","5","6D1","E00120187","E01023664","E02004936","E33027454","E38000079","E63011552","C1","5A2",51.750177,-0.292041,"E37000048","","E23000027",30060,"E56000035","E54000025","E00120187","E01023664","E02004936"
"AL4 0JX","AL4  0JX","AL4 0JX","200801","202402","E10000015","E58000618","E07000240","E05013956","E43000290","1","518621","0207091","1","E18000006","E40000007","E92000001","E12000006","5","E14001507","E15000006","E24000005","E30000237","E16000150","E07000240","26UGGA","E00120248","26UGGA","E65000001","E01023678","E02004938","5","3C2","E00120248","E01023678","E02004938","E33024302","E38000079","E63011552","C1","5B3",51.749965,-0.283053,"E37000048","","E23000027",25970,"E56000035","E54000025","E00120248","E01023678","E02007090"
"AL4 0JY","AL4  0JY","AL4 0JY","198001","","E10000015","E58000618","E07000240","E05013956","E43000290","0","518977","0207168","1","E18000006","E40000007","E92000001","E12000006","5","E14001507","E15000006","E24000005","E30000237","E16000150","E07000240","26UGGA","E00120248","26UGGA","E65000001","E01023678","E02004938","5","3C2","E00120248","E01023678","E02004938","E33024302","E38000079","E63011552","C1","5B3",51.750587,-0.277848,"E37000048","","E23000027",25970,"E56000035","E54000025","E00120248","E01023678","E02007090"
"AL4 0JZ","AL4  0JZ","AL4 0JZ","198001","","E10000015","E58000618","E07000240","E05013956","E43000290","1","519032","0207179","1","E18000006","E40000007","E92000001","E12000006","5","E14001507","E15000006","E24000005","E30000237","E16000150","E07000240","26UGGA","E00120248","26UGGA","E65000001","E01023678","E02004938","5","3C2","E00120248","E01023678","E02004938","E33024302","E38000079","E63011552","C1","5B3",51.750669,-0.277072,"E37000048","","E23000027",25970,"E56000035","E54000025","E00120248","E01023678","E02007090"
"AL4 0LA","AL4  0LA","AL4 0LA","199109","","E10000015","E58000618","E07000240","E05013956","E43000290","0","518814","0207113","1","E18000006","E40000007","E92000001","E12000006","5","E14001507","E15000006","E24000005","E30000237","E16000150","E07000240","26UGGA","E00120248","26UGGA","E65000001","E01023678","E02004938","5","3C2","E00120248","E01023678","E02004938","E33024301","E38000079","E63011552","C1","5B3",51.750122,-0.280251,"E37000048","","E23000027",25970,"E56000035","E54000025","E00120248","E01023678","E02007090"
"AL4 0LB","AL4  0LB","AL4 0LB","198001","","E10000015","E58000618","E07000240","E05013956","E43000290","0","519245","0207225","1","E18000006","E40000007","E92000001","E12000006","5","E14001507","E15000006","E24000005","E30000237","E16000150","E07000240","26UGGA","E00120253","26UGGA","E65000001","E01023680","E02004938","5","3A2","E00120253","E01023680","E02004938","E33027465","E38000079","E63011552","C1","4A2",51.751042,-0.273949,"E37000048","","E23000027",25404,"E56000035","E54000025","E00120253","E01023680","E02007090"
"AL4 0LD","AL4  0LD","AL4 0LD","201909","","E10000015","E58000618","E07000240","E05015801","E04013286","0","517429","0208168","1","E18000006","E40000007","E92000001","E12000006","5","E14001507","E15000006","E24000005","E30000237","E16000150","E07000240","26UGGH","E00120409","26UGGH","E65000001","E01023712","E02004931","5","4D1","E00120409","E01023712","E02004931","E33027431","E38000079","E63011552","C1","6A2",51.759901,-0.299925,"E37000048","","E23000027",26281,"E56000035","E54000025","E00189350","E01023712","E02004931"
"AL4 0LE","AL4  0LE","AL4 0LE","199007","","E10000015","E58000649","E07000240","E05013950","E04013283","0","518111","0205362","1","E18000006","E40000007","E92000001","E12000006","5","E14001507","E15000006","E24000005","E30000237","E16000150","E07000240","26UGGA","E00120244","26UGGA","E65000001","E01023678","E02004938","8","6B2","E00120244","E01023678","E02004938","E33027463","E38000079","","F1","5B3",51.734534,-0.291024,"E37000048","","E23000027",25970,"E56000035","E54000025","E00120244","E01023678","E02007090"
"AL4 0LF","AL4  0LF","AL4 0LF","201311","202404","E10000015","E58000664","E07000240","E05013956","E43000290","1","517321","0206803","1","E18000006","E40000007","E92000001","E12000006","5","E14001507","E15000006","E24000005","E30000237","E16000150","E07000240","26UGFX","E00120196","26UGFX","E65000001","E01023667","E02004936","5","6D1","E00120196","E01023667","E02004936","E33027453","E38000079","E63011552","C1","5A2",51.747650,-0.301973,"E37000048","","E23000027",30628,"E56000035","E54000025","E00120196","E01023667","E02004936"
"AL4 0LG","AL4  0LG","AL4 0LG","202411","","E10000015","E58000630","E07000241","E05011071","E04012223","0","521273","0205893","1","E18000006","E40000007","E92000001","E12000006","5","E14001573","E15000006","E24000005","E30000272","E16000150","E07000241","26ULGZ","E00121679","26ULGZ","E65000001","E01023964","E02004993","5","4C2","E00121679","E01023964","E02004993","E33027669","E38000049","","C1","6B2",51.738636,-0.245050,"E37000048","","E23000027",23695,"E56000035","E54000025","E00190346","E01035608","E02007092"
"AL4 0LH","AL4  0LH","AL4 0LH","201904","","E10000015","E58000618","E07000240","E05015801","E04013286","0","517649","0207933","1","E18000006","E40000007","E92000001","E12000006","5","E14001507","E15000006","E24000005","E30000237","E16000150","E07000240","26UGGH","E00120409","26UGGH","E65000001","E01023712","E02004931","5","4D1","E00120409","E01023712","E02004931","E33027431","E38000079","E63011552","C1","6A2",51.757742,-0.296818,"E37000048","","E23000027",26281,"E56000035","E54000025","E00189350","E01023712","E02004931"
"AL4 0LJ","AL4  0LJ","AL4 0LJ","201909","","E10000015","E58000618","E07000240","E05015801","E04013286","0","517538","0208280","1","E18000006","E40000007","E92000001","E12000006","5","E14001507","E15000006","E24000005","E30000237","E16000150","E07000240","26UGGH","E00120409","26UGGH","E65000001","E01023712","E02004931","5","4D1","E00120409","E01023712","E02004931","E33027431","E38000079","E63011552","C1","6A2",51.760884,-0.298308,"E37000048","","E23000027",26281,"E56000035","E54000025","E00189350","E01023712","E02004931"
"AL4 0LL","AL4  0LL","AL4 0LL","200304","200505","E10000015","E58000618","E07000240","E05013950","E04013283","0","518897","0206820","3","E18000006","E40000007","E92000001","E12000006","5","E14001507","E15000006","E24000005","E30000237","E16000150","E07000240","26UGGA","E00120248","26UGGA","E65000001","E01023678","E02004938","5","3C2","E00120248","E01023678","E02004938","E33024301","E38000079","","C1","5B3",51.747471,-0.279149,"E37000048","","E23000027",25970,"E56000035","E54000025","E00120248","E01023678","E02007090"
"AL4 0LN","AL4  0LN","AL4 0LN","202108","","E10000015","E58000618","E07000240","E05015801","E04013286","0","517724","0207959","1","E18000006","E40000007","E92000001","E12000006","5","E14001507","E15000006","E24000005","E30000237","E16000150","E07000240","26UGGH","E00120409","26UGGH","E65000001","E01023712","E02004931","5","4D1","E00120409","E01023712","E02004931","E33027431","E38000079","E63011552","C1","6A2",51.757960,-0.295723,"E37000048","","E23000027",26281,"E56000035","E54000025","E00189350","E01023712","E02004931"
"AL4 0LP","AL4  0LP","AL4 0LP","201609","","E10000015","E58000618","E07000240","E05013950","E04013283","0","519429","0207920","1","E18000006","E40000007","E92000001","E12000006","5","E14001507","E15000006","E24000005","E30000237","E16000150","E07000240","26UGGA","E00120252","26UGGA","E65000001","E01023680","E02004938","5","4D1","E00120252","E01023680","E02004938","E33027462","E38000079","E63011554","C1","5B1",51.757249,-0.271045,"E37000048","","E23000027",25404,"E56000035","E54000025","E00120252","E01023680","E02007090"
"AL4 0LQ","AL4  0LQ","AL4 0LQ","198001","","E10000015","E58000618","E07000240","E05013956","E43000290","0","519106","0207250","1","E18000006","E40000007","E92000001","E12000006","5","E14001507","E15000006","E24000005","E30000237","E16000150","E07000240","26UGGA","E00120248","26UGGA","E65000001","E01023678","E02004938","5","3C2","E00120248","E01023678","E02004938","E33024302","E38000079","E63011552","C1","5B3",51.751291,-0.275976,"E37000048","","E23000027",25970,"E56000035","E54000025","E00120248","E01023678","E02007090"
"AL4 0LR","AL4  0LR","AL4 0LR","198106","","E10000015","E58000618","E07000240","E05013956","E43000290","1","519270","0207186","1","E18000006","E40000007","E92000001","E12000006","5","E14001507","E15000006","E24000005","E30000237","E16000150","E07000240","26UGGA","E00120253","26UGGA","E65000001","E01023680","E02004938","5","3A2","E00120253","E01023680","E02004938","E33027465","E38000079","E63011552","C1","4A2",51.750681,-0.273623,"E37000048","","E23000027",25404,"E56000035","E54000025","E00120253","E01023680","E02007090"
"AL4 0LS","AL4  0LS","AL4 0LS","198001","","E10000015","E58000618","E07000240","E05013956","E43000290","1","519173","0207245","1","E18000006","E40000007","E92000001","E12000006","5","E14001507","E15000006","E24000005","E30000237","E16000150","E07000240","26UGGA","E00120253","26UGGA","E65000001","E01023680","E02004938","5","3A2","E00120253","E01023680","E02004938","E33027465","E38000079","E63011552","C1","4A2",51.751232,-0.275008,"E37000048","","E23000027",25404,"E56000035","E54000025","E00120253","E01023680","E02007090"
"AL4 0LT","AL4  0LT","AL4 0LT","201909","","E10000015","E58000618","E07000240","E05015801","E04013286","0","517634","0208171","1","E18000006","E40000007","E92000001","E12000006","5","E14001507","E15000006","E24000005","E30000237","E16000150","E07000240","26UGGH","E00120409","26UGGH","E65000001","E01023712","E02004931","5","4D1","E00120409","E01023712","E02004931","E33027431","E38000079","E63011552","C1","6A2",51.759885,-0.296955,"E37000048","","E23000027",26281,"E56000035","E54000025","E00189350","E01023712","E02004931"
"AL4 0LU","AL4  0LU","AL4 0LU","201909","","E10000015","E58000618","E07000240","E05015801","E04013286","0","517658","0208176","1","E18000006","E40000007","E92000001","E12000006","5","E14001507","E15000006","E24000005","E30000237","E16000150","E07000240","26UGGH","E00120409","26UGGH","E65000001","E01023712","E02004931","5","4D1","E00120409","E01023712","E02004931","E33027431","E38000079","E63011552","C1","6A2",51.759924,-0.296605,"E37000048","","E23000027",26281,"E56000035","E54000025","E00189350","E01023712","E02004931"
"AL4 0LW","AL4  0LW","AL4 0LW","198001","199405","E10000015","E58000618","E07000240","E05013956","E43000290","1","519100","0207200","8","E18000006","E40000007","E92000001","E12000006","5","E14001507","E15000006","E24000005","E30000237","E16000150","E07000240","26UGGA","E00120248","26UGGA","E65000001","E01023678","E02004938","5","3C2","E00120248","E01023678","E02004938","E33024302","E38000079","E63011552","C1","5B3",51.750843,-0.276080,"E37000048","","E23000027",25970,"E56000035","E54000025","E00120248","E01023678","E02007090"
"AL4 0LX","AL4  0LX","AL4 0LX","199301","200408","E10000015","E58000664","E07000240","E05013956","E43000290","1","517328","0206823","1","E18000006","E40000007","E92000001","E12000006","5","E14001507","E15000006","E24000005","E30000237","E16000150","E07000240","26UGFX","E00120196","26UGFX","E65000001","E01023667","E02004936","5","6D1","E00120196","E01023667","E02004936","E33027453","E38000079","E63011552","C1","5A2",51.747828,-0.301865,"E37000048","","E23000027",30628,"E56000035","E54000025","E00120196","E01023667","E02004936"
"AL4 0LY","AL4  0LY","AL4 0LY","199308","199412","E10000015","E58000618","E07000240","E05013956","E43000290","1","519100","0207200","8","E18000006","E40000007","E92000001","E12000006","5","E14001507","E15000006","E24000005","E30000237","E16000150","E07000240","26UGGA","E00120248","26UGGA","E65000001","E01023678","E02004938","5","3C2","E00120248","E01023678","E02004938","E33024302","E38000079","E63011552","C1","5B3",51.750843,-0.276080,"E37000048","","E23000027",25970,"E56000035","E54000025","E00120248","E01023678","E02007090"
"AL4 0LZ","AL4  0LZ","AL4 0LZ","199405","199507","E10000015","E58000618","E07000240","E05013956","E43000290","1","519100","0207200","8","E18000006","E40000007","E92000001","E12000006","5","E14001507","E15000006","E24000005","E30000237","E16000150","E07000240","26UGGA","E00120248","26UGGA","E65000001","E01023678","E02004938","5","3C2","E00120248","E01023678","E02004938","E33024302","E38000079","E63011552","C1","5B3",51.750843,-0.276080,"E37000048","","E23000027",25970,"E56000035","E54000025","E00120248","E01023678","E02007090"
"AL4 0NA","AL4  0NA","AL4 0NA","199405","199507","E10000015","E58000649","E07000240","E05013957","E04013285","1","517700","0204900","8","E18000006","E40000007","E92000001","E12000006","5","E14001507","E15000006","E24000005","E30000237","E16000150","E07000240","26UGGG","E00120383","26UGGG","E65000001","E01023705","E02004941","5","7A2","E00120383","E01023705","E02004941","E33027477","E38000079","E63011616","C1","4A1",51.730468,-0.297129,"E37000048","","E23000027",14738,"E56000035","E54000025","E00120383","E01023705","E02004941"
"AL4 0NB","AL4  0NB","AL4 0NB","199412","199812","E10000015","E58000618","E07000240","E05013950","E04013283","1","518589","0206855","6","E18000006","E40000007","E92000001","E12000006","5","E14001507","E15000006","E24000005","E30000237","E16000150","E07000240","26UGGA","E00120248","26UGGA","E65000001","E01023678","E02004938","5","3C2","E00120248","E01023678","E02004938","E33024301","E38000079","E63011552","C1","5B3",51.747851,-0.283597,"E37000048","","E23000027",25970,"E56000035","E54000025","E00120248","E01023678","E02007090"
"AL4 0ND","AL4  0ND","AL4 0ND","200112","","E10000015","E58000618","E07000240","E05013950","E04013283","0","519814","0206108","1","E18000006","E40000007","E92000001","E12000006","5","E14001507","E15000006","E24000005","E30000237","E16000150","E07000240","26UGGA","E00120245","26UGGA","E65000001","E01023679","E02004938","7","1C1","E00120245","E01023679","E02004938","E33027461","E38000079","","E1","5A2",51.740877,-0.266118,"E37000048","","E23000027",19758,"E56000035","E54000025","E00120245","E01035581","E02007090"
"AL4 0NE","AL4  0NE","AL4 0NE","200806","","E10000015","E58000618","E07000240","E05013950","E04013283","0","521418","0206417","1","E18000006","E40000007","E92000001","E12000006","5","E14001507","E15000006","E24000005","E30000237","E16000150","E07000240","26UGGA","E00120246","26UGGA","E65000001","E01023679","E02004938","5","4A2","E00120246","E01023679","E02004938","E33027461","E38000079","E63011582","C1","5A2",51.743309,-0.242791,"E37000048","","E23000027",19758,"E56000035","E54000025","E00189442","E01035581","E02007090"
"AL4 0NF","AL4  0NF","AL4 0NF","198001","","E10000015","E58000649","E07000240","E05013957","E04013285","0","517748","0204885","1","E18000006","E40000007","E92000001","E12000006","5","E14001507","E15000006","E24000005","E30000237","E16000150","E07000240","26UGGG","E00120383","26UGGG","E65000001","E01023705","E02004941","5","7A2","E00120383","E01023705","E02004941","E33027477","E38000079","E63011616","C1","4A1",51.730329,-0.296416,"E37000048","","E23000027",14738,"E56000035","E54000025","E00120383","E01023705","E02004941"
"AL4 0NG","AL4  0NG","AL4 0NG","198001","","E10000015","E58000618","E07000240","E05013950","E04013283","0","518983","0205708","1","E18000006","E40000007","E92000001","E12000006","5","E14001507","E15000006","E24000005","E30000237","E16000150","E07000240","26UGGA","E00120245","26UGGA","E65000001","E01023679","E02004938","7","1C1","E00120245","E01023679","E02004938","E33027461","E38000079","","E1","5A2",51.737464,-0.278261,"E37000048","","E23000027",19758,"E56000035","E54000025","E00120245","E01035581","E02007090"
"AL4 0NH","AL4  0NH","AL4 0NH","198001","","E10000015","E58000618","E07000240","E05013950","E04013283","0","519851","0206020","1","E18000006","E40000007","E92000001","E12000006","5","E14001507","E15000006","E24000005","E30000237","E16000150","E07000240","26UGGA","E00120245","26UGGA","E65000001","E01023679","E02004938","7","1C1","E00120245","E01023679","E02004938","E33027461","E38000079","","E1","5A2",51.740078,-0.265612,"E37000048","","E23000027",19758,"E56000035","E54000025","E00120245","E01035581","E02007090"
"AL4 0NJ","AL4  0NJ","AL4 0NJ","198001","","E10000015","E58000618","E07000240","E05013950","E04013283","0","519803","0205827","1","E18000006","E40000007","E92000001","E12000006","5","E14001507","E15000006","E24000005","E30000237","E16000150","E07000240","26UGGA","E00120245","26UGGA","E65000001","E01023679","E02004938","7","1C1","E00120245","E01023679","E02004938","E33027461","E38000079","","E1","5A2",51.738354,-0.266374,"E37000048","","E23000027",19758,"E56000035","E54000025","E00120245","E01035581","E02007090"
"AL4 0NL","AL4  0NL","AL4 0NL","198001","","E10000015","E58000618","E07000240","E05013950","E04013283","0","519889","0206216","1","E18000006","E40000007","E92000001","E12000006","5","E14001507","E15000006","E24000005","E30000237","E16000150","E07000240","26UGGA","E00120245","26UGGA","E65000001","E01023679","E02004938","7","1C1","E00120245","E01023679","E02004938","E33027461","E38000079","","E1","5A2",51.741832,-0.264995,"E37000048","","E23000027",19758,"E56000035","E54000025","E00120245","E01035581","E02007090"
"AL4 0NN","AL4  0NN","AL4 0NN","198001","","E10000015","E58000618","E07000240","E05013950","E04013283","0","519899","0206107","1","E18000006","E40000007","E92000001","E12000006","5","E14001507","E15000006","E24000005","E30000237","E16000150","E07000240","26UGGA","E00120245","26UGGA","E65000001","E01023679","E02004938","7","1C1","E00120245","E01023679","E02004938","E33027461","E38000079","","E1","5A2",51.740850,-0.264888,"E37000048","","E23000027",19758,"E56000035","E54000025","E00120245","E01035581","E02007090"
"AL4 0NP","AL4  0NP","AL4 0NP","198001","","E10000015","E58000618","E07000240","E05013950","E04013283","0","520121","0206069","1","E18000006","E40000007","E92000001","E12000006","5","E14001507","E15000006","E24000005","E30000237","E16000150","E07000240","26UGGA","E00120250","26UGGA","E65000001","E01023679","E02004938","5","3C2","E00120250","E01023679","E02004938","E33027461","E38000079","","C1","5B3",51.740461,-0.261687,"E37000048","","E23000027",19758,"E56000035","E54000025","E00120250","E01035581","E02007090"
"AL4 0NQ","AL4  0NQ","AL4 0NQ","198001","","E10000015","E58000618","E07000240","E05013950","E04013283","0","519641","0206211","1","E18000006","E40000007","E92000001","E12000006","5","E14001507","E15000006","E24000005","E30000237","E16000150","E07000240","26UGGA","E00120245","26UGGA","E65000001","E01023679","E02004938","7","1C1","E00120245","E01023679","E02004938","E33027461","E38000079","","E1","5A2",51.741840,-0.268587,"E37000048","","E23000027",19758,"E56000035","E54000025","E00120245","E01035581","E02007090"
"AL4 0NR","AL4  0NR","AL4 0NR","198001","","E10000015","E58000618","E07000240","E05013950","E04013283","0","519990","0206009","1","E18000006","E40000007","E92000001","E12000006","5","E14001507","E15000006","E24000005","E30000237","E16000150","E07000240","26UGGA","E00120250","26UGGA","E65000001","E01023679","E02004938","5","3C2","E00120250","E01023679","E02004938","E33027461","E38000079","","C1","5B3",51.739950,-0.263604,"E37000048","","E23000027",19758,"E56000035","E54000025","E00120250","E01035581","E02007090"
"AL4 0NS","AL4  0NS","AL4 0NS","198001","","E10000015","E58000618","E07000240","E05013950","E04013283","0","520424","0205889","1","E18000006","E40000007","E92000001","E12000006","5","E14001507","E15000006","E24000005","E30000237","E16000150","E07000240","26UGGA","E00120250","26UGGA","E65000001","E01023679","E02004938","5","3C2","E00120250","E01023679","E02004938","E33027461","E38000079","E63011582","C1","5B3",51.738778,-0.257363,"E37000048","","E23000027",19758,"E56000035","E54000025","E00120250","E01035581","E02007090"
"AL4 0NT","AL4  0NT","AL4 0NT","201909","","E10000015","E58000618","E07000240","E05015801","E04013286","0","517562","0208240","1","E18000006","E40000007","E92000001","E12000006","5","E14001507","E15000006","E24000005","E30000237","E16000150","E07000240","26UGGH","E00120409","26UGGH","E65000001","E01023712","E02004931","5","4D1","E00120409","E01023712","E02004931","E33027431","E38000079","E63011552","C1","6A2",51.760520,-0.297974,"E37000048","","E23000027",26281,"E56000035","E54000025","E00189350","E01023712","E02004931"
"AL4 0NU","AL4  0NU","AL4 0NU","198001","","E10000015","E58000618","E07000240","E05013950","E04013283","0","520614","0205844","1","E18000006","E40000007","E92000001","E12000006","5","E14001507","E15000006","E24000005","E30000237","E16000150","E07000240","26UGGA","E00120250","26UGGA","E65000001","E01023679","E02004938","5","3C2","E00120250","E01023679","E02004938","E33027461","E38000079","E63011582","C1","5B3",51.738338,-0.254606,"E37000048","","E23000027",19758,"E56000035","E54000025","E00120250","E01035581","E02007090"
"AL4 0NW","AL4  0NW","AL4 0NW","198001","","E10000015","E58000618","E07000240","E05013950","E04013283","0","519845","0206143","1","E18000006","E40000007","E92000001","E12000006","5","E14001507","E15000006","E24000005","E30000237","E16000150","E07000240","26UGGA","E00120245","26UGGA","E65000001","E01023679","E02004938","7","1C1","E00120245","E01023679","E02004938","E33027461","E38000079","","E1","5A2",51.741185,-0.265657,"E37000048","","E23000027",19758,"E56000035","E54000025","E00120245","E01035581","E02007090"
"AL4 0NX","AL4  0NX","AL4 0NX","198001","","E10000015","E58000630","E07000241","E05011071","E04012223","0","521300","0205530","1","E18000006","E40000007","E92000001","E12000006","5","E14001573","E15000006","E24000005","E30000272","E16000150","E07000241","26ULGZ","E00121679","26ULGZ","E65000001","E01023964","E02004993","5","4C2","E00121679","E01023964","E02004993","E33027669","E38000049","E63011582","C1","6B2",51.735368,-0.244785,"E37000048","","E23000027",23695,"E56000035","E54000025","E00190346","E01035608","E02007092"
"AL4 0NY","AL4  0NY","AL4 0NY","198001","","E10000015","E58000630","E07000241","E05011071","E04012223","0","521304","0205438","1","E18000006","E40000007","E92000001","E12000006","5","E14001573","E15000006","E24000005","E30000272","E16000150","E07000241","26ULGZ","E00121679","26ULGZ","E65000001","E01023964","E02004993","5","4C2","E00121679","E01023964","E02004993","E33027669","E38000049","E63011582","C1","6B2",51.734541,-0.244760,"E37000048","","E23000027",23695,"E56000035","E54000025","E00190346","E01035608","E02007092"
"AL4 0NZ","AL4  0NZ","AL4 0NZ","198001","","E10000015","E58000618","E07000240","E05013950","E04013283","0","521154","0205165","1","E18000006","E40000007","E92000001","E12000006","5","E14001507","E15000006","E24000005","E30000237","E16000150","E07000240","26UGGA","E00120250","26UGGA","E65000001","E01023679","E02004938","5","3C2","E00120250","E01023679","E02004938","E33027461","E38000079","","C1","5B3",51.732115,-0.247048,"E37000048","","E23000027",19758,"E56000035","E54000025","E00120250","E01035581","E02007090"
"AL4 0PA","AL4  0PA","AL4 0PA","198001","","E10000015","E58000618","E07000240","E05013950","E04013283","0","520620","0205782","1","E18000006","E40000007","E92000001","E12000006","5","E14001507","E15000006","E24000005","E30000237","E16000150","E07000240","26UGGA","E00120250","26UGGA","E65000001","E01023679","E02004938","5","3C2","E00120250","E01023679","E02004938","E33027461","E38000079","E63011582","C1","5B3",51.737775,-0.254563,"E37000048","","E23000027",19758,"E56000035","E54000025","E00120250","E01035581","E02007090"
"AL4 0PB","AL4  0PB","AL4 0PB","198001","","E10000015","E58000618","E07000240","E05013950","E04013283","0","520309","0205334","1","E18000006","E40000007","E92000001","E12000006","5","E14001507","E15000006","E24000005","E30000237","E16000150","E07000240","26UGGA","E00120250","26UGGA","E65000001","E01023679","E02004938","5","3C2","E00120250","E01023679","E02004938","E33027461","E38000079","","C1","5B3",51.733820,-0.259197,"E37000048","","E23000027",19758,"E56000035","E54000025","E00120250","E01035581","E02007090"
"AL4 0PD","AL4  0PD","AL4 0PD","198001","","E10000015","E58000655","E07000098","E05012192","E04013252","0","520450","0204709","1","E18000006","E40000007","E92000001","E12000006","5","E14001284","E15000006","E24000005","E30000272","E16000150","E07000098","26UEGM","E00119767","26UEGM","E65000001","E01023584","E02004899","7","3A2","E00119767","E01023584","E02004899","E33027279","E38000079","","F1","5B3",51.728173,-0.257372,"E37000048","","E23000027",10656,"E56000035","E54000025","E00119767","E01023584","E02004899"
"AL4 0PE","AL4  0PE","AL4 0PE","198001","200601","E10000015","E58000655","E07000098","E05012192","E04013252","0","519849","0204968","1","E18000006","E40000007","E92000001","E12000006","5","E14001284","E15000006","E24000005","E30000272","E16000150","E07000098","26UEGM","E00119767","26UEGM","E65000001","E01023584","E02004899","7","3A2","E00119767","E01023584","E02004899","E33027279","E38000079","","F1","5B3",51.730624,-0.266003,"E37000048","","E23000027",10656,"E56000035","E54000025","E00119767","E01023584","E02004899"
"AL4 0PF","AL4  0PF","AL4 0PF","198001","","E10000015","E58000655","E07000098","E05012192","E04013252","0","519663","0204403","1","E18000006","E40000007","E92000001","E12000006","5","E14001284","E15000006","E24000005","E30000272","E16000150","E07000098","26UEGM","E00119767","26UEGM","E65000001","E01023584","E02004899","7","3A2","E00119767","E01023584","E02004899","E33027279","E38000079","","F1","5B3",51.725592,-0.268866,"E37000048","","E23000027",10656,"E56000035","E54000025","E00119767","E01023584","E02004899"
"AL4 0PG","AL4  0PG","AL4 0PG","199405","","E10000015","E58000655","E07000098","E05012192","E04013252","0","519232","0204652","1","E18000006","E40000007","E92000001","E12000006","5","E14001284","E15000006","E24000005","E30000272","E16000150","E07000098","26UEGM","E00119767","26UEGM","E65000001","E01023584","E02004899","7","3A2","E00119767","E01023584","E02004899","E33027279","E38000079","","F1","5B3",51.727921,-0.275018,"E37000048","","E23000027",10656,"E56000035","E54000025","E00119767","E01023584","E02004899"
"AL4 0PH","AL4  0PH","AL4 0PH","198001","","E10000015","E58000618","E07000240","E05013950","E04013283","0","519937","0206064","1","E18000006","E40000007","E92000001","E12000006","5","E14001507","E15000006","E24000005","E30000237","E16000150","E07000240","26UGGA","E00120245","26UGGA","E65000001","E01023679","E02004938","7","1C1","E00120245","E01023679","E02004938","E33027461","E38000079","","E1","5A2",51.740455,-0.264352,"E37000048","","E23000027",19758,"E56000035","E54000025","E00120245","E01035581","E02007090"
"AL4 0PJ","AL4  0PJ","AL4 0PJ","199101","","E10000015","E58000618","E07000240","E05013950","E04013283","0","521291","0206981","1","E18000006","E40000007","E92000001","E12000006","5","E14001507","E15000006","E24000005","E30000237","E16000150","E07000240","26UGGA","E00120246","26UGGA","E65000001","E01023679","E02004938","5","4A2","E00120246","E01023679","E02004938","E33027461","E38000079","E63011549","C1","5A2",51.748405,-0.244433,"E37000048","","E23000027",19758,"E56000035","E54000025","E00189442","E01035581","E02007090"
"AL4 0PL","AL4  0PL","AL4 0PL","200408","","E10000015","E58000618","E07000240","E05013950","E04013283","0","520694","0205743","1","E18000006","E40000007","E92000001","E12000006","5","E14001507","E15000006","E24000005","E30000237","E16000150","E07000240","26UGGA","E00120250","26UGGA","E65000001","E01023679","E02004938","5","3C2","E00120250","E01023679","E02004938","E33027461","E38000079","E63011582","C1","5B3",51.737408,-0.253505,"E37000048","","E23000027",19758,"E56000035","E54000025","E00120250","E01035581","E02007090"
"AL4 0PN","AL4  0PN","AL4 0PN","200106","201212","E10000015","E58000649","E07000240","E05013956","E43000290","1","517559","0206112","1","E18000006","E40000007","E92000001","E12000006","5","E14001507","E15000006","E24000005","E30000237","E16000150","E07000240","26UGGA","E00120247","26UGGA","E65000001","E01023678","E02004938","5","4A2","E00120247","E01023678","E02004938","E33027463","E38000079","E63011552","C1","5A2",51.741390,-0.298760,"E37000048","","E23000027",25970,"E56000035","E54000025","E00120247","E01023678","E02007090"
"AL4 0PP","AL4  0PP","AL4 0PP","198001","","E10000015","E58000618","E07000240","E05013950","E04013283","0","520880","0205989","1","E18000006","E40000007","E92000001","E12000006","5","E14001507","E15000006","E24000005","E30000237","E16000150","E07000240","26UGGA","E00120246","26UGGA","E65000001","E01023679","E02004938","5","4A2","E00120246","E01023679","E02004938","E33027461","E38000079","E63011582","C1","5A2",51.739579,-0.250728,"E37000048","","E23000027",19758,"E56000035","E54000025","E00189442","E01035581","E02007090"
"AL4 0PQ","AL4  0PQ","AL4 0PQ","198001","","E10000015","E58000618","E07000240","E05013950","E04013283","0","520185","0205982","1","E18000006","E40000007","E92000001","E12000006","5","E14001507","E15000006","E24000005","E30000237","E16000150","E07000240","26UGGA","E00120250","26UGGA","E65000001","E01023679","E02004938","5","3C2","E00120250","E01023679","E02004938","E33027461","E38000079","","C1","5B3",51.739665,-0.260791,"E37000048","","E23000027",19758,"E56000035","E54000025","E00120250","E01035581","E02007090"
"AL4 0PR","AL4  0PR","AL4 0PR","198001","","E10000015","E58000618","E07000240","E05013950","E04013283","0","520789","0205855","1","E18000006","E40000007","E92000001","E12000006","5","E14001507","E15000006","E24000005","E30000237","E16000150","E07000240","26UGGA","E00120249","26UGGA","E65000001","E01023679","E02004938","5","5B2","E00120249","E01023679","E02004938","E33027461","E38000079","E63011582","C1","8C1",51.738394,-0.252092,"E37000048","","E23000027",19758,"E56000035","E54000025","E00120249","E01035581","E02007090"
"AL4 0PS","AL4  0PS","AL4 0PS","198001","","E10000015","E58000618","E07000240","E05013950","E04013283","0","520888","0205809","1","E18000006","E40000007","E92000001","E12000006","5","E14001507","E15000006","E24000005","E30000237","E16000150","E07000240","26UGGA","E00120249","26UGGA","E65000001","E01023679","E02004938","5","5B2","E00120249","E01023679","E02004938","E33027461","E38000079","E63011582","C1","8C1",51.737960,-0.250674,"E37000048","","E23000027",19758,"E56000035","E54000025","E00120249","E01035581","E02007090"
"AL4 0PT","AL4  0PT","AL4 0PT","198001","","E10000015","E58000618","E07000240","E05013950","E04013283","0","520802","0205786","1","E18000006","E40000007","E92000001","E12000006","5","E14001507","E15000006","E24000005","E30000237","E16000150","E07000240","26UGGA","E00120249","26UGGA","E65000001","E01023679","E02004938","5","5B2","E00120249","E01023679","E02004938","E33027461","E38000079","E63011582","C1","8C1",51.737771,-0.251927,"E37000048","","E23000027",19758,"E56000035","E54000025","E00120249","E01035581","E02007090"
"AL4 0PU","AL4  0PU","AL4 0PU","198001","","E10000015","E58000618","E07000240","E05013950","E04013283","0","520794","0205738","1","E18000006","E40000007","E92000001","E12000006","5","E14001507","E15000006","E24000005","E30000237","E16000150","E07000240","26UGGA","E00120249","26UGGA","E65000001","E01023679","E02004938","5","5B2","E00120249","E01023679","E02004938","E33027461","E38000079","E63011582","C1","8C1",51.737342,-0.252060,"E37000048","","E23000027",19758,"E56000035","E54000025","E00120249","E01035581","E02007090"
"AL4 0PW","AL4  0PW","AL4 0PW","202104","","E10000015","E58000618","E07000240","E05015801","E04013286","0","517592","0208158","1","E18000006","E40000007","E92000001","E12000006","5","E14001507","E15000006","E24000005","E30000237","E16000150","E07000240","26UGGH","E00120409","26UGGH","E65000001","E01023712","E02004931","5","4D1","E00120409","E01023712","E02004931","E33027431","E38000079","E63011552","C1","6A2",51.759777,-0.297567,"E37000048","","E23000027",26281,"E56000035","E54000025","E00189350","E01023712","E02004931"
"AL4 0PX","AL4  0PX","AL4 0PX","198001","","E10000015","E58000618","E07000240","E05013950","E04013283","0","521033","0205643","1","E18000006","E40000007","E92000001","E12000006","5","E14001507","E15000006","E24000005","E30000237","E16000150","E07000240","26UGGA","E00120251","26UGGA","E65000001","E01023679","E02004938","5","6B2","E00120251","E01023679","E02004938","E33027461","E38000079","E63011582","C1","5B3",51.736437,-0.248633,"E37000048","","E23000027",19758,"E56000035","E54000025","E00120251","E01035581","E02007090"
"AL4 0PY","AL4  0PY","AL4 0PY","198001","","E10000015","E58000618","E07000240","E05013950","E04013283","0","521006","0205599","1","E18000006","E40000007","E92000001","E12000006","5","E14001507","E15000006","E24000005","E30000237","E16000150","E07000240","26UGGA","E00120250","26UGGA","E65000001","E01023679","E02004938","5","3C2","E00120250","E01023679","E02004938","E33027461","E38000079","E63011582","C1","5B3",51.736084,-0.249096,"E37000048","","E23000027",19758,"E56000035","E54000025","E00120250","E01035581","E02007090"
"AL4 0PZ","AL4  0PZ","AL4 0PZ","198001","","E10000015","E58000618","E07000240","E05013950","E04013283","0","520876","0205720","1","E18000006","E40000007","E92000001","E12000006","5","E14001507","E15000006","E24000005","E30000237","E16000150","E07000240","26UGGA","E00120249","26UGGA","E65000001","E01023679","E02004938","5","5B2","E00120249","E01023679","E02004938","E33027461","E38000079","E63011582","C1","8C1",51.737162,-0.250879,"E37000048","","E23000027",19758,"E56000035","E54000025","E00120249","E01035581","E02007090"
"AL4 0QA","AL4  0QA","AL4 0QA","198001","","E10000015","E58000618","E07000240","E05013950","E04013283","0","521105","0205677","1","E18000006","E40000007","E92000001","E12000006","5","E14001507","E15000006","E24000005","E30000237","E16000150","E07000240","26UGGA","E00120251","26UGGA","E65000001","E01023679","E02004938","5","6B2","E00120251","E01023679","E02004938","E33027461","E38000079","E63011582","C1","5B3",51.736727,-0.247579,"E37000048","","E23000027",19758,"E56000035","E54000025","E00120251","E01035581","E02007090"
"AL4 0QB","AL4  0QB","AL4 0QB","198001","201206","E10000015","E58000618","E07000240","E05013950","E04013283","0","520959","0205743","1","E18000006","E40000007","E92000001","E12000006","5","E14001507","E15000006","E24000005","E30000237","E16000150","E07000240","26UGGA","E00120249","26UGGA","E65000001","E01023679","E02004938","5","5B2","E00120249","E01023679","E02004938","E33027461","E38000079","E63011582","C1","8C1",51.737351,-0.249670,"E37000048","","E23000027",19758,"E56000035","E54000025","E00120249","E01035581","E02007090"
"AL4 0QD","AL4  0QD","AL4 0QD","198001","","E10000015","E58000618","E07000240","E05013950","E04013283","0","521041","0205789","1","E18000006","E40000007","E92000001","E12000006","5","E14001507","E15000006","E24000005","E30000237","E16000150","E07000240","26UGGA","E00120251","26UGGA","E65000001","E01023679","E02004938","5","6B2","E00120251","E01023679","E02004938","E33027461","E38000079","E63011582","C1","5B3",51.737747,-0.248467,"E37000048","","E23000027",19758,"E56000035","E54000025","E00120251","E01035581","E02007090"
"AL4 0QE","AL4  0QE","AL4 0QE","198001","","E10000015","E58000618","E07000240","E05013950","E04013283","0","521044","0205739","1","E18000006","E40000007","E92000001","E12000006","5","E14001507","E15000006","E24000005","E30000237","E16000150","E07000240","26UGGA","E00120251","26UGGA","E65000001","E01023679","E02004938","5","6B2","E00120251","E01023679","E02004938","E33027461","E38000079","E63011582","C1","5B3",51.737297,-0.248441,"E37000048","","E23000027",19758,"E56000035","E54000025","E00120251","E01035581","E02007090"
"AL4 0QF","AL4  0QF","AL4 0QF","198001","","E10000015","E58000618","E07000240","E05013950","E04013283","0","520962","0205845","1","E18000006","E40000007","E92000001","E12000006","5","E14001507","E15000006","E24000005","E30000237","E16000150","E07000240","26UGGA","E00120251","26UGGA","E65000001","E01023679","E02004938","5","6B2","E00120251","E01023679","E02004938","E33027461","E38000079","E63011582","C1","5B3",51.738267,-0.249591,"E37000048","","E23000027",19758,"E56000035","E54000025","E00120251","E01035581","E02007090"
"AL4 0QG","AL4  0QG","AL4 0QG","198001","","E10000015","E58000618","E07000240","E05013950","E04013283","0","520931","0205825","1","E18000006","E40000007","E92000001","E12000006","5","E14001507","E15000006","E24000005","E30000237","E16000150","E07000240","26UGGA","E00120249","26UGGA","E65000001","E01023679","E02004938","5","5B2","E00120249","E01023679","E02004938","E33027461","E38000079","E63011582","C1","8C1",51.738094,-0.250046,"E37000048","","E23000027",19758,"E56000035","E54000025","E00120249","E01035581","E02007090"
"AL4 0QH","AL4  0QH","AL4 0QH","198001","","E10000015","E58000618","E07000240","E05013950","E04013283","0","520972","0206426","1","E18000006","E40000007","E92000001","E12000006","5","E14001507","E15000006","E24000005","E30000237","E16000150","E07000240","26UGGA","E00120246","26UGGA","E65000001","E01023679","E02004938","5","4A2","E00120246","E01023679","E02004938","E33027461","E38000079","","C1","5A2",51.743486,-0.249244,"E37000048","","E23000027",19758,"E56000035","E54000025","E00189442","E01035581","E02007090"
"AL4 0QJ","AL4  0QJ","AL4 0QJ","198001","","E10000015","E58000618","E07000240","E05013950","E04013283","0","521197","0206079","1","E18000006","E40000007","E92000001","E12000006","5","E14001507","E15000006","E24000005","E30000237","E16000150","E07000240","26UGGA","E00120246","26UGGA","E65000001","E01023679","E02004938","5","4A2","E00120246","E01023679","E02004938","E33027461","E38000079","E63011582","C1","5A2",51.740319,-0.246108,"E37000048","","E23000027",19758,"E56000035","E54000025","E00189442","E01035581","E02007090"
"AL4 0QL","AL4  0QL","AL4 0QL","198001","","E10000015","E58000618","E07000240","E05013950","E04013283","0","521259","0206135","1","E18000006","E40000007","E92000001","E12000006","5","E14001507","E15000006","E24000005","E30000272","E16000150","E07000240","26ULGZ","E00121679","26ULGZ","E65000001","E01023964","E02004993","5","4C2","E00121679","E01023964","E02004993","E33027669","E38000079","E63011582","C1","6B2",51.740809,-0.245191,"E37000048","","E23000027",23695,"E56000035","E54000025","E00189442","E01035581","E02007090"
"AL4 0QN","AL4  0QN","AL4 0QN","198001","","E10000015","E58000618","E07000240","E05013950","E04013283","0","521214","0206205","1","E18000006","E40000007","E92000001","E12000006","5","E14001507","E15000006","E24000005","E30000237","E16000150","E07000240","26UGGA","E00120246","26UGGA","E65000001","E01023679","E02004938","5","4A2","E00120246","E01023679","E02004938","E33027461","E38000079","E63011582","C1","5A2",51.741448,-0.245818,"E37000048","","E23000027",19758,"E56000035","E54000025","E00189442","E01035581","E02007090"
"AL4 0QP","AL4  0QP","AL4 0QP","198001","","E10000015","E58000618","E07000240","E05013950","E04013283","0","521414","0206357","1","E18000006","E40000007","E92000001","E12000006","5","E14001507","E15000006","E24000005","E30000237","E16000150","E07000240","26UGGA","E00120246","26UGGA","E65000001","E01023679","E02004938","5","4A2","E00120246","E01023679","E02004938","E33027461","E38000079","E63011582","C1","5A2",51.742771,-0.242870,"E37000048","","E23000027",19758,"E56000035","E54000025","E00189442","E01035581","E02007090"
"AL4 0QQ","AL4  0QQ","AL4 0QQ","198001","","E10000015","E58000618","E07000240","E05013950","E04013283","0","521041","0206079","1","E18000006","E40000007","E92000001","E12000006","5","E14001507","E15000006","E24000005","E30000237","E16000150","E07000240","26UGGA","E00120246","26UGGA","E65000001","E01023679","E02004938","5","4A2","E00120246","E01023679","E02004938","E33027461","E38000079","E63011582","C1","5A2",51.740353,-0.248366,"E37000048","","E23000027",19758,"E56000035","E54000025","E00189442","E01035581","E02007090"
"AL4 0QR","AL4  0QR","AL4 0QR","198001","","E10000015","E58000630","E07000241","E05011071","E04012223","0","521369","0206120","1","E18000006","E40000007","E92000001","E12000006","5","E14001573","E15000006","E24000005","E30000272","E16000150","E07000241","26ULGZ","E00121679","26ULGZ","E65000001","E01023964","E02004993","5","4C2","E00121679","E01023964","E02004993","E33027669","E38000049","E63011582","C1","6B2",51.740656,-0.243581,"E37000048","","E23000027",23695,"E56000035","E54000025","E00190346","E01035608","E02007092"
"AL4 0QS","AL4  0QS","AL4 0QS","198001","","E10000015","E58000630","E07000241","E05011071","E04012223","0","521329","0206159","1","E18000006","E40000007","E92000001","E12000006","5","E14001573","E15000006","E24000005","E30000272","E16000150","E07000241","26ULGZ","E00121679","26ULGZ","E65000001","E01023964","E02004993","5","4C2","E00121679","E01023964","E02004993","E33027669","E38000049","E63011582","C1","6B2",51.741015,-0.244147,"E37000048","","E23000027",23695,"E56000035","E54000025","E00190346","E01035608","E02007092"
"AL4 0QT","AL4  0QT","AL4 0QT","198001","","E10000015","E58000630","E07000241","E05011071","E04012223","0","521306","0205750","1","E18000006","E40000007","E92000001","E12000006","5","E14001573","E15000006","E24000005","E30000272","E16000150","E07000241","26ULGZ","E00121688","26ULGZ","E65000001","E01023964","E02004993","8","3C1","E00121688","E01023964","E02004993","E33027669","E38000049","","E1","5A1",51.737344,-0.244622,"E37000048","","E23000027",23695,"E56000035","E54000025","E00121688","E01035608","E02007092"
"AL4 0QU","AL4  0QU","AL4 0QU","199301","","E10000015","E58000618","E07000240","E05013956","E43000290","1","519168","0207402","1","E18000006","E40000007","E92000001","E12000006","5","E14001507","E15000006","E24000005","E30000237","E16000150","E07000240","26UGGA","E00120253","26UGGA","E65000001","E01023680","E02004938","5","3A2","E00120253","E01023680","E02004938","E33027465","E38000079","E63011552","C1","4A2",51.752644,-0.275026,"E37000048","","E23000027",25404,"E56000035","E54000025","E00120253","E01023680","E02007090"
"AL4 0QW","AL4  0QW","AL4 0QW","198001","","E10000015","E58000618","E07000240","E05013950","E04013283","0","521307","0206417","1","E18000006","E40000007","E92000001","E12000006","5","E14001507","E15000006","E24000005","E30000237","E16000150","E07000240","26UGGA","E00120246","26UGGA","E65000001","E01023679","E02004938","5","4A2","E00120246","E01023679","E02004938","E33027461","E38000079","E63011582","C1","5A2",51.743338,-0.244375,"E37000048","","E23000027",19758,"E56000035","E54000025","E00189442","E01035581","E02007090"
"AL4 0QX","AL4  0QX","AL4 0QX","199301","199405","E10000015","E58000630","E07000241","E05011071","E04012223","1","521200","0205700","8","E18000006","E40000007","E92000001","E12000006","5","E14001573","E15000006","E24000005","E30000272","E16000150","E07000241","26ULGZ","E00121679","26ULGZ","E65000001","E01023964","E02004993","5","4C2","E00121679","E01023964","E02004993","E33027669","E38000049","E63011582","C1","6B2",51.736913,-0.246196,"E37000048","","E23000027",23695,"E56000035","E54000025","E00190346","E01035608","E02007092"
"AL4 0QZ","AL4  0QZ","AL4 0QZ","199501","201307","E10000015","E58000664","E07000240","E05013956","E43000290","1","517328","0206823","1","E18000006","E40000007","E92000001","E12000006","5","E14001507","E15000006","E24000005","E30000237","E16000150","E07000240","26UGFX","E00120196","26UGFX","E65000001","E01023667","E02004936","5","6D1","E00120196","E01023667","E02004936","E33027453","E38000079","E63011552","C1","5A2",51.747828,-0.301865,"E37000048","","E23000027",30628,"E56000035","E54000025","E00120196","E01023667","E02004936"
"AL4 0RA","AL4  0RA","AL4 0RA","198001","","E10000015","E58000649","E07000240","E05013956","E43000290","0","517257","0206219","1","E18000006","E40000007","E92000001","E12000006","5","E14001507","E15000006","E24000005","E30000237","E16000150","E07000240","26UGGA","E00120243","26UGGA","E65000001","E01023678","E02004938","5","4A2","E00120243","E01023678","E02004938","E33027463","E38000079","E63011552","C1","5A2",51.742420,-0.303073,"E37000048","","E23000027",25970,"E56000035","E54000025","E00120243","E01023678","E02007090"
"AL4 0RB","AL4  0RB","AL4 0RB","199512","199912","E10000015","E58000649","E07000240","E05013956","E43000290","1","517581","0206635","3","E18000006","E40000007","E92000001","E12000006","5","E14001507","E15000006","E24000005","E30000237","E16000150","E07000240","26UGGA","E00120242","26UGGA","E65000001","E01023677","E02004938","5","7A2","E00120242","E01023677","E02004938","E33027464","E38000079","E63011552","C1","4A1",51.746086,-0.298265,"E37000048","","E23000027",14487,"E56000035","E54000025","E00120242","E01023677","E02007090"
"AL4 0RD","AL4  0RD","AL4 0RD","198001","200006","E10000015","E58000649","E07000240","E05013956","E43000290","0","517400","0206400","8","E18000006","E40000007","E92000001","E12000006","5","E14001507","E15000006","E24000005","E30000237","E16000150","E07000240","26UGGA","E00120256","26UGGA","E65000001","E01023677","E02004938","5","4D1","E00120256","E01023677","E02004938","E33027464","E38000079","E63011552","C1","5B1",51.744012,-0.300965,"E37000048","","E23000027",14487,"E56000035","E54000025","E00120256","E01023677","E02007090"
"AL4 0RE","AL4  0RE","AL4 0RE","198001","","E10000015","E58000649","E07000240","E05013956","E43000290","0","517530","0206222","1","E18000006","E40000007","E92000001","E12000006","5","E14001507","E15000006","E24000005","E30000237","E16000150","E07000240","26UGGA","E00120243","26UGGA","E65000001","E01023678","E02004938","5","4A2","E00120243","E01023678","E02004938","E33027463","E38000079","E63011552","C1","5A2",51.742385,-0.299143,"E37000048","","E23000027",25970,"E56000035","E54000025","E00120243","E01023678","E02007090"
"AL4 0RF","AL4  0RF","AL4 0RF","199612","199812","E10000015","E58000618","E07000240","E05013950","E04013283","1","518589","0206855","6","E18000006","E40000007","E92000001","E12000006","5","E14001507","E15000006","E24000005","E30000237","E16000150","E07000240","26UGGA","E00120248","26UGGA","E65000001","E01023678","E02004938","5","3C2","E00120248","E01023678","E02004938","E33024301","E38000079","E63011552","C1","5B3",51.747851,-0.283597,"E37000048","","E23000027",25970,"E56000035","E54000025","E00120248","E01023678","E02007090"
"AL4 0RG","AL4  0RG","AL4 0RG","198001","200006","E10000015","E58000649","E07000240","E05013956","E43000290","1","517366","0206082","3","E18000006","E40000007","E92000001","E12000006","5","E14001507","E15000006","E24000005","E30000237","E16000150","E07000240","26UGGA","E00120247","26UGGA","E65000001","E01023678","E02004938","5","4A2","E00120247","E01023678","E02004938","E33027463","E38000079","E63011552","C1","5A2",51.741161,-0.301564,"E37000048","","E23000027",25970,"E56000035","E54000025","E00120247","E01023678","E02007090"
"AL4 0RH","AL4  0RH","AL4 0RH","198001","","E10000015","E58000649","E07000240","E05013950","E04013283","0","517869","0205871","1","E18000006","E40000007","E92000001","E12000006","5","E14001507","E15000006","E24000005","E30000237","E16000150","E07000240","26UGGA","E00120244","26UGGA","E65000001","E01023678","E02004938","8","6B2","E00120244","E01023678","E02004938","E33027463","E38000079","","F1","5B3",51.739159,-0.294354,"E37000048","","E23000027",25970,"E56000035","E54000025","E00120244","E01023678","E02007090"
"AL4 0RJ","AL4  0RJ","AL4 0RJ","198001","","E10000015","E58000649","E07000240","E05013950","E04013283","0","518067","0205552","1","E18000006","E40000007","E92000001","E12000006","5","E14001507","E15000006","E24000005","E30000237","E16000150","E07000240","26UGGA","E00120244","26UGGA","E65000001","E01023678","E02004938","8","6B2","E00120244","E01023678","E02004938","E33027463","E38000079","","F1","5B3",51.736251,-0.291596,"E37000048","","E23000027",25970,"E56000035","E54000025","E00120244","E01023678","E02007090"
"AL4 0RL","AL4  0RL","AL4 0RL","198001","","E10000015","E58000649","E07000240","E05013950","E04013283","0","518117","0205408","1","E18000006","E40000007","E92000001","E12000006","5","E14001507","E15000006","E24000005","E30000237","E16000150","E07000240","26UGGA","E00120244","26UGGA","E65000001","E01023678","E02004938","8","6B2","E00120244","E01023678","E02004938","E33027463","E38000079","","F1","5B3",51.734951,-0.290898,"E37000048","","E23000027",25970,"E56000035","E54000025","E00120244","E01023678","E02007090"
"AL4 0RN","AL4  0RN","AL4 0RN","198001","","E10000015","E58000649","E07000240","E05013950","E04013283","0","518029","0205906","1","E18000006","E40000007","E92000001","E12000006","5","E14001507","E15000006","E24000005","E30000237","E16000150","E07000240","26UGGA","E00120244","26UGGA","E65000001","E01023678","E02004938","8","6B2","E00120244","E01023678","E02004938","E33027463","E38000079","","F1","5B3",51.739440,-0.292026,"E37000048","","E23000027",25970,"E56000035","E54000025","E00120244","E01023678","E02007090"
"AL4 0RP","AL4  0RP","AL4 0RP","198001","","E10000015","E58000618","E07000240","E05013950","E04013283","0","518913","0206210","1","E18000006","E40000007","E92000001","E12000006","5","E14001507","E15000006","E24000005","E30000237","E16000150","E07000240","26UGGA","E00120248","26UGGA","E65000001","E01023678","E02004938","5","3C2","E00120248","E01023678","E02004938","E33024301","E38000079","","C1","5B3",51.741991,-0.279103,"E37000048","","E23000027",25970,"E56000035","E54000025","E00120248","E01023678","E02007090"
"AL4 0RQ","AL4  0RQ","AL4 0RQ","198001","","E10000015","E58000649","E07000240","E05013956","E43000290","0","517654","0206025","1","E18000006","E40000007","E92000001","E12000006","5","E14001507","E15000006","E24000005","E30000237","E16000150","E07000240","26UGGA","E00120247","26UGGA","E65000001","E01023678","E02004938","5","4A2","E00120247","E01023678","E02004938","E33027463","E38000079","E63011552","C1","5A2",51.740588,-0.297414,"E37000048","","E23000027",25970,"E56000035","E54000025","E00120247","E01023678","E02007090"
"AL4 0RR","AL4  0RR","AL4 0RR","198510","","E10000015","E58000618","E07000240","E05013950","E04013283","0","518924","0206173","1","E18000006","E40000007","E92000001","E12000006","5","E14001507","E15000006","E24000005","E30000237","E16000150","E07000240","26UGGA","E00120248","26UGGA","E65000001","E01023678","E02004938","5","3C2","E00120248","E01023678","E02004938","E33024301","E38000079","","C1","5B3",51.741651,-0.278979,"E37000048","","E23000027",25970,"E56000035","E54000025","E00120248","E01023678","E02007090"
"AL4 0RS","AL4  0RS","AL4 0RS","198001","","E10000015","E58000618","E07000240","E05013950","E04013283","0","519113","0206376","1","E18000006","E40000007","E92000001","E12000006","5","E14001507","E15000006","E24000005","E30000237","E16000150","E07000240","26UGGA","E00120253","26UGGA","E65000001","E01023680","E02004938","5","3A2","E00120253","E01023680","E02004938","E33027465","E38000079","","C1","4A2",51.743435,-0.276174,"E37000048","","E23000027",25404,"E56000035","E54000025","E00120253","E01023680","E02007090"
"AL4 0RT","AL4  0RT","AL4 0RT","199002","","E10000015","E58000618","E07000240","E05013950","E04013283","0","519468","0206283","1","E18000006","E40000007","E92000001","E12000006","5","E14001507","E15000006","E24000005","E30000237","E16000150","E07000240","26UGGA","E00120248","26UGGA","E65000001","E01023678","E02004938","5","3C2","E00120248","E01023678","E02004938","E33024301","E38000079","","C1","5B3",51.742529,-0.271044,"E37000048","","E23000027",25970,"E56000035","E54000025","E00120248","E01023678","E02007090"
"AL4 0RU","AL4  0RU","AL4 0RU","198001","","E10000015","E58000618","E07000240","E05013950","E04013283","0","519339","0206452","1","E18000006","E40000007","E92000001","E12000006","5","E14001507","E15000006","E24000005","E30000237","E16000150","E07000240","26UGGA","E00120248","26UGGA","E65000001","E01023678","E02004938","5","3C2","E00120248","E01023678","E02004938","E33024301","E38000079","","C1","5B3",51.744075,-0.272853,"E37000048","","E23000027",25970,"E56000035","E54000025","E00120248","E01023678","E02007090"
"AL4 0RW","AL4  0RW","AL4 0RW","198001","","E10000015","E58000649","E07000240","E05013950","E04013283","0","518223","0205922","1","E18000006","E40000007","E92000001","E12000006","5","E14001507","E15000006","E24000005","E30000237","E16000150","E07000240","26UGGA","E00120244","26UGGA","E65000001","E01023678","E02004938","8","6B2","E00120244","E01023678","E02004938","E33027463","E38000079","","F1","5B3",51.739543,-0.289212,"E37000048","","E23000027",25970,"E56000035","E54000025","E00120244","E01023678","E02007090"
"AL4 0RX","AL4  0RX","AL4 0RX","198001","","E10000015","E58000618","E07000240","E05013950","E04013283","0","520096","0206666","1","E18000006","E40000007","E92000001","E12000006","5","E14001507","E15000006","E24000005","E30000237","E16000150","E07000240","26UGGA","E00120258","26UGGA","E65000001","E01023680","E02004938","7","3A2","E00120258","E01023680","E02004938","E33027465","E38000079","","E1","5A2",51.745832,-0.261843,"E37000048","","E23000027",25404,"E56000035","E54000025","E00120258","E01023680","E02007090"
"AL4 0RY","AL4  0RY","AL4 0RY","198001","","E10000015","E58000618","E07000240","E05013950","E04013283","0","519165","0205677","1","E18000006","E40000007","E92000001","E12000006","5","E14001507","E15000006","E24000005","E30000237","E16000150","E07000240","26UGGA","E00120245","26UGGA","E65000001","E01023679","E02004938","7","1C1","E00120245","E01023679","E02004938","E33027461","E38000079","","E1","5A2",51.737147,-0.275637,"E37000048","","E23000027",19758,"E56000035","E54000025","E00120245","E01035581","E02007090"
"AL4 0RZ","AL4  0RZ","AL4 0RZ","198001","","E10000015","E58000630","E07000241","E05011064","E04004819","0","521041","0207221","1","E18000006","E40000007","E92000001","E12000006","5","E14001573","E15000006","E24000005","E30000272","E16000150","E07000241","26ULGR","E00121543","26ULGR","E65000001","E01023937","E02004992","5","7A3","E00121543","E01023937","E02004992","E33027668","E38000049","","C1","4A2",51.750621,-0.247946,"E37000048","","E23000027",11751,"E56000035","E54000025","E00190240","E01023937","E02004992"
"AL4 0SA","AL4  0SA","AL4 0SA","198001","","E10000015","E58000618","E07000240","E05013950","E04013283","0","519883","0206718","1","E18000006","E40000007","E92000001","E12000006","5","E14001507","E15000006","E24000005","E30000237","E16000150","E07000240","26UGGA","E00120258","26UGGA","E65000001","E01023680","E02004938","7","3A2","E00120258","E01023680","E02004938","E33027465","E38000079","","E1","5A2",51.746350,-0.264886,"E37000048","","E23000027",25404,"E56000035","E54000025","E00120258","E01023680","E02007090"
"AL4 0SB","AL4  0SB","AL4 0SB","198001","","E10000015","E58000618","E07000240","E05013950","E04013283","0","520037","0206740","1","E18000006","E40000007","E92000001","E12000006","5","E14001507","E15000006","E24000005","E30000237","E16000150","E07000240","26UGGA","E00120258","26UGGA","E65000001","E01023680","E02004938","7","3A2","E00120258","E01023680","E02004938","E33027465","E38000079","","E1","5A2",51.746509,-0.262672,"E37000048","","E23000027",25404,"E56000035","E54000025","E00120258","E01023680","E02007090"
"AL4 0SD","AL4  0SD","AL4 0SD","198001","","E10000015","E58000618","E07000240","E05013950","E04013283","0","520011","0206804","1","E18000006","E40000007","E92000001","E12000006","5","E14001507","E15000006","E24000005","E30000237","E16000150","E07000240","26UGGA","E00120258","26UGGA","E65000001","E01023680","E02004938","7","3A2","E00120258","E01023680","E02004938","E33027465","E38000079","","E1","5A2",51.747090,-0.263026,"E37000048","","E23000027",25404,"E56000035","E54000025","E00120258","E01023680","E02007090"
"AL4 0SE","AL4  0SE","AL4 0SE","198001","","E10000015","E58000618","E07000240","E05013950","E04013283","0","520232","0206887","1","E18000006","E40000007","E92000001","E12000006","5","E14001507","E15000006","E24000005","E30000237","E16000150","E07000240","26UGGA","E00120258","26UGGA","E65000001","E01023680","E02004938","7","3A2","E00120258","E01023680","E02004938","E33027465","E38000079","","E1","5A2",51.747788,-0.259798,"E37000048","","E23000027",25404,"E56000035","E54000025","E00120258","E01023680","E02007090"
"AL4 0SF","AL4  0SF","AL4 0SF","198001","","E10000015","E58000618","E07000240","E05013950","E04013283","0","519870","0206777","1","E18000006","E40000007","E92000001","E12000006","5","E14001507","E15000006","E24000005","E30000237","E16000150","E07000240","26UGGA","E00120258","26UGGA","E65000001","E01023680","E02004938","7","3A2","E00120258","E01023680","E02004938","E33027465","E38000079","","E1","5A2",51.746877,-0.265077,"E37000048","","E23000027",25404,"E56000035","E54000025","E00120258","E01023680","E02007090"
"AL4 0SG","AL4  0SG","AL4 0SG","198001","200006","E10000015","E58000618","E07000240","E05013950","E04013283","0","519700","0206800","8","E18000006","E40000007","E92000001","E12000006","5","E14001507","E15000006","E24000005","E30000237","E16000150","E07000240","26UGGA","E00120253","26UGGA","E65000001","E01023680","E02004938","5","3A2","E00120253","E01023680","E02004938","E33027465","E38000079","","C1","4A2",51.747120,-0.267530,"E37000048","","E23000027",25404,"E56000035","E54000025","E00120253","E01023680","E02007090"
"AL4 0SH","AL4  0SH","AL4 0SH","199812","","E10000015","E58000649","E07000240","E05013956","E43000290","0","517402","0206433","1","E18000006","E40000007","E92000001","E12000006","5","E14001507","E15000006","E24000005","E30000237","E16000150","E07000240","26UGGA","E00120256","26UGGA","E65000001","E01023677","E02004938","5","4D1","E00120256","E01023677","E02004938","E33027464","E38000079","E63011552","C1","5B1",51.744308,-0.300925,"E37000048","","E23000027",14487,"E56000035","E54000025","E00120256","E01023677","E02007090"
"AL4 0SJ","AL4  0SJ","AL4 0SJ","199208","200210","E10000015","E58000618","E07000240","E05013956","E43000290","0","518300","0206700","5","E18000006","E40000007","E92000001","E12000006","5","E14001507","E15000006","E24000005","E30000237","E16000150","E07000240","26UGGA","E00120248","26UGGA","E65000001","E01023678","E02004938","5","3C2","E00120248","E01023678","E02004938","E33024301","E38000079","E63011552","C1","5B3",51.746519,-0.287834,"E37000048","","E23000027",25970,"E56000035","E54000025","E00120248","E01023678","E02007090"
"AL4 0SL","AL4  0SL","AL4 0SL","199906","","E10000015","E58000664","E07000240","E05013956","E43000290","0","517603","0207046","1","E18000006","E40000007","E92000001","E12000006","5","E14001507","E15000006","E24000005","E30000237","E16000150","E07000240","26UGFX","E00120189","26UGFX","E65000001","E01023664","E02004936","5","4A2","E00120189","E01023664","E02004936","E33027454","E38000079","E63011552","C1","5A2",51.749775,-0.297808,"E37000048","","E23000027",30060,"E56000035","E54000025","E00120189","E01023664","E02004936"
"AL4 0SN","AL4  0SN","AL4 0SN","198803","","E10000015","E58000618","E07000240","E05013956","E43000290","0","518293","0207153","1","E18000006","E40000007","E92000001","E12000006","5","E14001507","E15000006","E24000005","E30000237","E16000150","E07000240","26UGGA","E00120254","26UGGA","E65000001","E01023678","E02004938","5","4D2","E00120254","E01023678","E02004938","E33027462","E38000079","E63011552","C1","5B1",51.750591,-0.287781,"E37000048","","E23000027",25970,"E56000035","E54000025","E00120254","E01023678","E02007090"
"AL4 0SP","AL4  0SP","AL4 0SP","198001","","E10000015","E58000618","E07000240","E05013956","E43000290","0","518495","0207227","1","E18000006","E40000007","E92000001","E12000006","5","E14001507","E15000006","E24000005","E30000237","E16000150","E07000240","26UGGA","E00120254","26UGGA","E65000001","E01023678","E02004938","5","4D2","E00120254","E01023678","E02004938","E33027462","E38000079","E63011552","C1","5B1",51.751214,-0.284831,"E37000048","","E23000027",25970,"E56000035","E54000025","E00120254","E01023678","E02007090"
"AL4 0SQ","AL4  0SQ","AL4 0SQ","199906","","E10000015","E58000664","E07000240","E05013956","E43000290","0","517629","0207110","1","E18000006","E40000007","E92000001","E12000006","5","E14001507","E15000006","E24000005","E30000237","E16000150","E07000240","26UGFX","E00120189","26UGFX","E65000001","E01023664","E02004936","5","4A2","E00120189","E01023664","E02004936","E33027454","E38000079","E63011552","C1","5A2",51.750345,-0.297410,"E37000048","","E23000027",30060,"E56000035","E54000025","E00120189","E01023664","E02004936"
"AL4 0SR","AL4  0SR","AL4 0SR","198001","","E10000015","E58000618","E07000240","E05013956","E43000290","0","518454","0207158","1","E18000006","E40000007","E92000001","E12000006","5","E14001507","E15000006","E24000005","E30000237","E16000150","E07000240","26UGGA","E00120254","26UGGA","E65000001","E01023678","E02004938","5","4D2","E00120254","E01023678","E02004938","E33027462","E38000079","E63011552","C1","5B1",51.750608,-0.285424,"E37000048","","E23000027",25970,"E56000035","E54000025","E00120254","E01023678","E02007090"
"AL4 0SS","AL4  0SS","AL4 0SS","198001","","E10000015","E58000618","E07000240","E05013956","E43000290","0","518396","0207105","1","E18000006","E40000007","E92000001","E12000006","5","E14001507","E15000006","E24000005","E30000237","E16000150","E07000240","26UGGA","E00120254","26UGGA","E65000001","E01023678","E02004938","5","4D2","E00120254","E01023678","E02004938","E33027462","E38000079","E63011552","C1","5B1",51.750138,-0.286306,"E37000048","","E23000027",25970,"E56000035","E54000025","E00120254","E01023678","E02007090"
"AL4 0ST","AL4  0ST","AL4 0ST","198001","","E10000015","E58000618","E07000240","E05013956","E43000290","0","518364","0207156","1","E18000006","E40000007","E92000001","E12000006","5","E14001507","E15000006","E24000005","E30000237","E16000150","E07000240","26UGGA","E00120254","26UGGA","E65000001","E01023678","E02004938","5","4D2","E00120254","E01023678","E02004938","E33027462","E38000079","E63011552","C1","5B1",51.750603,-0.286752,"E37000048","","E23000027",25970,"E56000035","E54000025","E00120254","E01023678","E02007090"
"AL4 0SU","AL4  0SU","AL4 0SU","198001","","E10000015","E58000618","E07000240","E05013956","E43000290","0","518416","0207205","1","E18000006","E40000007","E92000001","E12000006","5","E14001507","E15000006","E24000005","E30000237","E16000150","E07000240","26UGGA","E00120254","26UGGA","E65000001","E01023678","E02004938","5","4D2","E00120254","E01023678","E02004938","E33027462","E38000079","E63011552","C1","5B1",51.751033,-0.285982,"E37000048","","E23000027",25970,"E56000035","E54000025","E00120254","E01023678","E02007090"
"AL4 0SW","AL4  0SW","AL4 0SW","198001","","E10000015","E58000618","E07000240","E05013956","E43000290","0","518564","0207186","1","E18000006","E40000007","E92000001","E12000006","5","E14001507","E15000006","E24000005","E30000237","E16000150","E07000240","26UGGA","E00120248","26UGGA","E65000001","E01023678","E02004938","5","3C2","E00120248","E01023678","E02004938","E33024302","E38000079","E63011552","C1","5B3",51.750831,-0.283846,"E37000048","","E23000027",25970,"E56000035","E54000025","E00120248","E01023678","E02007090"
"AL4 0SX","AL4  0SX","AL4 0SX","198001","","E10000015","E58000618","E07000240","E05013956","E43000290","0","518225","0207208","1","E18000006","E40000007","E92000001","E12000006","5","E14001507","E15000006","E24000005","E30000237","E16000150","E07000240","26UGGA","E00120255","26UGGA","E65000001","E01023680","E02004938","5","4D1","E00120255","E01023680","E02004938","E33027462","E38000079","E63011552","C1","6A1",51.751100,-0.288747,"E37000048","","E23000027",25404,"E56000035","E54000025","E00120255","E01023680","E02007090"
"AL4 0SY","AL4  0SY","AL4 0SY","198001","","E10000015","E58000664","E07000240","E05013956","E43000290","0","517981","0207149","1","E18000006","E40000007","E92000001","E12000006","5","E14001507","E15000006","E24000005","E30000237","E16000150","E07000240","26UGFX","E00120187","26UGFX","E65000001","E01023664","E02004936","5","6D1","E00120187","E01023664","E02004936","E33027454","E38000079","E63011552","C1","5A2",51.750621,-0.292300,"E37000048","","E23000027",30060,"E56000035","E54000025","E00120187","E01023664","E02004936"
"AL4 0SZ","AL4  0SZ","AL4 0SZ","198001","","E10000015","E58000664","E07000240","E05013956","E43000290","0","517921","0207125","1","E18000006","E40000007","E92000001","E12000006","5","E14001507","E15000006","E24000005","E30000237","E16000150","E07000240","26UGFX","E00120187","26UGFX","E65000001","E01023664","E02004936","5","6D1","E00120187","E01023664","E02004936","E33027454","E38000079","E63011552","C1","5A2",51.750418,-0.293177,"E37000048","","E23000027",30060,"E56000035","E54000025","E00120187","E01023664","E02004936"
"AL4 0TA","AL4  0TA","AL4 0TA","198001","","E10000015","E58000618","E07000240","E05013956","E43000290","0","518074","0207104","1","E18000006","E40000007","E92000001","E12000006","5","E14001507","E15000006","E24000005","E30000237","E16000150","E07000240","26UGGA","E00120255","26UGGA","E65000001","E01023680","E02004938","5","4D1","E00120255","E01023680","E02004938","E33027462","E38000079","E63011552","C1","6A1",51.750197,-0.290969,"E37000048","","E23000027",25404,"E56000035","E54000025","E00120255","E01023680","E02007090"
"AL4 0TB","AL4  0TB","AL4 0TB","198001","","E10000015","E58000618","E07000240","E05013956","E43000290","0","518201","0207132","1","E18000006","E40000007","E92000001","E12000006","5","E14001507","E15000006","E24000005","E30000237","E16000150","E07000240","26UGGA","E00120254","26UGGA","E65000001","E01023678","E02004938","5","4D2","E00120254","E01023678","E02004938","E33027462","E38000079","E63011552","C1","5B1",51.750427,-0.289097,"E37000048","","E23000027",25970,"E56000035","E54000025","E00120254","E01023678","E02007090"
"AL4 0TD","AL4  0TD","AL4 0TD","198001","","E10000015","E58000618","E07000240","E05013956","E43000290","0","518264","0207110","1","E18000006","E40000007","E92000001","E12000006","5","E14001507","E15000006","E24000005","E30000237","E16000150","E07000240","26UGGA","E00120254","26UGGA","E65000001","E01023678","E02004938","5","4D2","E00120254","E01023678","E02004938","E33027462","E38000079","E63011552","C1","5B1",51.750211,-0.288215,"E37000048","","E23000027",25970,"E56000035","E54000025","E00120254","E01023678","E02007090"
"AL4 0TE","AL4  0TE","AL4 0TE","198001","","E10000015","E58000618","E07000240","E05013956","E43000290","0","518272","0207074","1","E18000006","E40000007","E92000001","E12000006","5","E14001507","E15000006","E24000005","E30000237","E16000150","E07000240","26UGGA","E00120254","26UGGA","E65000001","E01023678","E02004938","5","4D2","E00120254","E01023678","E02004938","E33027462","E38000079","E63011552","C1","5B1",51.749886,-0.288112,"E37000048","","E23000027",25970,"E56000035","E54000025","E00120254","E01023678","E02007090"
"AL4 0TF","AL4  0TF","AL4 0TF","198001","","E10000015","E58000618","E07000240","E05013956","E43000290","0","518115","0207060","1","E18000006","E40000007","E92000001","E12000006","5","E14001507","E15000006","E24000005","E30000237","E16000150","E07000240","26UGGA","E00120255","26UGGA","E65000001","E01023680","E02004938","5","4D1","E00120255","E01023680","E02004938","E33027462","E38000079","E63011552","C1","6A1",51.749793,-0.290390,"E37000048","","E23000027",25404,"E56000035","E54000025","E00120255","E01023680","E02007090"
"AL4 0TG","AL4  0TG","AL4 0TG","198001","","E10000015","E58000618","E07000240","E05013956","E43000290","0","518191","0206986","1","E18000006","E40000007","E92000001","E12000006","5","E14001507","E15000006","E24000005","E30000237","E16000150","E07000240","26UGGA","E00120255","26UGGA","E65000001","E01023680","E02004938","5","4D1","E00120255","E01023680","E02004938","E33027462","E38000079","E63011552","C1","6A1",51.749112,-0.289315,"E37000048","","E23000027",25404,"E56000035","E54000025","E00120255","E01023680","E02007090"
"AL4 0TH","AL4  0TH","AL4 0TH","198001","","E10000015","E58000618","E07000240","E05013956","E43000290","0","518344","0206950","1","E18000006","E40000007","E92000001","E12000006","5","E14001507","E15000006","E24000005","E30000237","E16000150","E07000240","26UGGA","E00120255","26UGGA","E65000001","E01023680","E02004938","5","4D1","E00120255","E01023680","E02004938","E33027462","E38000079","E63011552","C1","6A1",51.748756,-0.287112,"E37000048","","E23000027",25404,"E56000035","E54000025","E00120255","E01023680","E02007090"
"AL4 0TJ","AL4  0TJ","AL4 0TJ","198001","","E10000015","E58000618","E07000240","E05013956","E43000290","0","518291","0206920","1","E18000006","E40000007","E92000001","E12000006","5","E14001507","E15000006","E24000005","E30000237","E16000150","E07000240","26UGGA","E00120255","26UGGA","E65000001","E01023680","E02004938","5","4D1","E00120255","E01023680","E02004938","E33027462","E38000079","E63011552","C1","6A1",51.748498,-0.287889,"E37000048","","E23000027",25404,"E56000035","E54000025","E00120255","E01023680","E02007090"
"AL4 0TL","AL4  0TL","AL4 0TL","198001","","E10000015","E58000618","E07000240","E05013956","E43000290","0","518376","0206953","1","E18000006","E40000007","E92000001","E12000006","5","E14001507","E15000006","E24000005","E30000237","E16000150","E07000240","26UGGA","E00120248","26UGGA","E65000001","E01023678","E02004938","5","3C2","E00120248","E01023678","E02004938","E33024301","E38000079","E63011552","C1","5B3",51.748776,-0.286647,"E37000048","","E23000027",25970,"E56000035","E54000025","E00120248","E01023678","E02007090"
"AL4 0TN","AL4  0TN","AL4 0TN","198001","","E10000015","E58000618","E07000240","E05013950","E04013283","0","518690","0206769","1","E18000006","E40000007","E92000001","E12000006","5","E14001507","E15000006","E24000005","E30000237","E16000150","E07000240","26UGGA","E00120248","26UGGA","E65000001","E01023678","E02004938","5","3C2","E00120248","E01023678","E02004938","E33024301","E38000079","E63011552","C1","5B3",51.747056,-0.282164,"E37000048","","E23000027",25970,"E56000035","E54000025","E00120248","E01023678","E02007090"
"AL4 0TP","AL4  0TP","AL4 0TP","198001","","E10000015","E58000618","E07000240","E05013950","E04013283","0","519072","0206600","1","E18000006","E40000007","E92000001","E12000006","5","E14001507","E15000006","E24000005","E30000237","E16000150","E07000240","26UGGA","E00120253","26UGGA","E65000001","E01023680","E02004938","5","3A2","E00120253","E01023680","E02004938","E33027465","E38000079","E63011552","C1","4A2",51.745457,-0.276691,"E37000048","","E23000027",25404,"E56000035","E54000025","E00120253","E01023680","E02007090"
"AL4 0TQ","AL4  0TQ","AL4 0TQ","198001","","E10000015","E58000618","E07000240","E05013956","E43000290","0","518286","0206987","1","E18000006","E40000007","E92000001","E12000006","5","E14001507","E15000006","E24000005","E30000237","E16000150","E07000240","26UGGA","E00120255","26UGGA","E65000001","E01023680","E02004938","5","4D1","E00120255","E01023680","E02004938","E33027462","E38000079","E63011552","C1","6A1",51.749106,-0.287915,"E37000048","","E23000027",25404,"E56000035","E54000025","E00120255","E01023680","E02007090"
"AL4 0TR","AL4  0TR","AL4 0TR","200106","","E10000015","E58000664","E07000240","E05013956","E43000290","0","518034","0207166","1","E18000006","E40000007","E92000001","E12000006","5","E14001507","E15000006","E24000005","E30000237","E16000150","E07000240","26UGFX","E00120187","26UGFX","E65000001","E01023664","E02004936","5","6D1","E00120187","E01023664","E02004936","E33027454","E38000079","E63011552","C1","5A2",51.750763,-0.291527,"E37000048","","E23000027",30060,"E56000035","E54000025","E00120187","E01023664","E02004936"
"AL4 0TS","AL4  0TS","AL4 0TS","199912","","E10000015","E58000618","E07000240","E05013956","E43000290","0","518493","0207180","1","E18000006","E40000007","E92000001","E12000006","5","E14001507","E15000006","E24000005","E30000237","E16000150","E07000240","26UGGA","E00120254","26UGGA","E65000001","E01023678","E02004938","5","4D2","E00120254","E01023678","E02004938","E33027462","E38000079","E63011552","C1","5B1",51.750792,-0.284876,"E37000048","","E23000027",25970,"E56000035","E54000025","E00120254","E01023678","E02007090"
"AL4 0TT","AL4  0TT","AL4 0TT","198001","","E10000015","E58000618","E07000240","E05013956","E43000290","1","518230","0206806","1","E18000006","E40000007","E92000001","E12000006","5","E14001507","E15000006","E24000005","E30000237","E16000150","E07000240","26UGGA","E00120248","26UGGA","E65000001","E01023678","E02004938","5","3C2","E00120248","E01023678","E02004938","E33024301","E38000079","E63011552","C1","5B3",51.747486,-0.288811,"E37000048","","E23000027",25970,"E56000035","E54000025","E00120248","E01023678","E02007090"
"AL4 0TU","AL4  0TU","AL4 0TU","198001","","E10000015","E58000664","E07000240","E05013956","E43000290","0","518005","0207032","1","E18000006","E40000007","E92000001","E12000006","5","E14001507","E15000006","E24000005","E30000237","E16000150","E07000240","26UGFX","E00120187","26UGFX","E65000001","E01023664","E02004936","5","6D1","E00120187","E01023664","E02004936","E33027454","E38000079","E63011552","C1","5A2",51.749565,-0.291992,"E37000048","","E23000027",30060,"E56000035","E54000025","E00120187","E01023664","E02004936"
"AL4 0TW","AL4  0TW","AL4 0TW","198001","200009","E10000015","E58000618","E07000240","E05013950","E04013283","1","518728","0206740","1","E18000006","E40000007","E92000001","E12000006","5","E14001507","E15000006","E24000005","E30000237","E16000150","E07000240","26UGGA","E00120248","26UGGA","E65000001","E01023678","E02004938","5","3C2","E00120248","E01023678","E02004938","E33024301","E38000079","E63011552","C1","5B3",51.746788,-0.281623,"E37000048","","E23000027",25970,"E56000035","E54000025","E00120248","E01023678","E02007090"
"AL4 0TX","AL4  0TX","AL4 0TX","198001","","E10000015","E58000664","E07000240","E05013956","E43000290","0","517855","0207016","1","E18000006","E40000007","E92000001","E12000006","5","E14001507","E15000006","E24000005","E30000237","E16000150","E07000240","26UGFX","E00120187","26UGFX","E65000001","E01023664","E02004936","5","6D1","E00120187","E01023664","E02004936","E33027454","E38000079","E63011552","C1","5A2",51.749452,-0.294169,"E37000048","","E23000027",30060,"E56000035","E54000025","E00120187","E01023664","E02004936"
"AL4 0TY","AL4  0TY","AL4 0TY","198001","","E10000015","E58000664","E07000240","E05013956","E43000290","0","517871","0207068","1","E18000006","E40000007","E92000001","E12000006","5","E14001507","E15000006","E24000005","E30000237","E16000150","E07000240","26UGFX","E00120187","26UGFX","E65000001","E01023664","E02004936","5","6D1","E00120187","E01023664","E02004936","E33027454","E38000079","E63011552","C1","5A2",51.749916,-0.293920,"E37000048","","E23000027",30060,"E56000035","E54000025","E00120187","E01023664","E02004936"
"AL4 0TZ","AL4  0TZ","AL4 0TZ","198001","","E10000015","E58000649","E07000240","E05013956","E43000290","0","517891","0206912","1","E18000006","E40000007","E92000001","E12000006","5","E14001507","E15000006","E24000005","E30000237","E16000150","E07000240","26UGGA","E00120256","26UGGA","E65000001","E01023677","E02004938","5","4D1","E00120256","E01023677","E02004938","E33027464","E38000079","E63011552","C1","5B1",51.748510,-0.293683,"E37000048","","E23000027",14487,"E56000035","E54000025","E00120256","E01023677","E02007090"
"AL4 0UA","AL4  0UA","AL4 0UA","198001","","E10000015","E58000649","E07000240","E05013956","E43000290","0","517535","0206930","1","E18000006","E40000007","E92000001","E12000006","5","E14001507","E15000006","E24000005","E30000237","E16000150","E07000240","26UGGA","E00120257","26UGGA","E65000001","E01023677","E02004938","5","7A2","E00120257","E01023677","E02004938","E33027464","E38000079","E63011552","C1","4A1",51.748747,-0.298832,"E37000048","","E23000027",14487,"E56000035","E54000025","E00120257","E01023677","E02007090"
"AL4 0UB","AL4  0UB","AL4 0UB","198001","","E10000015","E58000664","E07000240","E05013956","E43000290","0","517831","0207168","1","E18000006","E40000007","E92000001","E12000006","5","E14001507","E15000006","E24000005","E30000237","E16000150","E07000240","26UGFX","E00120184","26UGFX","E65000001","E01023664","E02004936","5","6D1","E00120184","E01023664","E02004936","E33027454","E38000079","E63011552","C1","5A2",51.750823,-0.294465,"E37000048","","E23000027",30060,"E56000035","E54000025","E00120184","E01023664","E02004936"
"AL4 0UD","AL4  0UD","AL4 0UD","198001","","E10000015","E58000618","E07000240","E05013956","E43000290","0","518097","0207197","1","E18000006","E40000007","E92000001","E12000006","5","E14001507","E15000006","E24000005","E30000237","E16000150","E07000240","26UGGA","E00120252","26UGGA","E65000001","E01023680","E02004938","5","4D1","E00120252","E01023680","E02004938","E33027462","E38000079","E63011552","C1","5B1",51.751034,-0.290580,"E37000048","","E23000027",25404,"E56000035","E54000025","E00120252","E01023680","E02007090"
"AL4 0UE","AL4  0UE","AL4 0UE","198504","","E10000015","E58000618","E07000240","E05013956","E43000290","0","518478","0206899","1","E18000006","E40000007","E92000001","E12000006","5","E14001507","E15000006","E24000005","E30000237","E16000150","E07000240","26UGGA","E00120248","26UGGA","E65000001","E01023678","E02004938","5","3C2","E00120248","E01023678","E02004938","E33024301","E38000079","E63011552","C1","5B3",51.748270,-0.285189,"E37000048","","E23000027",25970,"E56000035","E54000025","E00120248","E01023678","E02007090"
"AL4 0UF","AL4  0UF","AL4 0UF","199612","199812","E10000015","E58000618","E07000240","E05013950","E04013283","1","518589","0206855","6","E18000006","E40000007","E92000001","E12000006","5","E14001507","E15000006","E24000005","E30000237","E16000150","E07000240","26UGGA","E00120248","26UGGA","E65000001","E01023678","E02004938","5","3C2","E00120248","E01023678","E02004938","E33024301","E38000079","E63011552","C1","5B3",51.747851,-0.283597,"E37000048","","E23000027",25970,"E56000035","E54000025","E00120248","E01023678","E02007090"
"AL4 0UG","AL4  0UG","AL4 0UG","199208","199212","E10000015","E58000664","E07000240","E05013956","E43000290","1","517800","0207300","8","E18000006","E40000007","E92000001","E12000006","5","E14001507","E15000006","E24000005","E30000237","E16000150","E07000240","26UGFX","E00120184","26UGFX","E65000001","E01023664","E02004936","5","6D1","E00120184","E01023664","E02004936","E33027454","E38000079","E63011552","C1","5A2",51.752016,-0.294869,"E37000048","","E23000027",30060,"E56000035","E54000025","E00120184","E01023664","E02004936"
"AL4 0UH","AL4  0UH","AL4 0UH","199405","","E10000015","E58000664","E07000240","E05013956","E43000290","0","517685","0207321","1","E18000006","E40000007","E92000001","E12000006","5","E14001507","E15000006","E24000005","E30000237","E16000150","E07000240","26UGFX","E00120185","26UGFX","E65000001","E01023664","E02004936","5","2B2","E00120185","E01023664","E02004936","E33027454","E38000079","E63011552","C1","4C3",51.752229,-0.296528,"E37000048","","E23000027",30060,"E56000035","E54000025","E00120185","E01023664","E02004936"
"AL4 0UJ","AL4  0UJ","AL4 0UJ","198001","","E10000015","E58000664","E07000240","E05013956","E43000290","0","517434","0207362","1","E18000006","E40000007","E92000001","E12000006","5","E14001507","E15000006","E24000005","E30000237","E16000150","E07000240","26UGFX","E00120182","26UGFX","E65000001","E01023664","E02004936","5","4C3","E00120182","E01023664","E02004936","E33027452","E38000079","E63011552","C1","6A1",51.752650,-0.300148,"E37000048","","E23000027",30060,"E56000035","E54000025","E00120182","E01023664","E02004936"
"AL4 0UL","AL4  0UL","AL4 0UL","198001","","E10000015","E58000664","E07000240","E05013956","E43000290","0","517388","0207622","1","E18000006","E40000007","E92000001","E12000006","5","E14001507","E15000006","E24000005","E30000237","E16000150","E07000240","26UGFX","E00120201","26UGFX","E65000001","E01023668","E02004936","5","4D1","E00120201","E01023668","E02004936","E33027452","E38000079","E63011552","C1","6B1",51.754997,-0.300727,"E37000048","","E23000027",32371,"E56000035","E54000025","E00120201","E01023668","E02004936"
"AL4 0UN","AL4  0UN","AL4 0UN","198001","","E10000015","E58000664","E07000240","E05013956","E43000290","0","517270","0207819","1","E18000006","E40000007","E92000001","E12000006","5","E14001507","E15000006","E24000005","E30000237","E16000150","E07000240","26UGFX","E00120201","26UGFX","E65000001","E01023668","E02004936","5","4D1","E00120201","E01023668","E02004936","E33027452","E38000079","E63011552","C1","6B1",51.756792,-0.302369,"E37000048","","E23000027",32371,"E56000035","E54000025","E00120201","E01023668","E02004936"
"AL4 0UP","AL4  0UP","AL4 0UP","198001","","E10000015","E58000664","E07000240","E05013956","E43000290","0","517277","0207613","1","E18000006","E40000007","E92000001","E12000006","5","E14001507","E15000006","E24000005","E30000237","E16000150","E07000240","26UGFX","E00120180","26UGFX","E65000001","E01023668","E02004936","5","4D1","E00120180","E01023668","E02004936","E33027452","E38000079","E63011552","C1","6B1",51.754939,-0.302337,"E37000048","","E23000027",32371,"E56000035","E54000025","E00120180","E01023668","E02004936"
"AL4 0UQ","AL4  0UQ","AL4 0UQ","198307","","E10000015","E58000664","E07000240","E05013956","E43000290","0","517153","0207762","1","E18000006","E40000007","E92000001","E12000006","5","E14001507","E15000006","E24000005","E30000237","E16000150","E07000240","26UGFX","E00120200","26UGFX","E65000001","E01023668","E02004936","5","6B2","E00120200","E01023668","E02004936","E33027452","E38000079","E63011552","C1","4A1",51.756309,-0.304059,"E37000048","","E23000027",32371,"E56000035","E54000025","E00120200","E01023668","E02004936"
"AL4 0UR","AL4  0UR","AL4 0UR","198307","","E10000015","E58000664","E07000240","E05013956","E43000290","0","517183","0207738","1","E18000006","E40000007","E92000001","E12000006","5","E14001507","E15000006","E24000005","E30000237","E16000150","E07000240","26UGFX","E00120181","26UGFX","E65000001","E01023668","E02004936","5","4C2","E00120181","E01023668","E02004936","E33027452","E38000079","E63011552","C1","6B1",51.756082,-0.303656,"E37000048","","E23000027",32371,"E56000035","E54000025","E00120181","E01023668","E02004936"
"AL4 0US","AL4  0US","AL4 0US","199308","199412","E10000015","E58000664","E07000240","E05013956","E43000290","1","517100","0207700","8","E18000006","E40000007","E92000001","E12000006","5","E14001507","E15000006","E24000005","E30000237","E16000150","E07000240","26UGFX","E00120181","26UGFX","E65000001","E01023668","E02004936","5","4C2","E00120181","E01023668","E02004936","E33027452","E38000079","E63011552","C1","6B1",51.755758,-0.304871,"E37000048","","E23000027",32371,"E56000035","E54000025","E00120181","E01023668","E02004936"
"AL4 0UT","AL4  0UT","AL4 0UT","199412","199806","E10000015","E58000618","E07000240","E05013950","E04013283","1","518589","0206855","6","E18000006","E40000007","E92000001","E12000006","5","E14001507","E15000006","E24000005","E30000237","E16000150","E07000240","26UGGA","E00120248","26UGGA","E65000001","E01023678","E02004938","5","3C2","E00120248","E01023678","E02004938","E33024301","E38000079","E63011552","C1","5B3",51.747851,-0.283597,"E37000048","","E23000027",25970,"E56000035","E54000025","E00120248","E01023678","E02007090"
"AL4 0UU","AL4  0UU","AL4 0UU","198001","","E10000015","E58000664","E07000240","E05013956","E43000290","0","517086","0207744","1","E18000006","E40000007","E92000001","E12000006","5","E14001507","E15000006","E24000005","E30000237","E16000150","E07000240","26UGFX","E00120181","26UGFX","E65000001","E01023668","E02004936","5","4C2","E00120181","E01023668","E02004936","E33027452","E38000079","E63011552","C1","6B1",51.756156,-0.305059,"E37000048","","E23000027",32371,"E56000035","E54000025","E00120181","E01023668","E02004936"
"AL4 0UW","AL4  0UW","AL4 0UW","198001","","E10000015","E58000664","E07000240","E05013956","E43000290","0","517315","0207613","1","E18000006","E40000007","E92000001","E12000006","5","E14001507","E15000006","E24000005","E30000237","E16000150","E07000240","26UGFX","E00120201","26UGFX","E65000001","E01023668","E02004936","5","4D1","E00120201","E01023668","E02004936","E33027452","E38000079","E63011552","C1","6B1",51.754931,-0.301787,"E37000048","","E23000027",32371,"E56000035","E54000025","E00120201","E01023668","E02004936"
"AL4 0UX","AL4  0UX","AL4 0UX","198001","","E10000015","E58000664","E07000240","E05013956","E43000290","0","517192","0207786","1","E18000006","E40000007","E92000001","E12000006","5","E14001507","E15000006","E24000005","E30000237","E16000150","E07000240","26UGFX","E00120180","26UGFX","E65000001","E01023668","E02004936","5","4D1","E00120180","E01023668","E02004936","E33027452","E38000079","E63011552","C1","6B1",51.756511,-0.303510,"E37000048","","E23000027",32371,"E56000035","E54000025","E00120180","E01023668","E02004936"
"AL4 0UY","AL4  0UY","AL4 0UY","198001","","E10000015","E58000664","E07000240","E05013956","E43000290","0","517156","0207924","1","E18000006","E40000007","E92000001","E12000006","5","E14001507","E15000006","E24000005","E30000237","E16000150","E07000240","26UGFX","E00120200","26UGFX","E65000001","E01023668","E02004936","5","6B2","E00120200","E01023668","E02004936","E33027452","E38000079","E63011552","C1","4A1",51.757759,-0.303984,"E37000048","","E23000027",32371,"E56000035","E54000025","E00120200","E01023668","E02004936"
"AL4 0UZ","AL4  0UZ","AL4 0UZ","198001","","E10000015","E58000664","E07000240","E05013956","E43000290","0","517242","0207935","1","E18000006","E40000007","E92000001","E12000006","5","E14001507","E15000006","E24000005","E30000237","E16000150","E07000240","26UGFX","E00120200","26UGFX","E65000001","E01023668","E02004936","5","6B2","E00120200","E01023668","E02004936","E33027452","E38000079","E63011552","C1","4A1",51.757840,-0.302735,"E37000048","","E23000027",32371,"E56000035","E54000025","E00120200","E01023668","E02004936"
"AL4 0WA","AL4  0WA","AL4 0WA","200112","","E10000015","E58000664","E07000240","E05013956","E43000290","1","517321","0206803","1","E18000006","E40000007","E92000001","E12000006","5","E14001507","E15000006","E24000005","E30000237","E16000150","E07000240","26UGFX","E00120196","26UGFX","E65000001","E01023667","E02004936","5","6D1","E00120196","E01023667","E02004936","E33027453","E38000079","E63011552","C1","5A2",51.747650,-0.301973,"E37000048","","E23000027",30628,"E56000035","E54000025","E00120196","E01023667","E02004936"
"AL4 0WB","AL4  0WB","AL4 0WB","200112","200602","E10000015","E58000664","E07000240","E05013956","E43000290","1","517328","0206823","1","E18000006","E40000007","E92000001","E12000006","5","E14001507","E15000006","E24000005","E30000237","E16000150","E07000240","26UGFX","E00120196","26UGFX","E65000001","E01023667","E02004936","5","6D1","E00120196","E01023667","E02004936","E33027453","E38000079","E63011552","C1","5A2",51.747828,-0.301865,"E37000048","","E23000027",30628,"E56000035","E54000025","E00120196","E01023667","E02004936"
"AL4 0WD","AL4  0WD","AL4 0WD","200112","200806","E10000015","E58000664","E07000240","E05013956","E43000290","1","517328","0206823","1","E18000006","E40000007","E92000001","E12000006","5","E14001507","E15000006","E24000005","E30000237","E16000150","E07000240","26UGFX","E00120196","26UGFX","E65000001","E01023667","E02004936","5","6D1","E00120196","E01023667","E02004936","E33027453","E38000079","E63011552","C1","5A2",51.747828,-0.301865,"E37000048","","E23000027",30628,"E56000035","E54000025","E00120196","E01023667","E02004936"
"AL4 0WE","AL4  0WE","AL4 0WE","200206","200402","E10000015","E58000664","E07000240","E05013956","E43000290","1","517328","0206823","5","E18000006","E40000007","E92000001","E12000006","5","E14001507","E15000006","E24000005","E30000237","E16000150","E07000240","26UGFX","E00120196","26UGFX","E65000001","E01023667","E02004936","5","6D1","E00120196","E01023667","E02004936","E33027453","E38000079","E63011552","C1","5A2",51.747828,-0.301865,"E37000048","","E23000027",30628,"E56000035","E54000025","E00120196","E01023667","E02004936"
"AL4 0WF","AL4  0WF","AL4 0WF","200206","200301","E10000015","E58000664","E07000240","E05013956","E43000290","1","517328","0206823","5","E18000006","E40000007","E92000001","E12000006","5","E14001507","E15000006","E24000005","E30000237","E16000150","E07000240","26UGFX","E00120196","26UGFX","E65000001","E01023667","E02004936","5","6D1","E00120196","E01023667","E02004936","E33027453","E38000079","E63011552","C1","5A2",51.747828,-0.301865,"E37000048","","E23000027",30628,"E56000035","E54000025","E00120196","E01023667","E02004936"
"AL4 0WG","AL4  0WG","AL4 0WG","200206","200802","E10000015","E58000664","E07000240","E05013956","E43000290","1","517328","0206823","1","E18000006","E40000007","E92000001","E12000006","5","E14001507","E15000006","E24000005","E30000237","E16000150","E07000240","26UGFX","E00120196","26UGFX","E65000001","E01023667","E02004936","5","6D1","E00120196","E01023667","E02004936","E33027453","E38000079","E63011552","C1","5A2",51.747828,-0.301865,"E37000048","","E23000027",30628,"E56000035","E54000025","E00120196","E01023667","E02004936"
"AL4 0WH","AL4  0WH","AL4 0WH","200206","200602","E10000015","E58000664","E07000240","E05013956","E43000290","1","517328","0206823","1","E18000006","E40000007","E92000001","E12000006","5","E14001507","E15000006","E24000005","E30000237","E16000150","E07000240","26UGFX","E00120196","26UGFX","E65000001","E01023667","E02004936","5","6D1","E00120196","E01023667","E02004936","E33027453","E38000079","E63011552","C1","5A2",51.747828,-0.301865,"E37000048","","E23000027",30628,"E56000035","E54000025","E00120196","E01023667","E02004936"
"AL4 0WJ","AL4  0WJ","AL4 0WJ","200205","200207","E10000015","E58000664","E07000240","E05013956","E43000290","1","517328","0206823","5","E18000006","E40000007","E92000001","E12000006","5","E14001507","E15000006","E24000005","E30000237","E16000150","E07000240","26UGFX","E00120196","26UGFX","E65000001","E01023667","E02004936","5","6D1","E00120196","E01023667","E02004936","E33027453","E38000079","E63011552","C1","5A2",51.747828,-0.301865,"E37000048","","E23000027",30628,"E56000035","E54000025","E00120196","E01023667","E02004936"
"AL4 0WL","AL4  0WL","AL4 0WL","200408","200709","E10000015","E58000664","E07000240","E05013956","E43000290","1","517328","0206823","1","E18000006","E40000007","E92000001","E12000006","5","E14001507","E15000006","E24000005","E30000237","E16000150","E07000240","26UGFX","E00120196","26UGFX","E65000001","E01023667","E02004936","5","6D1","E00120196","E01023667","E02004936","E33027453","E38000079","E63011552","C1","5A2",51.747828,-0.301865,"E37000048","","E23000027",30628,"E56000035","E54000025","E00120196","E01023667","E02004936"
"AL4 0WN","AL4  0WN","AL4 0WN","200210","200812","E10000015","E58000664","E07000240","E05013956","E43000290","1","517328","0206823","1","E18000006","E40000007","E92000001","E12000006","5","E14001507","E15000006","E24000005","E30000237","E16000150","E07000240","26UGFX","E00120196","26UGFX","E65000001","E01023667","E02004936","5","6D1","E00120196","E01023667","E02004936","E33027453","E38000079","E63011552","C1","5A2",51.747828,-0.301865,"E37000048","","E23000027",30628,"E56000035","E54000025","E00120196","E01023667","E02004936"
"AL4 0WP","AL4  0WP","AL4 0WP","200305","201012","E10000015","E58000664","E07000240","E05013956","E43000290","1","517328","0206823","1","E18000006","E40000007","E92000001","E12000006","5","E14001507","E15000006","E24000005","E30000237","E16000150","E07000240","26UGFX","E00120196","26UGFX","E65000001","E01023667","E02004936","5","6D1","E00120196","E01023667","E02004936","E33027453","E38000079","E63011552","C1","5A2",51.747828,-0.301865,"E37000048","","E23000027",30628,"E56000035","E54000025","E00120196","E01023667","E02004936"
"AL4 0WQ","AL4  0WQ","AL4 0WQ","200210","200602","E10000015","E58000664","E07000240","E05013956","E43000290","1","517328","0206823","1","E18000006","E40000007","E92000001","E12000006","5","E14001507","E15000006","E24000005","E30000237","E16000150","E07000240","26UGFX","E00120196","26UGFX","E65000001","E01023667","E02004936","5","6D1","E00120196","E01023667","E02004936","E33027453","E38000079","E63011552","C1","5A2",51.747828,-0.301865,"E37000048","","E23000027",30628,"E56000035","E54000025","E00120196","E01023667","E02004936"
"AL4 0WR","AL4  0WR","AL4 0WR","200304","200602","E10000015","E58000664","E07000240","E05013956","E43000290","1","517328","0206823","1","E18000006","E40000007","E92000001","E12000006","5","E14001507","E15000006","E24000005","E30000237","E16000150","E07000240","26UGFX","E00120196","26UGFX","E65000001","E01023667","E02004936","5","6D1","E00120196","E01023667","E02004936","E33027453","E38000079","E63011552","C1","5A2",51.747828,-0.301865,"E37000048","","E23000027",30628,"E56000035","E54000025","E00120196","E01023667","E02004936"
"AL4 0WS","AL4  0WS","AL4 0WS","200703","201204","E10000015","E58000664","E07000240","E05013956","E43000290","1","517328","0206823","1","E18000006","E40000007","E92000001","E12000006","5","E14001507","E15000006","E24000005","E30000237","E16000150","E07000240","26UGFX","E00120196","26UGFX","E65000001","E01023667","E02004936","5","6D1","E00120196","E01023667","E02004936","E33027453","E38000079","E63011552","C1","5A2",51.747828,-0.301865,"E37000048","","E23000027",30628,"E56000035","E54000025","E00120196","E01023667","E02004936"
"AL4 0WT","AL4  0WT","AL4 0WT","200302","200703","E10000015","E58000664","E07000240","E05013956","E43000290","1","517328","0206823","1","E18000006","E40000007","E92000001","E12000006","5","E14001507","E15000006","E24000005","E30000237","E16000150","E07000240","26UGFX","E00120196","26UGFX","E65000001","E01023667","E02004936","5","6D1","E00120196","E01023667","E02004936","E33027453","E38000079","E63011552","C1","5A2",51.747828,-0.301865,"E37000048","","E23000027",30628,"E56000035","E54000025","E00120196","E01023667","E02004936"
"AL4 0WU","AL4  0WU","AL4 0WU","200307","200608","E10000015","E58000664","E07000240","E05013956","E43000290","1","517328","0206823","1","E18000006","E40000007","E92000001","E12000006","5","E14001507","E15000006","E24000005","E30000237","E16000150","E07000240","26UGFX","E00120196","26UGFX","E65000001","E01023667","E02004936","5","6D1","E00120196","E01023667","E02004936","E33027453","E38000079","E63011552","C1","5A2",51.747828,-0.301865,"E37000048","","E23000027",30628,"E56000035","E54000025","E00120196","E01023667","E02004936"
"AL4 0WW","AL4  0WW","AL4 0WW","200708","200709","E10000015","E58000664","E07000240","E05013956","E43000290","1","517328","0206823","1","E18000006","E40000007","E92000001","E12000006","5","E14001507","E15000006","E24000005","E30000237","E16000150","E07000240","26UGFX","E00120196","26UGFX","E65000001","E01023667","E02004936","5","6D1","E00120196","E01023667","E02004936","E33027453","E38000079","E63011552","C1","5A2",51.747828,-0.301865,"E37000048","","E23000027",30628,"E56000035","E54000025","E00120196","E01023667","E02004936"
"AL4 0WX","AL4  0WX","AL4 0WX","200207","200310","E10000015","E58000664","E07000240","E05013956","E43000290","1","517328","0206823","5","E18000006","E40000007","E92000001","E12000006","5","E14001507","E15000006","E24000005","E30000237","E16000150","E07000240","26UGFX","E00120196","26UGFX","E65000001","E01023667","E02004936","5","6D1","E00120196","E01023667","E02004936","E33027453","E38000079","E63011552","C1","5A2",51.747828,-0.301865,"E37000048","","E23000027",30628,"E56000035","E54000025","E00120196","E01023667","E02004936"
"AL4 0WY","AL4  0WY","AL4 0WY","200012","200602","E10000015","E58000664","E07000240","E05013956","E43000290","1","517328","0206823","1","E18000006","E40000007","E92000001","E12000006","5","E14001507","E15000006","E24000005","E30000237","E16000150","E07000240","26UGFX","E00120196","26UGFX","E65000001","E01023667","E02004936","5","6D1","E00120196","E01023667","E02004936","E33027453","E38000079","E63011552","C1","5A2",51.747828,-0.301865,"E37000048","","E23000027",30628,"E56000035","E54000025","E00120196","E01023667","E02004936"
"AL4 0WZ","AL4  0WZ","AL4 0WZ","200306","201509","E10000015","E58000664","E07000240","E05013956","E43000290","1","517328","0206823","1","E18000006","E40000007","E92000001","E12000006","5","E14001507","E15000006","E24000005","E30000237","E16000150","E07000240","26UGFX","E00120196","26UGFX","E65000001","E01023667","E02004936","5","6D1","E00120196","E01023667","E02004936","E33027453","E38000079","E63011552","C1","5A2",51.747828,-0.301865,"E37000048","","E23000027",30628,"E56000035","E54000025","E00120196","E01023667","E02004936"
"AL4 0XA","AL4  0XA","AL4 0XA","198001","","E10000015","E58000664","E07000240","E05013956","E43000290","0","517369","0207751","1","E18000006","E40000007","E92000001","E12000006","5","E14001507","E15000006","E24000005","E30000237","E16000150","E07000240","26UGFX","E00120201","26UGFX","E65000001","E01023668","E02004936","5","4D1","E00120201","E01023668","E02004936","E33027452","E38000079","E63011552","C1","6B1",51.756160,-0.300958,"E37000048","","E23000027",32371,"E56000035","E54000025","E00120201","E01023668","E02004936"
"AL4 0XB","AL4  0XB","AL4 0XB","198001","","E10000015","E58000664","E07000240","E05013956","E43000290","1","517492","0207641","1","E18000006","E40000007","E92000001","E12000006","5","E14001507","E15000006","E24000005","E30000237","E16000150","E07000240","26UGFX","E00120182","26UGFX","E65000001","E01023664","E02004936","5","4C3","E00120182","E01023664","E02004936","E33027452","E38000079","E63011552","C1","6A1",51.755145,-0.299214,"E37000048","","E23000027",30060,"E56000035","E54000025","E00120182","E01023664","E02004936"
"AL4 0XD","AL4  0XD","AL4 0XD","198001","","E10000015","E58000664","E07000240","E05013956","E43000290","0","517447","0207546","1","E18000006","E40000007","E92000001","E12000006","5","E14001507","E15000006","E24000005","E30000237","E16000150","E07000240","26UGFX","E00120182","26UGFX","E65000001","E01023664","E02004936","5","4C3","E00120182","E01023664","E02004936","E33027452","E38000079","E63011552","C1","6A1",51.754301,-0.299898,"E37000048","","E23000027",30060,"E56000035","E54000025","E00120182","E01023664","E02004936"
"AL4 0XE","AL4  0XE","AL4 0XE","198001","","E10000015","E58000664","E07000240","E05013956","E43000290","0","517468","0207368","1","E18000006","E40000007","E92000001","E12000006","5","E14001507","E15000006","E24000005","E30000237","E16000150","E07000240","26UGFX","E00120182","26UGFX","E65000001","E01023664","E02004936","5","4C3","E00120182","E01023664","E02004936","E33027452","E38000079","E63011552","C1","6A1",51.752697,-0.299654,"E37000048","","E23000027",30060,"E56000035","E54000025","E00120182","E01023664","E02004936"
"AL4 0XF","AL4  0XF","AL4 0XF","198001","","E10000015","E58000664","E07000240","E05013956","E43000290","0","517502","0207322","1","E18000006","E40000007","E92000001","E12000006","5","E14001507","E15000006","E24000005","E30000237","E16000150","E07000240","26UGFX","E00120182","26UGFX","E65000001","E01023664","E02004936","5","4C3","E00120182","E01023664","E02004936","E33027452","E38000079","E63011552","C1","6A1",51.752276,-0.299177,"E37000048","","E23000027",30060,"E56000035","E54000025","E00120182","E01023664","E02004936"
"AL4 0XG","AL4  0XG","AL4 0XG","198001","","E10000015","E58000664","E07000240","E05013956","E43000290","0","517650","0207341","1","E18000006","E40000007","E92000001","E12000006","5","E14001507","E15000006","E24000005","E30000237","E16000150","E07000240","26UGFX","E00120185","26UGFX","E65000001","E01023664","E02004936","5","2B2","E00120185","E01023664","E02004936","E33027454","E38000079","E63011552","C1","4C3",51.752416,-0.297028,"E37000048","","E23000027",30060,"E56000035","E54000025","E00120185","E01023664","E02004936"
"AL4 0XH","AL4  0XH","AL4 0XH","199912","","E10000015","E58000618","E07000240","E05013956","E43000290","0","517756","0207469","1","E18000006","E40000007","E92000001","E12000006","5","E14001507","E15000006","E24000005","E30000237","E16000150","E07000240","26UGGA","E00120252","26UGGA","E65000001","E01023680","E02004938","5","4D1","E00120252","E01023680","E02004938","E33027462","E38000079","E63011552","C1","5B1",51.753544,-0.295449,"E37000048","","E23000027",25404,"E56000035","E54000025","E00120252","E01023680","E02007090"
"AL4 0XJ","AL4  0XJ","AL4 0XJ","200304","200602","E10000015","E58000664","E07000240","E05013956","E43000290","1","517328","0206823","1","E18000006","E40000007","E92000001","E12000006","5","E14001507","E15000006","E24000005","E30000237","E16000150","E07000240","26UGFX","E00120196","26UGFX","E65000001","E01023667","E02004936","5","6D1","E00120196","E01023667","E02004936","E33027453","E38000079","E63011552","C1","5A2",51.747828,-0.301865,"E37000048","","E23000027",30628,"E56000035","E54000025","E00120196","E01023667","E02004936"
"AL4 0XL","AL4  0XL","AL4 0XL","198001","","E10000015","E58000664","E07000240","E05013956","E43000290","0","517759","0207370","1","E18000006","E40000007","E92000001","E12000006","5","E14001507","E15000006","E24000005","E30000237","E16000150","E07000240","26UGFX","E00120184","26UGFX","E65000001","E01023664","E02004936","5","6D1","E00120184","E01023664","E02004936","E33027454","E38000079","E63011552","C1","5A2",51.752659,-0.295416,"E37000048","","E23000027",30060,"E56000035","E54000025","E00120184","E01023664","E02004936"
"AL4 0XN","AL4  0XN","AL4 0XN","199201","201106","E10000015","E58000649","E07000240","E05013956","E43000290","0","517596","0206971","1","E18000006","E40000007","E92000001","E12000006","5","E14001507","E15000006","E24000005","E30000237","E16000150","E07000240","26UGGA","E00120257","26UGGA","E65000001","E01023677","E02004938","5","7A2","E00120257","E01023677","E02004938","E33027464","E38000079","E63011552","C1","4A1",51.749102,-0.297935,"E37000048","","E23000027",14487,"E56000035","E54000025","E00120257","E01023677","E02007090"
"AL4 0XP","AL4  0XP","AL4 0XP","198001","","E10000015","E58000664","E07000240","E05013956","E43000290","0","517771","0207294","1","E18000006","E40000007","E92000001","E12000006","5","E14001507","E15000006","E24000005","E30000237","E16000150","E07000240","26UGFX","E00120184","26UGFX","E65000001","E01023664","E02004936","5","6D1","E00120184","E01023664","E02004936","E33027454","E38000079","E63011552","C1","5A2",51.751974,-0.295268,"E37000048","","E23000027",30060,"E56000035","E54000025","E00120184","E01023664","E02004936"
"AL4 0XQ","AL4  0XQ","AL4 0XQ","200305","200602","E10000015","E58000664","E07000240","E05013956","E43000290","1","517328","0206823","1","E18000006","E40000007","E92000001","E12000006","5","E14001507","E15000006","E24000005","E30000237","E16000150","E07000240","26UGFX","E00120196","26UGFX","E65000001","E01023667","E02004936","5","6D1","E00120196","E01023667","E02004936","E33027453","E38000079","E63011552","C1","5A2",51.747828,-0.301865,"E37000048","","E23000027",30628,"E56000035","E54000025","E00120196","E01023667","E02004936"
"AL4 0XR","AL4  0XR","AL4 0XR","198001","","E10000015","E58000618","E07000240","E05013956","E43000290","0","517959","0207255","1","E18000006","E40000007","E92000001","E12000006","5","E14001507","E15000006","E24000005","E30000237","E16000150","E07000240","26UGGA","E00120252","26UGGA","E65000001","E01023680","E02004938","5","4D1","E00120252","E01023680","E02004938","E33027462","E38000079","E63011552","C1","5B1",51.751578,-0.292582,"E37000048","","E23000027",25404,"E56000035","E54000025","E00120252","E01023680","E02007090"
"AL4 0XS","AL4  0XS","AL4 0XS","198001","","E10000015","E58000664","E07000240","E05013956","E43000290","0","517831","0207243","1","E18000006","E40000007","E92000001","E12000006","5","E14001507","E15000006","E24000005","E30000237","E16000150","E07000240","26UGFX","E00120184","26UGFX","E65000001","E01023664","E02004936","5","6D1","E00120184","E01023664","E02004936","E33027454","E38000079","E63011552","C1","5A2",51.751497,-0.294440,"E37000048","","E23000027",30060,"E56000035","E54000025","E00120184","E01023664","E02004936"
"AL4 0XT","AL4  0XT","AL4 0XT","198001","","E10000015","E58000664","E07000240","E05013956","E43000290","0","517573","0207270","1","E18000006","E40000007","E92000001","E12000006","5","E14001507","E15000006","E24000005","E30000237","E16000150","E07000240","26UGFX","E00120189","26UGFX","E65000001","E01023664","E02004936","5","4A2","E00120189","E01023664","E02004936","E33027454","E38000079","E63011552","C1","5A2",51.751800,-0.298143,"E37000048","","E23000027",30060,"E56000035","E54000025","E00120189","E01023664","E02004936"
"AL4 0XU","AL4  0XU","AL4 0XU","200309","200610","E10000015","E58000664","E07000240","E05013956","E43000290","1","517328","0206823","1","E18000006","E40000007","E92000001","E12000006","5","E14001507","E15000006","E24000005","E30000237","E16000150","E07000240","26UGFX","E00120196","26UGFX","E65000001","E01023667","E02004936","5","6D1","E00120196","E01023667","E02004936","E33027453","E38000079","E63011552","C1","5A2",51.747828,-0.301865,"E37000048","","E23000027",30628,"E56000035","E54000025","E00120196","E01023667","E02004936"
"AL4 0XW","AL4  0XW","AL4 0XW","198001","","E10000015","E58000664","E07000240","E05013956","E43000290","0","517778","0207344","1","E18000006","E40000007","E92000001","E12000006","5","E14001507","E15000006","E24000005","E30000237","E16000150","E07000240","26UGFX","E00120184","26UGFX","E65000001","E01023664","E02004936","5","6D1","E00120184","E01023664","E02004936","E33027454","E38000079","E63011552","C1","5A2",51.752416,-0.295173,"E37000048","","E23000027",30060,"E56000035","E54000025","E00120184","E01023664","E02004936"
"AL4 0XX","AL4  0XX","AL4 0XX","200012","","E10000015","E58000618","E07000240","E05013956","E43000290","0","517676","0207491","1","E18000006","E40000007","E92000001","E12000006","5","E14001507","E15000006","E24000005","E30000237","E16000150","E07000240","26UGGA","E00120252","26UGGA","E65000001","E01023680","E02004938","5","4D1","E00120252","E01023680","E02004938","E33027462","E38000079","E63011552","C1","5B1",51.753759,-0.296600,"E37000048","","E23000027",25404,"E56000035","E54000025","E00120252","E01023680","E02007090"
"AL4 0XY","AL4  0XY","AL4 0XY","200408","201605","E10000015","E58000664","E07000240","E05013956","E43000290","1","517321","0206803","1","E18000006","E40000007","E92000001","E12000006","5","E14001507","E15000006","E24000005","E30000237","E16000150","E07000240","26UGFX","E00120196","26UGFX","E65000001","E01023667","E02004936","5","6D1","E00120196","E01023667","E02004936","E33027453","E38000079","E63011552","C1","5A2",51.747650,-0.301973,"E37000048","","E23000027",30628,"E56000035","E54000025","E00120196","E01023667","E02004936"
"AL4 0XZ","AL4  0XZ","AL4 0XZ","199101","","E10000015","E58000664","E07000240","E05013956","E43000290","0","517856","0207369","1","E18000006","E40000007","E92000001","E12000006","5","E14001507","E15000006","E24000005","E30000237","E16000150","E07000240","26UGFX","E00120184","26UGFX","E65000001","E01023664","E02004936","5","6D1","E00120184","E01023664","E02004936","E33027454","E38000079","E63011552","C1","5A2",51.752625,-0.294035,"E37000048","","E23000027",30060,"E56000035","E54000025","E00120184","E01023664","E02004936"
"AL4 0YA","AL4  0YA","AL4 0YA","200408","200409","E10000015","E58000664","E07000240","E05013956","E43000290","1","517328","0206823","5","E18000006","E40000007","E92000001","E12000006","5","E14001507","E15000006","E24000005","E30000237","E16000150","E07000240","26UGFX","E00120196","26UGFX","E65000001","E01023667","E02004936","5","6D1","E00120196","E01023667","E02004936","E33027453","E38000079","E63011552","C1","5A2",51.747828,-0.301865,"E37000048","","E23000027",30628,"E56000035","E54000025","E00120196","E01023667","E02004936"
"AL4 0YB","AL4  0YB","AL4 0YB","200106","200402","E10000015","E58000664","E07000240","E05013956","E43000290","1","517328","0206823","1","E18000006","E40000007","E92000001","E12000006","5","E14001507","E15000006","E24000005","E30000237","E16000150","E07000240","26UGFX","E00120196","26UGFX","E65000001","E01023667","E02004936","5","6D1","E00120196","E01023667","E02004936","E33027453","E38000079","E63011552","C1","5A2",51.747828,-0.301865,"E37000048","","E23000027",30628,"E56000035","E54000025","E00120196","E01023667","E02004936"
"AL4 0YD","AL4  0YD","AL4 0YD","199308","200006","E10000015","E58000618","E07000240","E05013956","E43000290","1","518486","0206863","6","E18000006","E40000007","E92000001","E12000006","5","E14001507","E15000006","E24000005","E30000237","E16000150","E07000240","26UGGA","E00120248","26UGGA","E65000001","E01023678","E02004938","5","3C2","E00120248","E01023678","E02004938","E33024301","E38000079","E63011552","C1","5B3",51.747944,-0.285085,"E37000048","","E23000027",25970,"E56000035","E54000025","E00120248","E01023678","E02007090"
"AL4 0YE","AL4  0YE","AL4 0YE","199912","201307","E10000015","E58000664","E07000240","E05013956","E43000290","1","517328","0206823","1","E18000006","E40000007","E92000001","E12000006","5","E14001507","E15000006","E24000005","E30000237","E16000150","E07000240","26UGFX","E00120196","26UGFX","E65000001","E01023667","E02004936","5","6D1","E00120196","E01023667","E02004936","E33027453","E38000079","E63011552","C1","5A2",51.747828,-0.301865,"E37000048","","E23000027",30628,"E56000035","E54000025","E00120196","E01023667","E02004936"
"AL4 0YF","AL4  0YF","AL4 0YF","199412","200604","E10000015","E58000664","E07000240","E05013956","E43000290","1","517328","0206823","1","E18000006","E40000007","E92000001","E12000006","5","E14001507","E15000006","E24000005","E30000237","E16000150","E07000240","26UGFX","E00120196","26UGFX","E65000001","E01023667","E02004936","5","6D1","E00120196","E01023667","E02004936","E33027453","E38000079","E63011552","C1","5A2",51.747828,-0.301865,"E37000048","","E23000027",30628,"E56000035","E54000025","E00120196","E01023667","E02004936"
"AL4 0YG","AL4  0YG","AL4 0YG","199912","201110","E10000015","E58000664","E07000240","E05013956","E43000290","1","517328","0206823","1","E18000006","E40000007","E92000001","E12000006","5","E14001507","E15000006","E24000005","E30000237","E16000150","E07000240","26UGFX","E00120196","26UGFX","E65000001","E01023667","E02004936","5","6D1","E00120196","E01023667","E02004936","E33027453","E38000079","E63011552","C1","5A2",51.747828,-0.301865,"E37000048","","E23000027",30628,"E56000035","E54000025","E00120196","E01023667","E02004936"
"AL4 0YH","AL4  0YH","AL4 0YH","200012","200101","E10000015","E58000664","E07000240","E05013956","E43000290","1","517856","0207369","5","E18000006","E40000007","E92000001","E12000006","5","E14001507","E15000006","E24000005","E30000237","E16000150","E07000240","26UGFX","E00120184","26UGFX","E65000001","E01023664","E02004936","5","6D1","E00120184","E01023664","E02004936","E33027454","E38000079","E63011552","C1","5A2",51.752625,-0.294035,"E37000048","","E23000027",30060,"E56000035","E54000025","E00120184","E01023664","E02004936"
"AL4 0YJ","AL4  0YJ","AL4 0YJ","199912","201307","E10000015","E58000664","E07000240","E05013956","E43000290","1","517328","0206823","1","E18000006","E40000007","E92000001","E12000006","5","E14001507","E15000006","E24000005","E30000237","E16000150","E07000240","26UGFX","E00120196","26UGFX","E65000001","E01023667","E02004936","5","6D1","E00120196","E01023667","E02004936","E33027453","E38000079","E63011552","C1","5A2",51.747828,-0.301865,"E37000048","","E23000027",30628,"E56000035","E54000025","E00120196","E01023667","E02004936"
"AL4 0YL","AL4  0YL","AL4 0YL","200012","200408","E10000015","E58000664","E07000240","E05013956","E43000290","1","517328","0206823","1","E18000006","E40000007","E92000001","E12000006","5","E14001507","E15000006","E24000005","E30000237","E16000150","E07000240","26UGFX","E00120196","26UGFX","E65000001","E01023667","E02004936","5","6D1","E00120196","E01023667","E02004936","E33027453","E38000079","E63011552","C1","5A2",51.747828,-0.301865,"E37000048","","E23000027",30628,"E56000035","E54000025","E00120196","E01023667","E02004936"
"AL4 0YN","AL4  0YN","AL4 0YN","200212","200602","E10000015","E58000664","E07000240","E05013956","E43000290","1","517328","0206823","1","E18000006","E40000007","E92000001","E12000006","5","E14001507","E15000006","E24000005","E30000237","E16000150","E07000240","26UGFX","E00120196","26UGFX","E65000001","E01023667","E02004936","5","6D1","E00120196","E01023667","E02004936","E33027453","E38000079","E63011552","C1","5A2",51.747828,-0.301865,"E37000048","","E23000027",30628,"E56000035","E54000025","E00120196","E01023667","E02004936"
"AL4 0YP","AL4  0YP","AL4 0YP","200006","200306","E10000015","E58000664","E07000240","E05013956","E43000290","1","517328","0206823","1","E18000006","E40000007","E92000001","E12000006","5","E14001507","E15000006","E24000005","E30000237","E16000150","E07000240","26UGFX","E00120196","26UGFX","E65000001","E01023667","E02004936","5","6D1","E00120196","E01023667","E02004936","E33027453","E38000079","E63011552","C1","5A2",51.747828,-0.301865,"E37000048","","E23000027",30628,"E56000035","E54000025","E00120196","E01023667","E02004936"
"AL4 0YQ","AL4  0YQ","AL4 0YQ","200006","200602","E10000015","E58000664","E07000240","E05013956","E43000290","1","517328","0206823","1","E18000006","E40000007","E92000001","E12000006","5","E14001507","E15000006","E24000005","E30000237","E16000150","E07000240","26UGFX","E00120196","26UGFX","E65000001","E01023667","E02004936","5","6D1","E00120196","E01023667","E02004936","E33027453","E38000079","E63011552","C1","5A2",51.747828,-0.301865,"E37000048","","E23000027",30628,"E56000035","E54000025","E00120196","E01023667","E02004936"
"AL4 0YR","AL4  0YR","AL4 0YR","200006","200303","E10000015","E58000664","E07000240","E05013956","E43000290","1","517328","0206823","1","E18000006","E40000007","E92000001","E12000006","5","E14001507","E15000006","E24000005","E30000237","E16000150","E07000240","26UGFX","E00120196","26UGFX","E65000001","E01023667","E02004936","5","6D1","E00120196","E01023667","E02004936","E33027453","E38000079","E63011552","C1","5A2",51.747828,-0.301865,"E37000048","","E23000027",30628,"E56000035","E54000025","E00120196","E01023667","E02004936"
"AL4 0YS","AL4  0YS","AL4 0YS","199912","200101","E10000015","E58000618","E07000240","E05013956","E43000290","1","518434","0206872","6","E18000006","E40000007","E92000001","E12000006","5","E14001507","E15000006","E24000005","E30000237","E16000150","E07000240","26UGGA","E00120248","26UGGA","E65000001","E01023678","E02004938","5","3C2","E00120248","E01023678","E02004938","E33024301","E38000079","E63011552","C1","5B3",51.748036,-0.285835,"E37000048","","E23000027",25970,"E56000035","E54000025","E00120248","E01023678","E02007090"
"AL4 0YT","AL4  0YT","AL4 0YT","199912","200201","E10000015","E58000664","E07000240","E05013956","E43000290","1","517328","0206823","1","E18000006","E40000007","E92000001","E12000006","5","E14001507","E15000006","E24000005","E30000237","E16000150","E07000240","26UGFX","E00120196","26UGFX","E65000001","E01023667","E02004936","5","6D1","E00120196","E01023667","E02004936","E33027453","E38000079","E63011552","C1","5A2",51.747828,-0.301865,"E37000048","","E23000027",30628,"E56000035","E54000025","E00120196","E01023667","E02004936"
"AL4 0YU","AL4  0YU","AL4 0YU","200810","200909","E10000015","E58000664","E07000240","E05013956","E43000290","1","517328","0206823","1","E18000006","E40000007","E92000001","E12000006","5","E14001507","E15000006","E24000005","E30000237","E16000150","E07000240","26UGFX","E00120196","26UGFX","E65000001","E01023667","E02004936","5","6D1","E00120196","E01023667","E02004936","E33027453","E38000079","E63011552","C1","5A2",51.747828,-0.301865,"E37000048","","E23000027",30628,"E56000035","E54000025","E00120196","E01023667","E02004936"
"AL4 0YW","AL4  0YW","AL4 0YW","200810","200909","E10000015","E58000664","E07000240","E05013956","E43000290","1","517328","0206823","1","E18000006","E40000007","E92000001","E12000006","5","E14001507","E15000006","E24000005","E30000237","E16000150","E07000240","26UGFX","E00120196","26UGFX","E65000001","E01023667","E02004936","5","6D1","E00120196","E01023667","E02004936","E33027453","E38000079","E63011552","C1","5A2",51.747828,-0.301865,"E37000048","","E23000027",30628,"E56000035","E54000025","E00120196","E01023667","E02004936"
"AL4 0YX","AL4  0YX","AL4 0YX","199912","201008","E10000015","E58000664","E07000240","E05013956","E43000290","1","517328","0206823","1","E18000006","E40000007","E92000001","E12000006","5","E14001507","E15000006","E24000005","E30000237","E16000150","E07000240","26UGFX","E00120196","26UGFX","E65000001","E01023667","E02004936","5","6D1","E00120196","E01023667","E02004936","E33027453","E38000079","E63011552","C1","5A2",51.747828,-0.301865,"E37000048","","E23000027",30628,"E56000035","E54000025","E00120196","E01023667","E02004936"
"AL4 0YY","AL4  0YY","AL4 0YY","200408","200709","E10000015","E58000664","E07000240","E05013956","E43000290","1","517328","0206823","1","E18000006","E40000007","E92000001","E12000006","5","E14001507","E15000006","E24000005","E30000237","E16000150","E07000240","26UGFX","E00120196","26UGFX","E65000001","E01023667","E02004936","5","6D1","E00120196","E01023667","E02004936","E33027453","E38000079","E63011552","C1","5A2",51.747828,-0.301865,"E37000048","","E23000027",30628,"E56000035","E54000025","E00120196","E01023667","E02004936"
"AL4 0YZ","AL4  0YZ","AL4 0YZ","199912","200602","E10000015","E58000664","E07000240","E05013956","E43000290","1","517328","0206823","1","E18000006","E40000007","E92000001","E12000006","5","E14001507","E15000006","E24000005","E30000237","E16000150","E07000240","26UGFX","E00120196","26UGFX","E65000001","E01023667","E02004936","5","6D1","E00120196","E01023667","E02004936","E33027453","E38000079","E63011552","C1","5A2",51.747828,-0.301865,"E37000048","","E23000027",30628,"E56000035","E54000025","E00120196","E01023667","E02004936"
"AL4 0ZD","AL4  0ZD","AL4 0ZD","200304","200905","E10000015","E58000664","E07000240","E05013956","E43000290","1","517328","0206823","1","E18000006","E40000007","E92000001","E12000006","5","E14001507","E15000006","E24000005","E30000237","E16000150","E07000240","26UGFX","E00120196","26UGFX","E65000001","E01023667","E02004936","5","6D1","E00120196","E01023667","E02004936","E33027453","E38000079","E63011552","C1","5A2",51.747828,-0.301865,"E37000048","","E23000027",30628,"E56000035","E54000025","E00120196","E01023667","E02004936"
"AL4 0ZE","AL4  0ZE","AL4 0ZE","202008","202105","E10000015","E58000664","E07000240","E05013956","E43000290","1","517856","0207369","5","E18000006","E40000007","E92000001","E12000006","5","E14001507","E15000006","E24000005","E30000237","E16000150","E07000240","26UGFX","E00120184","26UGFX","E65000001","E01023664","E02004936","5","6D1","E00120184","E01023664","E02004936","E33027454","E38000079","E63011552","C1","5A2",51.752630,-0.294011,"E37000048","","E23000027",30060,"E56000035","E54000025","E00120184","E01023664","E02004936"
"AL4 0ZF","AL4  0ZF","AL4 0ZF","201311","201401","E10000015","E58000664","E07000240","E05013956","E43000290","1","517328","0206823","1","E18000006","E40000007","E92000001","E12000006","5","E14001507","E15000006","E24000005","E30000237","E16000150","E07000240","26UGFX","E00120196","26UGFX","E65000001","E01023667","E02004936","5","6D1","E00120196","E01023667","E02004936","E33027453","E38000079","E63011552","C1","5A2",51.747828,-0.301865,"E37000048","","E23000027",30628,"E56000035","E54000025","E00120196","E01023667","E02004936"
"AL4 0ZG","AL4  0ZG","AL4 0ZG","199812","200209","E10000015","E58000664","E07000240","E05013956","E43000290","1","517328","0206823","1","E18000006","E40000007","E92000001","E12000006","5","E14001507","E15000006","E24000005","E30000237","E16000150","E07000240","26UGFX","E00120196","26UGFX","E65000001","E01023667","E02004936","5","6D1","E00120196","E01023667","E02004936","E33027453","E38000079","E63011552","C1","5A2",51.747828,-0.301865,"E37000048","","E23000027",30628,"E56000035","E54000025","E00120196","E01023667","E02004936"
"AL4 0ZH","AL4  0ZH","AL4 0ZH","200401","200507","E10000015","E58000664","E07000240","E05013956","E43000290","1","517328","0206823","5","E18000006","E40000007","E92000001","E12000006","5","E14001507","E15000006","E24000005","E30000237","E16000150","E07000240","26UGFX","E00120196","26UGFX","E65000001","E01023667","E02004936","5","6D1","E00120196","E01023667","E02004936","E33027453","E38000079","E63011552","C1","5A2",51.747828,-0.301865,"E37000048","","E23000027",30628,"E56000035","E54000025","E00120196","E01023667","E02004936"
"AL4 0ZJ","AL4  0ZJ","AL4 0ZJ","200311","201605","E10000015","E58000664","E07000240","E05013956","E43000290","1","517321","0206803","1","E18000006","E40000007","E92000001","E12000006","5","E14001507","E15000006","E24000005","E30000237","E16000150","E07000240","26UGFX","E00120196","26UGFX","E65000001","E01023667","E02004936","5","6D1","E00120196","E01023667","E02004936","E33027453","E38000079","E63011552","C1","5A2",51.747650,-0.301973,"E37000048","","E23000027",30628,"E56000035","E54000025","E00120196","E01023667","E02004936"
"AL4 0ZL","AL4  0ZL","AL4 0ZL","200811","201503","E10000015","E58000664","E07000240","E05013956","E43000290","1","517328","0206823","1","E18000006","E40000007","E92000001","E12000006","5","E14001507","E15000006","E24000005","E30000237","E16000150","E07000240","26UGFX","E00120196","26UGFX","E65000001","E01023667","E02004936","5","6D1","E00120196","E01023667","E02004936","E33027453","E38000079","E63011552","C1","5A2",51.747828,-0.301865,"E37000048","","E23000027",30628,"E56000035","E54000025","E00120196","E01023667","E02004936"
"AL4 0ZN","AL4  0ZN","AL4 0ZN","200306","200901","E10000015","E58000664","E07000240","E05013956","E43000290","1","517328","0206823","1","E18000006","E40000007","E92000001","E12000006","5","E14001507","E15000006","E24000005","E30000237","E16000150","E07000240","26UGFX","E00120196","26UGFX","E65000001","E01023667","E02004936","5","6D1","E00120196","E01023667","E02004936","E33027453","E38000079","E63011552","C1","5A2",51.747828,-0.301865,"E37000048","","E23000027",30628,"E56000035","E54000025","E00120196","E01023667","E02004936"
"AL4 0ZP","AL4  0ZP","AL4 0ZP","199912","200408","E10000015","E58000664","E07000240","E05013956","E43000290","1","517328","0206823","1","E18000006","E40000007","E92000001","E12000006","5","E14001507","E15000006","E24000005","E30000237","E16000150","E07000240","26UGFX","E00120196","26UGFX","E65000001","E01023667","E02004936","5","6D1","E00120196","E01023667","E02004936","E33027453","E38000079","E63011552","C1","5A2",51.747828,-0.301865,"E37000048","","E23000027",30628,"E56000035","E54000025","E00120196","E01023667","E02004936"
"AL4 0ZQ","AL4  0ZQ","AL4 0ZQ","200304","200602","E10000015","E58000664","E07000240","E05013956","E43000290","1","517328","0206823","1","E18000006","E40000007","E92000001","E12000006","5","E14001507","E15000006","E24000005","E30000237","E16000150","E07000240","26UGFX","E00120196","26UGFX","E65000001","E01023667","E02004936","5","6D1","E00120196","E01023667","E02004936","E33027453","E38000079","E63011552","C1","5A2",51.747828,-0.301865,"E37000048","","E23000027",30628,"E56000035","E54000025","E00120196","E01023667","E02004936"
"AL4 0ZR","AL4  0ZR","AL4 0ZR","199906","200207","E10000015","E58000664","E07000240","E05013956","E43000290","1","517328","0206823","1","E18000006","E40000007","E92000001","E12000006","5","E14001507","E15000006","E24000005","E30000237","E16000150","E07000240","26UGFX","E00120196","26UGFX","E65000001","E01023667","E02004936","5","6D1","E00120196","E01023667","E02004936","E33027453","E38000079","E63011552","C1","5A2",51.747828,-0.301865,"E37000048","","E23000027",30628,"E56000035","E54000025","E00120196","E01023667","E02004936"
"AL4 0ZS","AL4  0ZS","AL4 0ZS","200407","200601","E10000015","E58000664","E07000240","E05013956","E43000290","1","517328","0206823","5","E18000006","E40000007","E92000001","E12000006","5","E14001507","E15000006","E24000005","E30000237","E16000150","E07000240","26UGFX","E00120196","26UGFX","E65000001","E01023667","E02004936","5","6D1","E00120196","E01023667","E02004936","E33027453","E38000079","E63011552","C1","5A2",51.747828,-0.301865,"E37000048","","E23000027",30628,"E56000035","E54000025","E00120196","E01023667","E02004936"
"AL4 0ZT","AL4  0ZT","AL4 0ZT","199906","200408","E10000015","E58000664","E07000240","E05013956","E43000290","1","517328","0206823","1","E18000006","E40000007","E92000001","E12000006","5","E14001507","E15000006","E24000005","E30000237","E16000150","E07000240","26UGFX","E00120196","26UGFX","E65000001","E01023667","E02004936","5","6D1","E00120196","E01023667","E02004936","E33027453","E38000079","E63011552","C1","5A2",51.747828,-0.301865,"E37000048","","E23000027",30628,"E56000035","E54000025","E00120196","E01023667","E02004936"
"AL4 0ZU","AL4  0ZU","AL4 0ZU","199806","199912","E10000015","E58000618","E07000240","E05013956","E43000290","1","518539","0206859","6","E18000006","E40000007","E92000001","E12000006","5","E14001507","E15000006","E24000005","E30000237","E16000150","E07000240","26UGGA","E00120248","26UGGA","E65000001","E01023678","E02004938","5","3C2","E00120248","E01023678","E02004938","E33024301","E38000079","E63011552","C1","5B3",51.747897,-0.284319,"E37000048","","E23000027",25970,"E56000035","E54000025","E00120248","E01023678","E02007090"
"AL4 0ZW","AL4  0ZW","AL4 0ZW","200310","200711","E10000015","E58000664","E07000240","E05013956","E43000290","1","517328","0206823","1","E18000006","E40000007","E92000001","E12000006","5","E14001507","E15000006","E24000005","E30000237","E16000150","E07000240","26UGFX","E00120196","26UGFX","E65000001","E01023667","E02004936","5","6D1","E00120196","E01023667","E02004936","E33027453","E38000079","E63011552","C1","5A2",51.747828,-0.301865,"E37000048","","E23000027",30628,"E56000035","E54000025","E00120196","E01023667","E02004936"
"AL4 0ZX","AL4  0ZX","AL4 0ZX","200012","200709","E10000015","E58000664","E07000240","E05013956","E43000290","1","517328","0206823","1","E18000006","E40000007","E92000001","E12000006","5","E14001507","E15000006","E24000005","E30000237","E16000150","E07000240","26UGFX","E00120196","26UGFX","E65000001","E01023667","E02004936","5","6D1","E00120196","E01023667","E02004936","E33027453","E38000079","E63011552","C1","5A2",51.747828,-0.301865,"E37000048","","E23000027",30628,"E56000035","E54000025","E00120196","E01023667","E02004936"
"AL4 0ZY","AL4  0ZY","AL4 0ZY","200308","200602","E10000015","E58000664","E07000240","E05013956","E43000290","1","517328","0206823","1","E18000006","E40000007","E92000001","E12000006","5","E14001507","E15000006","E24000005","E30000237","E16000150","E07000240","26UGFX","E00120196","26UGFX","E65000001","E01023667","E02004936","5","6D1","E00120196","E01023667","E02004936","E33027453","E38000079","E63011552","C1","5A2",51.747828,-0.301865,"E37000048","","E23000027",30628,"E56000035","E54000025","E00120196","E01023667","E02004936"
"AL4 0ZZ","AL4  0ZZ","AL4 0ZZ","199712","200211","E10000015","E58000664","E07000240","E05013956","E43000290","1","517328","0206823","1","E18000006","E40000007","E92000001","E12000006","5","E14001507","E15000006","E24000005","E30000237","E16000150","E07000240","26UGFX","E00120196","26UGFX","E65000001","E01023667","E02004936","5","6D1","E00120196","E01023667","E02004936","E33027453","E38000079","E63011552","C1","5A2",51.747828,-0.301865,"E37000048","","E23000027",30628,"E56000035","E54000025","E00120196","E01023667","E02004936"
"AL4 8AA","AL4  8AA","AL4 8AA","198001","","E10000015","E58000625","E07000240","E05013962","E04013289","0","517718","0214074","1","E18000006","E40000007","E92000001","E12000006","5","E14001268","E15000006","E24000005","E30000237","E16000150","E07000240","26UGGS","E00120598","26UGGS","E65000001","E01023747","E02004927","6","6D2","E00120598","E01023747","E02004927","E33027412","E38000079","E63011447","D1","5B3",51.812919,-0.293737,"E37000048","","E23000027",30440,"E56000035","E54000025","E00120598","E01023747","E02004927"
"AL4 8AB","AL4  8AB","AL4 8AB","198001","199912","E10000015","E58000625","E07000240","E05013962","E04013289","1","517713","0214062","1","E18000006","E40000007","E92000001","E12000006","5","E14001268","E15000006","E24000005","E30000237","E16000150","E07000240","26UGGS","E00120598","26UGGS","E65000001","E01023747","E02004927","6","6D2","E00120598","E01023747","E02004927","E33027412","E38000079","E63011447","D1","5B3",51.812805,-0.293838,"E37000048","","E23000027",30440,"E56000035","E54000025","E00120598","E01023747","E02004927"
"AL4 8AD","AL4  8AD","AL4 8AD","198001","","E10000015","E58000625","E07000240","E05013962","E04013289","0","517540","0213979","1","E18000006","E40000007","E92000001","E12000006","5","E14001268","E15000006","E24000005","E30000237","E16000150","E07000240","26UGGS","E00120600","26UGGS","E65000001","E01023748","E02004927","6","1C1","E00120600","E01023748","E02004927","E33027413","E38000079","E63011447","D1","5B3",51.812095,-0.296375,"E37000048","","E23000027",27718,"E56000035","E54000025","E00120600","E01023748","E02004927"
"AL4 8AE","AL4  8AE","AL4 8AE","198001","","E10000015","E58000625","E07000240","E05013962","E04013289","0","517560","0213924","1","E18000006","E40000007","E92000001","E12000006","5","E14001268","E15000006","E24000005","E30000237","E16000150","E07000240","26UGGS","E00120600","26UGGS","E65000001","E01023748","E02004927","6","1C1","E00120600","E01023748","E02004927","E33027413","E38000079","E63011447","D1","5B3",51.811597,-0.296103,"E37000048","","E23000027",27718,"E56000035","E54000025","E00120600","E01023748","E02004927"
"AL4 8AF","AL4  8AF","AL4 8AF","198001","","E10000015","E58000625","E07000240","E05013962","E04013289","0","517505","0213869","1","E18000006","E40000007","E92000001","E12000006","5","E14001268","E15000006","E24000005","E30000237","E16000150","E07000240","26UGGS","E00120600","26UGGS","E65000001","E01023748","E02004927","6","1C1","E00120600","E01023748","E02004927","E33027413","E38000079","E63011447","D1","5B3",51.811114,-0.296919,"E37000048","","E23000027",27718,"E56000035","E54000025","E00120600","E01023748","E02004927"
"AL4 8AG","AL4  8AG","AL4 8AG","198001","","E10000015","E58000625","E07000240","E05013962","E04013289","0","517469","0213860","1","E18000006","E40000007","E92000001","E12000006","5","E14001268","E15000006","E24000005","E30000237","E16000150","E07000240","26UGGS","E00120600","26UGGS","E65000001","E01023748","E02004927","6","1C1","E00120600","E01023748","E02004927","E33027413","E38000079","E63011447","D1","5B3",51.811048,-0.297420,"E37000048","","E23000027",27718,"E56000035","E54000025","E00120600","E01023748","E02004927"
"AL4 8AH","AL4  8AH","AL4 8AH","198001","","E10000015","E58000625","E07000240","E05013962","E04013289","0","517268","0213610","1","E18000006","E40000007","E92000001","E12000006","5","E14001268","E15000006","E24000005","E30000237","E16000150","E07000240","26UGGS","E00120589","26UGGS","E65000001","E01023747","E02004927","6","6D1","E00120589","E01023747","E02004927","E33027415","E38000079","E63011447","D1","6B2",51.808836,-0.300443,"E37000048","","E23000027",30440,"E56000035","E54000025","E00120589","E01023747","E02004927"
"AL4 8AJ","AL4  8AJ","AL4 8AJ","198001","","E10000015","E58000625","E07000240","E05013962","E04013289","0","517231","0213487","1","E18000006","E40000007","E92000001","E12000006","5","E14001268","E15000006","E24000005","E30000237","E16000150","E07000240","26UGGS","E00120589","26UGGS","E65000001","E01023747","E02004927","6","6D1","E00120589","E01023747","E02004927","E33027415","E38000079","E63011447","D1","6B2",51.807739,-0.301021,"E37000048","","E23000027",30440,"E56000035","E54000025","E00120589","E01023747","E02004927"
"AL4 8AL","AL4  8AL","AL4 8AL","198001","","E10000015","E58000625","E07000240","E05013962","E04013289","0","517271","0213531","1","E18000006","E40000007","E92000001","E12000006","5","E14001268","E15000006","E24000005","E30000237","E16000150","E07000240","26UGGS","E00120589","26UGGS","E65000001","E01023747","E02004927","6","6D1","E00120589","E01023747","E02004927","E33027415","E38000079","E63011447","D1","6B2",51.808126,-0.300426,"E37000048","","E23000027",30440,"E56000035","E54000025","E00120589","E01023747","E02004927"
"AL4 8AN","AL4  8AN","AL4 8AN","198001","","E10000015","E58000625","E07000240","E05013962","E04013289","0","517402","0213732","1","E18000006","E40000007","E92000001","E12000006","5","E14001268","E15000006","E24000005","E30000237","E16000150","E07000240","26UGGS","E00120589","26UGGS","E65000001","E01023747","E02004927","6","6D1","E00120589","E01023747","E02004927","E33027415","E38000079","E63011447","D1","6B2",51.809905,-0.298459,"E37000048","","E23000027",30440,"E56000035","E54000025","E00120589","E01023747","E02004927"
"AL4 8AP","AL4  8AP","AL4 8AP","198001","","E10000015","E58000625","E07000240","E05013962","E04013289","0","517679","0213929","1","E18000006","E40000007","E92000001","E12000006","5","E14001268","E15000006","E24000005","E30000237","E16000150","E07000240","26UGGS","E00120601","26UGGS","E65000001","E01023747","E02004927","6","6D2","E00120601","E01023747","E02004927","E33027413","E38000079","E63011447","D1","5B1",51.811617,-0.294376,"E37000048","","E23000027",30440,"E56000035","E54000025","E00120601","E01023747","E02004927"
"AL4 8AQ","AL4  8AQ","AL4 8AQ","198001","","E10000015","E58000625","E07000240","E05013962","E04013289","0","517378","0213753","1","E18000006","E40000007","E92000001","E12000006","5","E14001268","E15000006","E24000005","E30000237","E16000150","E07000240","26UGGS","E00120600","26UGGS","E65000001","E01023748","E02004927","6","1C1","E00120600","E01023748","E02004927","E33027413","E38000079","E63011447","D1","5B3",51.810098,-0.298800,"E37000048","","E23000027",27718,"E56000035","E54000025","E00120600","E01023748","E02004927"
"AL4 8AR","AL4  8AR","AL4 8AR","198001","","E10000015","E58000625","E07000240","E05013962","E04013289","0","517706","0213915","1","E18000006","E40000007","E92000001","E12000006","5","E14001268","E15000006","E24000005","E30000237","E16000150","E07000240","26UGGS","E00120601","26UGGS","E65000001","E01023747","E02004927","6","6D2","E00120601","E01023747","E02004927","E33027413","E38000079","E63011447","D1","5B1",51.811485,-0.293990,"E37000048","","E23000027",30440,"E56000035","E54000025","E00120601","E01023747","E02004927"
"AL4 8AS","AL4  8AS","AL4 8AS","198001","","E10000015","E58000625","E07000240","E05013962","E04013289","0","517940","0213822","1","E18000006","E40000007","E92000001","E12000006","5","E14001268","E15000006","E24000005","E30000237","E16000150","E07000240","26UGGS","E00120602","26UGGS","E65000001","E01023746","E02004927","6","6B2","E00120602","E01023746","E02004927","E33027413","E38000079","E63011447","D1","5B3",51.810607,-0.290604,"E37000048","","E23000027",19192,"E56000035","E54000025","E00120602","E01023746","E02004927"
"AL4 8AT","AL4  8AT","AL4 8AT","198001","","E10000015","E58000625","E07000240","E05013962","E04013289","0","518078","0213912","1","E18000006","E40000007","E92000001","E12000006","5","E14001268","E15000006","E24000005","E30000237","E16000150","E07000240","26UGGS","E00120598","26UGGS","E65000001","E01023747","E02004927","6","6D2","E00120598","E01023747","E02004927","E33027412","E38000079","E63011447","D1","5B3",51.811387,-0.288573,"E37000048","","E23000027",30440,"E56000035","E54000025","E00120598","E01023747","E02004927"
"AL4 8AU","AL4  8AU","AL4 8AU","198001","","E10000015","E58000625","E07000240","E05013962","E04013289","0","518101","0213897","1","E18000006","E40000007","E92000001","E12000006","5","E14001268","E15000006","E24000005","E30000237","E16000150","E07000240","26UGGS","E00120602","26UGGS","E65000001","E01023746","E02004927","6","6B2","E00120602","E01023746","E02004927","E33027413","E38000079","E63011447","D1","5B3",51.811247,-0.288244,"E37000048","","E23000027",19192,"E56000035","E54000025","E00120602","E01023746","E02004927"
"AL4 8AW","AL4  8AW","AL4 8AW","198001","","E10000015","E58000625","E07000240","E05013962","E04013289","0","517617","0213910","1","E18000006","E40000007","E92000001","E12000006","5","E14001268","E15000006","E24000005","E30000237","E16000150","E07000240","26UGGS","E00120600","26UGGS","E65000001","E01023748","E02004927","6","1C1","E00120600","E01023748","E02004927","E33027413","E38000079","E63011447","D1","5B3",51.811466,-0.295257,"E37000048","","E23000027",27718,"E56000035","E54000025","E00120600","E01023748","E02004927"
"AL4 8AX","AL4  8AX","AL4 8AX","198001","","E10000015","E58000625","E07000240","E05013962","E04013289","0","518088","0213799","1","E18000006","E40000007","E92000001","E12000006","5","E14001268","E15000006","E24000005","E30000237","E16000150","E07000240","26UGGS","E00120602","26UGGS","E65000001","E01023746","E02004927","6","6B2","E00120602","E01023746","E02004927","E33027413","E38000079","E63011447","D1","5B3",51.810369,-0.288466,"E37000048","","E23000027",19192,"E56000035","E54000025","E00120602","E01023746","E02004927"
"AL4 8AY","AL4  8AY","AL4 8AY","198001","","E10000015","E58000625","E07000240","E05013962","E04013289","0","517906","0213888","1","E18000006","E40000007","E92000001","E12000006","5","E14001268","E15000006","E24000005","E30000237","E16000150","E07000240","26UGGS","E00120602","26UGGS","E65000001","E01023746","E02004927","6","6B2","E00120602","E01023746","E02004927","E33027413","E38000079","E63011447","D1","5B3",51.811207,-0.291075,"E37000048","","E23000027",19192,"E56000035","E54000025","E00120602","E01023746","E02004927"
"AL4 8AZ","AL4  8AZ","AL4 8AZ","199412","200203","E10000015","E58000664","E07000240","E05013956","E43000290","1","517328","0206823","1","E18000006","E40000007","E92000001","E12000006","5","E14001507","E15000006","E24000005","E30000237","E16000150","E07000240","26UGFX","E00120196","26UGFX","E65000001","E01023667","E02004936","5","6D1","E00120196","E01023667","E02004936","E33027453","E38000079","E63011552","C1","5A2",51.747828,-0.301865,"E37000048","","E23000027",30628,"E56000035","E54000025","E00120196","E01023667","E02004936"
"AL4 8BA","AL4  8BA","AL4 8BA","198001","","E10000015","E58000625","E07000240","E05013962","E04013289","0","517798","0213965","1","E18000006","E40000007","E92000001","E12000006","5","E14001268","E15000006","E24000005","E30000237","E16000150","E07000240","26UGGS","E00120601","26UGGS","E65000001","E01023747","E02004927","6","6D2","E00120601","E01023747","E02004927","E33027413","E38000079","E63011447","D1","5B1",51.811915,-0.292639,"E37000048","","E23000027",30440,"E56000035","E54000025","E00120601","E01023747","E02004927"
"AL4 8BB","AL4  8BB","AL4 8BB","198001","","E10000015","E58000625","E07000240","E05013962","E04013289","0","517744","0214037","1","E18000006","E40000007","E92000001","E12000006","5","E14001268","E15000006","E24000005","E30000237","E16000150","E07000240","26UGGS","E00120598","26UGGS","E65000001","E01023747","E02004927","6","6D2","E00120598","E01023747","E02004927","E33027412","E38000079","E63011447","D1","5B3",51.812581,-0.293373,"E37000048","","E23000027",30440,"E56000035","E54000025","E00120598","E01023747","E02004927"
"AL4 8BD","AL4  8BD","AL4 8BD","198001","","E10000015","E58000625","E07000240","E05013962","E04013289","1","517769","0214008","1","E18000006","E40000007","E92000001","E12000006","5","E14001268","E15000006","E24000005","E30000237","E16000150","E07000240","26UGGS","E00120598","26UGGS","E65000001","E01023747","E02004927","6","6D2","E00120598","E01023747","E02004927","E33027412","E38000079","E63011447","D1","5B3",51.812315,-0.293020,"E37000048","","E23000027",30440,"E56000035","E54000025","E00120598","E01023747","E02004927"
"AL4 8BE","AL4  8BE","AL4 8BE","198106","","E10000015","E58000625","E07000240","E05013962","E04013289","0","517959","0213988","1","E18000006","E40000007","E92000001","E12000006","5","E14001268","E15000006","E24000005","E30000237","E16000150","E07000240","26UGGS","E00120602","26UGGS","E65000001","E01023746","E02004927","6","6B2","E00120602","E01023746","E02004927","E33027413","E38000079","E63011447","D1","5B3",51.812088,-0.290297,"E37000048","","E23000027",19192,"E56000035","E54000025","E00120602","E01023746","E02004927"
"AL4 8BF","AL4  8BF","AL4 8BF","200112","200301","E10000015","E58000664","E07000240","E05013956","E43000290","1","517328","0206823","1","E18000006","E40000007","E92000001","E12000006","5","E14001507","E15000006","E24000005","E30000237","E16000150","E07000240","26UGFX","E00120196","26UGFX","E65000001","E01023667","E02004936","5","6D1","E00120196","E01023667","E02004936","E33027453","E38000079","E63011552","C1","5A2",51.747828,-0.301865,"E37000048","","E23000027",30628,"E56000035","E54000025","E00120196","E01023667","E02004936"
"AL4 8BG","AL4  8BG","AL4 8BG","198106","","E10000015","E58000625","E07000240","E05013962","E04013289","0","517890","0213960","1","E18000006","E40000007","E92000001","E12000006","5","E14001268","E15000006","E24000005","E30000237","E16000150","E07000240","26UGGS","E00120602","26UGGS","E65000001","E01023746","E02004927","6","6B2","E00120602","E01023746","E02004927","E33027413","E38000079","E63011447","D1","5B3",51.811851,-0.291307,"E37000048","","E23000027",19192,"E56000035","E54000025","E00120602","E01023746","E02004927"
"AL4 8BH","AL4  8BH","AL4 8BH","198001","","E10000015","E58000625","E07000240","E05013962","E04013289","0","517786","0214085","1","E18000006","E40000007","E92000001","E12000006","5","E14001268","E15000006","E24000005","E30000237","E16000150","E07000240","26UGGS","E00120602","26UGGS","E65000001","E01023746","E02004927","6","6B2","E00120602","E01023746","E02004927","E33027413","E38000079","E63011447","D1","5B3",51.812996,-0.292772,"E37000048","","E23000027",19192,"E56000035","E54000025","E00120602","E01023746","E02004927"
"AL4 8BJ","AL4  8BJ","AL4 8BJ","198001","","E10000015","E58000625","E07000240","E05013962","E04013289","0","517858","0214038","1","E18000006","E40000007","E92000001","E12000006","5","E14001268","E15000006","E24000005","E30000237","E16000150","E07000240","26UGGS","E00120602","26UGGS","E65000001","E01023746","E02004927","6","6B2","E00120602","E01023746","E02004927","E33027413","E38000079","E63011447","D1","5B3",51.812566,-0.291720,"E37000048","","E23000027",19192,"E56000035","E54000025","E00120602","E01023746","E02004927"
"AL4 8BL","AL4  8BL","AL4 8BL","198001","","E10000015","E58000625","E07000240","E05013962","E04013289","0","517904","0214025","1","E18000006","E40000007","E92000001","E12000006","5","E14001268","E15000006","E24000005","E30000237","E16000150","E07000240","26UGGS","E00120602","26UGGS","E65000001","E01023746","E02004927","6","6B2","E00120602","E01023746","E02004927","E33027413","E38000079","E63011447","D1","5B3",51.812432,-0.291081,"E37000048","","E23000027",19192,"E56000035","E54000025","E00120602","E01023746","E02004927"
"AL4 8BN","AL4  8BN","AL4 8BN","198001","","E10000015","E58000625","E07000240","E05013962","E04013289","0","517902","0214097","1","E18000006","E40000007","E92000001","E12000006","5","E14001268","E15000006","E24000005","E30000237","E16000150","E07000240","26UGGS","E00120598","26UGGS","E65000001","E01023747","E02004927","6","6D2","E00120598","E01023747","E02004927","E33027412","E38000079","E63011447","D1","5B3",51.813080,-0.291086,"E37000048","","E23000027",30440,"E56000035","E54000025","E00120598","E01023747","E02004927"
"AL4 8BP","AL4  8BP","AL4 8BP","198001","","E10000015","E58000625","E07000240","E05013962","E04013289","0","517844","0214086","1","E18000006","E40000007","E92000001","E12000006","5","E14001268","E15000006","E24000005","E30000237","E16000150","E07000240","26UGGS","E00120602","26UGGS","E65000001","E01023746","E02004927","6","6B2","E00120602","E01023746","E02004927","E33027413","E38000079","E63011447","D1","5B3",51.813000,-0.291906,"E37000048","","E23000027",19192,"E56000035","E54000025","E00120602","E01023746","E02004927"
"AL4 8BQ","AL4  8BQ","AL4 8BQ","198001","","E10000015","E58000625","E07000240","E05013962","E04013289","1","517763","0214098","1","E18000006","E40000007","E92000001","E12000006","5","E14001268","E15000006","E24000005","E30000237","E16000150","E07000240","26UGGS","E00120598","26UGGS","E65000001","E01023747","E02004927","6","6D2","E00120598","E01023747","E02004927","E33027412","E38000079","E63011447","D1","5B3",51.813118,-0.293101,"E37000048","","E23000027",30440,"E56000035","E54000025","E00120598","E01023747","E02004927"
"AL4 8BS","AL4  8BS","AL4 8BS","198001","","E10000015","E58000625","E07000240","E05013962","E04013289","0","517761","0214127","1","E18000006","E40000007","E92000001","E12000006","5","E14001268","E15000006","E24000005","E30000237","E16000150","E07000240","26UGGS","E00120602","26UGGS","E65000001","E01023746","E02004927","6","6B2","E00120602","E01023746","E02004927","E33027413","E38000079","E63011447","D1","5B3",51.813379,-0.293120,"E37000048","","E23000027",19192,"E56000035","E54000025","E00120602","E01023746","E02004927"
"AL4 8BT","AL4  8BT","AL4 8BT","200112","","E10000015","E58000625","E07000240","E05013962","E04013289","0","518035","0213878","1","E18000006","E40000007","E92000001","E12000006","5","E14001268","E15000006","E24000005","E30000237","E16000150","E07000240","26UGGS","E00120598","26UGGS","E65000001","E01023747","E02004927","6","6D2","E00120598","E01023747","E02004927","E33027412","E38000079","E63011447","D1","5B3",51.811083,-0.289232,"E37000048","","E23000027",30440,"E56000035","E54000025","E00120598","E01023747","E02004927"
"AL4 8BU","AL4  8BU","AL4 8BU","198001","","E10000015","E58000625","E07000240","E05013962","E04013289","0","517734","0214229","1","E18000006","E40000007","E92000001","E12000006","5","E14001268","E15000006","E24000005","E30000237","E16000150","E07000240","26UGGS","E00120598","26UGGS","E65000001","E01023747","E02004927","6","6D2","E00120598","E01023747","E02004927","E33027412","E38000079","E63011447","D1","5B3",51.814308,-0.293453,"E37000048","","E23000027",30440,"E56000035","E54000025","E00120598","E01023747","E02004927"
"AL4 8BW","AL4  8BW","AL4 8BW","198001","","E10000015","E58000625","E07000240","E05013962","E04013289","0","517992","0214127","1","E18000006","E40000007","E92000001","E12000006","5","E14001268","E15000006","E24000005","E30000237","E16000150","E07000240","26UGGS","E00120598","26UGGS","E65000001","E01023747","E02004927","6","6D2","E00120598","E01023747","E02004927","E33027412","E38000079","E63011447","D1","5B3",51.813337,-0.289747,"E37000048","","E23000027",30440,"E56000035","E54000025","E00120598","E01023747","E02004927"
"AL4 8BX","AL4  8BX","AL4 8BX","198001","","E10000015","E58000625","E07000240","E05013962","E04013289","0","517827","0214232","1","E18000006","E40000007","E92000001","E12000006","5","E14001268","E15000006","E24000005","E30000237","E16000150","E07000240","26UGGS","E00120598","26UGGS","E65000001","E01023747","E02004927","6","6D2","E00120598","E01023747","E02004927","E33027412","E38000079","E63011447","D1","5B3",51.814309,-0.292128,"E37000048","","E23000027",30440,"E56000035","E54000025","E00120598","E01023747","E02004927"
"AL4 8BY","AL4  8BY","AL4 8BY","198001","","E10000015","E58000625","E07000240","E05013962","E04013289","0","517767","0214267","1","E18000006","E40000007","E92000001","E12000006","5","E14001268","E15000006","E24000005","E30000237","E16000150","E07000240","26UGGS","E00120595","26UGGS","E65000001","E01023748","E02004927","6","4B4","E00120595","E01023748","E02004927","E33027413","E38000079","E63011447","D1","6A4",51.814643,-0.292961,"E37000048","","E23000027",27718,"E56000035","E54000025","E00120595","E01023748","E02004927"
"AL4 8BZ","AL4  8BZ","AL4 8BZ","198001","","E10000015","E58000625","E07000240","E05013962","E04013289","0","517943","0214157","1","E18000006","E40000007","E92000001","E12000006","5","E14001268","E15000006","E24000005","E30000237","E16000150","E07000240","26UGGS","E00120598","26UGGS","E65000001","E01023747","E02004927","6","6D2","E00120598","E01023747","E02004927","E33027412","E38000079","E63011447","D1","5B3",51.813610,-0.290471,"E37000048","","E23000027",30440,"E56000035","E54000025","E00120598","E01023747","E02004927"
"AL4 8DA","AL4  8DA","AL4 8DA","198001","","E10000015","E58000625","E07000240","E05013962","E04013289","0","517728","0213944","1","E18000006","E40000007","E92000001","E12000006","5","E14001268","E15000006","E24000005","E30000237","E16000150","E07000240","26UGGS","E00120601","26UGGS","E65000001","E01023747","E02004927","6","6D2","E00120601","E01023747","E02004927","E33027413","E38000079","E63011447","D1","5B1",51.811741,-0.293661,"E37000048","","E23000027",30440,"E56000035","E54000025","E00120601","E01023747","E02004927"
"AL4 8DB","AL4  8DB","AL4 8DB","198001","","E10000015","E58000625","E07000240","E05013962","E04013289","0","517361","0213962","1","E18000006","E40000007","E92000001","E12000006","5","E14001268","E15000006","E24000005","E30000237","E16000150","E07000240","26UGGS","E00120600","26UGGS","E65000001","E01023748","E02004927","6","1C1","E00120600","E01023748","E02004927","E33027413","E38000079","E63011447","D1","5B3",51.811980,-0.298976,"E37000048","","E23000027",27718,"E56000035","E54000025","E00120600","E01023748","E02004927"
"AL4 8DD","AL4  8DD","AL4 8DD","198001","","E10000015","E58000625","E07000240","E05013962","E04013289","0","517454","0213994","1","E18000006","E40000007","E92000001","E12000006","5","E14001268","E15000006","E24000005","E30000237","E16000150","E07000240","26UGGS","E00120600","26UGGS","E65000001","E01023748","E02004927","6","1C1","E00120600","E01023748","E02004927","E33027413","E38000079","E63011447","D1","5B3",51.812248,-0.297617,"E37000048","","E23000027",27718,"E56000035","E54000025","E00120600","E01023748","E02004927"
"AL4 8DE","AL4  8DE","AL4 8DE","198001","","E10000015","E58000625","E07000240","E05013962","E04013289","0","517353","0214002","1","E18000006","E40000007","E92000001","E12000006","5","E14001268","E15000006","E24000005","E30000237","E16000150","E07000240","26UGGS","E00120600","26UGGS","E65000001","E01023748","E02004927","6","1C1","E00120600","E01023748","E02004927","E33027413","E38000079","E63011447","D1","5B3",51.812341,-0.299078,"E37000048","","E23000027",27718,"E56000035","E54000025","E00120600","E01023748","E02004927"
"AL4 8DF","AL4  8DF","AL4 8DF","198001","","E10000015","E58000625","E07000240","E05013962","E04013289","0","517440","0214095","1","E18000006","E40000007","E92000001","E12000006","5","E14001268","E15000006","E24000005","E30000237","E16000150","E07000240","26UGGS","E00120595","26UGGS","E65000001","E01023748","E02004927","6","4B4","E00120595","E01023748","E02004927","E33027413","E38000079","E63011447","D1","6A4",51.813159,-0.297785,"E37000048","","E23000027",27718,"E56000035","E54000025","E00120595","E01023748","E02004927"
"AL4 8DG","AL4  8DG","AL4 8DG","199405","","E10000015","E58000625","E07000240","E05013962","E04013289","0","517802","0214307","1","E18000006","E40000007","E92000001","E12000006","5","E14001268","E15000006","E24000005","E30000237","E16000150","E07000240","26UGGS","E00120598","26UGGS","E65000001","E01023747","E02004927","6","6D2","E00120598","E01023747","E02004927","E33027412","E38000079","E63011447","D1","5B3",51.814995,-0.292440,"E37000048","","E23000027",30440,"E56000035","E54000025","E00120598","E01023747","E02004927"
"AL4 8DH","AL4  8DH","AL4 8DH","198001","200111","E10000015","E58000625","E07000240","E05013962","E04013289","0","517600","0213900","5","E18000006","E40000007","E92000001","E12000006","5","E14001268","E15000006","E24000005","E30000237","E16000150","E07000240","26UGGS","E00120600","26UGGS","E65000001","E01023748","E02004927","6","1C1","E00120600","E01023748","E02004927","E33027413","E38000079","E63011447","D1","5B3",51.811373,-0.295532,"E37000048","","E23000027",27718,"E56000035","E54000025","E00120600","E01023748","E02004927"
"AL4 8DJ","AL4  8DJ","AL4 8DJ","200406","","E10000015","E58000625","E07000240","E05013962","E04013289","0","517821","0214411","1","E18000006","E40000007","E92000001","E12000006","5","E14001268","E15000006","E24000005","E30000237","E16000150","E07000240","26UGGS","E00120598","26UGGS","E65000001","E01023747","E02004927","6","6D2","E00120598","E01023747","E02004927","E33027412","E38000079","E63011447","D1","5B3",51.815919,-0.292154,"E37000048","","E23000027",30440,"E56000035","E54000025","E00120598","E01023747","E02004927"
"AL4 8DL","AL4  8DL","AL4 8DL","198001","","E10000015","E58000625","E07000240","E05013962","E04013289","0","517469","0213930","1","E18000006","E40000007","E92000001","E12000006","5","E14001268","E15000006","E24000005","E30000237","E16000150","E07000240","26UGGS","E00120600","26UGGS","E65000001","E01023748","E02004927","6","1C1","E00120600","E01023748","E02004927","E33027413","E38000079","E63011447","D1","5B3",51.811677,-0.297397,"E37000048","","E23000027",27718,"E56000035","E54000025","E00120600","E01023748","E02004927"
"AL4 8DN","AL4  8DN","AL4 8DN","198001","","E10000015","E58000625","E07000240","E05013962","E04013289","0","517421","0213872","1","E18000006","E40000007","E92000001","E12000006","5","E14001268","E15000006","E24000005","E30000237","E16000150","E07000240","26UGGS","E00120600","26UGGS","E65000001","E01023748","E02004927","6","1C1","E00120600","E01023748","E02004927","E33027413","E38000079","E63011447","D1","5B3",51.811159,-0.298136,"E37000048","","E23000027",27718,"E56000035","E54000025","E00120600","E01023748","E02004927"
"AL4 8DP","AL4  8DP","AL4 8DP","198301","","E10000015","E58000625","E07000240","E05013962","E04013289","0","517782","0213871","1","E18000006","E40000007","E92000001","E12000006","5","E14001268","E15000006","E24000005","E30000237","E16000150","E07000240","26UGGS","E00120601","26UGGS","E65000001","E01023747","E02004927","6","6D2","E00120601","E01023747","E02004927","E33027413","E38000079","E63011447","D1","5B1",51.811074,-0.292903,"E37000048","","E23000027",30440,"E56000035","E54000025","E00120601","E01023747","E02004927"
"AL4 8DQ","AL4  8DQ","AL4 8DQ","198001","201503","E10000015","E58000625","E07000240","E05013962","E04013289","0","517525","0213910","1","E18000006","E40000007","E92000001","E12000006","5","E14001268","E15000006","E24000005","E30000237","E16000150","E07000240","26UGGS","E00120600","26UGGS","E65000001","E01023748","E02004927","6","1C1","E00120600","E01023748","E02004927","E33027413","E38000079","E63011447","D1","5B3",51.811478,-0.296616,"E37000048","","E23000027",27718,"E56000035","E54000025","E00120600","E01023748","E02004927"
"AL4 8DR","AL4  8DR","AL4 8DR","198001","201805","E10000015","E58000625","E07000240","E05013962","E04013289","0","517824","0214333","1","E18000006","E40000007","E92000001","E12000006","5","E14001268","E15000006","E24000005","E30000237","E16000150","E07000240","26UGGS","E00120598","26UGGS","E65000001","E01023747","E02004927","6","6D2","E00120598","E01023747","E02004927","E33027412","E38000079","E63011447","D1","5B3",51.815217,-0.292137,"E37000048","","E23000027",30440,"E56000035","E54000025","E00120598","E01023747","E02004927"
"AL4 8DS","AL4  8DS","AL4 8DS","198001","202411","E10000015","E58000625","E07000240","E05013962","E04013289","0","517892","0214422","1","E18000006","E40000007","E92000001","E12000006","5","E14001268","E15000006","E24000005","E30000237","E16000150","E07000240","26UGGS","E00120598","26UGGS","E65000001","E01023747","E02004927","6","6D2","E00120598","E01023747","E02004927","E33027412","E38000079","E63011447","D1","5B3",51.816003,-0.291120,"E37000048","","E23000027",30440,"E56000035","E54000025","E00120598","E01023747","E02004927"
"AL4 8DT","AL4  8DT","AL4 8DT","199002","","E10000015","E58000625","E07000240","E05013962","E04013289","0","517749","0214178","1","E18000006","E40000007","E92000001","E12000006","5","E14001268","E15000006","E24000005","E30000237","E16000150","E07000240","26UGGS","E00120598","26UGGS","E65000001","E01023747","E02004927","6","6D2","E00120598","E01023747","E02004927","E33027412","E38000079","E63011447","D1","5B3",51.813840,-0.293277,"E37000048","","E23000027",30440,"E56000035","E54000025","E00120598","E01023747","E02004927"
"AL4 8DU","AL4  8DU","AL4 8DU","198001","200104","E10000015","E58000625","E07000240","E05013962","E04013289","0","517837","0214885","4","E18000006","E40000007","E92000001","E12000006","5","E14001268","E15000006","E24000005","E30000237","E16000150","E07000240","26UGGS","E00120594","26UGGS","E65000001","E01023748","E02004927","8","3C2","E00120594","E01023748","E02004927","E33027412","E38000079","E63011447","F1","1B2",51.820175,-0.291761,"E37000048","","E23000027",27718,"E56000035","E54000025","E00120594","E01023748","E02004927"
"AL4 8DW","AL4  8DW","AL4 8DW","198301","","E10000015","E58000625","E07000240","E05013962","E04013289","0","517670","0213891","1","E18000006","E40000007","E92000001","E12000006","5","E14001268","E15000006","E24000005","E30000237","E16000150","E07000240","26UGGS","E00120601","26UGGS","E65000001","E01023747","E02004927","6","6D2","E00120601","E01023747","E02004927","E33027413","E38000079","E63011447","D1","5B1",51.811284,-0.294495,"E37000048","","E23000027",30440,"E56000035","E54000025","E00120601","E01023747","E02004927"
"AL4 8DX","AL4  8DX","AL4 8DX","198001","","E10000015","E58000625","E07000240","E05013962","E04013289","0","517186","0213542","1","E18000006","E40000007","E92000001","E12000006","5","E14001268","E15000006","E24000005","E30000237","E16000150","E07000240","26UGGS","E00120600","26UGGS","E65000001","E01023748","E02004927","6","1C1","E00120600","E01023748","E02004927","E33027413","E38000079","E63011447","D1","5B3",51.808249,-0.301631,"E37000048","","E23000027",27718,"E56000035","E54000025","E00120600","E01023748","E02004927"
"AL4 8DY","AL4  8DY","AL4 8DY","198001","","E10000015","E58000625","E07000240","E05013962","E04013289","0","517285","0213389","1","E18000006","E40000007","E92000001","E12000006","5","E14001268","E15000006","E24000005","E30000237","E16000150","E07000240","26UGGS","E00120588","26UGGS","E65000001","E01023749","E02004927","6","4B4","E00120588","E01023749","E02004927","E33027415","E38000079","E63011447","D1","6B4",51.806853,-0.300247,"E37000048","","E23000027",29648,"E56000035","E54000025","E00120588","E01023749","E02004927"
"AL4 8DZ","AL4  8DZ","AL4 8DZ","198001","","E10000015","E58000625","E07000240","E05013962","E04013289","0","517184","0213427","1","E18000006","E40000007","E92000001","E12000006","5","E14001268","E15000006","E24000005","E30000237","E16000150","E07000240","26UGGS","E00120588","26UGGS","E65000001","E01023749","E02004927","6","4B4","E00120588","E01023749","E02004927","E33027415","E38000079","E63011447","D1","6B4",51.807209,-0.301723,"E37000048","","E23000027",29648,"E56000035","E54000025","E00120588","E01023749","E02004927"
"AL4 8EA","AL4  8EA","AL4 8EA","198001","","E10000015","E58000625","E07000240","E05013962","E04013289","0","516751","0213172","1","E18000006","E40000007","E92000001","E12000006","5","E14001268","E15000006","E24000005","E30000237","E16000150","E07000240","26UGGS","E00120585","26UGGS","E65000001","E01023749","E02004927","8","3C1","E00120585","E01023749","E02004927","E33027413","E38000079","","F1","5B3",51.805008,-0.308086,"E37000048","","E23000027",29648,"E56000035","E54000025","E00120585","E01023749","E02004927"
"AL4 8EB","AL4  8EB","AL4 8EB","198001","","E10000015","E58000625","E07000240","E05013962","E04013289","0","516751","0213244","1","E18000006","E40000007","E92000001","E12000006","5","E14001268","E15000006","E24000005","E30000237","E16000150","E07000240","26UGGS","E00120585","26UGGS","E65000001","E01023749","E02004927","8","3C1","E00120585","E01023749","E02004927","E33027413","E38000079","","F1","5B3",51.805655,-0.308062,"E37000048","","E23000027",29648,"E56000035","E54000025","E00120585","E01023749","E02004927"
"AL4 8ED","AL4  8ED","AL4 8ED","198001","","E10000015","E58000625","E07000240","E05013962","E04013289","0","516687","0213723","1","E18000006","E40000007","E92000001","E12000006","5","E14001268","E15000006","E24000005","E30000237","E16000150","E07000240","26UGGS","E00120585","26UGGS","E65000001","E01023749","E02004927","8","3C1","E00120585","E01023749","E02004927","E33027413","E38000079","","F1","5B3",51.809980,-0.308804,"E37000048","","E23000027",29648,"E56000035","E54000025","E00120585","E01023749","E02004927"
"AL4 8EE","AL4  8EE","AL4 8EE","198001","","E10000015","E58000625","E07000240","E05013962","E04013289","0","516188","0214122","1","E18000006","E40000007","E92000001","E12000006","5","E14001268","E15000006","E24000005","E30000237","E16000150","E07000240","26UGGS","E00120585","26UGGS","E65000001","E01023749","E02004927","8","3C1","E00120585","E01023749","E02004927","E33027413","E38000079","","F1","5B3",51.813663,-0.315930,"E37000048","","E23000027",29648,"E56000035","E54000025","E00120585","E01023749","E02004927"
"AL4 8EF","AL4  8EF","AL4 8EF","198001","","E10000015","E58000625","E07000240","E05013962","E04013289","0","516186","0214371","1","E18000006","E40000007","E92000001","E12000006","5","E14001268","E15000006","E24000005","E30000237","E16000150","E07000240","26UGGS","E00120596","26UGGS","E65000001","E01023749","E02004927","7","4B4","E00120596","E01023749","E02004927","E33027414","E38000079","E63011433","E1","6A3",51.815901,-0.315875,"E37000048","","E23000027",29648,"E56000035","E54000025","E00120596","E01023749","E02004927"
"AL4 8EG","AL4  8EG","AL4 8EG","198001","","E10000015","E58000625","E07000240","E05013962","E04013289","0","516220","0212516","1","E18000006","E40000007","E92000001","E12000006","5","E14001268","E15000006","E24000005","E30000237","E16000150","E07000240","26UGGS","E00120585","26UGGS","E65000001","E01023749","E02004927","8","3C1","E00120585","E01023749","E02004927","E33027413","E38000079","","F1","5B3",51.799230,-0.315979,"E37000048","","E23000027",29648,"E56000035","E54000025","E00120585","E01023749","E02004927"
"AL4 8EH","AL4  8EH","AL4 8EH","198001","200303","E10000015","E58000625","E07000240","E05013962","E04013289","0","516708","0213092","1","E18000006","E40000007","E92000001","E12000006","5","E14001268","E15000006","E24000005","E30000237","E16000150","E07000240","26UGGS","E00120585","26UGGS","E65000001","E01023749","E02004927","8","3C1","E00120585","E01023749","E02004927","E33027413","E38000079","","F1","5B3",51.804298,-0.308736,"E37000048","","E23000027",29648,"E56000035","E54000025","E00120585","E01023749","E02004927"
"AL4 8EJ","AL4  8EJ","AL4 8EJ","198001","","E10000015","E58000625","E07000240","E05013962","E04013289","0","517119","0212717","1","E18000006","E40000007","E92000001","E12000006","5","E14001268","E15000006","E24000005","E30000237","E16000150","E07000240","26UGGS","E00120585","26UGGS","E65000001","E01023749","E02004927","8","3C1","E00120585","E01023749","E02004927","E33027413","E38000079","","F1","5B3",51.800849,-0.302881,"E37000048","","E23000027",29648,"E56000035","E54000025","E00120585","E01023749","E02004927"
"AL4 8EL","AL4  8EL","AL4 8EL","198001","","E10000015","E58000625","E07000240","E05013962","E04013289","0","517578","0212653","1","E18000006","E40000007","E92000001","E12000006","5","E14001268","E15000006","E24000005","E30000237","E16000150","E07000240","26UGGS","E00120585","26UGGS","E65000001","E01023749","E02004927","8","3C1","E00120585","E01023749","E02004927","E33027413","E38000079","","F1","5B3",51.800177,-0.296249,"E37000048","","E23000027",29648,"E56000035","E54000025","E00120585","E01023749","E02004927"
"AL4 8EN","AL4  8EN","AL4 8EN","198001","","E10000015","E58000625","E07000240","E05013962","E04013286","0","518328","0212993","1","E18000006","E40000007","E92000001","E12000006","5","E14001268","E15000006","E24000005","E30000237","E16000150","E07000240","26UGGP","E00120526","26UGGP","E65000001","E01023736","E02004930","8","3C2","E00120526","E01023736","E02004930","E33027426","E38000079","","F1","1B2",51.803068,-0.285286,"E37000048","","E23000027",22903,"E56000035","E54000025","E00120526","E01023736","E02004930"
"AL4 8EP","AL4  8EP","AL4 8EP","198001","","E10000015","E58000625","E07000240","E05013962","E04013289","0","520586","0214100","1","E18000006","E40000007","E92000001","E12000006","5","E14001268","E15000006","E24000005","E30000237","E16000150","E07000240","26UGGS","E00120594","26UGGS","E65000001","E01023748","E02004927","8","3C2","E00120594","E01023748","E02004927","E33027412","E38000079","","F1","1B2",51.812535,-0.252169,"E37000048","","E23000027",27718,"E56000035","E54000025","E00120594","E01023748","E02004927"
"AL4 8EQ","AL4  8EQ","AL4 8EQ","198001","","E10000015","E58000625","E07000240","E05013962","E04013289","0","516278","0212514","1","E18000006","E40000007","E92000001","E12000006","5","E14001268","E15000006","E24000005","E30000237","E16000150","E07000240","26UGGS","E00120585","26UGGS","E65000001","E01023749","E02004927","8","3C1","E00120585","E01023749","E02004927","E33027413","E38000079","","F1","5B3",51.799200,-0.315139,"E37000048","","E23000027",29648,"E56000035","E54000025","E00120585","E01023749","E02004927"
"AL4 8ER","AL4  8ER","AL4 8ER","198001","","E10000015","E58000625","E07000240","E05013962","E04013289","0","519125","0213083","1","E18000006","E40000007","E92000001","E12000006","5","E14001268","E15000006","E24000005","E30000237","E16000150","E07000240","26UGGS","E00120591","26UGGS","E65000001","E01023746","E02004927","6","1C1","E00120591","E01023746","E02004927","E33027415","E38000079","","D1","5A2",51.803715,-0.273678,"E37000048","","E23000027",19192,"E56000035","E54000025","E00120591","E01023746","E02004927"
"AL4 8ES","AL4  8ES","AL4 8ES","198001","","E10000015","E58000625","E07000240","E05013962","E04013286","0","519008","0212660","1","E18000006","E40000007","E92000001","E12000006","5","E14001268","E15000006","E24000005","E30000237","E16000150","E07000240","26UGGP","E00120526","26UGGP","E65000001","E01023736","E02004930","8","3C2","E00120526","E01023736","E02004930","E33027426","E38000079","","F1","1B2",51.799938,-0.275519,"E37000048","","E23000027",22903,"E56000035","E54000025","E00120526","E01023736","E02004930"
"AL4 8ET","AL4  8ET","AL4 8ET","198001","","E10000015","E58000625","E07000240","E05013962","E04013286","0","518869","0212394","1","E18000006","E40000007","E92000001","E12000006","5","E14001268","E15000006","E24000005","E30000237","E16000150","E07000240","26UGGP","E00120526","26UGGP","E65000001","E01023736","E02004930","8","3C2","E00120526","E01023736","E02004930","E33027426","E38000079","","F1","1B2",51.797570,-0.277649,"E37000048","","E23000027",22903,"E56000035","E54000025","E00120526","E01023736","E02004930"
"AL4 8EU","AL4  8EU","AL4 8EU","198001","","E10000015","E58000625","E07000240","E05013962","E04013286","0","518643","0212618","1","E18000006","E40000007","E92000001","E12000006","5","E14001268","E15000006","E24000005","E30000237","E16000150","E07000240","26UGGP","E00120526","26UGGP","E65000001","E01023736","E02004930","8","3C2","E00120526","E01023736","E02004930","E33027426","E38000079","","F1","1B2",51.799631,-0.280848,"E37000048","","E23000027",22903,"E56000035","E54000025","E00120526","E01023736","E02004930"
"AL4 8EW","AL4  8EW","AL4 8EW","198001","","E10000015","E58000625","E07000240","E05013962","E04013289","0","520486","0213503","1","E18000006","E40000007","E92000001","E12000006","5","E14001268","E15000006","E24000005","E30000237","E16000150","E07000240","26UGGS","E00120594","26UGGS","E65000001","E01023748","E02004927","8","3C2","E00120594","E01023748","E02004927","E33027412","E38000079","","F1","1B2",51.807191,-0.253827,"E37000048","","E23000027",27718,"E56000035","E54000025","E00120594","E01023748","E02004927"
"AL4 8EX","AL4  8EX","AL4 8EX","198001","","E10000015","E58000625","E07000240","E05013962","E04013286","0","518581","0212802","1","E18000006","E40000007","E92000001","E12000006","5","E14001268","E15000006","E24000005","E30000237","E16000150","E07000240","26UGGP","E00120526","26UGGP","E65000001","E01023736","E02004930","8","3C2","E00120526","E01023736","E02004930","E33027426","E38000079","","F1","1B2",51.801298,-0.281684,"E37000048","","E23000027",22903,"E56000035","E54000025","E00120526","E01023736","E02004930"
"AL4 8EY","AL4  8EY","AL4 8EY","198001","","E10000015","E58000625","E07000240","E05013962","E04013286","0","518056","0212044","1","E18000006","E40000007","E92000001","E12000006","5","E14001268","E15000006","E24000005","E30000237","E16000150","E07000240","26UGGP","E00120526","26UGGP","E65000001","E01023736","E02004930","8","3C2","E00120526","E01023736","E02004930","E33027426","E38000079","","F1","1B2",51.794597,-0.289552,"E37000048","","E23000027",22903,"E56000035","E54000025","E00120526","E01023736","E02004930"
"AL4 8EZ","AL4  8EZ","AL4 8EZ","200006","","E10000015","E58000625","E07000240","E05013962","E04013289","0","516440","0213701","1","E18000006","E40000007","E92000001","E12000006","5","E14001268","E15000006","E24000005","E30000237","E16000150","E07000240","26UGGS","E00120585","26UGGS","E65000001","E01023749","E02004927","8","3C1","E00120585","E01023749","E02004927","E33027413","E38000079","","F1","5B3",51.809827,-0.312417,"E37000048","","E23000027",29648,"E56000035","E54000025","E00120585","E01023749","E02004927"
"AL4 8FA","AL4  8FA","AL4 8FA","200112","200311","E10000015","E58000664","E07000240","E05013956","E43000290","1","517328","0206823","1","E18000006","E40000007","E92000001","E12000006","5","E14001507","E15000006","E24000005","E30000237","E16000150","E07000240","26UGFX","E00120196","26UGFX","E65000001","E01023667","E02004936","5","6D1","E00120196","E01023667","E02004936","E33027453","E38000079","E63011552","C1","5A2",51.747828,-0.301865,"E37000048","","E23000027",30628,"E56000035","E54000025","E00120196","E01023667","E02004936"
"AL4 8FB","AL4  8FB","AL4 8FB","200802","","E10000015","E58000625","E07000240","E05013962","E04013289","0","517157","0212766","1","E18000006","E40000007","E92000001","E12000006","5","E14001268","E15000006","E24000005","E30000237","E16000150","E07000240","26UGGS","E00120585","26UGGS","E65000001","E01023749","E02004927","8","3C1","E00120585","E01023749","E02004927","E33027413","E38000079","","F1","5B3",51.801281,-0.302313,"E37000048","","E23000027",29648,"E56000035","E54000025","E00120585","E01023749","E02004927"
"AL4 8FD","AL4  8FD","AL4 8FD","200112","","E10000015","E58000625","E07000240","E05013962","E04013289","0","518004","0214348","1","E18000006","E40000007","E92000001","E12000006","5","E14001268","E15000006","E24000005","E30000237","E16000150","E07000240","26UGGS","E00120598","26UGGS","E65000001","E01023747","E02004927","6","6D2","E00120598","E01023747","E02004927","E33027412","E38000079","E63011447","D1","5B3",51.815321,-0.289497,"E37000048","","E23000027",30440,"E56000035","E54000025","E00120598","E01023747","E02004927"
"AL4 8FE","AL4  8FE","AL4 8FE","200112","","E10000015","E58000625","E07000240","E05013962","E04013289","0","517891","0214322","1","E18000006","E40000007","E92000001","E12000006","5","E14001268","E15000006","E24000005","E30000237","E16000150","E07000240","26UGGS","E00120598","26UGGS","E65000001","E01023747","E02004927","6","6D2","E00120598","E01023747","E02004927","E33027412","E38000079","E63011447","D1","5B3",51.815104,-0.291169,"E37000048","","E23000027",30440,"E56000035","E54000025","E00120598","E01023747","E02004927"
"AL4 8FF","AL4  8FF","AL4 8FF","200112","","E10000015","E58000625","E07000240","E05013962","E04013289","0","517948","0214301","1","E18000006","E40000007","E92000001","E12000006","5","E14001268","E15000006","E24000005","E30000237","E16000150","E07000240","26UGGS","E00120598","26UGGS","E65000001","E01023747","E02004927","6","6D2","E00120598","E01023747","E02004927","E33027412","E38000079","E63011447","D1","5B3",51.814910,-0.290325,"E37000048","","E23000027",30440,"E56000035","E54000025","E00120598","E01023747","E02004927"
"AL4 8FG","AL4  8FG","AL4 8FG","200304","","E10000015","E58000625","E07000240","E05013962","E04013289","0","517858","0214363","1","E18000006","E40000007","E92000001","E12000006","5","E14001268","E15000006","E24000005","E30000237","E16000150","E07000240","26UGGS","E00120598","26UGGS","E65000001","E01023747","E02004927","6","6D2","E00120598","E01023747","E02004927","E33027412","E38000079","E63011447","D1","5B3",51.815479,-0.291634,"E37000048","","E23000027",30440,"E56000035","E54000025","E00120598","E01023747","E02004927"
"AL4 8FH","AL4  8FH","AL4 8FH","201101","","E10000015","E58000625","E07000240","E05013962","E04013289","0","517456","0213354","1","E18000006","E40000007","E92000001","E12000006","5","E14001268","E15000006","E24000005","E30000237","E16000150","E07000240","26UGGS","E00120588","26UGGS","E65000001","E01023749","E02004927","6","4B4","E00120588","E01023749","E02004927","E33027415","E38000079","E63011447","D1","6B4",51.806496,-0.297804,"E37000048","","E23000027",29648,"E56000035","E54000025","E00120588","E01023749","E02004927"
"AL4 8FJ","AL4  8FJ","AL4 8FJ","200511","","E10000015","E58000625","E07000240","E05013962","E04013289","0","517618","0214168","1","E18000006","E40000007","E92000001","E12000006","5","E14001268","E15000006","E24000005","E30000237","E16000150","E07000240","26UGGS","E00120595","26UGGS","E65000001","E01023748","E02004927","6","4B4","E00120595","E01023748","E02004927","E33027413","E38000079","E63011447","D1","6A4",51.813784,-0.295155,"E37000048","","E23000027",27718,"E56000035","E54000025","E00120595","E01023748","E02004927"
"AL4 8FL","AL4  8FL","AL4 8FL","201512","","E10000015","E58000625","E07000240","E05013962","E04013289","0","517529","0213908","1","E18000006","E40000007","E92000001","E12000006","5","E14001268","E15000006","E24000005","E30000237","E16000150","E07000240","26UGGS","E00120600","26UGGS","E65000001","E01023748","E02004927","6","1C1","E00120600","E01023748","E02004927","E33027413","E38000079","E63011447","D1","5B3",51.811460,-0.296558,"E37000048","","E23000027",27718,"E56000035","E54000025","E00120600","E01023748","E02004927"
"AL4 8FN","AL4  8FN","AL4 8FN","202206","","E10000015","E58000625","E07000240","E05013962","E04013289","0","517910","0214233","1","E18000006","E40000007","E92000001","E12000006","5","E14001268","E15000006","E24000005","E30000237","E16000150","E07000240","26UGGS","E00120598","26UGGS","E65000001","E01023747","E02004927","6","6D2","E00120598","E01023747","E02004927","E33027412","E38000079","E63011447","D1","5B3",51.814307,-0.290899,"E37000048","","E23000027",30440,"E56000035","E54000025","E00120598","E01023747","E02004927"
"AL4 8GA","AL4  8GA","AL4 8GA","199606","200107","E10000015","E58000625","E07000240","E05013962","E04013289","1","517490","0214188","6","E18000006","E40000007","E92000001","E12000006","5","E14001268","E15000006","E24000005","E30000237","E16000150","E07000240","26UGGS","E00120595","26UGGS","E65000001","E01023748","E02004927","6","4B4","E00120595","E01023748","E02004927","E33027413","E38000079","E63011447","D1","6A4",51.813984,-0.297029,"E37000048","","E23000027",27718,"E56000035","E54000025","E00120595","E01023748","E02004927"
"AL4 8GB","AL4  8GB","AL4 8GB","199606","","E10000015","E58000625","E07000240","E05013962","E04013289","0","518378","0215196","1","E18000006","E40000007","E92000001","E12000006","5","E14001268","E15000006","E24000005","E30000237","E16000150","E07000240","26UGGS","E00120594","26UGGS","E65000001","E01023748","E02004927","8","3C2","E00120594","E01023748","E02004927","E33027412","E38000079","","F1","1B2",51.822856,-0.283809,"E37000048","","E23000027",27718,"E56000035","E54000025","E00120594","E01023748","E02004927"
"AL4 8GD","AL4  8GD","AL4 8GD","200006","","E10000015","E58000625","E07000240","E05013962","E04013289","0","517979","0214416","1","E18000006","E40000007","E92000001","E12000006","5","E14001268","E15000006","E24000005","E30000237","E16000150","E07000240","26UGGS","E00120598","26UGGS","E65000001","E01023747","E02004927","6","6D2","E00120598","E01023747","E02004927","E33027412","E38000079","E63011447","D1","5B3",51.815930,-0.289861,"E37000048","","E23000027",30440,"E56000035","E54000025","E00120598","E01023747","E02004927"
"AL4 8GW","AL4  8GW","AL4 8GW","200112","200504","E10000015","E58000625","E07000240","E05013962","E04013289","0","515940","0216578","1","E18000006","E40000007","E92000001","E12000006","5","E14001268","E15000006","E24000005","E30000237","E16000150","E07000240","26UGGS","E00120593","26UGGS","E65000001","E01023748","E02004927","7","4D2","E00120593","E01023748","E02004927","E33027412","E38000079","","E1","6A2",51.835787,-0.318704,"E37000048","","E23000027",27718,"E56000035","E54000025","E00120593","E01023748","E02004927"
"AL4 8HA","AL4  8HA","AL4 8HA","198301","","E10000015","E58000625","E07000240","E05013962","E04013289","0","517537","0214069","1","E18000006","E40000007","E92000001","E12000006","5","E14001268","E15000006","E24000005","E30000237","E16000150","E07000240","26UGGS","E00120600","26UGGS","E65000001","E01023748","E02004927","6","1C1","E00120600","E01023748","E02004927","E33027413","E38000079","E63011447","D1","5B3",51.812905,-0.296388,"E37000048","","E23000027",27718,"E56000035","E54000025","E00120600","E01023748","E02004927"
"AL4 8HB","AL4  8HB","AL4 8HB","199208","199812","E10000015","E58000625","E07000240","E05013962","E04013289","1","517490","0214188","6","E18000006","E40000007","E92000001","E12000006","5","E14001268","E15000006","E24000005","E30000237","E16000150","E07000240","26UGGS","E00120595","26UGGS","E65000001","E01023748","E02004927","6","4B4","E00120595","E01023748","E02004927","E33027413","E38000079","E63011447","D1","6A4",51.813984,-0.297029,"E37000048","","E23000027",27718,"E56000035","E54000025","E00120595","E01023748","E02004927"
"AL4 8HD","AL4  8HD","AL4 8HD","199512","","E10000015","E58000625","E07000240","E05013962","E04013289","0","516297","0214528","1","E18000006","E40000007","E92000001","E12000006","5","E14001268","E15000006","E24000005","E30000237","E16000150","E07000240","26UGGS","E00120596","26UGGS","E65000001","E01023749","E02004927","7","4B4","E00120596","E01023749","E02004927","E33027414","E38000079","E63011433","E1","6A3",51.817296,-0.314189,"E37000048","","E23000027",29648,"E56000035","E54000025","E00120596","E01023749","E02004927"
"AL4 8HE","AL4  8HE","AL4 8HE","199405","","E10000015","E58000646","E07000099","E05015758","E04004781","0","516967","0216610","1","E18000006","E40000007","E92000001","E12000006","5","E14001289","E15000006","E24000005","E30000272","E16000150","E07000099","26UFGS","E00119985","26UFGS","E65000001","E01023626","E02004923","7","4B3","E00119985","E01023626","E02004923","E33027395","E38000049","E63011393","E1","6A2",51.835868,-0.303770,"E37000048","","E23000027",29770,"E56000035","E54000025","E00119985","E01023626","E02004923"
"AL4 8HF","AL4  8HF","AL4 8HF","199412","","E10000015","E58000625","E07000240","E05013962","E04013289","0","516203","0214111","1","E18000006","E40000007","E92000001","E12000006","5","E14001268","E15000006","E24000005","E30000237","E16000150","E07000240","26UGGS","E00120585","26UGGS","E65000001","E01023749","E02004927","8","3C1","E00120585","E01023749","E02004927","E33027413","E38000079","","F1","5B3",51.813568,-0.315692,"E37000048","","E23000027",29648,"E56000035","E54000025","E00120585","E01023749","E02004927"
"AL4 8HG","AL4  8HG","AL4 8HG","199512","200602","E10000015","E58000664","E07000240","E05013956","E43000290","1","517328","0206823","1","E18000006","E40000007","E92000001","E12000006","5","E14001507","E15000006","E24000005","E30000237","E16000150","E07000240","26UGFX","E00120196","26UGFX","E65000001","E01023667","E02004936","5","6D1","E00120196","E01023667","E02004936","E33027453","E38000079","E63011552","C1","5A2",51.747828,-0.301865,"E37000048","","E23000027",30628,"E56000035","E54000025","E00120196","E01023667","E02004936"
"AL4 8HH","AL4  8HH","AL4 8HH","198001","","E10000015","E58000625","E07000240","E05013962","E04013289","0","517013","0214408","1","E18000006","E40000007","E92000001","E12000006","5","E14001268","E15000006","E24000005","E30000237","E16000150","E07000240","26UGGS","E00120585","26UGGS","E65000001","E01023749","E02004927","8","3C1","E00120585","E01023749","E02004927","E33027413","E38000079","","F1","5B3",51.816061,-0.303871,"E37000048","","E23000027",29648,"E56000035","E54000025","E00120585","E01023749","E02004927"
"AL4 8HJ","AL4  8HJ","AL4 8HJ","198001","","E10000015","E58000625","E07000240","E05013962","E04013289","0","516731","0214651","1","E18000006","E40000007","E92000001","E12000006","5","E14001268","E15000006","E24000005","E30000237","E16000150","E07000240","26UGGS","E00120585","26UGGS","E65000001","E01023749","E02004927","8","3C1","E00120585","E01023749","E02004927","E33027413","E38000079","","F1","5B3",51.818304,-0.307878,"E37000048","","E23000027",29648,"E56000035","E54000025","E00120585","E01023749","E02004927"
"AL4 8HL","AL4  8HL","AL4 8HL","198001","","E10000015","E58000625","E07000240","E05013962","E04013289","0","516710","0214657","1","E18000006","E40000007","E92000001","E12000006","5","E14001268","E15000006","E24000005","E30000237","E16000150","E07000240","26UGGS","E00120585","26UGGS","E65000001","E01023749","E02004927","8","3C1","E00120585","E01023749","E02004927","E33027413","E38000079","","F1","5B3",51.818362,-0.308181,"E37000048","","E23000027",29648,"E56000035","E54000025","E00120585","E01023749","E02004927"
"AL4 8HN","AL4  8HN","AL4 8HN","198001","","E10000015","E58000625","E07000240","E05013962","E04013289","0","516375","0214663","1","E18000006","E40000007","E92000001","E12000006","5","E14001268","E15000006","E24000005","E30000237","E16000150","E07000240","26UGGS","E00120596","26UGGS","E65000001","E01023749","E02004927","7","4B4","E00120596","E01023749","E02004927","E33027414","E38000079","E63011433","E1","6A3",51.818486,-0.313037,"E37000048","","E23000027",29648,"E56000035","E54000025","E00120596","E01023749","E02004927"
"AL4 8HP","AL4  8HP","AL4 8HP","198001","","E10000015","E58000625","E07000240","E05013962","E04013289","0","516223","0214534","1","E18000006","E40000007","E92000001","E12000006","5","E14001268","E15000006","E24000005","E30000237","E16000150","E07000240","26UGGS","E00120596","26UGGS","E65000001","E01023749","E02004927","7","4B4","E00120596","E01023749","E02004927","E33027414","E38000079","E63011433","E1","6A3",51.817358,-0.315284,"E37000048","","E23000027",29648,"E56000035","E54000025","E00120596","E01023749","E02004927"
"AL4 8HQ","AL4  8HQ","AL4 8HQ","198001","","E10000015","E58000625","E07000240","E05013962","E04013289","0","516883","0214436","1","E18000006","E40000007","E92000001","E12000006","5","E14001268","E15000006","E24000005","E30000237","E16000150","E07000240","26UGGS","E00120585","26UGGS","E65000001","E01023749","E02004927","8","3C1","E00120585","E01023749","E02004927","E33027413","E38000079","","F1","5B3",51.816340,-0.305747,"E37000048","","E23000027",29648,"E56000035","E54000025","E00120585","E01023749","E02004927"
"AL4 8HR","AL4  8HR","AL4 8HR","198001","","E10000015","E58000625","E07000240","E05013962","E04013289","0","516150","0214720","1","E18000006","E40000007","E92000001","E12000006","5","E14001268","E15000006","E24000005","E30000237","E16000150","E07000240","26UGGS","E00120596","26UGGS","E65000001","E01023749","E02004927","7","4B4","E00120596","E01023749","E02004927","E33027414","E38000079","E63011433","E1","6A3",51.819045,-0.316280,"E37000048","","E23000027",29648,"E56000035","E54000025","E00120596","E01023749","E02004927"
"AL4 8HS","AL4  8HS","AL4 8HS","198001","","E10000015","E58000625","E07000240","E05013962","E04013289","0","516197","0215238","1","E18000006","E40000007","E92000001","E12000006","5","E14001268","E15000006","E24000005","E30000237","E16000150","E07000240","26UGGS","E00120594","26UGGS","E65000001","E01023748","E02004927","8","3C2","E00120594","E01023748","E02004927","E33027412","E38000079","","F1","1B2",51.823691,-0.315425,"E37000048","","E23000027",27718,"E56000035","E54000025","E00120594","E01023748","E02004927"
"AL4 8HT","AL4  8HT","AL4 8HT","198001","","E10000015","E58000625","E07000240","E05013962","E04013289","0","515974","0214721","1","E18000006","E40000007","E92000001","E12000006","5","E14001268","E15000006","E24000005","E30000237","E16000150","E07000240","26UGGS","E00120597","26UGGS","E65000001","E01023749","E02004927","7","4C3","E00120597","E01023749","E02004927","E33027414","E38000079","E63011433","E1","6B3",51.819091,-0.318832,"E37000048","","E23000027",29648,"E56000035","E54000025","E00120597","E01023749","E02004927"
"AL4 8HU","AL4  8HU","AL4 8HU","198001","","E10000015","E58000625","E07000240","E05013962","E04013289","0","515779","0214754","1","E18000006","E40000007","E92000001","E12000006","5","E14001268","E15000006","E24000005","E30000237","E16000150","E07000240","26UGGS","E00120596","26UGGS","E65000001","E01023749","E02004927","7","4B4","E00120596","E01023749","E02004927","E33027414","E38000079","E63011433","E1","6A3",51.819435,-0.321625,"E37000048","","E23000027",29648,"E56000035","E54000025","E00120596","E01023749","E02004927"
"AL4 8HW","AL4  8HW","AL4 8HW","198001","","E10000015","E58000625","E07000240","E05013962","E04013289","0","516274","0214636","1","E18000006","E40000007","E92000001","E12000006","5","E14001268","E15000006","E24000005","E30000237","E16000150","E07000240","26UGGS","E00120596","26UGGS","E65000001","E01023749","E02004927","7","4B4","E00120596","E01023749","E02004927","E33027414","E38000079","E63011433","E1","6A3",51.818264,-0.314510,"E37000048","","E23000027",29648,"E56000035","E54000025","E00120596","E01023749","E02004927"
"AL4 8HX","AL4  8HX","AL4 8HX","198001","","E10000015","E58000625","E07000240","E05013962","E04013289","0","515844","0214818","1","E18000006","E40000007","E92000001","E12000006","5","E14001268","E15000006","E24000005","E30000237","E16000150","E07000240","26UGGS","E00120597","26UGGS","E65000001","E01023749","E02004927","7","4C3","E00120597","E01023749","E02004927","E33027414","E38000079","E63011433","E1","6B3",51.819989,-0.320685,"E37000048","","E23000027",29648,"E56000035","E54000025","E00120597","E01023749","E02004927"
"AL4 8HY","AL4  8HY","AL4 8HY","198001","","E10000015","E58000625","E07000240","E05013962","E04013289","0","515972","0214800","1","E18000006","E40000007","E92000001","E12000006","5","E14001268","E15000006","E24000005","E30000237","E16000150","E07000240","26UGGS","E00120597","26UGGS","E65000001","E01023749","E02004927","7","4C3","E00120597","E01023749","E02004927","E33027414","E38000079","E63011433","E1","6B3",51.819801,-0.318835,"E37000048","","E23000027",29648,"E56000035","E54000025","E00120597","E01023749","E02004927"
"AL4 8HZ","AL4  8HZ","AL4 8HZ","198001","","E10000015","E58000625","E07000240","E05013962","E04013289","0","515984","0214832","1","E18000006","E40000007","E92000001","E12000006","5","E14001268","E15000006","E24000005","E30000237","E16000150","E07000240","26UGGS","E00120597","26UGGS","E65000001","E01023749","E02004927","7","4C3","E00120597","E01023749","E02004927","E33027414","E38000079","E63011433","E1","6B3",51.820086,-0.318650,"E37000048","","E23000027",29648,"E56000035","E54000025","E00120597","E01023749","E02004927"
"AL4 8JA","AL4  8JA","AL4 8JA","198001","","E10000015","E58000625","E07000240","E05013962","E04013289","0","515874","0214890","1","E18000006","E40000007","E92000001","E12000006","5","E14001268","E15000006","E24000005","E30000237","E16000150","E07000240","26UGGS","E00120597","26UGGS","E65000001","E01023749","E02004927","7","4C3","E00120597","E01023749","E02004927","E33027414","E38000079","E63011433","E1","6B3",51.820637,-0.320202,"E37000048","","E23000027",29648,"E56000035","E54000025","E00120597","E01023749","E02004927"
"AL4 8JB","AL4  8JB","AL4 8JB","198001","","E10000015","E58000625","E07000240","E05013962","E04013289","0","515822","0214953","1","E18000006","E40000007","E92000001","E12000006","5","E14001268","E15000006","E24000005","E30000237","E16000150","E07000240","26UGGS","E00120596","26UGGS","E65000001","E01023749","E02004927","7","4B4","E00120596","E01023749","E02004927","E33027414","E38000079","E63011433","E1","6A3",51.821207,-0.320959,"E37000048","","E23000027",29648,"E56000035","E54000025","E00120596","E01023749","E02004927"
"AL4 8JD","AL4  8JD","AL4 8JD","198001","","E10000015","E58000625","E07000240","E05013962","E04013289","0","515629","0214976","1","E18000006","E40000007","E92000001","E12000006","5","E14001268","E15000006","E24000005","E30000237","E16000150","E07000240","26UGGS","E00120596","26UGGS","E65000001","E01023749","E02004927","7","4B4","E00120596","E01023749","E02004927","E33027414","E38000079","E63011433","E1","6A3",51.821461,-0.323726,"E37000048","","E23000027",29648,"E56000035","E54000025","E00120596","E01023749","E02004927"
"AL4 8JE","AL4  8JE","AL4 8JE","198001","","E10000015","E58000625","E07000240","E05013962","E04013289","0","515489","0214957","1","E18000006","E40000007","E92000001","E12000006","5","E14001268","E15000006","E24000005","E30000237","E16000150","E07000240","26UGGS","E00120596","26UGGS","E65000001","E01023749","E02004927","7","4B4","E00120596","E01023749","E02004927","E33027414","E38000079","E63011433","E1","6A3",51.821319,-0.325763,"E37000048","","E23000027",29648,"E56000035","E54000025","E00120596","E01023749","E02004927"
"AL4 8JF","AL4  8JF","AL4 8JF","198001","","E10000015","E58000625","E07000240","E05013962","E04013289","0","515563","0214916","1","E18000006","E40000007","E92000001","E12000006","5","E14001268","E15000006","E24000005","E30000237","E16000150","E07000240","26UGGS","E00120596","26UGGS","E65000001","E01023749","E02004927","7","4B4","E00120596","E01023749","E02004927","E33027414","E38000079","E63011433","E1","6A3",51.820928,-0.324727,"E37000048","","E23000027",29648,"E56000035","E54000025","E00120596","E01023749","E02004927"
"AL4 8JG","AL4  8JG","AL4 8JG","198001","","E10000015","E58000625","E07000240","E05013962","E04013289","0","515702","0214903","1","E18000006","E40000007","E92000001","E12000006","5","E14001268","E15000006","E24000005","E30000237","E16000150","E07000240","26UGGS","E00120597","26UGGS","E65000001","E01023749","E02004927","7","4C3","E00120597","E01023749","E02004927","E33027414","E38000079","E63011433","E1","6B3",51.820783,-0.322716,"E37000048","","E23000027",29648,"E56000035","E54000025","E00120597","E01023749","E02004927"
"AL4 8JH","AL4  8JH","AL4 8JH","198001","","E10000015","E58000625","E07000240","E05013962","E04013289","0","515462","0214900","1","E18000006","E40000007","E92000001","E12000006","5","E14001268","E15000006","E24000005","E30000237","E16000150","E07000240","26UGGS","E00120596","26UGGS","E65000001","E01023749","E02004927","7","4B4","E00120596","E01023749","E02004927","E33027414","E38000079","E63011433","E1","6A3",51.820805,-0.326197,"E37000048","","E23000027",29648,"E56000035","E54000025","E00120596","E01023749","E02004927"
"AL4 8JJ","AL4  8JJ","AL4 8JJ","198402","","E10000015","E58000625","E07000240","E05013962","E04013289","0","517660","0214263","1","E18000006","E40000007","E92000001","E12000006","5","E14001268","E15000006","E24000005","E30000237","E16000150","E07000240","26UGGS","E00120595","26UGGS","E65000001","E01023748","E02004927","6","4B4","E00120595","E01023748","E02004927","E33027413","E38000079","E63011447","D1","6A4",51.814622,-0.294538,"E37000048","","E23000027",27718,"E56000035","E54000025","E00120595","E01023748","E02004927"
"AL4 8JL","AL4  8JL","AL4 8JL","198504","201301","E10000015","E58000625","E07000240","E05013962","E04013289","0","517660","0214320","1","E18000006","E40000007","E92000001","E12000006","5","E14001268","E15000006","E24000005","E30000237","E16000150","E07000240","26UGGS","E00120595","26UGGS","E65000001","E01023748","E02004927","6","4B4","E00120595","E01023748","E02004927","E33027413","E38000079","E63011447","D1","6A4",51.815135,-0.294519,"E37000048","","E23000027",27718,"E56000035","E54000025","E00120595","E01023748","E02004927"
"AL4 8JN","AL4  8JN","AL4 8JN","199405","","E10000015","E58000625","E07000240","E05013962","E04013289","0","517782","0213745","1","E18000006","E40000007","E92000001","E12000006","5","E14001268","E15000006","E24000005","E30000237","E16000150","E07000240","26UGGS","E00120601","26UGGS","E65000001","E01023747","E02004927","6","6D2","E00120601","E01023747","E02004927","E33027413","E38000079","E63011447","D1","5B1",51.809942,-0.292945,"E37000048","","E23000027",30440,"E56000035","E54000025","E00120601","E01023747","E02004927"
"AL4 8JP","AL4  8JP","AL4 8JP","199301","199405","E10000015","E58000625","E07000240","E05013962","E04013289","1","517800","0213700","8","E18000006","E40000007","E92000001","E12000006","5","E14001268","E15000006","E24000005","E30000237","E16000150","E07000240","26UGGS","E00120601","26UGGS","E65000001","E01023747","E02004927","6","6D2","E00120601","E01023747","E02004927","E33027413","E38000079","E63011447","D1","5B1",51.809533,-0.292700,"E37000048","","E23000027",30440,"E56000035","E54000025","E00120601","E01023747","E02004927"
"AL4 8JQ","AL4  8JQ","AL4 8JQ","198001","","E10000015","E58000625","E07000240","E05013962","E04013289","0","515682","0214844","1","E18000006","E40000007","E92000001","E12000006","5","E14001268","E15000006","E24000005","E30000237","E16000150","E07000240","26UGGS","E00120597","26UGGS","E65000001","E01023749","E02004927","7","4C3","E00120597","E01023749","E02004927","E33027414","E38000079","E63011433","E1","6B3",51.820256,-0.323026,"E37000048","","E23000027",29648,"E56000035","E54000025","E00120597","E01023749","E02004927"
"AL4 8JR","AL4  8JR","AL4 8JR","199301","200006","E10000015","E58000625","E07000240","E05013962","E04013289","1","517490","0214188","6","E18000006","E40000007","E92000001","E12000006","5","E14001268","E15000006","E24000005","E30000237","E16000150","E07000240","26UGGS","E00120595","26UGGS","E65000001","E01023748","E02004927","6","4B4","E00120595","E01023748","E02004927","E33027413","E38000079","E63011447","D1","6A4",51.813984,-0.297029,"E37000048","","E23000027",27718,"E56000035","E54000025","E00120595","E01023748","E02004927"
"AL4 8JS","AL4  8JS","AL4 8JS","199412","199806","E10000015","E58000625","E07000240","E05013962","E04013289","1","517407","0214185","6","E18000006","E40000007","E92000001","E12000006","5","E14001268","E15000006","E24000005","E30000237","E16000150","E07000240","26UGGS","E00120595","26UGGS","E65000001","E01023748","E02004927","6","4B4","E00120595","E01023748","E02004927","E33027413","E38000079","E63011447","D1","6A4",51.813975,-0.298233,"E37000048","","E23000027",27718,"E56000035","E54000025","E00120595","E01023748","E02004927"
"AL4 8JT","AL4  8JT","AL4 8JT","199412","199507","E10000015","E58000625","E07000240","E05013962","E04013289","1","517600","0214300","8","E18000006","E40000007","E92000001","E12000006","5","E14001268","E15000006","E24000005","E30000237","E16000150","E07000240","26UGGS","E00120595","26UGGS","E65000001","E01023748","E02004927","6","4B4","E00120595","E01023748","E02004927","E33027413","E38000079","E63011447","D1","6A4",51.814968,-0.295396,"E37000048","","E23000027",27718,"E56000035","E54000025","E00120595","E01023748","E02004927"
"AL4 8JU","AL4  8JU","AL4 8JU","199501","200809","E10000015","E58000664","E07000240","E05013956","E43000290","1","517328","0206823","1","E18000006","E40000007","E92000001","E12000006","5","E14001507","E15000006","E24000005","E30000237","E16000150","E07000240","26UGFX","E00120196","26UGFX","E65000001","E01023667","E02004936","5","6D1","E00120196","E01023667","E02004936","E33027453","E38000079","E63011552","C1","5A2",51.747828,-0.301865,"E37000048","","E23000027",30628,"E56000035","E54000025","E00120196","E01023667","E02004936"
"AL4 8JW","AL4  8JW","AL4 8JW","199208","199212","E10000015","E58000625","E07000240","E05013962","E04013289","1","517800","0213700","8","E18000006","E40000007","E92000001","E12000006","5","E14001268","E15000006","E24000005","E30000237","E16000150","E07000240","26UGGS","E00120601","26UGGS","E65000001","E01023747","E02004927","6","6D2","E00120601","E01023747","E02004927","E33027413","E38000079","E63011447","D1","5B1",51.809533,-0.292700,"E37000048","","E23000027",30440,"E56000035","E54000025","E00120601","E01023747","E02004927"
"AL4 8JX","AL4  8JX","AL4 8JX","199501","199906","E10000015","E58000625","E07000240","E05013962","E04013289","1","517490","0214188","6","E18000006","E40000007","E92000001","E12000006","5","E14001268","E15000006","E24000005","E30000237","E16000150","E07000240","26UGGS","E00120595","26UGGS","E65000001","E01023748","E02004927","6","4B4","E00120595","E01023748","E02004927","E33027413","E38000079","E63011447","D1","6A4",51.813984,-0.297029,"E37000048","","E23000027",27718,"E56000035","E54000025","E00120595","E01023748","E02004927"
"AL4 8JY","AL4  8JY","AL4 8JY","199507","201405","E10000015","E58000664","E07000240","E05013956","E43000290","1","517328","0206823","1","E18000006","E40000007","E92000001","E12000006","5","E14001507","E15000006","E24000005","E30000237","E16000150","E07000240","26UGFX","E00120196","26UGFX","E65000001","E01023667","E02004936","5","6D1","E00120196","E01023667","E02004936","E33027453","E38000079","E63011552","C1","5A2",51.747828,-0.301865,"E37000048","","E23000027",30628,"E56000035","E54000025","E00120196","E01023667","E02004936"
"AL4 8JZ","AL4  8JZ","AL4 8JZ","201504","","E10000015","E58000625","E07000240","E05013962","E04013289","0","517632","0214315","1","E18000006","E40000007","E92000001","E12000006","5","E14001268","E15000006","E24000005","E30000237","E16000150","E07000240","26UGGS","E00120595","26UGGS","E65000001","E01023748","E02004927","6","4B4","E00120595","E01023748","E02004927","E33027413","E38000079","E63011447","D1","6A4",51.815096,-0.294927,"E37000048","","E23000027",27718,"E56000035","E54000025","E00120595","E01023748","E02004927"
"AL4 8LA","AL4  8LA","AL4 8LA","198001","","E10000015","E58000625","E07000240","E05013962","E04013289","0","517513","0216426","1","E18000006","E40000007","E92000001","E12000006","5","E14001268","E15000006","E24000005","E30000237","E16000150","E07000240","26UGGS","E00120593","26UGGS","E65000001","E01023748","E02004927","7","4D2","E00120593","E01023748","E02004927","E33027412","E38000079","E63011393","E1","6A2",51.834092,-0.295937,"E37000048","","E23000027",27718,"E56000035","E54000025","E00120593","E01023748","E02004927"
"AL4 8LB","AL4  8LB","AL4 8LB","198001","","E10000015","E58000625","E07000240","E05013962","E04013289","0","517160","0216470","1","E18000006","E40000007","E92000001","E12000006","5","E14001268","E15000006","E24000005","E30000237","E16000150","E07000240","26UGGS","E00120593","26UGGS","E65000001","E01023748","E02004927","7","4D2","E00120593","E01023748","E02004927","E33027412","E38000079","E63011393","E1","6A2",51.834562,-0.301042,"E37000048","","E23000027",27718,"E56000035","E54000025","E00120593","E01023748","E02004927"
"AL4 8LD","AL4  8LD","AL4 8LD","198001","","E10000015","E58000646","E07000099","E05015758","E04004781","0","516974","0217165","1","E18000006","E40000007","E92000001","E12000006","5","E14001289","E15000006","E24000005","E30000272","E16000150","E07000099","26UFGS","E00119985","26UFGS","E65000001","E01023626","E02004923","7","4B3","E00119985","E01023626","E02004923","E33027395","E38000049","E63011393","E1","6A2",51.840847,-0.303506,"E37000048","","E23000027",29770,"E56000035","E54000025","E00119985","E01023626","E02004923"
"AL4 8LE","AL4  8LE","AL4 8LE","198001","","E10000015","E58000646","E07000099","E05015758","E04004781","0","516958","0216994","1","E18000006","E40000007","E92000001","E12000006","5","E14001289","E15000006","E24000005","E30000272","E16000150","E07000099","26UFGS","E00119985","26UFGS","E65000001","E01023626","E02004923","7","4B3","E00119985","E01023626","E02004923","E33027395","E38000049","E63011393","E1","6A2",51.839313,-0.303796,"E37000048","","E23000027",29770,"E56000035","E54000025","E00119985","E01023626","E02004923"
"AL4 8LF","AL4  8LF","AL4 8LF","198001","","E10000015","E58000646","E07000099","E05015758","E04004781","0","516958","0217038","1","E18000006","E40000007","E92000001","E12000006","5","E14001289","E15000006","E24000005","E30000272","E16000150","E07000099","26UFGS","E00119985","26UFGS","E65000001","E01023626","E02004923","7","4B3","E00119985","E01023626","E02004923","E33027395","E38000049","E63011393","E1","6A2",51.839709,-0.303781,"E37000048","","E23000027",29770,"E56000035","E54000025","E00119985","E01023626","E02004923"
"AL4 8LG","AL4  8LG","AL4 8LG","198001","","E10000015","E58000646","E07000099","E05015758","E04004781","0","516766","0217034","1","E18000006","E40000007","E92000001","E12000006","5","E14001289","E15000006","E24000005","E30000272","E16000150","E07000099","26UFGS","E00119985","26UFGS","E65000001","E01023626","E02004923","7","4B3","E00119985","E01023626","E02004923","E33027395","E38000049","E63011393","E1","6A2",51.839720,-0.306543,"E37000048","","E23000027",29770,"E56000035","E54000025","E00119985","E01023626","E02004923"
"AL4 8LH","AL4  8LH","AL4 8LH","198001","","E10000015","E58000646","E07000099","E05015758","E04004781","0","517005","0216843","1","E18000006","E40000007","E92000001","E12000006","5","E14001289","E15000006","E24000005","E30000272","E16000150","E07000099","26UFGS","E00119985","26UFGS","E65000001","E01023626","E02004923","7","4B3","E00119985","E01023626","E02004923","E33027395","E38000049","E63011393","E1","6A2",51.837954,-0.303140,"E37000048","","E23000027",29770,"E56000035","E54000025","E00119985","E01023626","E02004923"
"AL4 8LJ","AL4  8LJ","AL4 8LJ","198001","","E10000015","E58000646","E07000099","E05015758","E04004781","0","516856","0216744","1","E18000006","E40000007","E92000001","E12000006","5","E14001289","E15000006","E24000005","E30000272","E16000150","E07000099","26UFGS","E00119985","26UFGS","E65000001","E01023626","E02004923","7","4B3","E00119985","E01023626","E02004923","E33027395","E38000049","E63011393","E1","6A2",51.837088,-0.305360,"E37000048","","E23000027",29770,"E56000035","E54000025","E00119985","E01023626","E02004923"
"AL4 8LL","AL4  8LL","AL4 8LL","198001","","E10000015","E58000646","E07000099","E05015758","E04004781","0","516877","0216585","1","E18000006","E40000007","E92000001","E12000006","5","E14001289","E15000006","E24000005","E30000272","E16000150","E07000099","26UFGS","E00119985","26UFGS","E65000001","E01023626","E02004923","7","4B3","E00119985","E01023626","E02004923","E33027395","E38000049","E63011393","E1","6A2",51.835654,-0.305109,"E37000048","","E23000027",29770,"E56000035","E54000025","E00119985","E01023626","E02004923"
"AL4 8LN","AL4  8LN","AL4 8LN","198001","","E10000015","E58000625","E07000240","E05013962","E04013289","0","516997","0216532","1","E18000006","E40000007","E92000001","E12000006","5","E14001268","E15000006","E24000005","E30000237","E16000150","E07000240","26UGGS","E00120593","26UGGS","E65000001","E01023748","E02004927","7","4D2","E00120593","E01023748","E02004927","E33027412","E38000079","E63011393","E1","6A2",51.835153,-0.303386,"E37000048","","E23000027",27718,"E56000035","E54000025","E00120593","E01023748","E02004927"
"AL4 8LP","AL4  8LP","AL4 8LP","198001","","E10000015","E58000625","E07000240","E05013962","E04013289","0","516783","0216388","1","E18000006","E40000007","E92000001","E12000006","5","E14001268","E15000006","E24000005","E30000237","E16000150","E07000240","26UGGS","E00120593","26UGGS","E65000001","E01023748","E02004927","7","4D2","E00120593","E01023748","E02004927","E33027412","E38000079","E63011393","E1","6A2",51.833904,-0.306539,"E37000048","","E23000027",27718,"E56000035","E54000025","E00120593","E01023748","E02004927"
"AL4 8LQ","AL4  8LQ","AL4 8LQ","198001","","E10000015","E58000646","E07000099","E05015758","E04004781","0","516739","0216994","1","E18000006","E40000007","E92000001","E12000006","5","E14001289","E15000006","E24000005","E30000272","E16000150","E07000099","26UFGS","E00119985","26UFGS","E65000001","E01023626","E02004923","7","4B3","E00119985","E01023626","E02004923","E33027395","E38000049","E63011393","E1","6A2",51.839366,-0.306948,"E37000048","","E23000027",29770,"E56000035","E54000025","E00119985","E01023626","E02004923"
"AL4 8LR","AL4  8LR","AL4 8LR","198001","","E10000015","E58000625","E07000240","E05013962","E04013289","0","516932","0216362","1","E18000006","E40000007","E92000001","E12000006","5","E14001268","E15000006","E24000005","E30000237","E16000150","E07000240","26UGGS","E00120593","26UGGS","E65000001","E01023748","E02004927","7","4D2","E00120593","E01023748","E02004927","E33027412","E38000079","E63011393","E1","6A2",51.833639,-0.304386,"E37000048","","E23000027",27718,"E56000035","E54000025","E00120593","E01023748","E02004927"
"AL4 8LS","AL4  8LS","AL4 8LS","198001","","E10000015","E58000625","E07000240","E05013962","E04013289","0","516895","0216313","1","E18000006","E40000007","E92000001","E12000006","5","E14001268","E15000006","E24000005","E30000237","E16000150","E07000240","26UGGS","E00120593","26UGGS","E65000001","E01023748","E02004927","7","4D2","E00120593","E01023748","E02004927","E33027412","E38000079","E63011393","E1","6A2",51.833206,-0.304939,"E37000048","","E23000027",27718,"E56000035","E54000025","E00120593","E01023748","E02004927"
"AL4 8LT","AL4  8LT","AL4 8LT","198001","","E10000015","E58000625","E07000240","E05013962","E04013289","0","517034","0216403","1","E18000006","E40000007","E92000001","E12000006","5","E14001268","E15000006","E24000005","E30000237","E16000150","E07000240","26UGGS","E00120593","26UGGS","E65000001","E01023748","E02004927","7","4D2","E00120593","E01023748","E02004927","E33027412","E38000079","E63011393","E1","6A2",51.833986,-0.302893,"E37000048","","E23000027",27718,"E56000035","E54000025","E00120593","E01023748","E02004927"
"AL4 8LU","AL4  8LU","AL4 8LU","198001","","E10000015","E58000625","E07000240","E05013962","E04013289","0","517057","0216286","1","E18000006","E40000007","E92000001","E12000006","5","E14001268","E15000006","E24000005","E30000237","E16000150","E07000240","26UGGS","E00120593","26UGGS","E65000001","E01023748","E02004927","7","4D2","E00120593","E01023748","E02004927","E33027412","E38000079","E63011393","E1","6A2",51.832930,-0.302599,"E37000048","","E23000027",27718,"E56000035","E54000025","E00120593","E01023748","E02004927"
"AL4 8LW","AL4  8LW","AL4 8LW","198001","","E10000015","E58000625","E07000240","E05013962","E04013289","0","516932","0216458","1","E18000006","E40000007","E92000001","E12000006","5","E14001268","E15000006","E24000005","E30000237","E16000150","E07000240","26UGGS","E00120593","26UGGS","E65000001","E01023748","E02004927","7","4D2","E00120593","E01023748","E02004927","E33027412","E38000079","E63011393","E1","6A2",51.834502,-0.304354,"E37000048","","E23000027",27718,"E56000035","E54000025","E00120593","E01023748","E02004927"
"AL4 8LX","AL4  8LX","AL4 8LX","198001","","E10000015","E58000646","E07000099","E05015758","E04004781","0","517052","0216665","1","E18000006","E40000007","E92000001","E12000006","5","E14001289","E15000006","E24000005","E30000272","E16000150","E07000099","26UFGS","E00119985","26UFGS","E65000001","E01023626","E02004923","7","4B3","E00119985","E01023626","E02004923","E33027395","E38000049","E63011393","E1","6A2",51.836337,-0.302543,"E37000048","","E23000027",29770,"E56000035","E54000025","E00119985","E01023626","E02004923"
"AL4 8LY","AL4  8LY","AL4 8LY","198001","","E10000015","E58000646","E07000099","E05015758","E04004781","0","516820","0216908","1","E18000006","E40000007","E92000001","E12000006","5","E14001289","E15000006","E24000005","E30000272","E16000150","E07000099","26UFGS","E00119985","26UFGS","E65000001","E01023626","E02004923","7","4B3","E00119985","E01023626","E02004923","E33027395","E38000049","E63011393","E1","6A2",51.838569,-0.305827,"E37000048","","E23000027",29770,"E56000035","E54000025","E00119985","E01023626","E02004923"
"AL4 8LZ","AL4  8LZ","AL4 8LZ","200607","","E10000015","E58000646","E07000099","E05015758","E04004781","0","516659","0216775","1","E18000006","E40000007","E92000001","E12000006","5","E14001289","E15000006","E24000005","E30000272","E16000150","E07000099","26UFGS","E00119985","26UFGS","E65000001","E01023626","E02004923","7","4B3","E00119985","E01023626","E02004923","E33027395","E38000049","E63011393","E1","6A2",51.837408,-0.308207,"E37000048","","E23000027",29770,"E56000035","E54000025","E00119985","E01023626","E02004923"
"AL4 8NA","AL4  8NA","AL4 8NA","199208","199405","E10000015","E58000625","E07000240","E05013962","E04013289","1","517900","0213800","8","E18000006","E40000007","E92000001","E12000006","5","E14001268","E15000006","E24000005","E30000237","E16000150","E07000240","26UGGS","E00120602","26UGGS","E65000001","E01023746","E02004927","6","6B2","E00120602","E01023746","E02004927","E33027413","E38000079","E63011447","D1","5B3",51.810411,-0.291216,"E37000048","","E23000027",19192,"E56000035","E54000025","E00120602","E01023746","E02004927"
"AL4 8NB","AL4  8NB","AL4 8NB","199501","199906","E10000015","E58000625","E07000240","E05013962","E04013289","1","517490","0214188","6","E18000006","E40000007","E92000001","E12000006","5","E14001268","E15000006","E24000005","E30000237","E16000150","E07000240","26UGGS","E00120595","26UGGS","E65000001","E01023748","E02004927","6","4B4","E00120595","E01023748","E02004927","E33027413","E38000079","E63011447","D1","6A4",51.813984,-0.297029,"E37000048","","E23000027",27718,"E56000035","E54000025","E00120595","E01023748","E02004927"
"AL4 8ND","AL4  8ND","AL4 8ND","199906","","E10000015","E58000625","E07000240","E05013962","E04013289","0","518784","0214150","1","E18000006","E40000007","E92000001","E12000006","5","E14001268","E15000006","E24000005","E30000237","E16000150","E07000240","26UGGS","E00120594","26UGGS","E65000001","E01023748","E02004927","8","3C2","E00120594","E01023748","E02004927","E33027412","E38000079","E63011447","F1","1B2",51.813376,-0.278255,"E37000048","","E23000027",27718,"E56000035","E54000025","E00120594","E01023748","E02004927"
"AL4 8NE","AL4  8NE","AL4 8NE","198301","199405","E10000015","E58000625","E07000240","E05013962","E04013289","1","517900","0213800","8","E18000006","E40000007","E92000001","E12000006","5","E14001268","E15000006","E24000005","E30000237","E16000150","E07000240","26UGGS","E00120602","26UGGS","E65000001","E01023746","E02004927","6","6B2","E00120602","E01023746","E02004927","E33027413","E38000079","E63011447","D1","5B3",51.810411,-0.291216,"E37000048","","E23000027",19192,"E56000035","E54000025","E00120602","E01023746","E02004927"
"AL4 8NF","AL4  8NF","AL4 8NF","198001","199012","E10000015","E58000625","E07000240","E05013962","E04013289","0","517900","0213800","8","E18000006","E40000007","E92000001","E12000006","5","E14001268","E15000006","E24000005","E30000237","E16000150","E07000240","26UGGS","E00120602","26UGGS","E65000001","E01023746","E02004927","6","6B2","E00120602","E01023746","E02004927","E33027413","E38000079","E63011447","D1","5B3",51.810411,-0.291216,"E37000048","","E23000027",19192,"E56000035","E54000025","E00120602","E01023746","E02004927"
"AL4 8NG","AL4  8NG","AL4 8NG","198001","","E10000015","E58000625","E07000240","E05013962","E04013289","0","518146","0213794","1","E18000006","E40000007","E92000001","E12000006","5","E14001268","E15000006","E24000005","E30000237","E16000150","E07000240","26UGGS","E00120584","26UGGS","E65000001","E01023747","E02004927","6","1C2","E00120584","E01023747","E02004927","E33027415","E38000079","E63011447","D1","8A1",51.810312,-0.287627,"E37000048","","E23000027",30440,"E56000035","E54000025","E00120584","E01023747","E02004927"
"AL4 8NH","AL4  8NH","AL4 8NH","198001","","E10000015","E58000625","E07000240","E05013962","E04013289","0","518392","0213764","1","E18000006","E40000007","E92000001","E12000006","5","E14001268","E15000006","E24000005","E30000237","E16000150","E07000240","26UGGS","E00120598","26UGGS","E65000001","E01023747","E02004927","6","6D2","E00120598","E01023747","E02004927","E33027412","E38000079","E63011447","D1","5B3",51.809984,-0.284095,"E37000048","","E23000027",30440,"E56000035","E54000025","E00120598","E01023747","E02004927"
"AL4 8NJ","AL4  8NJ","AL4 8NJ","198001","","E10000015","E58000625","E07000240","E05013962","E04013289","0","518480","0213906","1","E18000006","E40000007","E92000001","E12000006","5","E14001268","E15000006","E24000005","E30000237","E16000150","E07000240","26UGGS","E00120591","26UGGS","E65000001","E01023746","E02004927","6","1C1","E00120591","E01023746","E02004927","E33027415","E38000079","E63011447","D1","5A2",51.811241,-0.282771,"E37000048","","E23000027",19192,"E56000035","E54000025","E00120591","E01023746","E02004927"
"AL4 8NL","AL4  8NL","AL4 8NL","198001","200006","E10000015","E58000625","E07000240","E05013962","E04013289","0","518700","0214000","8","E18000006","E40000007","E92000001","E12000006","5","E14001268","E15000006","E24000005","E30000237","E16000150","E07000240","26UGGS","E00120594","26UGGS","E65000001","E01023748","E02004927","8","3C2","E00120594","E01023748","E02004927","E33027412","E38000079","E63011447","F1","1B2",51.812039,-0.279549,"E37000048","","E23000027",27718,"E56000035","E54000025","E00120594","E01023748","E02004927"
"AL4 8NN","AL4  8NN","AL4 8NN","198001","","E10000015","E58000625","E07000240","E05013962","E04013289","0","518362","0213653","1","E18000006","E40000007","E92000001","E12000006","5","E14001268","E15000006","E24000005","E30000237","E16000150","E07000240","26UGGS","E00120584","26UGGS","E65000001","E01023747","E02004927","6","1C2","E00120584","E01023747","E02004927","E33027415","E38000079","E63011447","D1","8A1",51.808999,-0.284544,"E37000048","","E23000027",30440,"E56000035","E54000025","E00120584","E01023747","E02004927"
"AL4 8NP","AL4  8NP","AL4 8NP","198001","","E10000015","E58000625","E07000240","E05013962","E04013289","0","518191","0213550","1","E18000006","E40000007","E92000001","E12000006","5","E14001268","E15000006","E24000005","E30000237","E16000150","E07000240","26UGGS","E00120584","26UGGS","E65000001","E01023747","E02004927","6","1C2","E00120584","E01023747","E02004927","E33027415","E38000079","E63011447","D1","8A1",51.808103,-0.287082,"E37000048","","E23000027",30440,"E56000035","E54000025","E00120584","E01023747","E02004927"
"AL4 8NQ","AL4  8NQ","AL4 8NQ","198001","","E10000015","E58000625","E07000240","E05013962","E04013289","0","518290","0213741","1","E18000006","E40000007","E92000001","E12000006","5","E14001268","E15000006","E24000005","E30000237","E16000150","E07000240","26UGGS","E00120584","26UGGS","E65000001","E01023747","E02004927","6","1C2","E00120584","E01023747","E02004927","E33027415","E38000079","E63011447","D1","8A1",51.809805,-0.285557,"E37000048","","E23000027",30440,"E56000035","E54000025","E00120584","E01023747","E02004927"
"AL4 8NR","AL4  8NR","AL4 8NR","198001","","E10000015","E58000625","E07000240","E05013962","E04013289","0","518092","0213522","1","E18000006","E40000007","E92000001","E12000006","5","E14001268","E15000006","E24000005","E30000237","E16000150","E07000240","26UGGS","E00120586","26UGGS","E65000001","E01023746","E02004927","6","5B2","E00120586","E01023746","E02004927","E33027415","E38000079","E63011447","D1","8D2",51.807872,-0.288527,"E37000048","","E23000027",19192,"E56000035","E54000025","E00120586","E01023746","E02004927"
"AL4 8NS","AL4  8NS","AL4 8NS","198001","","E10000015","E58000625","E07000240","E05013962","E04013289","0","518121","0213651","1","E18000006","E40000007","E92000001","E12000006","5","E14001268","E15000006","E24000005","E30000237","E16000150","E07000240","26UGGS","E00120584","26UGGS","E65000001","E01023747","E02004927","6","1C2","E00120584","E01023747","E02004927","E33027415","E38000079","E63011447","D1","8A1",51.809025,-0.288062,"E37000048","","E23000027",30440,"E56000035","E54000025","E00120584","E01023747","E02004927"
"AL4 8NT","AL4  8NT","AL4 8NT","198001","","E10000015","E58000625","E07000240","E05013962","E04013289","0","518077","0213710","1","E18000006","E40000007","E92000001","E12000006","5","E14001268","E15000006","E24000005","E30000237","E16000150","E07000240","26UGGS","E00120584","26UGGS","E65000001","E01023747","E02004927","6","1C2","E00120584","E01023747","E02004927","E33027415","E38000079","E63011447","D1","8A1",51.809565,-0.288680,"E37000048","","E23000027",30440,"E56000035","E54000025","E00120584","E01023747","E02004927"
"AL4 8NU","AL4  8NU","AL4 8NU","198001","","E10000015","E58000625","E07000240","E05013962","E04013289","0","518065","0213612","1","E18000006","E40000007","E92000001","E12000006","5","E14001268","E15000006","E24000005","E30000237","E16000150","E07000240","26UGGS","E00120584","26UGGS","E65000001","E01023747","E02004927","6","1C2","E00120584","E01023747","E02004927","E33027415","E38000079","E63011447","D1","8A1",51.808687,-0.288888,"E37000048","","E23000027",30440,"E56000035","E54000025","E00120584","E01023747","E02004927"
"AL4 8NW","AL4  8NW","AL4 8NW","198001","","E10000015","E58000625","E07000240","E05013962","E04013289","0","518252","0213666","1","E18000006","E40000007","E92000001","E12000006","5","E14001268","E15000006","E24000005","E30000237","E16000150","E07000240","26UGGS","E00120584","26UGGS","E65000001","E01023747","E02004927","6","1C2","E00120584","E01023747","E02004927","E33027415","E38000079","E63011447","D1","8A1",51.809132,-0.286158,"E37000048","","E23000027",30440,"E56000035","E54000025","E00120584","E01023747","E02004927"
"AL4 8NX","AL4  8NX","AL4 8NX","198001","","E10000015","E58000625","E07000240","E05013962","E04013289","0","518022","0213575","1","E18000006","E40000007","E92000001","E12000006","5","E14001268","E15000006","E24000005","E30000237","E16000150","E07000240","26UGGS","E00120584","26UGGS","E65000001","E01023747","E02004927","6","1C2","E00120584","E01023747","E02004927","E33027415","E38000079","E63011447","D1","8A1",51.808370,-0.289499,"E37000048","","E23000027",30440,"E56000035","E54000025","E00120584","E01023747","E02004927"
"AL4 8NY","AL4  8NY","AL4 8NY","198001","","E10000015","E58000625","E07000240","E05013962","E04013289","0","517935","0213431","1","E18000006","E40000007","E92000001","E12000006","5","E14001268","E15000006","E24000005","E30000237","E16000150","E07000240","26UGGS","E00120590","26UGGS","E65000001","E01023746","E02004927","6","5B1","E00120590","E01023746","E02004927","E33027415","E38000079","E63011447","D1","7A3",51.807094,-0.290810,"E37000048","","E23000027",19192,"E56000035","E54000025","E00120590","E01023746","E02004927"
"AL4 8NZ","AL4  8NZ","AL4 8NZ","198001","","E10000015","E58000625","E07000240","E05013962","E04013289","0","517853","0213470","1","E18000006","E40000007","E92000001","E12000006","5","E14001268","E15000006","E24000005","E30000237","E16000150","E07000240","26UGGS","E00120587","26UGGS","E65000001","E01023747","E02004927","6","6A1","E00120587","E01023747","E02004927","E33027415","E38000079","E63011447","D1","5A1",51.807455,-0.292009,"E37000048","","E23000027",30440,"E56000035","E54000025","E00120587","E01023747","E02004927"
"AL4 8PA","AL4  8PA","AL4 8PA","198001","","E10000015","E58000625","E07000240","E05013962","E04013289","0","517878","0213552","1","E18000006","E40000007","E92000001","E12000006","5","E14001268","E15000006","E24000005","E30000237","E16000150","E07000240","26UGGS","E00120587","26UGGS","E65000001","E01023747","E02004927","6","6A1","E00120587","E01023747","E02004927","E33027415","E38000079","E63011447","D1","5A1",51.808187,-0.291619,"E37000048","","E23000027",30440,"E56000035","E54000025","E00120587","E01023747","E02004927"
"AL4 8PB","AL4  8PB","AL4 8PB","198001","","E10000015","E58000625","E07000240","E05013962","E04013289","0","517939","0213635","1","E18000006","E40000007","E92000001","E12000006","5","E14001268","E15000006","E24000005","E30000237","E16000150","E07000240","26UGGS","E00120586","26UGGS","E65000001","E01023746","E02004927","6","5B2","E00120586","E01023746","E02004927","E33027415","E38000079","E63011447","D1","8D2",51.808920,-0.290707,"E37000048","","E23000027",19192,"E56000035","E54000025","E00120586","E01023746","E02004927"
"AL4 8PD","AL4  8PD","AL4 8PD","198001","","E10000015","E58000625","E07000240","E05013962","E04013289","0","517875","0213670","1","E18000006","E40000007","E92000001","E12000006","5","E14001268","E15000006","E24000005","E30000237","E16000150","E07000240","26UGGS","E00120586","26UGGS","E65000001","E01023746","E02004927","6","5B2","E00120586","E01023746","E02004927","E33027415","E38000079","E63011447","D1","8D2",51.809248,-0.291623,"E37000048","","E23000027",19192,"E56000035","E54000025","E00120586","E01023746","E02004927"
"AL4 8PE","AL4  8PE","AL4 8PE","198001","","E10000015","E58000625","E07000240","E05013962","E04013289","0","517942","0213721","1","E18000006","E40000007","E92000001","E12000006","5","E14001268","E15000006","E24000005","E30000237","E16000150","E07000240","26UGGS","E00120586","26UGGS","E65000001","E01023746","E02004927","6","5B2","E00120586","E01023746","E02004927","E33027415","E38000079","E63011447","D1","8D2",51.809692,-0.290634,"E37000048","","E23000027",19192,"E56000035","E54000025","E00120586","E01023746","E02004927"
"AL4 8PF","AL4  8PF","AL4 8PF","199002","","E10000015","E58000625","E07000240","E05013962","E04013289","0","518258","0213479","1","E18000006","E40000007","E92000001","E12000006","5","E14001268","E15000006","E24000005","E30000237","E16000150","E07000240","26UGGS","E00120591","26UGGS","E65000001","E01023746","E02004927","6","1C1","E00120591","E01023746","E02004927","E33027415","E38000079","E63011447","D1","5A2",51.807457,-0.286111,"E37000048","","E23000027",19192,"E56000035","E54000025","E00120591","E01023746","E02004927"
"AL4 8PG","AL4  8PG","AL4 8PG","199101","","E10000015","E58000625","E07000240","E05013962","E04013289","0","518280","0213557","1","E18000006","E40000007","E92000001","E12000006","5","E14001268","E15000006","E24000005","E30000237","E16000150","E07000240","26UGGS","E00120584","26UGGS","E65000001","E01023747","E02004927","6","1C2","E00120584","E01023747","E02004927","E33027415","E38000079","E63011447","D1","8A1",51.808147,-0.285789,"E37000048","","E23000027",30440,"E56000035","E54000025","E00120584","E01023747","E02004927"
"AL4 8PJ","AL4  8PJ","AL4 8PJ","199208","199405","E10000015","E58000625","E07000240","E05013962","E04013289","1","517700","0213600","8","E18000006","E40000007","E92000001","E12000006","5","E14001268","E15000006","E24000005","E30000237","E16000150","E07000240","26UGGS","E00120589","26UGGS","E65000001","E01023747","E02004927","6","6D1","E00120589","E01023747","E02004927","E33027415","E38000079","E63011447","D1","6B2",51.808656,-0.294183,"E37000048","","E23000027",30440,"E56000035","E54000025","E00120589","E01023747","E02004927"
"AL4 8PL","AL4  8PL","AL4 8PL","198402","","E10000015","E58000625","E07000240","E05013962","E04013289","0","517739","0213680","1","E18000006","E40000007","E92000001","E12000006","5","E14001268","E15000006","E24000005","E30000237","E16000150","E07000240","26UGGS","E00120601","26UGGS","E65000001","E01023747","E02004927","6","6D2","E00120601","E01023747","E02004927","E33027413","E38000079","E63011447","D1","5B1",51.809366,-0.293591,"E37000048","","E23000027",30440,"E56000035","E54000025","E00120601","E01023747","E02004927"
"AL4 8PN","AL4  8PN","AL4 8PN","198301","199012","E10000015","E58000625","E07000240","E05013962","E04013289","1","517700","0213700","8","E18000006","E40000007","E92000001","E12000006","5","E14001268","E15000006","E24000005","E30000237","E16000150","E07000240","26UGGS","E00120589","26UGGS","E65000001","E01023747","E02004927","6","6D1","E00120589","E01023747","E02004927","E33027415","E38000079","E63011447","D1","6B2",51.809554,-0.294150,"E37000048","","E23000027",30440,"E56000035","E54000025","E00120589","E01023747","E02004927"
"AL4 8PP","AL4  8PP","AL4 8PP","198001","","E10000015","E58000625","E07000240","E05013962","E04013289","0","517708","0213796","1","E18000006","E40000007","E92000001","E12000006","5","E14001268","E15000006","E24000005","E30000237","E16000150","E07000240","26UGGS","E00120589","26UGGS","E65000001","E01023747","E02004927","6","6D1","E00120589","E01023747","E02004927","E33027415","E38000079","E63011447","D1","6B2",51.810415,-0.294001,"E37000048","","E23000027",30440,"E56000035","E54000025","E00120589","E01023747","E02004927"
"AL4 8PQ","AL4  8PQ","AL4 8PQ","199308","199412","E10000015","E58000625","E07000240","E05013962","E04013289","1","517700","0213600","8","E18000006","E40000007","E92000001","E12000006","5","E14001268","E15000006","E24000005","E30000237","E16000150","E07000240","26UGGS","E00120589","26UGGS","E65000001","E01023747","E02004927","6","6D1","E00120589","E01023747","E02004927","E33027415","E38000079","E63011447","D1","6B2",51.808656,-0.294183,"E37000048","","E23000027",30440,"E56000035","E54000025","E00120589","E01023747","E02004927"
"AL4 8PR","AL4  8PR","AL4 8PR","198001","","E10000015","E58000625","E07000240","E05013962","E04013289","0","517707","0213460","1","E18000006","E40000007","E92000001","E12000006","5","E14001268","E15000006","E24000005","E30000237","E16000150","E07000240","26UGGS","E00120587","26UGGS","E65000001","E01023747","E02004927","6","6A1","E00120587","E01023747","E02004927","E33027415","E38000079","E63011447","D1","5A1",51.807403,-0.294105,"E37000048","","E23000027",30440,"E56000035","E54000025","E00120587","E01023747","E02004927"
"AL4 8PS","AL4  8PS","AL4 8PS","198001","","E10000015","E58000625","E07000240","E05013962","E04013289","0","517676","0213451","1","E18000006","E40000007","E92000001","E12000006","5","E14001268","E15000006","E24000005","E30000237","E16000150","E07000240","26UGGS","E00120587","26UGGS","E65000001","E01023747","E02004927","6","6A1","E00120587","E01023747","E02004927","E33027415","E38000079","E63011447","D1","5A1",51.807322,-0.294582,"E37000048","","E23000027",30440,"E56000035","E54000025","E00120587","E01023747","E02004927"
"AL4 8PT","AL4  8PT","AL4 8PT","198001","199012","E10000015","E58000625","E07000240","E05013962","E04013289","0","517600","0213500","8","E18000006","E40000007","E92000001","E12000006","5","E14001268","E15000006","E24000005","E30000237","E16000150","E07000240","26UGGS","E00120588","26UGGS","E65000001","E01023749","E02004927","6","4B4","E00120588","E01023749","E02004927","E33027415","E38000079","E63011447","D1","6B4",51.807778,-0.295667,"E37000048","","E23000027",29648,"E56000035","E54000025","E00120588","E01023749","E02004927"
"AL4 8PU","AL4  8PU","AL4 8PU","198001","","E10000015","E58000625","E07000240","E05013962","E04013289","0","517632","0213357","1","E18000006","E40000007","E92000001","E12000006","5","E14001268","E15000006","E24000005","E30000237","E16000150","E07000240","26UGGS","E00120587","26UGGS","E65000001","E01023747","E02004927","6","6A1","E00120587","E01023747","E02004927","E33027415","E38000079","E63011447","D1","5A1",51.806486,-0.295252,"E37000048","","E23000027",30440,"E56000035","E54000025","E00120587","E01023747","E02004927"
"AL4 8PW","AL4  8PW","AL4 8PW","198001","","E10000015","E58000625","E07000240","E05013962","E04013289","0","517732","0213707","1","E18000006","E40000007","E92000001","E12000006","5","E14001268","E15000006","E24000005","E30000237","E16000150","E07000240","26UGGS","E00120601","26UGGS","E65000001","E01023747","E02004927","6","6D2","E00120601","E01023747","E02004927","E33027413","E38000079","E63011447","D1","5B1",51.809611,-0.293683,"E37000048","","E23000027",30440,"E56000035","E54000025","E00120601","E01023747","E02004927"
"AL4 8PX","AL4  8PX","AL4 8PX","198001","","E10000015","E58000625","E07000240","E05013962","E04013289","0","517516","0213415","1","E18000006","E40000007","E92000001","E12000006","5","E14001268","E15000006","E24000005","E30000237","E16000150","E07000240","26UGGS","E00120588","26UGGS","E65000001","E01023749","E02004927","6","4B4","E00120588","E01023749","E02004927","E33027415","E38000079","E63011447","D1","6B4",51.807032,-0.296914,"E37000048","","E23000027",29648,"E56000035","E54000025","E00120588","E01023749","E02004927"
"AL4 8PY","AL4  8PY","AL4 8PY","198001","200906","E10000015","E58000625","E07000240","E05013962","E04013289","1","517427","0213385","1","E18000006","E40000007","E92000001","E12000006","5","E14001268","E15000006","E24000005","E30000237","E16000150","E07000240","26UGGS","E00120588","26UGGS","E65000001","E01023749","E02004927","6","4B4","E00120588","E01023749","E02004927","E33027415","E38000079","E63011447","D1","6B4",51.806781,-0.298214,"E37000048","","E23000027",29648,"E56000035","E54000025","E00120588","E01023749","E02004927"
"AL4 8PZ","AL4  8PZ","AL4 8PZ","198001","","E10000015","E58000625","E07000240","E05013962","E04013289","0","517639","0213494","1","E18000006","E40000007","E92000001","E12000006","5","E14001268","E15000006","E24000005","E30000237","E16000150","E07000240","26UGGS","E00120587","26UGGS","E65000001","E01023747","E02004927","6","6A1","E00120587","E01023747","E02004927","E33027415","E38000079","E63011447","D1","5A1",51.807723,-0.295080,"E37000048","","E23000027",30440,"E56000035","E54000025","E00120587","E01023747","E02004927"
"AL4 8QA","AL4  8QA","AL4 8QA","198001","","E10000015","E58000625","E07000240","E05013962","E04013289","0","517605","0213473","1","E18000006","E40000007","E92000001","E12000006","5","E14001268","E15000006","E24000005","E30000237","E16000150","E07000240","26UGGS","E00120588","26UGGS","E65000001","E01023749","E02004927","6","4B4","E00120588","E01023749","E02004927","E33027415","E38000079","E63011447","D1","6B4",51.807534,-0.295604,"E37000048","","E23000027",29648,"E56000035","E54000025","E00120588","E01023749","E02004927"
"AL4 8QB","AL4  8QB","AL4 8QB","198001","","E10000015","E58000625","E07000240","E05013962","E04013289","0","517598","0213662","1","E18000006","E40000007","E92000001","E12000006","5","E14001268","E15000006","E24000005","E30000237","E16000150","E07000240","26UGGS","E00120587","26UGGS","E65000001","E01023747","E02004927","6","6A1","E00120587","E01023747","E02004927","E33027415","E38000079","E63011447","D1","5A1",51.809234,-0.295641,"E37000048","","E23000027",30440,"E56000035","E54000025","E00120587","E01023747","E02004927"
"AL4 8QD","AL4  8QD","AL4 8QD","198001","","E10000015","E58000625","E07000240","E05013962","E04013289","0","517638","0213689","1","E18000006","E40000007","E92000001","E12000006","5","E14001268","E15000006","E24000005","E30000237","E16000150","E07000240","26UGGS","E00120589","26UGGS","E65000001","E01023747","E02004927","6","6D1","E00120589","E01023747","E02004927","E33027415","E38000079","E63011447","D1","6B2",51.809469,-0.295052,"E37000048","","E23000027",30440,"E56000035","E54000025","E00120589","E01023747","E02004927"
"AL4 8QE","AL4  8QE","AL4 8QE","198001","","E10000015","E58000625","E07000240","E05013962","E04013289","0","517408","0213679","1","E18000006","E40000007","E92000001","E12000006","5","E14001268","E15000006","E24000005","E30000237","E16000150","E07000240","26UGGS","E00120589","26UGGS","E65000001","E01023747","E02004927","6","6D1","E00120589","E01023747","E02004927","E33027415","E38000079","E63011447","D1","6B2",51.809427,-0.298390,"E37000048","","E23000027",30440,"E56000035","E54000025","E00120589","E01023747","E02004927"
"AL4 8QF","AL4  8QF","AL4 8QF","198001","","E10000015","E58000625","E07000240","E05013962","E04013289","0","517409","0213612","1","E18000006","E40000007","E92000001","E12000006","5","E14001268","E15000006","E24000005","E30000237","E16000150","E07000240","26UGGS","E00120589","26UGGS","E65000001","E01023747","E02004927","6","6D1","E00120589","E01023747","E02004927","E33027415","E38000079","E63011447","D1","6B2",51.808825,-0.298398,"E37000048","","E23000027",30440,"E56000035","E54000025","E00120589","E01023747","E02004927"
"AL4 8QG","AL4  8QG","AL4 8QG","198001","","E10000015","E58000625","E07000240","E05013962","E04013289","0","517498","0213640","1","E18000006","E40000007","E92000001","E12000006","5","E14001268","E15000006","E24000005","E30000237","E16000150","E07000240","26UGGS","E00120588","26UGGS","E65000001","E01023749","E02004927","6","4B4","E00120588","E01023749","E02004927","E33027415","E38000079","E63011447","D1","6B4",51.809058,-0.297098,"E37000048","","E23000027",29648,"E56000035","E54000025","E00120588","E01023749","E02004927"
"AL4 8QH","AL4  8QH","AL4 8QH","198001","","E10000015","E58000625","E07000240","E05013962","E04013289","0","517446","0213477","1","E18000006","E40000007","E92000001","E12000006","5","E14001268","E15000006","E24000005","E30000237","E16000150","E07000240","26UGGS","E00120588","26UGGS","E65000001","E01023749","E02004927","6","4B4","E00120588","E01023749","E02004927","E33027415","E38000079","E63011447","D1","6B4",51.807604,-0.297908,"E37000048","","E23000027",29648,"E56000035","E54000025","E00120588","E01023749","E02004927"
"AL4 8QJ","AL4  8QJ","AL4 8QJ","198001","","E10000015","E58000625","E07000240","E05013962","E04013289","0","517515","0213533","1","E18000006","E40000007","E92000001","E12000006","5","E14001268","E15000006","E24000005","E30000237","E16000150","E07000240","26UGGS","E00120588","26UGGS","E65000001","E01023749","E02004927","6","4B4","E00120588","E01023749","E02004927","E33027415","E38000079","E63011447","D1","6B4",51.808092,-0.296888,"E37000048","","E23000027",29648,"E56000035","E54000025","E00120588","E01023749","E02004927"
"AL4 8QL","AL4  8QL","AL4 8QL","198001","","E10000015","E58000625","E07000240","E05013962","E04013289","0","517738","0213887","1","E18000006","E40000007","E92000001","E12000006","5","E14001268","E15000006","E24000005","E30000237","E16000150","E07000240","26UGGS","E00120601","26UGGS","E65000001","E01023747","E02004927","6","6D2","E00120601","E01023747","E02004927","E33027413","E38000079","E63011447","D1","5B1",51.811227,-0.293535,"E37000048","","E23000027",30440,"E56000035","E54000025","E00120601","E01023747","E02004927"
"AL4 8QN","AL4  8QN","AL4 8QN","199301","199412","E10000015","E58000625","E07000240","E05013962","E04013289","1","517600","0213800","8","E18000006","E40000007","E92000001","E12000006","5","E14001268","E15000006","E24000005","E30000237","E16000150","E07000240","26UGGS","E00120589","26UGGS","E65000001","E01023747","E02004927","6","6D1","E00120589","E01023747","E02004927","E33027415","E38000079","E63011447","D1","6B2",51.810474,-0.295565,"E37000048","","E23000027",30440,"E56000035","E54000025","E00120589","E01023747","E02004927"
"AL4 8QP","AL4  8QP","AL4 8QP","199308","199405","E10000015","E58000625","E07000240","E05013962","E04013289","1","517700","0214100","8","E18000006","E40000007","E92000001","E12000006","5","E14001268","E15000006","E24000005","E30000237","E16000150","E07000240","26UGGS","E00120598","26UGGS","E65000001","E01023747","E02004927","6","6D2","E00120598","E01023747","E02004927","E33027412","E38000079","E63011447","D1","5B3",51.813149,-0.294014,"E37000048","","E23000027",30440,"E56000035","E54000025","E00120598","E01023747","E02004927"
"AL4 8QQ","AL4  8QQ","AL4 8QQ","198001","","E10000015","E58000625","E07000240","E05013962","E04013289","0","517305","0213550","1","E18000006","E40000007","E92000001","E12000006","5","E14001268","E15000006","E24000005","E30000237","E16000150","E07000240","26UGGS","E00120589","26UGGS","E65000001","E01023747","E02004927","6","6D1","E00120589","E01023747","E02004927","E33027415","E38000079","E63011447","D1","6B2",51.808296,-0.299903,"E37000048","","E23000027",30440,"E56000035","E54000025","E00120589","E01023747","E02004927"
"AL4 8QT","AL4  8QT","AL4 8QT","198001","200211","E10000015","E58000625","E07000240","E05013962","E04013289","1","517671","0214112","1","E18000006","E40000007","E92000001","E12000006","5","E14001268","E15000006","E24000005","E30000237","E16000150","E07000240","26UGGS","E00120598","26UGGS","E65000001","E01023747","E02004927","6","6D2","E00120598","E01023747","E02004927","E33027412","E38000079","E63011447","D1","5B3",51.813263,-0.294430,"E37000048","","E23000027",30440,"E56000035","E54000025","E00120598","E01023747","E02004927"
"AL4 8QU","AL4  8QU","AL4 8QU","198607","198812","E10000015","E58000625","E07000240","E05013962","E04013289","1","517700","0214200","8","E18000006","E40000007","E92000001","E12000006","5","E14001268","E15000006","E24000005","E30000237","E16000150","E07000240","26UGGS","E00120598","26UGGS","E65000001","E01023747","E02004927","6","6D2","E00120598","E01023747","E02004927","E33027412","E38000079","E63011447","D1","5B3",51.814048,-0.293980,"E37000048","","E23000027",30440,"E56000035","E54000025","E00120598","E01023747","E02004927"
"AL4 8QX","AL4  8QX","AL4 8QX","198001","199012","E10000015","E58000625","E07000240","E05013962","E04013289","0","517600","0214300","8","E18000006","E40000007","E92000001","E12000006","5","E14001268","E15000006","E24000005","E30000237","E16000150","E07000240","26UGGS","E00120595","26UGGS","E65000001","E01023748","E02004927","6","4B4","E00120595","E01023748","E02004927","E33027413","E38000079","E63011447","D1","6A4",51.814968,-0.295396,"E37000048","","E23000027",27718,"E56000035","E54000025","E00120595","E01023748","E02004927"
"AL4 8QY","AL4  8QY","AL4 8QY","198001","199412","E10000015","E58000625","E07000240","E05013962","E04013289","1","517800","0214400","8","E18000006","E40000007","E92000001","E12000006","5","E14001268","E15000006","E24000005","E30000237","E16000150","E07000240","26UGGS","E00120598","26UGGS","E65000001","E01023747","E02004927","6","6D2","E00120598","E01023747","E02004927","E33027412","E38000079","E63011447","D1","5B3",51.815824,-0.292462,"E37000048","","E23000027",30440,"E56000035","E54000025","E00120598","E01023747","E02004927"
"AL4 8QZ","AL4  8QZ","AL4 8QZ","198001","","E10000015","E58000625","E07000240","E05013962","E04013289","0","517710","0214380","1","E18000006","E40000007","E92000001","E12000006","5","E14001268","E15000006","E24000005","E30000237","E16000150","E07000240","26UGGS","E00120595","26UGGS","E65000001","E01023748","E02004927","6","4B4","E00120595","E01023748","E02004927","E33027413","E38000079","E63011447","D1","6A4",51.815663,-0.293774,"E37000048","","E23000027",27718,"E56000035","E54000025","E00120595","E01023748","E02004927"
"AL4 8RA","AL4  8RA","AL4 8RA","198001","","E10000015","E58000625","E07000240","E05013962","E04013289","0","517514","0214480","1","E18000006","E40000007","E92000001","E12000006","5","E14001268","E15000006","E24000005","E30000237","E16000150","E07000240","26UGGS","E00120595","26UGGS","E65000001","E01023748","E02004927","6","4B4","E00120595","E01023748","E02004927","E33027413","E38000079","E63011447","D1","6A4",51.816603,-0.296582,"E37000048","","E23000027",27718,"E56000035","E54000025","E00120595","E01023748","E02004927"
"AL4 8RB","AL4  8RB","AL4 8RB","198001","","E10000015","E58000625","E07000240","E05013962","E04013289","0","517617","0214443","1","E18000006","E40000007","E92000001","E12000006","5","E14001268","E15000006","E24000005","E30000237","E16000150","E07000240","26UGGS","E00120595","26UGGS","E65000001","E01023748","E02004927","6","4B4","E00120595","E01023748","E02004927","E33027413","E38000079","E63011447","D1","6A4",51.816249,-0.295101,"E37000048","","E23000027",27718,"E56000035","E54000025","E00120595","E01023748","E02004927"
"AL4 8RD","AL4  8RD","AL4 8RD","198001","","E10000015","E58000625","E07000240","E05013962","E04013289","0","517416","0214685","1","E18000006","E40000007","E92000001","E12000006","5","E14001268","E15000006","E24000005","E30000237","E16000150","E07000240","26UGGS","E00120595","26UGGS","E65000001","E01023748","E02004927","6","4B4","E00120595","E01023748","E02004927","E33027413","E38000079","E63011447","D1","6A4",51.818466,-0.297934,"E37000048","","E23000027",27718,"E56000035","E54000025","E00120595","E01023748","E02004927"
"AL4 8RE","AL4  8RE","AL4 8RE","198001","","E10000015","E58000625","E07000240","E05013962","E04013289","0","517687","0214406","1","E18000006","E40000007","E92000001","E12000006","5","E14001268","E15000006","E24000005","E30000237","E16000150","E07000240","26UGGS","E00120595","26UGGS","E65000001","E01023748","E02004927","6","4B4","E00120595","E01023748","E02004927","E33027413","E38000079","E63011447","D1","6A4",51.815902,-0.294098,"E37000048","","E23000027",27718,"E56000035","E54000025","E00120595","E01023748","E02004927"
"AL4 8RF","AL4  8RF","AL4 8RF","198001","200006","E10000015","E58000625","E07000240","E05013962","E04013289","1","517648","0214428","1","E18000006","E40000007","E92000001","E12000006","5","E14001268","E15000006","E24000005","E30000237","E16000150","E07000240","26UGGS","E00120595","26UGGS","E65000001","E01023748","E02004927","6","4B4","E00120595","E01023748","E02004927","E33027413","E38000079","E63011447","D1","6A4",51.816108,-0.294656,"E37000048","","E23000027",27718,"E56000035","E54000025","E00120595","E01023748","E02004927"
"AL4 8RG","AL4  8RG","AL4 8RG","198001","","E10000015","E58000625","E07000240","E05013962","E04013289","0","517864","0214843","1","E18000006","E40000007","E92000001","E12000006","5","E14001268","E15000006","E24000005","E30000237","E16000150","E07000240","26UGGS","E00120594","26UGGS","E65000001","E01023748","E02004927","8","3C2","E00120594","E01023748","E02004927","E33027412","E38000079","E63011447","F1","1B2",51.819792,-0.291383,"E37000048","","E23000027",27718,"E56000035","E54000025","E00120594","E01023748","E02004927"
"AL4 8RH","AL4  8RH","AL4 8RH","198001","","E10000015","E58000625","E07000240","E05013962","E04013289","0","517807","0215472","1","E18000006","E40000007","E92000001","E12000006","5","E14001268","E15000006","E24000005","E30000237","E16000150","E07000240","26UGGS","E00120594","26UGGS","E65000001","E01023748","E02004927","8","3C2","E00120594","E01023748","E02004927","E33027412","E38000079","","F1","1B2",51.825464,-0.291972,"E37000048","","E23000027",27718,"E56000035","E54000025","E00120594","E01023748","E02004927"
"AL4 8RJ","AL4  8RJ","AL4 8RJ","198001","","E10000015","E58000625","E07000240","E05013962","E04013289","0","518116","0216175","1","E18000006","E40000007","E92000001","E12000006","5","E14001268","E15000006","E24000005","E30000237","E16000150","E07000240","26UGGS","E00120594","26UGGS","E65000001","E01023748","E02004927","8","3C2","E00120594","E01023748","E02004927","E33027412","E38000079","","F1","1B2",51.831717,-0.287251,"E37000048","","E23000027",27718,"E56000035","E54000025","E00120594","E01023748","E02004927"
"AL4 8RL","AL4  8RL","AL4 8RL","198001","","E10000015","E58000625","E07000240","E05013962","E04013289","0","518096","0216073","1","E18000006","E40000007","E92000001","E12000006","5","E14001268","E15000006","E24000005","E30000237","E16000150","E07000240","26UGGS","E00120594","26UGGS","E65000001","E01023748","E02004927","8","3C2","E00120594","E01023748","E02004927","E33027412","E38000079","","F1","1B2",51.830804,-0.287576,"E37000048","","E23000027",27718,"E56000035","E54000025","E00120594","E01023748","E02004927"
"AL4 8RN","AL4  8RN","AL4 8RN","198001","","E10000015","E58000625","E07000240","E05013962","E04013289","0","517418","0215440","1","E18000006","E40000007","E92000001","E12000006","5","E14001268","E15000006","E24000005","E30000237","E16000150","E07000240","26UGGS","E00120594","26UGGS","E65000001","E01023748","E02004927","8","3C2","E00120594","E01023748","E02004927","E33027412","E38000079","","F1","1B2",51.825251,-0.297649,"E37000048","","E23000027",27718,"E56000035","E54000025","E00120594","E01023748","E02004927"
"AL4 8RP","AL4  8RP","AL4 8RP","198001","","E10000015","E58000625","E07000240","E05013962","E04013289","0","517124","0216069","1","E18000006","E40000007","E92000001","E12000006","5","E14001268","E15000006","E24000005","E30000237","E16000150","E07000240","26UGGS","E00120593","26UGGS","E65000001","E01023748","E02004927","7","4D2","E00120593","E01023748","E02004927","E33027412","E38000079","E63011393","E1","6A2",51.830965,-0.301700,"E37000048","","E23000027",27718,"E56000035","E54000025","E00120593","E01023748","E02004927"
"AL4 8RQ","AL4  8RQ","AL4 8RQ","198001","","E10000015","E58000625","E07000240","E05013962","E04013289","0","517597","0215409","1","E18000006","E40000007","E92000001","E12000006","5","E14001268","E15000006","E24000005","E30000237","E16000150","E07000240","26UGGS","E00120594","26UGGS","E65000001","E01023748","E02004927","8","3C2","E00120594","E01023748","E02004927","E33027412","E38000079","","F1","1B2",51.824935,-0.295063,"E37000048","","E23000027",27718,"E56000035","E54000025","E00120594","E01023748","E02004927"
"AL4 8RR","AL4  8RR","AL4 8RR","198001","","E10000015","E58000625","E07000240","E05013962","E04013289","0","517156","0216282","1","E18000006","E40000007","E92000001","E12000006","5","E14001268","E15000006","E24000005","E30000237","E16000150","E07000240","26UGGS","E00120593","26UGGS","E65000001","E01023748","E02004927","7","4D2","E00120593","E01023748","E02004927","E33027412","E38000079","E63011393","E1","6A2",51.832873,-0.301164,"E37000048","","E23000027",27718,"E56000035","E54000025","E00120593","E01023748","E02004927"
"AL4 8RS","AL4  8RS","AL4 8RS","198001","","E10000015","E58000625","E07000240","E05013962","E04013289","0","517644","0215686","1","E18000006","E40000007","E92000001","E12000006","5","E14001268","E15000006","E24000005","E30000237","E16000150","E07000240","26UGGS","E00120594","26UGGS","E65000001","E01023748","E02004927","8","3C2","E00120594","E01023748","E02004927","E33027412","E38000079","","F1","1B2",51.827414,-0.294288,"E37000048","","E23000027",27718,"E56000035","E54000025","E00120594","E01023748","E02004927"
"AL4 8RT","AL4  8RT","AL4 8RT","198001","","E10000015","E58000625","E07000240","E05013962","E04013289","0","517566","0215907","1","E18000006","E40000007","E92000001","E12000006","5","E14001268","E15000006","E24000005","E30000237","E16000150","E07000240","26UGGS","E00120594","26UGGS","E65000001","E01023748","E02004927","8","3C2","E00120594","E01023748","E02004927","E33027412","E38000079","","F1","1B2",51.829417,-0.295344,"E37000048","","E23000027",27718,"E56000035","E54000025","E00120594","E01023748","E02004927"
"AL4 8RU","AL4  8RU","AL4 8RU","198001","","E10000015","E58000625","E07000240","E05013962","E04013289","0","517707","0215653","1","E18000006","E40000007","E92000001","E12000006","5","E14001268","E15000006","E24000005","E30000237","E16000150","E07000240","26UGGS","E00120594","26UGGS","E65000001","E01023748","E02004927","8","3C2","E00120594","E01023748","E02004927","E33027412","E38000079","","F1","1B2",51.827112,-0.293361,"E37000048","","E23000027",27718,"E56000035","E54000025","E00120594","E01023748","E02004927"
"AL4 8RW","AL4  8RW","AL4 8RW","198001","","E10000015","E58000625","E07000240","E05013962","E04013289","0","517069","0215715","1","E18000006","E40000007","E92000001","E12000006","5","E14001268","E15000006","E24000005","E30000237","E16000150","E07000240","26UGGS","E00120594","26UGGS","E65000001","E01023748","E02004927","8","3C2","E00120594","E01023748","E02004927","E33027412","E38000079","","F1","1B2",51.827803,-0.302593,"E37000048","","E23000027",27718,"E56000035","E54000025","E00120594","E01023748","E02004927"
"AL4 8RX","AL4  8RX","AL4 8RX","198001","","E10000015","E58000625","E07000240","E05013962","E04013289","0","517710","0215738","1","E18000006","E40000007","E92000001","E12000006","5","E14001268","E15000006","E24000005","E30000237","E16000150","E07000240","26UGGS","E00120594","26UGGS","E65000001","E01023748","E02004927","8","3C2","E00120594","E01023748","E02004927","E33027412","E38000079","","F1","1B2",51.827875,-0.293288,"E37000048","","E23000027",27718,"E56000035","E54000025","E00120594","E01023748","E02004927"
"AL4 8RY","AL4  8RY","AL4 8RY","198001","","E10000015","E58000625","E07000240","E05013962","E04013289","0","517057","0216236","1","E18000006","E40000007","E92000001","E12000006","5","E14001268","E15000006","E24000005","E30000237","E16000150","E07000240","26UGGS","E00120593","26UGGS","E65000001","E01023748","E02004927","7","4D2","E00120593","E01023748","E02004927","E33027412","E38000079","E63011393","E1","6A2",51.832480,-0.302616,"E37000048","","E23000027",27718,"E56000035","E54000025","E00120593","E01023748","E02004927"
"AL4 8RZ","AL4  8RZ","AL4 8RZ","198001","","E10000015","E58000625","E07000240","E05013962","E04013289","0","516868","0216260","1","E18000006","E40000007","E92000001","E12000006","5","E14001268","E15000006","E24000005","E30000237","E16000150","E07000240","26UGGS","E00120593","26UGGS","E65000001","E01023748","E02004927","7","4D2","E00120593","E01023748","E02004927","E33027412","E38000079","E63011393","E1","6A2",51.832736,-0.305349,"E37000048","","E23000027",27718,"E56000035","E54000025","E00120593","E01023748","E02004927"
"AL4 8SA","AL4  8SA","AL4 8SA","198001","","E10000015","E58000625","E07000240","E05013962","E04013289","0","516449","0216481","1","E18000006","E40000007","E92000001","E12000006","5","E14001268","E15000006","E24000005","E30000237","E16000150","E07000240","26UGGS","E00120593","26UGGS","E65000001","E01023748","E02004927","7","4D2","E00120593","E01023748","E02004927","E33027412","E38000079","","E1","6A2",51.834809,-0.311353,"E37000048","","E23000027",27718,"E56000035","E54000025","E00120593","E01023748","E02004927"
"AL4 8SB","AL4  8SB","AL4 8SB","198604","","E10000015","E58000625","E07000240","E05013962","E04013289","0","517837","0214175","1","E18000006","E40000007","E92000001","E12000006","5","E14001268","E15000006","E24000005","E30000237","E16000150","E07000240","26UGGS","E00120598","26UGGS","E65000001","E01023747","E02004927","6","6D2","E00120598","E01023747","E02004927","E33027412","E38000079","E63011447","D1","5B3",51.813797,-0.291717,"E37000048","","E23000027",30440,"E56000035","E54000025","E00120598","E01023747","E02004927"
"AL4 8SD","AL4  8SD","AL4 8SD","199412","199912","E10000015","E58000625","E07000240","E05013962","E04013289","1","517490","0214188","6","E18000006","E40000007","E92000001","E12000006","5","E14001268","E15000006","E24000005","E30000237","E16000150","E07000240","26UGGS","E00120595","26UGGS","E65000001","E01023748","E02004927","6","4B4","E00120595","E01023748","E02004927","E33027413","E38000079","E63011447","D1","6A4",51.813984,-0.297029,"E37000048","","E23000027",27718,"E56000035","E54000025","E00120595","E01023748","E02004927"
"AL4 8SF","AL4  8SF","AL4 8SF","199512","200304","E10000015","E58000625","E07000240","E05013962","E04013289","1","517821","0214411","1","E18000006","E40000007","E92000001","E12000006","5","E14001268","E15000006","E24000005","E30000237","E16000150","E07000240","26UGGS","E00120598","26UGGS","E65000001","E01023747","E02004927","6","6D2","E00120598","E01023747","E02004927","E33027412","E38000079","E63011447","D1","5B3",51.815919,-0.292154,"E37000048","","E23000027",30440,"E56000035","E54000025","E00120598","E01023747","E02004927"
"AL4 8TA","AL4  8TA","AL4 8TA","198001","","E10000015","E58000625","E07000240","E05013962","E04013289","0","517790","0213215","1","E18000006","E40000007","E92000001","E12000006","5","E14001268","E15000006","E24000005","E30000237","E16000150","E07000240","26UGGS","E00120592","26UGGS","E65000001","E01023746","E02004927","6","1B1","E00120592","E01023746","E02004927","E33027415","E38000079","E63011447","D1","7A3",51.805183,-0.292985,"E37000048","","E23000027",19192,"E56000035","E54000025","E00120592","E01023746","E02004927"
"AL4 8TB","AL4  8TB","AL4 8TB","198001","","E10000015","E58000625","E07000240","E05013962","E04013289","0","517843","0213298","1","E18000006","E40000007","E92000001","E12000006","5","E14001268","E15000006","E24000005","E30000237","E16000150","E07000240","26UGGS","E00120592","26UGGS","E65000001","E01023746","E02004927","6","1B1","E00120592","E01023746","E02004927","E33027415","E38000079","E63011447","D1","7A3",51.805911,-0.292213,"E37000048","","E23000027",19192,"E56000035","E54000025","E00120592","E01023746","E02004927"
"AL4 8TD","AL4  8TD","AL4 8TD","198001","","E10000015","E58000625","E07000240","E05013962","E04013289","0","517844","0213228","1","E18000006","E40000007","E92000001","E12000006","5","E14001268","E15000006","E24000005","E30000237","E16000150","E07000240","26UGGS","E00120592","26UGGS","E65000001","E01023746","E02004927","6","1B1","E00120592","E01023746","E02004927","E33027415","E38000079","E63011447","D1","7A3",51.805282,-0.292222,"E37000048","","E23000027",19192,"E56000035","E54000025","E00120592","E01023746","E02004927"
"AL4 8TE","AL4  8TE","AL4 8TE","198001","","E10000015","E58000625","E07000240","E05013962","E04013289","0","517902","0213279","1","E18000006","E40000007","E92000001","E12000006","5","E14001268","E15000006","E24000005","E30000237","E16000150","E07000240","26UGGS","E00120592","26UGGS","E65000001","E01023746","E02004927","6","1B1","E00120592","E01023746","E02004927","E33027415","E38000079","E63011447","D1","7A3",51.805728,-0.291364,"E37000048","","E23000027",19192,"E56000035","E54000025","E00120592","E01023746","E02004927"
"AL4 8TF","AL4  8TF","AL4 8TF","198001","","E10000015","E58000625","E07000240","E05013962","E04013289","0","517758","0213253","1","E18000006","E40000007","E92000001","E12000006","5","E14001268","E15000006","E24000005","E30000237","E16000150","E07000240","26UGGS","E00120592","26UGGS","E65000001","E01023746","E02004927","6","1B1","E00120592","E01023746","E02004927","E33027415","E38000079","E63011447","D1","7A3",51.805532,-0.293436,"E37000048","","E23000027",19192,"E56000035","E54000025","E00120592","E01023746","E02004927"
"AL4 8TG","AL4  8TG","AL4 8TG","198001","","E10000015","E58000625","E07000240","E05013962","E04013289","0","517905","0213363","1","E18000006","E40000007","E92000001","E12000006","5","E14001268","E15000006","E24000005","E30000237","E16000150","E07000240","26UGGS","E00120590","26UGGS","E65000001","E01023746","E02004927","6","5B1","E00120590","E01023746","E02004927","E33027415","E38000079","E63011447","D1","7A3",51.806489,-0.291268,"E37000048","","E23000027",19192,"E56000035","E54000025","E00120590","E01023746","E02004927"
"AL4 8TH","AL4  8TH","AL4 8TH","198001","","E10000015","E58000625","E07000240","E05013962","E04013289","0","517813","0213389","1","E18000006","E40000007","E92000001","E12000006","5","E14001268","E15000006","E24000005","E30000237","E16000150","E07000240","26UGGS","E00120590","26UGGS","E65000001","E01023746","E02004927","6","5B1","E00120590","E01023746","E02004927","E33027415","E38000079","E63011447","D1","7A3",51.806736,-0.292617,"E37000048","","E23000027",19192,"E56000035","E54000025","E00120590","E01023746","E02004927"
"AL4 8TJ","AL4  8TJ","AL4 8TJ","198001","","E10000015","E58000625","E07000240","E05013962","E04013289","0","518009","0213351","1","E18000006","E40000007","E92000001","E12000006","5","E14001268","E15000006","E24000005","E30000237","E16000150","E07000240","26UGGS","E00120590","26UGGS","E65000001","E01023746","E02004927","6","5B1","E00120590","E01023746","E02004927","E33027415","E38000079","E63011447","D1","7A3",51.806353,-0.289788,"E37000048","","E23000027",19192,"E56000035","E54000025","E00120590","E01023746","E02004927"
"AL4 8TL","AL4  8TL","AL4 8TL","198001","","E10000015","E58000625","E07000240","E05013962","E04013289","0","518204","0213281","1","E18000006","E40000007","E92000001","E12000006","5","E14001268","E15000006","E24000005","E30000237","E16000150","E07000240","26UGGS","E00120591","26UGGS","E65000001","E01023746","E02004927","6","1C1","E00120591","E01023746","E02004927","E33027415","E38000079","E63011447","D1","5A2",51.805689,-0.286961,"E37000048","","E23000027",19192,"E56000035","E54000025","E00120591","E01023746","E02004927"
"AL4 8TN","AL4  8TN","AL4 8TN","198001","","E10000015","E58000625","E07000240","E05013962","E04013289","0","518120","0213363","1","E18000006","E40000007","E92000001","E12000006","5","E14001268","E15000006","E24000005","E30000237","E16000150","E07000240","26UGGS","E00120590","26UGGS","E65000001","E01023746","E02004927","6","5B1","E00120590","E01023746","E02004927","E33027415","E38000079","E63011447","D1","7A3",51.806437,-0.288175,"E37000048","","E23000027",19192,"E56000035","E54000025","E00120590","E01023746","E02004927"
"AL4 8TP","AL4  8TP","AL4 8TP","198001","","E10000015","E58000625","E07000240","E05013962","E04013289","0","518112","0213472","1","E18000006","E40000007","E92000001","E12000006","5","E14001268","E15000006","E24000005","E30000237","E16000150","E07000240","26UGGS","E00120591","26UGGS","E65000001","E01023746","E02004927","6","1C1","E00120591","E01023746","E02004927","E33027415","E38000079","E63011447","D1","5A2",51.807436,-0.288316,"E37000048","","E23000027",19192,"E56000035","E54000025","E00120591","E01023746","E02004927"
"AL4 8TQ","AL4  8TQ","AL4 8TQ","198001","","E10000015","E58000625","E07000240","E05013962","E04013289","0","517771","0213306","1","E18000006","E40000007","E92000001","E12000006","5","E14001268","E15000006","E24000005","E30000237","E16000150","E07000240","26UGGS","E00120592","26UGGS","E65000001","E01023746","E02004927","6","1B1","E00120592","E01023746","E02004927","E33027415","E38000079","E63011447","D1","7A3",51.806005,-0.293230,"E37000048","","E23000027",19192,"E56000035","E54000025","E00120592","E01023746","E02004927"
"AL4 8TR","AL4  8TR","AL4 8TR","198001","","E10000015","E58000625","E07000240","E05013962","E04013289","0","518103","0213308","1","E18000006","E40000007","E92000001","E12000006","5","E14001268","E15000006","E24000005","E30000237","E16000150","E07000240","26UGGS","E00120592","26UGGS","E65000001","E01023746","E02004927","6","1B1","E00120592","E01023746","E02004927","E33027415","E38000079","E63011447","D1","7A3",51.805953,-0.288416,"E37000048","","E23000027",19192,"E56000035","E54000025","E00120592","E01023746","E02004927"
"AL4 8TS","AL4  8TS","AL4 8TS","198001","","E10000015","E58000625","E07000240","E05013962","E04013289","0","518141","0213398","1","E18000006","E40000007","E92000001","E12000006","5","E14001268","E15000006","E24000005","E30000237","E16000150","E07000240","26UGGS","E00120591","26UGGS","E65000001","E01023746","E02004927","6","1C1","E00120591","E01023746","E02004927","E33027415","E38000079","E63011447","D1","5A2",51.806747,-0.287859,"E37000048","","E23000027",19192,"E56000035","E54000025","E00120591","E01023746","E02004927"
"AL4 8TT","AL4  8TT","AL4 8TT","198001","","E10000015","E58000625","E07000240","E05013962","E04013289","0","518212","0213451","1","E18000006","E40000007","E92000001","E12000006","5","E14001268","E15000006","E24000005","E30000237","E16000150","E07000240","26UGGS","E00120591","26UGGS","E65000001","E01023746","E02004927","6","1C1","E00120591","E01023746","E02004927","E33027415","E38000079","E63011447","D1","5A2",51.807215,-0.286787,"E37000048","","E23000027",19192,"E56000035","E54000025","E00120591","E01023746","E02004927"
"AL4 8TU","AL4  8TU","AL4 8TU","200006","","E10000015","E58000625","E07000240","E05013962","E04013289","0","517880","0213352","1","E18000006","E40000007","E92000001","E12000006","5","E14001268","E15000006","E24000005","E30000237","E16000150","E07000240","26UGGS","E00120590","26UGGS","E65000001","E01023746","E02004927","6","5B1","E00120590","E01023746","E02004927","E33027415","E38000079","E63011447","D1","7A3",51.806389,-0.291658,"E37000048","","E23000027",19192,"E56000035","E54000025","E00120590","E01023746","E02004927"
"AL4 8TW","AL4  8TW","AL4 8TW","198001","","E10000015","E58000625","E07000240","E05013962","E04013289","0","518229","0213383","1","E18000006","E40000007","E92000001","E12000006","5","E14001268","E15000006","E24000005","E30000237","E16000150","E07000240","26UGGS","E00120591","26UGGS","E65000001","E01023746","E02004927","6","1C1","E00120591","E01023746","E02004927","E33027415","E38000079","E63011447","D1","5A2",51.806594,-0.286588,"E37000048","","E23000027",19192,"E56000035","E54000025","E00120591","E01023746","E02004927"
"AL4 8TX","AL4  8TX","AL4 8TX","199412","199507","E10000015","E58000625","E07000240","E05013962","E04013289","1","518200","0213400","8","E18000006","E40000007","E92000001","E12000006","5","E14001268","E15000006","E24000005","E30000237","E16000150","E07000240","26UGGS","E00120591","26UGGS","E65000001","E01023746","E02004927","6","1C1","E00120591","E01023746","E02004927","E33027415","E38000079","E63011447","D1","5A2",51.806753,-0.287003,"E37000048","","E23000027",19192,"E56000035","E54000025","E00120591","E01023746","E02004927"
"AL4 8TY","AL4  8TY","AL4 8TY","199308","199405","E10000015","E58000625","E07000240","E05013962","E04013289","1","518200","0213400","8","E18000006","E40000007","E92000001","E12000006","5","E14001268","E15000006","E24000005","E30000237","E16000150","E07000240","26UGGS","E00120591","26UGGS","E65000001","E01023746","E02004927","6","1C1","E00120591","E01023746","E02004927","E33027415","E38000079","E63011447","D1","5A2",51.806753,-0.287003,"E37000048","","E23000027",19192,"E56000035","E54000025","E00120591","E01023746","E02004927"
"AL4 8UA","AL4  8UA","AL4 8UA","200301","200903","E10000015","E58000664","E07000240","E05013956","E43000290","1","517328","0206823","1","E18000006","E40000007","E92000001","E12000006","5","E14001507","E15000006","E24000005","E30000237","E16000150","E07000240","26UGFX","E00120196","26UGFX","E65000001","E01023667","E02004936","5","6D1","E00120196","E01023667","E02004936","E33027453","E38000079","E63011552","C1","5A2",51.747828,-0.301865,"E37000048","","E23000027",30628,"E56000035","E54000025","E00120196","E01023667","E02004936"
"AL4 8UB","AL4  8UB","AL4 8UB","199308","199405","E10000015","E58000625","E07000240","E05013962","E04013289","1","518200","0213400","8","E18000006","E40000007","E92000001","E12000006","5","E14001268","E15000006","E24000005","E30000237","E16000150","E07000240","26UGGS","E00120591","26UGGS","E65000001","E01023746","E02004927","6","1C1","E00120591","E01023746","E02004927","E33027415","E38000079","E63011447","D1","5A2",51.806753,-0.287003,"E37000048","","E23000027",19192,"E56000035","E54000025","E00120591","E01023746","E02004927"
"AL4 8UD","AL4  8UD","AL4 8UD","199308","199412","E10000015","E58000625","E07000240","E05013962","E04013289","1","518200","0213400","8","E18000006","E40000007","E92000001","E12000006","5","E14001268","E15000006","E24000005","E30000237","E16000150","E07000240","26UGGS","E00120591","26UGGS","E65000001","E01023746","E02004927","6","1C1","E00120591","E01023746","E02004927","E33027415","E38000079","E63011447","D1","5A2",51.806753,-0.287003,"E37000048","","E23000027",19192,"E56000035","E54000025","E00120591","E01023746","E02004927"
"AL4 8WA","AL4  8WA","AL4 8WA","200112","200601","E10000015","E58000625","E07000240","E05013962","E04013289","1","518233","0213375","5","E18000006","E40000007","E92000001","E12000006","5","E14001268","E15000006","E24000005","E30000237","E16000150","E07000240","26UGGS","E00120591","26UGGS","E65000001","E01023746","E02004927","6","1C1","E00120591","E01023746","E02004927","E33027415","E38000079","E63011447","D1","5A2",51.806521,-0.286533,"E37000048","","E23000027",19192,"E56000035","E54000025","E00120591","E01023746","E02004927"
"AL4 8WB","AL4  8WB","AL4 8WB","200206","200211","E10000015","E58000625","E07000240","E05013962","E04013289","1","518233","0213375","5","E18000006","E40000007","E92000001","E12000006","5","E14001268","E15000006","E24000005","E30000237","E16000150","E07000240","26UGGS","E00120591","26UGGS","E65000001","E01023746","E02004927","6","1C1","E00120591","E01023746","E02004927","E33027415","E38000079","E63011447","D1","5A2",51.806521,-0.286533,"E37000048","","E23000027",19192,"E56000035","E54000025","E00120591","E01023746","E02004927"
"AL4 8WD","AL4  8WD","AL4 8WD","200206","200305","E10000015","E58000625","E07000240","E05013962","E04013289","1","518233","0213375","5","E18000006","E40000007","E92000001","E12000006","5","E14001268","E15000006","E24000005","E30000237","E16000150","E07000240","26UGGS","E00120591","26UGGS","E65000001","E01023746","E02004927","6","1C1","E00120591","E01023746","E02004927","E33027415","E38000079","E63011447","D1","5A2",51.806521,-0.286533,"E37000048","","E23000027",19192,"E56000035","E54000025","E00120591","E01023746","E02004927"
"AL4 8WZ","AL4  8WZ","AL4 8WZ","200410","200610","E10000015","E58000664","E07000240","E05013956","E43000290","1","517328","0206823","1","E18000006","E40000007","E92000001","E12000006","5","E14001507","E15000006","E24000005","E30000237","E16000150","E07000240","26UGFX","E00120196","26UGFX","E65000001","E01023667","E02004936","5","6D1","E00120196","E01023667","E02004936","E33027453","E38000079","E63011552","C1","5A2",51.747828,-0.301865,"E37000048","","E23000027",30628,"E56000035","E54000025","E00120196","E01023667","E02004936"
"AL4 8XA","AL4  8XA","AL4 8XA","198604","199212","E10000015","E58000625","E07000240","E05013962","E04013289","1","517400","0213900","8","E18000006","E40000007","E92000001","E12000006","5","E14001268","E15000006","E24000005","E30000237","E16000150","E07000240","26UGGS","E00120600","26UGGS","E65000001","E01023748","E02004927","6","1C1","E00120600","E01023748","E02004927","E33027413","E38000079","E63011447","D1","5B3",51.811415,-0.298431,"E37000048","","E23000027",27718,"E56000035","E54000025","E00120600","E01023748","E02004927"
"AL4 8XB","AL4  8XB","AL4 8XB","199208","199405","E10000015","E58000625","E07000240","E05013962","E04013289","1","517400","0213900","8","E18000006","E40000007","E92000001","E12000006","5","E14001268","E15000006","E24000005","E30000237","E16000150","E07000240","26UGGS","E00120600","26UGGS","E65000001","E01023748","E02004927","6","1C1","E00120600","E01023748","E02004927","E33027413","E38000079","E63011447","D1","5B3",51.811415,-0.298431,"E37000048","","E23000027",27718,"E56000035","E54000025","E00120600","E01023748","E02004927"
"AL4 8XG","AL4  8XG","AL4 8XG","200405","","E10000015","E58000664","E07000240","E05013956","E43000290","1","517321","0206803","1","E18000006","E40000007","E92000001","E12000006","5","E14001507","E15000006","E24000005","E30000237","E16000150","E07000240","26UGFX","E00120196","26UGFX","E65000001","E01023667","E02004936","5","6D1","E00120196","E01023667","E02004936","E33027453","E38000079","E63011552","C1","5A2",51.747650,-0.301973,"E37000048","","E23000027",30628,"E56000035","E54000025","E00120196","E01023667","E02004936"
"AL4 8XH","AL4  8XH","AL4 8XH","200405","201504","E10000015","E58000664","E07000240","E05013956","E43000290","1","517328","0206823","1","E18000006","E40000007","E92000001","E12000006","5","E14001507","E15000006","E24000005","E30000237","E16000150","E07000240","26UGFX","E00120196","26UGFX","E65000001","E01023667","E02004936","5","6D1","E00120196","E01023667","E02004936","E33027453","E38000079","E63011552","C1","5A2",51.747828,-0.301865,"E37000048","","E23000027",30628,"E56000035","E54000025","E00120196","E01023667","E02004936"
"AL4 8XJ","AL4  8XJ","AL4 8XJ","200306","201106","E10000015","E58000664","E07000240","E05013956","E43000290","1","517328","0206823","1","E18000006","E40000007","E92000001","E12000006","5","E14001507","E15000006","E24000005","E30000237","E16000150","E07000240","26UGFX","E00120196","26UGFX","E65000001","E01023667","E02004936","5","6D1","E00120196","E01023667","E02004936","E33027453","E38000079","E63011552","C1","5A2",51.747828,-0.301865,"E37000048","","E23000027",30628,"E56000035","E54000025","E00120196","E01023667","E02004936"
"AL4 8XN","AL4  8XN","AL4 8XN","200404","201205","E10000015","E58000664","E07000240","E05013956","E43000290","1","517328","0206823","1","E18000006","E40000007","E92000001","E12000006","5","E14001507","E15000006","E24000005","E30000237","E16000150","E07000240","26UGFX","E00120196","26UGFX","E65000001","E01023667","E02004936","5","6D1","E00120196","E01023667","E02004936","E33027453","E38000079","E63011552","C1","5A2",51.747828,-0.301865,"E37000048","","E23000027",30628,"E56000035","E54000025","E00120196","E01023667","E02004936"
"AL4 8XQ","AL4  8XQ","AL4 8XQ","200404","200806","E10000015","E58000664","E07000240","E05013956","E43000290","1","517328","0206823","1","E18000006","E40000007","E92000001","E12000006","5","E14001507","E15000006","E24000005","E30000237","E16000150","E07000240","26UGFX","E00120196","26UGFX","E65000001","E01023667","E02004936","5","6D1","E00120196","E01023667","E02004936","E33027453","E38000079","E63011552","C1","5A2",51.747828,-0.301865,"E37000048","","E23000027",30628,"E56000035","E54000025","E00120196","E01023667","E02004936"
"AL4 8XZ","AL4  8XZ","AL4 8XZ","200212","200806","E10000015","E58000664","E07000240","E05013956","E43000290","1","517328","0206823","1","E18000006","E40000007","E92000001","E12000006","5","E14001507","E15000006","E24000005","E30000237","E16000150","E07000240","26UGFX","E00120196","26UGFX","E65000001","E01023667","E02004936","5","6D1","E00120196","E01023667","E02004936","E33027453","E38000079","E63011552","C1","5A2",51.747828,-0.301865,"E37000048","","E23000027",30628,"E56000035","E54000025","E00120196","E01023667","E02004936"
"AL4 8ZD","AL4  8ZD","AL4 8ZD","199806","199912","E10000015","E58000625","E07000240","E05013962","E04013289","1","517490","0214188","6","E18000006","E40000007","E92000001","E12000006","5","E14001268","E15000006","E24000005","E30000237","E16000150","E07000240","26UGGS","E00120595","26UGGS","E65000001","E01023748","E02004927","6","4B4","E00120595","E01023748","E02004927","E33027413","E38000079","E63011447","D1","6A4",51.813984,-0.297029,"E37000048","","E23000027",27718,"E56000035","E54000025","E00120595","E01023748","E02004927"
"AL4 8ZE","AL4  8ZE","AL4 8ZE","199806","199912","E10000015","E58000625","E07000240","E05013962","E04013289","1","517490","0214188","6","E18000006","E40000007","E92000001","E12000006","5","E14001268","E15000006","E24000005","E30000237","E16000150","E07000240","26UGGS","E00120595","26UGGS","E65000001","E01023748","E02004927","6","4B4","E00120595","E01023748","E02004927","E33027413","E38000079","E63011447","D1","6A4",51.813984,-0.297029,"E37000048","","E23000027",27718,"E56000035","E54000025","E00120595","E01023748","E02004927"
"AL4 8ZF","AL4  8ZF","AL4 8ZF","199906","200602","E10000015","E58000664","E07000240","E05013956","E43000290","1","517328","0206823","1","E18000006","E40000007","E92000001","E12000006","5","E14001507","E15000006","E24000005","E30000237","E16000150","E07000240","26UGFX","E00120196","26UGFX","E65000001","E01023667","E02004936","5","6D1","E00120196","E01023667","E02004936","E33027453","E38000079","E63011552","C1","5A2",51.747828,-0.301865,"E37000048","","E23000027",30628,"E56000035","E54000025","E00120196","E01023667","E02004936"
"AL4 8ZG","AL4  8ZG","AL4 8ZG","200006","200106","E10000015","E58000625","E07000240","E05013962","E04013289","1","517490","0214188","6","E18000006","E40000007","E92000001","E12000006","5","E14001268","E15000006","E24000005","E30000237","E16000150","E07000240","26UGGS","E00120595","26UGGS","E65000001","E01023748","E02004927","6","4B4","E00120595","E01023748","E02004927","E33027413","E38000079","E63011447","D1","6A4",51.813984,-0.297029,"E37000048","","E23000027",27718,"E56000035","E54000025","E00120595","E01023748","E02004927"
"AL4 8ZH","AL4  8ZH","AL4 8ZH","200405","200507","E10000015","E58000664","E07000240","E05013956","E43000290","1","517328","0206823","5","E18000006","E40000007","E92000001","E12000006","5","E14001507","E15000006","E24000005","E30000237","E16000150","E07000240","26UGFX","E00120196","26UGFX","E65000001","E01023667","E02004936","5","6D1","E00120196","E01023667","E02004936","E33027453","E38000079","E63011552","C1","5A2",51.747828,-0.301865,"E37000048","","E23000027",30628,"E56000035","E54000025","E00120196","E01023667","E02004936"
"AL4 8ZJ","AL4  8ZJ","AL4 8ZJ","200406","200508","E10000015","E58000664","E07000240","E05013956","E43000290","1","517328","0206823","5","E18000006","E40000007","E92000001","E12000006","5","E14001507","E15000006","E24000005","E30000237","E16000150","E07000240","26UGFX","E00120196","26UGFX","E65000001","E01023667","E02004936","5","6D1","E00120196","E01023667","E02004936","E33027453","E38000079","E63011552","C1","5A2",51.747828,-0.301865,"E37000048","","E23000027",30628,"E56000035","E54000025","E00120196","E01023667","E02004936"
"AL4 8ZN","AL4  8ZN","AL4 8ZN","200309","200603","E10000015","E58000664","E07000240","E05013956","E43000290","1","517328","0206823","1","E18000006","E40000007","E92000001","E12000006","5","E14001507","E15000006","E24000005","E30000237","E16000150","E07000240","26UGFX","E00120196","26UGFX","E65000001","E01023667","E02004936","5","6D1","E00120196","E01023667","E02004936","E33027453","E38000079","E63011552","C1","5A2",51.747828,-0.301865,"E37000048","","E23000027",30628,"E56000035","E54000025","E00120196","E01023667","E02004936"
"AL4 8ZQ","AL4  8ZQ","AL4 8ZQ","200703","200902","E10000015","E58000664","E07000240","E05013956","E43000290","1","517328","0206823","1","E18000006","E40000007","E92000001","E12000006","5","E14001507","E15000006","E24000005","E30000237","E16000150","E07000240","26UGFX","E00120196","26UGFX","E65000001","E01023667","E02004936","5","6D1","E00120196","E01023667","E02004936","E33027453","E38000079","E63011552","C1","5A2",51.747828,-0.301865,"E37000048","","E23000027",30628,"E56000035","E54000025","E00120196","E01023667","E02004936"
"AL4 8ZS","AL4  8ZS","AL4 8ZS","200006","201605","E10000015","E58000664","E07000240","E05013956","E43000290","1","517321","0206803","1","E18000006","E40000007","E92000001","E12000006","5","E14001507","E15000006","E24000005","E30000237","E16000150","E07000240","26UGFX","E00120196","26UGFX","E65000001","E01023667","E02004936","5","6D1","E00120196","E01023667","E02004936","E33027453","E38000079","E63011552","C1","5A2",51.747650,-0.301973,"E37000048","","E23000027",30628,"E56000035","E54000025","E00120196","E01023667","E02004936"
"AL4 8ZT","AL4  8ZT","AL4 8ZT","200006","200207","E10000015","E58000664","E07000240","E05013956","E43000290","1","517328","0206823","1","E18000006","E40000007","E92000001","E12000006","5","E14001507","E15000006","E24000005","E30000237","E16000150","E07000240","26UGFX","E00120196","26UGFX","E65000001","E01023667","E02004936","5","6D1","E00120196","E01023667","E02004936","E33027453","E38000079","E63011552","C1","5A2",51.747828,-0.301865,"E37000048","","E23000027",30628,"E56000035","E54000025","E00120196","E01023667","E02004936"
"AL4 8ZU","AL4  8ZU","AL4 8ZU","200006","200101","E10000015","E58000625","E07000240","E05013962","E04013289","1","517490","0214188","6","E18000006","E40000007","E92000001","E12000006","5","E14001268","E15000006","E24000005","E30000237","E16000150","E07000240","26UGGS","E00120595","26UGGS","E65000001","E01023748","E02004927","6","4B4","E00120595","E01023748","E02004927","E33027413","E38000079","E63011447","D1","6A4",51.813984,-0.297029,"E37000048","","E23000027",27718,"E56000035","E54000025","E00120595","E01023748","E02004927"
"AL4 8ZW","AL4  8ZW","AL4 8ZW","200006","200204","E10000015","E58000664","E07000240","E05013956","E43000290","1","517328","0206823","1","E18000006","E40000007","E92000001","E12000006","5","E14001507","E15000006","E24000005","E30000237","E16000150","E07000240","26UGFX","E00120196","26UGFX","E65000001","E01023667","E02004936","5","6D1","E00120196","E01023667","E02004936","E33027453","E38000079","E63011552","C1","5A2",51.747828,-0.301865,"E37000048","","E23000027",30628,"E56000035","E54000025","E00120196","E01023667","E02004936"
"AL4 8ZX","AL4  8ZX","AL4 8ZX","200001","200009","E10000015","E58000625","E07000240","E05013962","E04013289","1","517490","0214188","6","E18000006","E40000007","E92000001","E12000006","5","E14001268","E15000006","E24000005","E30000237","E16000150","E07000240","26UGGS","E00120595","26UGGS","E65000001","E01023748","E02004927","6","4B4","E00120595","E01023748","E02004927","E33027413","E38000079","E63011447","D1","6A4",51.813984,-0.297029,"E37000048","","E23000027",27718,"E56000035","E54000025","E00120595","E01023748","E02004927"
"AL4 8ZY","AL4  8ZY","AL4 8ZY","199912","201107","E10000015","E58000664","E07000240","E05013956","E43000290","1","517328","0206823","1","E18000006","E40000007","E92000001","E12000006","5","E14001507","E15000006","E24000005","E30000237","E16000150","E07000240","26UGFX","E00120196","26UGFX","E65000001","E01023667","E02004936","5","6D1","E00120196","E01023667","E02004936","E33027453","E38000079","E63011552","C1","5A2",51.747828,-0.301865,"E37000048","","E23000027",30628,"E56000035","E54000025","E00120196","E01023667","E02004936"
"AL4 8ZZ","AL4  8ZZ","AL4 8ZZ","199806","200006","E10000015","E58000625","E07000240","E05013962","E04013289","1","517490","0214188","6","E18000006","E40000007","E92000001","E12000006","5","E14001268","E15000006","E24000005","E30000237","E16000150","E07000240","26UGGS","E00120595","26UGGS","E65000001","E01023748","E02004927","6","4B4","E00120595","E01023748","E02004927","E33027413","E38000079","E63011447","D1","6A4",51.813984,-0.297029,"E37000048","","E23000027",27718,"E56000035","E54000025","E00120595","E01023748","E02004927"
"AL4 9AA","AL4  9AA","AL4 9AA","198001","","E10000015","E58000618","E07000240","E05015801","E04013286","0","516996","0208306","1","E18000006","E40000007","E92000001","E12000006","5","E14001507","E15000006","E24000005","E30000237","E16000150","E07000240","26UGGH","E00120409","26UGGH","E65000001","E01023712","E02004931","5","4D1","E00120409","E01023712","E02004931","E33027431","E38000079","E63011552","C1","6A2",51.761226,-0.306173,"E37000048","","E23000027",26281,"E56000035","E54000025","E00189342","E01023712","E02004931"
"AL4 9AB","AL4  9AB","AL4 9AB","198001","","E10000015","E58000618","E07000240","E05015801","E04013286","0","516940","0208405","1","E18000006","E40000007","E92000001","E12000006","5","E14001507","E15000006","E24000005","E30000237","E16000150","E07000240","26UGGH","E00120409","26UGGH","E65000001","E01023712","E02004931","5","4D1","E00120409","E01023712","E02004931","E33027431","E38000079","E63011552","C1","6A2",51.762127,-0.306951,"E37000048","","E23000027",26281,"E56000035","E54000025","E00189342","E01023712","E02004931"
"AL4 9AD","AL4  9AD","AL4 9AD","198001","","E10000015","E58000618","E07000240","E05015801","E04013286","0","516969","0208449","1","E18000006","E40000007","E92000001","E12000006","5","E14001507","E15000006","E24000005","E30000237","E16000150","E07000240","26UGGH","E00120409","26UGGH","E65000001","E01023712","E02004931","5","4D1","E00120409","E01023712","E02004931","E33027431","E38000079","E63011552","C1","6A2",51.762516,-0.306516,"E37000048","","E23000027",26281,"E56000035","E54000025","E00189342","E01023712","E02004931"
"AL4 9AE","AL4  9AE","AL4 9AE","198001","","E10000015","E58000618","E07000240","E05015801","E04013286","0","517074","0208435","1","E18000006","E40000007","E92000001","E12000006","5","E14001507","E15000006","E24000005","E30000237","E16000150","E07000240","26UGGH","E00120406","26UGGH","E65000001","E01023712","E02004931","5","2B2","E00120406","E01023712","E02004931","E33027430","E38000079","E63011552","C1","3A2",51.762369,-0.305000,"E37000048","","E23000027",26281,"E56000035","E54000025","E00120406","E01023712","E02004931"
"AL4 9AF","AL4  9AF","AL4 9AF","198001","","E10000015","E58000618","E07000240","E05015801","E04013286","0","517037","0208315","1","E18000006","E40000007","E92000001","E12000006","5","E14001507","E15000006","E24000005","E30000237","E16000150","E07000240","26UGGH","E00120409","26UGGH","E65000001","E01023712","E02004931","5","4D1","E00120409","E01023712","E02004931","E33027431","E38000079","E63011552","C1","6A2",51.761298,-0.305576,"E37000048","","E23000027",26281,"E56000035","E54000025","E00189342","E01023712","E02004931"
"AL4 9AG","AL4  9AG","AL4 9AG","199208","199806","E10000015","E58000618","E07000240","E05015801","E04013286","1","517153","0209257","6","E18000006","E40000007","E92000001","E12000006","5","E14001507","E15000006","E24000005","E30000237","E16000150","E07000240","26UGGH","E00120394","26UGGH","E65000001","E01023710","E02004931","5","4B3","E00120394","E01023710","E02004931","E33027431","E38000079","E63011552","C1","6A4",51.769740,-0.303579,"E37000048","","E23000027",32755,"E56000035","E54000025","E00120394","E01023710","E02004931"
"AL4 9AH","AL4  9AH","AL4 9AH","198301","","E10000015","E58000618","E07000240","E05015801","E04013286","0","517643","0209330","1","E18000006","E40000007","E92000001","E12000006","5","E14001268","E15000006","E24000005","E30000237","E16000150","E07000240","26UGGP","E00120527","26UGGP","E65000001","E01023734","E02004930","5","6D1","E00120527","E01023734","E02004930","E33027428","E38000079","E63011552","C1","5A2",51.770293,-0.296456,"E37000048","","E23000027",32585,"E56000035","E54000025","E00120527","E01023734","E02004930"
"AL4 9AJ","AL4  9AJ","AL4 9AJ","198301","","E10000015","E58000618","E07000240","E05015801","E04013286","0","517791","0209119","1","E18000006","E40000007","E92000001","E12000006","5","E14001268","E15000006","E24000005","E30000237","E16000150","E07000240","26UGGP","E00120533","26UGGP","E65000001","E01023735","E02004930","5","4D2","E00120533","E01023735","E02004930","E33027428","E38000079","E63011552","C1","6A4",51.768366,-0.294384,"E37000048","","E23000027",30837,"E56000035","E54000025","E00120533","E01023735","E02004930"
"AL4 9AL","AL4  9AL","AL4 9AL","198001","","E10000015","E58000618","E07000240","E05015802","E04013286","0","516449","0209029","1","E18000006","E40000007","E92000001","E12000006","5","E14001507","E15000006","E24000005","E30000237","E16000150","E07000240","26UGGH","E00120401","26UGGH","E65000001","E01023709","E02004931","5","4C3","E00120401","E01023709","E02004931","E33027429","E38000079","E63011552","C1","6A1",51.767837,-0.313853,"E37000048","","E23000027",24396,"E56000035","E54000025","E00120401","E01023709","E02004931"
"AL4 9AN","AL4  9AN","AL4 9AN","198001","","E10000015","E58000618","E07000240","E05015802","E04013286","0","516434","0209158","1","E18000006","E40000007","E92000001","E12000006","5","E14001507","E15000006","E24000005","E30000237","E16000150","E07000240","26UGGH","E00120399","26UGGH","E65000001","E01023709","E02004931","5","5B2","E00120399","E01023709","E02004931","E33027429","E38000079","E63011552","C1","8D2",51.769000,-0.314027,"E37000048","","E23000027",24396,"E56000035","E54000025","E00120399","E01023709","E02004931"
"AL4 9AP","AL4  9AP","AL4 9AP","198001","","E10000015","E58000618","E07000240","E05015802","E04013286","0","516228","0209216","1","E18000006","E40000007","E92000001","E12000006","5","E14001507","E15000006","E24000005","E30000237","E16000150","E07000240","26UGGH","E00120397","26UGGH","E65000001","E01023709","E02004931","5","6B2","E00120397","E01023709","E02004931","E33027429","E38000079","E63011552","C1","5A2",51.769564,-0.316992,"E37000048","","E23000027",24396,"E56000035","E54000025","E00120397","E01023709","E02004931"
"AL4 9AQ","AL4  9AQ","AL4 9AQ","198307","","E10000015","E58000618","E07000240","E05015801","E04013286","0","517664","0209124","1","E18000006","E40000007","E92000001","E12000006","5","E14001268","E15000006","E24000005","E30000237","E16000150","E07000240","26UGGP","E00120531","26UGGP","E65000001","E01023735","E02004930","5","2B2","E00120531","E01023735","E02004930","E33027428","E38000079","E63011552","C1","5A3",51.768437,-0.296222,"E37000048","","E23000027",30837,"E56000035","E54000025","E00120531","E01023735","E02004930"
"AL4 9AR","AL4  9AR","AL4 9AR","198001","","E10000015","E58000618","E07000240","E05015802","E04013286","0","516232","0209273","1","E18000006","E40000007","E92000001","E12000006","5","E14001507","E15000006","E24000005","E30000237","E16000150","E07000240","26UGGH","E00120397","26UGGH","E65000001","E01023709","E02004931","5","6B2","E00120397","E01023709","E02004931","E33027429","E38000079","E63011552","C1","5A2",51.770075,-0.316915,"E37000048","","E23000027",24396,"E56000035","E54000025","E00120397","E01023709","E02004931"
"AL4 9AS","AL4  9AS","AL4 9AS","198001","","E10000015","E58000618","E07000240","E05015802","E04013286","0","516475","0209174","1","E18000006","E40000007","E92000001","E12000006","5","E14001507","E15000006","E24000005","E30000237","E16000150","E07000240","26UGGH","E00120401","26UGGH","E65000001","E01023709","E02004931","5","4C3","E00120401","E01023709","E02004931","E33027429","E38000079","E63011552","C1","6A1",51.769135,-0.313428,"E37000048","","E23000027",24396,"E56000035","E54000025","E00120401","E01023709","E02004931"
"AL4 9AT","AL4  9AT","AL4 9AT","198001","","E10000015","E58000618","E07000240","E05015802","E04013286","0","516514","0209074","1","E18000006","E40000007","E92000001","E12000006","5","E14001507","E15000006","E24000005","E30000237","E16000150","E07000240","26UGGH","E00120401","26UGGH","E65000001","E01023709","E02004931","5","4C3","E00120401","E01023709","E02004931","E33027429","E38000079","E63011552","C1","6A1",51.768228,-0.312896,"E37000048","","E23000027",24396,"E56000035","E54000025","E00120401","E01023709","E02004931"
"AL4 9AU","AL4  9AU","AL4 9AU","198001","","E10000015","E58000618","E07000240","E05015802","E04013286","0","516468","0208949","1","E18000006","E40000007","E92000001","E12000006","5","E14001507","E15000006","E24000005","E30000237","E16000150","E07000240","26UGGH","E00120401","26UGGH","E65000001","E01023709","E02004931","5","4C3","E00120401","E01023709","E02004931","E33027429","E38000079","E63011552","C1","6A1",51.767114,-0.313605,"E37000048","","E23000027",24396,"E56000035","E54000025","E00120401","E01023709","E02004931"
"AL4 9AW","AL4  9AW","AL4 9AW","198001","","E10000015","E58000618","E07000240","E05015802","E04013286","0","516293","0209208","1","E18000006","E40000007","E92000001","E12000006","5","E14001507","E15000006","E24000005","E30000237","E16000150","E07000240","26UGGH","E00120399","26UGGH","E65000001","E01023709","E02004931","5","5B2","E00120399","E01023709","E02004931","E33027429","E38000079","E63011552","C1","8D2",51.769478,-0.316053,"E37000048","","E23000027",24396,"E56000035","E54000025","E00120399","E01023709","E02004931"
"AL4 9AX","AL4  9AX","AL4 9AX","198106","","E10000015","E58000618","E07000240","E05015802","E04013286","0","516499","0209290","1","E18000006","E40000007","E92000001","E12000006","5","E14001507","E15000006","E24000005","E30000237","E16000150","E07000240","26UGGH","E00120396","26UGGH","E65000001","E01023709","E02004931","5","6D1","E00120396","E01023709","E02004931","E33027429","E38000079","E63011552","C1","5A2",51.770173,-0.313041,"E37000048","","E23000027",24396,"E56000035","E54000025","E00120396","E01023709","E02004931"
"AL4 9AY","AL4  9AY","AL4 9AY","199405","199512","E10000015","E58000618","E07000240","E05015802","E04013286","1","516300","0209200","8","E18000006","E40000007","E92000001","E12000006","5","E14001507","E15000006","E24000005","E30000237","E16000150","E07000240","26UGGH","E00120399","26UGGH","E65000001","E01023709","E02004931","5","5B2","E00120399","E01023709","E02004931","E33027429","E38000079","E63011552","C1","8D2",51.769405,-0.315954,"E37000048","","E23000027",24396,"E56000035","E54000025","E00120399","E01023709","E02004931"
"AL4 9AZ","AL4  9AZ","AL4 9AZ","198510","","E10000015","E58000618","E07000240","E05015802","E04013286","0","516234","0209359","1","E18000006","E40000007","E92000001","E12000006","5","E14001507","E15000006","E24000005","E30000237","E16000150","E07000240","26UGGH","E00120397","26UGGH","E65000001","E01023709","E02004931","5","6B2","E00120397","E01023709","E02004931","E33027429","E38000079","E63011552","C1","5A2",51.770848,-0.316857,"E37000048","","E23000027",24396,"E56000035","E54000025","E00120397","E01023709","E02004931"
"AL4 9BA","AL4  9BA","AL4 9BA","198301","","E10000015","E58000618","E07000240","E05015801","E04013286","0","517793","0209283","1","E18000006","E40000007","E92000001","E12000006","5","E14001268","E15000006","E24000005","E30000237","E16000150","E07000240","26UGGP","E00120527","26UGGP","E65000001","E01023734","E02004930","5","6D1","E00120527","E01023734","E02004930","E33027428","E38000079","E63011552","C1","5A2",51.769839,-0.294299,"E37000048","","E23000027",32585,"E56000035","E54000025","E00120527","E01023734","E02004930"
"AL4 9BB","AL4  9BB","AL4 9BB","198301","","E10000015","E58000618","E07000240","E05015801","E04013286","0","517654","0209416","1","E18000006","E40000007","E92000001","E12000006","5","E14001268","E15000006","E24000005","E30000237","E16000150","E07000240","26UGGP","E00120527","26UGGP","E65000001","E01023734","E02004930","5","6D1","E00120527","E01023734","E02004930","E33027428","E38000079","E63011552","C1","5A2",51.771064,-0.296268,"E37000048","","E23000027",32585,"E56000035","E54000025","E00120527","E01023734","E02004930"
"AL4 9BD","AL4  9BD","AL4 9BD","198504","","E10000015","E58000618","E07000240","E05015801","E04013286","0","517462","0209341","1","E18000006","E40000007","E92000001","E12000006","5","E14001268","E15000006","E24000005","E30000237","E16000150","E07000240","26UGGP","E00120530","26UGGP","E65000001","E01023735","E02004930","5","2B1","E00120530","E01023735","E02004930","E33027428","E38000079","E63011552","C1","5B1",51.770430,-0.299074,"E37000048","","E23000027",30837,"E56000035","E54000025","E00120530","E01023735","E02004930"
"AL4 9BE","AL4  9BE","AL4 9BE","198001","200802","E10000015","E58000625","E07000240","E05013962","E04013286","0","516810","0211791","1","E18000006","E40000007","E92000001","E12000006","5","E14001268","E15000006","E24000005","E30000237","E16000150","E07000240","26UGGP","E00120526","26UGGP","E65000001","E01023736","E02004930","8","3C2","E00120526","E01023736","E02004930","E33027426","E38000079","","F1","1B2",51.792585,-0.307696,"E37000048","","E23000027",22903,"E56000035","E54000025","E00120526","E01023736","E02004930"
"AL4 9BF","AL4  9BF","AL4 9BF","199612","200009","E10000015","E58000618","E07000240","E05015801","E04013286","1","517154","0209258","6","E18000006","E40000007","E92000001","E12000006","5","E14001507","E15000006","E24000005","E30000237","E16000150","E07000240","26UGGH","E00120394","26UGGH","E65000001","E01023710","E02004931","5","4B3","E00120394","E01023710","E02004931","E33027431","E38000079","E63011552","C1","6A4",51.769748,-0.303564,"E37000048","","E23000027",32755,"E56000035","E54000025","E00120394","E01023710","E02004931"
"AL4 9BG","AL4  9BG","AL4 9BG","198001","","E10000015","E58000625","E07000240","E05013962","E04013286","0","518899","0211407","1","E18000006","E40000007","E92000001","E12000006","5","E14001268","E15000006","E24000005","E30000237","E16000150","E07000240","26UGGP","E00120526","26UGGP","E65000001","E01023736","E02004930","8","3C2","E00120526","E01023736","E02004930","E33027426","E38000079","","F1","1B2",51.788694,-0.277552,"E37000048","","E23000027",22903,"E56000035","E54000025","E00120526","E01023736","E02004930"
"AL4 9BH","AL4  9BH","AL4 9BH","198001","","E10000015","E58000625","E07000240","E05013962","E04013286","0","518866","0212070","1","E18000006","E40000007","E92000001","E12000006","5","E14001268","E15000006","E24000005","E30000237","E16000150","E07000240","26UGGP","E00120526","26UGGP","E65000001","E01023736","E02004930","8","3C2","E00120526","E01023736","E02004930","E33027426","E38000079","","F1","1B2",51.794666,-0.277779,"E37000048","","E23000027",22903,"E56000035","E54000025","E00120526","E01023736","E02004930"
"AL4 9BJ","AL4  9BJ","AL4 9BJ","198301","","E10000015","E58000618","E07000240","E05015801","E04013286","0","517745","0209242","1","E18000006","E40000007","E92000001","E12000006","5","E14001268","E15000006","E24000005","E30000237","E16000150","E07000240","26UGGP","E00120533","26UGGP","E65000001","E01023735","E02004930","5","4D2","E00120533","E01023735","E02004930","E33027428","E38000079","E63011552","C1","6A4",51.769481,-0.295009,"E37000048","","E23000027",30837,"E56000035","E54000025","E00120533","E01023735","E02004930"
"AL4 9BL","AL4  9BL","AL4 9BL","198504","","E10000015","E58000618","E07000240","E05015801","E04013286","0","517548","0209405","1","E18000006","E40000007","E92000001","E12000006","5","E14001268","E15000006","E24000005","E30000237","E16000150","E07000240","26UGGP","E00120527","26UGGP","E65000001","E01023734","E02004930","5","6D1","E00120527","E01023734","E02004930","E33027428","E38000079","E63011552","C1","5A2",51.770987,-0.297807,"E37000048","","E23000027",32585,"E56000035","E54000025","E00120527","E01023734","E02004930"
"AL4 9BN","AL4  9BN","AL4 9BN","198504","","E10000015","E58000618","E07000240","E05015801","E04013286","0","517518","0209376","1","E18000006","E40000007","E92000001","E12000006","5","E14001268","E15000006","E24000005","E30000237","E16000150","E07000240","26UGGP","E00120530","26UGGP","E65000001","E01023735","E02004930","5","2B1","E00120530","E01023735","E02004930","E33027428","E38000079","E63011552","C1","5B1",51.770733,-0.298251,"E37000048","","E23000027",30837,"E56000035","E54000025","E00120530","E01023735","E02004930"
"AL4 9BP","AL4  9BP","AL4 9BP","198001","199806","E10000015","E58000625","E07000240","E05015802","E04013286","0","516200","0209400","8","E18000006","E40000007","E92000001","E12000006","5","E14001268","E15000006","E24000005","E30000237","E16000150","E07000240","26UGGP","E00120525","26UGGP","E65000001","E01023734","E02004930","5","3C1","E00120525","E01023734","E02004930","E33024345","E38000079","E63011552","C1","5B3",51.771223,-0.317336,"E37000048","","E23000027",32585,"E56000035","E54000025","E00120525","E01023734","E02004930"
"AL4 9BQ","AL4  9BQ","AL4 9BQ","198001","","E10000015","E58000625","E07000240","E05013962","E04013286","0","518821","0211728","1","E18000006","E40000007","E92000001","E12000006","5","E14001268","E15000006","E24000005","E30000237","E16000150","E07000240","26UGGP","E00120526","26UGGP","E65000001","E01023736","E02004930","8","3C2","E00120526","E01023736","E02004930","E33027426","E38000079","","F1","1B2",51.791602,-0.278548,"E37000048","","E23000027",22903,"E56000035","E54000025","E00120526","E01023736","E02004930"
"AL4 9BS","AL4  9BS","AL4 9BS","199101","","E10000015","E58000625","E07000240","E05013962","E04013286","0","516976","0210303","1","E18000006","E40000007","E92000001","E12000006","5","E14001268","E15000006","E24000005","E30000237","E16000150","E07000240","26UGGP","E00120536","26UGGP","E65000001","E01023736","E02004930","5","3A2","E00120536","E01023736","E02004930","E33027425","E38000079","E63011508","C1","5B3",51.779177,-0.305791,"E37000048","","E23000027",22903,"E56000035","E54000025","E00120536","E01023736","E02004930"
"AL4 9BT","AL4  9BT","AL4 9BT","198504","","E10000015","E58000618","E07000240","E05015801","E04013286","0","517552","0209349","1","E18000006","E40000007","E92000001","E12000006","5","E14001268","E15000006","E24000005","E30000237","E16000150","E07000240","26UGGP","E00120530","26UGGP","E65000001","E01023735","E02004930","5","2B1","E00120530","E01023735","E02004930","E33027428","E38000079","E63011552","C1","5B1",51.770483,-0.297768,"E37000048","","E23000027",30837,"E56000035","E54000025","E00120530","E01023735","E02004930"
"AL4 9BU","AL4  9BU","AL4 9BU","198001","","E10000015","E58000625","E07000240","E05013962","E04013286","0","516928","0210216","1","E18000006","E40000007","E92000001","E12000006","5","E14001268","E15000006","E24000005","E30000237","E16000150","E07000240","26UGGP","E00120536","26UGGP","E65000001","E01023736","E02004930","5","3A2","E00120536","E01023736","E02004930","E33027425","E38000079","E63011508","C1","5B3",51.778411,-0.306492,"E37000048","","E23000027",22903,"E56000035","E54000025","E00120536","E01023736","E02004930"
"AL4 9BW","AL4  9BW","AL4 9BW","199606","200006","E10000015","E58000618","E07000240","E05015801","E04013286","1","517154","0209258","6","E18000006","E40000007","E92000001","E12000006","5","E14001507","E15000006","E24000005","E30000237","E16000150","E07000240","26UGGH","E00120394","26UGGH","E65000001","E01023710","E02004931","5","4B3","E00120394","E01023710","E02004931","E33027431","E38000079","E63011552","C1","6A4",51.769748,-0.303564,"E37000048","","E23000027",32755,"E56000035","E54000025","E00120394","E01023710","E02004931"
"AL4 9BX","AL4  9BX","AL4 9BX","198001","","E10000015","E58000625","E07000240","E05013962","E04013286","0","516868","0210110","1","E18000006","E40000007","E92000001","E12000006","5","E14001268","E15000006","E24000005","E30000237","E16000150","E07000240","26UGGP","E00120536","26UGGP","E65000001","E01023736","E02004930","5","3A2","E00120536","E01023736","E02004930","E33027425","E38000079","E63011508","C1","5B3",51.777465,-0.307420,"E37000048","","E23000027",22903,"E56000035","E54000025","E00120536","E01023736","E02004930"
"AL4 9BY","AL4  9BY","AL4 9BY","198001","","E10000015","E58000625","E07000240","E05013962","E04013286","0","516868","0210249","1","E18000006","E40000007","E92000001","E12000006","5","E14001268","E15000006","E24000005","E30000237","E16000150","E07000240","26UGGP","E00120536","26UGGP","E65000001","E01023736","E02004930","5","3A2","E00120536","E01023736","E02004930","E33027425","E38000079","E63011508","C1","5B3",51.778714,-0.307374,"E37000048","","E23000027",22903,"E56000035","E54000025","E00120536","E01023736","E02004930"
"AL4 9BZ","AL4  9BZ","AL4 9BZ","198001","","E10000015","E58000625","E07000240","E05013962","E04013286","0","516917","0210323","1","E18000006","E40000007","E92000001","E12000006","5","E14001268","E15000006","E24000005","E30000237","E16000150","E07000240","26UGGP","E00120538","26UGGP","E65000001","E01023736","E02004930","5","2B2","E00120538","E01023736","E02004930","E33027425","E38000079","E63011508","C1","5A3",51.779369,-0.306639,"E37000048","","E23000027",22903,"E56000035","E54000025","E00120538","E01023736","E02004930"
"AL4 9DA","AL4  9DA","AL4 9DA","198001","","E10000015","E58000625","E07000240","E05013962","E04013286","0","516961","0210405","1","E18000006","E40000007","E92000001","E12000006","5","E14001268","E15000006","E24000005","E30000237","E16000150","E07000240","26UGGP","E00120538","26UGGP","E65000001","E01023736","E02004930","5","2B2","E00120538","E01023736","E02004930","E33027425","E38000079","E63011508","C1","5A3",51.780103,-0.305950,"E37000048","","E23000027",22903,"E56000035","E54000025","E00120538","E01023736","E02004930"
"AL4 9DB","AL4  9DB","AL4 9DB","198001","","E10000015","E58000625","E07000240","E05013962","E04013286","0","516869","0210322","1","E18000006","E40000007","E92000001","E12000006","5","E14001268","E15000006","E24000005","E30000237","E16000150","E07000240","26UGGP","E00120536","26UGGP","E65000001","E01023736","E02004930","5","3A2","E00120536","E01023736","E02004930","E33027425","E38000079","E63011508","C1","5B3",51.779370,-0.307335,"E37000048","","E23000027",22903,"E56000035","E54000025","E00120536","E01023736","E02004930"
"AL4 9DD","AL4  9DD","AL4 9DD","198001","","E10000015","E58000625","E07000240","E05013962","E04013286","0","516943","0210445","1","E18000006","E40000007","E92000001","E12000006","5","E14001268","E15000006","E24000005","E30000237","E16000150","E07000240","26UGGP","E00120536","26UGGP","E65000001","E01023736","E02004930","5","3A2","E00120536","E01023736","E02004930","E33027425","E38000079","E63011508","C1","5B3",51.780466,-0.306197,"E37000048","","E23000027",22903,"E56000035","E54000025","E00120536","E01023736","E02004930"
"AL4 9DE","AL4  9DE","AL4 9DE","199412","","E10000015","E58000625","E07000240","E05013962","E04013286","0","517008","0210566","1","E18000006","E40000007","E92000001","E12000006","5","E14001268","E15000006","E24000005","E30000237","E16000150","E07000240","26UGGP","E00120536","26UGGP","E65000001","E01023736","E02004930","5","3A2","E00120536","E01023736","E02004930","E33027425","E38000079","E63011508","C1","5B3",51.781534,-0.305239,"E37000048","","E23000027",22903,"E56000035","E54000025","E00120536","E01023736","E02004930"
"AL4 9DF","AL4  9DF","AL4 9DF","198001","","E10000015","E58000625","E07000240","E05013962","E04013286","0","517041","0210604","1","E18000006","E40000007","E92000001","E12000006","5","E14001268","E15000006","E24000005","E30000237","E16000150","E07000240","26UGGP","E00120536","26UGGP","E65000001","E01023736","E02004930","5","3A2","E00120536","E01023736","E02004930","E33027425","E38000079","E63011508","C1","5B3",51.781875,-0.304724,"E37000048","","E23000027",22903,"E56000035","E54000025","E00120536","E01023736","E02004930"
"AL4 9DG","AL4  9DG","AL4 9DG","198001","","E10000015","E58000625","E07000240","E05013962","E04013286","0","517066","0210658","1","E18000006","E40000007","E92000001","E12000006","5","E14001268","E15000006","E24000005","E30000237","E16000150","E07000240","26UGGP","E00120535","26UGGP","E65000001","E01023736","E02004930","5","3C2","E00120535","E01023736","E02004930","E33027425","E38000079","E63011508","C1","5B2",51.782349,-0.304367,"E37000048","","E23000027",22903,"E56000035","E54000025","E00120535","E01023736","E02004930"
"AL4 9DH","AL4  9DH","AL4 9DH","199712","","E10000015","E58000625","E07000240","E05013962","E04013286","0","517307","0210591","1","E18000006","E40000007","E92000001","E12000006","5","E14001268","E15000006","E24000005","E30000237","E16000150","E07000240","26UGGP","E00120537","26UGGP","E65000001","E01023736","E02004930","5","5B2","E00120537","E01023736","E02004930","E33027425","E38000079","E63011508","C1","7D3",51.781702,-0.300874,"E37000048","","E23000027",22903,"E56000035","E54000025","E00120537","E01023736","E02004930"
"AL4 9DJ","AL4  9DJ","AL4 9DJ","198001","","E10000015","E58000625","E07000240","E05013962","E04013286","0","517021","0210503","1","E18000006","E40000007","E92000001","E12000006","5","E14001268","E15000006","E24000005","E30000237","E16000150","E07000240","26UGGP","E00120535","26UGGP","E65000001","E01023736","E02004930","5","3C2","E00120535","E01023736","E02004930","E33027425","E38000079","E63011508","C1","5B2",51.780965,-0.305071,"E37000048","","E23000027",22903,"E56000035","E54000025","E00120535","E01023736","E02004930"
"AL4 9DL","AL4  9DL","AL4 9DL","198001","","E10000015","E58000625","E07000240","E05013962","E04013286","0","517112","0210495","1","E18000006","E40000007","E92000001","E12000006","5","E14001268","E15000006","E24000005","E30000237","E16000150","E07000240","26UGGP","E00120535","26UGGP","E65000001","E01023736","E02004930","5","3C2","E00120535","E01023736","E02004930","E33027425","E38000079","E63011508","C1","5B2",51.780874,-0.303756,"E37000048","","E23000027",22903,"E56000035","E54000025","E00120535","E01023736","E02004930"
"AL4 9DN","AL4  9DN","AL4 9DN","198001","","E10000015","E58000625","E07000240","E05013962","E04013286","0","517147","0210524","1","E18000006","E40000007","E92000001","E12000006","5","E14001268","E15000006","E24000005","E30000237","E16000150","E07000240","26UGGP","E00120535","26UGGP","E65000001","E01023736","E02004930","5","3C2","E00120535","E01023736","E02004930","E33027425","E38000079","E63011508","C1","5B2",51.781127,-0.303239,"E37000048","","E23000027",22903,"E56000035","E54000025","E00120535","E01023736","E02004930"
"AL4 9DP","AL4  9DP","AL4 9DP","198001","","E10000015","E58000625","E07000240","E05013962","E04013286","0","517283","0210740","1","E18000006","E40000007","E92000001","E12000006","5","E14001268","E15000006","E24000005","E30000237","E16000150","E07000240","26UGGP","E00120524","26UGGP","E65000001","E01023736","E02004930","5","6B2","E00120524","E01023736","E02004930","E33027426","E38000079","E63011508","C1","8C1",51.783040,-0.301195,"E37000048","","E23000027",22903,"E56000035","E54000025","E00120524","E01023736","E02004930"
"AL4 9DQ","AL4  9DQ","AL4 9DQ","198001","","E10000015","E58000625","E07000240","E05013962","E04013286","0","517130","0210890","1","E18000006","E40000007","E92000001","E12000006","5","E14001268","E15000006","E24000005","E30000237","E16000150","E07000240","26UGGP","E00120535","26UGGP","E65000001","E01023736","E02004930","5","3C2","E00120535","E01023736","E02004930","E33027425","E38000079","E63011508","C1","5B2",51.784427,-0.303338,"E37000048","","E23000027",22903,"E56000035","E54000025","E00120535","E01023736","E02004930"
"AL4 9DR","AL4  9DR","AL4 9DR","198504","","E10000015","E58000625","E07000240","E05013962","E04013286","0","517122","0210468","1","E18000006","E40000007","E92000001","E12000006","5","E14001268","E15000006","E24000005","E30000237","E16000150","E07000240","26UGGP","E00120535","26UGGP","E65000001","E01023736","E02004930","5","3C2","E00120535","E01023736","E02004930","E33027425","E38000079","E63011508","C1","5B2",51.780629,-0.303620,"E37000048","","E23000027",22903,"E56000035","E54000025","E00120535","E01023736","E02004930"
"AL4 9DS","AL4  9DS","AL4 9DS","198001","","E10000015","E58000625","E07000240","E05013962","E04013286","0","517429","0210561","1","E18000006","E40000007","E92000001","E12000006","5","E14001268","E15000006","E24000005","E30000237","E16000150","E07000240","26UGGP","E00120524","26UGGP","E65000001","E01023736","E02004930","5","6B2","E00120524","E01023736","E02004930","E33027426","E38000079","E63011508","C1","8C1",51.781401,-0.299140,"E37000048","","E23000027",22903,"E56000035","E54000025","E00120524","E01023736","E02004930"
"AL4 9DT","AL4  9DT","AL4 9DT","199512","199712","E10000015","E58000618","E07000240","E05015801","E04013286","1","517153","0209257","6","E18000006","E40000007","E92000001","E12000006","5","E14001507","E15000006","E24000005","E30000237","E16000150","E07000240","26UGGH","E00120394","26UGGH","E65000001","E01023710","E02004931","5","4B3","E00120394","E01023710","E02004931","E33027431","E38000079","E63011552","C1","6A4",51.769740,-0.303579,"E37000048","","E23000027",32755,"E56000035","E54000025","E00120394","E01023710","E02004931"
"AL4 9DU","AL4  9DU","AL4 9DU","198001","","E10000015","E58000625","E07000240","E05013962","E04013286","0","517248","0210705","1","E18000006","E40000007","E92000001","E12000006","5","E14001268","E15000006","E24000005","E30000237","E16000150","E07000240","26UGGP","E00120537","26UGGP","E65000001","E01023736","E02004930","5","5B2","E00120537","E01023736","E02004930","E33027425","E38000079","E63011508","C1","7D3",51.782733,-0.301714,"E37000048","","E23000027",22903,"E56000035","E54000025","E00120537","E01023736","E02004930"
"AL4 9DW","AL4  9DW","AL4 9DW","198001","","E10000015","E58000625","E07000240","E05013962","E04013286","0","517142","0210650","1","E18000006","E40000007","E92000001","E12000006","5","E14001268","E15000006","E24000005","E30000237","E16000150","E07000240","26UGGP","E00120535","26UGGP","E65000001","E01023736","E02004930","5","3C2","E00120535","E01023736","E02004930","E33027425","E38000079","E63011508","C1","5B2",51.782261,-0.303269,"E37000048","","E23000027",22903,"E56000035","E54000025","E00120535","E01023736","E02004930"
"AL4 9DX","AL4  9DX","AL4 9DX","198001","","E10000015","E58000625","E07000240","E05013962","E04013286","0","517382","0210571","1","E18000006","E40000007","E92000001","E12000006","5","E14001268","E15000006","E24000005","E30000237","E16000150","E07000240","26UGGP","E00120537","26UGGP","E65000001","E01023736","E02004930","5","5B2","E00120537","E01023736","E02004930","E33027425","E38000079","E63011508","C1","7D3",51.781501,-0.299818,"E37000048","","E23000027",22903,"E56000035","E54000025","E00120537","E01023736","E02004930"
"AL4 9DY","AL4  9DY","AL4 9DY","198001","","E10000015","E58000625","E07000240","E05013962","E04013286","0","517434","0210475","1","E18000006","E40000007","E92000001","E12000006","5","E14001268","E15000006","E24000005","E30000237","E16000150","E07000240","26UGGP","E00120537","26UGGP","E65000001","E01023736","E02004930","5","5B2","E00120537","E01023736","E02004930","E33027425","E38000079","E63011508","C1","7D3",51.780627,-0.299097,"E37000048","","E23000027",22903,"E56000035","E54000025","E00120537","E01023736","E02004930"
"AL4 9DZ","AL4  9DZ","AL4 9DZ","198001","","E10000015","E58000625","E07000240","E05013962","E04013286","0","517546","0210468","1","E18000006","E40000007","E92000001","E12000006","5","E14001268","E15000006","E24000005","E30000237","E16000150","E07000240","26UGGP","E00120537","26UGGP","E65000001","E01023736","E02004930","5","5B2","E00120537","E01023736","E02004930","E33027425","E38000079","E63011508","C1","7D3",51.780541,-0.297477,"E37000048","","E23000027",22903,"E56000035","E54000025","E00120537","E01023736","E02004930"
"AL4 9EA","AL4  9EA","AL4 9EA","198001","","E10000015","E58000625","E07000240","E05013962","E04013286","0","517467","0210552","1","E18000006","E40000007","E92000001","E12000006","5","E14001268","E15000006","E24000005","E30000237","E16000150","E07000240","26UGGP","E00120537","26UGGP","E65000001","E01023736","E02004930","5","5B2","E00120537","E01023736","E02004930","E33027425","E38000079","E63011508","C1","7D3",51.781312,-0.298593,"E37000048","","E23000027",22903,"E56000035","E54000025","E00120537","E01023736","E02004930"
"AL4 9EB","AL4  9EB","AL4 9EB","198001","","E10000015","E58000625","E07000240","E05013962","E04013286","0","517657","0210481","1","E18000006","E40000007","E92000001","E12000006","5","E14001268","E15000006","E24000005","E30000237","E16000150","E07000240","26UGGP","E00120524","26UGGP","E65000001","E01023736","E02004930","5","6B2","E00120524","E01023736","E02004930","E33027426","E38000079","E63011508","C1","8C1",51.780640,-0.295840,"E37000048","","E23000027",22903,"E56000035","E54000025","E00120524","E01023736","E02004930"
"AL4 9ED","AL4  9ED","AL4 9ED","198001","","E10000015","E58000625","E07000240","E05013962","E04013286","0","517763","0210501","1","E18000006","E40000007","E92000001","E12000006","5","E14001268","E15000006","E24000005","E30000237","E16000150","E07000240","26UGGP","E00120524","26UGGP","E65000001","E01023736","E02004930","5","6B2","E00120524","E01023736","E02004930","E33027426","E38000079","E63011508","C1","8C1",51.780792,-0.294321,"E37000048","","E23000027",22903,"E56000035","E54000025","E00120524","E01023736","E02004930"
"AL4 9EE","AL4  9EE","AL4 9EE","198001","","E10000015","E58000625","E07000240","E05013962","E04013286","0","517529","0210263","1","E18000006","E40000007","E92000001","E12000006","5","E14001268","E15000006","E24000005","E30000237","E16000150","E07000240","26UGGP","E00120524","26UGGP","E65000001","E01023736","E02004930","5","6B2","E00120524","E01023736","E02004930","E33027426","E38000079","E63011508","C1","8C1",51.778702,-0.297792,"E37000048","","E23000027",22903,"E56000035","E54000025","E00120524","E01023736","E02004930"
"AL4 9EF","AL4  9EF","AL4 9EF","198001","","E10000015","E58000625","E07000240","E05013962","E04013286","0","517493","0210353","1","E18000006","E40000007","E92000001","E12000006","5","E14001268","E15000006","E24000005","E30000237","E16000150","E07000240","26UGGP","E00120524","26UGGP","E65000001","E01023736","E02004930","5","6B2","E00120524","E01023736","E02004930","E33027426","E38000079","E63011508","C1","8C1",51.779518,-0.298283,"E37000048","","E23000027",22903,"E56000035","E54000025","E00120524","E01023736","E02004930"
"AL4 9EG","AL4  9EG","AL4 9EG","198001","","E10000015","E58000625","E07000240","E05013962","E04013286","0","517506","0210232","1","E18000006","E40000007","E92000001","E12000006","5","E14001268","E15000006","E24000005","E30000237","E16000150","E07000240","26UGGP","E00120524","26UGGP","E65000001","E01023736","E02004930","5","6B2","E00120524","E01023736","E02004930","E33027426","E38000079","E63011508","C1","8C1",51.778428,-0.298136,"E37000048","","E23000027",22903,"E56000035","E54000025","E00120524","E01023736","E02004930"
"AL4 9EH","AL4  9EH","AL4 9EH","198001","","E10000015","E58000625","E07000240","E05013962","E04013286","0","517369","0210374","1","E18000006","E40000007","E92000001","E12000006","5","E14001268","E15000006","E24000005","E30000237","E16000150","E07000240","26UGGP","E00120524","26UGGP","E65000001","E01023736","E02004930","5","6B2","E00120524","E01023736","E02004930","E33027426","E38000079","E63011508","C1","8C1",51.779733,-0.300073,"E37000048","","E23000027",22903,"E56000035","E54000025","E00120524","E01023736","E02004930"
"AL4 9EJ","AL4  9EJ","AL4 9EJ","198001","","E10000015","E58000625","E07000240","E05013962","E04013286","0","517341","0210435","1","E18000006","E40000007","E92000001","E12000006","5","E14001268","E15000006","E24000005","E30000237","E16000150","E07000240","26UGGP","E00120537","26UGGP","E65000001","E01023736","E02004930","5","5B2","E00120537","E01023736","E02004930","E33027425","E38000079","E63011508","C1","7D3",51.780287,-0.300458,"E37000048","","E23000027",22903,"E56000035","E54000025","E00120537","E01023736","E02004930"
"AL4 9EL","AL4  9EL","AL4 9EL","198001","","E10000015","E58000625","E07000240","E05013962","E04013286","0","517355","0210343","1","E18000006","E40000007","E92000001","E12000006","5","E14001268","E15000006","E24000005","E30000237","E16000150","E07000240","26UGGP","E00120524","26UGGP","E65000001","E01023736","E02004930","5","6B2","E00120524","E01023736","E02004930","E33027426","E38000079","E63011508","C1","8C1",51.779457,-0.300286,"E37000048","","E23000027",22903,"E56000035","E54000025","E00120524","E01023736","E02004930"
"AL4 9EN","AL4  9EN","AL4 9EN","198001","","E10000015","E58000625","E07000240","E05013962","E04013286","0","517192","0210423","1","E18000006","E40000007","E92000001","E12000006","5","E14001268","E15000006","E24000005","E30000237","E16000150","E07000240","26UGGP","E00120535","26UGGP","E65000001","E01023736","E02004930","5","3C2","E00120535","E01023736","E02004930","E33027425","E38000079","E63011508","C1","5B2",51.780210,-0.302621,"E37000048","","E23000027",22903,"E56000035","E54000025","E00120535","E01023736","E02004930"
"AL4 9EP","AL4  9EP","AL4 9EP","198001","","E10000015","E58000625","E07000240","E05013962","E04013286","0","517028","0210310","1","E18000006","E40000007","E92000001","E12000006","5","E14001268","E15000006","E24000005","E30000237","E16000150","E07000240","26UGGP","E00120535","26UGGP","E65000001","E01023736","E02004930","5","3C2","E00120535","E01023736","E02004930","E33027425","E38000079","E63011508","C1","5B2",51.779229,-0.305035,"E37000048","","E23000027",22903,"E56000035","E54000025","E00120535","E01023736","E02004930"
"AL4 9EQ","AL4  9EQ","AL4 9EQ","198001","","E10000015","E58000625","E07000240","E05013962","E04013286","0","517466","0210359","1","E18000006","E40000007","E92000001","E12000006","5","E14001268","E15000006","E24000005","E30000237","E16000150","E07000240","26UGGP","E00120524","26UGGP","E65000001","E01023736","E02004930","5","6B2","E00120524","E01023736","E02004930","E33027426","E38000079","E63011508","C1","8C1",51.779578,-0.298672,"E37000048","","E23000027",22903,"E56000035","E54000025","E00120524","E01023736","E02004930"
"AL4 9ER","AL4  9ER","AL4 9ER","198001","","E10000015","E58000625","E07000240","E05013962","E04013286","0","517126","0210411","1","E18000006","E40000007","E92000001","E12000006","5","E14001268","E15000006","E24000005","E30000237","E16000150","E07000240","26UGGP","E00120538","26UGGP","E65000001","E01023736","E02004930","5","2B2","E00120538","E01023736","E02004930","E33027425","E38000079","E63011508","C1","5A3",51.780122,-0.303557,"E37000048","","E23000027",22903,"E56000035","E54000025","E00120538","E01023736","E02004930"
"AL4 9ES","AL4  9ES","AL4 9ES","199109","","E10000015","E58000618","E07000240","E05015801","E04013286","0","517023","0208473","1","E18000006","E40000007","E92000001","E12000006","5","E14001507","E15000006","E24000005","E30000237","E16000150","E07000240","26UGGH","E00120406","26UGGH","E65000001","E01023712","E02004931","5","2B2","E00120406","E01023712","E02004931","E33027430","E38000079","E63011552","C1","3A2",51.762721,-0.305726,"E37000048","","E23000027",26281,"E56000035","E54000025","E00120406","E01023712","E02004931"
"AL4 9ET","AL4  9ET","AL4 9ET","198001","","E10000015","E58000625","E07000240","E05013962","E04013286","0","517047","0210402","1","E18000006","E40000007","E92000001","E12000006","5","E14001268","E15000006","E24000005","E30000237","E16000150","E07000240","26UGGP","E00120538","26UGGP","E65000001","E01023736","E02004930","5","2B2","E00120538","E01023736","E02004930","E33027425","E38000079","E63011508","C1","5A3",51.780058,-0.304705,"E37000048","","E23000027",22903,"E56000035","E54000025","E00120538","E01023736","E02004930"
"AL4 9EU","AL4  9EU","AL4 9EU","198001","","E10000015","E58000625","E07000240","E05013962","E04013286","0","517253","0210364","1","E18000006","E40000007","E92000001","E12000006","5","E14001268","E15000006","E24000005","E30000237","E16000150","E07000240","26UGGP","E00120537","26UGGP","E65000001","E01023736","E02004930","5","5B2","E00120537","E01023736","E02004930","E33027425","E38000079","E63011508","C1","7D3",51.779674,-0.301733,"E37000048","","E23000027",22903,"E56000035","E54000025","E00120537","E01023736","E02004930"
"AL4 9EW","AL4  9EW","AL4 9EW","198001","","E10000015","E58000625","E07000240","E05013962","E04013286","0","517101","0210361","1","E18000006","E40000007","E92000001","E12000006","5","E14001268","E15000006","E24000005","E30000237","E16000150","E07000240","26UGGP","E00120535","26UGGP","E65000001","E01023736","E02004930","5","3C2","E00120535","E01023736","E02004930","E33027425","E38000079","E63011508","C1","5B2",51.779672,-0.303960,"E37000048","","E23000027",22903,"E56000035","E54000025","E00120535","E01023736","E02004930"
"AL4 9EX","AL4  9EX","AL4 9EX","198001","","E10000015","E58000625","E07000240","E05013962","E04013286","0","517274","0210536","1","E18000006","E40000007","E92000001","E12000006","5","E14001268","E15000006","E24000005","E30000237","E16000150","E07000240","26UGGP","E00120535","26UGGP","E65000001","E01023736","E02004930","5","3C2","E00120535","E01023736","E02004930","E33027425","E38000079","E63011508","C1","5B2",51.781209,-0.301395,"E37000048","","E23000027",22903,"E56000035","E54000025","E00120535","E01023736","E02004930"
"AL4 9EY","AL4  9EY","AL4 9EY","198307","","E10000015","E58000618","E07000240","E05015801","E04013286","0","517696","0208957","1","E18000006","E40000007","E92000001","E12000006","5","E14001268","E15000006","E24000005","E30000237","E16000150","E07000240","26UGGP","E00120522","26UGGP","E65000001","E01023735","E02004930","5","4A2","E00120522","E01023735","E02004930","E33027428","E38000079","E63011552","C1","6B2",51.766930,-0.295815,"E37000048","","E23000027",30837,"E56000035","E54000025","E00120522","E01023735","E02004930"
"AL4 9EZ","AL4  9EZ","AL4 9EZ","198307","","E10000015","E58000618","E07000240","E05015801","E04013286","0","517718","0208818","1","E18000006","E40000007","E92000001","E12000006","5","E14001268","E15000006","E24000005","E30000237","E16000150","E07000240","26UGGP","E00120532","26UGGP","E65000001","E01023735","E02004930","5","6D1","E00120532","E01023735","E02004930","E33027428","E38000079","E63011552","C1","5A2",51.765676,-0.295543,"E37000048","","E23000027",30837,"E56000035","E54000025","E00120532","E01023735","E02004930"
"AL4 9FA","AL4  9FA","AL4 9FA","199208","199412","E10000015","E58000618","E07000240","E05015801","E04013286","1","517700","0208700","8","E18000006","E40000007","E92000001","E12000006","5","E14001268","E15000006","E24000005","E30000237","E16000150","E07000240","26UGGP","E00120532","26UGGP","E65000001","E01023735","E02004930","5","6D1","E00120532","E01023735","E02004930","E33027428","E38000079","E63011552","C1","5A2",51.764619,-0.295844,"E37000048","","E23000027",30837,"E56000035","E54000025","E00120532","E01023735","E02004930"
"AL4 9FB","AL4  9FB","AL4 9FB","199512","199812","E10000015","E58000618","E07000240","E05015801","E04013286","1","517154","0209258","6","E18000006","E40000007","E92000001","E12000006","5","E14001507","E15000006","E24000005","E30000237","E16000150","E07000240","26UGGH","E00120394","26UGGH","E65000001","E01023710","E02004931","5","4B3","E00120394","E01023710","E02004931","E33027431","E38000079","E63011552","C1","6A4",51.769748,-0.303564,"E37000048","","E23000027",32755,"E56000035","E54000025","E00120394","E01023710","E02004931"
"AL4 9FD","AL4  9FD","AL4 9FD","199512","199912","E10000015","E58000618","E07000240","E05015801","E04013286","1","517154","0209258","6","E18000006","E40000007","E92000001","E12000006","5","E14001507","E15000006","E24000005","E30000237","E16000150","E07000240","26UGGH","E00120394","26UGGH","E65000001","E01023710","E02004931","5","4B3","E00120394","E01023710","E02004931","E33027431","E38000079","E63011552","C1","6A4",51.769748,-0.303564,"E37000048","","E23000027",32755,"E56000035","E54000025","E00120394","E01023710","E02004931"
"AL4 9FE","AL4  9FE","AL4 9FE","199812","200302","E10000015","E58000664","E07000240","E05013956","E43000290","1","517328","0206823","1","E18000006","E40000007","E92000001","E12000006","5","E14001507","E15000006","E24000005","E30000237","E16000150","E07000240","26UGFX","E00120196","26UGFX","E65000001","E01023667","E02004936","5","6D1","E00120196","E01023667","E02004936","E33027453","E38000079","E63011552","C1","5A2",51.747828,-0.301865,"E37000048","","E23000027",30628,"E56000035","E54000025","E00120196","E01023667","E02004936"
"AL4 9FF","AL4  9FF","AL4 9FF","200106","200408","E10000015","E58000664","E07000240","E05013956","E43000290","1","517328","0206823","1","E18000006","E40000007","E92000001","E12000006","5","E14001507","E15000006","E24000005","E30000237","E16000150","E07000240","26UGFX","E00120196","26UGFX","E65000001","E01023667","E02004936","5","6D1","E00120196","E01023667","E02004936","E33027453","E38000079","E63011552","C1","5A2",51.747828,-0.301865,"E37000048","","E23000027",30628,"E56000035","E54000025","E00120196","E01023667","E02004936"
"AL4 9FG","AL4  9FG","AL4 9FG","200707","","E10000015","E58000625","E07000240","E05013962","E04013286","0","518719","0210272","1","E18000006","E40000007","E92000001","E12000006","5","E14001268","E15000006","E24000005","E30000237","E16000150","E07000240","26UGGP","E00120526","26UGGP","E65000001","E01023736","E02004930","8","3C2","E00120526","E01023736","E02004930","E33027426","E38000079","","F1","1B2",51.778538,-0.280524,"E37000048","","E23000027",22903,"E56000035","E54000025","E00120526","E01023736","E02004930"
"AL4 9FH","AL4  9FH","AL4 9FH","201102","","E10000015","E58000625","E07000240","E05013962","E04013286","0","516860","0211772","1","E18000006","E40000007","E92000001","E12000006","5","E14001268","E15000006","E24000005","E30000237","E16000150","E07000240","26UGGP","E00120526","26UGGP","E65000001","E01023736","E02004930","8","3C2","E00120526","E01023736","E02004930","E33027426","E38000079","","F1","1B2",51.792410,-0.306953,"E37000048","","E23000027",22903,"E56000035","E54000025","E00120526","E01023736","E02004930"
"AL4 9FJ","AL4  9FJ","AL4 9FJ","201508","","E10000015","E58000618","E07000240","E05015801","E04013286","0","517078","0209383","1","E18000006","E40000007","E92000001","E12000006","5","E14001507","E15000006","E24000005","E30000237","E16000150","E07000240","26UGGH","E00120398","26UGGH","E65000001","E01023711","E02004931","5","5B3","E00120398","E01023711","E02004931","E33027429","E38000079","E63011552","C1","7A3",51.770888,-0.304623,"E37000048","","E23000027",30830,"E56000035","E54000025","E00120398","E01023711","E02004931"
"AL4 9FL","AL4  9FL","AL4 9FL","201812","","E10000015","E58000625","E07000240","E05013962","E04013286","0","517454","0210426","1","E18000006","E40000007","E92000001","E12000006","5","E14001268","E15000006","E24000005","E30000237","E16000150","E07000240","26UGGP","E00120524","26UGGP","E65000001","E01023736","E02004930","5","6B2","E00120524","E01023736","E02004930","E33027426","E38000079","E63011508","C1","8C1",51.780189,-0.298800,"E37000048","","E23000027",22903,"E56000035","E54000025","E00120524","E01023736","E02004930"
"AL4 9FN","AL4  9FN","AL4 9FN","201902","","E10000015","E58000625","E07000240","E05013962","E04013286","0","517249","0210644","1","E18000006","E40000007","E92000001","E12000006","5","E14001268","E15000006","E24000005","E30000237","E16000150","E07000240","26UGGP","E00120537","26UGGP","E65000001","E01023736","E02004930","5","5B2","E00120537","E01023736","E02004930","E33027425","E38000079","E63011508","C1","7D3",51.782191,-0.301696,"E37000048","","E23000027",22903,"E56000035","E54000025","E00120537","E01023736","E02004930"
"AL4 9FP","AL4  9FP","AL4 9FP","202104","","E10000015","E58000618","E07000240","E05015801","E04013286","0","517054","0208602","1","E18000006","E40000007","E92000001","E12000006","5","E14001507","E15000006","E24000005","E30000237","E16000150","E07000240","26UGGH","E00120411","26UGGH","E65000001","E01023712","E02004931","5","2B1","E00120411","E01023712","E02004931","E33027430","E38000079","E63011552","C1","2C1",51.763879,-0.305209,"E37000048","","E23000027",26281,"E56000035","E54000025","E00120411","E01023712","E02004931"
"AL4 9FR","AL4  9FR","AL4 9FR","199512","200602","E10000015","E58000664","E07000240","E05013956","E43000290","1","517328","0206823","1","E18000006","E40000007","E92000001","E12000006","5","E14001507","E15000006","E24000005","E30000237","E16000150","E07000240","26UGFX","E00120196","26UGFX","E65000001","E01023667","E02004936","5","6D1","E00120196","E01023667","E02004936","E33027453","E38000079","E63011552","C1","5A2",51.747828,-0.301865,"E37000048","","E23000027",30628,"E56000035","E54000025","E00120196","E01023667","E02004936"
"AL4 9GA","AL4  9GA","AL4 9GA","199512","199806","E10000015","E58000618","E07000240","E05015801","E04013286","1","517154","0209258","6","E18000006","E40000007","E92000001","E12000006","5","E14001507","E15000006","E24000005","E30000237","E16000150","E07000240","26UGGH","E00120394","26UGGH","E65000001","E01023710","E02004931","5","4B3","E00120394","E01023710","E02004931","E33027431","E38000079","E63011552","C1","6A4",51.769748,-0.303564,"E37000048","","E23000027",32755,"E56000035","E54000025","E00120394","E01023710","E02004931"
"AL4 9GB","AL4  9GB","AL4 9GB","199606","200602","E10000015","E58000664","E07000240","E05013956","E43000290","1","517328","0206823","1","E18000006","E40000007","E92000001","E12000006","5","E14001507","E15000006","E24000005","E30000237","E16000150","E07000240","26UGFX","E00120196","26UGFX","E65000001","E01023667","E02004936","5","6D1","E00120196","E01023667","E02004936","E33027453","E38000079","E63011552","C1","5A2",51.747828,-0.301865,"E37000048","","E23000027",30628,"E56000035","E54000025","E00120196","E01023667","E02004936"
"AL4 9GD","AL4  9GD","AL4 9GD","199606","199812","E10000015","E58000618","E07000240","E05015801","E04013286","1","517154","0209258","6","E18000006","E40000007","E92000001","E12000006","5","E14001507","E15000006","E24000005","E30000237","E16000150","E07000240","26UGGH","E00120394","26UGGH","E65000001","E01023710","E02004931","5","4B3","E00120394","E01023710","E02004931","E33027431","E38000079","E63011552","C1","6A4",51.769748,-0.303564,"E37000048","","E23000027",32755,"E56000035","E54000025","E00120394","E01023710","E02004931"
"AL4 9GE","AL4  9GE","AL4 9GE","199512","199812","E10000015","E58000618","E07000240","E05015801","E04013286","1","517154","0209258","6","E18000006","E40000007","E92000001","E12000006","5","E14001507","E15000006","E24000005","E30000237","E16000150","E07000240","26UGGH","E00120394","26UGGH","E65000001","E01023710","E02004931","5","4B3","E00120394","E01023710","E02004931","E33027431","E38000079","E63011552","C1","6A4",51.769748,-0.303564,"E37000048","","E23000027",32755,"E56000035","E54000025","E00120394","E01023710","E02004931"
"AL4 9GF","AL4  9GF","AL4 9GF","200703","201203","E10000015","E58000664","E07000240","E05013956","E43000290","1","517328","0206823","1","E18000006","E40000007","E92000001","E12000006","5","E14001507","E15000006","E24000005","E30000237","E16000150","E07000240","26UGFX","E00120196","26UGFX","E65000001","E01023667","E02004936","5","6D1","E00120196","E01023667","E02004936","E33027453","E38000079","E63011552","C1","5A2",51.747828,-0.301865,"E37000048","","E23000027",30628,"E56000035","E54000025","E00120196","E01023667","E02004936"
"AL4 9GG","AL4  9GG","AL4 9GG","200106","200507","E10000015","E58000664","E07000240","E05013956","E43000290","1","517328","0206823","1","E18000006","E40000007","E92000001","E12000006","5","E14001507","E15000006","E24000005","E30000237","E16000150","E07000240","26UGFX","E00120196","26UGFX","E65000001","E01023667","E02004936","5","6D1","E00120196","E01023667","E02004936","E33027453","E38000079","E63011552","C1","5A2",51.747828,-0.301865,"E37000048","","E23000027",30628,"E56000035","E54000025","E00120196","E01023667","E02004936"
"AL4 9GH","AL4  9GH","AL4 9GH","199606","199912","E10000015","E58000618","E07000240","E05015801","E04013286","1","517154","0209258","6","E18000006","E40000007","E92000001","E12000006","5","E14001507","E15000006","E24000005","E30000237","E16000150","E07000240","26UGGH","E00120394","26UGGH","E65000001","E01023710","E02004931","5","4B3","E00120394","E01023710","E02004931","E33027431","E38000079","E63011552","C1","6A4",51.769748,-0.303564,"E37000048","","E23000027",32755,"E56000035","E54000025","E00120394","E01023710","E02004931"
"AL4 9GJ","AL4  9GJ","AL4 9GJ","199606","199812","E10000015","E58000618","E07000240","E05015801","E04013286","1","517154","0209258","6","E18000006","E40000007","E92000001","E12000006","5","E14001507","E15000006","E24000005","E30000237","E16000150","E07000240","26UGGH","E00120394","26UGGH","E65000001","E01023710","E02004931","5","4B3","E00120394","E01023710","E02004931","E33027431","E38000079","E63011552","C1","6A4",51.769748,-0.303564,"E37000048","","E23000027",32755,"E56000035","E54000025","E00120394","E01023710","E02004931"
"AL4 9GL","AL4  9GL","AL4 9GL","199606","200408","E10000015","E58000664","E07000240","E05013956","E43000290","1","517328","0206823","1","E18000006","E40000007","E92000001","E12000006","5","E14001507","E15000006","E24000005","E30000237","E16000150","E07000240","26UGFX","E00120196","26UGFX","E65000001","E01023667","E02004936","5","6D1","E00120196","E01023667","E02004936","E33027453","E38000079","E63011552","C1","5A2",51.747828,-0.301865,"E37000048","","E23000027",30628,"E56000035","E54000025","E00120196","E01023667","E02004936"
"AL4 9GN","AL4  9GN","AL4 9GN","199606","199912","E10000015","E58000618","E07000240","E05015801","E04013286","1","517154","0209258","6","E18000006","E40000007","E92000001","E12000006","5","E14001507","E15000006","E24000005","E30000237","E16000150","E07000240","26UGGH","E00120394","26UGGH","E65000001","E01023710","E02004931","5","4B3","E00120394","E01023710","E02004931","E33027431","E38000079","E63011552","C1","6A4",51.769748,-0.303564,"E37000048","","E23000027",32755,"E56000035","E54000025","E00120394","E01023710","E02004931"
"AL4 9GP","AL4  9GP","AL4 9GP","199606","199812","E10000015","E58000618","E07000240","E05015801","E04013286","1","517154","0209258","6","E18000006","E40000007","E92000001","E12000006","5","E14001507","E15000006","E24000005","E30000237","E16000150","E07000240","26UGGH","E00120394","26UGGH","E65000001","E01023710","E02004931","5","4B3","E00120394","E01023710","E02004931","E33027431","E38000079","E63011552","C1","6A4",51.769748,-0.303564,"E37000048","","E23000027",32755,"E56000035","E54000025","E00120394","E01023710","E02004931"
"AL4 9GQ","AL4  9GQ","AL4 9GQ","199706","200006","E10000015","E58000618","E07000240","E05015801","E04013286","1","517700","0208700","8","E18000006","E40000007","E92000001","E12000006","5","E14001268","E15000006","E24000005","E30000237","E16000150","E07000240","26UGGP","E00120532","26UGGP","E65000001","E01023735","E02004930","5","6D1","E00120532","E01023735","E02004930","E33027428","E38000079","E63011552","C1","5A2",51.764619,-0.295844,"E37000048","","E23000027",30837,"E56000035","E54000025","E00120532","E01023735","E02004930"
"AL4 9GZ","AL4  9GZ","AL4 9GZ","199912","200306","E10000015","E58000618","E07000240","E05015801","E04013286","1","517700","0208700","5","E18000006","E40000007","E92000001","E12000006","5","E14001268","E15000006","E24000005","E30000237","E16000150","E07000240","26UGGP","E00120532","26UGGP","E65000001","E01023735","E02004930","5","6D1","E00120532","E01023735","E02004930","E33027428","E38000079","E63011552","C1","5A2",51.764619,-0.295844,"E37000048","","E23000027",30837,"E56000035","E54000025","E00120532","E01023735","E02004930"
"AL4 9HA","AL4  9HA","AL4 9HA","198307","","E10000015","E58000618","E07000240","E05015801","E04013286","0","517659","0208849","1","E18000006","E40000007","E92000001","E12000006","5","E14001268","E15000006","E24000005","E30000237","E16000150","E07000240","26UGGP","E00120532","26UGGP","E65000001","E01023735","E02004930","5","6D1","E00120532","E01023735","E02004930","E33027428","E38000079","E63011552","C1","5A2",51.765967,-0.296387,"E37000048","","E23000027",30837,"E56000035","E54000025","E00120532","E01023735","E02004930"
"AL4 9HB","AL4  9HB","AL4 9HB","198307","","E10000015","E58000618","E07000240","E05015801","E04013286","0","517664","0208959","1","E18000006","E40000007","E92000001","E12000006","5","E14001268","E15000006","E24000005","E30000237","E16000150","E07000240","26UGGP","E00120532","26UGGP","E65000001","E01023735","E02004930","5","6D1","E00120532","E01023735","E02004930","E33027428","E38000079","E63011552","C1","5A2",51.766954,-0.296278,"E37000048","","E23000027",30837,"E56000035","E54000025","E00120532","E01023735","E02004930"
"AL4 9HD","AL4  9HD","AL4 9HD","198307","","E10000015","E58000618","E07000240","E05015801","E04013286","0","517726","0208750","1","E18000006","E40000007","E92000001","E12000006","5","E14001268","E15000006","E24000005","E30000237","E16000150","E07000240","26UGGP","E00120532","26UGGP","E65000001","E01023735","E02004930","5","6D1","E00120532","E01023735","E02004930","E33027428","E38000079","E63011552","C1","5A2",51.765063,-0.295450,"E37000048","","E23000027",30837,"E56000035","E54000025","E00120532","E01023735","E02004930"
"AL4 9HE","AL4  9HE","AL4 9HE","198001","","E10000015","E58000618","E07000240","E05015801","E04013286","0","518051","0208751","1","E18000006","E40000007","E92000001","E12000006","5","E14001268","E15000006","E24000005","E30000237","E16000150","E07000240","26UGGP","E00120522","26UGGP","E65000001","E01023735","E02004930","5","4A2","E00120522","E01023735","E02004930","E33027428","E38000079","E63011552","C1","6B2",51.765009,-0.290719,"E37000048","","E23000027",30837,"E56000035","E54000025","E00120522","E01023735","E02004930"
"AL4 9HF","AL4  9HF","AL4 9HF","198001","","E10000015","E58000625","E07000240","E05013962","E04013286","0","518386","0209932","1","E18000006","E40000007","E92000001","E12000006","5","E14001268","E15000006","E24000005","E30000237","E16000150","E07000240","26UGGP","E00120526","26UGGP","E65000001","E01023736","E02004930","8","3C2","E00120526","E01023736","E02004930","E33027426","E38000079","","F1","1B2",51.775547,-0.285488,"E37000048","","E23000027",22903,"E56000035","E54000025","E00120526","E01023736","E02004930"
"AL4 9HG","AL4  9HG","AL4 9HG","198001","","E10000015","E58000625","E07000240","E05013962","E04013286","0","518842","0210094","1","E18000006","E40000007","E92000001","E12000006","5","E14001268","E15000006","E24000005","E30000237","E16000150","E07000240","26UGGP","E00120526","26UGGP","E65000001","E01023736","E02004930","8","3C2","E00120526","E01023736","E02004930","E33027426","E38000079","","F1","1B2",51.776906,-0.278827,"E37000048","","E23000027",22903,"E56000035","E54000025","E00120526","E01023736","E02004930"
"AL4 9HH","AL4  9HH","AL4 9HH","198001","","E10000015","E58000625","E07000240","E05013962","E04013286","0","518168","0210281","1","E18000006","E40000007","E92000001","E12000006","5","E14001268","E15000006","E24000005","E30000237","E16000150","E07000240","26UGGP","E00120526","26UGGP","E65000001","E01023736","E02004930","8","3C2","E00120526","E01023736","E02004930","E33027426","E38000079","","F1","1B2",51.778735,-0.288504,"E37000048","","E23000027",22903,"E56000035","E54000025","E00120526","E01023736","E02004930"
"AL4 9HJ","AL4  9HJ","AL4 9HJ","198001","","E10000015","E58000628","E07000241","E05011064","E04004819","0","519210","0210035","1","E18000006","E40000007","E92000001","E12000006","5","E14001573","E15000006","E24000005","E30000272","E16000150","E07000241","26ULGP","E00121521","26ULGP","E65000001","E01023928","E02004981","8","3C2","E00173254","E01033313","E02004981","E33027629","E38000049","","C1","5B2",51.776304,-0.273492,"E37000048","","E23000027",28266,"E56000035","E54000025","E00173254","E01033313","E02004981"
"AL4 9HL","AL4  9HL","AL4 9HL","198001","","E10000015","E58000628","E07000241","E05011064","E04004819","0","519494","0209682","1","E18000006","E40000007","E92000001","E12000006","5","E14001573","E15000006","E24000005","E30000272","E16000150","E07000241","26ULGP","E00121521","26ULGP","E65000001","E01023928","E02004981","8","3C2","E00173254","E01033313","E02004981","E33027629","E38000049","","C1","5B2",51.773071,-0.269499,"E37000048","","E23000027",28266,"E56000035","E54000025","E00173254","E01033313","E02004981"
"AL4 9HN","AL4  9HN","AL4 9HN","198001","","E10000015","E58000618","E07000240","E05015801","E04013286","0","519047","0209312","1","E18000006","E40000007","E92000001","E12000006","5","E14001268","E15000006","E24000005","E30000237","E16000150","E07000240","26UGGP","E00120526","26UGGP","E65000001","E01023736","E02004930","8","3C2","E00120526","E01023736","E02004930","E33027426","E38000079","","F1","1B2",51.769841,-0.276101,"E37000048","","E23000027",22903,"E56000035","E54000025","E00120526","E01023736","E02004930"
"AL4 9HP","AL4  9HP","AL4 9HP","198001","","E10000015","E58000618","E07000240","E05015801","E04013286","0","518842","0208944","1","E18000006","E40000007","E92000001","E12000006","5","E14001268","E15000006","E24000005","E30000237","E16000150","E07000240","26UGGP","E00120526","26UGGP","E65000001","E01023736","E02004930","8","3C2","E00120526","E01023736","E02004930","E33027426","E38000079","","F1","1B2",51.766577,-0.279196,"E37000048","","E23000027",22903,"E56000035","E54000025","E00120526","E01023736","E02004930"
"AL4 9HQ","AL4  9HQ","AL4 9HQ","198504","","E10000015","E58000625","E07000240","E05013962","E04013286","1","518400","0210241","1","E18000006","E40000007","E92000001","E12000006","5","E14001268","E15000006","E24000005","E30000237","E16000150","E07000240","26UGGP","E00120526","26UGGP","E65000001","E01023736","E02004930","8","3C2","E00120526","E01023736","E02004930","E33027426","E38000079","","F1","1B2",51.778321,-0.285180,"E37000048","","E23000027",22903,"E56000035","E54000025","E00120526","E01023736","E02004930"
"AL4 9HR","AL4  9HR","AL4 9HR","198001","","E10000015","E58000618","E07000240","E05015801","E04013286","0","518433","0208973","1","E18000006","E40000007","E92000001","E12000006","5","E14001268","E15000006","E24000005","E30000237","E16000150","E07000240","26UGGP","E00120526","26UGGP","E65000001","E01023736","E02004930","8","3C2","E00120526","E01023736","E02004930","E33027426","E38000079","","F1","1B2",51.766918,-0.285134,"E37000048","","E23000027",22903,"E56000035","E54000025","E00120526","E01023736","E02004930"
"AL4 9HS","AL4  9HS","AL4 9HS","198001","","E10000015","E58000618","E07000240","E05015801","E04013286","0","517906","0209043","1","E18000006","E40000007","E92000001","E12000006","5","E14001268","E15000006","E24000005","E30000237","E16000150","E07000240","26UGGP","E00120533","26UGGP","E65000001","E01023735","E02004930","5","4D2","E00120533","E01023735","E02004930","E33027428","E38000079","E63011552","C1","6A4",51.767658,-0.292744,"E37000048","","E23000027",30837,"E56000035","E54000025","E00120533","E01023735","E02004930"
"AL4 9HT","AL4  9HT","AL4 9HT","198001","","E10000015","E58000618","E07000240","E05015801","E04013286","0","517855","0209055","1","E18000006","E40000007","E92000001","E12000006","5","E14001268","E15000006","E24000005","E30000237","E16000150","E07000240","26UGGP","E00120533","26UGGP","E65000001","E01023735","E02004930","5","4D2","E00120533","E01023735","E02004930","E33027428","E38000079","E63011552","C1","6A4",51.767777,-0.293479,"E37000048","","E23000027",30837,"E56000035","E54000025","E00120533","E01023735","E02004930"
"AL4 9HU","AL4  9HU","AL4 9HU","198001","","E10000015","E58000618","E07000240","E05015801","E04013286","0","517713","0209049","1","E18000006","E40000007","E92000001","E12000006","5","E14001268","E15000006","E24000005","E30000237","E16000150","E07000240","26UGGP","E00120531","26UGGP","E65000001","E01023735","E02004930","5","2B2","E00120531","E01023735","E02004930","E33027428","E38000079","E63011552","C1","5A3",51.767753,-0.295537,"E37000048","","E23000027",30837,"E56000035","E54000025","E00120531","E01023735","E02004930"
"AL4 9HW","AL4  9HW","AL4 9HW","198001","","E10000015","E58000618","E07000240","E05015801","E04013286","0","518902","0208990","1","E18000006","E40000007","E92000001","E12000006","5","E14001268","E15000006","E24000005","E30000237","E16000150","E07000240","26UGGP","E00120526","26UGGP","E65000001","E01023736","E02004930","8","3C2","E00120526","E01023736","E02004930","E33027426","E38000079","","F1","1B2",51.767033,-0.277208,"E37000048","","E23000027",22903,"E56000035","E54000025","E00120526","E01023736","E02004930"
"AL4 9HX","AL4  9HX","AL4 9HX","198001","","E10000015","E58000618","E07000240","E05015801","E04013286","0","517772","0209034","1","E18000006","E40000007","E92000001","E12000006","5","E14001268","E15000006","E24000005","E30000237","E16000150","E07000240","26UGGP","E00120522","26UGGP","E65000001","E01023735","E02004930","5","4A2","E00120522","E01023735","E02004930","E33027428","E38000079","E63011552","C1","6B2",51.767606,-0.294688,"E37000048","","E23000027",30837,"E56000035","E54000025","E00120522","E01023735","E02004930"
"AL4 9HY","AL4  9HY","AL4 9HY","198106","","E10000015","E58000618","E07000240","E05015801","E04013286","0","517830","0208714","1","E18000006","E40000007","E92000001","E12000006","5","E14001268","E15000006","E24000005","E30000237","E16000150","E07000240","26UGGP","E00120534","26UGGP","E65000001","E01023735","E02004930","5","6D1","E00120534","E01023735","E02004930","E33027428","E38000079","E63011552","C1","5A2",51.764718,-0.293956,"E37000048","","E23000027",30837,"E56000035","E54000025","E00120534","E01023735","E02004930"
"AL4 9HZ","AL4  9HZ","AL4 9HZ","198106","","E10000015","E58000618","E07000240","E05015801","E04013286","0","517813","0208997","1","E18000006","E40000007","E92000001","E12000006","5","E14001268","E15000006","E24000005","E30000237","E16000150","E07000240","26UGGP","E00120522","26UGGP","E65000001","E01023735","E02004930","5","4A2","E00120522","E01023735","E02004930","E33027428","E38000079","E63011552","C1","6B2",51.767265,-0.294107,"E37000048","","E23000027",30837,"E56000035","E54000025","E00120522","E01023735","E02004930"
"AL4 9JA","AL4  9JA","AL4 9JA","198001","","E10000015","E58000618","E07000240","E05015801","E04013286","0","517883","0208793","1","E18000006","E40000007","E92000001","E12000006","5","E14001268","E15000006","E24000005","E30000237","E16000150","E07000240","26UGGP","E00120522","26UGGP","E65000001","E01023735","E02004930","5","4A2","E00120522","E01023735","E02004930","E33027428","E38000079","E63011552","C1","6B2",51.765417,-0.293162,"E37000048","","E23000027",30837,"E56000035","E54000025","E00120522","E01023735","E02004930"
"AL4 9JB","AL4  9JB","AL4 9JB","198001","","E10000015","E58000618","E07000240","E05015801","E04013286","0","517953","0208670","1","E18000006","E40000007","E92000001","E12000006","5","E14001268","E15000006","E24000005","E30000237","E16000150","E07000240","26UGGP","E00120534","26UGGP","E65000001","E01023735","E02004930","5","6D1","E00120534","E01023735","E02004930","E33027428","E38000079","E63011552","C1","5A2",51.764296,-0.292190,"E37000048","","E23000027",30837,"E56000035","E54000025","E00120534","E01023735","E02004930"
"AL4 9JD","AL4  9JD","AL4 9JD","198001","","E10000015","E58000618","E07000240","E05015801","E04013286","0","517864","0208665","1","E18000006","E40000007","E92000001","E12000006","5","E14001268","E15000006","E24000005","E30000237","E16000150","E07000240","26UGGP","E00120534","26UGGP","E65000001","E01023735","E02004930","5","6D1","E00120534","E01023735","E02004930","E33027428","E38000079","E63011552","C1","5A2",51.764270,-0.293480,"E37000048","","E23000027",30837,"E56000035","E54000025","E00120534","E01023735","E02004930"
"AL4 9JE","AL4  9JE","AL4 9JE","198001","","E10000015","E58000618","E07000240","E05015801","E04013286","0","517952","0208615","1","E18000006","E40000007","E92000001","E12000006","5","E14001507","E15000006","E24000005","E30000237","E16000150","E07000240","26UGGH","E00120410","26UGGH","E65000001","E01023712","E02004931","5","7B1","E00120410","E01023712","E02004931","E33027431","E38000079","E63011552","C1","7A3",51.763802,-0.292223,"E37000048","","E23000027",26281,"E56000035","E54000025","E00120410","E01023712","E02004931"
"AL4 9JF","AL4  9JF","AL4 9JF","198001","","E10000015","E58000618","E07000240","E05015801","E04013286","0","517988","0208526","1","E18000006","E40000007","E92000001","E12000006","5","E14001507","E15000006","E24000005","E30000237","E16000150","E07000240","26UGGH","E00120410","26UGGH","E65000001","E01023712","E02004931","5","7B1","E00120410","E01023712","E02004931","E33027431","E38000079","E63011552","C1","7A3",51.762995,-0.291732,"E37000048","","E23000027",26281,"E56000035","E54000025","E00120410","E01023712","E02004931"
"AL4 9JG","AL4  9JG","AL4 9JG","198001","","E10000015","E58000618","E07000240","E05015801","E04013286","0","517843","0208922","1","E18000006","E40000007","E92000001","E12000006","5","E14001268","E15000006","E24000005","E30000237","E16000150","E07000240","26UGGP","E00120522","26UGGP","E65000001","E01023735","E02004930","5","4A2","E00120522","E01023735","E02004930","E33027428","E38000079","E63011552","C1","6B2",51.766584,-0.293697,"E37000048","","E23000027",30837,"E56000035","E54000025","E00120522","E01023735","E02004930"
"AL4 9JH","AL4  9JH","AL4 9JH","198001","","E10000015","E58000618","E07000240","E05015801","E04013286","0","517799","0208838","1","E18000006","E40000007","E92000001","E12000006","5","E14001268","E15000006","E24000005","E30000237","E16000150","E07000240","26UGGP","E00120532","26UGGP","E65000001","E01023735","E02004930","5","6D1","E00120532","E01023735","E02004930","E33027428","E38000079","E63011552","C1","5A2",51.765839,-0.294363,"E37000048","","E23000027",30837,"E56000035","E54000025","E00120532","E01023735","E02004930"
"AL4 9JJ","AL4  9JJ","AL4 9JJ","198106","","E10000015","E58000618","E07000240","E05015801","E04013286","0","517784","0208530","1","E18000006","E40000007","E92000001","E12000006","5","E14001268","E15000006","E24000005","E30000237","E16000150","E07000240","26UGGP","E00120534","26UGGP","E65000001","E01023735","E02004930","5","6D1","E00120534","E01023735","E02004930","E33027428","E38000079","E63011552","C1","5A2",51.763074,-0.294685,"E37000048","","E23000027",30837,"E56000035","E54000025","E00120534","E01023735","E02004930"
"AL4 9JL","AL4  9JL","AL4 9JL","198106","","E10000015","E58000618","E07000240","E05015801","E04013286","0","517821","0208594","1","E18000006","E40000007","E92000001","E12000006","5","E14001268","E15000006","E24000005","E30000237","E16000150","E07000240","26UGGP","E00120534","26UGGP","E65000001","E01023735","E02004930","5","6D1","E00120534","E01023735","E02004930","E33027428","E38000079","E63011552","C1","5A2",51.763641,-0.294127,"E37000048","","E23000027",30837,"E56000035","E54000025","E00120534","E01023735","E02004930"
"AL4 9JN","AL4  9JN","AL4 9JN","198106","","E10000015","E58000618","E07000240","E05015801","E04013286","0","517764","0208666","1","E18000006","E40000007","E92000001","E12000006","5","E14001268","E15000006","E24000005","E30000237","E16000150","E07000240","26UGGP","E00120534","26UGGP","E65000001","E01023735","E02004930","5","6D1","E00120534","E01023735","E02004930","E33027428","E38000079","E63011552","C1","5A2",51.764300,-0.294928,"E37000048","","E23000027",30837,"E56000035","E54000025","E00120534","E01023735","E02004930"
"AL4 9JP","AL4  9JP","AL4 9JP","198301","","E10000015","E58000618","E07000240","E05015801","E04013286","0","517260","0209620","1","E18000006","E40000007","E92000001","E12000006","5","E14001268","E15000006","E24000005","E30000237","E16000150","E07000240","26UGGP","E00120529","26UGGP","E65000001","E01023734","E02004930","5","6A1","E00120529","E01023734","E02004930","E33027428","E38000079","E63011552","C1","5A2",51.772980,-0.301906,"E37000048","","E23000027",32585,"E56000035","E54000025","E00120529","E01023734","E02004930"
"AL4 9JQ","AL4  9JQ","AL4 9JQ","198001","","E10000015","E58000618","E07000240","E05015801","E04013286","0","517772","0208936","1","E18000006","E40000007","E92000001","E12000006","5","E14001268","E15000006","E24000005","E30000237","E16000150","E07000240","26UGGP","E00120522","26UGGP","E65000001","E01023735","E02004930","5","4A2","E00120522","E01023735","E02004930","E33027428","E38000079","E63011552","C1","6B2",51.766725,-0.294721,"E37000048","","E23000027",30837,"E56000035","E54000025","E00120522","E01023735","E02004930"
"AL4 9JR","AL4  9JR","AL4 9JR","198301","","E10000015","E58000618","E07000240","E05015801","E04013286","0","517234","0209695","1","E18000006","E40000007","E92000001","E12000006","5","E14001268","E15000006","E24000005","E30000237","E16000150","E07000240","26UGGP","E00120523","26UGGP","E65000001","E01023734","E02004930","5","4A1","E00120523","E01023734","E02004930","E33027428","E38000079","E63011552","C1","6A2",51.773659,-0.302258,"E37000048","","E23000027",32585,"E56000035","E54000025","E00120523","E01023734","E02004930"
"AL4 9JS","AL4  9JS","AL4 9JS","198301","","E10000015","E58000618","E07000240","E05015801","E04013286","0","517349","0209700","1","E18000006","E40000007","E92000001","E12000006","5","E14001268","E15000006","E24000005","E30000237","E16000150","E07000240","26UGGP","E00120523","26UGGP","E65000001","E01023734","E02004930","5","4A1","E00120523","E01023734","E02004930","E33027428","E38000079","E63011552","C1","6A2",51.773680,-0.300590,"E37000048","","E23000027",32585,"E56000035","E54000025","E00120523","E01023734","E02004930"
"AL4 9JT","AL4  9JT","AL4 9JT","198301","","E10000015","E58000618","E07000240","E05015801","E04013286","0","517258","0209563","1","E18000006","E40000007","E92000001","E12000006","5","E14001268","E15000006","E24000005","E30000237","E16000150","E07000240","26UGGP","E00120529","26UGGP","E65000001","E01023734","E02004930","5","6A1","E00120529","E01023734","E02004930","E33027428","E38000079","E63011552","C1","5A2",51.772468,-0.301955,"E37000048","","E23000027",32585,"E56000035","E54000025","E00120529","E01023734","E02004930"
"AL4 9JU","AL4  9JU","AL4 9JU","198301","","E10000015","E58000618","E07000240","E05015801","E04013286","0","517190","0209612","1","E18000006","E40000007","E92000001","E12000006","5","E14001268","E15000006","E24000005","E30000237","E16000150","E07000240","26UGGP","E00120529","26UGGP","E65000001","E01023734","E02004930","5","6A1","E00120529","E01023734","E02004930","E33027428","E38000079","E63011552","C1","5A2",51.772922,-0.302923,"E37000048","","E23000027",32585,"E56000035","E54000025","E00120529","E01023734","E02004930"
"AL4 9JW","AL4  9JW","AL4 9JW","198301","","E10000015","E58000618","E07000240","E05015801","E04013286","0","517309","0209780","1","E18000006","E40000007","E92000001","E12000006","5","E14001268","E15000006","E24000005","E30000237","E16000150","E07000240","26UGGP","E00120523","26UGGP","E65000001","E01023734","E02004930","5","4A1","E00120523","E01023734","E02004930","E33027428","E38000079","E63011552","C1","6A2",51.774407,-0.301143,"E37000048","","E23000027",32585,"E56000035","E54000025","E00120523","E01023734","E02004930"
"AL4 9JX","AL4  9JX","AL4 9JX","198301","","E10000015","E58000618","E07000240","E05015801","E04013286","0","517239","0209734","1","E18000006","E40000007","E92000001","E12000006","5","E14001268","E15000006","E24000005","E30000237","E16000150","E07000240","26UGGP","E00120523","26UGGP","E65000001","E01023734","E02004930","5","4A1","E00120523","E01023734","E02004930","E33027428","E38000079","E63011552","C1","6A2",51.774008,-0.302172,"E37000048","","E23000027",32585,"E56000035","E54000025","E00120523","E01023734","E02004930"
"AL4 9JY","AL4  9JY","AL4 9JY","199501","199812","E10000015","E58000618","E07000240","E05015801","E04013286","1","517154","0209258","6","E18000006","E40000007","E92000001","E12000006","5","E14001507","E15000006","E24000005","E30000237","E16000150","E07000240","26UGGH","E00120394","26UGGH","E65000001","E01023710","E02004931","5","4B3","E00120394","E01023710","E02004931","E33027431","E38000079","E63011552","C1","6A4",51.769748,-0.303564,"E37000048","","E23000027",32755,"E56000035","E54000025","E00120394","E01023710","E02004931"
"AL4 9JZ","AL4  9JZ","AL4 9JZ","199101","","E10000015","E58000618","E07000240","E05015801","E04013286","0","517621","0209131","1","E18000006","E40000007","E92000001","E12000006","5","E14001268","E15000006","E24000005","E30000237","E16000150","E07000240","26UGGP","E00120531","26UGGP","E65000001","E01023735","E02004930","5","2B2","E00120531","E01023735","E02004930","E33027428","E38000079","E63011552","C1","5A3",51.768509,-0.296842,"E37000048","","E23000027",30837,"E56000035","E54000025","E00120531","E01023735","E02004930"
"AL4 9LA","AL4  9LA","AL4 9LA","198001","","E10000015","E58000625","E07000240","E05013962","E04013286","0","516764","0210102","1","E18000006","E40000007","E92000001","E12000006","5","E14001268","E15000006","E24000005","E30000237","E16000150","E07000240","26UGGP","E00120536","26UGGP","E65000001","E01023736","E02004930","5","3A2","E00120536","E01023736","E02004930","E33027425","E38000079","E63011508","C1","5B3",51.777415,-0.308930,"E37000048","","E23000027",22903,"E56000035","E54000025","E00120536","E01023736","E02004930"
"AL4 9LB","AL4  9LB","AL4 9LB","198001","","E10000015","E58000625","E07000240","E05013962","E04013286","0","516651","0210077","1","E18000006","E40000007","E92000001","E12000006","5","E14001268","E15000006","E24000005","E30000237","E16000150","E07000240","26UGGP","E00120525","26UGGP","E65000001","E01023734","E02004930","5","3C1","E00120525","E01023734","E02004930","E33024345","E38000079","E63011508","C1","5B3",51.777347,-0.310483,"E37000048","","E23000027",32585,"E56000035","E54000025","E00120525","E01023734","E02004930"
"AL4 9LD","AL4  9LD","AL4 9LD","198001","","E10000015","E58000625","E07000240","E05013962","E04013286","0","516724","0210015","1","E18000006","E40000007","E92000001","E12000006","5","E14001268","E15000006","E24000005","E30000237","E16000150","E07000240","26UGGP","E00120536","26UGGP","E65000001","E01023736","E02004930","5","3A2","E00120536","E01023736","E02004930","E33027425","E38000079","E63011508","C1","5B3",51.776641,-0.309539,"E37000048","","E23000027",22903,"E56000035","E54000025","E00120536","E01023736","E02004930"
"AL4 9LE","AL4  9LE","AL4 9LE","198001","","E10000015","E58000625","E07000240","E05013962","E04013286","0","516620","0209890","1","E18000006","E40000007","E92000001","E12000006","5","E14001268","E15000006","E24000005","E30000237","E16000150","E07000240","26UGGP","E00120525","26UGGP","E65000001","E01023734","E02004930","5","3C1","E00120525","E01023734","E02004930","E33024345","E38000079","E63011552","C1","5B3",51.775540,-0.311087,"E37000048","","E23000027",32585,"E56000035","E54000025","E00120525","E01023734","E02004930"
"AL4 9LF","AL4  9LF","AL4 9LF","198604","","E10000015","E58000618","E07000240","E05015802","E04013286","0","516376","0209273","1","E18000006","E40000007","E92000001","E12000006","5","E14001507","E15000006","E24000005","E30000237","E16000150","E07000240","26UGGH","E00120396","26UGGH","E65000001","E01023709","E02004931","5","6D1","E00120396","E01023709","E02004931","E33027429","E38000079","E63011552","C1","5A2",51.770045,-0.314829,"E37000048","","E23000027",24396,"E56000035","E54000025","E00120396","E01023709","E02004931"
"AL4 9LG","AL4  9LG","AL4 9LG","198001","","E10000015","E58000625","E07000240","E05013962","E04013286","0","516557","0209769","1","E18000006","E40000007","E92000001","E12000006","5","E14001268","E15000006","E24000005","E30000237","E16000150","E07000240","26UGGP","E00120525","26UGGP","E65000001","E01023734","E02004930","5","3C1","E00120525","E01023734","E02004930","E33024345","E38000079","E63011552","C1","5B3",51.774471,-0.312017,"E37000048","","E23000027",32585,"E56000035","E54000025","E00120525","E01023734","E02004930"
"AL4 9LH","AL4  9LH","AL4 9LH","198001","","E10000015","E58000625","E07000240","E05013962","E04013286","0","516443","0209677","1","E18000006","E40000007","E92000001","E12000006","5","E14001268","E15000006","E24000005","E30000237","E16000150","E07000240","26UGGP","E00120525","26UGGP","E65000001","E01023734","E02004930","5","3C1","E00120525","E01023734","E02004930","E33024345","E38000079","E63011552","C1","5B3",51.773662,-0.313723,"E37000048","","E23000027",32585,"E56000035","E54000025","E00120525","E01023734","E02004930"
"AL4 9LJ","AL4  9LJ","AL4 9LJ","198001","","E10000015","E58000625","E07000240","E05015802","E04013286","0","516294","0209617","1","E18000006","E40000007","E92000001","E12000006","5","E14001268","E15000006","E24000005","E30000237","E16000150","E07000240","26UGGP","E00120525","26UGGP","E65000001","E01023734","E02004930","5","3C1","E00120525","E01023734","E02004930","E33024345","E38000079","E63011552","C1","5B3",51.773154,-0.315902,"E37000048","","E23000027",32585,"E56000035","E54000025","E00120525","E01023734","E02004930"
"AL4 9LL","AL4  9LL","AL4 9LL","198001","","E10000015","E58000625","E07000240","E05015802","E04013286","0","516186","0209494","1","E18000006","E40000007","E92000001","E12000006","5","E14001268","E15000006","E24000005","E30000237","E16000150","E07000240","26UGGP","E00120525","26UGGP","E65000001","E01023734","E02004930","5","3C1","E00120525","E01023734","E02004930","E33024345","E38000079","E63011552","C1","5B3",51.772077,-0.317483,"E37000048","","E23000027",32585,"E56000035","E54000025","E00120525","E01023734","E02004930"
"AL4 9LN","AL4  9LN","AL4 9LN","198001","","E10000015","E58000625","E07000240","E05015802","E04013286","0","516172","0209361","1","E18000006","E40000007","E92000001","E12000006","5","E14001268","E15000006","E24000005","E30000237","E16000150","E07000240","26UGGP","E00120525","26UGGP","E65000001","E01023734","E02004930","5","3C1","E00120525","E01023734","E02004930","E33024345","E38000079","E63011552","C1","5B3",51.770878,-0.317754,"E37000048","","E23000027",32585,"E56000035","E54000025","E00120525","E01023734","E02004930"
"AL4 9LP","AL4  9LP","AL4 9LP","198001","","E10000015","E58000625","E07000240","E05015802","E04013286","0","516094","0209311","1","E18000006","E40000007","E92000001","E12000006","5","E14001268","E15000006","E24000005","E30000237","E16000150","E07000240","26UGGP","E00120525","26UGGP","E65000001","E01023734","E02004930","5","3C1","E00120525","E01023734","E02004930","E33024345","E38000079","E63011552","C1","5B3",51.770451,-0.318877,"E37000048","","E23000027",32585,"E56000035","E54000025","E00120525","E01023734","E02004930"
"AL4 9LQ","AL4  9LQ","AL4 9LQ","198001","","E10000015","E58000625","E07000240","E05013962","E04013286","0","516855","0209707","1","E18000006","E40000007","E92000001","E12000006","5","E14001268","E15000006","E24000005","E30000237","E16000150","E07000240","26UGGP","E00120525","26UGGP","E65000001","E01023734","E02004930","5","3C1","E00120525","E01023734","E02004930","E33024345","E38000079","","C1","5B3",51.773846,-0.307744,"E37000048","","E23000027",32585,"E56000035","E54000025","E00120525","E01023734","E02004930"
"AL4 9LR","AL4  9LR","AL4 9LR","199501","200408","E10000015","E58000664","E07000240","E05013956","E43000290","1","517328","0206823","1","E18000006","E40000007","E92000001","E12000006","5","E14001507","E15000006","E24000005","E30000237","E16000150","E07000240","26UGFX","E00120196","26UGFX","E65000001","E01023667","E02004936","5","6D1","E00120196","E01023667","E02004936","E33027453","E38000079","E63011552","C1","5A2",51.747828,-0.301865,"E37000048","","E23000027",30628,"E56000035","E54000025","E00120196","E01023667","E02004936"
"AL4 9LS","AL4  9LS","AL4 9LS","198001","","E10000015","E58000618","E07000240","E05015802","E04013286","0","516139","0209240","1","E18000006","E40000007","E92000001","E12000006","5","E14001507","E15000006","E24000005","E30000237","E16000150","E07000240","26UGGH","E00120397","26UGGH","E65000001","E01023709","E02004931","5","6B2","E00120397","E01023709","E02004931","E33027429","E38000079","E63011552","C1","5A2",51.769798,-0.318273,"E37000048","","E23000027",24396,"E56000035","E54000025","E00120397","E01023709","E02004931"
"AL4 9LT","AL4  9LT","AL4 9LT","198001","","E10000015","E58000618","E07000240","E05015802","E04013286","0","516098","0209115","1","E18000006","E40000007","E92000001","E12000006","5","E14001507","E15000006","E24000005","E30000237","E16000150","E07000240","26UGGH","E00120397","26UGGH","E65000001","E01023709","E02004931","5","6B2","E00120397","E01023709","E02004931","E33027429","E38000079","E63011552","C1","5A2",51.768683,-0.318909,"E37000048","","E23000027",24396,"E56000035","E54000025","E00120397","E01023709","E02004931"
"AL4 9LU","AL4  9LU","AL4 9LU","198001","","E10000015","E58000618","E07000240","E05015802","E04013286","0","516009","0208974","1","E18000006","E40000007","E92000001","E12000006","5","E14001507","E15000006","E24000005","E30000237","E16000150","E07000240","26UGGH","E00120397","26UGGH","E65000001","E01023709","E02004931","5","6B2","E00120397","E01023709","E02004931","E33027429","E38000079","E63011552","C1","5A2",51.767434,-0.320245,"E37000048","","E23000027",24396,"E56000035","E54000025","E00120397","E01023709","E02004931"
"AL4 9LW","AL4  9LW","AL4 9LW","198001","","E10000015","E58000625","E07000240","E05015802","E04013286","0","515973","0209523","1","E18000006","E40000007","E92000001","E12000006","5","E14001268","E15000006","E24000005","E30000237","E16000150","E07000240","26UGGP","E00120526","26UGGP","E65000001","E01023736","E02004930","8","3C2","E00120526","E01023736","E02004930","E33027426","E38000079","","F1","1B2",51.772376,-0.320583,"E37000048","","E23000027",22903,"E56000035","E54000025","E00120526","E01023736","E02004930"
"AL4 9LX","AL4  9LX","AL4 9LX","198001","","E10000015","E58000618","E07000240","E05015802","E04013286","0","516086","0208986","1","E18000006","E40000007","E92000001","E12000006","5","E14001507","E15000006","E24000005","E30000237","E16000150","E07000240","26UGGH","E00120397","26UGGH","E65000001","E01023709","E02004931","5","6B2","E00120397","E01023709","E02004931","E33027429","E38000079","E63011552","C1","5A2",51.767526,-0.319125,"E37000048","","E23000027",24396,"E56000035","E54000025","E00120397","E01023709","E02004931"
"AL4 9LY","AL4  9LY","AL4 9LY","198001","","E10000015","E58000618","E07000240","E05015802","E04013286","0","516093","0209018","1","E18000006","E40000007","E92000001","E12000006","5","E14001507","E15000006","E24000005","E30000237","E16000150","E07000240","26UGGH","E00120397","26UGGH","E65000001","E01023709","E02004931","5","6B2","E00120397","E01023709","E02004931","E33027429","E38000079","E63011552","C1","5A2",51.767812,-0.319013,"E37000048","","E23000027",24396,"E56000035","E54000025","E00120397","E01023709","E02004931"
"AL4 9LZ","AL4  9LZ","AL4 9LZ","198001","","E10000015","E58000618","E07000240","E05015802","E04013286","0","516155","0209088","1","E18000006","E40000007","E92000001","E12000006","5","E14001507","E15000006","E24000005","E30000237","E16000150","E07000240","26UGGH","E00120397","26UGGH","E65000001","E01023709","E02004931","5","6B2","E00120397","E01023709","E02004931","E33027429","E38000079","E63011552","C1","5A2",51.768429,-0.318092,"E37000048","","E23000027",24396,"E56000035","E54000025","E00120397","E01023709","E02004931"
"AL4 9NA","AL4  9NA","AL4 9NA","198001","","E10000015","E58000618","E07000240","E05015802","E04013286","0","516196","0209089","1","E18000006","E40000007","E92000001","E12000006","5","E14001507","E15000006","E24000005","E30000237","E16000150","E07000240","26UGGH","E00120399","26UGGH","E65000001","E01023709","E02004931","5","5B2","E00120399","E01023709","E02004931","E33027429","E38000079","E63011552","C1","8D2",51.768429,-0.317498,"E37000048","","E23000027",24396,"E56000035","E54000025","E00120399","E01023709","E02004931"
"AL4 9NB","AL4  9NB","AL4 9NB","198001","","E10000015","E58000618","E07000240","E05015802","E04013286","0","516262","0209107","1","E18000006","E40000007","E92000001","E12000006","5","E14001507","E15000006","E24000005","E30000237","E16000150","E07000240","26UGGH","E00120399","26UGGH","E65000001","E01023709","E02004931","5","5B2","E00120399","E01023709","E02004931","E33027429","E38000079","E63011552","C1","8D2",51.768577,-0.316536,"E37000048","","E23000027",24396,"E56000035","E54000025","E00120399","E01023709","E02004931"
"AL4 9ND","AL4  9ND","AL4 9ND","198001","","E10000015","E58000618","E07000240","E05015802","E04013286","0","516343","0209131","1","E18000006","E40000007","E92000001","E12000006","5","E14001507","E15000006","E24000005","E30000237","E16000150","E07000240","26UGGH","E00120399","26UGGH","E65000001","E01023709","E02004931","5","5B2","E00120399","E01023709","E02004931","E33027429","E38000079","E63011552","C1","8D2",51.768776,-0.315354,"E37000048","","E23000027",24396,"E56000035","E54000025","E00120399","E01023709","E02004931"
"AL4 9NE","AL4  9NE","AL4 9NE","198001","","E10000015","E58000618","E07000240","E05015802","E04013286","0","516382","0209135","1","E18000006","E40000007","E92000001","E12000006","5","E14001507","E15000006","E24000005","E30000237","E16000150","E07000240","26UGGH","E00120399","26UGGH","E65000001","E01023709","E02004931","5","5B2","E00120399","E01023709","E02004931","E33027429","E38000079","E63011552","C1","8D2",51.768804,-0.314788,"E37000048","","E23000027",24396,"E56000035","E54000025","E00120399","E01023709","E02004931"
"AL4 9NF","AL4  9NF","AL4 9NF","198001","","E10000015","E58000618","E07000240","E05015802","E04013286","0","516260","0209013","1","E18000006","E40000007","E92000001","E12000006","5","E14001507","E15000006","E24000005","E30000237","E16000150","E07000240","26UGGH","E00120399","26UGGH","E65000001","E01023709","E02004931","5","5B2","E00120399","E01023709","E02004931","E33027429","E38000079","E63011552","C1","8D2",51.767739,-0.316572,"E37000048","","E23000027",24396,"E56000035","E54000025","E00120399","E01023709","E02004931"
"AL4 9NG","AL4  9NG","AL4 9NG","198001","","E10000015","E58000618","E07000240","E05015802","E04013286","0","516197","0208964","1","E18000006","E40000007","E92000001","E12000006","5","E14001507","E15000006","E24000005","E30000237","E16000150","E07000240","26UGGH","E00120399","26UGGH","E65000001","E01023709","E02004931","5","5B2","E00120399","E01023709","E02004931","E33027429","E38000079","E63011552","C1","8D2",51.767305,-0.317525,"E37000048","","E23000027",24396,"E56000035","E54000025","E00120399","E01023709","E02004931"
"AL4 9NH","AL4  9NH","AL4 9NH","198109","","E10000015","E58000625","E07000240","E05015802","E04013286","1","515971","0209280","1","E18000006","E40000007","E92000001","E12000006","5","E14001268","E15000006","E24000005","E30000237","E16000150","E07000240","26UGGP","E00120525","26UGGP","E65000001","E01023734","E02004930","5","3C1","E00120525","E01023734","E02004930","E33024345","E38000079","E63011552","C1","5B3",51.770192,-0.320693,"E37000048","","E23000027",32585,"E56000035","E54000025","E00120525","E01023734","E02004930"
"AL4 9NJ","AL4  9NJ","AL4 9NJ","198402","","E10000015","E58000618","E07000240","E05015802","E04013286","0","516249","0209444","1","E18000006","E40000007","E92000001","E12000006","5","E14001507","E15000006","E24000005","E30000237","E16000150","E07000240","26UGGH","E00120414","26UGGH","E65000001","E01023709","E02004931","5","5A1","E00120414","E01023709","E02004931","E33027429","E38000079","E63011552","C1","7D1",51.771608,-0.316611,"E37000048","","E23000027",24396,"E56000035","E54000025","E00120414","E01023709","E02004931"
"AL4 9NL","AL4  9NL","AL4 9NL","198402","","E10000015","E58000618","E07000240","E05015802","E04013286","0","516293","0209407","1","E18000006","E40000007","E92000001","E12000006","5","E14001507","E15000006","E24000005","E30000237","E16000150","E07000240","26UGGH","E00120414","26UGGH","E65000001","E01023709","E02004931","5","5A1","E00120414","E01023709","E02004931","E33027429","E38000079","E63011552","C1","7D1",51.771267,-0.315986,"E37000048","","E23000027",24396,"E56000035","E54000025","E00120414","E01023709","E02004931"
"AL4 9NN","AL4  9NN","AL4 9NN","198402","","E10000015","E58000618","E07000240","E05015802","E04013286","0","516413","0209445","1","E18000006","E40000007","E92000001","E12000006","5","E14001507","E15000006","E24000005","E30000237","E16000150","E07000240","26UGGH","E00120412","26UGGH","E65000001","E01023709","E02004931","5","2B2","E00120412","E01023709","E02004931","E33027429","E38000079","E63011552","C1","5A3",51.771583,-0.314235,"E37000048","","E23000027",24396,"E56000035","E54000025","E00120412","E01023709","E02004931"
"AL4 9NP","AL4  9NP","AL4 9NP","198504","","E10000015","E58000618","E07000240","E05015802","E04013286","0","516345","0209334","1","E18000006","E40000007","E92000001","E12000006","5","E14001507","E15000006","E24000005","E30000237","E16000150","E07000240","26UGGH","E00120396","26UGGH","E65000001","E01023709","E02004931","5","6D1","E00120396","E01023709","E02004931","E33027429","E38000079","E63011552","C1","5A2",51.770600,-0.315257,"E37000048","","E23000027",24396,"E56000035","E54000025","E00120396","E01023709","E02004931"
"AL4 9NQ","AL4  9NQ","AL4 9NQ","198001","","E10000015","E58000618","E07000240","E05015802","E43000290","0","516157","0208934","1","E18000006","E40000007","E92000001","E12000006","5","E14001507","E15000006","E24000005","E30000237","E16000150","E07000240","26UGGJ","E00120416","26UGGJ","E65000001","E01023714","E02004933","5","4D2","E00120416","E01023714","E02004933","E33027436","E38000079","E63011552","C1","6A4",51.767050,-0.318090,"E37000048","","E23000027",32374,"E56000035","E54000025","E00120416","E01023714","E02004933"
"AL4 9NR","AL4  9NR","AL4 9NR","198001","","E10000015","E58000618","E07000240","E05015802","E04013286","0","516555","0209194","1","E18000006","E40000007","E92000001","E12000006","5","E14001507","E15000006","E24000005","E30000237","E16000150","E07000240","26UGGH","E00120401","26UGGH","E65000001","E01023709","E02004931","5","4C3","E00120401","E01023709","E02004931","E33027429","E38000079","E63011552","C1","6A1",51.769298,-0.312262,"E37000048","","E23000027",24396,"E56000035","E54000025","E00120401","E01023709","E02004931"
"AL4 9NS","AL4  9NS","AL4 9NS","198001","","E10000015","E58000618","E07000240","E05015802","E04013286","0","516580","0209281","1","E18000006","E40000007","E92000001","E12000006","5","E14001507","E15000006","E24000005","E30000237","E16000150","E07000240","26UGGH","E00120400","26UGGH","E65000001","E01023710","E02004931","5","4B2","E00120400","E01023710","E02004931","E33027429","E38000079","E63011552","C1","5A2",51.770075,-0.311871,"E37000048","","E23000027",32755,"E56000035","E54000025","E00120400","E01023710","E02004931"
"AL4 9NT","AL4  9NT","AL4 9NT","198001","","E10000015","E58000618","E07000240","E05015802","E04013286","0","516606","0209305","1","E18000006","E40000007","E92000001","E12000006","5","E14001507","E15000006","E24000005","E30000237","E16000150","E07000240","26UGGH","E00120400","26UGGH","E65000001","E01023710","E02004931","5","4B2","E00120400","E01023710","E02004931","E33027429","E38000079","E63011552","C1","5A2",51.770285,-0.311486,"E37000048","","E23000027",32755,"E56000035","E54000025","E00120400","E01023710","E02004931"
"AL4 9NU","AL4  9NU","AL4 9NU","198001","","E10000015","E58000618","E07000240","E05015802","E04013286","0","516701","0209281","1","E18000006","E40000007","E92000001","E12000006","5","E14001507","E15000006","E24000005","E30000237","E16000150","E07000240","26UGGH","E00120400","26UGGH","E65000001","E01023710","E02004931","5","4B2","E00120400","E01023710","E02004931","E33027429","E38000079","E63011552","C1","5A2",51.770050,-0.310118,"E37000048","","E23000027",32755,"E56000035","E54000025","E00120400","E01023710","E02004931"
"AL4 9NW","AL4  9NW","AL4 9NW","198402","","E10000015","E58000618","E07000240","E05015802","E04013286","0","516468","0209344","1","E18000006","E40000007","E92000001","E12000006","5","E14001507","E15000006","E24000005","E30000237","E16000150","E07000240","26UGGH","E00120412","26UGGH","E65000001","E01023709","E02004931","5","2B2","E00120412","E01023709","E02004931","E33027429","E38000079","E63011552","C1","5A3",51.770664,-0.313472,"E37000048","","E23000027",24396,"E56000035","E54000025","E00120412","E01023709","E02004931"
"AL4 9NX","AL4  9NX","AL4 9NX","198001","","E10000015","E58000618","E07000240","E05015802","E04013286","1","516857","0209364","1","E18000006","E40000007","E92000001","E12000006","5","E14001507","E15000006","E24000005","E30000237","E16000150","E07000240","26UGGH","E00120398","26UGGH","E65000001","E01023711","E02004931","5","5B3","E00120398","E01023711","E02004931","E33027429","E38000079","E63011552","C1","7A3",51.770763,-0.307831,"E37000048","","E23000027",30830,"E56000035","E54000025","E00120398","E01023711","E02004931"
"AL4 9NY","AL4  9NY","AL4 9NY","198001","","E10000015","E58000618","E07000240","E05015801","E04013286","0","516916","0209158","1","E18000006","E40000007","E92000001","E12000006","5","E14001507","E15000006","E24000005","E30000237","E16000150","E07000240","26UGGH","E00120394","26UGGH","E65000001","E01023710","E02004931","5","4B3","E00120394","E01023710","E02004931","E33027431","E38000079","E63011552","C1","6A4",51.768899,-0.307045,"E37000048","","E23000027",32755,"E56000035","E54000025","E00120394","E01023710","E02004931"
"AL4 9NZ","AL4  9NZ","AL4 9NZ","198001","","E10000015","E58000618","E07000240","E05015802","E04013286","0","516880","0209177","1","E18000006","E40000007","E92000001","E12000006","5","E14001507","E15000006","E24000005","E30000237","E16000150","E07000240","26UGGH","E00120400","26UGGH","E65000001","E01023710","E02004931","5","4B2","E00120400","E01023710","E02004931","E33027429","E38000079","E63011552","C1","5A2",51.769078,-0.307560,"E37000048","","E23000027",32755,"E56000035","E54000025","E00120400","E01023710","E02004931"
"AL4 9PA","AL4  9PA","AL4 9PA","198001","","E10000015","E58000618","E07000240","E05015802","E04013286","0","516837","0209132","1","E18000006","E40000007","E92000001","E12000006","5","E14001507","E15000006","E24000005","E30000237","E16000150","E07000240","26UGGH","E00120400","26UGGH","E65000001","E01023710","E02004931","5","4B2","E00120400","E01023710","E02004931","E33027429","E38000079","E63011552","C1","5A2",51.768682,-0.308198,"E37000048","","E23000027",32755,"E56000035","E54000025","E00120400","E01023710","E02004931"
"AL4 9PB","AL4  9PB","AL4 9PB","199501","199812","E10000015","E58000618","E07000240","E05015801","E04013286","1","517154","0209258","6","E18000006","E40000007","E92000001","E12000006","5","E14001507","E15000006","E24000005","E30000237","E16000150","E07000240","26UGGH","E00120394","26UGGH","E65000001","E01023710","E02004931","5","4B3","E00120394","E01023710","E02004931","E33027431","E38000079","E63011552","C1","6A4",51.769748,-0.303564,"E37000048","","E23000027",32755,"E56000035","E54000025","E00120394","E01023710","E02004931"
"AL4 9PD","AL4  9PD","AL4 9PD","198001","","E10000015","E58000618","E07000240","E05015802","E04013286","0","516802","0209194","1","E18000006","E40000007","E92000001","E12000006","5","E14001507","E15000006","E24000005","E30000237","E16000150","E07000240","26UGGH","E00120400","26UGGH","E65000001","E01023710","E02004931","5","4B2","E00120400","E01023710","E02004931","E33027429","E38000079","E63011552","C1","5A2",51.769247,-0.308684,"E37000048","","E23000027",32755,"E56000035","E54000025","E00120400","E01023710","E02004931"
"AL4 9PE","AL4  9PE","AL4 9PE","198001","","E10000015","E58000618","E07000240","E05015802","E04013286","0","516659","0209117","1","E18000006","E40000007","E92000001","E12000006","5","E14001507","E15000006","E24000005","E30000237","E16000150","E07000240","26UGGH","E00120400","26UGGH","E65000001","E01023710","E02004931","5","4B2","E00120400","E01023710","E02004931","E33027429","E38000079","E63011552","C1","5A2",51.768584,-0.310782,"E37000048","","E23000027",32755,"E56000035","E54000025","E00120400","E01023710","E02004931"
"AL4 9PF","AL4  9PF","AL4 9PF","198001","","E10000015","E58000618","E07000240","E05015802","E04013286","0","516724","0209117","1","E18000006","E40000007","E92000001","E12000006","5","E14001507","E15000006","E24000005","E30000237","E16000150","E07000240","26UGGH","E00120400","26UGGH","E65000001","E01023710","E02004931","5","4B2","E00120400","E01023710","E02004931","E33027429","E38000079","E63011552","C1","5A2",51.768577,-0.309816,"E37000048","","E23000027",32755,"E56000035","E54000025","E00120400","E01023710","E02004931"
"AL4 9PG","AL4  9PG","AL4 9PG","198001","","E10000015","E58000618","E07000240","E05015802","E04013286","0","516903","0209034","1","E18000006","E40000007","E92000001","E12000006","5","E14001507","E15000006","E24000005","E30000237","E16000150","E07000240","26UGGH","E00120404","26UGGH","E65000001","E01023710","E02004931","5","4C3","E00120404","E01023710","E02004931","E33027429","E38000079","E63011552","C1","6B1",51.767788,-0.307275,"E37000048","","E23000027",32755,"E56000035","E54000025","E00120404","E01023710","E02004931"
"AL4 9PH","AL4  9PH","AL4 9PH","198001","","E10000015","E58000618","E07000240","E05015801","E04013286","0","517016","0209114","1","E18000006","E40000007","E92000001","E12000006","5","E14001507","E15000006","E24000005","E30000237","E16000150","E07000240","26UGGH","E00120394","26UGGH","E65000001","E01023710","E02004931","5","4B3","E00120394","E01023710","E02004931","E33027431","E38000079","E63011552","C1","6A4",51.768483,-0.305612,"E37000048","","E23000027",32755,"E56000035","E54000025","E00120394","E01023710","E02004931"
"AL4 9PJ","AL4  9PJ","AL4 9PJ","198001","","E10000015","E58000618","E07000240","E05015801","E04013286","0","517176","0209107","1","E18000006","E40000007","E92000001","E12000006","5","E14001507","E15000006","E24000005","E30000237","E16000150","E07000240","26UGGH","E00120394","26UGGH","E65000001","E01023710","E02004931","5","4B3","E00120394","E01023710","E02004931","E33027431","E38000079","E63011552","C1","6A4",51.768387,-0.303296,"E37000048","","E23000027",32755,"E56000035","E54000025","E00120394","E01023710","E02004931"
"AL4 9PL","AL4  9PL","AL4 9PL","198001","","E10000015","E58000618","E07000240","E05015801","E04013286","0","517121","0209203","1","E18000006","E40000007","E92000001","E12000006","5","E14001507","E15000006","E24000005","E30000237","E16000150","E07000240","26UGGH","E00120394","26UGGH","E65000001","E01023710","E02004931","5","4B3","E00120394","E01023710","E02004931","E33027431","E38000079","E63011552","C1","6A4",51.769261,-0.304061,"E37000048","","E23000027",32755,"E56000035","E54000025","E00120394","E01023710","E02004931"
"AL4 9PN","AL4  9PN","AL4 9PN","198001","","E10000015","E58000618","E07000240","E05015801","E04013286","0","517046","0209247","1","E18000006","E40000007","E92000001","E12000006","5","E14001507","E15000006","E24000005","E30000237","E16000150","E07000240","26UGGH","E00120394","26UGGH","E65000001","E01023710","E02004931","5","4B3","E00120394","E01023710","E02004931","E33027431","E38000079","E63011552","C1","6A4",51.769672,-0.305132,"E37000048","","E23000027",32755,"E56000035","E54000025","E00120394","E01023710","E02004931"
"AL4 9PP","AL4  9PP","AL4 9PP","198001","","E10000015","E58000618","E07000240","E05015801","E04013286","0","517033","0209308","1","E18000006","E40000007","E92000001","E12000006","5","E14001507","E15000006","E24000005","E30000237","E16000150","E07000240","26UGGH","E00120394","26UGGH","E65000001","E01023710","E02004931","5","4B3","E00120394","E01023710","E02004931","E33027431","E38000079","E63011552","C1","6A4",51.770223,-0.305300,"E37000048","","E23000027",32755,"E56000035","E54000025","E00120394","E01023710","E02004931"
"AL4 9PQ","AL4  9PQ","AL4 9PQ","198001","","E10000015","E58000618","E07000240","E05015801","E04013286","0","517019","0209037","1","E18000006","E40000007","E92000001","E12000006","5","E14001507","E15000006","E24000005","E30000237","E16000150","E07000240","26UGGH","E00120394","26UGGH","E65000001","E01023710","E02004931","5","4B3","E00120394","E01023710","E02004931","E33027431","E38000079","E63011552","C1","6A4",51.767790,-0.305594,"E37000048","","E23000027",32755,"E56000035","E54000025","E00120394","E01023710","E02004931"
"AL4 9PR","AL4  9PR","AL4 9PR","198001","","E10000015","E58000618","E07000240","E05015802","E04013286","0","516834","0209246","1","E18000006","E40000007","E92000001","E12000006","5","E14001507","E15000006","E24000005","E30000237","E16000150","E07000240","26UGGH","E00120400","26UGGH","E65000001","E01023710","E02004931","5","4B2","E00120400","E01023710","E02004931","E33027429","E38000079","E63011552","C1","5A2",51.769707,-0.308203,"E37000048","","E23000027",32755,"E56000035","E54000025","E00120400","E01023710","E02004931"
"AL4 9PS","AL4  9PS","AL4 9PS","198001","","E10000015","E58000618","E07000240","E05015802","E04013286","0","516649","0209213","1","E18000006","E40000007","E92000001","E12000006","5","E14001507","E15000006","E24000005","E30000237","E16000150","E07000240","26UGGH","E00120401","26UGGH","E65000001","E01023709","E02004931","5","4C3","E00120401","E01023709","E02004931","E33027429","E38000079","E63011552","C1","6A1",51.769449,-0.310894,"E37000048","","E23000027",24396,"E56000035","E54000025","E00120401","E01023709","E02004931"
"AL4 9PT","AL4  9PT","AL4 9PT","199706","200603","E10000015","E58000664","E07000240","E05013956","E43000290","1","517328","0206823","1","E18000006","E40000007","E92000001","E12000006","5","E14001507","E15000006","E24000005","E30000237","E16000150","E07000240","26UGFX","E00120196","26UGFX","E65000001","E01023667","E02004936","5","6D1","E00120196","E01023667","E02004936","E33027453","E38000079","E63011552","C1","5A2",51.747828,-0.301865,"E37000048","","E23000027",30628,"E56000035","E54000025","E00120196","E01023667","E02004936"
"AL4 9PU","AL4  9PU","AL4 9PU","200406","","E10000015","E58000625","E07000240","E05015802","E04013286","0","515931","0209008","1","E18000006","E40000007","E92000001","E12000006","5","E14001268","E15000006","E24000005","E30000237","E16000150","E07000240","26UGGP","E00120525","26UGGP","E65000001","E01023734","E02004930","5","3C1","E00120525","E01023734","E02004930","E33024345","E38000079","E63011552","C1","5B3",51.767762,-0.321339,"E37000048","","E23000027",32585,"E56000035","E54000025","E00120525","E01023734","E02004930"
"AL4 9PW","AL4  9PW","AL4 9PW","198001","","E10000015","E58000618","E07000240","E05015801","E04013286","0","517104","0209259","1","E18000006","E40000007","E92000001","E12000006","5","E14001507","E15000006","E24000005","E30000237","E16000150","E07000240","26UGGH","E00120394","26UGGH","E65000001","E01023710","E02004931","5","4B3","E00120394","E01023710","E02004931","E33027431","E38000079","E63011552","C1","6A4",51.769768,-0.304288,"E37000048","","E23000027",32755,"E56000035","E54000025","E00120394","E01023710","E02004931"
"AL4 9PX","AL4  9PX","AL4 9PX","200112","200505","E10000015","E58000625","E07000240","E05015802","E04013286","1","515928","0209025","1","E18000006","E40000007","E92000001","E12000006","5","E14001268","E15000006","E24000005","E30000237","E16000150","E07000240","26UGGP","E00120525","26UGGP","E65000001","E01023734","E02004930","5","3C1","E00120525","E01023734","E02004930","E33024345","E38000079","E63011552","C1","5B3",51.767909,-0.321401,"E37000048","","E23000027",32585,"E56000035","E54000025","E00120525","E01023734","E02004930"
"AL4 9PY","AL4  9PY","AL4 9PY","198710","200505","E10000015","E58000625","E07000240","E05015802","E04013286","1","515928","0209025","1","E18000006","E40000007","E92000001","E12000006","5","E14001268","E15000006","E24000005","E30000237","E16000150","E07000240","26UGGP","E00120525","26UGGP","E65000001","E01023734","E02004930","5","3C1","E00120525","E01023734","E02004930","E33024345","E38000079","E63011552","C1","5B3",51.767909,-0.321401,"E37000048","","E23000027",32585,"E56000035","E54000025","E00120525","E01023734","E02004930"
"AL4 9PZ","AL4  9PZ","AL4 9PZ","198803","","E10000015","E58000625","E07000240","E05015802","E04013286","0","515900","0209064","1","E18000006","E40000007","E92000001","E12000006","5","E14001268","E15000006","E24000005","E30000237","E16000150","E07000240","26UGGP","E00120525","26UGGP","E65000001","E01023734","E02004930","5","3C1","E00120525","E01023734","E02004930","E33024345","E38000079","E63011552","C1","5B3",51.768271,-0.321770,"E37000048","","E23000027",32585,"E56000035","E54000025","E00120525","E01023734","E02004930"
"AL4 9QA","AL4  9QA","AL4 9QA","198001","","E10000015","E58000618","E07000240","E05015802","E04013286","0","516858","0208726","1","E18000006","E40000007","E92000001","E12000006","5","E14001507","E15000006","E24000005","E30000237","E16000150","E07000240","26UGGH","E00120404","26UGGH","E65000001","E01023710","E02004931","5","4C3","E00120404","E01023710","E02004931","E33027429","E38000079","E63011552","C1","6B1",51.765029,-0.308031,"E37000048","","E23000027",32755,"E56000035","E54000025","E00120404","E01023710","E02004931"
"AL4 9QB","AL4  9QB","AL4 9QB","198001","","E10000015","E58000618","E07000240","E05015802","E04013286","0","516775","0208826","1","E18000006","E40000007","E92000001","E12000006","5","E14001507","E15000006","E24000005","E30000237","E16000150","E07000240","26UGGH","E00120404","26UGGH","E65000001","E01023710","E02004931","5","4C3","E00120404","E01023710","E02004931","E33027429","E38000079","E63011552","C1","6B1",51.765945,-0.309199,"E37000048","","E23000027",32755,"E56000035","E54000025","E00120404","E01023710","E02004931"
"AL4 9QD","AL4  9QD","AL4 9QD","198001","","E10000015","E58000618","E07000240","E05015802","E04013286","0","516597","0208937","1","E18000006","E40000007","E92000001","E12000006","5","E14001507","E15000006","E24000005","E30000237","E16000150","E07000240","26UGGH","E00120401","26UGGH","E65000001","E01023709","E02004931","5","4C3","E00120401","E01023709","E02004931","E33027429","E38000079","E63011552","C1","6A1",51.766980,-0.311740,"E37000048","","E23000027",24396,"E56000035","E54000025","E00120401","E01023709","E02004931"
"AL4 9QE","AL4  9QE","AL4 9QE","198001","","E10000015","E58000618","E07000240","E05015802","E04013286","0","516555","0208995","1","E18000006","E40000007","E92000001","E12000006","5","E14001507","E15000006","E24000005","E30000237","E16000150","E07000240","26UGGH","E00120401","26UGGH","E65000001","E01023709","E02004931","5","4C3","E00120401","E01023709","E02004931","E33027429","E38000079","E63011552","C1","6A1",51.767510,-0.312329,"E37000048","","E23000027",24396,"E56000035","E54000025","E00120401","E01023709","E02004931"
"AL4 9QF","AL4  9QF","AL4 9QF","198001","","E10000015","E58000618","E07000240","E05015802","E04013286","0","516646","0208958","1","E18000006","E40000007","E92000001","E12000006","5","E14001507","E15000006","E24000005","E30000237","E16000150","E07000240","26UGGH","E00120401","26UGGH","E65000001","E01023709","E02004931","5","4C3","E00120401","E01023709","E02004931","E33027429","E38000079","E63011552","C1","6A1",51.767158,-0.311023,"E37000048","","E23000027",24396,"E56000035","E54000025","E00120401","E01023709","E02004931"
"AL4 9QG","AL4  9QG","AL4 9QG","198001","","E10000015","E58000618","E07000240","E05015802","E04013286","0","516763","0208983","1","E18000006","E40000007","E92000001","E12000006","5","E14001507","E15000006","E24000005","E30000237","E16000150","E07000240","26UGGH","E00120404","26UGGH","E65000001","E01023710","E02004931","5","4C3","E00120404","E01023710","E02004931","E33027429","E38000079","E63011552","C1","6B1",51.767359,-0.309320,"E37000048","","E23000027",32755,"E56000035","E54000025","E00120404","E01023710","E02004931"
"AL4 9QH","AL4  9QH","AL4 9QH","198001","","E10000015","E58000618","E07000240","E05015802","E04013286","0","516775","0208874","1","E18000006","E40000007","E92000001","E12000006","5","E14001507","E15000006","E24000005","E30000237","E16000150","E07000240","26UGGH","E00120404","26UGGH","E65000001","E01023710","E02004931","5","4C3","E00120404","E01023710","E02004931","E33027429","E38000079","E63011552","C1","6B1",51.766376,-0.309183,"E37000048","","E23000027",32755,"E56000035","E54000025","E00120404","E01023710","E02004931"
"AL4 9QJ","AL4  9QJ","AL4 9QJ","198001","","E10000015","E58000618","E07000240","E05015802","E04013286","0","516905","0208885","1","E18000006","E40000007","E92000001","E12000006","5","E14001507","E15000006","E24000005","E30000237","E16000150","E07000240","26UGGH","E00120404","26UGGH","E65000001","E01023710","E02004931","5","4C3","E00120404","E01023710","E02004931","E33027429","E38000079","E63011552","C1","6B1",51.766448,-0.307296,"E37000048","","E23000027",32755,"E56000035","E54000025","E00120404","E01023710","E02004931"
"AL4 9QL","AL4  9QL","AL4 9QL","198001","","E10000015","E58000618","E07000240","E05015801","E04013286","0","516939","0208865","1","E18000006","E40000007","E92000001","E12000006","5","E14001507","E15000006","E24000005","E30000237","E16000150","E07000240","26UGGH","E00120404","26UGGH","E65000001","E01023710","E02004931","5","4C3","E00120404","E01023710","E02004931","E33027429","E38000079","E63011552","C1","6B1",51.766261,-0.306811,"E37000048","","E23000027",32755,"E56000035","E54000025","E00120404","E01023710","E02004931"
"AL4 9QN","AL4  9QN","AL4 9QN","198001","","E10000015","E58000618","E07000240","E05015801","E04013286","0","516998","0208726","1","E18000006","E40000007","E92000001","E12000006","5","E14001507","E15000006","E24000005","E30000237","E16000150","E07000240","26UGGH","E00120402","26UGGH","E65000001","E01023712","E02004931","5","2A1","E00120402","E01023712","E02004931","E33027430","E38000079","E63011552","C1","2C1",51.765000,-0.306003,"E37000048","","E23000027",26281,"E56000035","E54000025","E00120402","E01023712","E02004931"
"AL4 9QP","AL4  9QP","AL4 9QP","198001","","E10000015","E58000618","E07000240","E05015801","E04013286","0","517211","0208641","1","E18000006","E40000007","E92000001","E12000006","5","E14001507","E15000006","E24000005","E30000237","E16000150","E07000240","26UGGH","E00120402","26UGGH","E65000001","E01023712","E02004931","5","2A1","E00120402","E01023712","E02004931","E33027430","E38000079","E63011552","C1","2C1",51.764191,-0.302946,"E37000048","","E23000027",26281,"E56000035","E54000025","E00120402","E01023712","E02004931"
"AL4 9QQ","AL4  9QQ","AL4 9QQ","198001","","E10000015","E58000618","E07000240","E05015802","E04013286","0","516810","0208930","1","E18000006","E40000007","E92000001","E12000006","5","E14001507","E15000006","E24000005","E30000237","E16000150","E07000240","26UGGH","E00120404","26UGGH","E65000001","E01023710","E02004931","5","4C3","E00120404","E01023710","E02004931","E33027429","E38000079","E63011552","C1","6B1",51.766878,-0.308633,"E37000048","","E23000027",32755,"E56000035","E54000025","E00120404","E01023710","E02004931"
"AL4 9QR","AL4  9QR","AL4 9QR","198001","","E10000015","E58000618","E07000240","E05015801","E04013286","0","517135","0208649","1","E18000006","E40000007","E92000001","E12000006","5","E14001507","E15000006","E24000005","E30000237","E16000150","E07000240","26UGGH","E00120402","26UGGH","E65000001","E01023712","E02004931","5","2A1","E00120402","E01023712","E02004931","E33027430","E38000079","E63011552","C1","2C1",51.764279,-0.304044,"E37000048","","E23000027",26281,"E56000035","E54000025","E00120402","E01023712","E02004931"
"AL4 9QS","AL4  9QS","AL4 9QS","198001","","E10000015","E58000618","E07000240","E05015801","E04013286","0","517035","0208660","1","E18000006","E40000007","E92000001","E12000006","5","E14001507","E15000006","E24000005","E30000237","E16000150","E07000240","26UGGH","E00120406","26UGGH","E65000001","E01023712","E02004931","5","2B2","E00120406","E01023712","E02004931","E33027430","E38000079","E63011552","C1","3A2",51.764399,-0.305489,"E37000048","","E23000027",26281,"E56000035","E54000025","E00120406","E01023712","E02004931"
"AL4 9QT","AL4  9QT","AL4 9QT","198803","","E10000015","E58000625","E07000240","E05015802","E04013286","0","515944","0209093","1","E18000006","E40000007","E92000001","E12000006","5","E14001268","E15000006","E24000005","E30000237","E16000150","E07000240","26UGGP","E00120525","26UGGP","E65000001","E01023734","E02004930","5","3C1","E00120525","E01023734","E02004930","E33024345","E38000079","E63011552","C1","5B3",51.768517,-0.321147,"E37000048","","E23000027",32585,"E56000035","E54000025","E00120525","E01023734","E02004930"
"AL4 9QU","AL4  9QU","AL4 9QU","199002","","E10000015","E58000618","E07000240","E05015801","E04013286","0","517573","0209163","1","E18000006","E40000007","E92000001","E12000006","5","E14001268","E15000006","E24000005","E30000237","E16000150","E07000240","26UGGP","E00120531","26UGGP","E65000001","E01023735","E02004930","5","2B2","E00120531","E01023735","E02004930","E33027428","E38000079","E63011552","C1","5A3",51.768807,-0.297527,"E37000048","","E23000027",30837,"E56000035","E54000025","E00120531","E01023735","E02004930"
"AL4 9QW","AL4  9QW","AL4 9QW","198001","","E10000015","E58000618","E07000240","E05015801","E04013286","0","517131","0208694","1","E18000006","E40000007","E92000001","E12000006","5","E14001507","E15000006","E24000005","E30000237","E16000150","E07000240","26UGGH","E00120402","26UGGH","E65000001","E01023712","E02004931","5","2A1","E00120402","E01023712","E02004931","E33027430","E38000079","E63011552","C1","2C1",51.764684,-0.304087,"E37000048","","E23000027",26281,"E56000035","E54000025","E00120402","E01023712","E02004931"
"AL4 9QX","AL4  9QX","AL4 9QX","199101","","E10000015","E58000618","E07000240","E05015801","E04013286","0","517469","0209283","1","E18000006","E40000007","E92000001","E12000006","5","E14001268","E15000006","E24000005","E30000237","E16000150","E07000240","26UGGP","E00120530","26UGGP","E65000001","E01023735","E02004930","5","2B1","E00120530","E01023735","E02004930","E33027428","E38000079","E63011552","C1","5B1",51.769907,-0.298993,"E37000048","","E23000027",30837,"E56000035","E54000025","E00120530","E01023735","E02004930"
"AL4 9QY","AL4  9QY","AL4 9QY","199002","","E10000015","E58000618","E07000240","E05015801","E04013286","0","517504","0209178","1","E18000006","E40000007","E92000001","E12000006","5","E14001268","E15000006","E24000005","E30000237","E16000150","E07000240","26UGGP","E00120530","26UGGP","E65000001","E01023735","E02004930","5","2B1","E00120530","E01023735","E02004930","E33027428","E38000079","E63011552","C1","5B1",51.768956,-0.298521,"E37000048","","E23000027",30837,"E56000035","E54000025","E00120530","E01023735","E02004930"
"AL4 9QZ","AL4  9QZ","AL4 9QZ","199002","","E10000015","E58000618","E07000240","E05015801","E04013286","0","517515","0209320","1","E18000006","E40000007","E92000001","E12000006","5","E14001268","E15000006","E24000005","E30000237","E16000150","E07000240","26UGGP","E00120530","26UGGP","E65000001","E01023735","E02004930","5","2B1","E00120530","E01023735","E02004930","E33027428","E38000079","E63011552","C1","5B1",51.770230,-0.298314,"E37000048","","E23000027",30837,"E56000035","E54000025","E00120530","E01023735","E02004930"
"AL4 9RA","AL4  9RA","AL4 9RA","198001","","E10000015","E58000618","E07000240","E05015801","E04013286","0","516897","0208696","1","E18000006","E40000007","E92000001","E12000006","5","E14001507","E15000006","E24000005","E30000237","E16000150","E07000240","26UGGH","E00120406","26UGGH","E65000001","E01023712","E02004931","5","2B2","E00120406","E01023712","E02004931","E33027430","E38000079","E63011552","C1","3A2",51.764751,-0.307476,"E37000048","","E23000027",26281,"E56000035","E54000025","E00120406","E01023712","E02004931"
"AL4 9RB","AL4  9RB","AL4 9RB","198001","","E10000015","E58000618","E07000240","E05015801","E04013286","0","516933","0208638","1","E18000006","E40000007","E92000001","E12000006","5","E14001507","E15000006","E24000005","E30000237","E16000150","E07000240","26UGGH","E00120406","26UGGH","E65000001","E01023712","E02004931","5","2B2","E00120406","E01023712","E02004931","E33027430","E38000079","E63011552","C1","3A2",51.764228,-0.306950,"E37000048","","E23000027",26281,"E56000035","E54000025","E00120406","E01023712","E02004931"
"AL4 9RD","AL4  9RD","AL4 9RD","198001","","E10000015","E58000618","E07000240","E05015801","E04013286","0","517016","0208581","1","E18000006","E40000007","E92000001","E12000006","5","E14001507","E15000006","E24000005","E30000237","E16000150","E07000240","26UGGH","E00120406","26UGGH","E65000001","E01023712","E02004931","5","2B2","E00120406","E01023712","E02004931","E33027430","E38000079","E63011552","C1","3A2",51.763699,-0.305767,"E37000048","","E23000027",26281,"E56000035","E54000025","E00120406","E01023712","E02004931"
"AL4 9RE","AL4  9RE","AL4 9RE","198001","","E10000015","E58000618","E07000240","E05015801","E04013286","1","516933","0208638","1","E18000006","E40000007","E92000001","E12000006","5","E14001507","E15000006","E24000005","E30000237","E16000150","E07000240","26UGGH","E00120406","26UGGH","E65000001","E01023712","E02004931","5","2B2","E00120406","E01023712","E02004931","E33027430","E38000079","E63011552","C1","3A2",51.764223,-0.306974,"E37000048","","E23000027",26281,"E56000035","E54000025","E00120406","E01023712","E02004931"
"AL4 9RF","AL4  9RF","AL4 9RF","199806","","E10000015","E58000618","E07000240","E05015801","E04013286","1","516993","0208578","1","E18000006","E40000007","E92000001","E12000006","5","E14001507","E15000006","E24000005","E30000237","E16000150","E07000240","26UGGH","E00120406","26UGGH","E65000001","E01023712","E02004931","5","2B2","E00120406","E01023712","E02004931","E33027430","E38000079","E63011552","C1","3A2",51.763671,-0.306125,"E37000048","","E23000027",26281,"E56000035","E54000025","E00120406","E01023712","E02004931"
"AL4 9RG","AL4  9RG","AL4 9RG","199002","","E10000015","E58000618","E07000240","E05015801","E04013286","0","517552","0209270","1","E18000006","E40000007","E92000001","E12000006","5","E14001268","E15000006","E24000005","E30000237","E16000150","E07000240","26UGGP","E00120531","26UGGP","E65000001","E01023735","E02004930","5","2B2","E00120531","E01023735","E02004930","E33027428","E38000079","E63011552","C1","5A3",51.769779,-0.297771,"E37000048","","E23000027",30837,"E56000035","E54000025","E00120531","E01023735","E02004930"
"AL4 9RH","AL4  9RH","AL4 9RH","198001","","E10000015","E58000618","E07000240","E05015801","E04013286","0","516909","0208739","1","E18000006","E40000007","E92000001","E12000006","5","E14001507","E15000006","E24000005","E30000237","E16000150","E07000240","26UGGH","E00120406","26UGGH","E65000001","E01023712","E02004931","5","2B2","E00120406","E01023712","E02004931","E33027430","E38000079","E63011552","C1","3A2",51.765135,-0.307287,"E37000048","","E23000027",26281,"E56000035","E54000025","E00120406","E01023712","E02004931"
"AL4 9RJ","AL4  9RJ","AL4 9RJ","198001","","E10000015","E58000618","E07000240","E05015801","E04013286","0","517115","0208596","1","E18000006","E40000007","E92000001","E12000006","5","E14001507","E15000006","E24000005","E30000237","E16000150","E07000240","26UGGH","E00120411","26UGGH","E65000001","E01023712","E02004931","5","2B1","E00120411","E01023712","E02004931","E33027430","E38000079","E63011552","C1","2C1",51.763807,-0.304352,"E37000048","","E23000027",26281,"E56000035","E54000025","E00120411","E01023712","E02004931"
"AL4 9RL","AL4  9RL","AL4 9RL","198001","","E10000015","E58000618","E07000240","E05015801","E04013286","0","517252","0208608","1","E18000006","E40000007","E92000001","E12000006","5","E14001507","E15000006","E24000005","E30000237","E16000150","E07000240","26UGGH","E00120405","26UGGH","E65000001","E01023710","E02004931","5","4B3","E00120405","E01023710","E02004931","E33027431","E38000079","E63011552","C1","6B1",51.763892,-0.302340,"E37000048","","E23000027",32755,"E56000035","E54000025","E00120405","E01023710","E02004931"
"AL4 9RN","AL4  9RN","AL4 9RN","198001","","E10000015","E58000618","E07000240","E05015801","E04013286","0","517244","0208708","1","E18000006","E40000007","E92000001","E12000006","5","E14001507","E15000006","E24000005","E30000237","E16000150","E07000240","26UGGH","E00120405","26UGGH","E65000001","E01023710","E02004931","5","4B3","E00120405","E01023710","E02004931","E33027431","E38000079","E63011552","C1","6B1",51.764787,-0.302446,"E37000048","","E23000027",32755,"E56000035","E54000025","E00120405","E01023710","E02004931"
"AL4 9RP","AL4  9RP","AL4 9RP","198001","","E10000015","E58000618","E07000240","E05015801","E04013286","0","517089","0208976","1","E18000006","E40000007","E92000001","E12000006","5","E14001507","E15000006","E24000005","E30000237","E16000150","E07000240","26UGGH","E00120394","26UGGH","E65000001","E01023710","E02004931","5","4B3","E00120394","E01023710","E02004931","E33027431","E38000079","E63011552","C1","6A4",51.767228,-0.304601,"E37000048","","E23000027",32755,"E56000035","E54000025","E00120394","E01023710","E02004931"
"AL4 9RQ","AL4  9RQ","AL4 9RQ","198001","201809","E10000015","E58000618","E07000240","E05015801","E04013286","1","517034","0208586","1","E18000006","E40000007","E92000001","E12000006","5","E14001507","E15000006","E24000005","E30000237","E16000150","E07000240","26UGGH","E00120406","26UGGH","E65000001","E01023712","E02004931","5","2B2","E00120406","E01023712","E02004931","E33027430","E38000079","E63011552","C1","3A2",51.763734,-0.305528,"E37000048","","E23000027",26281,"E56000035","E54000025","E00120406","E01023712","E02004931"
"AL4 9RR","AL4  9RR","AL4 9RR","198001","","E10000015","E58000618","E07000240","E05015801","E04013286","0","517163","0208896","1","E18000006","E40000007","E92000001","E12000006","5","E14001507","E15000006","E24000005","E30000237","E16000150","E07000240","26UGGH","E00120405","26UGGH","E65000001","E01023710","E02004931","5","4B3","E00120405","E01023710","E02004931","E33027431","E38000079","E63011552","C1","6B1",51.766493,-0.303556,"E37000048","","E23000027",32755,"E56000035","E54000025","E00120405","E01023710","E02004931"
"AL4 9RS","AL4  9RS","AL4 9RS","198001","","E10000015","E58000618","E07000240","E05015801","E04013286","0","517259","0208980","1","E18000006","E40000007","E92000001","E12000006","5","E14001507","E15000006","E24000005","E30000237","E16000150","E07000240","26UGGH","E00120405","26UGGH","E65000001","E01023710","E02004931","5","4B3","E00120405","E01023710","E02004931","E33027431","E38000079","E63011552","C1","6B1",51.767228,-0.302137,"E37000048","","E23000027",32755,"E56000035","E54000025","E00120405","E01023710","E02004931"
"AL4 9RT","AL4  9RT","AL4 9RT","198001","","E10000015","E58000618","E07000240","E05015801","E04013286","0","517312","0208941","1","E18000006","E40000007","E92000001","E12000006","5","E14001507","E15000006","E24000005","E30000237","E16000150","E07000240","26UGGH","E00120405","26UGGH","E65000001","E01023710","E02004931","5","4B3","E00120405","E01023710","E02004931","E33027431","E38000079","E63011552","C1","6B1",51.766866,-0.301382,"E37000048","","E23000027",32755,"E56000035","E54000025","E00120405","E01023710","E02004931"
"AL4 9RU","AL4  9RU","AL4 9RU","198001","","E10000015","E58000618","E07000240","E05015801","E04013286","0","517247","0208815","1","E18000006","E40000007","E92000001","E12000006","5","E14001507","E15000006","E24000005","E30000237","E16000150","E07000240","26UGGH","E00120405","26UGGH","E65000001","E01023710","E02004931","5","4B3","E00120405","E01023710","E02004931","E33027431","E38000079","E63011552","C1","6B1",51.765748,-0.302366,"E37000048","","E23000027",32755,"E56000035","E54000025","E00120405","E01023710","E02004931"
"AL4 9RW","AL4  9RW","AL4 9RW","198001","","E10000015","E58000618","E07000240","E05015801","E04013286","0","517072","0208892","1","E18000006","E40000007","E92000001","E12000006","5","E14001507","E15000006","E24000005","E30000237","E16000150","E07000240","26UGGH","E00120404","26UGGH","E65000001","E01023710","E02004931","5","4C3","E00120404","E01023710","E02004931","E33027429","E38000079","E63011552","C1","6B1",51.766476,-0.304875,"E37000048","","E23000027",32755,"E56000035","E54000025","E00120404","E01023710","E02004931"
"AL4 9RX","AL4  9RX","AL4 9RX","198001","","E10000015","E58000618","E07000240","E05015801","E04013286","0","517348","0208836","1","E18000006","E40000007","E92000001","E12000006","5","E14001507","E15000006","E24000005","E30000237","E16000150","E07000240","26UGGH","E00120405","26UGGH","E65000001","E01023710","E02004931","5","4B3","E00120405","E01023710","E02004931","E33027431","E38000079","E63011552","C1","6B1",51.765915,-0.300896,"E37000048","","E23000027",32755,"E56000035","E54000025","E00120405","E01023710","E02004931"
"AL4 9RY","AL4  9RY","AL4 9RY","198001","","E10000015","E58000618","E07000240","E05015801","E04013286","0","517349","0208792","1","E18000006","E40000007","E92000001","E12000006","5","E14001507","E15000006","E24000005","E30000237","E16000150","E07000240","26UGGH","E00120403","26UGGH","E65000001","E01023711","E02004931","5","4D2","E00120403","E01023711","E02004931","E33027431","E38000079","E63011552","C1","6A4",51.765520,-0.300897,"E37000048","","E23000027",30830,"E56000035","E54000025","E00120403","E01023711","E02004931"
"AL4 9RZ","AL4  9RZ","AL4 9RZ","198001","","E10000015","E58000618","E07000240","E05015801","E04013286","0","517381","0208747","1","E18000006","E40000007","E92000001","E12000006","5","E14001507","E15000006","E24000005","E30000237","E16000150","E07000240","26UGGH","E00120403","26UGGH","E65000001","E01023711","E02004931","5","4D2","E00120403","E01023711","E02004931","E33027431","E38000079","E63011552","C1","6A4",51.765108,-0.300448,"E37000048","","E23000027",30830,"E56000035","E54000025","E00120403","E01023711","E02004931"
"AL4 9SA","AL4  9SA","AL4 9SA","198001","","E10000015","E58000618","E07000240","E05015801","E04013286","0","517297","0208704","1","E18000006","E40000007","E92000001","E12000006","5","E14001507","E15000006","E24000005","E30000237","E16000150","E07000240","26UGGH","E00120405","26UGGH","E65000001","E01023710","E02004931","5","4B3","E00120405","E01023710","E02004931","E33027431","E38000079","E63011552","C1","6B1",51.764740,-0.301679,"E37000048","","E23000027",32755,"E56000035","E54000025","E00120405","E01023710","E02004931"
"AL4 9SB","AL4  9SB","AL4 9SB","199507","199906","E10000015","E58000618","E07000240","E05015801","E04013286","1","517154","0209258","6","E18000006","E40000007","E92000001","E12000006","5","E14001507","E15000006","E24000005","E30000237","E16000150","E07000240","26UGGH","E00120394","26UGGH","E65000001","E01023710","E02004931","5","4B3","E00120394","E01023710","E02004931","E33027431","E38000079","E63011552","C1","6A4",51.769748,-0.303564,"E37000048","","E23000027",32755,"E56000035","E54000025","E00120394","E01023710","E02004931"
"AL4 9SD","AL4  9SD","AL4 9SD","198803","","E10000015","E58000618","E07000240","E05015802","E04013286","0","516529","0209225","1","E18000006","E40000007","E92000001","E12000006","5","E14001507","E15000006","E24000005","E30000237","E16000150","E07000240","26UGGH","E00120396","26UGGH","E65000001","E01023709","E02004931","5","6D1","E00120396","E01023709","E02004931","E33027429","E38000079","E63011552","C1","5A2",51.769582,-0.312629,"E37000048","","E23000027",24396,"E56000035","E54000025","E00120396","E01023709","E02004931"
"AL4 9SE","AL4  9SE","AL4 9SE","199412","200604","E10000015","E58000664","E07000240","E05013956","E43000290","1","517328","0206823","1","E18000006","E40000007","E92000001","E12000006","5","E14001507","E15000006","E24000005","E30000237","E16000150","E07000240","26UGFX","E00120196","26UGFX","E65000001","E01023667","E02004936","5","6D1","E00120196","E01023667","E02004936","E33027453","E38000079","E63011552","C1","5A2",51.747828,-0.301865,"E37000048","","E23000027",30628,"E56000035","E54000025","E00120196","E01023667","E02004936"
"AL4 9SF","AL4  9SF","AL4 9SF","199612","199906","E10000015","E58000618","E07000240","E05015801","E04013286","1","517154","0209258","6","E18000006","E40000007","E92000001","E12000006","5","E14001507","E15000006","E24000005","E30000237","E16000150","E07000240","26UGGH","E00120394","26UGGH","E65000001","E01023710","E02004931","5","4B3","E00120394","E01023710","E02004931","E33027431","E38000079","E63011552","C1","6A4",51.769748,-0.303564,"E37000048","","E23000027",32755,"E56000035","E54000025","E00120394","E01023710","E02004931"
"AL4 9SG","AL4  9SG","AL4 9SG","199606","199706","E10000015","E58000618","E07000240","E05015801","E04013286","1","517297","0208704","8","E18000006","E40000007","E92000001","E12000006","5","E14001507","E15000006","E24000005","E30000237","E16000150","E07000240","26UGGH","E00120405","26UGGH","E65000001","E01023710","E02004931","5","4B3","E00120405","E01023710","E02004931","E33027431","E38000079","E63011552","C1","6B1",51.764740,-0.301679,"E37000048","","E23000027",32755,"E56000035","E54000025","E00120405","E01023710","E02004931"
"AL4 9SH","AL4  9SH","AL4 9SH","198001","","E10000015","E58000618","E07000240","E05015801","E04013286","0","517421","0209166","1","E18000006","E40000007","E92000001","E12000006","5","E14001507","E15000006","E24000005","E30000237","E16000150","E07000240","26UGGH","E00120395","26UGGH","E65000001","E01023711","E02004931","5","4D1","E00120395","E01023711","E02004931","E33027431","E38000079","E63011552","C1","6B1",51.768866,-0.299727,"E37000048","","E23000027",30830,"E56000035","E54000025","E00120395","E01023711","E02004931"
"AL4 9SJ","AL4  9SJ","AL4 9SJ","198001","","E10000015","E58000618","E07000240","E05015801","E04013286","0","517276","0209319","1","E18000006","E40000007","E92000001","E12000006","5","E14001507","E15000006","E24000005","E30000237","E16000150","E07000240","26UGGH","E00120413","26UGGH","E65000001","E01023711","E02004931","5","6A2","E00120413","E01023711","E02004931","E33027431","E38000079","E63011552","C1","5A2",51.770271,-0.301776,"E37000048","","E23000027",30830,"E56000035","E54000025","E00120413","E01023711","E02004931"
"AL4 9SL","AL4  9SL","AL4 9SL","198001","","E10000015","E58000618","E07000240","E05015801","E04013286","0","517173","0209431","1","E18000006","E40000007","E92000001","E12000006","5","E14001507","E15000006","E24000005","E30000237","E16000150","E07000240","26UGGH","E00120413","26UGGH","E65000001","E01023711","E02004931","5","6A2","E00120413","E01023711","E02004931","E33027431","E38000079","E63011552","C1","5A2",51.771299,-0.303231,"E37000048","","E23000027",30830,"E56000035","E54000025","E00120413","E01023711","E02004931"
"AL4 9SN","AL4  9SN","AL4 9SN","198001","","E10000015","E58000618","E07000240","E05015801","E04013286","0","517289","0209362","1","E18000006","E40000007","E92000001","E12000006","5","E14001507","E15000006","E24000005","E30000237","E16000150","E07000240","26UGGH","E00120413","26UGGH","E65000001","E01023711","E02004931","5","6A2","E00120413","E01023711","E02004931","E33027431","E38000079","E63011552","C1","5A2",51.770655,-0.301573,"E37000048","","E23000027",30830,"E56000035","E54000025","E00120413","E01023711","E02004931"
"AL4 9SP","AL4  9SP","AL4 9SP","198001","","E10000015","E58000618","E07000240","E05015801","E04013286","0","517197","0209517","1","E18000006","E40000007","E92000001","E12000006","5","E14001507","E15000006","E24000005","E30000237","E16000150","E07000240","26UGGH","E00120413","26UGGH","E65000001","E01023711","E02004931","5","6A2","E00120413","E01023711","E02004931","E33027431","E38000079","E63011552","C1","5A2",51.772067,-0.302854,"E37000048","","E23000027",30830,"E56000035","E54000025","E00120413","E01023711","E02004931"
"AL4 9SQ","AL4  9SQ","AL4 9SQ","199412","200006","E10000015","E58000618","E07000240","E05015801","E04013286","1","517154","0209258","6","E18000006","E40000007","E92000001","E12000006","5","E14001507","E15000006","E24000005","E30000237","E16000150","E07000240","26UGGH","E00120394","26UGGH","E65000001","E01023710","E02004931","5","4B3","E00120394","E01023710","E02004931","E33027431","E38000079","E63011552","C1","6A4",51.769748,-0.303564,"E37000048","","E23000027",32755,"E56000035","E54000025","E00120394","E01023710","E02004931"
"AL4 9SR","AL4  9SR","AL4 9SR","198001","","E10000015","E58000618","E07000240","E05015801","E04013286","0","517160","0209514","1","E18000006","E40000007","E92000001","E12000006","5","E14001507","E15000006","E24000005","E30000237","E16000150","E07000240","26UGGH","E00120398","26UGGH","E65000001","E01023711","E02004931","5","5B3","E00120398","E01023711","E02004931","E33027429","E38000079","E63011552","C1","7A3",51.772048,-0.303391,"E37000048","","E23000027",30830,"E56000035","E54000025","E00120398","E01023711","E02004931"
"AL4 9SS","AL4  9SS","AL4 9SS","198001","","E10000015","E58000618","E07000240","E05015801","E04013286","0","517142","0209478","1","E18000006","E40000007","E92000001","E12000006","5","E14001507","E15000006","E24000005","E30000237","E16000150","E07000240","26UGGH","E00120398","26UGGH","E65000001","E01023711","E02004931","5","5B3","E00120398","E01023711","E02004931","E33027429","E38000079","E63011552","C1","7A3",51.771728,-0.303664,"E37000048","","E23000027",30830,"E56000035","E54000025","E00120398","E01023711","E02004931"
"AL4 9ST","AL4  9ST","AL4 9ST","198001","","E10000015","E58000618","E07000240","E05015801","E04013286","0","517085","0209552","1","E18000006","E40000007","E92000001","E12000006","5","E14001507","E15000006","E24000005","E30000237","E16000150","E07000240","26UGGH","E00120398","26UGGH","E65000001","E01023711","E02004931","5","5B3","E00120398","E01023711","E02004931","E33027429","E38000079","E63011552","C1","7A3",51.772405,-0.304465,"E37000048","","E23000027",30830,"E56000035","E54000025","E00120398","E01023711","E02004931"
"AL4 9SU","AL4  9SU","AL4 9SU","198001","","E10000015","E58000618","E07000240","E05015801","E04013286","0","517072","0209495","1","E18000006","E40000007","E92000001","E12000006","5","E14001507","E15000006","E24000005","E30000237","E16000150","E07000240","26UGGH","E00120398","26UGGH","E65000001","E01023711","E02004931","5","5B3","E00120398","E01023711","E02004931","E33027429","E38000079","E63011552","C1","7A3",51.771895,-0.304672,"E37000048","","E23000027",30830,"E56000035","E54000025","E00120398","E01023711","E02004931"
"AL4 9SW","AL4  9SW","AL4 9SW","198001","","E10000015","E58000618","E07000240","E05015801","E04013286","0","517310","0209405","1","E18000006","E40000007","E92000001","E12000006","5","E14001507","E15000006","E24000005","E30000237","E16000150","E07000240","26UGGH","E00120413","26UGGH","E65000001","E01023711","E02004931","5","6A2","E00120413","E01023711","E02004931","E33027431","E38000079","E63011552","C1","5A2",51.771037,-0.301255,"E37000048","","E23000027",30830,"E56000035","E54000025","E00120413","E01023711","E02004931"
"AL4 9SX","AL4  9SX","AL4 9SX","198001","","E10000015","E58000618","E07000240","E05015801","E04013286","0","517095","0209457","1","E18000006","E40000007","E92000001","E12000006","5","E14001507","E15000006","E24000005","E30000237","E16000150","E07000240","26UGGH","E00120398","26UGGH","E65000001","E01023711","E02004931","5","5B3","E00120398","E01023711","E02004931","E33027429","E38000079","E63011552","C1","7A3",51.771549,-0.304352,"E37000048","","E23000027",30830,"E56000035","E54000025","E00120398","E01023711","E02004931"
"AL4 9SY","AL4  9SY","AL4 9SY","198001","","E10000015","E58000618","E07000240","E05015802","E04013286","0","517028","0209401","1","E18000006","E40000007","E92000001","E12000006","5","E14001507","E15000006","E24000005","E30000237","E16000150","E07000240","26UGGH","E00120398","26UGGH","E65000001","E01023711","E02004931","5","5B3","E00120398","E01023711","E02004931","E33027429","E38000079","E63011552","C1","7A3",51.771066,-0.305317,"E37000048","","E23000027",30830,"E56000035","E54000025","E00120398","E01023711","E02004931"
"AL4 9SZ","AL4  9SZ","AL4 9SZ","198001","","E10000015","E58000618","E07000240","E05015802","E04013286","0","517010","0209346","1","E18000006","E40000007","E92000001","E12000006","5","E14001507","E15000006","E24000005","E30000237","E16000150","E07000240","26UGGH","E00120398","26UGGH","E65000001","E01023711","E02004931","5","5B3","E00120398","E01023711","E02004931","E33027429","E38000079","E63011552","C1","7A3",51.770569,-0.305620,"E37000048","","E23000027",30830,"E56000035","E54000025","E00120398","E01023711","E02004931"
"AL4 9TA","AL4  9TA","AL4 9TA","198001","201202","E10000015","E58000618","E07000240","E05015801","E04013286","0","517075","0209393","1","E18000006","E40000007","E92000001","E12000006","5","E14001507","E15000006","E24000005","E30000237","E16000150","E07000240","26UGGH","E00120398","26UGGH","E65000001","E01023711","E02004931","5","5B3","E00120398","E01023711","E02004931","E33027429","E38000079","E63011552","C1","7A3",51.770978,-0.304663,"E37000048","","E23000027",30830,"E56000035","E54000025","E00120398","E01023711","E02004931"
"AL4 9TB","AL4  9TB","AL4 9TB","198001","","E10000015","E58000618","E07000240","E05015801","E04013286","0","517319","0209446","1","E18000006","E40000007","E92000001","E12000006","5","E14001507","E15000006","E24000005","E30000237","E16000150","E07000240","26UGGH","E00120413","26UGGH","E65000001","E01023711","E02004931","5","6A2","E00120413","E01023711","E02004931","E33027431","E38000079","E63011552","C1","5A2",51.771403,-0.301110,"E37000048","","E23000027",30830,"E56000035","E54000025","E00120413","E01023711","E02004931"
"AL4 9TD","AL4  9TD","AL4 9TD","199412","199806","E10000015","E58000618","E07000240","E05015801","E04013286","1","517153","0209257","6","E18000006","E40000007","E92000001","E12000006","5","E14001507","E15000006","E24000005","E30000237","E16000150","E07000240","26UGGH","E00120394","26UGGH","E65000001","E01023710","E02004931","5","4B3","E00120394","E01023710","E02004931","E33027431","E38000079","E63011552","C1","6A4",51.769740,-0.303579,"E37000048","","E23000027",32755,"E56000035","E54000025","E00120394","E01023710","E02004931"
"AL4 9TE","AL4  9TE","AL4 9TE","198001","","E10000015","E58000618","E07000240","E05015801","E04013286","0","517411","0209330","1","E18000006","E40000007","E92000001","E12000006","5","E14001507","E15000006","E24000005","E30000237","E16000150","E07000240","26UGGH","E00120395","26UGGH","E65000001","E01023711","E02004931","5","4D1","E00120395","E01023711","E02004931","E33027431","E38000079","E63011552","C1","6B1",51.770342,-0.299817,"E37000048","","E23000027",30830,"E56000035","E54000025","E00120395","E01023711","E02004931"
"AL4 9TF","AL4  9TF","AL4 9TF","198001","","E10000015","E58000618","E07000240","E05015801","E04013286","0","517460","0209171","1","E18000006","E40000007","E92000001","E12000006","5","E14001507","E15000006","E24000005","E30000237","E16000150","E07000240","26UGGH","E00120395","26UGGH","E65000001","E01023711","E02004931","5","4D1","E00120395","E01023711","E02004931","E33027431","E38000079","E63011552","C1","6B1",51.768902,-0.299161,"E37000048","","E23000027",30830,"E56000035","E54000025","E00120395","E01023711","E02004931"
"AL4 9TG","AL4  9TG","AL4 9TG","198001","","E10000015","E58000618","E07000240","E05015801","E04013286","0","517459","0209024","1","E18000006","E40000007","E92000001","E12000006","5","E14001507","E15000006","E24000005","E30000237","E16000150","E07000240","26UGGH","E00120403","26UGGH","E65000001","E01023711","E02004931","5","4D2","E00120403","E01023711","E02004931","E33027431","E38000079","E63011552","C1","6A4",51.767582,-0.299225,"E37000048","","E23000027",30830,"E56000035","E54000025","E00120403","E01023711","E02004931"
"AL4 9TH","AL4  9TH","AL4 9TH","198001","","E10000015","E58000618","E07000240","E05015801","E04013286","0","517558","0208783","1","E18000006","E40000007","E92000001","E12000006","5","E14001507","E15000006","E24000005","E30000237","E16000150","E07000240","26UGGH","E00120403","26UGGH","E65000001","E01023711","E02004931","5","4D2","E00120403","E01023711","E02004931","E33027431","E38000079","E63011552","C1","6A4",51.765395,-0.297872,"E37000048","","E23000027",30830,"E56000035","E54000025","E00120403","E01023711","E02004931"
"AL4 9TJ","AL4  9TJ","AL4 9TJ","198001","","E10000015","E58000618","E07000240","E05015801","E04013286","0","517596","0208849","1","E18000006","E40000007","E92000001","E12000006","5","E14001507","E15000006","E24000005","E30000237","E16000150","E07000240","26UGGH","E00120403","26UGGH","E65000001","E01023711","E02004931","5","4D2","E00120403","E01023711","E02004931","E33027431","E38000079","E63011552","C1","6A4",51.765980,-0.297300,"E37000048","","E23000027",30830,"E56000035","E54000025","E00120403","E01023711","E02004931"
"AL4 9TL","AL4  9TL","AL4 9TL","198001","","E10000015","E58000618","E07000240","E05015801","E04013286","0","517552","0208745","1","E18000006","E40000007","E92000001","E12000006","5","E14001507","E15000006","E24000005","E30000237","E16000150","E07000240","26UGGH","E00120403","26UGGH","E65000001","E01023711","E02004931","5","4D2","E00120403","E01023711","E02004931","E33027431","E38000079","E63011552","C1","6A4",51.765055,-0.297972,"E37000048","","E23000027",30830,"E56000035","E54000025","E00120403","E01023711","E02004931"
"AL4 9TN","AL4  9TN","AL4 9TN","198307","","E10000015","E58000618","E07000240","E05015801","E04013286","0","517432","0209566","1","E18000006","E40000007","E92000001","E12000006","5","E14001268","E15000006","E24000005","E30000237","E16000150","E07000240","26UGGP","E00120528","26UGGP","E65000001","E01023734","E02004930","5","4A1","E00120528","E01023734","E02004930","E33027428","E38000079","E63011552","C1","6A2",51.772458,-0.299433,"E37000048","","E23000027",32585,"E56000035","E54000025","E00120528","E01023734","E02004930"
"AL4 9TP","AL4  9TP","AL4 9TP","198307","","E10000015","E58000618","E07000240","E05015801","E04013286","0","517508","0209420","1","E18000006","E40000007","E92000001","E12000006","5","E14001268","E15000006","E24000005","E30000237","E16000150","E07000240","26UGGP","E00120527","26UGGP","E65000001","E01023734","E02004930","5","6D1","E00120527","E01023734","E02004930","E33027428","E38000079","E63011552","C1","5A2",51.771130,-0.298381,"E37000048","","E23000027",32585,"E56000035","E54000025","E00120527","E01023734","E02004930"
"AL4 9TQ","AL4  9TQ","AL4 9TQ","198001","","E10000015","E58000618","E07000240","E05015801","E04013286","0","517501","0208940","1","E18000006","E40000007","E92000001","E12000006","5","E14001507","E15000006","E24000005","E30000237","E16000150","E07000240","26UGGH","E00120403","26UGGH","E65000001","E01023711","E02004931","5","4D2","E00120403","E01023711","E02004931","E33027431","E38000079","E63011552","C1","6A4",51.766818,-0.298645,"E37000048","","E23000027",30830,"E56000035","E54000025","E00120403","E01023711","E02004931"
"AL4 9TR","AL4  9TR","AL4 9TR","198307","","E10000015","E58000618","E07000240","E05015801","E04013286","0","517420","0209412","1","E18000006","E40000007","E92000001","E12000006","5","E14001268","E15000006","E24000005","E30000237","E16000150","E07000240","26UGGP","E00120527","26UGGP","E65000001","E01023734","E02004930","5","6D1","E00120527","E01023734","E02004930","E33027428","E38000079","E63011552","C1","5A2",51.771077,-0.299659,"E37000048","","E23000027",32585,"E56000035","E54000025","E00120527","E01023734","E02004930"
"AL4 9TS","AL4  9TS","AL4 9TS","198307","","E10000015","E58000618","E07000240","E05015801","E04013286","0","517378","0209467","1","E18000006","E40000007","E92000001","E12000006","5","E14001268","E15000006","E24000005","E30000237","E16000150","E07000240","26UGGP","E00120528","26UGGP","E65000001","E01023734","E02004930","5","4A1","E00120528","E01023734","E02004930","E33027428","E38000079","E63011552","C1","6A2",51.771580,-0.300249,"E37000048","","E23000027",32585,"E56000035","E54000025","E00120528","E01023734","E02004930"
"AL4 9TT","AL4  9TT","AL4 9TT","198307","","E10000015","E58000618","E07000240","E05015801","E04013286","0","517329","0209587","1","E18000006","E40000007","E92000001","E12000006","5","E14001268","E15000006","E24000005","E30000237","E16000150","E07000240","26UGGP","E00120529","26UGGP","E65000001","E01023734","E02004930","5","6A1","E00120529","E01023734","E02004930","E33027428","E38000079","E63011552","C1","5A2",51.772669,-0.300918,"E37000048","","E23000027",32585,"E56000035","E54000025","E00120529","E01023734","E02004930"
"AL4 9TU","AL4  9TU","AL4 9TU","198001","","E10000015","E58000618","E07000240","E05015801","E04013286","0","517004","0208519","1","E18000006","E40000007","E92000001","E12000006","5","E14001507","E15000006","E24000005","E30000237","E16000150","E07000240","26UGGH","E00120406","26UGGH","E65000001","E01023712","E02004931","5","2B2","E00120406","E01023712","E02004931","E33027430","E38000079","E63011552","C1","3A2",51.763138,-0.305986,"E37000048","","E23000027",26281,"E56000035","E54000025","E00120406","E01023712","E02004931"
"AL4 9TW","AL4  9TW","AL4 9TW","198307","","E10000015","E58000618","E07000240","E05015801","E04013286","0","517430","0209496","1","E18000006","E40000007","E92000001","E12000006","5","E14001268","E15000006","E24000005","E30000237","E16000150","E07000240","26UGGP","E00120528","26UGGP","E65000001","E01023734","E02004930","5","4A1","E00120528","E01023734","E02004930","E33027428","E38000079","E63011552","C1","6A2",51.771830,-0.299486,"E37000048","","E23000027",32585,"E56000035","E54000025","E00120528","E01023734","E02004930"
"AL4 9TX","AL4  9TX","AL4 9TX","198001","","E10000015","E58000618","E07000240","E05015801","E04013286","0","517067","0208523","1","E18000006","E40000007","E92000001","E12000006","5","E14001507","E15000006","E24000005","E30000237","E16000150","E07000240","26UGGH","E00120406","26UGGH","E65000001","E01023712","E02004931","5","2B2","E00120406","E01023712","E02004931","E33027430","E38000079","E63011552","C1","3A2",51.763167,-0.305048,"E37000048","","E23000027",26281,"E56000035","E54000025","E00120406","E01023712","E02004931"
"AL4 9TY","AL4  9TY","AL4 9TY","198001","","E10000015","E58000618","E07000240","E05015801","E04013286","0","517124","0208499","1","E18000006","E40000007","E92000001","E12000006","5","E14001507","E15000006","E24000005","E30000237","E16000150","E07000240","26UGGH","E00120411","26UGGH","E65000001","E01023712","E02004931","5","2B1","E00120411","E01023712","E02004931","E33027430","E38000079","E63011552","C1","2C1",51.762933,-0.304254,"E37000048","","E23000027",26281,"E56000035","E54000025","E00120411","E01023712","E02004931"
"AL4 9TZ","AL4  9TZ","AL4 9TZ","198001","","E10000015","E58000618","E07000240","E05015801","E04013286","0","517176","0208534","1","E18000006","E40000007","E92000001","E12000006","5","E14001507","E15000006","E24000005","E30000237","E16000150","E07000240","26UGGH","E00120411","26UGGH","E65000001","E01023712","E02004931","5","2B1","E00120411","E01023712","E02004931","E33027430","E38000079","E63011552","C1","2C1",51.763237,-0.303489,"E37000048","","E23000027",26281,"E56000035","E54000025","E00120411","E01023712","E02004931"
"AL4 9UA","AL4  9UA","AL4 9UA","198001","","E10000015","E58000618","E07000240","E05015801","E04013286","0","517234","0208519","1","E18000006","E40000007","E92000001","E12000006","5","E14001507","E15000006","E24000005","E30000237","E16000150","E07000240","26UGGH","E00120411","26UGGH","E65000001","E01023712","E02004931","5","2B1","E00120411","E01023712","E02004931","E33027430","E38000079","E63011552","C1","2C1",51.763090,-0.302654,"E37000048","","E23000027",26281,"E56000035","E54000025","E00120411","E01023712","E02004931"
"AL4 9UB","AL4  9UB","AL4 9UB","198001","","E10000015","E58000618","E07000240","E05015801","E04013286","0","517267","0208568","1","E18000006","E40000007","E92000001","E12000006","5","E14001507","E15000006","E24000005","E30000237","E16000150","E07000240","26UGGH","E00120407","26UGGH","E65000001","E01023711","E02004931","5","4B2","E00120407","E01023711","E02004931","E33027431","E38000079","E63011552","C1","6A1",51.763529,-0.302136,"E37000048","","E23000027",30830,"E56000035","E54000025","E00120407","E01023711","E02004931"
"AL4 9UD","AL4  9UD","AL4 9UD","198001","","E10000015","E58000618","E07000240","E05015801","E04013286","0","517336","0208490","1","E18000006","E40000007","E92000001","E12000006","5","E14001507","E15000006","E24000005","E30000237","E16000150","E07000240","26UGGH","E00120407","26UGGH","E65000001","E01023711","E02004931","5","4B2","E00120407","E01023711","E02004931","E33027431","E38000079","E63011552","C1","6A1",51.762808,-0.301187,"E37000048","","E23000027",30830,"E56000035","E54000025","E00120407","E01023711","E02004931"
"AL4 9UE","AL4  9UE","AL4 9UE","198001","","E10000015","E58000618","E07000240","E05015801","E04013286","0","517398","0208385","1","E18000006","E40000007","E92000001","E12000006","5","E14001507","E15000006","E24000005","E30000237","E16000150","E07000240","26UGGH","E00120408","26UGGH","E65000001","E01023712","E02004931","5","4D1","E00120408","E01023712","E02004931","E33027431","E38000079","E63011552","C1","6A1",51.761852,-0.300324,"E37000048","","E23000027",26281,"E56000035","E54000025","E00120408","E01023712","E02004931"
"AL4 9UF","AL4  9UF","AL4 9UF","198001","","E10000015","E58000618","E07000240","E05015801","E04013286","0","517509","0208437","1","E18000006","E40000007","E92000001","E12000006","5","E14001507","E15000006","E24000005","E30000237","E16000150","E07000240","26UGGH","E00120408","26UGGH","E65000001","E01023712","E02004931","5","4D1","E00120408","E01023712","E02004931","E33027431","E38000079","E63011552","C1","6A1",51.762296,-0.298699,"E37000048","","E23000027",26281,"E56000035","E54000025","E00120408","E01023712","E02004931"
"AL4 9UG","AL4  9UG","AL4 9UG","198001","","E10000015","E58000618","E07000240","E05015801","E04013286","0","517626","0208468","1","E18000006","E40000007","E92000001","E12000006","5","E14001507","E15000006","E24000005","E30000237","E16000150","E07000240","26UGGH","E00120408","26UGGH","E65000001","E01023712","E02004931","5","4D1","E00120408","E01023712","E02004931","E33027431","E38000079","E63011552","C1","6A1",51.762555,-0.296970,"E37000048","","E23000027",26281,"E56000035","E54000025","E00120408","E01023712","E02004931"
"AL4 9UH","AL4  9UH","AL4 9UH","198001","","E10000015","E58000618","E07000240","E05015801","E04013286","0","517692","0208534","1","E18000006","E40000007","E92000001","E12000006","5","E14001507","E15000006","E24000005","E30000237","E16000150","E07000240","26UGGH","E00120408","26UGGH","E65000001","E01023712","E02004931","5","4D1","E00120408","E01023712","E02004931","E33027431","E38000079","E63011552","C1","6A1",51.763129,-0.296016,"E37000048","","E23000027",26281,"E56000035","E54000025","E00120408","E01023712","E02004931"
"AL4 9UJ","AL4  9UJ","AL4 9UJ","198001","","E10000015","E58000618","E07000240","E05015801","E04013286","0","517663","0208653","1","E18000006","E40000007","E92000001","E12000006","5","E14001507","E15000006","E24000005","E30000237","E16000150","E07000240","26UGGH","E00120408","26UGGH","E65000001","E01023712","E02004931","5","4D1","E00120408","E01023712","E02004931","E33027431","E38000079","E63011552","C1","6A1",51.764205,-0.296396,"E37000048","","E23000027",26281,"E56000035","E54000025","E00120408","E01023712","E02004931"
"AL4 9UL","AL4  9UL","AL4 9UL","198001","","E10000015","E58000618","E07000240","E05015801","E04013286","0","517608","0208711","1","E18000006","E40000007","E92000001","E12000006","5","E14001507","E15000006","E24000005","E30000237","E16000150","E07000240","26UGGH","E00120403","26UGGH","E65000001","E01023711","E02004931","5","4D2","E00120403","E01023711","E02004931","E33027431","E38000079","E63011552","C1","6A4",51.764737,-0.297173,"E37000048","","E23000027",30830,"E56000035","E54000025","E00120403","E01023711","E02004931"
"AL4 9UN","AL4  9UN","AL4 9UN","198001","","E10000015","E58000618","E07000240","E05015801","E04013286","0","517590","0208670","1","E18000006","E40000007","E92000001","E12000006","5","E14001507","E15000006","E24000005","E30000237","E16000150","E07000240","26UGGH","E00120407","26UGGH","E65000001","E01023711","E02004931","5","4B2","E00120407","E01023711","E02004931","E33027431","E38000079","E63011552","C1","6A1",51.764373,-0.297447,"E37000048","","E23000027",30830,"E56000035","E54000025","E00120407","E01023711","E02004931"
"AL4 9UP","AL4  9UP","AL4 9UP","198001","","E10000015","E58000618","E07000240","E05015801","E04013286","0","517528","0208487","1","E18000006","E40000007","E92000001","E12000006","5","E14001507","E15000006","E24000005","E30000237","E16000150","E07000240","26UGGH","E00120408","26UGGH","E65000001","E01023712","E02004931","5","4D1","E00120408","E01023712","E02004931","E33027431","E38000079","E63011552","C1","6A1",51.762741,-0.298407,"E37000048","","E23000027",26281,"E56000035","E54000025","E00120408","E01023712","E02004931"
"AL4 9UQ","AL4  9UQ","AL4 9UQ","198001","","E10000015","E58000618","E07000240","E05015801","E04013286","0","517637","0208502","1","E18000006","E40000007","E92000001","E12000006","5","E14001507","E15000006","E24000005","E30000237","E16000150","E07000240","26UGGH","E00120408","26UGGH","E65000001","E01023712","E02004931","5","4D1","E00120408","E01023712","E02004931","E33027431","E38000079","E63011552","C1","6A1",51.762853,-0.296823,"E37000048","","E23000027",26281,"E56000035","E54000025","E00120408","E01023712","E02004931"
"AL4 9UR","AL4  9UR","AL4 9UR","198001","","E10000015","E58000618","E07000240","E05015801","E04013286","0","517513","0208536","1","E18000006","E40000007","E92000001","E12000006","5","E14001507","E15000006","E24000005","E30000237","E16000150","E07000240","26UGGH","E00120407","26UGGH","E65000001","E01023711","E02004931","5","4B2","E00120407","E01023711","E02004931","E33027431","E38000079","E63011552","C1","6A1",51.763190,-0.298584,"E37000048","","E23000027",30830,"E56000035","E54000025","E00120407","E01023711","E02004931"
"AL4 9US","AL4  9US","AL4 9US","199412","200006","E10000015","E58000618","E07000240","E05015801","E04013286","1","517154","0209258","6","E18000006","E40000007","E92000001","E12000006","5","E14001507","E15000006","E24000005","E30000237","E16000150","E07000240","26UGGH","E00120394","26UGGH","E65000001","E01023710","E02004931","5","4B3","E00120394","E01023710","E02004931","E33027431","E38000079","E63011552","C1","6A4",51.769748,-0.303564,"E37000048","","E23000027",32755,"E56000035","E54000025","E00120394","E01023710","E02004931"
"AL4 9UT","AL4  9UT","AL4 9UT","198001","","E10000015","E58000618","E07000240","E05015801","E04013286","0","517466","0208522","1","E18000006","E40000007","E92000001","E12000006","5","E14001507","E15000006","E24000005","E30000237","E16000150","E07000240","26UGGH","E00120407","26UGGH","E65000001","E01023711","E02004931","5","4B2","E00120407","E01023711","E02004931","E33027431","E38000079","E63011552","C1","6A1",51.763069,-0.299293,"E37000048","","E23000027",30830,"E56000035","E54000025","E00120407","E01023711","E02004931"
"AL4 9UU","AL4  9UU","AL4 9UU","198001","","E10000015","E58000618","E07000240","E05015801","E04013286","0","517381","0208487","1","E18000006","E40000007","E92000001","E12000006","5","E14001507","E15000006","E24000005","E30000237","E16000150","E07000240","26UGGH","E00120407","26UGGH","E65000001","E01023711","E02004931","5","4B2","E00120407","E01023711","E02004931","E33027431","E38000079","E63011552","C1","6A1",51.762772,-0.300536,"E37000048","","E23000027",30830,"E56000035","E54000025","E00120407","E01023711","E02004931"
"AL4 9UW","AL4  9UW","AL4 9UW","198001","","E10000015","E58000618","E07000240","E05015801","E04013286","0","517615","0208561","1","E18000006","E40000007","E92000001","E12000006","5","E14001507","E15000006","E24000005","E30000237","E16000150","E07000240","26UGGH","E00120407","26UGGH","E65000001","E01023711","E02004931","5","4B2","E00120407","E01023711","E02004931","E33027431","E38000079","E63011552","C1","6A1",51.763388,-0.297122,"E37000048","","E23000027",30830,"E56000035","E54000025","E00120407","E01023711","E02004931"
"AL4 9UX","AL4  9UX","AL4 9UX","198607","200408","E10000015","E58000664","E07000240","E05013956","E43000290","1","517328","0206823","1","E18000006","E40000007","E92000001","E12000006","5","E14001507","E15000006","E24000005","E30000237","E16000150","E07000240","26UGFX","E00120196","26UGFX","E65000001","E01023667","E02004936","5","6D1","E00120196","E01023667","E02004936","E33027453","E38000079","E63011552","C1","5A2",51.747828,-0.301865,"E37000048","","E23000027",30628,"E56000035","E54000025","E00120196","E01023667","E02004936"
"AL4 9UY","AL4  9UY","AL4 9UY","199101","","E10000015","E58000625","E07000240","E05013962","E04013286","0","517086","0210470","1","E18000006","E40000007","E92000001","E12000006","5","E14001268","E15000006","E24000005","E30000237","E16000150","E07000240","26UGGP","E00120538","26UGGP","E65000001","E01023736","E02004930","5","2B2","E00120538","E01023736","E02004930","E33027425","E38000079","E63011508","C1","5A3",51.780655,-0.304141,"E37000048","","E23000027",22903,"E56000035","E54000025","E00120538","E01023736","E02004930"
"AL4 9UZ","AL4  9UZ","AL4 9UZ","199101","","E10000015","E58000625","E07000240","E05013962","E04013286","0","517091","0210427","1","E18000006","E40000007","E92000001","E12000006","5","E14001268","E15000006","E24000005","E30000237","E16000150","E07000240","26UGGP","E00120538","26UGGP","E65000001","E01023736","E02004930","5","2B2","E00120538","E01023736","E02004930","E33027425","E38000079","E63011508","C1","5A3",51.780267,-0.304083,"E37000048","","E23000027",22903,"E56000035","E54000025","E00120538","E01023736","E02004930"
"AL4 9WA","AL4  9WA","AL4 9WA","199712","200602","E10000015","E58000664","E07000240","E05013956","E43000290","1","517328","0206823","1","E18000006","E40000007","E92000001","E12000006","5","E14001507","E15000006","E24000005","E30000237","E16000150","E07000240","26UGFX","E00120196","26UGFX","E65000001","E01023667","E02004936","5","6D1","E00120196","E01023667","E02004936","E33027453","E38000079","E63011552","C1","5A2",51.747828,-0.301865,"E37000048","","E23000027",30628,"E56000035","E54000025","E00120196","E01023667","E02004936"
"AL4 9WB","AL4  9WB","AL4 9WB","199712","199812","E10000015","E58000618","E07000240","E05015801","E04013286","1","517154","0209258","6","E18000006","E40000007","E92000001","E12000006","5","E14001507","E15000006","E24000005","E30000237","E16000150","E07000240","26UGGH","E00120394","26UGGH","E65000001","E01023710","E02004931","5","4B3","E00120394","E01023710","E02004931","E33027431","E38000079","E63011552","C1","6A4",51.769748,-0.303564,"E37000048","","E23000027",32755,"E56000035","E54000025","E00120394","E01023710","E02004931"
"AL4 9WD","AL4  9WD","AL4 9WD","199712","200006","E10000015","E58000618","E07000240","E05015801","E04013286","1","517154","0209258","6","E18000006","E40000007","E92000001","E12000006","5","E14001507","E15000006","E24000005","E30000237","E16000150","E07000240","26UGGH","E00120394","26UGGH","E65000001","E01023710","E02004931","5","4B3","E00120394","E01023710","E02004931","E33027431","E38000079","E63011552","C1","6A4",51.769748,-0.303564,"E37000048","","E23000027",32755,"E56000035","E54000025","E00120394","E01023710","E02004931"
"AL4 9WE","AL4  9WE","AL4 9WE","200106","200602","E10000015","E58000664","E07000240","E05013956","E43000290","1","517328","0206823","1","E18000006","E40000007","E92000001","E12000006","5","E14001507","E15000006","E24000005","E30000237","E16000150","E07000240","26UGFX","E00120196","26UGFX","E65000001","E01023667","E02004936","5","6D1","E00120196","E01023667","E02004936","E33027453","E38000079","E63011552","C1","5A2",51.747828,-0.301865,"E37000048","","E23000027",30628,"E56000035","E54000025","E00120196","E01023667","E02004936"
"AL4 9WF","AL4  9WF","AL4 9WF","200206","200302","E10000015","E58000664","E07000240","E05013956","E43000290","1","517328","0206823","5","E18000006","E40000007","E92000001","E12000006","5","E14001507","E15000006","E24000005","E30000237","E16000150","E07000240","26UGFX","E00120196","26UGFX","E65000001","E01023667","E02004936","5","6D1","E00120196","E01023667","E02004936","E33027453","E38000079","E63011552","C1","5A2",51.747828,-0.301865,"E37000048","","E23000027",30628,"E56000035","E54000025","E00120196","E01023667","E02004936"
"AL4 9WG","AL4  9WG","AL4 9WG","200206","200304","E10000015","E58000664","E07000240","E05013956","E43000290","1","517328","0206823","5","E18000006","E40000007","E92000001","E12000006","5","E14001507","E15000006","E24000005","E30000237","E16000150","E07000240","26UGFX","E00120196","26UGFX","E65000001","E01023667","E02004936","5","6D1","E00120196","E01023667","E02004936","E33027453","E38000079","E63011552","C1","5A2",51.747828,-0.301865,"E37000048","","E23000027",30628,"E56000035","E54000025","E00120196","E01023667","E02004936"
"AL4 9WH","AL4  9WH","AL4 9WH","200206","200405","E10000015","E58000664","E07000240","E05013956","E43000290","1","517328","0206823","5","E18000006","E40000007","E92000001","E12000006","5","E14001507","E15000006","E24000005","E30000237","E16000150","E07000240","26UGFX","E00120196","26UGFX","E65000001","E01023667","E02004936","5","6D1","E00120196","E01023667","E02004936","E33027453","E38000079","E63011552","C1","5A2",51.747828,-0.301865,"E37000048","","E23000027",30628,"E56000035","E54000025","E00120196","E01023667","E02004936"
"AL4 9WJ","AL4  9WJ","AL4 9WJ","200308","200408","E10000015","E58000625","E07000240","E05015802","E04013286","1","516021","0209173","5","E18000006","E40000007","E92000001","E12000006","5","E14001268","E15000006","E24000005","E30000237","E16000150","E07000240","26UGGP","E00120525","26UGGP","E65000001","E01023734","E02004930","5","3C1","E00120525","E01023734","E02004930","E33024345","E38000079","E63011552","C1","5B3",51.769220,-0.320005,"E37000048","","E23000027",32585,"E56000035","E54000025","E00120525","E01023734","E02004930"
"AL4 9WN","AL4  9WN","AL4 9WN","200301","200408","E10000015","E58000664","E07000240","E05013956","E43000290","1","517328","0206823","5","E18000006","E40000007","E92000001","E12000006","5","E14001507","E15000006","E24000005","E30000237","E16000150","E07000240","26UGFX","E00120196","26UGFX","E65000001","E01023667","E02004936","5","6D1","E00120196","E01023667","E02004936","E33027453","E38000079","E63011552","C1","5A2",51.747828,-0.301865,"E37000048","","E23000027",30628,"E56000035","E54000025","E00120196","E01023667","E02004936"
"AL4 9WP","AL4  9WP","AL4 9WP","200408","200910","E10000015","E58000664","E07000240","E05013956","E43000290","1","517328","0206823","1","E18000006","E40000007","E92000001","E12000006","5","E14001507","E15000006","E24000005","E30000237","E16000150","E07000240","26UGFX","E00120196","26UGFX","E65000001","E01023667","E02004936","5","6D1","E00120196","E01023667","E02004936","E33027453","E38000079","E63011552","C1","5A2",51.747828,-0.301865,"E37000048","","E23000027",30628,"E56000035","E54000025","E00120196","E01023667","E02004936"
"AL4 9WQ","AL4  9WQ","AL4 9WQ","200408","201605","E10000015","E58000664","E07000240","E05013956","E43000290","1","517321","0206803","1","E18000006","E40000007","E92000001","E12000006","5","E14001507","E15000006","E24000005","E30000237","E16000150","E07000240","26UGFX","E00120196","26UGFX","E65000001","E01023667","E02004936","5","6D1","E00120196","E01023667","E02004936","E33027453","E38000079","E63011552","C1","5A2",51.747650,-0.301973,"E37000048","","E23000027",30628,"E56000035","E54000025","E00120196","E01023667","E02004936"
"AL4 9WR","AL4  9WR","AL4 9WR","200408","200601","E10000015","E58000625","E07000240","E05015802","E04013286","1","516021","0209173","5","E18000006","E40000007","E92000001","E12000006","5","E14001268","E15000006","E24000005","E30000237","E16000150","E07000240","26UGGP","E00120525","26UGGP","E65000001","E01023734","E02004930","5","3C1","E00120525","E01023734","E02004930","E33024345","E38000079","E63011552","C1","5B3",51.769220,-0.320005,"E37000048","","E23000027",32585,"E56000035","E54000025","E00120525","E01023734","E02004930"
"AL4 9WS","AL4  9WS","AL4 9WS","200301","200309","E10000015","E58000664","E07000240","E05013956","E43000290","1","517328","0206823","5","E18000006","E40000007","E92000001","E12000006","5","E14001507","E15000006","E24000005","E30000237","E16000150","E07000240","26UGFX","E00120196","26UGFX","E65000001","E01023667","E02004936","5","6D1","E00120196","E01023667","E02004936","E33027453","E38000079","E63011552","C1","5A2",51.747828,-0.301865,"E37000048","","E23000027",30628,"E56000035","E54000025","E00120196","E01023667","E02004936"
"AL4 9WT","AL4  9WT","AL4 9WT","200106","200408","E10000015","E58000664","E07000240","E05013956","E43000290","1","517328","0206823","1","E18000006","E40000007","E92000001","E12000006","5","E14001507","E15000006","E24000005","E30000237","E16000150","E07000240","26UGFX","E00120196","26UGFX","E65000001","E01023667","E02004936","5","6D1","E00120196","E01023667","E02004936","E33027453","E38000079","E63011552","C1","5A2",51.747828,-0.301865,"E37000048","","E23000027",30628,"E56000035","E54000025","E00120196","E01023667","E02004936"
"AL4 9WU","AL4  9WU","AL4 9WU","200206","200809","E10000015","E58000664","E07000240","E05013956","E43000290","1","517328","0206823","1","E18000006","E40000007","E92000001","E12000006","5","E14001507","E15000006","E24000005","E30000237","E16000150","E07000240","26UGFX","E00120196","26UGFX","E65000001","E01023667","E02004936","5","6D1","E00120196","E01023667","E02004936","E33027453","E38000079","E63011552","C1","5A2",51.747828,-0.301865,"E37000048","","E23000027",30628,"E56000035","E54000025","E00120196","E01023667","E02004936"
"AL4 9WW","AL4  9WW","AL4 9WW","200106","200906","E10000015","E58000625","E07000240","E05015802","E04013286","1","516021","0209173","1","E18000006","E40000007","E92000001","E12000006","5","E14001268","E15000006","E24000005","E30000237","E16000150","E07000240","26UGGP","E00120525","26UGGP","E65000001","E01023734","E02004930","5","3C1","E00120525","E01023734","E02004930","E33024345","E38000079","E63011552","C1","5B3",51.769220,-0.320005,"E37000048","","E23000027",32585,"E56000035","E54000025","E00120525","E01023734","E02004930"
"AL4 9WX","AL4  9WX","AL4 9WX","200012","201101","E10000015","E58000664","E07000240","E05013956","E43000290","1","517328","0206823","1","E18000006","E40000007","E92000001","E12000006","5","E14001507","E15000006","E24000005","E30000237","E16000150","E07000240","26UGFX","E00120196","26UGFX","E65000001","E01023667","E02004936","5","6D1","E00120196","E01023667","E02004936","E33027453","E38000079","E63011552","C1","5A2",51.747828,-0.301865,"E37000048","","E23000027",30628,"E56000035","E54000025","E00120196","E01023667","E02004936"
"AL4 9WY","AL4  9WY","AL4 9WY","199812","200009","E10000015","E58000618","E07000240","E05015801","E04013286","1","517154","0209258","6","E18000006","E40000007","E92000001","E12000006","5","E14001507","E15000006","E24000005","E30000237","E16000150","E07000240","26UGGH","E00120394","26UGGH","E65000001","E01023710","E02004931","5","4B3","E00120394","E01023710","E02004931","E33027431","E38000079","E63011552","C1","6A4",51.769748,-0.303564,"E37000048","","E23000027",32755,"E56000035","E54000025","E00120394","E01023710","E02004931"
"AL4 9WZ","AL4  9WZ","AL4 9WZ","200006","201105","E10000015","E58000664","E07000240","E05013956","E43000290","1","517328","0206823","1","E18000006","E40000007","E92000001","E12000006","5","E14001507","E15000006","E24000005","E30000237","E16000150","E07000240","26UGFX","E00120196","26UGFX","E65000001","E01023667","E02004936","5","6D1","E00120196","E01023667","E02004936","E33027453","E38000079","E63011552","C1","5A2",51.747828,-0.301865,"E37000048","","E23000027",30628,"E56000035","E54000025","E00120196","E01023667","E02004936"
"AL4 9XA","AL4  9XA","AL4 9XA","198001","","E10000015","E58000618","E07000240","E05015801","E04013286","0","517273","0209273","1","E18000006","E40000007","E92000001","E12000006","5","E14001507","E15000006","E24000005","E30000237","E16000150","E07000240","26UGGH","E00120395","26UGGH","E65000001","E01023711","E02004931","5","4D1","E00120395","E01023711","E02004931","E33027431","E38000079","E63011552","C1","6B1",51.769858,-0.301835,"E37000048","","E23000027",30830,"E56000035","E54000025","E00120395","E01023711","E02004931"
"AL4 9XB","AL4  9XB","AL4 9XB","198001","","E10000015","E58000618","E07000240","E05015801","E04013286","0","517364","0209204","1","E18000006","E40000007","E92000001","E12000006","5","E14001507","E15000006","E24000005","E30000237","E16000150","E07000240","26UGGH","E00120395","26UGGH","E65000001","E01023711","E02004931","5","4D1","E00120395","E01023711","E02004931","E33027431","E38000079","E63011552","C1","6B1",51.769219,-0.300540,"E37000048","","E23000027",30830,"E56000035","E54000025","E00120395","E01023711","E02004931"
"AL4 9XD","AL4  9XD","AL4 9XD","198001","","E10000015","E58000618","E07000240","E05015801","E04013286","0","517354","0209128","1","E18000006","E40000007","E92000001","E12000006","5","E14001507","E15000006","E24000005","E30000237","E16000150","E07000240","26UGGH","E00120395","26UGGH","E65000001","E01023711","E02004931","5","4D1","E00120395","E01023711","E02004931","E33027431","E38000079","E63011552","C1","6B1",51.768538,-0.300711,"E37000048","","E23000027",30830,"E56000035","E54000025","E00120395","E01023711","E02004931"
"AL4 9XE","AL4  9XE","AL4 9XE","198001","","E10000015","E58000618","E07000240","E05015801","E04013286","0","517405","0208997","1","E18000006","E40000007","E92000001","E12000006","5","E14001507","E15000006","E24000005","E30000237","E16000150","E07000240","26UGGH","E00120403","26UGGH","E65000001","E01023711","E02004931","5","4D2","E00120403","E01023711","E02004931","E33027431","E38000079","E63011552","C1","6A4",51.767350,-0.300016,"E37000048","","E23000027",30830,"E56000035","E54000025","E00120403","E01023711","E02004931"
"AL4 9XF","AL4  9XF","AL4 9XF","198001","","E10000015","E58000618","E07000240","E05015801","E04013286","0","517487","0208845","1","E18000006","E40000007","E92000001","E12000006","5","E14001507","E15000006","E24000005","E30000237","E16000150","E07000240","26UGGH","E00120403","26UGGH","E65000001","E01023711","E02004931","5","4D2","E00120403","E01023711","E02004931","E33027431","E38000079","E63011552","C1","6A4",51.765967,-0.298880,"E37000048","","E23000027",30830,"E56000035","E54000025","E00120403","E01023711","E02004931"
"AL4 9XG","AL4  9XG","AL4 9XG","198001","","E10000015","E58000618","E07000240","E05015801","E04013286","0","517404","0208583","1","E18000006","E40000007","E92000001","E12000006","5","E14001507","E15000006","E24000005","E30000237","E16000150","E07000240","26UGGH","E00120407","26UGGH","E65000001","E01023711","E02004931","5","4B2","E00120407","E01023711","E02004931","E33027431","E38000079","E63011552","C1","6A1",51.763630,-0.300171,"E37000048","","E23000027",30830,"E56000035","E54000025","E00120407","E01023711","E02004931"
"AL4 9XH","AL4  9XH","AL4 9XH","198001","","E10000015","E58000618","E07000240","E05015801","E04013286","0","517377","0208941","1","E18000006","E40000007","E92000001","E12000006","5","E14001507","E15000006","E24000005","E30000237","E16000150","E07000240","26UGGH","E00120405","26UGGH","E65000001","E01023710","E02004931","5","4B3","E00120405","E01023710","E02004931","E33027431","E38000079","E63011552","C1","6B1",51.766853,-0.300441,"E37000048","","E23000027",32755,"E56000035","E54000025","E00120405","E01023710","E02004931"
"AL4 9XJ","AL4  9XJ","AL4 9XJ","198001","","E10000015","E58000618","E07000240","E05015801","E04013286","0","517267","0209207","1","E18000006","E40000007","E92000001","E12000006","5","E14001507","E15000006","E24000005","E30000237","E16000150","E07000240","26UGGH","E00120395","26UGGH","E65000001","E01023711","E02004931","5","4D1","E00120395","E01023711","E02004931","E33027431","E38000079","E63011552","C1","6B1",51.769266,-0.301944,"E37000048","","E23000027",30830,"E56000035","E54000025","E00120395","E01023711","E02004931"
"AL4 9XL","AL4  9XL","AL4 9XL","198001","","E10000015","E58000618","E07000240","E05015801","E04013286","0","517213","0209179","1","E18000006","E40000007","E92000001","E12000006","5","E14001507","E15000006","E24000005","E30000237","E16000150","E07000240","26UGGH","E00120395","26UGGH","E65000001","E01023711","E02004931","5","4D1","E00120395","E01023711","E02004931","E33027431","E38000079","E63011552","C1","6B1",51.769032,-0.302712,"E37000048","","E23000027",30830,"E56000035","E54000025","E00120395","E01023711","E02004931"
"AL4 9XN","AL4  9XN","AL4 9XN","199507","199806","E10000015","E58000618","E07000240","E05015801","E04013286","1","517153","0209257","6","E18000006","E40000007","E92000001","E12000006","5","E14001507","E15000006","E24000005","E30000237","E16000150","E07000240","26UGGH","E00120394","26UGGH","E65000001","E01023710","E02004931","5","4B3","E00120394","E01023710","E02004931","E33027431","E38000079","E63011552","C1","6A4",51.769740,-0.303579,"E37000048","","E23000027",32755,"E56000035","E54000025","E00120394","E01023710","E02004931"
"AL4 9XP","AL4  9XP","AL4 9XP","199208","200203","E10000015","E58000664","E07000240","E05013956","E43000290","1","517328","0206823","1","E18000006","E40000007","E92000001","E12000006","5","E14001507","E15000006","E24000005","E30000237","E16000150","E07000240","26UGFX","E00120196","26UGFX","E65000001","E01023667","E02004936","5","6D1","E00120196","E01023667","E02004936","E33027453","E38000079","E63011552","C1","5A2",51.747828,-0.301865,"E37000048","","E23000027",30628,"E56000035","E54000025","E00120196","E01023667","E02004936"
"AL4 9XQ","AL4  9XQ","AL4 9XQ","198001","","E10000015","E58000618","E07000240","E05015801","E04013286","0","517418","0208707","1","E18000006","E40000007","E92000001","E12000006","5","E14001507","E15000006","E24000005","E30000237","E16000150","E07000240","26UGGH","E00120407","26UGGH","E65000001","E01023711","E02004931","5","4B2","E00120407","E01023711","E02004931","E33027431","E38000079","E63011552","C1","6A1",51.764741,-0.299926,"E37000048","","E23000027",30830,"E56000035","E54000025","E00120407","E01023711","E02004931"
"AL4 9XR","AL4  9XR","AL4 9XR","199101","","E10000015","E58000625","E07000240","E05015802","E04013286","0","516030","0209171","1","E18000006","E40000007","E92000001","E12000006","5","E14001268","E15000006","E24000005","E30000237","E16000150","E07000240","26UGGP","E00120525","26UGGP","E65000001","E01023734","E02004930","5","3C1","E00120525","E01023734","E02004930","E33024345","E38000079","E63011552","C1","5B3",51.769206,-0.319851,"E37000048","","E23000027",32585,"E56000035","E54000025","E00120525","E01023734","E02004930"
"AL4 9XS","AL4  9XS","AL4 9XS","199208","199405","E10000015","E58000625","E07000240","E05015802","E04013286","1","516200","0209500","8","E18000006","E40000007","E92000001","E12000006","5","E14001268","E15000006","E24000005","E30000237","E16000150","E07000240","26UGGP","E00120525","26UGGP","E65000001","E01023734","E02004930","5","3C1","E00120525","E01023734","E02004930","E33024345","E38000079","E63011552","C1","5B3",51.772122,-0.317302,"E37000048","","E23000027",32585,"E56000035","E54000025","E00120525","E01023734","E02004930"
"AL4 9XT","AL4  9XT","AL4 9XT","199612","200303","E10000015","E58000664","E07000240","E05013956","E43000290","1","517328","0206823","1","E18000006","E40000007","E92000001","E12000006","5","E14001507","E15000006","E24000005","E30000237","E16000150","E07000240","26UGFX","E00120196","26UGFX","E65000001","E01023667","E02004936","5","6D1","E00120196","E01023667","E02004936","E33027453","E38000079","E63011552","C1","5A2",51.747828,-0.301865,"E37000048","","E23000027",30628,"E56000035","E54000025","E00120196","E01023667","E02004936"
"AL4 9XU","AL4  9XU","AL4 9XU","199706","","E10000015","E58000618","E07000240","E05015801","E04013286","0","517211","0208357","1","E18000006","E40000007","E92000001","E12000006","5","E14001507","E15000006","E24000005","E30000237","E16000150","E07000240","26UGGH","E00120409","26UGGH","E65000001","E01023712","E02004931","5","4D1","E00120409","E01023712","E02004931","E33027431","E38000079","E63011552","C1","6A2",51.761639,-0.303042,"E37000048","","E23000027",26281,"E56000035","E54000025","E00189342","E01023712","E02004931"
"AL4 9XW","AL4  9XW","AL4 9XW","198803","","E10000015","E58000618","E07000240","E05015802","E04013286","0","516322","0209543","1","E18000006","E40000007","E92000001","E12000006","5","E14001507","E15000006","E24000005","E30000237","E16000150","E07000240","26UGGH","E00120414","26UGGH","E65000001","E01023709","E02004931","5","5A1","E00120414","E01023709","E02004931","E33027429","E38000079","E63011552","C1","7D1",51.772483,-0.315521,"E37000048","","E23000027",24396,"E56000035","E54000025","E00120414","E01023709","E02004931"
"AL4 9XX","AL4  9XX","AL4 9XX","199208","200103","E10000015","E58000625","E07000240","E05015802","E04013286","1","515928","0209057","1","E18000006","E40000007","E92000001","E12000006","5","E14001268","E15000006","E24000005","E30000237","E16000150","E07000240","26UGGP","E00120525","26UGGP","E65000001","E01023734","E02004930","5","3C1","E00120525","E01023734","E02004930","E33024345","E38000079","E63011552","C1","5B3",51.768197,-0.321390,"E37000048","","E23000027",32585,"E56000035","E54000025","E00120525","E01023734","E02004930"
"AL4 9XY","AL4  9XY","AL4 9XY","199706","","E10000015","E58000618","E07000240","E05015801","E04013286","0","517279","0208390","1","E18000006","E40000007","E92000001","E12000006","5","E14001507","E15000006","E24000005","E30000237","E16000150","E07000240","26UGGH","E00120409","26UGGH","E65000001","E01023712","E02004931","5","4D1","E00120409","E01023712","E02004931","E33027431","E38000079","E63011552","C1","6A2",51.761921,-0.302046,"E37000048","","E23000027",26281,"E56000035","E54000025","E00189342","E01023712","E02004931"
"AL4 9XZ","AL4  9XZ","AL4 9XZ","199706","","E10000015","E58000618","E07000240","E05015801","E04013286","0","517128","0208432","1","E18000006","E40000007","E92000001","E12000006","5","E14001507","E15000006","E24000005","E30000237","E16000150","E07000240","26UGGH","E00120406","26UGGH","E65000001","E01023712","E02004931","5","2B2","E00120406","E01023712","E02004931","E33027430","E38000079","E63011552","C1","3A2",51.762330,-0.304219,"E37000048","","E23000027",26281,"E56000035","E54000025","E00120406","E01023712","E02004931"
"AL4 9YA","AL4  9YA","AL4 9YA","199706","200204","E10000015","E58000664","E07000240","E05013956","E43000290","1","517328","0206823","1","E18000006","E40000007","E92000001","E12000006","5","E14001507","E15000006","E24000005","E30000237","E16000150","E07000240","26UGFX","E00120196","26UGFX","E65000001","E01023667","E02004936","5","6D1","E00120196","E01023667","E02004936","E33027453","E38000079","E63011552","C1","5A2",51.747828,-0.301865,"E37000048","","E23000027",30628,"E56000035","E54000025","E00120196","E01023667","E02004936"
"AL4 9YB","AL4  9YB","AL4 9YB","198307","","E10000015","E58000618","E07000240","E05015802","E04013286","0","516345","0209504","1","E18000006","E40000007","E92000001","E12000006","5","E14001507","E15000006","E24000005","E30000237","E16000150","E07000240","26UGGH","E00120412","26UGGH","E65000001","E01023709","E02004931","5","2B2","E00120412","E01023709","E02004931","E33027429","E38000079","E63011552","C1","5A3",51.772128,-0.315201,"E37000048","","E23000027",24396,"E56000035","E54000025","E00120412","E01023709","E02004931"
"AL4 9YD","AL4  9YD","AL4 9YD","198402","","E10000015","E58000618","E07000240","E05015801","E04013286","0","517406","0209735","1","E18000006","E40000007","E92000001","E12000006","5","E14001268","E15000006","E24000005","E30000237","E16000150","E07000240","26UGGP","E00120523","26UGGP","E65000001","E01023734","E02004930","5","4A1","E00120523","E01023734","E02004930","E33027428","E38000079","E63011552","C1","6A2",51.773982,-0.299753,"E37000048","","E23000027",32585,"E56000035","E54000025","E00120523","E01023734","E02004930"
"AL4 9YE","AL4  9YE","AL4 9YE","198402","","E10000015","E58000618","E07000240","E05015801","E04013286","0","517570","0209693","1","E18000006","E40000007","E92000001","E12000006","5","E14001268","E15000006","E24000005","E30000237","E16000150","E07000240","26UGGP","E00120528","26UGGP","E65000001","E01023734","E02004930","5","4A1","E00120528","E01023734","E02004930","E33027428","E38000079","E63011552","C1","6A2",51.773571,-0.297391,"E37000048","","E23000027",32585,"E56000035","E54000025","E00120528","E01023734","E02004930"
"AL4 9YF","AL4  9YF","AL4 9YF","198402","","E10000015","E58000618","E07000240","E05015801","E04013286","0","517576","0209551","1","E18000006","E40000007","E92000001","E12000006","5","E14001268","E15000006","E24000005","E30000237","E16000150","E07000240","26UGGP","E00120528","26UGGP","E65000001","E01023734","E02004930","5","4A1","E00120528","E01023734","E02004930","E33027428","E38000079","E63011552","C1","6A2",51.772293,-0.297352,"E37000048","","E23000027",32585,"E56000035","E54000025","E00120528","E01023734","E02004930"
"AL4 9YG","AL4  9YG","AL4 9YG","198402","","E10000015","E58000618","E07000240","E05015801","E04013286","0","517578","0209502","1","E18000006","E40000007","E92000001","E12000006","5","E14001268","E15000006","E24000005","E30000237","E16000150","E07000240","26UGGP","E00120528","26UGGP","E65000001","E01023734","E02004930","5","4A1","E00120528","E01023734","E02004930","E33027428","E38000079","E63011552","C1","6A2",51.771852,-0.297340,"E37000048","","E23000027",32585,"E56000035","E54000025","E00120528","E01023734","E02004930"
"AL4 9YH","AL4  9YH","AL4 9YH","198402","","E10000015","E58000618","E07000240","E05015801","E04013286","0","517535","0209625","1","E18000006","E40000007","E92000001","E12000006","5","E14001268","E15000006","E24000005","E30000237","E16000150","E07000240","26UGGP","E00120528","26UGGP","E65000001","E01023734","E02004930","5","4A1","E00120528","E01023734","E02004930","E33027428","E38000079","E63011552","C1","6A2",51.772967,-0.297921,"E37000048","","E23000027",32585,"E56000035","E54000025","E00120528","E01023734","E02004930"
"AL4 9YJ","AL4  9YJ","AL4 9YJ","198504","","E10000015","E58000618","E07000240","E05015801","E04013286","0","517509","0209774","1","E18000006","E40000007","E92000001","E12000006","5","E14001268","E15000006","E24000005","E30000237","E16000150","E07000240","26UGGP","E00120523","26UGGP","E65000001","E01023734","E02004930","5","4A1","E00120523","E01023734","E02004930","E33027428","E38000079","E63011552","C1","6A2",51.774311,-0.298247,"E37000048","","E23000027",32585,"E56000035","E54000025","E00120523","E01023734","E02004930"
"AL4 9YL","AL4  9YL","AL4 9YL","198504","","E10000015","E58000618","E07000240","E05015801","E04013286","0","517464","0209809","1","E18000006","E40000007","E92000001","E12000006","5","E14001268","E15000006","E24000005","E30000237","E16000150","E07000240","26UGGP","E00120523","26UGGP","E65000001","E01023734","E02004930","5","4A1","E00120523","E01023734","E02004930","E33027428","E38000079","E63011552","C1","6A2",51.774635,-0.298887,"E37000048","","E23000027",32585,"E56000035","E54000025","E00120523","E01023734","E02004930"
"AL4 9YN","AL4  9YN","AL4 9YN","199208","199912","E10000015","E58000618","E07000240","E05015801","E04013286","1","517154","0209258","6","E18000006","E40000007","E92000001","E12000006","5","E14001507","E15000006","E24000005","E30000237","E16000150","E07000240","26UGGH","E00120394","26UGGH","E65000001","E01023710","E02004931","5","4B3","E00120394","E01023710","E02004931","E33027431","E38000079","E63011552","C1","6A4",51.769748,-0.303564,"E37000048","","E23000027",32755,"E56000035","E54000025","E00120394","E01023710","E02004931"
"AL4 9YP","AL4  9YP","AL4 9YP","199208","199912","E10000015","E58000618","E07000240","E05015801","E04013286","1","517154","0209258","6","E18000006","E40000007","E92000001","E12000006","5","E14001507","E15000006","E24000005","E30000237","E16000150","E07000240","26UGGH","E00120394","26UGGH","E65000001","E01023710","E02004931","5","4B3","E00120394","E01023710","E02004931","E33027431","E38000079","E63011552","C1","6A4",51.769748,-0.303564,"E37000048","","E23000027",32755,"E56000035","E54000025","E00120394","E01023710","E02004931"
"AL4 9YQ","AL4  9YQ","AL4 9YQ","198402","","E10000015","E58000618","E07000240","E05015801","E04013286","0","517491","0209654","1","E18000006","E40000007","E92000001","E12000006","5","E14001268","E15000006","E24000005","E30000237","E16000150","E07000240","26UGGP","E00120528","26UGGP","E65000001","E01023734","E02004930","5","4A1","E00120528","E01023734","E02004930","E33027428","E38000079","E63011552","C1","6A2",51.773237,-0.298549,"E37000048","","E23000027",32585,"E56000035","E54000025","E00120528","E01023734","E02004930"
"AL4 9YR","AL4  9YR","AL4 9YR","199201","199412","E10000015","E58000618","E07000240","E05015801","E04013286","1","517400","0209700","8","E18000006","E40000007","E92000001","E12000006","5","E14001268","E15000006","E24000005","E30000237","E16000150","E07000240","26UGGP","E00120523","26UGGP","E65000001","E01023734","E02004930","5","4A1","E00120523","E01023734","E02004930","E33027428","E38000079","E63011552","C1","6A2",51.773669,-0.299851,"E37000048","","E23000027",32585,"E56000035","E54000025","E00120523","E01023734","E02004930"
"AL4 9YS","AL4  9YS","AL4 9YS","200012","200107","E10000015","E58000618","E07000240","E05015801","E04013286","1","517464","0209809","5","E18000006","E40000007","E92000001","E12000006","5","E14001268","E15000006","E24000005","E30000237","E16000150","E07000240","26UGGP","E00120523","26UGGP","E65000001","E01023734","E02004930","5","4A1","E00120523","E01023734","E02004930","E33027428","E38000079","E63011552","C1","6A2",51.774635,-0.298887,"E37000048","","E23000027",32585,"E56000035","E54000025","E00120523","E01023734","E02004930"
"AL4 9YT","AL4  9YT","AL4 9YT","200012","200310","E10000015","E58000664","E07000240","E05013956","E43000290","1","517328","0206823","1","E18000006","E40000007","E92000001","E12000006","5","E14001507","E15000006","E24000005","E30000237","E16000150","E07000240","26UGFX","E00120196","26UGFX","E65000001","E01023667","E02004936","5","6D1","E00120196","E01023667","E02004936","E33027453","E38000079","E63011552","C1","5A2",51.747828,-0.301865,"E37000048","","E23000027",30628,"E56000035","E54000025","E00120196","E01023667","E02004936"
"AL4 9YU","AL4  9YU","AL4 9YU","200012","200809","E10000015","E58000664","E07000240","E05013956","E43000290","1","517328","0206823","1","E18000006","E40000007","E92000001","E12000006","5","E14001507","E15000006","E24000005","E30000237","E16000150","E07000240","26UGFX","E00120196","26UGFX","E65000001","E01023667","E02004936","5","6D1","E00120196","E01023667","E02004936","E33027453","E38000079","E63011552","C1","5A2",51.747828,-0.301865,"E37000048","","E23000027",30628,"E56000035","E54000025","E00120196","E01023667","E02004936"
"AL4 9YW","AL4  9YW","AL4 9YW","200012","200403","E10000015","E58000664","E07000240","E05013956","E43000290","1","517328","0206823","1","E18000006","E40000007","E92000001","E12000006","5","E14001507","E15000006","E24000005","E30000237","E16000150","E07000240","26UGFX","E00120196","26UGFX","E65000001","E01023667","E02004936","5","6D1","E00120196","E01023667","E02004936","E33027453","E38000079","E63011552","C1","5A2",51.747828,-0.301865,"E37000048","","E23000027",30628,"E56000035","E54000025","E00120196","E01023667","E02004936"
"AL4 9YX","AL4  9YX","AL4 9YX","200006","200604","E10000015","E58000664","E07000240","E05013956","E43000290","1","517328","0206823","1","E18000006","E40000007","E92000001","E12000006","5","E14001507","E15000006","E24000005","E30000237","E16000150","E07000240","26UGFX","E00120196","26UGFX","E65000001","E01023667","E02004936","5","6D1","E00120196","E01023667","E02004936","E33027453","E38000079","E63011552","C1","5A2",51.747828,-0.301865,"E37000048","","E23000027",30628,"E56000035","E54000025","E00120196","E01023667","E02004936"
"AL4 9YY","AL4  9YY","AL4 9YY","199412","200006","E10000015","E58000618","E07000240","E05015801","E04013286","1","517154","0209258","6","E18000006","E40000007","E92000001","E12000006","5","E14001507","E15000006","E24000005","E30000237","E16000150","E07000240","26UGGH","E00120394","26UGGH","E65000001","E01023710","E02004931","5","4B3","E00120394","E01023710","E02004931","E33027431","E38000079","E63011552","C1","6A4",51.769748,-0.303564,"E37000048","","E23000027",32755,"E56000035","E54000025","E00120394","E01023710","E02004931"
"AL4 9YZ","AL4  9YZ","AL4 9YZ","199412","200006","E10000015","E58000618","E07000240","E05015801","E04013286","1","517154","0209258","6","E18000006","E40000007","E92000001","E12000006","5","E14001507","E15000006","E24000005","E30000237","E16000150","E07000240","26UGGH","E00120394","26UGGH","E65000001","E01023710","E02004931","5","4B3","E00120394","E01023710","E02004931","E33027431","E38000079","E63011552","C1","6A4",51.769748,-0.303564,"E37000048","","E23000027",32755,"E56000035","E54000025","E00120394","E01023710","E02004931"
"AL4 9ZD","AL4  9ZD","AL4 9ZD","199712","199912","E10000015","E58000618","E07000240","E05015801","E04013286","1","517154","0209258","6","E18000006","E40000007","E92000001","E12000006","5","E14001507","E15000006","E24000005","E30000237","E16000150","E07000240","26UGGH","E00120394","26UGGH","E65000001","E01023710","E02004931","5","4B3","E00120394","E01023710","E02004931","E33027431","E38000079","E63011552","C1","6A4",51.769748,-0.303564,"E37000048","","E23000027",32755,"E56000035","E54000025","E00120394","E01023710","E02004931"
"AL4 9ZE","AL4  9ZE","AL4 9ZE","199712","199812","E10000015","E58000618","E07000240","E05015801","E04013286","1","517154","0209258","6","E18000006","E40000007","E92000001","E12000006","5","E14001507","E15000006","E24000005","E30000237","E16000150","E07000240","26UGGH","E00120394","26UGGH","E65000001","E01023710","E02004931","5","4B3","E00120394","E01023710","E02004931","E33027431","E38000079","E63011552","C1","6A4",51.769748,-0.303564,"E37000048","","E23000027",32755,"E56000035","E54000025","E00120394","E01023710","E02004931"
"AL4 9ZF","AL4  9ZF","AL4 9ZF","199712","200602","E10000015","E58000664","E07000240","E05013956","E43000290","1","517328","0206823","1","E18000006","E40000007","E92000001","E12000006","5","E14001507","E15000006","E24000005","E30000237","E16000150","E07000240","26UGFX","E00120196","26UGFX","E65000001","E01023667","E02004936","5","6D1","E00120196","E01023667","E02004936","E33027453","E38000079","E63011552","C1","5A2",51.747828,-0.301865,"E37000048","","E23000027",30628,"E56000035","E54000025","E00120196","E01023667","E02004936"
"AL4 9ZG","AL4  9ZG","AL4 9ZG","199806","200208","E10000015","E58000664","E07000240","E05013956","E43000290","1","517328","0206823","1","E18000006","E40000007","E92000001","E12000006","5","E14001507","E15000006","E24000005","E30000237","E16000150","E07000240","26UGFX","E00120196","26UGFX","E65000001","E01023667","E02004936","5","6D1","E00120196","E01023667","E02004936","E33027453","E38000079","E63011552","C1","5A2",51.747828,-0.301865,"E37000048","","E23000027",30628,"E56000035","E54000025","E00120196","E01023667","E02004936"
"AL4 9ZH","AL4  9ZH","AL4 9ZH","199812","200101","E10000015","E58000618","E07000240","E05015801","E04013286","1","517154","0209258","6","E18000006","E40000007","E92000001","E12000006","5","E14001507","E15000006","E24000005","E30000237","E16000150","E07000240","26UGGH","E00120394","26UGGH","E65000001","E01023710","E02004931","5","4B3","E00120394","E01023710","E02004931","E33027431","E38000079","E63011552","C1","6A4",51.769748,-0.303564,"E37000048","","E23000027",32755,"E56000035","E54000025","E00120394","E01023710","E02004931"
"AL4 9ZJ","AL4  9ZJ","AL4 9ZJ","200407","201001","E10000015","E58000664","E07000240","E05013956","E43000290","1","517328","0206823","1","E18000006","E40000007","E92000001","E12000006","5","E14001507","E15000006","E24000005","E30000237","E16000150","E07000240","26UGFX","E00120196","26UGFX","E65000001","E01023667","E02004936","5","6D1","E00120196","E01023667","E02004936","E33027453","E38000079","E63011552","C1","5A2",51.747828,-0.301865,"E37000048","","E23000027",30628,"E56000035","E54000025","E00120196","E01023667","E02004936"
"AL4 9ZL","AL4  9ZL","AL4 9ZL","199906","201811","E10000015","E58000664","E07000240","E05013956","E43000290","1","517321","0206803","1","E18000006","E40000007","E92000001","E12000006","5","E14001507","E15000006","E24000005","E30000237","E16000150","E07000240","26UGFX","E00120196","26UGFX","E65000001","E01023667","E02004936","5","6D1","E00120196","E01023667","E02004936","E33027453","E38000079","E63011552","C1","5A2",51.747650,-0.301973,"E37000048","","E23000027",30628,"E56000035","E54000025","E00120196","E01023667","E02004936"
"AL4 9ZN","AL4  9ZN","AL4 9ZN","200309","200609","E10000015","E58000664","E07000240","E05013956","E43000290","1","517328","0206823","1","E18000006","E40000007","E92000001","E12000006","5","E14001507","E15000006","E24000005","E30000237","E16000150","E07000240","26UGFX","E00120196","26UGFX","E65000001","E01023667","E02004936","5","6D1","E00120196","E01023667","E02004936","E33027453","E38000079","E63011552","C1","5A2",51.747828,-0.301865,"E37000048","","E23000027",30628,"E56000035","E54000025","E00120196","E01023667","E02004936"
"AL4 9ZP","AL4  9ZP","AL4 9ZP","199906","200006","E10000015","E58000618","E07000240","E05015801","E04013286","1","517154","0209258","6","E18000006","E40000007","E92000001","E12000006","5","E14001507","E15000006","E24000005","E30000237","E16000150","E07000240","26UGGH","E00120394","26UGGH","E65000001","E01023710","E02004931","5","4B3","E00120394","E01023710","E02004931","E33027431","E38000079","E63011552","C1","6A4",51.769748,-0.303564,"E37000048","","E23000027",32755,"E56000035","E54000025","E00120394","E01023710","E02004931"
"AL4 9ZQ","AL4  9ZQ","AL4 9ZQ","199906","200201","E10000015","E58000664","E07000240","E05013956","E43000290","1","517328","0206823","1","E18000006","E40000007","E92000001","E12000006","5","E14001507","E15000006","E24000005","E30000237","E16000150","E07000240","26UGFX","E00120196","26UGFX","E65000001","E01023667","E02004936","5","6D1","E00120196","E01023667","E02004936","E33027453","E38000079","E63011552","C1","5A2",51.747828,-0.301865,"E37000048","","E23000027",30628,"E56000035","E54000025","E00120196","E01023667","E02004936"
"AL4 9ZR","AL4  9ZR","AL4 9ZR","200701","201711","E10000015","E58000664","E07000240","E05013956","E43000290","1","517321","0206803","1","E18000006","E40000007","E92000001","E12000006","5","E14001507","E15000006","E24000005","E30000237","E16000150","E07000240","26UGFX","E00120196","26UGFX","E65000001","E01023667","E02004936","5","6D1","E00120196","E01023667","E02004936","E33027453","E38000079","E63011552","C1","5A2",51.747650,-0.301973,"E37000048","","E23000027",30628,"E56000035","E54000025","E00120196","E01023667","E02004936"
"AL4 9ZS","AL4  9ZS","AL4 9ZS","200006","200110","E10000015","E58000664","E07000240","E05013956","E43000290","1","517328","0206823","1","E18000006","E40000007","E92000001","E12000006","5","E14001507","E15000006","E24000005","E30000237","E16000150","E07000240","26UGFX","E00120196","26UGFX","E65000001","E01023667","E02004936","5","6D1","E00120196","E01023667","E02004936","E33027453","E38000079","E63011552","C1","5A2",51.747828,-0.301865,"E37000048","","E23000027",30628,"E56000035","E54000025","E00120196","E01023667","E02004936"
"AL4 9ZT","AL4  9ZT","AL4 9ZT","201003","201312","E10000015","E58000664","E07000240","E05013956","E43000290","1","517328","0206823","1","E18000006","E40000007","E92000001","E12000006","5","E14001507","E15000006","E24000005","E30000237","E16000150","E07000240","26UGFX","E00120196","26UGFX","E65000001","E01023667","E02004936","5","6D1","E00120196","E01023667","E02004936","E33027453","E38000079","E63011552","C1","5A2",51.747828,-0.301865,"E37000048","","E23000027",30628,"E56000035","E54000025","E00120196","E01023667","E02004936"
"AL4 9ZU","AL4  9ZU","AL4 9ZU","199912","200602","E10000015","E58000664","E07000240","E05013956","E43000290","1","517328","0206823","1","E18000006","E40000007","E92000001","E12000006","5","E14001507","E15000006","E24000005","E30000237","E16000150","E07000240","26UGFX","E00120196","26UGFX","E65000001","E01023667","E02004936","5","6D1","E00120196","E01023667","E02004936","E33027453","E38000079","E63011552","C1","5A2",51.747828,-0.301865,"E37000048","","E23000027",30628,"E56000035","E54000025","E00120196","E01023667","E02004936"
"AL4 9ZW","AL4  9ZW","AL4 9ZW","199906","200207","E10000015","E58000664","E07000240","E05013956","E43000290","1","517328","0206823","1","E18000006","E40000007","E92000001","E12000006","5","E14001507","E15000006","E24000005","E30000237","E16000150","E07000240","26UGFX","E00120196","26UGFX","E65000001","E01023667","E02004936","5","6D1","E00120196","E01023667","E02004936","E33027453","E38000079","E63011552","C1","5A2",51.747828,-0.301865,"E37000048","","E23000027",30628,"E56000035","E54000025","E00120196","E01023667","E02004936"
"AL4 9ZX","AL4  9ZX","AL4 9ZX","200702","201107","E10000015","E58000664","E07000240","E05013956","E43000290","1","517328","0206823","1","E18000006","E40000007","E92000001","E12000006","5","E14001507","E15000006","E24000005","E30000237","E16000150","E07000240","26UGFX","E00120196","26UGFX","E65000001","E01023667","E02004936","5","6D1","E00120196","E01023667","E02004936","E33027453","E38000079","E63011552","C1","5A2",51.747828,-0.301865,"E37000048","","E23000027",30628,"E56000035","E54000025","E00120196","E01023667","E02004936"
"AL4 9ZY","AL4  9ZY","AL4 9ZY","199812","200601","E10000015","E58000664","E07000240","E05013956","E43000290","1","517328","0206823","1","E18000006","E40000007","E92000001","E12000006","5","E14001507","E15000006","E24000005","E30000237","E16000150","E07000240","26UGFX","E00120196","26UGFX","E65000001","E01023667","E02004936","5","6D1","E00120196","E01023667","E02004936","E33027453","E38000079","E63011552","C1","5A2",51.747828,-0.301865,"E37000048","","E23000027",30628,"E56000035","E54000025","E00120196","E01023667","E02004936"
"AL4 9ZZ","AL4  9ZZ","AL4 9ZZ","199806","199906","E10000015","E58000618","E07000240","E05015801","E04013286","1","517500","0209600","8","E18000006","E40000007","E92000001","E12000006","5","E14001268","E15000006","E24000005","E30000237","E16000150","E07000240","26UGGP","E00120528","26UGGP","E65000001","E01023734","E02004930","5","4A1","E00120528","E01023734","E02004930","E33027428","E38000079","E63011552","C1","6A2",51.772750,-0.298436,"E37000048","","E23000027",32585,"E56000035","E54000025","E00120528","E01023734","E02004930"
"AL5 1AA","AL5  1AA","AL5 1AA","198001","","E10000015","E58000625","E07000240","E05013962","E04013289","0","514895","0213800","1","E18000006","E40000007","E92000001","E12000006","5","E14001268","E15000006","E24000005","E30000237","E16000150","E07000240","26UGGS","E00120599","26UGGS","E65000001","E01023749","E02004927","5","4B3","E00120599","E01023749","E02004927","E33027414","E38000079","E63011425","C1","6A4",51.811036,-0.334785,"E37000048","","E23000027",29648,"E56000035","E54000025","E00120599","E01023749","E02004927"
"AL5 1AB","AL5  1AB","AL5 1AB","198001","","E10000015","E58000625","E07000240","E05013962","E04013289","0","514932","0213903","1","E18000006","E40000007","E92000001","E12000006","5","E14001268","E15000006","E24000005","E30000237","E16000150","E07000240","26UGGS","E00120599","26UGGS","E65000001","E01023749","E02004927","5","4B3","E00120599","E01023749","E02004927","E33027414","E38000079","E63011425","C1","6A4",51.811954,-0.334214,"E37000048","","E23000027",29648,"E56000035","E54000025","E00120599","E01023749","E02004927"
"AL5 1AD","AL5  1AD","AL5 1AD","198001","","E10000015","E58000625","E07000240","E05013954","E04013284","0","515179","0213850","1","E18000006","E40000007","E92000001","E12000006","5","E14001268","E15000006","E24000005","E30000237","E16000150","E07000240","26UGGS","E00120599","26UGGS","E65000001","E01023749","E02004927","5","4B3","E00120599","E01023749","E02004927","E33027414","E38000079","E63011425","C1","6A4",51.811427,-0.330650,"E37000048","","E23000027",29648,"E56000035","E54000025","E00120599","E01023749","E02004927"
"AL5 1AE","AL5  1AE","AL5 1AE","199512","199912","E10000015","E58000626","E07000240","E05013954","E04013284","1","514650","0213183","6","E18000006","E40000007","E92000001","E12000006","5","E14001268","E15000006","E24000005","E30000237","E16000150","E07000240","26UGGE","E00120334","26UGGE","E65000001","E01023697","E02004928","5","6A1","E00120334","E01023697","E02004928","E33027416","E38000079","E63011425","C1","6B2",51.805541,-0.338541,"E37000048","","E23000027",30369,"E56000035","E54000025","E00120334","E01023697","E02004928"
"AL5 1AF","AL5  1AF","AL5 1AF","198001","","E10000015","E58000625","E07000240","E05013962","E04013289","0","516110","0213476","1","E18000006","E40000007","E92000001","E12000006","5","E14001268","E15000006","E24000005","E30000237","E16000150","E07000240","26UGGS","E00120585","26UGGS","E65000001","E01023749","E02004927","8","3C1","E00120585","E01023749","E02004927","E33027413","E38000079","","F1","5B3",51.807880,-0.317253,"E37000048","","E23000027",29648,"E56000035","E54000025","E00120585","E01023749","E02004927"
"AL5 1AG","AL5  1AG","AL5 1AG","198001","","E10000015","E58000625","E07000240","E05013962","E04013289","0","516129","0213640","1","E18000006","E40000007","E92000001","E12000006","5","E14001268","E15000006","E24000005","E30000237","E16000150","E07000240","26UGGS","E00120585","26UGGS","E65000001","E01023749","E02004927","8","3C1","E00120585","E01023749","E02004927","E33027413","E38000079","","F1","5B3",51.809343,-0.316946,"E37000048","","E23000027",29648,"E56000035","E54000025","E00120585","E01023749","E02004927"
"AL5 1AH","AL5  1AH","AL5 1AH","201208","201410","E10000015","E58000625","E07000240","E05013962","E04013289","0","515455","0213357","1","E18000006","E40000007","E92000001","E12000006","5","E14001268","E15000006","E24000005","E30000237","E16000150","E07000240","26UGGS","E00120599","26UGGS","E65000001","E01023749","E02004927","5","4B3","E00120599","E01023749","E02004927","E33027414","E38000079","E63011425","C1","6A4",51.806939,-0.326813,"E37000048","","E23000027",29648,"E56000035","E54000025","E00120599","E01023749","E02004927"
"AL5 1AJ","AL5  1AJ","AL5 1AJ","198001","","E10000015","E58000625","E07000240","E05013962","E04013289","0","515479","0213311","1","E18000006","E40000007","E92000001","E12000006","5","E14001268","E15000006","E24000005","E30000237","E16000150","E07000240","26UGGS","E00120599","26UGGS","E65000001","E01023749","E02004927","5","4B3","E00120599","E01023749","E02004927","E33027414","E38000079","E63011425","C1","6A4",51.806528,-0.326456,"E37000048","","E23000027",29648,"E56000035","E54000025","E00120599","E01023749","E02004927"
"AL5 1AL","AL5  1AL","AL5 1AL","198001","","E10000015","E58000625","E07000240","E05013962","E04013289","0","515451","0212160","1","E18000006","E40000007","E92000001","E12000006","5","E14001268","E15000006","E24000005","E30000237","E16000150","E07000240","26UGGS","E00120585","26UGGS","E65000001","E01023749","E02004927","8","3C1","E00120585","E01023749","E02004927","E33027413","E38000079","","F1","5B3",51.796189,-0.327245,"E37000048","","E23000027",29648,"E56000035","E54000025","E00120585","E01023749","E02004927"
"AL5 1AN","AL5  1AN","AL5 1AN","198001","","E10000015","E58000626","E07000240","E05013954","E04013284","0","514541","0211696","1","E18000006","E40000007","E92000001","E12000006","5","E14001268","E15000006","E24000005","E30000237","E16000150","E07000240","26UGGE","E00120342","26UGGE","E65000001","E01023696","E02004928","5","4D1","E00120342","E01023696","E02004928","E33027418","E38000079","","C1","6A1",51.792199,-0.340612,"E37000048","","E23000027",30852,"E56000035","E54000025","E00120342","E01023696","E02004928"
"AL5 1AP","AL5  1AP","AL5 1AP","198001","","E10000015","E58000626","E07000240","E05013954","E04013284","0","514298","0212211","1","E18000006","E40000007","E92000001","E12000006","5","E14001268","E15000006","E24000005","E30000237","E16000150","E07000240","26UGGE","E00120342","26UGGE","E65000001","E01023696","E02004928","5","4D1","E00120342","E01023696","E02004928","E33027418","E38000079","E63011425","C1","6A1",51.796878,-0.343964,"E37000048","","E23000027",30852,"E56000035","E54000025","E00120342","E01023696","E02004928"
"AL5 1AQ","AL5  1AQ","AL5 1AQ","198001","","E10000015","E58000625","E07000240","E05013962","E04013289","0","515717","0213123","1","E18000006","E40000007","E92000001","E12000006","5","E14001268","E15000006","E24000005","E30000237","E16000150","E07000240","26UGGS","E00120585","26UGGS","E65000001","E01023749","E02004927","8","3C1","E00120585","E01023749","E02004927","E33027413","E38000079","","F1","5B3",51.804789,-0.323068,"E37000048","","E23000027",29648,"E56000035","E54000025","E00120585","E01023749","E02004927"
"AL5 1AR","AL5  1AR","AL5 1AR","199405","199501","E10000015","E58000626","E07000240","E05013954","E04013284","1","514200","0212400","8","E18000006","E40000007","E92000001","E12000006","5","E14001268","E15000006","E24000005","E30000237","E16000150","E07000240","26UGGE","E00120342","26UGGE","E65000001","E01023696","E02004928","5","4D1","E00120342","E01023696","E02004928","E33027418","E38000079","E63011425","C1","6A1",51.798596,-0.345322,"E37000048","","E23000027",30852,"E56000035","E54000025","E00120342","E01023696","E02004928"
"AL5 1AS","AL5  1AS","AL5 1AS","199002","","E10000015","E58000626","E07000240","E05013954","E04013284","0","514272","0213046","1","E18000006","E40000007","E92000001","E12000006","5","E14001268","E15000006","E24000005","E30000237","E16000150","E07000240","26UGGE","E00120337","26UGGE","E65000001","E01023697","E02004928","5","4A2","E00120337","E01023697","E02004928","E33027416","E38000079","E63011425","C1","5A2",51.804387,-0.344066,"E37000048","","E23000027",30369,"E56000035","E54000025","E00120337","E01023697","E02004928"
"AL5 1AT","AL5  1AT","AL5 1AT","199412","199606","E10000015","E58000626","E07000240","E05013954","E04013284","1","514200","0212700","8","E18000006","E40000007","E92000001","E12000006","5","E14001268","E15000006","E24000005","E30000237","E16000150","E07000240","26UGGE","E00120324","26UGGE","E65000001","E01023697","E02004928","5","4D2","E00120324","E01023697","E02004928","E33027418","E38000079","E63011425","C1","5B1",51.801292,-0.345223,"E37000048","","E23000027",30369,"E56000035","E54000025","E00120324","E01023697","E02004928"
"AL5 1AU","AL5  1AU","AL5 1AU","200303","","E10000015","E58000624","E07000240","E05013952","E04013284","0","514828","0213939","1","E18000006","E40000007","E92000001","E12000006","5","E14001268","E15000006","E24000005","E30000237","E16000150","E07000240","26UGGC","E00120294","26UGGC","E65000001","E01023686","E02004925","5","4A2","E00120294","E01023686","E02004925","E33027405","E38000079","E63011425","C1","6A1",51.812299,-0.335710,"E37000048","","E23000027",32803,"E56000035","E54000025","E00120294","E01023686","E02004925"
"AL5 1AW","AL5  1AW","AL5 1AW","198001","","E10000015","E58000626","E07000240","E05013954","E04013284","0","514445","0212100","1","E18000006","E40000007","E92000001","E12000006","5","E14001268","E15000006","E24000005","E30000237","E16000150","E07000240","26UGGE","E00120342","26UGGE","E65000001","E01023696","E02004928","5","4D1","E00120342","E01023696","E02004928","E33027418","E38000079","E63011425","C1","6A1",51.795856,-0.341846,"E37000048","","E23000027",30852,"E56000035","E54000025","E00120342","E01023696","E02004928"
"AL5 1AX","AL5  1AX","AL5 1AX","199912","","E10000015","E58000626","E07000240","E05013954","E04013284","0","514369","0213192","1","E18000006","E40000007","E92000001","E12000006","5","E14001268","E15000006","E24000005","E30000237","E16000150","E07000240","26UGGE","E00120332","26UGGE","E65000001","E01023697","E02004928","5","6B2","E00120332","E01023697","E02004928","E33027417","E38000079","E63011425","C1","4A1",51.805680,-0.342611,"E37000048","","E23000027",30369,"E56000035","E54000025","E00120332","E01023697","E02004928"
"AL5 1AY","AL5  1AY","AL5 1AY","200803","","E10000015","E58000626","E07000240","E05013954","E04013284","0","514606","0213170","1","E18000006","E40000007","E92000001","E12000006","5","E14001268","E15000006","E24000005","E30000237","E16000150","E07000240","26UGGE","E00120334","26UGGE","E65000001","E01023697","E02004928","5","6A1","E00120334","E01023697","E02004928","E33027416","E38000079","E63011425","C1","6B2",51.805433,-0.339183,"E37000048","","E23000027",30369,"E56000035","E54000025","E00120334","E01023697","E02004928"
"AL5 1AZ","AL5  1AZ","AL5 1AZ","199806","200006","E10000015","E58000626","E07000240","E05013954","E04013284","1","514200","0212700","8","E18000006","E40000007","E92000001","E12000006","5","E14001268","E15000006","E24000005","E30000237","E16000150","E07000240","26UGGE","E00120324","26UGGE","E65000001","E01023697","E02004928","5","4D2","E00120324","E01023697","E02004928","E33027418","E38000079","E63011425","C1","5B1",51.801292,-0.345223,"E37000048","","E23000027",30369,"E56000035","E54000025","E00120324","E01023697","E02004928"
"AL5 1BA","AL5  1BA","AL5 1BA","198001","","E10000015","E58000626","E07000240","E05013954","E04013284","0","514313","0213258","1","E18000006","E40000007","E92000001","E12000006","5","E14001268","E15000006","E24000005","E30000237","E16000150","E07000240","26UGGE","E00120335","26UGGE","E65000001","E01023697","E02004928","5","6D1","E00120335","E01023697","E02004928","E33027417","E38000079","E63011425","C1","5A3",51.806284,-0.343402,"E37000048","","E23000027",30369,"E56000035","E54000025","E00120335","E01023697","E02004928"
"AL5 1BB","AL5  1BB","AL5 1BB","198001","","E10000015","E58000626","E07000240","E05013954","E04013284","0","514270","0213211","1","E18000006","E40000007","E92000001","E12000006","5","E14001268","E15000006","E24000005","E30000237","E16000150","E07000240","26UGGE","E00120335","26UGGE","E65000001","E01023697","E02004928","5","6D1","E00120335","E01023697","E02004928","E33027417","E38000079","E63011425","C1","5A3",51.805871,-0.344040,"E37000048","","E23000027",30369,"E56000035","E54000025","E00120335","E01023697","E02004928"
"AL5 1BD","AL5  1BD","AL5 1BD","198001","","E10000015","E58000626","E07000240","E05013954","E04013284","0","514309","0213208","1","E18000006","E40000007","E92000001","E12000006","5","E14001268","E15000006","E24000005","E30000237","E16000150","E07000240","26UGGE","E00120332","26UGGE","E65000001","E01023697","E02004928","5","6B2","E00120332","E01023697","E02004928","E33027417","E38000079","E63011425","C1","4A1",51.805836,-0.343476,"E37000048","","E23000027",30369,"E56000035","E54000025","E00120332","E01023697","E02004928"
"AL5 1BE","AL5  1BE","AL5 1BE","198001","","E10000015","E58000626","E07000240","E05013954","E04013284","0","514186","0213123","1","E18000006","E40000007","E92000001","E12000006","5","E14001268","E15000006","E24000005","E30000237","E16000150","E07000240","26UGGE","E00120335","26UGGE","E65000001","E01023697","E02004928","5","6D1","E00120335","E01023697","E02004928","E33027417","E38000079","E63011425","C1","5A3",51.805097,-0.345287,"E37000048","","E23000027",30369,"E56000035","E54000025","E00120335","E01023697","E02004928"
"AL5 1BF","AL5  1BF","AL5 1BF","199706","200703","E10000015","E58000626","E07000240","E05013955","E04013284","1","513594","0214185","1","E18000006","E40000007","E92000001","E12000006","5","E14001268","E15000006","E24000005","E30000237","E16000150","E07000240","26UGGF","E00120354","26UGGF","E65000001","E01023701","E02004926","5","6D2","E00120354","E01023701","E02004926","E33024309","E38000079","E63011425","C1","5B1",51.814762,-0.353522,"E37000048","","E23000027",29552,"E56000035","E54000025","E00120354","E01023701","E02004926"
"AL5 1BG","AL5  1BG","AL5 1BG","198001","","E10000015","E58000626","E07000240","E05013954","E04013284","0","514218","0213106","1","E18000006","E40000007","E92000001","E12000006","5","E14001268","E15000006","E24000005","E30000237","E16000150","E07000240","26UGGE","E00120335","26UGGE","E65000001","E01023697","E02004928","5","6D1","E00120335","E01023697","E02004928","E33027417","E38000079","E63011425","C1","5A3",51.804944,-0.344805,"E37000048","","E23000027",30369,"E56000035","E54000025","E00120335","E01023697","E02004928"
"AL5 1BH","AL5  1BH","AL5 1BH","198001","","E10000015","E58000626","E07000240","E05013954","E04013284","0","514066","0213010","1","E18000006","E40000007","E92000001","E12000006","5","E14001268","E15000006","E24000005","E30000237","E16000150","E07000240","26UGGE","E00120338","26UGGE","E65000001","E01023696","E02004928","5","4D1","E00120338","E01023696","E02004928","E33027418","E38000079","E63011425","C1","6A1",51.804112,-0.347040,"E37000048","","E23000027",30852,"E56000035","E54000025","E00120338","E01023696","E02004928"
"AL5 1BJ","AL5  1BJ","AL5 1BJ","198001","","E10000015","E58000626","E07000240","E05013954","E04013284","0","514068","0213028","1","E18000006","E40000007","E92000001","E12000006","5","E14001268","E15000006","E24000005","E30000237","E16000150","E07000240","26UGGE","E00120338","26UGGE","E65000001","E01023696","E02004928","5","4D1","E00120338","E01023696","E02004928","E33027418","E38000079","E63011425","C1","6A1",51.804274,-0.347005,"E37000048","","E23000027",30852,"E56000035","E54000025","E00120338","E01023696","E02004928"
"AL5 1BL","AL5  1BL","AL5 1BL","198001","","E10000015","E58000626","E07000240","E05013954","E04013284","0","513929","0212728","1","E18000006","E40000007","E92000001","E12000006","5","E14001268","E15000006","E24000005","E30000237","E16000150","E07000240","26UGGE","E00120338","26UGGE","E65000001","E01023696","E02004928","5","4D1","E00120338","E01023696","E02004928","E33027418","E38000079","","C1","6A1",51.801599,-0.349143,"E37000048","","E23000027",30852,"E56000035","E54000025","E00120338","E01023696","E02004928"
"AL5 1BN","AL5  1BN","AL5 1BN","198001","","E10000015","E58000626","E07000240","E05013954","E04013284","0","514365","0212815","1","E18000006","E40000007","E92000001","E12000006","5","E14001268","E15000006","E24000005","E30000237","E16000150","E07000240","26UGGE","E00120324","26UGGE","E65000001","E01023697","E02004928","5","4D2","E00120324","E01023697","E02004928","E33027418","E38000079","E63011425","C1","5B1",51.802292,-0.342794,"E37000048","","E23000027",30369,"E56000035","E54000025","E00120324","E01023697","E02004928"
"AL5 1BP","AL5  1BP","AL5 1BP","198001","","E10000015","E58000626","E07000240","E05013954","E04013284","0","514308","0212828","1","E18000006","E40000007","E92000001","E12000006","5","E14001268","E15000006","E24000005","E30000237","E16000150","E07000240","26UGGE","E00120324","26UGGE","E65000001","E01023697","E02004928","5","4D2","E00120324","E01023697","E02004928","E33027418","E38000079","E63011425","C1","5B1",51.802421,-0.343616,"E37000048","","E23000027",30369,"E56000035","E54000025","E00120324","E01023697","E02004928"
"AL5 1BQ","AL5  1BQ","AL5 1BQ","198001","","E10000015","E58000626","E07000240","E05013954","E04013284","0","514097","0212994","1","E18000006","E40000007","E92000001","E12000006","5","E14001268","E15000006","E24000005","E30000237","E16000150","E07000240","26UGGE","E00120335","26UGGE","E65000001","E01023697","E02004928","5","6D1","E00120335","E01023697","E02004928","E33027417","E38000079","E63011425","C1","5A3",51.803956,-0.346620,"E37000048","","E23000027",30369,"E56000035","E54000025","E00120335","E01023697","E02004928"
"AL5 1BS","AL5  1BS","AL5 1BS","198001","","E10000015","E58000626","E07000240","E05013954","E04013284","0","514278","0212891","1","E18000006","E40000007","E92000001","E12000006","5","E14001268","E15000006","E24000005","E30000237","E16000150","E07000240","26UGGE","E00120324","26UGGE","E65000001","E01023697","E02004928","5","4D2","E00120324","E01023697","E02004928","E33027418","E38000079","E63011425","C1","5B1",51.802993,-0.344030,"E37000048","","E23000027",30369,"E56000035","E54000025","E00120324","E01023697","E02004928"
"AL5 1BT","AL5  1BT","AL5 1BT","198001","","E10000015","E58000626","E07000240","E05013954","E04013284","0","514290","0212280","1","E18000006","E40000007","E92000001","E12000006","5","E14001268","E15000006","E24000005","E30000237","E16000150","E07000240","26UGGE","E00120342","26UGGE","E65000001","E01023696","E02004928","5","4D1","E00120342","E01023696","E02004928","E33027418","E38000079","E63011425","C1","6A1",51.797506,-0.344033,"E37000048","","E23000027",30852,"E56000035","E54000025","E00120342","E01023696","E02004928"
"AL5 1BU","AL5  1BU","AL5 1BU","198001","","E10000015","E58000626","E07000240","E05013954","E04013284","0","514269","0212270","1","E18000006","E40000007","E92000001","E12000006","5","E14001268","E15000006","E24000005","E30000237","E16000150","E07000240","26UGGE","E00120342","26UGGE","E65000001","E01023696","E02004928","5","4D1","E00120342","E01023696","E02004928","E33027418","E38000079","E63011425","C1","6A1",51.797420,-0.344341,"E37000048","","E23000027",30852,"E56000035","E54000025","E00120342","E01023696","E02004928"
"AL5 1BW","AL5  1BW","AL5 1BW","198001","","E10000015","E58000626","E07000240","E05013954","E04013284","0","514176","0212991","1","E18000006","E40000007","E92000001","E12000006","5","E14001268","E15000006","E24000005","E30000237","E16000150","E07000240","26UGGE","E00120324","26UGGE","E65000001","E01023697","E02004928","5","4D2","E00120324","E01023697","E02004928","E33027418","E38000079","E63011425","C1","5B1",51.803913,-0.345476,"E37000048","","E23000027",30369,"E56000035","E54000025","E00120324","E01023697","E02004928"
"AL5 1BX","AL5  1BX","AL5 1BX","198001","","E10000015","E58000626","E07000240","E05013954","E04013284","0","514389","0212446","1","E18000006","E40000007","E92000001","E12000006","5","E14001268","E15000006","E24000005","E30000237","E16000150","E07000240","26UGGE","E00120343","26UGGE","E65000001","E01023698","E02004928","5","4B3","E00120343","E01023698","E02004928","E33027418","E38000079","E63011425","C1","6A1",51.798971,-0.342567,"E37000048","","E23000027",31986,"E56000035","E54000025","E00120343","E01023698","E02004928"
"AL5 1BY","AL5  1BY","AL5 1BY","198001","","E10000015","E58000626","E07000240","E05013954","E04013284","0","514375","0212570","1","E18000006","E40000007","E92000001","E12000006","5","E14001268","E15000006","E24000005","E30000237","E16000150","E07000240","26UGGE","E00120343","26UGGE","E65000001","E01023698","E02004928","5","4B3","E00120343","E01023698","E02004928","E33027418","E38000079","E63011425","C1","6A1",51.800088,-0.342729,"E37000048","","E23000027",31986,"E56000035","E54000025","E00120343","E01023698","E02004928"
"AL5 1BZ","AL5  1BZ","AL5 1BZ","198001","","E10000015","E58000626","E07000240","E05013954","E04013284","0","514272","0212474","1","E18000006","E40000007","E92000001","E12000006","5","E14001268","E15000006","E24000005","E30000237","E16000150","E07000240","26UGGE","E00120343","26UGGE","E65000001","E01023698","E02004928","5","4B3","E00120343","E01023698","E02004928","E33027418","E38000079","E63011425","C1","6A1",51.799247,-0.344254,"E37000048","","E23000027",31986,"E56000035","E54000025","E00120343","E01023698","E02004928"
"AL5 1DA","AL5  1DA","AL5 1DA","198001","","E10000015","E58000626","E07000240","E05013954","E04013284","0","514245","0212398","1","E18000006","E40000007","E92000001","E12000006","5","E14001268","E15000006","E24000005","E30000237","E16000150","E07000240","26UGGE","E00120342","26UGGE","E65000001","E01023696","E02004928","5","4D1","E00120342","E01023696","E02004928","E33027418","E38000079","E63011425","C1","6A1",51.798569,-0.344671,"E37000048","","E23000027",30852,"E56000035","E54000025","E00120342","E01023696","E02004928"
"AL5 1DB","AL5  1DB","AL5 1DB","198001","","E10000015","E58000626","E07000240","E05013954","E04013284","0","514241","0212556","1","E18000006","E40000007","E92000001","E12000006","5","E14001268","E15000006","E24000005","E30000237","E16000150","E07000240","26UGGE","E00120343","26UGGE","E65000001","E01023698","E02004928","5","4B3","E00120343","E01023698","E02004928","E33027418","E38000079","E63011425","C1","6A1",51.799990,-0.344676,"E37000048","","E23000027",31986,"E56000035","E54000025","E00120343","E01023698","E02004928"
"AL5 1DD","AL5  1DD","AL5 1DD","198001","","E10000015","E58000626","E07000240","E05013954","E04013284","0","514209","0212593","1","E18000006","E40000007","E92000001","E12000006","5","E14001268","E15000006","E24000005","E30000237","E16000150","E07000240","26UGGE","E00120324","26UGGE","E65000001","E01023697","E02004928","5","4D2","E00120324","E01023697","E02004928","E33027418","E38000079","E63011425","C1","5B1",51.800335,-0.345104,"E37000048","","E23000027",30369,"E56000035","E54000025","E00120324","E01023697","E02004928"
"AL5 1DE","AL5  1DE","AL5 1DE","198001","","E10000015","E58000626","E07000240","E05013954","E04013284","0","514105","0212611","1","E18000006","E40000007","E92000001","E12000006","5","E14001268","E15000006","E24000005","E30000237","E16000150","E07000240","26UGGE","E00120324","26UGGE","E65000001","E01023697","E02004928","5","4D2","E00120324","E01023697","E02004928","E33027418","E38000079","E63011425","C1","5B1",51.800512,-0.346630,"E37000048","","E23000027",30369,"E56000035","E54000025","E00120324","E01023697","E02004928"
"AL5 1DF","AL5  1DF","AL5 1DF","198001","","E10000015","E58000626","E07000240","E05013954","E04013284","0","514293","0212733","1","E18000006","E40000007","E92000001","E12000006","5","E14001268","E15000006","E24000005","E30000237","E16000150","E07000240","26UGGE","E00120324","26UGGE","E65000001","E01023697","E02004928","5","4D2","E00120324","E01023697","E02004928","E33027418","E38000079","E63011425","C1","5B1",51.801570,-0.343864,"E37000048","","E23000027",30369,"E56000035","E54000025","E00120324","E01023697","E02004928"
"AL5 1DG","AL5  1DG","AL5 1DG","198001","","E10000015","E58000626","E07000240","E05013954","E04013284","0","514143","0212891","1","E18000006","E40000007","E92000001","E12000006","5","E14001268","E15000006","E24000005","E30000237","E16000150","E07000240","26UGGE","E00120324","26UGGE","E65000001","E01023697","E02004928","5","4D2","E00120324","E01023697","E02004928","E33027418","E38000079","E63011425","C1","5B1",51.803021,-0.345987,"E37000048","","E23000027",30369,"E56000035","E54000025","E00120324","E01023697","E02004928"
"AL5 1DH","AL5  1DH","AL5 1DH","198001","","E10000015","E58000626","E07000240","E05013954","E04013284","0","514020","0212930","1","E18000006","E40000007","E92000001","E12000006","5","E14001268","E15000006","E24000005","E30000237","E16000150","E07000240","26UGGE","E00120324","26UGGE","E65000001","E01023697","E02004928","5","4D2","E00120324","E01023697","E02004928","E33027418","E38000079","E63011425","C1","5B1",51.803396,-0.347757,"E37000048","","E23000027",30369,"E56000035","E54000025","E00120324","E01023697","E02004928"
"AL5 1DJ","AL5  1DJ","AL5 1DJ","198001","","E10000015","E58000626","E07000240","E05013954","E04013284","0","514132","0213158","1","E18000006","E40000007","E92000001","E12000006","5","E14001268","E15000006","E24000005","E30000237","E16000150","E07000240","26UGGE","E00120335","26UGGE","E65000001","E01023697","E02004928","5","6D1","E00120335","E01023697","E02004928","E33027417","E38000079","E63011425","C1","5A3",51.805422,-0.346059,"E37000048","","E23000027",30369,"E56000035","E54000025","E00120335","E01023697","E02004928"
"AL5 1DL","AL5  1DL","AL5 1DL","198001","","E10000015","E58000626","E07000240","E05013954","E04013284","0","514135","0213252","1","E18000006","E40000007","E92000001","E12000006","5","E14001268","E15000006","E24000005","E30000237","E16000150","E07000240","26UGGE","E00120335","26UGGE","E65000001","E01023697","E02004928","5","6D1","E00120335","E01023697","E02004928","E33027417","E38000079","E63011425","C1","5A3",51.806267,-0.345984,"E37000048","","E23000027",30369,"E56000035","E54000025","E00120335","E01023697","E02004928"
"AL5 1DN","AL5  1DN","AL5 1DN","200301","","E10000015","E58000626","E07000240","E05013954","E04013284","0","514318","0213133","1","E18000006","E40000007","E92000001","E12000006","5","E14001268","E15000006","E24000005","E30000237","E16000150","E07000240","26UGGE","E00120332","26UGGE","E65000001","E01023697","E02004928","5","6B2","E00120332","E01023697","E02004928","E33027417","E38000079","E63011425","C1","4A1",51.805160,-0.343370,"E37000048","","E23000027",30369,"E56000035","E54000025","E00120332","E01023697","E02004928"
"AL5 1DP","AL5  1DP","AL5 1DP","199301","","E10000015","E58000626","E07000240","E05013954","E04013284","0","514167","0213241","1","E18000006","E40000007","E92000001","E12000006","5","E14001268","E15000006","E24000005","E30000237","E16000150","E07000240","26UGGE","E00120335","26UGGE","E65000001","E01023697","E02004928","5","6D1","E00120335","E01023697","E02004928","E33027417","E38000079","E63011425","C1","5A3",51.806161,-0.345524,"E37000048","","E23000027",30369,"E56000035","E54000025","E00120335","E01023697","E02004928"
"AL5 1DQ","AL5  1DQ","AL5 1DQ","198001","","E10000015","E58000626","E07000240","E05013954","E04013284","0","514053","0212907","1","E18000006","E40000007","E92000001","E12000006","5","E14001268","E15000006","E24000005","E30000237","E16000150","E07000240","26UGGE","E00120324","26UGGE","E65000001","E01023697","E02004928","5","4D2","E00120324","E01023697","E02004928","E33027418","E38000079","E63011425","C1","5B1",51.803183,-0.347286,"E37000048","","E23000027",30369,"E56000035","E54000025","E00120324","E01023697","E02004928"
"AL5 1DR","AL5  1DR","AL5 1DR","199208","","E10000015","E58000626","E07000240","E05013954","E04013284","0","514203","0213178","1","E18000006","E40000007","E92000001","E12000006","5","E14001268","E15000006","E24000005","E30000237","E16000150","E07000240","26UGGE","E00120335","26UGGE","E65000001","E01023697","E02004928","5","6D1","E00120335","E01023697","E02004928","E33027417","E38000079","E63011425","C1","5A3",51.805588,-0.345023,"E37000048","","E23000027",30369,"E56000035","E54000025","E00120335","E01023697","E02004928"
"AL5 1DS","AL5  1DS","AL5 1DS","199606","199812","E10000015","E58000626","E07000240","E05013954","E04013284","1","514650","0213183","6","E18000006","E40000007","E92000001","E12000006","5","E14001268","E15000006","E24000005","E30000237","E16000150","E07000240","26UGGE","E00120334","26UGGE","E65000001","E01023697","E02004928","5","6A1","E00120334","E01023697","E02004928","E33027416","E38000079","E63011425","C1","6B2",51.805541,-0.338541,"E37000048","","E23000027",30369,"E56000035","E54000025","E00120334","E01023697","E02004928"
"AL5 1DT","AL5  1DT","AL5 1DT","202001","","E10000015","E58000626","E07000240","E05013955","E04013284","0","513722","0213509","1","E18000006","E40000007","E92000001","E12000006","5","E14001268","E15000006","E24000005","E30000237","E16000150","E07000240","26UGGF","E00120346","26UGGF","E65000001","E01023701","E02004926","5","2B1","E00120346","E01023701","E02004926","E33027409","E38000079","","C1","5B2",51.808667,-0.351863,"E37000048","","E23000027",29552,"E56000035","E54000025","E00120346","E01023701","E02004926"
"AL5 1DU","AL5  1DU","AL5 1DU","200106","200407","E10000015","E58000626","E07000240","E05013955","E04013284","1","513594","0214185","1","E18000006","E40000007","E92000001","E12000006","5","E14001268","E15000006","E24000005","E30000237","E16000150","E07000240","26UGGF","E00120354","26UGGF","E65000001","E01023701","E02004926","5","6D2","E00120354","E01023701","E02004926","E33024309","E38000079","E63011425","C1","5B1",51.814762,-0.353522,"E37000048","","E23000027",29552,"E56000035","E54000025","E00120354","E01023701","E02004926"
"AL5 1DW","AL5  1DW","AL5 1DW","198710","","E10000015","E58000626","E07000240","E05013955","E04013284","0","514139","0213296","1","E18000006","E40000007","E92000001","E12000006","5","E14001268","E15000006","E24000005","E30000237","E16000150","E07000240","26UGGF","E00120345","26UGGF","E65000001","E01023703","E02004926","5","4D2","E00120345","E01023703","E02004926","E33027410","E38000079","E63011425","C1","5B1",51.806661,-0.345912,"E37000048","","E23000027",32505,"E56000035","E54000025","E00120345","E01023703","E02004926"
"AL5 1DX","AL5  1DX","AL5 1DX","200112","200310","E10000015","E58000626","E07000240","E05013955","E04013284","1","513594","0214185","1","E18000006","E40000007","E92000001","E12000006","5","E14001268","E15000006","E24000005","E30000237","E16000150","E07000240","26UGGF","E00120354","26UGGF","E65000001","E01023701","E02004926","5","6D2","E00120354","E01023701","E02004926","E33024309","E38000079","E63011425","C1","5B1",51.814762,-0.353522,"E37000048","","E23000027",29552,"E56000035","E54000025","E00120354","E01023701","E02004926"
"AL5 1DY","AL5  1DY","AL5 1DY","200910","","E10000015","E58000625","E07000240","E05013962","E04013289","0","515535","0213292","1","E18000006","E40000007","E92000001","E12000006","5","E14001268","E15000006","E24000005","E30000237","E16000150","E07000240","26UGGS","E00120599","26UGGS","E65000001","E01023749","E02004927","5","4B3","E00120599","E01023749","E02004927","E33027414","E38000079","E63011425","C1","6A4",51.806339,-0.325674,"E37000048","","E23000027",29648,"E56000035","E54000025","E00120599","E01023749","E02004927"
"AL5 1DZ","AL5  1DZ","AL5 1DZ","200905","","E10000015","E58000626","E07000240","E05013955","E04013284","0","514158","0213581","1","E18000006","E40000007","E92000001","E12000006","5","E14001268","E15000006","E24000005","E30000237","E16000150","E07000240","26UGGF","E00120362","26UGGF","E65000001","E01023701","E02004926","5","5B2","E00120362","E01023701","E02004926","E33027411","E38000079","E63011425","C1","7A2",51.809225,-0.345518,"E37000048","","E23000027",29552,"E56000035","E54000025","E00120362","E01023701","E02004926"
"AL5 1EA","AL5  1EA","AL5 1EA","200506","","E10000015","E58000626","E07000240","E05013954","E04013284","0","514177","0213147","1","E18000006","E40000007","E92000001","E12000006","5","E14001268","E15000006","E24000005","E30000237","E16000150","E07000240","26UGGE","E00120335","26UGGE","E65000001","E01023697","E02004928","5","6D1","E00120335","E01023697","E02004928","E33027417","E38000079","E63011425","C1","5A3",51.805314,-0.345410,"E37000048","","E23000027",30369,"E56000035","E54000025","E00120335","E01023697","E02004928"
"AL5 1EB","AL5  1EB","AL5 1EB","201611","","E10000015","E58000626","E07000240","E05013955","E04013284","0","514214","0213320","1","E18000006","E40000007","E92000001","E12000006","5","E14001268","E15000006","E24000005","E30000237","E16000150","E07000240","26UGGF","E00120345","26UGGF","E65000001","E01023703","E02004926","5","4D2","E00120345","E01023703","E02004926","E33027410","E38000079","E63011425","C1","5B1",51.806868,-0.344792,"E37000048","","E23000027",32505,"E56000035","E54000025","E00120345","E01023703","E02004926"
"AL5 1ED","AL5  1ED","AL5 1ED","201112","201310","E10000015","E58000626","E07000240","E05013955","E04013284","1","513594","0214185","1","E18000006","E40000007","E92000001","E12000006","5","E14001268","E15000006","E24000005","E30000237","E16000150","E07000240","26UGGF","E00120354","26UGGF","E65000001","E01023701","E02004926","5","6D2","E00120354","E01023701","E02004926","E33024309","E38000079","E63011425","C1","5B1",51.814762,-0.353522,"E37000048","","E23000027",29552,"E56000035","E54000025","E00120354","E01023701","E02004926"
"AL5 1EE","AL5  1EE","AL5 1EE","200811","201405","E10000015","E58000626","E07000240","E05013955","E04013284","1","513594","0214185","1","E18000006","E40000007","E92000001","E12000006","5","E14001268","E15000006","E24000005","E30000237","E16000150","E07000240","26UGGF","E00120354","26UGGF","E65000001","E01023701","E02004926","5","6D2","E00120354","E01023701","E02004926","E33024309","E38000079","E63011425","C1","5B1",51.814762,-0.353522,"E37000048","","E23000027",29552,"E56000035","E54000025","E00120354","E01023701","E02004926"
"AL5 1EF","AL5  1EF","AL5 1EF","198001","","E10000015","E58000626","E07000240","E05013954","E04013284","0","514517","0213192","1","E18000006","E40000007","E92000001","E12000006","5","E14001268","E15000006","E24000005","E30000237","E16000150","E07000240","26UGGE","E00120334","26UGGE","E65000001","E01023697","E02004928","5","6A1","E00120334","E01023697","E02004928","E33027416","E38000079","E63011425","C1","6B2",51.805649,-0.340466,"E37000048","","E23000027",30369,"E56000035","E54000025","E00120334","E01023697","E02004928"
"AL5 1EG","AL5  1EG","AL5 1EG","198001","","E10000015","E58000626","E07000240","E05013954","E04013284","0","514375","0213067","1","E18000006","E40000007","E92000001","E12000006","5","E14001268","E15000006","E24000005","E30000237","E16000150","E07000240","26UGGE","E00120337","26UGGE","E65000001","E01023697","E02004928","5","4A2","E00120337","E01023697","E02004928","E33027416","E38000079","E63011425","C1","5A2",51.804555,-0.342566,"E37000048","","E23000027",30369,"E56000035","E54000025","E00120337","E01023697","E02004928"
"AL5 1EH","AL5  1EH","AL5 1EH","198001","","E10000015","E58000626","E07000240","E05013954","E04013284","0","514616","0213165","1","E18000006","E40000007","E92000001","E12000006","5","E14001268","E15000006","E24000005","E30000237","E16000150","E07000240","26UGGE","E00120334","26UGGE","E65000001","E01023697","E02004928","5","6A1","E00120334","E01023697","E02004928","E33027416","E38000079","E63011425","C1","6B2",51.805393,-0.339015,"E37000048","","E23000027",30369,"E56000035","E54000025","E00120334","E01023697","E02004928"
"AL5 1EJ","AL5  1EJ","AL5 1EJ","198001","","E10000015","E58000626","E07000240","E05013954","E04013284","0","514637","0213187","1","E18000006","E40000007","E92000001","E12000006","5","E14001268","E15000006","E24000005","E30000237","E16000150","E07000240","26UGGE","E00120334","26UGGE","E65000001","E01023697","E02004928","5","6A1","E00120334","E01023697","E02004928","E33027416","E38000079","E63011425","C1","6B2",51.805580,-0.338728,"E37000048","","E23000027",30369,"E56000035","E54000025","E00120334","E01023697","E02004928"
"AL5 1EL","AL5  1EL","AL5 1EL","198001","","E10000015","E58000626","E07000240","E05013954","E04013284","0","514590","0213242","1","E18000006","E40000007","E92000001","E12000006","5","E14001268","E15000006","E24000005","E30000237","E16000150","E07000240","26UGGE","E00120334","26UGGE","E65000001","E01023697","E02004928","5","6A1","E00120334","E01023697","E02004928","E33027416","E38000079","E63011425","C1","6B2",51.806084,-0.339391,"E37000048","","E23000027",30369,"E56000035","E54000025","E00120334","E01023697","E02004928"
"AL5 1EN","AL5  1EN","AL5 1EN","198001","","E10000015","E58000626","E07000240","E05013954","E04013284","0","514634","0213282","1","E18000006","E40000007","E92000001","E12000006","5","E14001268","E15000006","E24000005","E30000237","E16000150","E07000240","26UGGE","E00120334","26UGGE","E65000001","E01023697","E02004928","5","6A1","E00120334","E01023697","E02004928","E33027416","E38000079","E63011425","C1","6B2",51.806434,-0.338740,"E37000048","","E23000027",30369,"E56000035","E54000025","E00120334","E01023697","E02004928"
"AL5 1EP","AL5  1EP","AL5 1EP","198001","","E10000015","E58000626","E07000240","E05013954","E04013284","0","514730","0213161","1","E18000006","E40000007","E92000001","E12000006","5","E14001268","E15000006","E24000005","E30000237","E16000150","E07000240","26UGGE","E00120339","26UGGE","E65000001","E01023698","E02004928","5","4B3","E00120339","E01023698","E02004928","E33027416","E38000079","E63011425","C1","6A3",51.805327,-0.337388,"E37000048","","E23000027",31986,"E56000035","E54000025","E00120339","E01023698","E02004928"
"AL5 1EQ","AL5  1EQ","AL5 1EQ","198001","","E10000015","E58000626","E07000240","E05013954","E04013284","0","514458","0213101","1","E18000006","E40000007","E92000001","E12000006","5","E14001268","E15000006","E24000005","E30000237","E16000150","E07000240","26UGGE","E00120337","26UGGE","E65000001","E01023697","E02004928","5","4A2","E00120337","E01023697","E02004928","E33027416","E38000079","E63011425","C1","5A2",51.804844,-0.341351,"E37000048","","E23000027",30369,"E56000035","E54000025","E00120337","E01023697","E02004928"
"AL5 1ER","AL5  1ER","AL5 1ER","198001","","E10000015","E58000626","E07000240","E05013954","E04013284","0","514806","0213190","1","E18000006","E40000007","E92000001","E12000006","5","E14001268","E15000006","E24000005","E30000237","E16000150","E07000240","26UGGE","E00120339","26UGGE","E65000001","E01023698","E02004928","5","4B3","E00120339","E01023698","E02004928","E33027416","E38000079","E63011425","C1","6A3",51.805572,-0.336277,"E37000048","","E23000027",31986,"E56000035","E54000025","E00120339","E01023698","E02004928"
"AL5 1ES","AL5  1ES","AL5 1ES","198001","","E10000015","E58000626","E07000240","E05013954","E04013284","0","514799","0213238","1","E18000006","E40000007","E92000001","E12000006","5","E14001268","E15000006","E24000005","E30000237","E16000150","E07000240","26UGGE","E00120339","26UGGE","E65000001","E01023698","E02004928","5","4B3","E00120339","E01023698","E02004928","E33027416","E38000079","E63011425","C1","6A3",51.806012,-0.336338,"E37000048","","E23000027",31986,"E56000035","E54000025","E00120339","E01023698","E02004928"
"AL5 1ET","AL5  1ET","AL5 1ET","198001","","E10000015","E58000626","E07000240","E05013954","E04013284","0","514728","0213282","1","E18000006","E40000007","E92000001","E12000006","5","E14001268","E15000006","E24000005","E30000237","E16000150","E07000240","26UGGE","E00120330","26UGGE","E65000001","E01023695","E02004928","5","4B3","E00120330","E01023695","E02004928","E33027417","E38000079","E63011425","C1","6A4",51.806415,-0.337377,"E37000048","","E23000027",32597,"E56000035","E54000025","E00120330","E01023695","E02004928"
"AL5 1EU","AL5  1EU","AL5 1EU","198001","","E10000015","E58000626","E07000240","E05013954","E04013284","0","514817","0213392","1","E18000006","E40000007","E92000001","E12000006","5","E14001268","E15000006","E24000005","E30000237","E16000150","E07000240","26UGGE","E00120330","26UGGE","E65000001","E01023695","E02004928","5","4B3","E00120330","E01023695","E02004928","E33027417","E38000079","E63011425","C1","6A4",51.807385,-0.336050,"E37000048","","E23000027",32597,"E56000035","E54000025","E00120330","E01023695","E02004928"
"AL5 1EW","AL5  1EW","AL5 1EW","198001","","E10000015","E58000626","E07000240","E05013954","E04013284","0","514642","0213256","1","E18000006","E40000007","E92000001","E12000006","5","E14001268","E15000006","E24000005","E30000237","E16000150","E07000240","26UGGE","E00120334","26UGGE","E65000001","E01023697","E02004928","5","6A1","E00120334","E01023697","E02004928","E33027416","E38000079","E63011425","C1","6B2",51.806199,-0.338633,"E37000048","","E23000027",30369,"E56000035","E54000025","E00120334","E01023697","E02004928"
"AL5 1EX","AL5  1EX","AL5 1EX","198001","","E10000015","E58000626","E07000240","E05013954","E04013284","0","514819","0213342","1","E18000006","E40000007","E92000001","E12000006","5","E14001268","E15000006","E24000005","E30000237","E16000150","E07000240","26UGGE","E00120330","26UGGE","E65000001","E01023695","E02004928","5","4B3","E00120330","E01023695","E02004928","E33027417","E38000079","E63011425","C1","6A4",51.806942,-0.336014,"E37000048","","E23000027",32597,"E56000035","E54000025","E00120330","E01023695","E02004928"
"AL5 1EY","AL5  1EY","AL5 1EY","198001","","E10000015","E58000626","E07000240","E05013954","E04013284","0","515005","0213457","1","E18000006","E40000007","E92000001","E12000006","5","E14001268","E15000006","E24000005","E30000237","E16000150","E07000240","26UGGE","E00120331","26UGGE","E65000001","E01023695","E02004928","5","4C2","E00120331","E01023695","E02004928","E33027416","E38000079","E63011425","C1","6B4",51.807938,-0.333279,"E37000048","","E23000027",32597,"E56000035","E54000025","E00120331","E01023695","E02004928"
"AL5 1EZ","AL5  1EZ","AL5 1EZ","198001","","E10000015","E58000626","E07000240","E05013954","E04013284","0","515126","0213508","1","E18000006","E40000007","E92000001","E12000006","5","E14001268","E15000006","E24000005","E30000237","E16000150","E07000240","26UGGE","E00120328","26UGGE","E65000001","E01023695","E02004928","5","4B3","E00120328","E01023695","E02004928","E33027416","E38000079","E63011425","C1","6A1",51.808364,-0.331532,"E37000048","","E23000027",32597,"E56000035","E54000025","E00120328","E01023695","E02004928"
"AL5 1FA","AL5  1FA","AL5 1FA","201901","","E10000015","E58000626","E07000240","E05013955","E04013284","0","513737","0214005","1","E18000006","E40000007","E92000001","E12000006","5","E14001268","E15000006","E24000005","E30000237","E16000150","E07000240","26UGGF","E00120346","26UGGF","E65000001","E01023701","E02004926","5","2B1","E00120346","E01023701","E02004926","E33027409","E38000079","E63011425","C1","5B2",51.813122,-0.351483,"E37000048","","E23000027",29552,"E56000035","E54000025","E00120346","E01023701","E02004926"
"AL5 1GD","AL5  1GD","AL5 1GD","201307","","E10000015","E58000626","E07000240","E05013955","E04013284","1","514376","0213384","1","E18000006","E40000007","E92000001","E12000006","5","E14001268","E15000006","E24000005","E30000237","E16000150","E07000240","26UGGF","E00120345","26UGGF","E65000001","E01023703","E02004926","5","4D2","E00120345","E01023703","E02004926","E33027410","E38000079","E63011425","C1","5B1",51.807404,-0.342447,"E37000048","","E23000027",32505,"E56000035","E54000025","E00120345","E01023703","E02004926"
"AL5 1GH","AL5  1GH","AL5 1GH","199512","199706","E10000015","E58000626","E07000240","E05013955","E04013284","1","513594","0214185","8","E18000006","E40000007","E92000001","E12000006","5","E14001268","E15000006","E24000005","E30000237","E16000150","E07000240","26UGGF","E00120354","26UGGF","E65000001","E01023701","E02004926","5","6D2","E00120354","E01023701","E02004926","E33024309","E38000079","E63011425","C1","5B1",51.814762,-0.353522,"E37000048","","E23000027",29552,"E56000035","E54000025","E00120354","E01023701","E02004926"
"AL5 1GX","AL5  1GX","AL5 1GX","200106","200303","E10000015","E58000626","E07000240","E05013955","E04013284","1","513594","0214185","1","E18000006","E40000007","E92000001","E12000006","5","E14001268","E15000006","E24000005","E30000237","E16000150","E07000240","26UGGF","E00120354","26UGGF","E65000001","E01023701","E02004926","5","6D2","E00120354","E01023701","E02004926","E33024309","E38000079","E63011425","C1","5B1",51.814762,-0.353522,"E37000048","","E23000027",29552,"E56000035","E54000025","E00120354","E01023701","E02004926"
"AL5 1GY","AL5  1GY","AL5 1GY","200012","200112","E10000015","E58000626","E07000240","E05013955","E04013284","1","513594","0214185","1","E18000006","E40000007","E92000001","E12000006","5","E14001268","E15000006","E24000005","E30000237","E16000150","E07000240","26UGGF","E00120354","26UGGF","E65000001","E01023701","E02004926","5","6D2","E00120354","E01023701","E02004926","E33024309","E38000079","E63011425","C1","5B1",51.814762,-0.353522,"E37000048","","E23000027",29552,"E56000035","E54000025","E00120354","E01023701","E02004926"
"AL5 1GZ","AL5  1GZ","AL5 1GZ","199712","","E10000015","E58000664","E07000240","E05013956","E43000290","1","517321","0206803","1","E18000006","E40000007","E92000001","E12000006","5","E14001507","E15000006","E24000005","E30000237","E16000150","E07000240","26UGFX","E00120196","26UGFX","E65000001","E01023667","E02004936","5","6D1","E00120196","E01023667","E02004936","E33027453","E38000079","E63011552","C1","5A2",51.747650,-0.301973,"E37000048","","E23000027",30628,"E56000035","E54000025","E00120196","E01023667","E02004936"
"AL5 1HA","AL5  1HA","AL5 1HA","198001","","E10000015","E58000626","E07000240","E05013954","E04013284","0","515059","0213443","1","E18000006","E40000007","E92000001","E12000006","5","E14001268","E15000006","E24000005","E30000237","E16000150","E07000240","26UGGE","E00120331","26UGGE","E65000001","E01023695","E02004928","5","4C2","E00120331","E01023695","E02004928","E33027416","E38000079","E63011425","C1","6B4",51.807794,-0.332525,"E37000048","","E23000027",32597,"E56000035","E54000025","E00120331","E01023695","E02004928"
"AL5 1HB","AL5  1HB","AL5 1HB","198001","","E10000015","E58000626","E07000240","E05013954","E04013284","0","514880","0213317","1","E18000006","E40000007","E92000001","E12000006","5","E14001268","E15000006","E24000005","E30000237","E16000150","E07000240","26UGGE","E00120333","26UGGE","E65000001","E01023695","E02004928","5","6B2","E00120333","E01023695","E02004928","E33027416","E38000079","E63011425","C1","5B3",51.806698,-0.335162,"E37000048","","E23000027",32597,"E56000035","E54000025","E00120333","E01023695","E02004928"
"AL5 1HD","AL5  1HD","AL5 1HD","198001","","E10000015","E58000626","E07000240","E05013954","E04013284","0","514878","0213187","1","E18000006","E40000007","E92000001","E12000006","5","E14001268","E15000006","E24000005","E30000237","E16000150","E07000240","26UGGE","E00120333","26UGGE","E65000001","E01023695","E02004928","5","6B2","E00120333","E01023695","E02004928","E33027416","E38000079","E63011425","C1","5B3",51.805537,-0.335210,"E37000048","","E23000027",32597,"E56000035","E54000025","E00120333","E01023695","E02004928"
"AL5 1HE","AL5  1HE","AL5 1HE","198001","","E10000015","E58000626","E07000240","E05013954","E04013284","0","514945","0213223","1","E18000006","E40000007","E92000001","E12000006","5","E14001268","E15000006","E24000005","E30000237","E16000150","E07000240","26UGGE","E00120329","26UGGE","E65000001","E01023695","E02004928","5","4B3","E00120329","E01023695","E02004928","E33027416","E38000079","E63011425","C1","6A3",51.805840,-0.334251,"E37000048","","E23000027",32597,"E56000035","E54000025","E00120329","E01023695","E02004928"
"AL5 1HF","AL5  1HF","AL5 1HF","198001","","E10000015","E58000626","E07000240","E05013954","E04013284","0","515065","0213339","1","E18000006","E40000007","E92000001","E12000006","5","E14001268","E15000006","E24000005","E30000237","E16000150","E07000240","26UGGE","E00120331","26UGGE","E65000001","E01023695","E02004928","5","4C2","E00120331","E01023695","E02004928","E33027416","E38000079","E63011425","C1","6B4",51.806858,-0.332473,"E37000048","","E23000027",32597,"E56000035","E54000025","E00120331","E01023695","E02004928"
"AL5 1HG","AL5  1HG","AL5 1HG","198001","","E10000015","E58000626","E07000240","E05013954","E04013284","0","515015","0213121","1","E18000006","E40000007","E92000001","E12000006","5","E14001268","E15000006","E24000005","E30000237","E16000150","E07000240","26UGGE","E00120329","26UGGE","E65000001","E01023695","E02004928","5","4B3","E00120329","E01023695","E02004928","E33027416","E38000079","E63011425","C1","6A3",51.804909,-0.333270,"E37000048","","E23000027",32597,"E56000035","E54000025","E00120329","E01023695","E02004928"
"AL5 1HH","AL5  1HH","AL5 1HH","198001","","E10000015","E58000626","E07000240","E05013954","E04013284","0","515105","0212911","1","E18000006","E40000007","E92000001","E12000006","5","E14001268","E15000006","E24000005","E30000237","E16000150","E07000240","26UGGE","E00120329","26UGGE","E65000001","E01023695","E02004928","5","4B3","E00120329","E01023695","E02004928","E33027416","E38000079","E63011425","C1","6A3",51.803003,-0.332035,"E37000048","","E23000027",32597,"E56000035","E54000025","E00120329","E01023695","E02004928"
"AL5 1HJ","AL5  1HJ","AL5 1HJ","198001","","E10000015","E58000626","E07000240","E05013954","E04013284","0","514932","0213062","1","E18000006","E40000007","E92000001","E12000006","5","E14001268","E15000006","E24000005","E30000237","E16000150","E07000240","26UGGE","E00120333","26UGGE","E65000001","E01023695","E02004928","5","6B2","E00120333","E01023695","E02004928","E33027416","E38000079","E63011425","C1","5B3",51.804396,-0.334493,"E37000048","","E23000027",32597,"E56000035","E54000025","E00120333","E01023695","E02004928"
"AL5 1HL","AL5  1HL","AL5 1HL","198001","","E10000015","E58000626","E07000240","E05013954","E04013284","0","514861","0213145","1","E18000006","E40000007","E92000001","E12000006","5","E14001268","E15000006","E24000005","E30000237","E16000150","E07000240","26UGGE","E00120333","26UGGE","E65000001","E01023695","E02004928","5","6B2","E00120333","E01023695","E02004928","E33027416","E38000079","E63011425","C1","5B3",51.805156,-0.335494,"E37000048","","E23000027",32597,"E56000035","E54000025","E00120333","E01023695","E02004928"
"AL5 1HN","AL5  1HN","AL5 1HN","198001","","E10000015","E58000626","E07000240","E05013954","E04013284","0","514780","0213109","1","E18000006","E40000007","E92000001","E12000006","5","E14001268","E15000006","E24000005","E30000237","E16000150","E07000240","26UGGE","E00120339","26UGGE","E65000001","E01023698","E02004928","5","4B3","E00120339","E01023698","E02004928","E33027416","E38000079","E63011425","C1","6A3",51.804849,-0.336681,"E37000048","","E23000027",31986,"E56000035","E54000025","E00120339","E01023698","E02004928"
"AL5 1HP","AL5  1HP","AL5 1HP","199405","199501","E10000015","E58000626","E07000240","E05013954","E04013284","1","514800","0213100","8","E18000006","E40000007","E92000001","E12000006","5","E14001268","E15000006","E24000005","E30000237","E16000150","E07000240","26UGGE","E00120339","26UGGE","E65000001","E01023698","E02004928","5","4B3","E00120339","E01023698","E02004928","E33027416","E38000079","E63011425","C1","6A3",51.804764,-0.336394,"E37000048","","E23000027",31986,"E56000035","E54000025","E00120339","E01023698","E02004928"
"AL5 1HQ","AL5  1HQ","AL5 1HQ","198001","","E10000015","E58000626","E07000240","E05013954","E04013284","0","515159","0213044","1","E18000006","E40000007","E92000001","E12000006","5","E14001268","E15000006","E24000005","E30000237","E16000150","E07000240","26UGGE","E00120333","26UGGE","E65000001","E01023695","E02004928","5","6B2","E00120333","E01023695","E02004928","E33027416","E38000079","E63011425","C1","5B3",51.804194,-0.331184,"E37000048","","E23000027",32597,"E56000035","E54000025","E00120333","E01023695","E02004928"
"AL5 1HS","AL5  1HS","AL5 1HS","199412","200708","E10000015","E58000626","E07000240","E05013955","E04013284","1","513594","0214185","1","E18000006","E40000007","E92000001","E12000006","5","E14001268","E15000006","E24000005","E30000237","E16000150","E07000240","26UGGF","E00120354","26UGGF","E65000001","E01023701","E02004926","5","6D2","E00120354","E01023701","E02004926","E33024309","E38000079","E63011425","C1","5B1",51.814762,-0.353522,"E37000048","","E23000027",29552,"E56000035","E54000025","E00120354","E01023701","E02004926"
"AL5 1HT","AL5  1HT","AL5 1HT","199501","199706","E10000015","E58000626","E07000240","E05013954","E04013284","1","515059","0213443","8","E18000006","E40000007","E92000001","E12000006","5","E14001268","E15000006","E24000005","E30000237","E16000150","E07000240","26UGGE","E00120331","26UGGE","E65000001","E01023695","E02004928","5","4C2","E00120331","E01023695","E02004928","E33027416","E38000079","E63011425","C1","6B4",51.807794,-0.332525,"E37000048","","E23000027",32597,"E56000035","E54000025","E00120331","E01023695","E02004928"
"AL5 1HU","AL5  1HU","AL5 1HU","199507","199612","E10000015","E58000626","E07000240","E05013954","E04013284","1","514800","0213100","8","E18000006","E40000007","E92000001","E12000006","5","E14001268","E15000006","E24000005","E30000237","E16000150","E07000240","26UGGE","E00120339","26UGGE","E65000001","E01023698","E02004928","5","4B3","E00120339","E01023698","E02004928","E33027416","E38000079","E63011425","C1","6A3",51.804764,-0.336394,"E37000048","","E23000027",31986,"E56000035","E54000025","E00120339","E01023698","E02004928"
"AL5 1HW","AL5  1HW","AL5 1HW","199308","199501","E10000015","E58000626","E07000240","E05013954","E04013284","1","515300","0213500","8","E18000006","E40000007","E92000001","E12000006","5","E14001268","E15000006","E24000005","E30000237","E16000150","E07000240","26UGGE","E00120329","26UGGE","E65000001","E01023695","E02004928","5","4B3","E00120329","E01023695","E02004928","E33027416","E38000079","E63011425","C1","6A3",51.808257,-0.329012,"E37000048","","E23000027",32597,"E56000035","E54000025","E00120329","E01023695","E02004928"
"AL5 1HX","AL5  1HX","AL5 1HX","200106","201107","E10000015","E58000626","E07000240","E05013955","E04013284","1","513594","0214185","1","E18000006","E40000007","E92000001","E12000006","5","E14001268","E15000006","E24000005","E30000237","E16000150","E07000240","26UGGF","E00120354","26UGGF","E65000001","E01023701","E02004926","5","6D2","E00120354","E01023701","E02004926","E33024309","E38000079","E63011425","C1","5B1",51.814762,-0.353522,"E37000048","","E23000027",29552,"E56000035","E54000025","E00120354","E01023701","E02004926"
"AL5 1HY","AL5  1HY","AL5 1HY","199512","199906","E10000015","E58000626","E07000240","E05013954","E04013284","1","514650","0213183","6","E18000006","E40000007","E92000001","E12000006","5","E14001268","E15000006","E24000005","E30000237","E16000150","E07000240","26UGGE","E00120334","26UGGE","E65000001","E01023697","E02004928","5","6A1","E00120334","E01023697","E02004928","E33027416","E38000079","E63011425","C1","6B2",51.805541,-0.338541,"E37000048","","E23000027",30369,"E56000035","E54000025","E00120334","E01023697","E02004928"
"AL5 1HZ","AL5  1HZ","AL5 1HZ","198001","199012","E10000015","E58000625","E07000240","E05013954","E04013284","1","515800","0213800","8","E18000006","E40000007","E92000001","E12000006","5","E14001268","E15000006","E24000005","E30000237","E16000150","E07000240","26UGGS","E00120599","26UGGS","E65000001","E01023749","E02004927","5","4B3","E00120599","E01023749","E02004927","E33027414","E38000079","E63011425","C1","6A4",51.810849,-0.321663,"E37000048","","E23000027",29648,"E56000035","E54000025","E00120599","E01023749","E02004927"
"AL5 1JA","AL5  1JA","AL5 1JA","198001","","E10000015","E58000626","E07000240","E05013954","E04013284","0","515445","0213667","1","E18000006","E40000007","E92000001","E12000006","5","E14001268","E15000006","E24000005","E30000237","E16000150","E07000240","26UGGS","E00120599","26UGGS","E65000001","E01023749","E02004927","5","4B3","E00120599","E01023749","E02004927","E33027414","E38000079","E63011425","C1","6A4",51.809728,-0.326854,"E37000048","","E23000027",29648,"E56000035","E54000025","E00120599","E01023749","E02004927"
"AL5 1JB","AL5  1JB","AL5 1JB","198001","","E10000015","E58000625","E07000240","E05013954","E04013284","0","515635","0213783","1","E18000006","E40000007","E92000001","E12000006","5","E14001268","E15000006","E24000005","E30000237","E16000150","E07000240","26UGGS","E00120599","26UGGS","E65000001","E01023749","E02004927","5","4B3","E00120599","E01023749","E02004927","E33027414","E38000079","E63011425","C1","6A4",51.810738,-0.324037,"E37000048","","E23000027",29648,"E56000035","E54000025","E00120599","E01023749","E02004927"
"AL5 1JD","AL5  1JD","AL5 1JD","198001","","E10000015","E58000625","E07000240","E05013954","E04013284","0","515824","0213811","1","E18000006","E40000007","E92000001","E12000006","5","E14001268","E15000006","E24000005","E30000237","E16000150","E07000240","26UGGS","E00120599","26UGGS","E65000001","E01023749","E02004927","5","4B3","E00120599","E01023749","E02004927","E33027414","E38000079","E63011425","C1","6A4",51.810943,-0.321311,"E37000048","","E23000027",29648,"E56000035","E54000025","E00120599","E01023749","E02004927"
"AL5 1JE","AL5  1JE","AL5 1JE","198001","","E10000015","E58000625","E07000240","E05013954","E04013284","0","515671","0213717","1","E18000006","E40000007","E92000001","E12000006","5","E14001268","E15000006","E24000005","E30000237","E16000150","E07000240","26UGGS","E00120599","26UGGS","E65000001","E01023749","E02004927","5","4B3","E00120599","E01023749","E02004927","E33027414","E38000079","E63011425","C1","6A4",51.810130,-0.323561,"E37000048","","E23000027",29648,"E56000035","E54000025","E00120599","E01023749","E02004927"
"AL5 1JF","AL5  1JF","AL5 1JF","198001","","E10000015","E58000625","E07000240","E05013954","E04013284","0","515750","0213689","1","E18000006","E40000007","E92000001","E12000006","5","E14001268","E15000006","E24000005","E30000237","E16000150","E07000240","26UGGS","E00120599","26UGGS","E65000001","E01023749","E02004927","5","4B3","E00120599","E01023749","E02004927","E33027414","E38000079","E63011425","C1","6A4",51.809862,-0.322425,"E37000048","","E23000027",29648,"E56000035","E54000025","E00120599","E01023749","E02004927"
"AL5 1JG","AL5  1JG","AL5 1JG","198001","","E10000015","E58000625","E07000240","E05013954","E04013284","0","515599","0213558","1","E18000006","E40000007","E92000001","E12000006","5","E14001268","E15000006","E24000005","E30000237","E16000150","E07000240","26UGGS","E00120599","26UGGS","E65000001","E01023749","E02004927","5","4B3","E00120599","E01023749","E02004927","E33027414","E38000079","E63011425","C1","6A4",51.808716,-0.324658,"E37000048","","E23000027",29648,"E56000035","E54000025","E00120599","E01023749","E02004927"
"AL5 1JH","AL5  1JH","AL5 1JH","198001","","E10000015","E58000626","E07000240","E05013954","E04013284","0","515282","0213580","1","E18000006","E40000007","E92000001","E12000006","5","E14001268","E15000006","E24000005","E30000237","E16000150","E07000240","26UGGE","E00120328","26UGGE","E65000001","E01023695","E02004928","5","4B3","E00120328","E01023695","E02004928","E33027416","E38000079","E63011425","C1","6A1",51.808979,-0.329247,"E37000048","","E23000027",32597,"E56000035","E54000025","E00120328","E01023695","E02004928"
"AL5 1JJ","AL5  1JJ","AL5 1JJ","198001","","E10000015","E58000626","E07000240","E05013954","E04013284","0","515274","0213452","1","E18000006","E40000007","E92000001","E12000006","5","E14001268","E15000006","E24000005","E30000237","E16000150","E07000240","26UGGE","E00120329","26UGGE","E65000001","E01023695","E02004928","5","4B3","E00120329","E01023695","E02004928","E33027416","E38000079","E63011425","C1","6A3",51.807831,-0.329405,"E37000048","","E23000027",32597,"E56000035","E54000025","E00120329","E01023695","E02004928"
"AL5 1JL","AL5  1JL","AL5 1JL","198001","","E10000015","E58000626","E07000240","E05013954","E04013284","0","515141","0213270","1","E18000006","E40000007","E92000001","E12000006","5","E14001268","E15000006","E24000005","E30000237","E16000150","E07000240","26UGGE","E00120331","26UGGE","E65000001","E01023695","E02004928","5","4C2","E00120331","E01023695","E02004928","E33027416","E38000079","E63011425","C1","6B4",51.806222,-0.331394,"E37000048","","E23000027",32597,"E56000035","E54000025","E00120331","E01023695","E02004928"
"AL5 1JN","AL5  1JN","AL5 1JN","198001","","E10000015","E58000626","E07000240","E05013954","E04013284","0","515111","0213290","1","E18000006","E40000007","E92000001","E12000006","5","E14001268","E15000006","E24000005","E30000237","E16000150","E07000240","26UGGE","E00120331","26UGGE","E65000001","E01023695","E02004928","5","4C2","E00120331","E01023695","E02004928","E33027416","E38000079","E63011425","C1","6B4",51.806408,-0.331822,"E37000048","","E23000027",32597,"E56000035","E54000025","E00120331","E01023695","E02004928"
"AL5 1JP","AL5  1JP","AL5 1JP","198001","","E10000015","E58000626","E07000240","E05013954","E04013284","0","515251","0213172","1","E18000006","E40000007","E92000001","E12000006","5","E14001268","E15000006","E24000005","E30000237","E16000150","E07000240","26UGGS","E00120599","26UGGS","E65000001","E01023749","E02004927","5","4B3","E00120599","E01023749","E02004927","E33027414","E38000079","E63011425","C1","6A4",51.805319,-0.329832,"E37000048","","E23000027",29648,"E56000035","E54000025","E00120599","E01023749","E02004927"
"AL5 1JQ","AL5  1JQ","AL5 1JQ","198001","","E10000015","E58000626","E07000240","E05013954","E04013284","0","515344","0213549","1","E18000006","E40000007","E92000001","E12000006","5","E14001268","E15000006","E24000005","E30000237","E16000150","E07000240","26UGGE","E00120329","26UGGE","E65000001","E01023695","E02004928","5","4B3","E00120329","E01023695","E02004928","E33027416","E38000079","E63011425","C1","6A3",51.808688,-0.328358,"E37000048","","E23000027",32597,"E56000035","E54000025","E00120329","E01023695","E02004928"
"AL5 1JR","AL5  1JR","AL5 1JR","198001","","E10000015","E58000626","E07000240","E05013954","E04013284","0","515218","0213183","1","E18000006","E40000007","E92000001","E12000006","5","E14001268","E15000006","E24000005","E30000237","E16000150","E07000240","26UGGS","E00120599","26UGGS","E65000001","E01023749","E02004927","5","4B3","E00120599","E01023749","E02004927","E33027414","E38000079","E63011425","C1","6A4",51.805425,-0.330306,"E37000048","","E23000027",29648,"E56000035","E54000025","E00120599","E01023749","E02004927"
"AL5 1JS","AL5  1JS","AL5 1JS","198001","","E10000015","E58000626","E07000240","E05013954","E04013284","0","515189","0213199","1","E18000006","E40000007","E92000001","E12000006","5","E14001268","E15000006","E24000005","E30000237","E16000150","E07000240","26UGGE","E00120329","26UGGE","E65000001","E01023695","E02004928","5","4B3","E00120329","E01023695","E02004928","E33027416","E38000079","E63011425","C1","6A3",51.805574,-0.330721,"E37000048","","E23000027",32597,"E56000035","E54000025","E00120329","E01023695","E02004928"
"AL5 1JT","AL5  1JT","AL5 1JT","198001","199012","E10000015","E58000626","E07000240","E05013954","E04013284","0","515100","0213100","8","E18000006","E40000007","E92000001","E12000006","5","E14001268","E15000006","E24000005","E30000237","E16000150","E07000240","26UGGE","E00120329","26UGGE","E65000001","E01023695","E02004928","5","4B3","E00120329","E01023695","E02004928","E33027416","E38000079","E63011425","C1","6A3",51.804703,-0.332044,"E37000048","","E23000027",32597,"E56000035","E54000025","E00120329","E01023695","E02004928"
"AL5 1JU","AL5  1JU","AL5 1JU","198001","","E10000015","E58000626","E07000240","E05013954","E04013284","0","515146","0213197","1","E18000006","E40000007","E92000001","E12000006","5","E14001268","E15000006","E24000005","E30000237","E16000150","E07000240","26UGGE","E00120329","26UGGE","E65000001","E01023695","E02004928","5","4B3","E00120329","E01023695","E02004928","E33027416","E38000079","E63011425","C1","6A3",51.805565,-0.331345,"E37000048","","E23000027",32597,"E56000035","E54000025","E00120329","E01023695","E02004928"
"AL5 1JW","AL5  1JW","AL5 1JW","198001","","E10000015","E58000626","E07000240","E05013954","E04013284","0","515233","0213358","1","E18000006","E40000007","E92000001","E12000006","5","E14001268","E15000006","E24000005","E30000237","E16000150","E07000240","26UGGE","E00120329","26UGGE","E65000001","E01023695","E02004928","5","4B3","E00120329","E01023695","E02004928","E33027416","E38000079","E63011425","C1","6A3",51.806994,-0.330031,"E37000048","","E23000027",32597,"E56000035","E54000025","E00120329","E01023695","E02004928"
"AL5 1JX","AL5  1JX","AL5 1JX","198001","","E10000015","E58000626","E07000240","E05013954","E04013284","0","515143","0213092","1","E18000006","E40000007","E92000001","E12000006","5","E14001268","E15000006","E24000005","E30000237","E16000150","E07000240","26UGGE","E00120329","26UGGE","E65000001","E01023695","E02004928","5","4B3","E00120329","E01023695","E02004928","E33027416","E38000079","E63011425","C1","6A3",51.804622,-0.331424,"E37000048","","E23000027",32597,"E56000035","E54000025","E00120329","E01023695","E02004928"
"AL5 1JY","AL5  1JY","AL5 1JY","198001","","E10000015","E58000626","E07000240","E05013954","E04013284","0","515112","0213118","1","E18000006","E40000007","E92000001","E12000006","5","E14001268","E15000006","E24000005","E30000237","E16000150","E07000240","26UGGE","E00120329","26UGGE","E65000001","E01023695","E02004928","5","4B3","E00120329","E01023695","E02004928","E33027416","E38000079","E63011425","C1","6A3",51.804862,-0.331865,"E37000048","","E23000027",32597,"E56000035","E54000025","E00120329","E01023695","E02004928"
"AL5 1JZ","AL5  1JZ","AL5 1JZ","199812","200107","E10000015","E58000626","E07000240","E05013954","E04013284","1","514637","0213187","6","E18000006","E40000007","E92000001","E12000006","5","E14001268","E15000006","E24000005","E30000237","E16000150","E07000240","26UGGE","E00120334","26UGGE","E65000001","E01023697","E02004928","5","6A1","E00120334","E01023697","E02004928","E33027416","E38000079","E63011425","C1","6B2",51.805580,-0.338728,"E37000048","","E23000027",30369,"E56000035","E54000025","E00120334","E01023697","E02004928"
"AL5 1LE","AL5  1LE","AL5 1LE","199201","199405","E10000015","E58000626","E07000240","E05013954","E04013284","1","514300","0213300","8","E18000006","E40000007","E92000001","E12000006","5","E14001268","E15000006","E24000005","E30000237","E16000150","E07000240","26UGGE","E00120327","26UGGE","E65000001","E01023697","E02004928","5","2B2","E00120327","E01023697","E02004928","E33027417","E38000079","E63011425","C1","5B3",51.806664,-0.343576,"E37000048","","E23000027",30369,"E56000035","E54000025","E00120327","E01023697","E02004928"
"AL5 1LF","AL5  1LF","AL5 1LF","199109","199212","E10000015","E58000626","E07000240","E05013954","E04013284","1","514300","0213300","8","E18000006","E40000007","E92000001","E12000006","5","E14001268","E15000006","E24000005","E30000237","E16000150","E07000240","26UGGE","E00120327","26UGGE","E65000001","E01023697","E02004928","5","2B2","E00120327","E01023697","E02004928","E33027417","E38000079","E63011425","C1","5B3",51.806664,-0.343576,"E37000048","","E23000027",30369,"E56000035","E54000025","E00120327","E01023697","E02004928"
"AL5 1LG","AL5  1LG","AL5 1LG","198001","","E10000015","E58000626","E07000240","E05013955","E04013284","0","514391","0213416","1","E18000006","E40000007","E92000001","E12000006","5","E14001268","E15000006","E24000005","E30000237","E16000150","E07000240","26UGGF","E00120345","26UGGF","E65000001","E01023703","E02004926","5","4D2","E00120345","E01023703","E02004926","E33027410","E38000079","E63011425","C1","5B1",51.807688,-0.342219,"E37000048","","E23000027",32505,"E56000035","E54000025","E00120345","E01023703","E02004926"
"AL5 1LH","AL5  1LH","AL5 1LH","198001","","E10000015","E58000626","E07000240","E05013954","E04013284","0","514418","0213386","1","E18000006","E40000007","E92000001","E12000006","5","E14001268","E15000006","E24000005","E30000237","E16000150","E07000240","26UGGE","E00120327","26UGGE","E65000001","E01023697","E02004928","5","2B2","E00120327","E01023697","E02004928","E33027417","E38000079","E63011425","C1","5B3",51.807420,-0.341813,"E37000048","","E23000027",30369,"E56000035","E54000025","E00120327","E01023697","E02004928"
"AL5 1LJ","AL5  1LJ","AL5 1LJ","198001","","E10000015","E58000626","E07000240","E05013955","E04013284","0","514339","0213515","1","E18000006","E40000007","E92000001","E12000006","5","E14001268","E15000006","E24000005","E30000237","E16000150","E07000240","26UGGF","E00120359","26UGGF","E65000001","E01023703","E02004926","5","4D1","E00120359","E01023703","E02004926","E33027410","E38000079","E63011425","C1","5B1",51.808589,-0.342940,"E37000048","","E23000027",32505,"E56000035","E54000025","E00120359","E01023703","E02004926"
"AL5 1LL","AL5  1LL","AL5 1LL","198001","","E10000015","E58000626","E07000240","E05013955","E04013284","0","514319","0213567","1","E18000006","E40000007","E92000001","E12000006","5","E14001268","E15000006","E24000005","E30000237","E16000150","E07000240","26UGGF","E00120359","26UGGF","E65000001","E01023703","E02004926","5","4D1","E00120359","E01023703","E02004926","E33027410","E38000079","E63011425","C1","5B1",51.809060,-0.343213,"E37000048","","E23000027",32505,"E56000035","E54000025","E00120359","E01023703","E02004926"
"AL5 1LN","AL5  1LN","AL5 1LN","198001","","E10000015","E58000626","E07000240","E05013955","E04013284","0","514453","0213511","1","E18000006","E40000007","E92000001","E12000006","5","E14001268","E15000006","E24000005","E30000237","E16000150","E07000240","26UGGF","E00120345","26UGGF","E65000001","E01023703","E02004926","5","4D2","E00120345","E01023703","E02004926","E33027410","E38000079","E63011425","C1","5B1",51.808529,-0.341288,"E37000048","","E23000027",32505,"E56000035","E54000025","E00120345","E01023703","E02004926"
"AL5 1LP","AL5  1LP","AL5 1LP","198001","","E10000015","E58000626","E07000240","E05013954","E04013284","0","514568","0213631","1","E18000006","E40000007","E92000001","E12000006","5","E14001268","E15000006","E24000005","E30000237","E16000150","E07000240","26UGGE","E00120330","26UGGE","E65000001","E01023695","E02004928","5","4B3","E00120330","E01023695","E02004928","E33027417","E38000079","E63011425","C1","6A4",51.809584,-0.339582,"E37000048","","E23000027",32597,"E56000035","E54000025","E00120330","E01023695","E02004928"
"AL5 1LQ","AL5  1LQ","AL5 1LQ","199612","","E10000015","E58000626","E07000240","E05013955","E04013284","0","514257","0213516","1","E18000006","E40000007","E92000001","E12000006","5","E14001268","E15000006","E24000005","E30000237","E16000150","E07000240","26UGGF","E00120359","26UGGF","E65000001","E01023703","E02004926","5","4D1","E00120359","E01023703","E02004926","E33027410","E38000079","E63011425","C1","5B1",51.808614,-0.344128,"E37000048","","E23000027",32505,"E56000035","E54000025","E00120359","E01023703","E02004926"
"AL5 1LR","AL5  1LR","AL5 1LR","198001","","E10000015","E58000626","E07000240","E05013955","E04013284","0","514531","0213652","1","E18000006","E40000007","E92000001","E12000006","5","E14001268","E15000006","E24000005","E30000237","E16000150","E07000240","26UGGF","E00120345","26UGGF","E65000001","E01023703","E02004926","5","4D2","E00120345","E01023703","E02004926","E33027410","E38000079","E63011425","C1","5B1",51.809781,-0.340111,"E37000048","","E23000027",32505,"E56000035","E54000025","E00120345","E01023703","E02004926"
"AL5 1LS","AL5  1LS","AL5 1LS","198001","","E10000015","E58000626","E07000240","E05013954","E04013284","0","514693","0213735","1","E18000006","E40000007","E92000001","E12000006","5","E14001268","E15000006","E24000005","E30000237","E16000150","E07000240","26UGGE","E00120330","26UGGE","E65000001","E01023695","E02004928","5","4B3","E00120330","E01023695","E02004928","E33027417","E38000079","E63011425","C1","6A4",51.810493,-0.337735,"E37000048","","E23000027",32597,"E56000035","E54000025","E00120330","E01023695","E02004928"
"AL5 1LT","AL5  1LT","AL5 1LT","198001","","E10000015","E58000626","E07000240","E05013955","E04013284","0","514642","0213776","1","E18000006","E40000007","E92000001","E12000006","5","E14001268","E15000006","E24000005","E30000237","E16000150","E07000240","26UGGF","E00120358","26UGGF","E65000001","E01023703","E02004926","5","4D1","E00120358","E01023703","E02004926","E33027410","E38000079","E63011425","C1","6A4",51.810872,-0.338461,"E37000048","","E23000027",32505,"E56000035","E54000025","E00120358","E01023703","E02004926"
"AL5 1LU","AL5  1LU","AL5 1LU","198001","","E10000015","E58000626","E07000240","E05013954","E04013284","0","514659","0213650","1","E18000006","E40000007","E92000001","E12000006","5","E14001268","E15000006","E24000005","E30000237","E16000150","E07000240","26UGGE","E00120327","26UGGE","E65000001","E01023697","E02004928","5","2B2","E00120327","E01023697","E02004928","E33027417","E38000079","E63011425","C1","5B3",51.809736,-0.338256,"E37000048","","E23000027",30369,"E56000035","E54000025","E00120327","E01023697","E02004928"
"AL5 1LW","AL5  1LW","AL5 1LW","198001","","E10000015","E58000626","E07000240","E05013954","E04013284","0","514500","0213506","1","E18000006","E40000007","E92000001","E12000006","5","E14001268","E15000006","E24000005","E30000237","E16000150","E07000240","26UGGE","E00120330","26UGGE","E65000001","E01023695","E02004928","5","4B3","E00120330","E01023695","E02004928","E33027417","E38000079","E63011425","C1","6A4",51.808475,-0.340609,"E37000048","","E23000027",32597,"E56000035","E54000025","E00120330","E01023695","E02004928"
"AL5 1LX","AL5  1LX","AL5 1LX","198001","","E10000015","E58000626","E07000240","E05013954","E04013284","0","514689","0213599","1","E18000006","E40000007","E92000001","E12000006","5","E14001268","E15000006","E24000005","E30000237","E16000150","E07000240","26UGGE","E00120327","26UGGE","E65000001","E01023697","E02004928","5","2B2","E00120327","E01023697","E02004928","E33027417","E38000079","E63011425","C1","5B3",51.809272,-0.337838,"E37000048","","E23000027",30369,"E56000035","E54000025","E00120327","E01023697","E02004928"
"AL5 1LY","AL5  1LY","AL5 1LY","200106","200404","E10000015","E58000626","E07000240","E05013955","E04013284","1","513594","0214185","1","E18000006","E40000007","E92000001","E12000006","5","E14001268","E15000006","E24000005","E30000237","E16000150","E07000240","26UGGF","E00120354","26UGGF","E65000001","E01023701","E02004926","5","6D2","E00120354","E01023701","E02004926","E33024309","E38000079","E63011425","C1","5B1",51.814762,-0.353522,"E37000048","","E23000027",29552,"E56000035","E54000025","E00120354","E01023701","E02004926"
"AL5 1LZ","AL5  1LZ","AL5 1LZ","198001","","E10000015","E58000626","E07000240","E05013954","E04013284","0","514837","0213753","1","E18000006","E40000007","E92000001","E12000006","5","E14001268","E15000006","E24000005","E30000237","E16000150","E07000240","26UGGE","E00120328","26UGGE","E65000001","E01023695","E02004928","5","4B3","E00120328","E01023695","E02004928","E33027416","E38000079","E63011425","C1","6A1",51.810626,-0.335641,"E37000048","","E23000027",32597,"E56000035","E54000025","E00120328","E01023695","E02004928"
"AL5 1NA","AL5  1NA","AL5 1NA","198001","","E10000015","E58000626","E07000240","E05013954","E04013284","0","514871","0213577","1","E18000006","E40000007","E92000001","E12000006","5","E14001268","E15000006","E24000005","E30000237","E16000150","E07000240","26UGGE","E00120330","26UGGE","E65000001","E01023695","E02004928","5","4B3","E00120330","E01023695","E02004928","E33027417","E38000079","E63011425","C1","6A4",51.809037,-0.335206,"E37000048","","E23000027",32597,"E56000035","E54000025","E00120330","E01023695","E02004928"
"AL5 1NB","AL5  1NB","AL5 1NB","198001","","E10000015","E58000626","E07000240","E05013954","E04013284","0","514919","0213598","1","E18000006","E40000007","E92000001","E12000006","5","E14001268","E15000006","E24000005","E30000237","E16000150","E07000240","26UGGE","E00120328","26UGGE","E65000001","E01023695","E02004928","5","4B3","E00120328","E01023695","E02004928","E33027416","E38000079","E63011425","C1","6A1",51.809216,-0.334503,"E37000048","","E23000027",32597,"E56000035","E54000025","E00120328","E01023695","E02004928"
"AL5 1ND","AL5  1ND","AL5 1ND","198001","","E10000015","E58000626","E07000240","E05013954","E04013284","0","515044","0213698","1","E18000006","E40000007","E92000001","E12000006","5","E14001268","E15000006","E24000005","E30000237","E16000150","E07000240","26UGGE","E00120328","26UGGE","E65000001","E01023695","E02004928","5","4B3","E00120328","E01023695","E02004928","E33027416","E38000079","E63011425","C1","6A1",51.810089,-0.332658,"E37000048","","E23000027",32597,"E56000035","E54000025","E00120328","E01023695","E02004928"
"AL5 1NE","AL5  1NE","AL5 1NE","198001","","E10000015","E58000626","E07000240","E05013954","E04013284","0","515280","0213671","1","E18000006","E40000007","E92000001","E12000006","5","E14001268","E15000006","E24000005","E30000237","E16000150","E07000240","26UGGE","E00120328","26UGGE","E65000001","E01023695","E02004928","5","4B3","E00120328","E01023695","E02004928","E33027416","E38000079","E63011425","C1","6A1",51.809797,-0.329245,"E37000048","","E23000027",32597,"E56000035","E54000025","E00120328","E01023695","E02004928"
"AL5 1NF","AL5  1NF","AL5 1NF","198001","","E10000015","E58000626","E07000240","E05013954","E04013284","0","515329","0213634","1","E18000006","E40000007","E92000001","E12000006","5","E14001268","E15000006","E24000005","E30000237","E16000150","E07000240","26UGGE","E00120329","26UGGE","E65000001","E01023695","E02004928","5","4B3","E00120329","E01023695","E02004928","E33027416","E38000079","E63011425","C1","6A3",51.809455,-0.328547,"E37000048","","E23000027",32597,"E56000035","E54000025","E00120329","E01023695","E02004928"
"AL5 1NG","AL5  1NG","AL5 1NG","198001","","E10000015","E58000626","E07000240","E05013954","E04013284","0","515131","0213604","1","E18000006","E40000007","E92000001","E12000006","5","E14001268","E15000006","E24000005","E30000237","E16000150","E07000240","26UGGE","E00120328","26UGGE","E65000001","E01023695","E02004928","5","4B3","E00120328","E01023695","E02004928","E33027416","E38000079","E63011425","C1","6A1",51.809226,-0.331428,"E37000048","","E23000027",32597,"E56000035","E54000025","E00120328","E01023695","E02004928"
"AL5 1NH","AL5  1NH","AL5 1NH","199208","199212","E10000015","E58000626","E07000240","E05013954","E04013284","1","514800","0213700","8","E18000006","E40000007","E92000001","E12000006","5","E14001268","E15000006","E24000005","E30000237","E16000150","E07000240","26UGGE","E00120330","26UGGE","E65000001","E01023695","E02004928","5","4B3","E00120330","E01023695","E02004928","E33027417","E38000079","E63011425","C1","6A4",51.810157,-0.336195,"E37000048","","E23000027",32597,"E56000035","E54000025","E00120330","E01023695","E02004928"
"AL5 1NL","AL5  1NL","AL5 1NL","200112","","E10000015","E58000626","E07000240","E05013955","E04013284","0","514214","0213477","1","E18000006","E40000007","E92000001","E12000006","5","E14001268","E15000006","E24000005","E30000237","E16000150","E07000240","26UGGF","E00120359","26UGGF","E65000001","E01023703","E02004926","5","4D1","E00120359","E01023703","E02004926","E33027410","E38000079","E63011425","C1","5B1",51.808279,-0.344740,"E37000048","","E23000027",32505,"E56000035","E54000025","E00120359","E01023703","E02004926"
"AL5 1NQ","AL5  1NQ","AL5 1NQ","198001","","E10000015","E58000626","E07000240","E05013954","E04013284","0","514960","0213632","1","E18000006","E40000007","E92000001","E12000006","5","E14001268","E15000006","E24000005","E30000237","E16000150","E07000240","26UGGE","E00120328","26UGGE","E65000001","E01023695","E02004928","5","4B3","E00120328","E01023695","E02004928","E33027416","E38000079","E63011425","C1","6A1",51.809513,-0.333898,"E37000048","","E23000027",32597,"E56000035","E54000025","E00120328","E01023695","E02004928"
"AL5 1NY","AL5  1NY","AL5 1NY","200206","","E10000015","E58000626","E07000240","E05013955","E04013284","0","513980","0213561","1","E18000006","E40000007","E92000001","E12000006","5","E14001268","E15000006","E24000005","E30000237","E16000150","E07000240","26UGGF","E00120359","26UGGF","E65000001","E01023703","E02004926","5","4D1","E00120359","E01023703","E02004926","E33027410","E38000079","E63011425","C1","5B1",51.809075,-0.348130,"E37000048","","E23000027",32505,"E56000035","E54000025","E00120359","E01023703","E02004926"
"AL5 1PA","AL5  1PA","AL5 1PA","198001","","E10000015","E58000626","E07000240","E05013955","E04013284","0","513539","0214146","1","E18000006","E40000007","E92000001","E12000006","5","E14001268","E15000006","E24000005","E30000237","E16000150","E07000240","26UGGF","E00120354","26UGGF","E65000001","E01023701","E02004926","5","6D2","E00120354","E01023701","E02004926","E33024309","E38000079","E63011425","C1","5B1",51.814429,-0.354308,"E37000048","","E23000027",29552,"E56000035","E54000025","E00120354","E01023701","E02004926"
"AL5 1PB","AL5  1PB","AL5 1PB","198001","199507","E10000015","E58000626","E07000240","E05013955","E04013284","1","513600","0214000","8","E18000006","E40000007","E92000001","E12000006","5","E14001268","E15000006","E24000005","E30000237","E16000150","E07000240","26UGGF","E00120354","26UGGF","E65000001","E01023701","E02004926","5","6D2","E00120354","E01023701","E02004926","E33024309","E38000079","E63011425","C1","5B1",51.813098,-0.353495,"E37000048","","E23000027",29552,"E56000035","E54000025","E00120354","E01023701","E02004926"
"AL5 1PD","AL5  1PD","AL5 1PD","198001","","E10000015","E58000626","E07000240","E05013955","E04013284","0","513638","0214025","1","E18000006","E40000007","E92000001","E12000006","5","E14001268","E15000006","E24000005","E30000237","E16000150","E07000240","26UGGF","E00120354","26UGGF","E65000001","E01023701","E02004926","5","6D2","E00120354","E01023701","E02004926","E33024309","E38000079","E63011425","C1","5B1",51.813315,-0.352936,"E37000048","","E23000027",29552,"E56000035","E54000025","E00120354","E01023701","E02004926"
"AL5 1PE","AL5  1PE","AL5 1PE","198001","201409","E10000015","E58000626","E07000240","E05013955","E04013284","1","513693","0213986","1","E18000006","E40000007","E92000001","E12000006","5","E14001268","E15000006","E24000005","E30000237","E16000150","E07000240","26UGGF","E00120346","26UGGF","E65000001","E01023701","E02004926","5","2B1","E00120346","E01023701","E02004926","E33027409","E38000079","E63011425","C1","5B2",51.812953,-0.352151,"E37000048","","E23000027",29552,"E56000035","E54000025","E00120346","E01023701","E02004926"
"AL5 1PF","AL5  1PF","AL5 1PF","198001","","E10000015","E58000626","E07000240","E05013955","E04013284","0","513781","0213789","1","E18000006","E40000007","E92000001","E12000006","5","E14001268","E15000006","E24000005","E30000237","E16000150","E07000240","26UGGF","E00120346","26UGGF","E65000001","E01023701","E02004926","5","2B1","E00120346","E01023701","E02004926","E33027409","E38000079","E63011425","C1","5B2",51.811172,-0.350916,"E37000048","","E23000027",29552,"E56000035","E54000025","E00120346","E01023701","E02004926"
"AL5 1PG","AL5  1PG","AL5 1PG","198001","","E10000015","E58000626","E07000240","E05013955","E04013284","0","513848","0213684","1","E18000006","E40000007","E92000001","E12000006","5","E14001268","E15000006","E24000005","E30000237","E16000150","E07000240","26UGGF","E00120346","26UGGF","E65000001","E01023701","E02004926","5","2B1","E00120346","E01023701","E02004926","E33027409","E38000079","E63011425","C1","5B2",51.810207,-0.350003,"E37000048","","E23000027",29552,"E56000035","E54000025","E00120346","E01023701","E02004926"
"AL5 1PH","AL5  1PH","AL5 1PH","198001","199806","E10000015","E58000626","E07000240","E05013955","E04013284","1","513964","0213570","1","E18000006","E40000007","E92000001","E12000006","5","E14001268","E15000006","E24000005","E30000237","E16000150","E07000240","26UGGF","E00120359","26UGGF","E65000001","E01023703","E02004926","5","4D1","E00120359","E01023703","E02004926","E33027410","E38000079","E63011425","C1","5B1",51.809159,-0.348359,"E37000048","","E23000027",32505,"E56000035","E54000025","E00120359","E01023703","E02004926"
"AL5 1PJ","AL5  1PJ","AL5 1PJ","199512","200408","E10000015","E58000626","E07000240","E05013955","E04013284","1","513594","0214185","1","E18000006","E40000007","E92000001","E12000006","5","E14001268","E15000006","E24000005","E30000237","E16000150","E07000240","26UGGF","E00120354","26UGGF","E65000001","E01023701","E02004926","5","6D2","E00120354","E01023701","E02004926","E33024309","E38000079","E63011425","C1","5B1",51.814762,-0.353522,"E37000048","","E23000027",29552,"E56000035","E54000025","E00120354","E01023701","E02004926"
"AL5 1PL","AL5  1PL","AL5 1PL","198710","199501","E10000015","E58000626","E07000240","E05013955","E04013284","1","514200","0213500","8","E18000006","E40000007","E92000001","E12000006","5","E14001268","E15000006","E24000005","E30000237","E16000150","E07000240","26UGGF","E00120359","26UGGF","E65000001","E01023703","E02004926","5","4D1","E00120359","E01023703","E02004926","E33027410","E38000079","E63011425","C1","5B1",51.808482,-0.344960,"E37000048","","E23000027",32505,"E56000035","E54000025","E00120359","E01023703","E02004926"
"AL5 1PN","AL5  1PN","AL5 1PN","198001","199501","E10000015","E58000626","E07000240","E05013955","E04013284","1","514200","0213500","8","E18000006","E40000007","E92000001","E12000006","5","E14001268","E15000006","E24000005","E30000237","E16000150","E07000240","26UGGF","E00120359","26UGGF","E65000001","E01023703","E02004926","5","4D1","E00120359","E01023703","E02004926","E33027410","E38000079","E63011425","C1","5B1",51.808482,-0.344960,"E37000048","","E23000027",32505,"E56000035","E54000025","E00120359","E01023703","E02004926"
"AL5 1PP","AL5  1PP","AL5 1PP","199002","199112","E10000015","E58000626","E07000240","E05013955","E04013284","1","514100","0213400","8","E18000006","E40000007","E92000001","E12000006","5","E14001268","E15000006","E24000005","E30000237","E16000150","E07000240","26UGGF","E00120362","26UGGF","E65000001","E01023701","E02004926","5","5B2","E00120362","E01023701","E02004926","E33027411","E38000079","E63011425","C1","7A2",51.807604,-0.346443,"E37000048","","E23000027",29552,"E56000035","E54000025","E00120362","E01023701","E02004926"
"AL5 1PQ","AL5  1PQ","AL5 1PQ","198001","","E10000015","E58000626","E07000240","E05013955","E04013284","0","513946","0213586","1","E18000006","E40000007","E92000001","E12000006","5","E14001268","E15000006","E24000005","E30000237","E16000150","E07000240","26UGGF","E00120359","26UGGF","E65000001","E01023703","E02004926","5","4D1","E00120359","E01023703","E02004926","E33027410","E38000079","E63011425","C1","5B1",51.809307,-0.348614,"E37000048","","E23000027",32505,"E56000035","E54000025","E00120359","E01023703","E02004926"
"AL5 1PR","AL5  1PR","AL5 1PR","198001","","E10000015","E58000626","E07000240","E05013955","E04013284","0","514187","0213404","1","E18000006","E40000007","E92000001","E12000006","5","E14001268","E15000006","E24000005","E30000237","E16000150","E07000240","26UGGF","E00120362","26UGGF","E65000001","E01023701","E02004926","5","5B2","E00120362","E01023701","E02004926","E33027411","E38000079","E63011425","C1","7A2",51.807622,-0.345180,"E37000048","","E23000027",29552,"E56000035","E54000025","E00120362","E01023701","E02004926"
"AL5 1PS","AL5  1PS","AL5 1PS","198001","","E10000015","E58000626","E07000240","E05013955","E04013284","0","514217","0213334","1","E18000006","E40000007","E92000001","E12000006","5","E14001268","E15000006","E24000005","E30000237","E16000150","E07000240","26UGGF","E00120345","26UGGF","E65000001","E01023703","E02004926","5","4D2","E00120345","E01023703","E02004926","E33027410","E38000079","E63011425","C1","5B1",51.806994,-0.344744,"E37000048","","E23000027",32505,"E56000035","E54000025","E00120345","E01023703","E02004926"
"AL5 1PT","AL5  1PT","AL5 1PT","199002","199606","E10000015","E58000626","E07000240","E05013955","E04013284","0","514100","0213400","8","E18000006","E40000007","E92000001","E12000006","5","E14001268","E15000006","E24000005","E30000237","E16000150","E07000240","26UGGF","E00120362","26UGGF","E65000001","E01023701","E02004926","5","5B2","E00120362","E01023701","E02004926","E33027411","E38000079","E63011425","C1","7A2",51.807604,-0.346443,"E37000048","","E23000027",29552,"E56000035","E54000025","E00120362","E01023701","E02004926"
"AL5 1PU","AL5  1PU","AL5 1PU","198001","","E10000015","E58000626","E07000240","E05013955","E04013284","0","514332","0213356","1","E18000006","E40000007","E92000001","E12000006","5","E14001268","E15000006","E24000005","E30000237","E16000150","E07000240","26UGGF","E00120345","26UGGF","E65000001","E01023703","E02004926","5","4D2","E00120345","E01023703","E02004926","E33027410","E38000079","E63011425","C1","5B1",51.807161,-0.343094,"E37000048","","E23000027",32505,"E56000035","E54000025","E00120345","E01023703","E02004926"
"AL5 1PW","AL5  1PW","AL5 1PW","198504","","E10000015","E58000626","E07000240","E05013955","E04013284","0","514089","0213540","1","E18000006","E40000007","E92000001","E12000006","5","E14001268","E15000006","E24000005","E30000237","E16000150","E07000240","26UGGF","E00120359","26UGGF","E65000001","E01023703","E02004926","5","4D1","E00120359","E01023703","E02004926","E33027410","E38000079","E63011425","C1","5B1",51.808871,-0.346532,"E37000048","","E23000027",32505,"E56000035","E54000025","E00120359","E01023703","E02004926"
"AL5 1PX","AL5  1PX","AL5 1PX","198001","","E10000015","E58000626","E07000240","E05013954","E04013284","0","514449","0213348","1","E18000006","E40000007","E92000001","E12000006","5","E14001268","E15000006","E24000005","E30000237","E16000150","E07000240","26UGGE","E00120327","26UGGE","E65000001","E01023697","E02004928","5","2B2","E00120327","E01023697","E02004928","E33027417","E38000079","E63011425","C1","5B3",51.807072,-0.341376,"E37000048","","E23000027",30369,"E56000035","E54000025","E00120327","E01023697","E02004928"
"AL5 1PY","AL5  1PY","AL5 1PY","198001","","E10000015","E58000626","E07000240","E05013954","E04013284","1","514490","0213382","1","E18000006","E40000007","E92000001","E12000006","5","E14001268","E15000006","E24000005","E30000237","E16000150","E07000240","26UGGE","E00120327","26UGGE","E65000001","E01023697","E02004928","5","2B2","E00120327","E01023697","E02004928","E33027417","E38000079","E63011425","C1","5B3",51.807369,-0.340770,"E37000048","","E23000027",30369,"E56000035","E54000025","E00120327","E01023697","E02004928"
"AL5 1PZ","AL5  1PZ","AL5 1PZ","198001","199606","E10000015","E58000626","E07000240","E05013954","E04013284","1","514700","0213600","8","E18000006","E40000007","E92000001","E12000006","5","E14001268","E15000006","E24000005","E30000237","E16000150","E07000240","26UGGE","E00120327","26UGGE","E65000001","E01023697","E02004928","5","2B2","E00120327","E01023697","E02004928","E33027417","E38000079","E63011425","C1","5B3",51.809279,-0.337678,"E37000048","","E23000027",30369,"E56000035","E54000025","E00120327","E01023697","E02004928"
"AL5 1QA","AL5  1QA","AL5 1QA","198001","","E10000015","E58000626","E07000240","E05013954","E04013284","0","514619","0213412","1","E18000006","E40000007","E92000001","E12000006","5","E14001268","E15000006","E24000005","E30000237","E16000150","E07000240","26UGGE","E00120327","26UGGE","E65000001","E01023697","E02004928","5","2B2","E00120327","E01023697","E02004928","E33027417","E38000079","E63011425","C1","5B3",51.807606,-0.338914,"E37000048","","E23000027",30369,"E56000035","E54000025","E00120327","E01023697","E02004928"
"AL5 1QB","AL5  1QB","AL5 1QB","198001","","E10000015","E58000626","E07000240","E05013954","E04013284","1","514703","0213495","1","E18000006","E40000007","E92000001","E12000006","5","E14001268","E15000006","E24000005","E30000237","E16000150","E07000240","26UGGE","E00120327","26UGGE","E65000001","E01023697","E02004928","5","2B2","E00120327","E01023697","E02004928","E33027417","E38000079","E63011425","C1","5B3",51.808334,-0.337669,"E37000048","","E23000027",30369,"E56000035","E54000025","E00120327","E01023697","E02004928"
"AL5 1QD","AL5  1QD","AL5 1QD","198001","","E10000015","E58000626","E07000240","E05013954","E04013284","0","514770","0213462","1","E18000006","E40000007","E92000001","E12000006","5","E14001268","E15000006","E24000005","E30000237","E16000150","E07000240","26UGGE","E00120330","26UGGE","E65000001","E01023695","E02004928","5","4B3","E00120330","E01023695","E02004928","E33027417","E38000079","E63011425","C1","6A4",51.808024,-0.336709,"E37000048","","E23000027",32597,"E56000035","E54000025","E00120330","E01023695","E02004928"
"AL5 1QE","AL5  1QE","AL5 1QE","198001","","E10000015","E58000626","E07000240","E05013954","E04013284","0","514476","0213215","1","E18000006","E40000007","E92000001","E12000006","5","E14001268","E15000006","E24000005","E30000237","E16000150","E07000240","26UGGE","E00120332","26UGGE","E65000001","E01023697","E02004928","5","6B2","E00120332","E01023697","E02004928","E33027417","E38000079","E63011425","C1","4A1",51.805864,-0.341053,"E37000048","","E23000027",30369,"E56000035","E54000025","E00120332","E01023697","E02004928"
"AL5 1QF","AL5  1QF","AL5 1QF","198001","","E10000015","E58000626","E07000240","E05013954","E04013284","0","514355","0213124","1","E18000006","E40000007","E92000001","E12000006","5","E14001268","E15000006","E24000005","E30000237","E16000150","E07000240","26UGGE","E00120332","26UGGE","E65000001","E01023697","E02004928","5","6B2","E00120332","E01023697","E02004928","E33027417","E38000079","E63011425","C1","4A1",51.805071,-0.342837,"E37000048","","E23000027",30369,"E56000035","E54000025","E00120332","E01023697","E02004928"
"AL5 1QG","AL5  1QG","AL5 1QG","198001","","E10000015","E58000626","E07000240","E05013954","E04013284","0","514444","0213319","1","E18000006","E40000007","E92000001","E12000006","5","E14001268","E15000006","E24000005","E30000237","E16000150","E07000240","26UGGE","E00120327","26UGGE","E65000001","E01023697","E02004928","5","2B2","E00120327","E01023697","E02004928","E33027417","E38000079","E63011425","C1","5B3",51.806812,-0.341458,"E37000048","","E23000027",30369,"E56000035","E54000025","E00120327","E01023697","E02004928"
"AL5 1QH","AL5  1QH","AL5 1QH","198001","","E10000015","E58000626","E07000240","E05013955","E04013284","0","514068","0213275","1","E18000006","E40000007","E92000001","E12000006","5","E14001268","E15000006","E24000005","E30000237","E16000150","E07000240","26UGGF","E00120362","26UGGF","E65000001","E01023701","E02004926","5","5B2","E00120362","E01023701","E02004926","E33027411","E38000079","E63011425","C1","7A2",51.806487,-0.346948,"E37000048","","E23000027",29552,"E56000035","E54000025","E00120362","E01023701","E02004926"
"AL5 1QJ","AL5  1QJ","AL5 1QJ","198001","","E10000015","E58000626","E07000240","E05013955","E04013284","0","514081","0213327","1","E18000006","E40000007","E92000001","E12000006","5","E14001268","E15000006","E24000005","E30000237","E16000150","E07000240","26UGGF","E00120362","26UGGF","E65000001","E01023701","E02004926","5","5B2","E00120362","E01023701","E02004926","E33027411","E38000079","E63011425","C1","7A2",51.806952,-0.346742,"E37000048","","E23000027",29552,"E56000035","E54000025","E00120362","E01023701","E02004926"
"AL5 1QL","AL5  1QL","AL5 1QL","200607","","E10000015","E58000626","E07000240","E05013954","E04013284","0","514232","0213286","1","E18000006","E40000007","E92000001","E12000006","5","E14001268","E15000006","E24000005","E30000237","E16000150","E07000240","26UGGE","E00120327","26UGGE","E65000001","E01023697","E02004928","5","2B2","E00120327","E01023697","E02004928","E33027417","E38000079","E63011425","C1","5B3",51.806552,-0.344567,"E37000048","","E23000027",30369,"E56000035","E54000025","E00120327","E01023697","E02004928"
"AL5 1QN","AL5  1QN","AL5 1QN","198001","","E10000015","E58000626","E07000240","E05013955","E04013284","0","514040","0213403","1","E18000006","E40000007","E92000001","E12000006","5","E14001268","E15000006","E24000005","E30000237","E16000150","E07000240","26UGGF","E00120362","26UGGF","E65000001","E01023701","E02004926","5","5B2","E00120362","E01023701","E02004926","E33027411","E38000079","E63011425","C1","7A2",51.807650,-0.347287,"E37000048","","E23000027",29552,"E56000035","E54000025","E00120362","E01023701","E02004926"
"AL5 1QP","AL5  1QP","AL5 1QP","198001","","E10000015","E58000626","E07000240","E05013955","E04013284","0","514010","0213445","1","E18000006","E40000007","E92000001","E12000006","5","E14001268","E15000006","E24000005","E30000237","E16000150","E07000240","26UGGF","E00120362","26UGGF","E65000001","E01023701","E02004926","5","5B2","E00120362","E01023701","E02004926","E33027411","E38000079","E63011425","C1","7A2",51.808033,-0.347709,"E37000048","","E23000027",29552,"E56000035","E54000025","E00120362","E01023701","E02004926"
"AL5 1QQ","AL5  1QQ","AL5 1QQ","198001","","E10000015","E58000626","E07000240","E05013954","E04013284","0","514309","0213315","1","E18000006","E40000007","E92000001","E12000006","5","E14001268","E15000006","E24000005","E30000237","E16000150","E07000240","26UGGE","E00120327","26UGGE","E65000001","E01023697","E02004928","5","2B2","E00120327","E01023697","E02004928","E33027417","E38000079","E63011425","C1","5B3",51.806804,-0.343417,"E37000048","","E23000027",30369,"E56000035","E54000025","E00120327","E01023697","E02004928"
"AL5 1QR","AL5  1QR","AL5 1QR","198001","","E10000015","E58000626","E07000240","E05013955","E04013284","0","513987","0213480","1","E18000006","E40000007","E92000001","E12000006","5","E14001268","E15000006","E24000005","E30000237","E16000150","E07000240","26UGGF","E00120362","26UGGF","E65000001","E01023701","E02004926","5","5B2","E00120362","E01023701","E02004926","E33027411","E38000079","E63011425","C1","7A2",51.808346,-0.348055,"E37000048","","E23000027",29552,"E56000035","E54000025","E00120362","E01023701","E02004926"
"AL5 1QS","AL5  1QS","AL5 1QS","198001","199012","E10000015","E58000626","E07000240","E05013955","E04013284","0","513900","0213500","8","E18000006","E40000007","E92000001","E12000006","5","E14001268","E15000006","E24000005","E30000237","E16000150","E07000240","26UGGF","E00120362","26UGGF","E65000001","E01023701","E02004926","5","5B2","E00120362","E01023701","E02004926","E33027411","E38000079","","C1","7A2",51.808543,-0.349310,"E37000048","","E23000027",29552,"E56000035","E54000025","E00120362","E01023701","E02004926"
"AL5 1QT","AL5  1QT","AL5 1QT","199912","200301","E10000015","E58000626","E07000240","E05013954","E04013284","1","514251","0213271","1","E18000006","E40000007","E92000001","E12000006","5","E14001268","E15000006","E24000005","E30000237","E16000150","E07000240","26UGGE","E00120327","26UGGE","E65000001","E01023697","E02004928","5","2B2","E00120327","E01023697","E02004928","E33027417","E38000079","E63011425","C1","5B3",51.806414,-0.344296,"E37000048","","E23000027",30369,"E56000035","E54000025","E00120327","E01023697","E02004928"
"AL5 1QU","AL5  1QU","AL5 1QU","198001","","E10000015","E58000626","E07000240","E05013955","E04013284","0","514004","0213536","1","E18000006","E40000007","E92000001","E12000006","5","E14001268","E15000006","E24000005","E30000237","E16000150","E07000240","26UGGF","E00120362","26UGGF","E65000001","E01023701","E02004926","5","5B2","E00120362","E01023701","E02004926","E33027411","E38000079","E63011425","C1","7A2",51.808846,-0.347790,"E37000048","","E23000027",29552,"E56000035","E54000025","E00120362","E01023701","E02004926"
"AL5 1QW","AL5  1QW","AL5 1QW","198001","","E10000015","E58000626","E07000240","E05013955","E04013284","0","513967","0213392","1","E18000006","E40000007","E92000001","E12000006","5","E14001268","E15000006","E24000005","E30000237","E16000150","E07000240","26UGGF","E00120362","26UGGF","E65000001","E01023701","E02004926","5","5B2","E00120362","E01023701","E02004926","E33027411","E38000079","E63011425","C1","7A2",51.807559,-0.348374,"E37000048","","E23000027",29552,"E56000035","E54000025","E00120362","E01023701","E02004926"
"AL5 1QX","AL5  1QX","AL5 1QX","199101","","E10000015","E58000626","E07000240","E05013954","E04013284","0","514618","0212832","1","E18000006","E40000007","E92000001","E12000006","5","E14001268","E15000006","E24000005","E30000237","E16000150","E07000240","26UGGE","E00120325","26UGGE","E65000001","E01023698","E02004928","5","4A1","E00120325","E01023698","E02004928","E33027416","E38000079","E63011425","C1","6A2",51.802393,-0.339121,"E37000048","","E23000027",31986,"E56000035","E54000025","E00120325","E01023698","E02004928"
"AL5 1QY","AL5  1QY","AL5 1QY","198001","","E10000015","E58000626","E07000240","E05013955","E04013284","0","514002","0213291","1","E18000006","E40000007","E92000001","E12000006","5","E14001268","E15000006","E24000005","E30000237","E16000150","E07000240","26UGGF","E00120360","26UGGF","E65000001","E01023701","E02004926","5","6D2","E00120360","E01023701","E02004926","E33027411","E38000079","E63011425","C1","5A2",51.806644,-0.347899,"E37000048","","E23000027",29552,"E56000035","E54000025","E00120360","E01023701","E02004926"
"AL5 1RB","AL5  1RB","AL5 1RB","198001","","E10000015","E58000626","E07000240","E05013954","E04013284","0","514695","0213004","1","E18000006","E40000007","E92000001","E12000006","5","E14001268","E15000006","E24000005","E30000237","E16000150","E07000240","26UGGE","E00120339","26UGGE","E65000001","E01023698","E02004928","5","4B3","E00120339","E01023698","E02004928","E33027416","E38000079","E63011425","C1","6A3",51.803923,-0.337947,"E37000048","","E23000027",31986,"E56000035","E54000025","E00120339","E01023698","E02004928"
"AL5 1RD","AL5  1RD","AL5 1RD","198001","","E10000015","E58000626","E07000240","E05013954","E04013284","0","514545","0212977","1","E18000006","E40000007","E92000001","E12000006","5","E14001268","E15000006","E24000005","E30000237","E16000150","E07000240","26UGGE","E00120339","26UGGE","E65000001","E01023698","E02004928","5","4B3","E00120339","E01023698","E02004928","E33027416","E38000079","E63011425","C1","6A3",51.803711,-0.340131,"E37000048","","E23000027",31986,"E56000035","E54000025","E00120339","E01023698","E02004928"
"AL5 1RE","AL5  1RE","AL5 1RE","198001","","E10000015","E58000626","E07000240","E05013954","E04013284","0","514422","0212962","1","E18000006","E40000007","E92000001","E12000006","5","E14001268","E15000006","E24000005","E30000237","E16000150","E07000240","26UGGE","E00120325","26UGGE","E65000001","E01023698","E02004928","5","4A1","E00120325","E01023698","E02004928","E33027416","E38000079","E63011425","C1","6A2",51.803602,-0.341919,"E37000048","","E23000027",31986,"E56000035","E54000025","E00120325","E01023698","E02004928"
"AL5 1RF","AL5  1RF","AL5 1RF","198001","","E10000015","E58000626","E07000240","E05013954","E04013284","0","514582","0213032","1","E18000006","E40000007","E92000001","E12000006","5","E14001268","E15000006","E24000005","E30000237","E16000150","E07000240","26UGGE","E00120337","26UGGE","E65000001","E01023697","E02004928","5","4A2","E00120337","E01023697","E02004928","E33027416","E38000079","E63011425","C1","5A2",51.804198,-0.339576,"E37000048","","E23000027",30369,"E56000035","E54000025","E00120337","E01023697","E02004928"
"AL5 1RG","AL5  1RG","AL5 1RG","198001","","E10000015","E58000626","E07000240","E05013954","E04013284","0","514698","0213053","1","E18000006","E40000007","E92000001","E12000006","5","E14001268","E15000006","E24000005","E30000237","E16000150","E07000240","26UGGE","E00120337","26UGGE","E65000001","E01023697","E02004928","5","4A2","E00120337","E01023697","E02004928","E33027416","E38000079","E63011425","C1","5A2",51.804363,-0.337888,"E37000048","","E23000027",30369,"E56000035","E54000025","E00120337","E01023697","E02004928"
"AL5 1RH","AL5  1RH","AL5 1RH","198001","","E10000015","E58000626","E07000240","E05013954","E04013284","0","514558","0212953","1","E18000006","E40000007","E92000001","E12000006","5","E14001268","E15000006","E24000005","E30000237","E16000150","E07000240","26UGGE","E00120339","26UGGE","E65000001","E01023698","E02004928","5","4B3","E00120339","E01023698","E02004928","E33027416","E38000079","E63011425","C1","6A3",51.803493,-0.339950,"E37000048","","E23000027",31986,"E56000035","E54000025","E00120339","E01023698","E02004928"
"AL5 1RJ","AL5  1RJ","AL5 1RJ","198001","","E10000015","E58000626","E07000240","E05013954","E04013284","0","514563","0212792","1","E18000006","E40000007","E92000001","E12000006","5","E14001268","E15000006","E24000005","E30000237","E16000150","E07000240","26UGGE","E00120325","26UGGE","E65000001","E01023698","E02004928","5","4A1","E00120325","E01023698","E02004928","E33027416","E38000079","E63011425","C1","6A2",51.802045,-0.339931,"E37000048","","E23000027",31986,"E56000035","E54000025","E00120325","E01023698","E02004928"
"AL5 1RL","AL5  1RL","AL5 1RL","198001","","E10000015","E58000626","E07000240","E05013954","E04013284","0","514501","0212847","1","E18000006","E40000007","E92000001","E12000006","5","E14001268","E15000006","E24000005","E30000237","E16000150","E07000240","26UGGE","E00120325","26UGGE","E65000001","E01023698","E02004928","5","4A1","E00120325","E01023698","E02004928","E33027416","E38000079","E63011425","C1","6A2",51.802552,-0.340812,"E37000048","","E23000027",31986,"E56000035","E54000025","E00120325","E01023698","E02004928"
"AL5 1RN","AL5  1RN","AL5 1RN","198001","","E10000015","E58000626","E07000240","E05013954","E04013284","0","514451","0212885","1","E18000006","E40000007","E92000001","E12000006","5","E14001268","E15000006","E24000005","E30000237","E16000150","E07000240","26UGGE","E00120325","26UGGE","E65000001","E01023698","E02004928","5","4A1","E00120325","E01023698","E02004928","E33027416","E38000079","E63011425","C1","6A2",51.802910,-0.341500,"E37000048","","E23000027",31986,"E56000035","E54000025","E00120325","E01023698","E02004928"
"AL5 1RP","AL5  1RP","AL5 1RP","198001","","E10000015","E58000626","E07000240","E05013954","E04013284","0","514548","0213073","1","E18000006","E40000007","E92000001","E12000006","5","E14001268","E15000006","E24000005","E30000237","E16000150","E07000240","26UGGE","E00120337","26UGGE","E65000001","E01023697","E02004928","5","4A2","E00120337","E01023697","E02004928","E33027416","E38000079","E63011425","C1","5A2",51.804573,-0.340056,"E37000048","","E23000027",30369,"E56000035","E54000025","E00120337","E01023697","E02004928"
"AL5 1RQ","AL5  1RQ","AL5 1RQ","198001","","E10000015","E58000626","E07000240","E05013954","E04013284","0","514655","0212976","1","E18000006","E40000007","E92000001","E12000006","5","E14001268","E15000006","E24000005","E30000237","E16000150","E07000240","26UGGE","E00120339","26UGGE","E65000001","E01023698","E02004928","5","4B3","E00120339","E01023698","E02004928","E33027416","E38000079","E63011425","C1","6A3",51.803680,-0.338537,"E37000048","","E23000027",31986,"E56000035","E54000025","E00120339","E01023698","E02004928"
"AL5 1RR","AL5  1RR","AL5 1RR","198001","","E10000015","E58000626","E07000240","E05013954","E04013284","0","514473","0213040","1","E18000006","E40000007","E92000001","E12000006","5","E14001268","E15000006","E24000005","E30000237","E16000150","E07000240","26UGGE","E00120337","26UGGE","E65000001","E01023697","E02004928","5","4A2","E00120337","E01023697","E02004928","E33027416","E38000079","E63011425","C1","5A2",51.804292,-0.341154,"E37000048","","E23000027",30369,"E56000035","E54000025","E00120337","E01023697","E02004928"
"AL5 1RS","AL5  1RS","AL5 1RS","198001","","E10000015","E58000626","E07000240","E05013954","E04013284","0","514504","0212768","1","E18000006","E40000007","E92000001","E12000006","5","E14001268","E15000006","E24000005","E30000237","E16000150","E07000240","26UGGE","E00120343","26UGGE","E65000001","E01023698","E02004928","5","4B3","E00120343","E01023698","E02004928","E33027418","E38000079","E63011425","C1","6A1",51.801841,-0.340794,"E37000048","","E23000027",31986,"E56000035","E54000025","E00120343","E01023698","E02004928"
"AL5 1RT","AL5  1RT","AL5 1RT","198001","","E10000015","E58000626","E07000240","E05013954","E04013284","0","514663","0212671","1","E18000006","E40000007","E92000001","E12000006","5","E14001268","E15000006","E24000005","E30000237","E16000150","E07000240","26UGGE","E00120343","26UGGE","E65000001","E01023698","E02004928","5","4B3","E00120343","E01023698","E02004928","E33027418","E38000079","E63011425","C1","6A1",51.800937,-0.338521,"E37000048","","E23000027",31986,"E56000035","E54000025","E00120343","E01023698","E02004928"
"AL5 1RU","AL5  1RU","AL5 1RU","198001","","E10000015","E58000626","E07000240","E05013954","E04013284","0","514512","0212705","1","E18000006","E40000007","E92000001","E12000006","5","E14001268","E15000006","E24000005","E30000237","E16000150","E07000240","26UGGE","E00120343","26UGGE","E65000001","E01023698","E02004928","5","4B3","E00120343","E01023698","E02004928","E33027418","E38000079","E63011425","C1","6A1",51.801274,-0.340699,"E37000048","","E23000027",31986,"E56000035","E54000025","E00120343","E01023698","E02004928"
"AL5 1RW","AL5  1RW","AL5 1RW","198001","","E10000015","E58000626","E07000240","E05013954","E04013284","0","514618","0213125","1","E18000006","E40000007","E92000001","E12000006","5","E14001268","E15000006","E24000005","E30000237","E16000150","E07000240","26UGGE","E00120334","26UGGE","E65000001","E01023697","E02004928","5","6A1","E00120334","E01023697","E02004928","E33027416","E38000079","E63011425","C1","6B2",51.805026,-0.339024,"E37000048","","E23000027",30369,"E56000035","E54000025","E00120334","E01023697","E02004928"
"AL5 1RX","AL5  1RX","AL5 1RX","198001","199012","E10000015","E58000626","E07000240","E05013954","E04013284","0","514500","0212600","8","E18000006","E40000007","E92000001","E12000006","5","E14001268","E15000006","E24000005","E30000237","E16000150","E07000240","26UGGE","E00120324","26UGGE","E65000001","E01023697","E02004928","5","4D2","E00120324","E01023697","E02004928","E33027418","E38000079","E63011425","C1","5B1",51.800332,-0.340908,"E37000048","","E23000027",30369,"E56000035","E54000025","E00120324","E01023697","E02004928"
"AL5 1RZ","AL5  1RZ","AL5 1RZ","198001","","E10000015","E58000626","E07000240","E05013954","E04013284","0","514564","0212602","1","E18000006","E40000007","E92000001","E12000006","5","E14001268","E15000006","E24000005","E30000237","E16000150","E07000240","26UGGE","E00120343","26UGGE","E65000001","E01023698","E02004928","5","4B3","E00120343","E01023698","E02004928","E33027418","E38000079","E63011425","C1","6A1",51.800337,-0.339979,"E37000048","","E23000027",31986,"E56000035","E54000025","E00120343","E01023698","E02004928"
"AL5 1SA","AL5  1SA","AL5 1SA","199109","199212","E10000015","E58000626","E07000240","E05013954","E04013284","1","514600","0212700","8","E18000006","E40000007","E92000001","E12000006","5","E14001268","E15000006","E24000005","E30000237","E16000150","E07000240","26UGGE","E00120340","26UGGE","E65000001","E01023698","E02004928","5","4A1","E00120340","E01023698","E02004928","E33027416","E38000079","E63011425","C1","6A1",51.801211,-0.339425,"E37000048","","E23000027",31986,"E56000035","E54000025","E00120340","E01023698","E02004928"
"AL5 1SB","AL5  1SB","AL5 1SB","198001","199012","E10000015","E58000626","E07000240","E05013954","E04013284","0","514600","0212700","8","E18000006","E40000007","E92000001","E12000006","5","E14001268","E15000006","E24000005","E30000237","E16000150","E07000240","26UGGE","E00120340","26UGGE","E65000001","E01023698","E02004928","5","4A1","E00120340","E01023698","E02004928","E33027416","E38000079","E63011425","C1","6A1",51.801211,-0.339425,"E37000048","","E23000027",31986,"E56000035","E54000025","E00120340","E01023698","E02004928"
"AL5 1SD","AL5  1SD","AL5 1SD","198001","","E10000015","E58000626","E07000240","E05013954","E04013284","0","514881","0213036","1","E18000006","E40000007","E92000001","E12000006","5","E14001268","E15000006","E24000005","E30000237","E16000150","E07000240","26UGGE","E00120336","26UGGE","E65000001","E01023698","E02004928","5","4A2","E00120336","E01023698","E02004928","E33027416","E38000079","E63011425","C1","6B2",51.804173,-0.335241,"E37000048","","E23000027",31986,"E56000035","E54000025","E00120336","E01023698","E02004928"
"AL5 1SE","AL5  1SE","AL5 1SE","198001","","E10000015","E58000626","E07000240","E05013954","E04013284","0","514788","0212926","1","E18000006","E40000007","E92000001","E12000006","5","E14001268","E15000006","E24000005","E30000237","E16000150","E07000240","26UGGE","E00120336","26UGGE","E65000001","E01023698","E02004928","5","4A2","E00120336","E01023698","E02004928","E33027416","E38000079","E63011425","C1","6B2",51.803203,-0.336625,"E37000048","","E23000027",31986,"E56000035","E54000025","E00120336","E01023698","E02004928"
"AL5 1SF","AL5  1SF","AL5 1SF","198001","","E10000015","E58000626","E07000240","E05013954","E04013284","0","514784","0212837","1","E18000006","E40000007","E92000001","E12000006","5","E14001268","E15000006","E24000005","E30000237","E16000150","E07000240","26UGGE","E00120340","26UGGE","E65000001","E01023698","E02004928","5","4A1","E00120340","E01023698","E02004928","E33027416","E38000079","E63011425","C1","6A1",51.802404,-0.336713,"E37000048","","E23000027",31986,"E56000035","E54000025","E00120340","E01023698","E02004928"
"AL5 1SG","AL5  1SG","AL5 1SG","198001","","E10000015","E58000626","E07000240","E05013954","E04013284","0","514792","0212990","1","E18000006","E40000007","E92000001","E12000006","5","E14001268","E15000006","E24000005","E30000237","E16000150","E07000240","26UGGE","E00120339","26UGGE","E65000001","E01023698","E02004928","5","4B3","E00120339","E01023698","E02004928","E33027416","E38000079","E63011425","C1","6A3",51.803778,-0.336546,"E37000048","","E23000027",31986,"E56000035","E54000025","E00120339","E01023698","E02004928"
"AL5 1SH","AL5  1SH","AL5 1SH","198001","","E10000015","E58000626","E07000240","E05013954","E04013284","0","514669","0212888","1","E18000006","E40000007","E92000001","E12000006","5","E14001268","E15000006","E24000005","E30000237","E16000150","E07000240","26UGGE","E00120336","26UGGE","E65000001","E01023698","E02004928","5","4A2","E00120336","E01023698","E02004928","E33027416","E38000079","E63011425","C1","6B2",51.802886,-0.338363,"E37000048","","E23000027",31986,"E56000035","E54000025","E00120336","E01023698","E02004928"
"AL5 1SJ","AL5  1SJ","AL5 1SJ","198001","","E10000015","E58000626","E07000240","E05013954","E04013284","0","514716","0212811","1","E18000006","E40000007","E92000001","E12000006","5","E14001268","E15000006","E24000005","E30000237","E16000150","E07000240","26UGGE","E00120336","26UGGE","E65000001","E01023698","E02004928","5","4A2","E00120336","E01023698","E02004928","E33027416","E38000079","E63011425","C1","6B2",51.802184,-0.337707,"E37000048","","E23000027",31986,"E56000035","E54000025","E00120336","E01023698","E02004928"
"AL5 1SL","AL5  1SL","AL5 1SL","198001","","E10000015","E58000626","E07000240","E05013954","E04013284","0","514812","0212819","1","E18000006","E40000007","E92000001","E12000006","5","E14001268","E15000006","E24000005","E30000237","E16000150","E07000240","26UGGE","E00120340","26UGGE","E65000001","E01023698","E02004928","5","4A1","E00120340","E01023698","E02004928","E33027416","E38000079","E63011425","C1","6A1",51.802237,-0.336313,"E37000048","","E23000027",31986,"E56000035","E54000025","E00120340","E01023698","E02004928"
"AL5 1SN","AL5  1SN","AL5 1SN","198001","","E10000015","E58000626","E07000240","E05013954","E04013284","0","514698","0212775","1","E18000006","E40000007","E92000001","E12000006","5","E14001268","E15000006","E24000005","E30000237","E16000150","E07000240","26UGGE","E00120340","26UGGE","E65000001","E01023698","E02004928","5","4A1","E00120340","E01023698","E02004928","E33027416","E38000079","E63011425","C1","6A1",51.801865,-0.337980,"E37000048","","E23000027",31986,"E56000035","E54000025","E00120340","E01023698","E02004928"
"AL5 1SP","AL5  1SP","AL5 1SP","198001","","E10000015","E58000626","E07000240","E05013954","E04013284","0","514883","0212804","1","E18000006","E40000007","E92000001","E12000006","5","E14001268","E15000006","E24000005","E30000237","E16000150","E07000240","26UGGE","E00120340","26UGGE","E65000001","E01023698","E02004928","5","4A1","E00120340","E01023698","E02004928","E33027416","E38000079","E63011425","C1","6A1",51.802087,-0.335288,"E37000048","","E23000027",31986,"E56000035","E54000025","E00120340","E01023698","E02004928"
"AL5 1SQ","AL5  1SQ","AL5 1SQ","198001","","E10000015","E58000626","E07000240","E05013954","E04013284","0","514759","0212979","1","E18000006","E40000007","E92000001","E12000006","5","E14001268","E15000006","E24000005","E30000237","E16000150","E07000240","26UGGE","E00120339","26UGGE","E65000001","E01023698","E02004928","5","4B3","E00120339","E01023698","E02004928","E33027416","E38000079","E63011425","C1","6A3",51.803685,-0.337028,"E37000048","","E23000027",31986,"E56000035","E54000025","E00120339","E01023698","E02004928"
"AL5 1SR","AL5  1SR","AL5 1SR","198001","","E10000015","E58000626","E07000240","E05013954","E04013284","0","514835","0212909","1","E18000006","E40000007","E92000001","E12000006","5","E14001268","E15000006","E24000005","E30000237","E16000150","E07000240","26UGGE","E00120340","26UGGE","E65000001","E01023698","E02004928","5","4A1","E00120340","E01023698","E02004928","E33027416","E38000079","E63011425","C1","6A1",51.803041,-0.335949,"E37000048","","E23000027",31986,"E56000035","E54000025","E00120340","E01023698","E02004928"
"AL5 1SS","AL5  1SS","AL5 1SS","198001","","E10000015","E58000626","E07000240","E05013954","E04013284","0","514981","0212859","1","E18000006","E40000007","E92000001","E12000006","5","E14001268","E15000006","E24000005","E30000237","E16000150","E07000240","26UGGE","E00120336","26UGGE","E65000001","E01023698","E02004928","5","4A2","E00120336","E01023698","E02004928","E33027416","E38000079","E63011425","C1","6B2",51.802561,-0.333849,"E37000048","","E23000027",31986,"E56000035","E54000025","E00120336","E01023698","E02004928"
"AL5 1ST","AL5  1ST","AL5 1ST","198001","","E10000015","E58000626","E07000240","E05013954","E04013284","0","514948","0212973","1","E18000006","E40000007","E92000001","E12000006","5","E14001268","E15000006","E24000005","E30000237","E16000150","E07000240","26UGGE","E00120336","26UGGE","E65000001","E01023698","E02004928","5","4A2","E00120336","E01023698","E02004928","E33027416","E38000079","E63011425","C1","6B2",51.803593,-0.334290,"E37000048","","E23000027",31986,"E56000035","E54000025","E00120336","E01023698","E02004928"
"AL5 1SU","AL5  1SU","AL5 1SU","198001","","E10000015","E58000626","E07000240","E05013954","E04013284","0","515032","0212902","1","E18000006","E40000007","E92000001","E12000006","5","E14001268","E15000006","E24000005","E30000237","E16000150","E07000240","26UGGE","E00120336","26UGGE","E65000001","E01023698","E02004928","5","4A2","E00120336","E01023698","E02004928","E33027416","E38000079","E63011425","C1","6B2",51.802937,-0.333096,"E37000048","","E23000027",31986,"E56000035","E54000025","E00120336","E01023698","E02004928"
"AL5 1SW","AL5  1SW","AL5 1SW","198001","","E10000015","E58000626","E07000240","E05013954","E04013284","0","514798","0212760","1","E18000006","E40000007","E92000001","E12000006","5","E14001268","E15000006","E24000005","E30000237","E16000150","E07000240","26UGGE","E00120340","26UGGE","E65000001","E01023698","E02004928","5","4A1","E00120340","E01023698","E02004928","E33027416","E38000079","E63011425","C1","6A1",51.801709,-0.336535,"E37000048","","E23000027",31986,"E56000035","E54000025","E00120340","E01023698","E02004928"
"AL5 1SX","AL5  1SX","AL5 1SX","198001","","E10000015","E58000626","E07000240","E05013954","E04013284","0","515038","0213002","1","E18000006","E40000007","E92000001","E12000006","5","E14001268","E15000006","E24000005","E30000237","E16000150","E07000240","26UGGE","E00120333","26UGGE","E65000001","E01023695","E02004928","5","6B2","E00120333","E01023695","E02004928","E33027416","E38000079","E63011425","C1","5B3",51.803835,-0.332976,"E37000048","","E23000027",32597,"E56000035","E54000025","E00120333","E01023695","E02004928"
"AL5 1SY","AL5  1SY","AL5 1SY","198001","","E10000015","E58000626","E07000240","E05013954","E04013284","0","515100","0212999","1","E18000006","E40000007","E92000001","E12000006","5","E14001268","E15000006","E24000005","E30000237","E16000150","E07000240","26UGGE","E00120333","26UGGE","E65000001","E01023695","E02004928","5","6B2","E00120333","E01023695","E02004928","E33027416","E38000079","E63011425","C1","5B3",51.803795,-0.332078,"E37000048","","E23000027",32597,"E56000035","E54000025","E00120333","E01023695","E02004928"
"AL5 1SZ","AL5  1SZ","AL5 1SZ","198001","","E10000015","E58000626","E07000240","E05013954","E04013284","0","514652","0212646","1","E18000006","E40000007","E92000001","E12000006","5","E14001268","E15000006","E24000005","E30000237","E16000150","E07000240","26UGGE","E00120343","26UGGE","E65000001","E01023698","E02004928","5","4B3","E00120343","E01023698","E02004928","E33027418","E38000079","E63011425","C1","6A1",51.800715,-0.338689,"E37000048","","E23000027",31986,"E56000035","E54000025","E00120343","E01023698","E02004928"
"AL5 1TA","AL5  1TA","AL5 1TA","198001","","E10000015","E58000626","E07000240","E05013954","E04013284","0","514624","0212688","1","E18000006","E40000007","E92000001","E12000006","5","E14001268","E15000006","E24000005","E30000237","E16000150","E07000240","26UGGE","E00120343","26UGGE","E65000001","E01023698","E02004928","5","4B3","E00120343","E01023698","E02004928","E33027418","E38000079","E63011425","C1","6A1",51.801098,-0.339081,"E37000048","","E23000027",31986,"E56000035","E54000025","E00120343","E01023698","E02004928"
"AL5 1TB","AL5  1TB","AL5 1TB","198001","","E10000015","E58000626","E07000240","E05013954","E04013284","0","514622","0212716","1","E18000006","E40000007","E92000001","E12000006","5","E14001268","E15000006","E24000005","E30000237","E16000150","E07000240","26UGGE","E00120340","26UGGE","E65000001","E01023698","E02004928","5","4A1","E00120340","E01023698","E02004928","E33027416","E38000079","E63011425","C1","6A1",51.801350,-0.339101,"E37000048","","E23000027",31986,"E56000035","E54000025","E00120340","E01023698","E02004928"
"AL5 1TD","AL5  1TD","AL5 1TD","198001","","E10000015","E58000626","E07000240","E05013954","E04013284","0","514709","0212695","1","E18000006","E40000007","E92000001","E12000006","5","E14001268","E15000006","E24000005","E30000237","E16000150","E07000240","26UGGE","E00120343","26UGGE","E65000001","E01023698","E02004928","5","4B3","E00120343","E01023698","E02004928","E33027418","E38000079","E63011425","C1","6A1",51.801143,-0.337847,"E37000048","","E23000027",31986,"E56000035","E54000025","E00120343","E01023698","E02004928"
"AL5 1TE","AL5  1TE","AL5 1TE","199806","","E10000015","E58000626","E07000240","E05013955","E04013284","0","513597","0214110","1","E18000006","E40000007","E92000001","E12000006","5","E14001268","E15000006","E24000005","E30000237","E16000150","E07000240","26UGGF","E00120354","26UGGF","E65000001","E01023701","E02004926","5","6D2","E00120354","E01023701","E02004926","E33024309","E38000079","E63011425","C1","5B1",51.814094,-0.353478,"E37000048","","E23000027",29552,"E56000035","E54000025","E00120354","E01023701","E02004926"
"AL5 1TF","AL5  1TF","AL5 1TF","199412","199606","E10000015","E58000626","E07000240","E05013955","E04013284","1","513500","0214100","8","E18000006","E40000007","E92000001","E12000006","5","E14001268","E15000006","E24000005","E30000237","E16000150","E07000240","26UGGF","E00120354","26UGGF","E65000001","E01023701","E02004926","5","6D2","E00120354","E01023701","E02004926","E33024309","E38000079","E63011425","C1","5B1",51.814017,-0.354913,"E37000048","","E23000027",29552,"E56000035","E54000025","E00120354","E01023701","E02004926"
"AL5 1TG","AL5  1TG","AL5 1TG","199201","199212","E10000015","E58000626","E07000240","E05013955","E04013284","1","513500","0214100","8","E18000006","E40000007","E92000001","E12000006","5","E14001268","E15000006","E24000005","E30000237","E16000150","E07000240","26UGGF","E00120354","26UGGF","E65000001","E01023701","E02004926","5","6D2","E00120354","E01023701","E02004926","E33024309","E38000079","E63011425","C1","5B1",51.814017,-0.354913,"E37000048","","E23000027",29552,"E56000035","E54000025","E00120354","E01023701","E02004926"
"AL5 1TH","AL5  1TH","AL5 1TH","199308","","E10000015","E58000626","E07000240","E05013954","E04013284","0","514411","0213278","1","E18000006","E40000007","E92000001","E12000006","5","E14001268","E15000006","E24000005","E30000237","E16000150","E07000240","26UGGE","E00120327","26UGGE","E65000001","E01023697","E02004928","5","2B2","E00120327","E01023697","E02004928","E33027417","E38000079","E63011425","C1","5B3",51.806444,-0.341974,"E37000048","","E23000027",30369,"E56000035","E54000025","E00120327","E01023697","E02004928"
"AL5 1TQ","AL5  1TQ","AL5 1TQ","199208","199405","E10000015","E58000626","E07000240","E05013955","E04013284","1","513500","0214100","8","E18000006","E40000007","E92000001","E12000006","5","E14001268","E15000006","E24000005","E30000237","E16000150","E07000240","26UGGF","E00120354","26UGGF","E65000001","E01023701","E02004926","5","6D2","E00120354","E01023701","E02004926","E33024309","E38000079","E63011425","C1","5B1",51.814017,-0.354913,"E37000048","","E23000027",29552,"E56000035","E54000025","E00120354","E01023701","E02004926"
"AL5 1WA","AL5  1WA","AL5 1WA","200112","200310","E10000015","E58000626","E07000240","E05013954","E04013284","1","514411","0213278","5","E18000006","E40000007","E92000001","E12000006","5","E14001268","E15000006","E24000005","E30000237","E16000150","E07000240","26UGGE","E00120327","26UGGE","E65000001","E01023697","E02004928","5","2B2","E00120327","E01023697","E02004928","E33027417","E38000079","E63011425","C1","5B3",51.806444,-0.341974,"E37000048","","E23000027",30369,"E56000035","E54000025","E00120327","E01023697","E02004928"
"AL5 1WB","AL5  1WB","AL5 1WB","201202","201211","E10000015","E58000626","E07000240","E05013955","E04013284","1","513594","0214185","1","E18000006","E40000007","E92000001","E12000006","5","E14001268","E15000006","E24000005","E30000237","E16000150","E07000240","26UGGF","E00120354","26UGGF","E65000001","E01023701","E02004926","5","6D2","E00120354","E01023701","E02004926","E33024309","E38000079","E63011425","C1","5B1",51.814762,-0.353522,"E37000048","","E23000027",29552,"E56000035","E54000025","E00120354","E01023701","E02004926"
"AL5 1WD","AL5  1WD","AL5 1WD","200112","201110","E10000015","E58000626","E07000240","E05013955","E04013284","1","513594","0214185","1","E18000006","E40000007","E92000001","E12000006","5","E14001268","E15000006","E24000005","E30000237","E16000150","E07000240","26UGGF","E00120354","26UGGF","E65000001","E01023701","E02004926","5","6D2","E00120354","E01023701","E02004926","E33024309","E38000079","E63011425","C1","5B1",51.814762,-0.353522,"E37000048","","E23000027",29552,"E56000035","E54000025","E00120354","E01023701","E02004926"
"AL5 1WE","AL5  1WE","AL5 1WE","200112","200309","E10000015","E58000626","E07000240","E05013954","E04013284","1","514411","0213278","5","E18000006","E40000007","E92000001","E12000006","5","E14001268","E15000006","E24000005","E30000237","E16000150","E07000240","26UGGE","E00120327","26UGGE","E65000001","E01023697","E02004928","5","2B2","E00120327","E01023697","E02004928","E33027417","E38000079","E63011425","C1","5B3",51.806444,-0.341974,"E37000048","","E23000027",30369,"E56000035","E54000025","E00120327","E01023697","E02004928"
"AL5 1WG","AL5  1WG","AL5 1WG","200207","200701","E10000015","E58000626","E07000240","E05013955","E04013284","1","513594","0214185","1","E18000006","E40000007","E92000001","E12000006","5","E14001268","E15000006","E24000005","E30000237","E16000150","E07000240","26UGGF","E00120354","26UGGF","E65000001","E01023701","E02004926","5","6D2","E00120354","E01023701","E02004926","E33024309","E38000079","E63011425","C1","5B1",51.814762,-0.353522,"E37000048","","E23000027",29552,"E56000035","E54000025","E00120354","E01023701","E02004926"
"AL5 1WJ","AL5  1WJ","AL5 1WJ","200206","200310","E10000015","E58000626","E07000240","E05013954","E04013284","1","514411","0213278","5","E18000006","E40000007","E92000001","E12000006","5","E14001268","E15000006","E24000005","E30000237","E16000150","E07000240","26UGGE","E00120327","26UGGE","E65000001","E01023697","E02004928","5","2B2","E00120327","E01023697","E02004928","E33027417","E38000079","E63011425","C1","5B3",51.806444,-0.341974,"E37000048","","E23000027",30369,"E56000035","E54000025","E00120327","E01023697","E02004928"
"AL5 1WW","AL5  1WW","AL5 1WW","200411","200812","E10000015","E58000626","E07000240","E05013955","E04013284","1","513594","0214185","1","E18000006","E40000007","E92000001","E12000006","5","E14001268","E15000006","E24000005","E30000237","E16000150","E07000240","26UGGF","E00120354","26UGGF","E65000001","E01023701","E02004926","5","6D2","E00120354","E01023701","E02004926","E33024309","E38000079","E63011425","C1","5B1",51.814762,-0.353522,"E37000048","","E23000027",29552,"E56000035","E54000025","E00120354","E01023701","E02004926"
"AL5 1WX","AL5  1WX","AL5 1WX","200410","200602","E10000015","E58000626","E07000240","E05013955","E04013284","1","513594","0214185","1","E18000006","E40000007","E92000001","E12000006","5","E14001268","E15000006","E24000005","E30000237","E16000150","E07000240","26UGGF","E00120354","26UGGF","E65000001","E01023701","E02004926","5","6D2","E00120354","E01023701","E02004926","E33024309","E38000079","E63011425","C1","5B1",51.814762,-0.353522,"E37000048","","E23000027",29552,"E56000035","E54000025","E00120354","E01023701","E02004926"
"AL5 1WY","AL5  1WY","AL5 1WY","200611","200810","E10000015","E58000626","E07000240","E05013955","E04013284","1","513594","0214185","1","E18000006","E40000007","E92000001","E12000006","5","E14001268","E15000006","E24000005","E30000237","E16000150","E07000240","26UGGF","E00120354","26UGGF","E65000001","E01023701","E02004926","5","6D2","E00120354","E01023701","E02004926","E33024309","E38000079","E63011425","C1","5B1",51.814762,-0.353522,"E37000048","","E23000027",29552,"E56000035","E54000025","E00120354","E01023701","E02004926"
"AL5 1WZ","AL5  1WZ","AL5 1WZ","200207","200602","E10000015","E58000626","E07000240","E05013955","E04013284","1","513594","0214185","1","E18000006","E40000007","E92000001","E12000006","5","E14001268","E15000006","E24000005","E30000237","E16000150","E07000240","26UGGF","E00120354","26UGGF","E65000001","E01023701","E02004926","5","6D2","E00120354","E01023701","E02004926","E33024309","E38000079","E63011425","C1","5B1",51.814762,-0.353522,"E37000048","","E23000027",29552,"E56000035","E54000025","E00120354","E01023701","E02004926"
"AL5 1XA","AL5  1XA","AL5 1XA","200206","201105","E10000015","E58000626","E07000240","E05013955","E04013284","1","513594","0214185","1","E18000006","E40000007","E92000001","E12000006","5","E14001268","E15000006","E24000005","E30000237","E16000150","E07000240","26UGGF","E00120354","26UGGF","E65000001","E01023701","E02004926","5","6D2","E00120354","E01023701","E02004926","E33024309","E38000079","E63011425","C1","5B1",51.814762,-0.353522,"E37000048","","E23000027",29552,"E56000035","E54000025","E00120354","E01023701","E02004926"
"AL5 1XG","AL5  1XG","AL5 1XG","200210","200304","E10000015","E58000626","E07000240","E05013954","E04013284","1","514411","0213278","5","E18000006","E40000007","E92000001","E12000006","5","E14001268","E15000006","E24000005","E30000237","E16000150","E07000240","26UGGE","E00120327","26UGGE","E65000001","E01023697","E02004928","5","2B2","E00120327","E01023697","E02004928","E33027417","E38000079","E63011425","C1","5B3",51.806444,-0.341974,"E37000048","","E23000027",30369,"E56000035","E54000025","E00120327","E01023697","E02004928"
"AL5 1XJ","AL5  1XJ","AL5 1XJ","200810","201811","E10000015","E58000664","E07000240","E05013956","E43000290","1","517321","0206803","1","E18000006","E40000007","E92000001","E12000006","5","E14001507","E15000006","E24000005","E30000237","E16000150","E07000240","26UGFX","E00120196","26UGFX","E65000001","E01023667","E02004936","5","6D1","E00120196","E01023667","E02004936","E33027453","E38000079","E63011552","C1","5A2",51.747650,-0.301973,"E37000048","","E23000027",30628,"E56000035","E54000025","E00120196","E01023667","E02004936"
"AL5 1XN","AL5  1XN","AL5 1XN","200212","200604","E10000015","E58000626","E07000240","E05013955","E04013284","1","513594","0214185","1","E18000006","E40000007","E92000001","E12000006","5","E14001268","E15000006","E24000005","E30000237","E16000150","E07000240","26UGGF","E00120354","26UGGF","E65000001","E01023701","E02004926","5","6D2","E00120354","E01023701","E02004926","E33024309","E38000079","E63011425","C1","5B1",51.814762,-0.353522,"E37000048","","E23000027",29552,"E56000035","E54000025","E00120354","E01023701","E02004926"
"AL5 1XQ","AL5  1XQ","AL5 1XQ","200401","200508","E10000015","E58000626","E07000240","E05013954","E04013284","1","514411","0213278","5","E18000006","E40000007","E92000001","E12000006","5","E14001268","E15000006","E24000005","E30000237","E16000150","E07000240","26UGGE","E00120327","26UGGE","E65000001","E01023697","E02004928","5","2B2","E00120327","E01023697","E02004928","E33027417","E38000079","E63011425","C1","5B3",51.806444,-0.341974,"E37000048","","E23000027",30369,"E56000035","E54000025","E00120327","E01023697","E02004928"
"AL5 1XZ","AL5  1XZ","AL5 1XZ","200209","200610","E10000015","E58000626","E07000240","E05013955","E04013284","1","513594","0214185","1","E18000006","E40000007","E92000001","E12000006","5","E14001268","E15000006","E24000005","E30000237","E16000150","E07000240","26UGGF","E00120354","26UGGF","E65000001","E01023701","E02004926","5","6D2","E00120354","E01023701","E02004926","E33024309","E38000079","E63011425","C1","5B1",51.814762,-0.353522,"E37000048","","E23000027",29552,"E56000035","E54000025","E00120354","E01023701","E02004926"
"AL5 1YA","AL5  1YA","AL5 1YA","199806","200107","E10000015","E58000626","E07000240","E05013954","E04013284","1","514637","0213187","6","E18000006","E40000007","E92000001","E12000006","5","E14001268","E15000006","E24000005","E30000237","E16000150","E07000240","26UGGE","E00120334","26UGGE","E65000001","E01023697","E02004928","5","6A1","E00120334","E01023697","E02004928","E33027416","E38000079","E63011425","C1","6B2",51.805580,-0.338728,"E37000048","","E23000027",30369,"E56000035","E54000025","E00120334","E01023697","E02004928"
"AL5 1YY","AL5  1YY","AL5 1YY","200404","200511","E10000015","E58000626","E07000240","E05013955","E04013284","1","513594","0214185","1","E18000006","E40000007","E92000001","E12000006","5","E14001268","E15000006","E24000005","E30000237","E16000150","E07000240","26UGGF","E00120354","26UGGF","E65000001","E01023701","E02004926","5","6D2","E00120354","E01023701","E02004926","E33024309","E38000079","E63011425","C1","5B1",51.814762,-0.353522,"E37000048","","E23000027",29552,"E56000035","E54000025","E00120354","E01023701","E02004926"
"AL5 1YZ","AL5  1YZ","AL5 1YZ","200310","200604","E10000015","E58000626","E07000240","E05013955","E04013284","1","513594","0214185","1","E18000006","E40000007","E92000001","E12000006","5","E14001268","E15000006","E24000005","E30000237","E16000150","E07000240","26UGGF","E00120354","26UGGF","E65000001","E01023701","E02004926","5","6D2","E00120354","E01023701","E02004926","E33024309","E38000079","E63011425","C1","5B1",51.814762,-0.353522,"E37000048","","E23000027",29552,"E56000035","E54000025","E00120354","E01023701","E02004926"
"AL5 1ZD","AL5  1ZD","AL5 1ZD","199712","199812","E10000015","E58000626","E07000240","E05013954","E04013284","1","514650","0213183","6","E18000006","E40000007","E92000001","E12000006","5","E14001268","E15000006","E24000005","E30000237","E16000150","E07000240","26UGGE","E00120334","26UGGE","E65000001","E01023697","E02004928","5","6A1","E00120334","E01023697","E02004928","E33027416","E38000079","E63011425","C1","6B2",51.805541,-0.338541,"E37000048","","E23000027",30369,"E56000035","E54000025","E00120334","E01023697","E02004928"
"AL5 1ZE","AL5  1ZE","AL5 1ZE","199712","199906","E10000015","E58000626","E07000240","E05013954","E04013284","1","514650","0213183","6","E18000006","E40000007","E92000001","E12000006","5","E14001268","E15000006","E24000005","E30000237","E16000150","E07000240","26UGGE","E00120334","26UGGE","E65000001","E01023697","E02004928","5","6A1","E00120334","E01023697","E02004928","E33027416","E38000079","E63011425","C1","6B2",51.805541,-0.338541,"E37000048","","E23000027",30369,"E56000035","E54000025","E00120334","E01023697","E02004928"
"AL5 1ZF","AL5  1ZF","AL5 1ZF","199712","199906","E10000015","E58000626","E07000240","E05013954","E04013284","1","514650","0213183","6","E18000006","E40000007","E92000001","E12000006","5","E14001268","E15000006","E24000005","E30000237","E16000150","E07000240","26UGGE","E00120334","26UGGE","E65000001","E01023697","E02004928","5","6A1","E00120334","E01023697","E02004928","E33027416","E38000079","E63011425","C1","6B2",51.805541,-0.338541,"E37000048","","E23000027",30369,"E56000035","E54000025","E00120334","E01023697","E02004928"
"AL5 1ZG","AL5  1ZG","AL5 1ZG","200708","200908","E10000015","E58000626","E07000240","E05013955","E04013284","1","513594","0214185","1","E18000006","E40000007","E92000001","E12000006","5","E14001268","E15000006","E24000005","E30000237","E16000150","E07000240","26UGGF","E00120354","26UGGF","E65000001","E01023701","E02004926","5","6D2","E00120354","E01023701","E02004926","E33024309","E38000079","E63011425","C1","5B1",51.814762,-0.353522,"E37000048","","E23000027",29552,"E56000035","E54000025","E00120354","E01023701","E02004926"
"AL5 1ZH","AL5  1ZH","AL5 1ZH","199812","200107","E10000015","E58000626","E07000240","E05013954","E04013284","1","514637","0213187","6","E18000006","E40000007","E92000001","E12000006","5","E14001268","E15000006","E24000005","E30000237","E16000150","E07000240","26UGGE","E00120334","26UGGE","E65000001","E01023697","E02004928","5","6A1","E00120334","E01023697","E02004928","E33027416","E38000079","E63011425","C1","6B2",51.805580,-0.338728,"E37000048","","E23000027",30369,"E56000035","E54000025","E00120334","E01023697","E02004928"
"AL5 1ZJ","AL5  1ZJ","AL5 1ZJ","200402","200509","E10000015","E58000626","E07000240","E05013955","E04013284","1","513594","0214185","5","E18000006","E40000007","E92000001","E12000006","5","E14001268","E15000006","E24000005","E30000237","E16000150","E07000240","26UGGF","E00120354","26UGGF","E65000001","E01023701","E02004926","5","6D2","E00120354","E01023701","E02004926","E33024309","E38000079","E63011425","C1","5B1",51.814762,-0.353522,"E37000048","","E23000027",29552,"E56000035","E54000025","E00120354","E01023701","E02004926"
"AL5 1ZL","AL5  1ZL","AL5 1ZL","200012","200311","E10000015","E58000626","E07000240","E05013955","E04013284","1","513594","0214185","1","E18000006","E40000007","E92000001","E12000006","5","E14001268","E15000006","E24000005","E30000237","E16000150","E07000240","26UGGF","E00120354","26UGGF","E65000001","E01023701","E02004926","5","6D2","E00120354","E01023701","E02004926","E33024309","E38000079","E63011425","C1","5B1",51.814762,-0.353522,"E37000048","","E23000027",29552,"E56000035","E54000025","E00120354","E01023701","E02004926"
"AL5 1ZN","AL5  1ZN","AL5 1ZN","200206","200605","E10000015","E58000626","E07000240","E05013955","E04013284","1","513594","0214185","1","E18000006","E40000007","E92000001","E12000006","5","E14001268","E15000006","E24000005","E30000237","E16000150","E07000240","26UGGF","E00120354","26UGGF","E65000001","E01023701","E02004926","5","6D2","E00120354","E01023701","E02004926","E33024309","E38000079","E63011425","C1","5B1",51.814762,-0.353522,"E37000048","","E23000027",29552,"E56000035","E54000025","E00120354","E01023701","E02004926"
"AL5 1ZP","AL5  1ZP","AL5 1ZP","200006","200602","E10000015","E58000626","E07000240","E05013955","E04013284","1","513594","0214185","1","E18000006","E40000007","E92000001","E12000006","5","E14001268","E15000006","E24000005","E30000237","E16000150","E07000240","26UGGF","E00120354","26UGGF","E65000001","E01023701","E02004926","5","6D2","E00120354","E01023701","E02004926","E33024309","E38000079","E63011425","C1","5B1",51.814762,-0.353522,"E37000048","","E23000027",29552,"E56000035","E54000025","E00120354","E01023701","E02004926"
"AL5 1ZQ","AL5  1ZQ","AL5 1ZQ","199912","200604","E10000015","E58000626","E07000240","E05013955","E04013284","1","513594","0214185","1","E18000006","E40000007","E92000001","E12000006","5","E14001268","E15000006","E24000005","E30000237","E16000150","E07000240","26UGGF","E00120354","26UGGF","E65000001","E01023701","E02004926","5","6D2","E00120354","E01023701","E02004926","E33024309","E38000079","E63011425","C1","5B1",51.814762,-0.353522,"E37000048","","E23000027",29552,"E56000035","E54000025","E00120354","E01023701","E02004926"
"AL5 1ZR","AL5  1ZR","AL5 1ZR","200406","201506","E10000015","E58000626","E07000240","E05013955","E04013284","1","513594","0214185","1","E18000006","E40000007","E92000001","E12000006","5","E14001268","E15000006","E24000005","E30000237","E16000150","E07000240","26UGGF","E00120354","26UGGF","E65000001","E01023701","E02004926","5","6D2","E00120354","E01023701","E02004926","E33024309","E38000079","E63011425","C1","5B1",51.814762,-0.353522,"E37000048","","E23000027",29552,"E56000035","E54000025","E00120354","E01023701","E02004926"
"AL5 1ZS","AL5  1ZS","AL5 1ZS","199812","200203","E10000015","E58000626","E07000240","E05013955","E04013284","1","513594","0214185","1","E18000006","E40000007","E92000001","E12000006","5","E14001268","E15000006","E24000005","E30000237","E16000150","E07000240","26UGGF","E00120354","26UGGF","E65000001","E01023701","E02004926","5","6D2","E00120354","E01023701","E02004926","E33024309","E38000079","E63011425","C1","5B1",51.814762,-0.353522,"E37000048","","E23000027",29552,"E56000035","E54000025","E00120354","E01023701","E02004926"
"AL5 1ZT","AL5  1ZT","AL5 1ZT","199812","200809","E10000015","E58000626","E07000240","E05013955","E04013284","1","513594","0214185","1","E18000006","E40000007","E92000001","E12000006","5","E14001268","E15000006","E24000005","E30000237","E16000150","E07000240","26UGGF","E00120354","26UGGF","E65000001","E01023701","E02004926","5","6D2","E00120354","E01023701","E02004926","E33024309","E38000079","E63011425","C1","5B1",51.814762,-0.353522,"E37000048","","E23000027",29552,"E56000035","E54000025","E00120354","E01023701","E02004926"
"AL5 1ZU","AL5  1ZU","AL5 1ZU","199812","199912","E10000015","E58000626","E07000240","E05013954","E04013284","1","514650","0213183","6","E18000006","E40000007","E92000001","E12000006","5","E14001268","E15000006","E24000005","E30000237","E16000150","E07000240","26UGGE","E00120334","26UGGE","E65000001","E01023697","E02004928","5","6A1","E00120334","E01023697","E02004928","E33027416","E38000079","E63011425","C1","6B2",51.805541,-0.338541,"E37000048","","E23000027",30369,"E56000035","E54000025","E00120334","E01023697","E02004928"
"AL5 1ZW","AL5  1ZW","AL5 1ZW","200405","200512","E10000015","E58000626","E07000240","E05013955","E04013284","1","513594","0214185","1","E18000006","E40000007","E92000001","E12000006","5","E14001268","E15000006","E24000005","E30000237","E16000150","E07000240","26UGGF","E00120354","26UGGF","E65000001","E01023701","E02004926","5","6D2","E00120354","E01023701","E02004926","E33024309","E38000079","E63011425","C1","5B1",51.814762,-0.353522,"E37000048","","E23000027",29552,"E56000035","E54000025","E00120354","E01023701","E02004926"
"AL5 1ZX","AL5  1ZX","AL5 1ZX","199812","199912","E10000015","E58000626","E07000240","E05013954","E04013284","1","514650","0213183","6","E18000006","E40000007","E92000001","E12000006","5","E14001268","E15000006","E24000005","E30000237","E16000150","E07000240","26UGGE","E00120334","26UGGE","E65000001","E01023697","E02004928","5","6A1","E00120334","E01023697","E02004928","E33027416","E38000079","E63011425","C1","6B2",51.805541,-0.338541,"E37000048","","E23000027",30369,"E56000035","E54000025","E00120334","E01023697","E02004928"
"AL5 1ZY","AL5  1ZY","AL5 1ZY","199806","200006","E10000015","E58000626","E07000240","E05013954","E04013284","1","514650","0213183","6","E18000006","E40000007","E92000001","E12000006","5","E14001268","E15000006","E24000005","E30000237","E16000150","E07000240","26UGGE","E00120334","26UGGE","E65000001","E01023697","E02004928","5","6A1","E00120334","E01023697","E02004928","E33027416","E38000079","E63011425","C1","6B2",51.805541,-0.338541,"E37000048","","E23000027",30369,"E56000035","E54000025","E00120334","E01023697","E02004928"
"AL5 1ZZ","AL5  1ZZ","AL5 1ZZ","199712","200511","E10000015","E58000626","E07000240","E05013955","E04013284","1","513594","0214185","1","E18000006","E40000007","E92000001","E12000006","5","E14001268","E15000006","E24000005","E30000237","E16000150","E07000240","26UGGF","E00120354","26UGGF","E65000001","E01023701","E02004926","5","6D2","E00120354","E01023701","E02004926","E33024309","E38000079","E63011425","C1","5B1",51.814762,-0.353522,"E37000048","","E23000027",29552,"E56000035","E54000025","E00120354","E01023701","E02004926"
"AL5 2AA","AL5  2AA","AL5 2AA","198001","","E10000015","E58000625","E07000240","E05013961","E04013287","0","513583","0211775","1","E18000006","E40000007","E92000001","E12000006","5","E14001268","E15000006","E24000005","E30000237","E16000150","E07000240","26UGGL","E00120474","26UGGL","E65000001","E01023722","E02004929","8","3C1","E00120474","E01023722","E02004929","E33027419","E38000079","E63011425","F1","1B2",51.793105,-0.354470,"E37000048","","E23000027",14574,"E56000035","E54000025","E00120474","E01023722","E02004929"
"AL5 2AB","AL5  2AB","AL5 2AB","198001","","E10000015","E58000625","E07000240","E05013961","E04013287","0","513320","0211588","1","E18000006","E40000007","E92000001","E12000006","5","E14001268","E15000006","E24000005","E30000237","E16000150","E07000240","26UGGL","E00120474","26UGGL","E65000001","E01023722","E02004929","8","3C1","E00120474","E01023722","E02004929","E33027419","E38000079","E63011425","F1","1B2",51.791484,-0.358319,"E37000048","","E23000027",14574,"E56000035","E54000025","E00120474","E01023722","E02004929"
"AL5 2AD","AL5  2AD","AL5 2AD","198001","","E10000015","E58000626","E07000240","E05013954","E04013284","0","513720","0211957","1","E18000006","E40000007","E92000001","E12000006","5","E14001268","E15000006","E24000005","E30000237","E16000150","E07000240","26UGGE","E00120342","26UGGE","E65000001","E01023696","E02004928","5","4D1","E00120342","E01023696","E02004928","E33027418","E38000079","E63011425","C1","6A1",51.794712,-0.352425,"E37000048","","E23000027",30852,"E56000035","E54000025","E00120342","E01023696","E02004928"
"AL5 2AE","AL5  2AE","AL5 2AE","198001","","E10000015","E58000626","E07000240","E05013954","E04013284","0","513777","0211990","1","E18000006","E40000007","E92000001","E12000006","5","E14001268","E15000006","E24000005","E30000237","E16000150","E07000240","26UGGE","E00120342","26UGGE","E65000001","E01023696","E02004928","5","4D1","E00120342","E01023696","E02004928","E33027418","E38000079","E63011425","C1","6A1",51.795004,-0.351564,"E37000048","","E23000027",30852,"E56000035","E54000025","E00120342","E01023696","E02004928"
"AL5 2AF","AL5  2AF","AL5 2AF","198001","","E10000015","E58000626","E07000240","E05013954","E04013284","0","513619","0211886","1","E18000006","E40000007","E92000001","E12000006","5","E14001268","E15000006","E24000005","E30000237","E16000150","E07000240","26UGGE","E00120344","26UGGE","E65000001","E01023696","E02004928","5","4B3","E00120344","E01023696","E02004928","E33027418","E38000079","E63011425","C1","6A2",51.794095,-0.353912,"E37000048","","E23000027",30852,"E56000035","E54000025","E00120344","E01023696","E02004928"
"AL5 2AG","AL5  2AG","AL5 2AG","198001","","E10000015","E58000626","E07000240","E05013954","E04013284","0","513601","0211931","1","E18000006","E40000007","E92000001","E12000006","5","E14001268","E15000006","E24000005","E30000237","E16000150","E07000240","26UGGE","E00120344","26UGGE","E65000001","E01023696","E02004928","5","4B3","E00120344","E01023696","E02004928","E33027418","E38000079","E63011425","C1","6A2",51.794503,-0.354158,"E37000048","","E23000027",30852,"E56000035","E54000025","E00120344","E01023696","E02004928"
"AL5 2AH","AL5  2AH","AL5 2AH","198001","","E10000015","E58000626","E07000240","E05013954","E04013284","0","513727","0212071","1","E18000006","E40000007","E92000001","E12000006","5","E14001268","E15000006","E24000005","E30000237","E16000150","E07000240","26UGGE","E00120342","26UGGE","E65000001","E01023696","E02004928","5","4D1","E00120342","E01023696","E02004928","E33027418","E38000079","E63011425","C1","6A1",51.795736,-0.352286,"E37000048","","E23000027",30852,"E56000035","E54000025","E00120342","E01023696","E02004928"
"AL5 2AJ","AL5  2AJ","AL5 2AJ","198001","","E10000015","E58000626","E07000240","E05013954","E04013284","0","513681","0212156","1","E18000006","E40000007","E92000001","E12000006","5","E14001268","E15000006","E24000005","E30000237","E16000150","E07000240","26UGGE","E00120342","26UGGE","E65000001","E01023696","E02004928","5","4D1","E00120342","E01023696","E02004928","E33027418","E38000079","E63011425","C1","6A1",51.796509,-0.352925,"E37000048","","E23000027",30852,"E56000035","E54000025","E00120342","E01023696","E02004928"
"AL5 2AL","AL5  2AL","AL5 2AL","198001","","E10000015","E58000626","E07000240","E05013954","E04013284","0","513567","0212177","1","E18000006","E40000007","E92000001","E12000006","5","E14001268","E15000006","E24000005","E30000237","E16000150","E07000240","26UGGE","E00120342","26UGGE","E65000001","E01023696","E02004928","5","4D1","E00120342","E01023696","E02004928","E33027418","E38000079","E63011425","C1","6A1",51.796721,-0.354570,"E37000048","","E23000027",30852,"E56000035","E54000025","E00120342","E01023696","E02004928"
"AL5 2AN","AL5  2AN","AL5 2AN","198001","","E10000015","E58000626","E07000240","E05013954","E04013284","0","513633","0212252","1","E18000006","E40000007","E92000001","E12000006","5","E14001268","E15000006","E24000005","E30000237","E16000150","E07000240","26UGGE","E00120342","26UGGE","E65000001","E01023696","E02004928","5","4D1","E00120342","E01023696","E02004928","E33027418","E38000079","E63011425","C1","6A1",51.797381,-0.353589,"E37000048","","E23000027",30852,"E56000035","E54000025","E00120342","E01023696","E02004928"
"AL5 2AP","AL5  2AP","AL5 2AP","198001","","E10000015","E58000626","E07000240","E05013954","E04013284","0","513583","0212355","1","E18000006","E40000007","E92000001","E12000006","5","E14001268","E15000006","E24000005","E30000237","E16000150","E07000240","26UGGE","E00120342","26UGGE","E65000001","E01023696","E02004928","5","4D1","E00120342","E01023696","E02004928","E33027418","E38000079","E63011425","C1","6A1",51.798317,-0.354280,"E37000048","","E23000027",30852,"E56000035","E54000025","E00120342","E01023696","E02004928"
"AL5 2AQ","AL5  2AQ","AL5 2AQ","198001","","E10000015","E58000626","E07000240","E05013954","E04013284","0","513609","0212047","1","E18000006","E40000007","E92000001","E12000006","5","E14001268","E15000006","E24000005","E30000237","E16000150","E07000240","26UGGE","E00120342","26UGGE","E65000001","E01023696","E02004928","5","4D1","E00120342","E01023696","E02004928","E33027418","E38000079","E63011425","C1","6A1",51.795544,-0.354004,"E37000048","","E23000027",30852,"E56000035","E54000025","E00120342","E01023696","E02004928"
"AL5 2AR","AL5  2AR","AL5 2AR","198001","","E10000015","E58000626","E07000240","E05013954","E04013284","0","513790","0212104","1","E18000006","E40000007","E92000001","E12000006","5","E14001268","E15000006","E24000005","E30000237","E16000150","E07000240","26UGGE","E00120342","26UGGE","E65000001","E01023696","E02004928","5","4D1","E00120342","E01023696","E02004928","E33027418","E38000079","E63011425","C1","6A1",51.796026,-0.351338,"E37000048","","E23000027",30852,"E56000035","E54000025","E00120342","E01023696","E02004928"
"AL5 2AS","AL5  2AS","AL5 2AS","198001","","E10000015","E58000626","E07000240","E05013954","E04013284","0","513748","0212160","1","E18000006","E40000007","E92000001","E12000006","5","E14001268","E15000006","E24000005","E30000237","E16000150","E07000240","26UGGE","E00120342","26UGGE","E65000001","E01023696","E02004928","5","4D1","E00120342","E01023696","E02004928","E33027418","E38000079","E63011425","C1","6A1",51.796538,-0.351928,"E37000048","","E23000027",30852,"E56000035","E54000025","E00120342","E01023696","E02004928"
"AL5 2AT","AL5  2AT","AL5 2AT","198001","","E10000015","E58000626","E07000240","E05013954","E04013284","0","513707","0212342","1","E18000006","E40000007","E92000001","E12000006","5","E14001268","E15000006","E24000005","E30000237","E16000150","E07000240","26UGGE","E00120342","26UGGE","E65000001","E01023696","E02004928","5","4D1","E00120342","E01023696","E02004928","E33027418","E38000079","E63011425","C1","6A1",51.798175,-0.352487,"E37000048","","E23000027",30852,"E56000035","E54000025","E00120342","E01023696","E02004928"
"AL5 2AU","AL5  2AU","AL5 2AU","198001","","E10000015","E58000626","E07000240","E05013954","E04013284","0","512845","0212548","1","E18000006","E40000007","E92000001","E12000006","5","E14001268","E15000006","E24000005","E30000237","E16000150","E07000240","26UGGE","E00120341","26UGGE","E65000001","E01023696","E02004928","5","4B3","E00120341","E01023696","E02004928","E33027418","E38000079","E63011425","C1","6A1",51.800208,-0.364891,"E37000048","","E23000027",30852,"E56000035","E54000025","E00120341","E01023696","E02004928"
"AL5 2AW","AL5  2AW","AL5 2AW","198001","","E10000015","E58000626","E07000240","E05013954","E04013284","0","513526","0212281","1","E18000006","E40000007","E92000001","E12000006","5","E14001268","E15000006","E24000005","E30000237","E16000150","E07000240","26UGGE","E00120342","26UGGE","E65000001","E01023696","E02004928","5","4D1","E00120342","E01023696","E02004928","E33027418","E38000079","E63011425","C1","6A1",51.797664,-0.355131,"E37000048","","E23000027",30852,"E56000035","E54000025","E00120342","E01023696","E02004928"
"AL5 2AX","AL5  2AX","AL5 2AX","198001","","E10000015","E58000626","E07000240","E05013954","E04013284","0","512773","0212434","1","E18000006","E40000007","E92000001","E12000006","5","E14001268","E15000006","E24000005","E30000237","E16000150","E07000240","26UGGE","E00120341","26UGGE","E65000001","E01023696","E02004928","5","4B3","E00120341","E01023696","E02004928","E33027418","E38000079","E63011425","C1","6A1",51.799191,-0.365996,"E37000048","","E23000027",30852,"E56000035","E54000025","E00120341","E01023696","E02004928"
"AL5 2AY","AL5  2AY","AL5 2AY","198001","","E10000015","E58000625","E07000240","E05013953","E04004804","0","512407","0212171","1","E18000006","E40000007","E92000001","E12000006","5","E14001268","E15000006","E24000005","E30000237","E16000150","E07000240","26UGGL","E00120457","26UGGL","E65000001","E01023725","E02004929","5","3C1","E00120457","E01023725","E02004929","E33027420","E38000079","","C1","1B2",51.796901,-0.371386,"E37000048","","E23000027",28225,"E56000035","E54000025","E00120457","E01023725","E02004929"
"AL5 2AZ","AL5  2AZ","AL5 2AZ","198001","","E10000015","E58000625","E07000240","E05013953","E04004804","0","512710","0212614","1","E18000006","E40000007","E92000001","E12000006","5","E14001268","E15000006","E24000005","E30000237","E16000150","E07000240","26UGGL","E00120457","26UGGL","E65000001","E01023725","E02004929","5","3C1","E00120457","E01023725","E02004929","E33027420","E38000079","E63011425","C1","1B2",51.800821,-0.366850,"E37000048","","E23000027",28225,"E56000035","E54000025","E00120457","E01023725","E02004929"
"AL5 2BA","AL5  2BA","AL5 2BA","198001","","E10000015","E58000625","E07000240","E05013953","E04004804","0","512333","0212762","1","E18000006","E40000007","E92000001","E12000006","5","E14001268","E15000006","E24000005","E30000237","E16000150","E07000240","26UGGL","E00120457","26UGGL","E65000001","E01023725","E02004929","5","3C1","E00120457","E01023725","E02004929","E33027420","E38000079","","C1","1B2",51.802227,-0.372268,"E37000048","","E23000027",28225,"E56000035","E54000025","E00120457","E01023725","E02004929"
"AL5 2BB","AL5  2BB","AL5 2BB","198001","","E10000015","E58000625","E07000240","E05013953","E04004804","0","512001","0212873","1","E18000006","E40000007","E92000001","E12000006","5","E14001268","E15000006","E24000005","E30000237","E16000150","E07000240","26UGGL","E00120457","26UGGL","E65000001","E01023725","E02004929","5","3C1","E00120457","E01023725","E02004929","E33027420","E38000079","","C1","1B2",51.803298,-0.377021,"E37000048","","E23000027",28225,"E56000035","E54000025","E00120457","E01023725","E02004929"
"AL5 2BD","AL5  2BD","AL5 2BD","198001","199707","E10000015","E58000626","E07000240","E05013955","E04013284","1","513200","0212900","8","E18000006","E40000007","E92000001","E12000006","5","E14001268","E15000006","E24000005","E30000237","E16000150","E07000240","26UGGF","E00120360","26UGGF","E65000001","E01023701","E02004926","5","6D2","E00120360","E01023701","E02004926","E33027411","E38000079","E63011425","C1","5A2",51.803293,-0.359654,"E37000048","","E23000027",29552,"E56000035","E54000025","E00120360","E01023701","E02004926"
"AL5 2BE","AL5  2BE","AL5 2BE","198001","","E10000015","E58000625","E07000240","E05013953","E04004804","0","512539","0213210","1","E18000006","E40000007","E92000001","E12000006","5","E14001268","E15000006","E24000005","E30000237","E16000150","E07000240","26UGGL","E00120457","26UGGL","E65000001","E01023725","E02004929","5","3C1","E00120457","E01023725","E02004929","E33027420","E38000079","","C1","1B2",51.806219,-0.369112,"E37000048","","E23000027",28225,"E56000035","E54000025","E00120457","E01023725","E02004929"
"AL5 2BF","AL5  2BF","AL5 2BF","199612","200708","E10000015","E58000626","E07000240","E05013955","E04013284","1","513594","0214185","1","E18000006","E40000007","E92000001","E12000006","5","E14001268","E15000006","E24000005","E30000237","E16000150","E07000240","26UGGF","E00120354","26UGGF","E65000001","E01023701","E02004926","5","6D2","E00120354","E01023701","E02004926","E33024309","E38000079","E63011425","C1","5B1",51.814762,-0.353522,"E37000048","","E23000027",29552,"E56000035","E54000025","E00120354","E01023701","E02004926"
"AL5 2BG","AL5  2BG","AL5 2BG","198001","","E10000015","E58000625","E07000240","E05013953","E04004804","0","512529","0213173","1","E18000006","E40000007","E92000001","E12000006","5","E14001268","E15000006","E24000005","E30000237","E16000150","E07000240","26UGGL","E00120457","26UGGL","E65000001","E01023725","E02004929","5","3C1","E00120457","E01023725","E02004929","E33027420","E38000079","","C1","1B2",51.805882,-0.369293,"E37000048","","E23000027",28225,"E56000035","E54000025","E00120457","E01023725","E02004929"
"AL5 2BH","AL5  2BH","AL5 2BH","198001","","E10000015","E58000625","E07000240","E05013953","E04004804","0","512227","0213674","1","E18000006","E40000007","E92000001","E12000006","5","E14001268","E15000006","E24000005","E30000237","E16000150","E07000240","26UGGL","E00120457","26UGGL","E65000001","E01023725","E02004929","5","3C1","E00120457","E01023725","E02004929","E33027420","E38000079","","C1","1B2",51.810452,-0.373485,"E37000048","","E23000027",28225,"E56000035","E54000025","E00120457","E01023725","E02004929"
"AL5 2BJ","AL5  2BJ","AL5 2BJ","198001","","E10000015","E58000626","E07000240","E05013954","E04013284","0","513650","0212369","1","E18000006","E40000007","E92000001","E12000006","5","E14001268","E15000006","E24000005","E30000237","E16000150","E07000240","26UGGE","E00120342","26UGGE","E65000001","E01023696","E02004928","5","4D1","E00120342","E01023696","E02004928","E33027418","E38000079","E63011425","C1","6A1",51.798429,-0.353305,"E37000048","","E23000027",30852,"E56000035","E54000025","E00120342","E01023696","E02004928"
"AL5 2BL","AL5  2BL","AL5 2BL","198001","","E10000015","E58000626","E07000240","E05013954","E04013284","0","513479","0211979","1","E18000006","E40000007","E92000001","E12000006","5","E14001268","E15000006","E24000005","E30000237","E16000150","E07000240","26UGGE","E00120344","26UGGE","E65000001","E01023696","E02004928","5","4B3","E00120344","E01023696","E02004928","E33027418","E38000079","E63011425","C1","6A2",51.794959,-0.355911,"E37000048","","E23000027",30852,"E56000035","E54000025","E00120344","E01023696","E02004928"
"AL5 2BN","AL5  2BN","AL5 2BN","198001","","E10000015","E58000626","E07000240","E05013954","E04013284","0","513445","0212124","1","E18000006","E40000007","E92000001","E12000006","5","E14001268","E15000006","E24000005","E30000237","E16000150","E07000240","26UGGE","E00120344","26UGGE","E65000001","E01023696","E02004928","5","4B3","E00120344","E01023696","E02004928","E33027418","E38000079","E63011425","C1","6A2",51.796269,-0.356356,"E37000048","","E23000027",30852,"E56000035","E54000025","E00120344","E01023696","E02004928"
"AL5 2BP","AL5  2BP","AL5 2BP","199412","199706","E10000015","E58000625","E07000240","E05013953","E04004804","1","513009","0212735","8","E18000006","E40000007","E92000001","E12000006","5","E14001268","E15000006","E24000005","E30000237","E16000150","E07000240","26UGGL","E00120457","26UGGL","E65000001","E01023725","E02004929","5","3C1","E00120457","E01023725","E02004929","E33027420","E38000079","","C1","1B2",51.801849,-0.362477,"E37000048","","E23000027",28225,"E56000035","E54000025","E00120457","E01023725","E02004929"
"AL5 2BQ","AL5  2BQ","AL5 2BQ","198001","","E10000015","E58000625","E07000240","E05013953","E04004804","0","512559","0213362","1","E18000006","E40000007","E92000001","E12000006","5","E14001268","E15000006","E24000005","E30000237","E16000150","E07000240","26UGGL","E00120457","26UGGL","E65000001","E01023725","E02004929","5","3C1","E00120457","E01023725","E02004929","E33027420","E38000079","","C1","1B2",51.807581,-0.368772,"E37000048","","E23000027",28225,"E56000035","E54000025","E00120457","E01023725","E02004929"
"AL5 2BS","AL5  2BS","AL5 2BS","200906","","E10000015","E58000626","E07000240","E05013955","E04013284","0","513403","0214142","1","E18000006","E40000007","E92000001","E12000006","5","E14001268","E15000006","E24000005","E30000237","E16000150","E07000240","26UGGF","E00120354","26UGGF","E65000001","E01023701","E02004926","5","6D2","E00120354","E01023701","E02004926","E33024311","E38000079","E63011425","C1","5B1",51.814414,-0.356305,"E37000048","","E23000027",29552,"E56000035","E54000025","E00120354","E01023701","E02004926"
"AL5 2BT","AL5  2BT","AL5 2BT","198001","","E10000015","E58000626","E07000240","E05013955","E04013284","0","513330","0214114","1","E18000006","E40000007","E92000001","E12000006","5","E14001268","E15000006","E24000005","E30000237","E16000150","E07000240","26UGGF","E00120354","26UGGF","E65000001","E01023701","E02004926","5","6D2","E00120354","E01023701","E02004926","E33024311","E38000079","E63011425","C1","5B1",51.814184,-0.357349,"E37000048","","E23000027",29552,"E56000035","E54000025","E00120354","E01023701","E02004926"
"AL5 2BU","AL5  2BU","AL5 2BU","198001","","E10000015","E58000626","E07000240","E05013955","E04013284","0","513280","0214139","1","E18000006","E40000007","E92000001","E12000006","5","E14001268","E15000006","E24000005","E30000237","E16000150","E07000240","26UGGF","E00120354","26UGGF","E65000001","E01023701","E02004926","5","6D2","E00120354","E01023701","E02004926","E33024311","E38000079","E63011425","C1","5B1",51.814412,-0.358090,"E37000048","","E23000027",29552,"E56000035","E54000025","E00120354","E01023701","E02004926"
"AL5 2BW","AL5  2BW","AL5 2BW","200407","","E10000015","E58000626","E07000240","E05013955","E04013284","0","513264","0214269","1","E18000006","E40000007","E92000001","E12000006","5","E14001268","E15000006","E24000005","E30000237","E16000150","E07000240","26UGGF","E00120354","26UGGF","E65000001","E01023701","E02004926","5","6D2","E00120354","E01023701","E02004926","E33024311","E38000079","E63011425","C1","5B1",51.815591,-0.358255,"E37000048","","E23000027",29552,"E56000035","E54000025","E00120354","E01023701","E02004926"
"AL5 2BX","AL5  2BX","AL5 2BX","198001","","E10000015","E58000626","E07000240","E05013955","E04013284","0","513252","0214202","1","E18000006","E40000007","E92000001","E12000006","5","E14001268","E15000006","E24000005","E30000237","E16000150","E07000240","26UGGF","E00120354","26UGGF","E65000001","E01023701","E02004926","5","6D2","E00120354","E01023701","E02004926","E33024311","E38000079","E63011425","C1","5B1",51.814984,-0.358475,"E37000048","","E23000027",29552,"E56000035","E54000025","E00120354","E01023701","E02004926"
"AL5 2BY","AL5  2BY","AL5 2BY","198001","","E10000015","E58000626","E07000240","E05013955","E04013284","0","513222","0214290","1","E18000006","E40000007","E92000001","E12000006","5","E14001268","E15000006","E24000005","E30000237","E16000150","E07000240","26UGGF","E00120354","26UGGF","E65000001","E01023701","E02004926","5","6D2","E00120354","E01023701","E02004926","E33024311","E38000079","E63011425","C1","5B1",51.815781,-0.358882,"E37000048","","E23000027",29552,"E56000035","E54000025","E00120354","E01023701","E02004926"
"AL5 2BZ","AL5  2BZ","AL5 2BZ","198001","","E10000015","E58000626","E07000240","E05013955","E04013284","0","513265","0214317","1","E18000006","E40000007","E92000001","E12000006","5","E14001268","E15000006","E24000005","E30000237","E16000150","E07000240","26UGGF","E00120352","26UGGF","E65000001","E01023701","E02004926","5","2B1","E00120352","E01023701","E02004926","E33024307","E38000079","E63011425","C1","2C1",51.816015,-0.358249,"E37000048","","E23000027",29552,"E56000035","E54000025","E00120352","E01023701","E02004926"
"AL5 2DA","AL5  2DA","AL5 2DA","199109","","E10000015","E58000626","E07000240","E05013955","E04013284","0","512447","0213963","1","E18000006","E40000007","E92000001","E12000006","5","E14001268","E15000006","E24000005","E30000237","E16000150","E07000240","26UGGF","E00120355","26UGGF","E65000001","E01023700","E02004926","5","4B3","E00120355","E01023700","E02004926","E33027408","E38000079","E63011425","C1","6A4",51.812998,-0.370226,"E37000048","","E23000027",32477,"E56000035","E54000025","E00120355","E01023700","E02004926"
"AL5 2DB","AL5  2DB","AL5 2DB","198001","","E10000015","E58000626","E07000240","E05013955","E04013284","0","513151","0214309","1","E18000006","E40000007","E92000001","E12000006","5","E14001268","E15000006","E24000005","E30000237","E16000150","E07000240","26UGGF","E00120352","26UGGF","E65000001","E01023701","E02004926","5","2B1","E00120352","E01023701","E02004926","E33024307","E38000079","E63011425","C1","2C1",51.815966,-0.359905,"E37000048","","E23000027",29552,"E56000035","E54000025","E00120352","E01023701","E02004926"
"AL5 2DD","AL5  2DD","AL5 2DD","198001","","E10000015","E58000626","E07000240","E05013955","E04013284","0","513146","0214251","1","E18000006","E40000007","E92000001","E12000006","5","E14001268","E15000006","E24000005","E30000237","E16000150","E07000240","26UGGF","E00120349","26UGGF","E65000001","E01023700","E02004926","5","4D2","E00120349","E01023700","E02004926","E33027408","E38000079","E63011425","C1","6A4",51.815446,-0.359996,"E37000048","","E23000027",32477,"E56000035","E54000025","E00120349","E01023700","E02004926"
"AL5 2DE","AL5  2DE","AL5 2DE","198001","","E10000015","E58000626","E07000240","E05013955","E04013284","0","513208","0214205","1","E18000006","E40000007","E92000001","E12000006","5","E14001268","E15000006","E24000005","E30000237","E16000150","E07000240","26UGGF","E00120354","26UGGF","E65000001","E01023701","E02004926","5","6D2","E00120354","E01023701","E02004926","E33024311","E38000079","E63011425","C1","5B1",51.815027,-0.359088,"E37000048","","E23000027",29552,"E56000035","E54000025","E00120354","E01023701","E02004926"
"AL5 2DF","AL5  2DF","AL5 2DF","198001","","E10000015","E58000626","E07000240","E05013955","E04013284","0","513110","0214107","1","E18000006","E40000007","E92000001","E12000006","5","E14001268","E15000006","E24000005","E30000237","E16000150","E07000240","26UGGF","E00120354","26UGGF","E65000001","E01023701","E02004926","5","6D2","E00120354","E01023701","E02004926","E33024311","E38000079","E63011425","C1","5B1",51.814159,-0.360565,"E37000048","","E23000027",29552,"E56000035","E54000025","E00120354","E01023701","E02004926"
"AL5 2DG","AL5  2DG","AL5 2DG","198001","","E10000015","E58000626","E07000240","E05013955","E04013284","0","513003","0214054","1","E18000006","E40000007","E92000001","E12000006","5","E14001268","E15000006","E24000005","E30000237","E16000150","E07000240","26UGGF","E00120349","26UGGF","E65000001","E01023700","E02004926","5","4D2","E00120349","E01023700","E02004926","E33027408","E38000079","E63011425","C1","6A4",51.813704,-0.362134,"E37000048","","E23000027",32477,"E56000035","E54000025","E00120349","E01023700","E02004926"
"AL5 2DH","AL5  2DH","AL5 2DH","198001","","E10000015","E58000626","E07000240","E05013955","E04013284","0","512842","0214043","1","E18000006","E40000007","E92000001","E12000006","5","E14001268","E15000006","E24000005","E30000237","E16000150","E07000240","26UGGF","E00120355","26UGGF","E65000001","E01023700","E02004926","5","4B3","E00120355","E01023700","E02004926","E33027408","E38000079","E63011425","C1","6A4",51.813638,-0.364472,"E37000048","","E23000027",32477,"E56000035","E54000025","E00120355","E01023700","E02004926"
"AL5 2DJ","AL5  2DJ","AL5 2DJ","198001","","E10000015","E58000626","E07000240","E05013955","E04013284","0","512957","0214219","1","E18000006","E40000007","E92000001","E12000006","5","E14001268","E15000006","E24000005","E30000237","E16000150","E07000240","26UGGF","E00120349","26UGGF","E65000001","E01023700","E02004926","5","4D2","E00120349","E01023700","E02004926","E33027408","E38000079","E63011425","C1","6A4",51.815196,-0.362747,"E37000048","","E23000027",32477,"E56000035","E54000025","E00120349","E01023700","E02004926"
"AL5 2DL","AL5  2DL","AL5 2DL","199412","199806","E10000015","E58000626","E07000240","E05013955","E04013284","1","513241","0213614","6","E18000006","E40000007","E92000001","E12000006","5","E14001268","E15000006","E24000005","E30000237","E16000150","E07000240","26UGGF","E00120360","26UGGF","E65000001","E01023701","E02004926","5","6D2","E00120360","E01023701","E02004926","E33027411","E38000079","E63011425","C1","5A2",51.809702,-0.358827,"E37000048","","E23000027",29552,"E56000035","E54000025","E00120360","E01023701","E02004926"
"AL5 2DN","AL5  2DN","AL5 2DN","198001","","E10000015","E58000626","E07000240","E05013955","E04013284","0","512986","0214170","1","E18000006","E40000007","E92000001","E12000006","5","E14001268","E15000006","E24000005","E30000237","E16000150","E07000240","26UGGF","E00120349","26UGGF","E65000001","E01023700","E02004926","5","4D2","E00120349","E01023700","E02004926","E33027408","E38000079","E63011425","C1","6A4",51.814750,-0.362343,"E37000048","","E23000027",32477,"E56000035","E54000025","E00120349","E01023700","E02004926"
"AL5 2DP","AL5  2DP","AL5 2DP","198001","","E10000015","E58000626","E07000240","E05013955","E04013284","0","512761","0214109","1","E18000006","E40000007","E92000001","E12000006","5","E14001268","E15000006","E24000005","E30000237","E16000150","E07000240","26UGGF","E00120355","26UGGF","E65000001","E01023700","E02004926","5","4B3","E00120355","E01023700","E02004926","E33027408","E38000079","E63011425","C1","6A4",51.814247,-0.365625,"E37000048","","E23000027",32477,"E56000035","E54000025","E00120355","E01023700","E02004926"
"AL5 2DQ","AL5  2DQ","AL5 2DQ","198001","","E10000015","E58000626","E07000240","E05013955","E04013284","0","512919","0214102","1","E18000006","E40000007","E92000001","E12000006","5","E14001268","E15000006","E24000005","E30000237","E16000150","E07000240","26UGGF","E00120349","26UGGF","E65000001","E01023700","E02004926","5","4D2","E00120349","E01023700","E02004926","E33027408","E38000079","E63011425","C1","6A4",51.814152,-0.363337,"E37000048","","E23000027",32477,"E56000035","E54000025","E00120349","E01023700","E02004926"
"AL5 2DR","AL5  2DR","AL5 2DR","198001","","E10000015","E58000626","E07000240","E05013955","E04013284","0","512820","0214203","1","E18000006","E40000007","E92000001","E12000006","5","E14001268","E15000006","E24000005","E30000237","E16000150","E07000240","26UGGF","E00120355","26UGGF","E65000001","E01023700","E02004926","5","4B3","E00120355","E01023700","E02004926","E33027408","E38000079","E63011425","C1","6A4",51.815080,-0.364739,"E37000048","","E23000027",32477,"E56000035","E54000025","E00120355","E01023700","E02004926"
"AL5 2DS","AL5  2DS","AL5 2DS","198001","","E10000015","E58000626","E07000240","E05013955","E04013284","0","512755","0214335","1","E18000006","E40000007","E92000001","E12000006","5","E14001268","E15000006","E24000005","E30000237","E16000150","E07000240","26UGGF","E00120349","26UGGF","E65000001","E01023700","E02004926","5","4D2","E00120349","E01023700","E02004926","E33027408","E38000079","E63011425","C1","6A4",51.816280,-0.365639,"E37000048","","E23000027",32477,"E56000035","E54000025","E00120349","E01023700","E02004926"
"AL5 2DT","AL5  2DT","AL5 2DT","199501","","E10000015","E58000626","E07000240","E05013955","E04013284","0","513449","0213684","1","E18000006","E40000007","E92000001","E12000006","5","E14001268","E15000006","E24000005","E30000237","E16000150","E07000240","26UGGF","E00120360","26UGGF","E65000001","E01023701","E02004926","5","6D2","E00120360","E01023701","E02004926","E33027411","E38000079","E63011425","C1","5A2",51.810289,-0.355788,"E37000048","","E23000027",29552,"E56000035","E54000025","E00120360","E01023701","E02004926"
"AL5 2DU","AL5  2DU","AL5 2DU","198001","","E10000015","E58000626","E07000240","E05013955","E04013284","0","512701","0214433","1","E18000006","E40000007","E92000001","E12000006","5","E14001268","E15000006","E24000005","E30000237","E16000150","E07000240","26UGGF","E00120347","26UGGF","E65000001","E01023700","E02004926","5","4B3","E00120347","E01023700","E02004926","E33027408","E38000079","E63011425","C1","6A2",51.817171,-0.366390,"E37000048","","E23000027",32477,"E56000035","E54000025","E00120347","E01023700","E02004926"
"AL5 2DW","AL5  2DW","AL5 2DW","198001","","E10000015","E58000626","E07000240","E05013955","E04013284","0","512800","0214091","1","E18000006","E40000007","E92000001","E12000006","5","E14001268","E15000006","E24000005","E30000237","E16000150","E07000240","26UGGF","E00120355","26UGGF","E65000001","E01023700","E02004926","5","4B3","E00120355","E01023700","E02004926","E33027408","E38000079","E63011425","C1","6A4",51.814078,-0.365066,"E37000048","","E23000027",32477,"E56000035","E54000025","E00120355","E01023700","E02004926"
"AL5 2DX","AL5  2DX","AL5 2DX","198001","","E10000015","E58000626","E07000240","E05013955","E04013284","0","512648","0214435","1","E18000006","E40000007","E92000001","E12000006","5","E14001268","E15000006","E24000005","E30000237","E16000150","E07000240","26UGGF","E00120347","26UGGF","E65000001","E01023700","E02004926","5","4B3","E00120347","E01023700","E02004926","E33027408","E38000079","E63011425","C1","6A2",51.817200,-0.367158,"E37000048","","E23000027",32477,"E56000035","E54000025","E00120347","E01023700","E02004926"
"AL5 2DY","AL5  2DY","AL5 2DY","198001","","E10000015","E58000626","E07000240","E05013955","E04013284","0","512716","0214322","1","E18000006","E40000007","E92000001","E12000006","5","E14001268","E15000006","E24000005","E30000237","E16000150","E07000240","26UGGF","E00120355","26UGGF","E65000001","E01023700","E02004926","5","4B3","E00120355","E01023700","E02004926","E33027408","E38000079","E63011425","C1","6A4",51.816171,-0.366209,"E37000048","","E23000027",32477,"E56000035","E54000025","E00120355","E01023700","E02004926"
"AL5 2DZ","AL5  2DZ","AL5 2DZ","198001","","E10000015","E58000626","E07000240","E05013955","E04013284","0","512643","0214057","1","E18000006","E40000007","E92000001","E12000006","5","E14001268","E15000006","E24000005","E30000237","E16000150","E07000240","26UGGF","E00120355","26UGGF","E65000001","E01023700","E02004926","5","4B3","E00120355","E01023700","E02004926","E33027408","E38000079","E63011425","C1","6A4",51.813804,-0.367353,"E37000048","","E23000027",32477,"E56000035","E54000025","E00120355","E01023700","E02004926"
"AL5 2EA","AL5  2EA","AL5 2EA","198001","","E10000015","E58000626","E07000240","E05013955","E04013284","0","512577","0214141","1","E18000006","E40000007","E92000001","E12000006","5","E14001268","E15000006","E24000005","E30000237","E16000150","E07000240","26UGGF","E00120355","26UGGF","E65000001","E01023700","E02004926","5","4B3","E00120355","E01023700","E02004926","E33027408","E38000079","E63011425","C1","6A4",51.814572,-0.368283,"E37000048","","E23000027",32477,"E56000035","E54000025","E00120355","E01023700","E02004926"
"AL5 2EB","AL5  2EB","AL5 2EB","198001","","E10000015","E58000626","E07000240","E05013955","E04013284","0","512409","0214090","1","E18000006","E40000007","E92000001","E12000006","5","E14001268","E15000006","E24000005","E30000237","E16000150","E07000240","26UGGF","E00120355","26UGGF","E65000001","E01023700","E02004926","5","4B3","E00120355","E01023700","E02004926","E33027408","E38000079","E63011425","C1","6A4",51.814147,-0.370736,"E37000048","","E23000027",32477,"E56000035","E54000025","E00120355","E01023700","E02004926"
"AL5 2ED","AL5  2ED","AL5 2ED","198001","","E10000015","E58000626","E07000240","E05013955","E04013284","0","512561","0214249","1","E18000006","E40000007","E92000001","E12000006","5","E14001268","E15000006","E24000005","E30000237","E16000150","E07000240","26UGGF","E00120355","26UGGF","E65000001","E01023700","E02004926","5","4B3","E00120355","E01023700","E02004926","E33027408","E38000079","E63011425","C1","6A4",51.815546,-0.368480,"E37000048","","E23000027",32477,"E56000035","E54000025","E00120355","E01023700","E02004926"
"AL5 2EE","AL5  2EE","AL5 2EE","198001","","E10000015","E58000626","E07000240","E05013955","E04013284","0","512532","0214310","1","E18000006","E40000007","E92000001","E12000006","5","E14001268","E15000006","E24000005","E30000237","E16000150","E07000240","26UGGF","E00120355","26UGGF","E65000001","E01023700","E02004926","5","4B3","E00120355","E01023700","E02004926","E33027408","E38000079","E63011425","C1","6A4",51.816100,-0.368881,"E37000048","","E23000027",32477,"E56000035","E54000025","E00120355","E01023700","E02004926"
"AL5 2EF","AL5  2EF","AL5 2EF","198001","","E10000015","E58000626","E07000240","E05013955","E04013284","0","513180","0214087","1","E18000006","E40000007","E92000001","E12000006","5","E14001268","E15000006","E24000005","E30000237","E16000150","E07000240","26UGGF","E00120349","26UGGF","E65000001","E01023700","E02004926","5","4D2","E00120349","E01023700","E02004926","E33027408","E38000079","E63011425","C1","6A4",51.813965,-0.359557,"E37000048","","E23000027",32477,"E56000035","E54000025","E00120349","E01023700","E02004926"
"AL5 2EG","AL5  2EG","AL5 2EG","198803","","E10000015","E58000626","E07000240","E05013954","E04013284","0","513314","0212329","1","E18000006","E40000007","E92000001","E12000006","5","E14001268","E15000006","E24000005","E30000237","E16000150","E07000240","26UGGE","E00120341","26UGGE","E65000001","E01023696","E02004928","5","4B3","E00120341","E01023696","E02004928","E33027418","E38000079","E63011425","C1","6A1",51.798138,-0.358188,"E37000048","","E23000027",30852,"E56000035","E54000025","E00120341","E01023696","E02004928"
"AL5 2EH","AL5  2EH","AL5 2EH","198001","","E10000015","E58000626","E07000240","E05013955","E04013284","0","513301","0214169","1","E18000006","E40000007","E92000001","E12000006","5","E14001268","E15000006","E24000005","E30000237","E16000150","E07000240","26UGGF","E00120354","26UGGF","E65000001","E01023701","E02004926","5","6D2","E00120354","E01023701","E02004926","E33024311","E38000079","E63011425","C1","5B1",51.814677,-0.357776,"E37000048","","E23000027",29552,"E56000035","E54000025","E00120354","E01023701","E02004926"
"AL5 2EJ","AL5  2EJ","AL5 2EJ","198001","","E10000015","E58000626","E07000240","E05013955","E04013284","1","513345","0214113","1","E18000006","E40000007","E92000001","E12000006","5","E14001268","E15000006","E24000005","E30000237","E16000150","E07000240","26UGGF","E00120354","26UGGF","E65000001","E01023701","E02004926","5","6D2","E00120354","E01023701","E02004926","E33024311","E38000079","E63011425","C1","5B1",51.814165,-0.357156,"E37000048","","E23000027",29552,"E56000035","E54000025","E00120354","E01023701","E02004926"
"AL5 2EL","AL5  2EL","AL5 2EL","198001","","E10000015","E58000626","E07000240","E05013955","E04013284","0","513138","0214188","1","E18000006","E40000007","E92000001","E12000006","5","E14001268","E15000006","E24000005","E30000237","E16000150","E07000240","26UGGF","E00120354","26UGGF","E65000001","E01023701","E02004926","5","6D2","E00120354","E01023701","E02004926","E33024311","E38000079","E63011425","C1","5B1",51.814881,-0.360133,"E37000048","","E23000027",29552,"E56000035","E54000025","E00120354","E01023701","E02004926"
"AL5 2EN","AL5  2EN","AL5 2EN","198001","","E10000015","E58000626","E07000240","E05013955","E04013284","0","512938","0214836","1","E18000006","E40000007","E92000001","E12000006","5","E14001268","E15000006","E24000005","E30000237","E16000150","E07000240","26UGGF","E00120368","26UGGF","E65000001","E01023699","E02004926","5","6D1","E00120368","E01023699","E02004926","E33027407","E38000079","E63011425","C1","5B2",51.820745,-0.362822,"E37000048","","E23000027",32632,"E56000035","E54000025","E00120368","E01023699","E02004926"
"AL5 2EP","AL5  2EP","AL5 2EP","198001","","E10000015","E58000626","E07000240","E05013955","E04013284","0","512862","0214710","1","E18000006","E40000007","E92000001","E12000006","5","E14001268","E15000006","E24000005","E30000237","E16000150","E07000240","26UGGF","E00120367","26UGGF","E65000001","E01023699","E02004926","5","4D1","E00120367","E01023699","E02004926","E33027408","E38000079","E63011425","C1","6A4",51.819628,-0.363965,"E37000048","","E23000027",32632,"E56000035","E54000025","E00120367","E01023699","E02004926"
"AL5 2EQ","AL5  2EQ","AL5 2EQ","199612","199712","E10000015","E58000626","E07000240","E05013955","E04013284","1","513241","0213614","6","E18000006","E40000007","E92000001","E12000006","5","E14001268","E15000006","E24000005","E30000237","E16000150","E07000240","26UGGF","E00120360","26UGGF","E65000001","E01023701","E02004926","5","6D2","E00120360","E01023701","E02004926","E33027411","E38000079","E63011425","C1","5A2",51.809702,-0.358827,"E37000048","","E23000027",29552,"E56000035","E54000025","E00120360","E01023701","E02004926"
"AL5 2ER","AL5  2ER","AL5 2ER","198001","","E10000015","E58000626","E07000240","E05013955","E04013284","0","512894","0214640","1","E18000006","E40000007","E92000001","E12000006","5","E14001268","E15000006","E24000005","E30000237","E16000150","E07000240","26UGGF","E00120367","26UGGF","E65000001","E01023699","E02004926","5","4D1","E00120367","E01023699","E02004926","E33027408","E38000079","E63011425","C1","6A4",51.818993,-0.363524,"E37000048","","E23000027",32632,"E56000035","E54000025","E00120367","E01023699","E02004926"
"AL5 2ES","AL5  2ES","AL5 2ES","198001","","E10000015","E58000626","E07000240","E05013955","E04013284","0","512858","0214632","1","E18000006","E40000007","E92000001","E12000006","5","E14001268","E15000006","E24000005","E30000237","E16000150","E07000240","26UGGF","E00120367","26UGGF","E65000001","E01023699","E02004926","5","4D1","E00120367","E01023699","E02004926","E33027408","E38000079","E63011425","C1","6A4",51.818928,-0.364049,"E37000048","","E23000027",32632,"E56000035","E54000025","E00120367","E01023699","E02004926"
"AL5 2ET","AL5  2ET","AL5 2ET","198001","","E10000015","E58000626","E07000240","E05013955","E04013284","0","512694","0214764","1","E18000006","E40000007","E92000001","E12000006","5","E14001268","E15000006","E24000005","E30000237","E16000150","E07000240","26UGGF","E00120367","26UGGF","E65000001","E01023699","E02004926","5","4D1","E00120367","E01023699","E02004926","E33027408","E38000079","E63011425","C1","6A4",51.820147,-0.366384,"E37000048","","E23000027",32632,"E56000035","E54000025","E00120367","E01023699","E02004926"
"AL5 2EU","AL5  2EU","AL5 2EU","198001","","E10000015","E58000626","E07000240","E05013955","E04013284","0","512731","0214797","1","E18000006","E40000007","E92000001","E12000006","5","E14001268","E15000006","E24000005","E30000237","E16000150","E07000240","26UGGF","E00120367","26UGGF","E65000001","E01023699","E02004926","5","4D1","E00120367","E01023699","E02004926","E33027408","E38000079","E63011425","C1","6A4",51.820436,-0.365837,"E37000048","","E23000027",32632,"E56000035","E54000025","E00120367","E01023699","E02004926"
"AL5 2EW","AL5  2EW","AL5 2EW","198001","","E10000015","E58000626","E07000240","E05013955","E04013284","0","512908","0214874","1","E18000006","E40000007","E92000001","E12000006","5","E14001268","E15000006","E24000005","E30000237","E16000150","E07000240","26UGGF","E00120365","26UGGF","E65000001","E01023700","E02004926","5","4D1","E00120365","E01023700","E02004926","E33027408","E38000079","E63011425","C1","6A4",51.821093,-0.363245,"E37000048","","E23000027",32477,"E56000035","E54000025","E00120365","E01023700","E02004926"
"AL5 2EX","AL5  2EX","AL5 2EX","198001","","E10000015","E58000626","E07000240","E05013955","E04013284","0","512817","0214866","1","E18000006","E40000007","E92000001","E12000006","5","E14001268","E15000006","E24000005","E30000237","E16000150","E07000240","26UGGF","E00120365","26UGGF","E65000001","E01023700","E02004926","5","4D1","E00120365","E01023700","E02004926","E33027408","E38000079","E63011425","C1","6A4",51.821039,-0.364567,"E37000048","","E23000027",32477,"E56000035","E54000025","E00120365","E01023700","E02004926"
"AL5 2EY","AL5  2EY","AL5 2EY","198001","","E10000015","E58000626","E07000240","E05013955","E04013284","0","512774","0214895","1","E18000006","E40000007","E92000001","E12000006","5","E14001268","E15000006","E24000005","E30000237","E16000150","E07000240","26UGGF","E00120365","26UGGF","E65000001","E01023700","E02004926","5","4D1","E00120365","E01023700","E02004926","E33027408","E38000079","E63011425","C1","6A4",51.821309,-0.365181,"E37000048","","E23000027",32477,"E56000035","E54000025","E00120365","E01023700","E02004926"
"AL5 2EZ","AL5  2EZ","AL5 2EZ","198001","","E10000015","E58000626","E07000240","E05013955","E04013284","0","512756","0214965","1","E18000006","E40000007","E92000001","E12000006","5","E14001268","E15000006","E24000005","E30000237","E16000150","E07000240","26UGGF","E00120365","26UGGF","E65000001","E01023700","E02004926","5","4D1","E00120365","E01023700","E02004926","E33027408","E38000079","E63011425","C1","6A4",51.821941,-0.365419,"E37000048","","E23000027",32477,"E56000035","E54000025","E00120365","E01023700","E02004926"
"AL5 2FA","AL5  2FA","AL5 2FA","200112","200209","E10000015","E58000626","E07000240","E05013955","E04013284","1","513594","0214185","1","E18000006","E40000007","E92000001","E12000006","5","E14001268","E15000006","E24000005","E30000237","E16000150","E07000240","26UGGF","E00120354","26UGGF","E65000001","E01023701","E02004926","5","6D2","E00120354","E01023701","E02004926","E33024309","E38000079","E63011425","C1","5B1",51.814762,-0.353522,"E37000048","","E23000027",29552,"E56000035","E54000025","E00120354","E01023701","E02004926"
"AL5 2FB","AL5  2FB","AL5 2FB","200906","","E10000015","E58000626","E07000240","E05013955","E04013284","0","513393","0214508","1","E18000006","E40000007","E92000001","E12000006","5","E14001268","E15000006","E24000005","E30000237","E16000150","E07000240","26UGGF","E00120352","26UGGF","E65000001","E01023701","E02004926","5","2B1","E00120352","E01023701","E02004926","E33024308","E38000079","E63011425","C1","2C1",51.817705,-0.356331,"E37000048","","E23000027",29552,"E56000035","E54000025","E00120352","E01023701","E02004926"
"AL5 2FD","AL5  2FD","AL5 2FD","201204","","E10000015","E58000626","E07000240","E05013955","E04013284","0","513407","0214467","1","E18000006","E40000007","E92000001","E12000006","5","E14001268","E15000006","E24000005","E30000237","E16000150","E07000240","26UGGF","E00120352","26UGGF","E65000001","E01023701","E02004926","5","2B1","E00120352","E01023701","E02004926","E33024308","E38000079","E63011425","C1","2C1",51.817334,-0.356141,"E37000048","","E23000027",29552,"E56000035","E54000025","E00120352","E01023701","E02004926"
"AL5 2FE","AL5  2FE","AL5 2FE","201512","","E10000015","E58000626","E07000240","E05013955","E04013284","0","513205","0214610","1","E18000006","E40000007","E92000001","E12000006","5","E14001268","E15000006","E24000005","E30000237","E16000150","E07000240","26UGGF","E00120348","26UGGF","E65000001","E01023701","E02004926","5","4D2","E00120348","E01023701","E02004926","E33027407","E38000079","E63011425","C1","5B1",51.818660,-0.359024,"E37000048","","E23000027",29552,"E56000035","E54000025","E00120348","E01023701","E02004926"
"AL5 2FF","AL5  2FF","AL5 2FF","201407","","E10000015","E58000626","E07000240","E05013955","E04013284","0","513505","0213785","1","E18000006","E40000007","E92000001","E12000006","5","E14001268","E15000006","E24000005","E30000237","E16000150","E07000240","26UGGF","E00120354","26UGGF","E65000001","E01023701","E02004926","5","6D2","E00120354","E01023701","E02004926","E33024309","E38000079","E63011425","C1","5B1",51.811192,-0.354919,"E37000048","","E23000027",29552,"E56000035","E54000025","E00120354","E01023701","E02004926"
"AL5 2FG","AL5  2FG","AL5 2FG","201610","","E10000015","E58000626","E07000240","E05013954","E04013284","0","513250","0212403","1","E18000006","E40000007","E92000001","E12000006","5","E14001268","E15000006","E24000005","E30000237","E16000150","E07000240","26UGGE","E00120341","26UGGE","E65000001","E01023696","E02004928","5","4B3","E00120341","E01023696","E02004928","E33027418","E38000079","E63011425","C1","6A1",51.798823,-0.359067,"E37000048","","E23000027",30852,"E56000035","E54000025","E00120341","E01023696","E02004928"
"AL5 2FH","AL5  2FH","AL5 2FH","201811","","E10000015","E58000626","E07000240","E05013955","E04013284","0","513370","0214016","1","E18000006","E40000007","E92000001","E12000006","5","E14001268","E15000006","E24000005","E30000237","E16000150","E07000240","26UGGF","E00120354","26UGGF","E65000001","E01023701","E02004926","5","6D2","E00120354","E01023701","E02004926","E33024311","E38000079","E63011425","C1","5B1",51.813295,-0.356801,"E37000048","","E23000027",29552,"E56000035","E54000025","E00120354","E01023701","E02004926"
"AL5 2FL","AL5  2FL","AL5 2FL","201805","","E10000015","E58000626","E07000240","E05013955","E04013284","0","513471","0213471","1","E18000006","E40000007","E92000001","E12000006","5","E14001268","E15000006","E24000005","E30000237","E16000150","E07000240","26UGGF","E00120360","26UGGF","E65000001","E01023701","E02004926","5","6D2","E00120360","E01023701","E02004926","E33027411","E38000079","E63011425","C1","5A2",51.808377,-0.355515,"E37000048","","E23000027",29552,"E56000035","E54000025","E00120360","E01023701","E02004926"
"AL5 2FN","AL5  2FN","AL5 2FN","201805","","E10000015","E58000626","E07000240","E05013955","E04013284","0","513474","0213511","1","E18000006","E40000007","E92000001","E12000006","5","E14001268","E15000006","E24000005","E30000237","E16000150","E07000240","26UGGF","E00120360","26UGGF","E65000001","E01023701","E02004926","5","6D2","E00120360","E01023701","E02004926","E33027411","E38000079","E63011425","C1","5A2",51.808735,-0.355458,"E37000048","","E23000027",29552,"E56000035","E54000025","E00120360","E01023701","E02004926"
"AL5 2FP","AL5  2FP","AL5 2FP","199512","199612","E10000015","E58000626","E07000240","E05013955","E04013284","1","512700","0214900","8","E18000006","E40000007","E92000001","E12000006","5","E14001268","E15000006","E24000005","E30000237","E16000150","E07000240","26UGGF","E00120365","26UGGF","E65000001","E01023700","E02004926","5","4D1","E00120365","E01023700","E02004926","E33027408","E38000079","E63011425","C1","6A4",51.821368,-0.366253,"E37000048","","E23000027",32477,"E56000035","E54000025","E00120365","E01023700","E02004926"
"AL5 2FQ","AL5  2FQ","AL5 2FQ","202004","","E10000015","E58000626","E07000240","E05013955","E04013284","0","513041","0213935","1","E18000006","E40000007","E92000001","E12000006","5","E14001268","E15000006","E24000005","E30000237","E16000150","E07000240","26UGGF","E00120349","26UGGF","E65000001","E01023700","E02004926","5","4D2","E00120349","E01023700","E02004926","E33027408","E38000079","E63011425","C1","6A4",51.812634,-0.361598,"E37000048","","E23000027",32477,"E56000035","E54000025","E00120349","E01023700","E02004926"
"AL5 2FR","AL5  2FR","AL5 2FR","202008","","E10000015","E58000626","E07000240","E05013955","E04013284","0","513270","0213983","1","E18000006","E40000007","E92000001","E12000006","5","E14001268","E15000006","E24000005","E30000237","E16000150","E07000240","26UGGF","E00120354","26UGGF","E65000001","E01023701","E02004926","5","6D2","E00120354","E01023701","E02004926","E33024309","E38000079","E63011425","C1","5B1",51.813019,-0.358262,"E37000048","","E23000027",29552,"E56000035","E54000025","E00120354","E01023701","E02004926"
"AL5 2FS","AL5  2FS","AL5 2FS","202310","","E10000015","E58000626","E07000240","E05013955","E04013284","0","512908","0214545","1","E18000006","E40000007","E92000001","E12000006","5","E14001268","E15000006","E24000005","E30000237","E16000150","E07000240","26UGGF","E00120349","26UGGF","E65000001","E01023700","E02004926","5","4D2","E00120349","E01023700","E02004926","E33027408","E38000079","E63011425","C1","6A4",51.818143,-0.363327,"E37000048","","E23000027",32477,"E56000035","E54000025","E00120349","E01023700","E02004926"
"AL5 2FT","AL5  2FT","AL5 2FT","202401","","E10000015","E58000626","E07000240","E05013955","E04013284","0","513239","0213023","1","E18000006","E40000007","E92000001","E12000006","5","E14001268","E15000006","E24000005","E30000237","E16000150","E07000240","26UGGF","E00120360","26UGGF","E65000001","E01023701","E02004926","5","6D2","E00120360","E01023701","E02004926","E33027411","E38000079","E63011425","C1","5A2",51.804397,-0.359024,"E37000048","","E23000027",29552,"E56000035","E54000025","E00120360","E01023701","E02004926"
"AL5 2GA","AL5  2GA","AL5 2GA","199606","200211","E10000015","E58000626","E07000240","E05013955","E04013284","1","513594","0214185","1","E18000006","E40000007","E92000001","E12000006","5","E14001268","E15000006","E24000005","E30000237","E16000150","E07000240","26UGGF","E00120354","26UGGF","E65000001","E01023701","E02004926","5","6D2","E00120354","E01023701","E02004926","E33024309","E38000079","E63011425","C1","5B1",51.814762,-0.353522,"E37000048","","E23000027",29552,"E56000035","E54000025","E00120354","E01023701","E02004926"
"AL5 2GB","AL5  2GB","AL5 2GB","199606","199812","E10000015","E58000626","E07000240","E05013955","E04013284","1","513242","0213615","6","E18000006","E40000007","E92000001","E12000006","5","E14001268","E15000006","E24000005","E30000237","E16000150","E07000240","26UGGF","E00120360","26UGGF","E65000001","E01023701","E02004926","5","6D2","E00120360","E01023701","E02004926","E33027411","E38000079","E63011425","C1","5A2",51.809710,-0.358812,"E37000048","","E23000027",29552,"E56000035","E54000025","E00120360","E01023701","E02004926"
"AL5 2GD","AL5  2GD","AL5 2GD","199612","200602","E10000015","E58000626","E07000240","E05013955","E04013284","1","513594","0214185","1","E18000006","E40000007","E92000001","E12000006","5","E14001268","E15000006","E24000005","E30000237","E16000150","E07000240","26UGGF","E00120354","26UGGF","E65000001","E01023701","E02004926","5","6D2","E00120354","E01023701","E02004926","E33024309","E38000079","E63011425","C1","5B1",51.814762,-0.353522,"E37000048","","E23000027",29552,"E56000035","E54000025","E00120354","E01023701","E02004926"
"AL5 2GE","AL5  2GE","AL5 2GE","199706","200203","E10000015","E58000626","E07000240","E05013955","E04013284","1","513594","0214185","1","E18000006","E40000007","E92000001","E12000006","5","E14001268","E15000006","E24000005","E30000237","E16000150","E07000240","26UGGF","E00120354","26UGGF","E65000001","E01023701","E02004926","5","6D2","E00120354","E01023701","E02004926","E33024309","E38000079","E63011425","C1","5B1",51.814762,-0.353522,"E37000048","","E23000027",29552,"E56000035","E54000025","E00120354","E01023701","E02004926"
"AL5 2GF","AL5  2GF","AL5 2GF","199706","199812","E10000015","E58000626","E07000240","E05013955","E04013284","1","513242","0213615","6","E18000006","E40000007","E92000001","E12000006","5","E14001268","E15000006","E24000005","E30000237","E16000150","E07000240","26UGGF","E00120360","26UGGF","E65000001","E01023701","E02004926","5","6D2","E00120360","E01023701","E02004926","E33027411","E38000079","E63011425","C1","5A2",51.809710,-0.358812,"E37000048","","E23000027",29552,"E56000035","E54000025","E00120360","E01023701","E02004926"
"AL5 2GH","AL5  2GH","AL5 2GH","199706","200704","E10000015","E58000626","E07000240","E05013955","E04013284","1","513594","0214185","1","E18000006","E40000007","E92000001","E12000006","5","E14001268","E15000006","E24000005","E30000237","E16000150","E07000240","26UGGF","E00120354","26UGGF","E65000001","E01023701","E02004926","5","6D2","E00120354","E01023701","E02004926","E33024309","E38000079","E63011425","C1","5B1",51.814762,-0.353522,"E37000048","","E23000027",29552,"E56000035","E54000025","E00120354","E01023701","E02004926"
"AL5 2GT","AL5  2GT","AL5 2GT","200608","","E10000015","E58000626","E07000240","E05013955","E04013284","0","513231","0212930","1","E18000006","E40000007","E92000001","E12000006","5","E14001268","E15000006","E24000005","E30000237","E16000150","E07000240","26UGGF","E00120360","26UGGF","E65000001","E01023701","E02004926","5","6D2","E00120360","E01023701","E02004926","E33027411","E38000079","E63011425","C1","5A2",51.803556,-0.359195,"E37000048","","E23000027",29552,"E56000035","E54000025","E00120360","E01023701","E02004926"
"AL5 2GX","AL5  2GX","AL5 2GX","200611","","E10000015","E58000626","E07000240","E05013955","E04013284","0","513181","0212930","1","E18000006","E40000007","E92000001","E12000006","5","E14001268","E15000006","E24000005","E30000237","E16000150","E07000240","26UGGF","E00120360","26UGGF","E65000001","E01023701","E02004926","5","6D2","E00120360","E01023701","E02004926","E33027411","E38000079","E63011425","C1","5A2",51.803566,-0.359920,"E37000048","","E23000027",29552,"E56000035","E54000025","E00120360","E01023701","E02004926"
"AL5 2HA","AL5  2HA","AL5 2HA","198001","","E10000015","E58000626","E07000240","E05013955","E04013284","0","512604","0214862","1","E18000006","E40000007","E92000001","E12000006","5","E14001268","E15000006","E24000005","E30000237","E16000150","E07000240","26UGGF","E00120365","26UGGF","E65000001","E01023700","E02004926","5","4D1","E00120365","E01023700","E02004926","E33027408","E38000079","E63011425","C1","6A4",51.821053,-0.367633,"E37000048","","E23000027",32477,"E56000035","E54000025","E00120365","E01023700","E02004926"
"AL5 2HB","AL5  2HB","AL5 2HB","198001","","E10000015","E58000626","E07000240","E05013955","E04013284","0","512597","0214804","1","E18000006","E40000007","E92000001","E12000006","5","E14001268","E15000006","E24000005","E30000237","E16000150","E07000240","26UGGF","E00120365","26UGGF","E65000001","E01023700","E02004926","5","4D1","E00120365","E01023700","E02004926","E33027408","E38000079","E63011425","C1","6A4",51.820526,-0.367778,"E37000048","","E23000027",32477,"E56000035","E54000025","E00120365","E01023700","E02004926"
"AL5 2HD","AL5  2HD","AL5 2HD","198001","","E10000015","E58000626","E07000240","E05013955","E04013284","0","512508","0214751","1","E18000006","E40000007","E92000001","E12000006","5","E14001268","E15000006","E24000005","E30000237","E16000150","E07000240","26UGGF","E00120365","26UGGF","E65000001","E01023700","E02004926","5","4D1","E00120365","E01023700","E02004926","E33027408","E38000079","E63011425","C1","6A4",51.820068,-0.369086,"E37000048","","E23000027",32477,"E56000035","E54000025","E00120365","E01023700","E02004926"
"AL5 2HE","AL5  2HE","AL5 2HE","198001","","E10000015","E58000626","E07000240","E05013955","E04013284","0","512372","0214647","1","E18000006","E40000007","E92000001","E12000006","5","E14001268","E15000006","E24000005","E30000237","E16000150","E07000240","26UGGF","E00120347","26UGGF","E65000001","E01023700","E02004926","5","4B3","E00120347","E01023700","E02004926","E33027408","E38000079","E63011425","C1","6A2",51.819161,-0.371092,"E37000048","","E23000027",32477,"E56000035","E54000025","E00120347","E01023700","E02004926"
"AL5 2HF","AL5  2HF","AL5 2HF","198001","","E10000015","E58000626","E07000240","E05013955","E04013284","0","512418","0214621","1","E18000006","E40000007","E92000001","E12000006","5","E14001268","E15000006","E24000005","E30000237","E16000150","E07000240","26UGGF","E00120347","26UGGF","E65000001","E01023700","E02004926","5","4B3","E00120347","E01023700","E02004926","E33027408","E38000079","E63011425","C1","6A2",51.818918,-0.370433,"E37000048","","E23000027",32477,"E56000035","E54000025","E00120347","E01023700","E02004926"
"AL5 2HG","AL5  2HG","AL5 2HG","198001","","E10000015","E58000626","E07000240","E05013955","E04013284","0","512509","0214615","1","E18000006","E40000007","E92000001","E12000006","5","E14001268","E15000006","E24000005","E30000237","E16000150","E07000240","26UGGF","E00120347","26UGGF","E65000001","E01023700","E02004926","5","4B3","E00120347","E01023700","E02004926","E33027408","E38000079","E63011425","C1","6A2",51.818845,-0.369115,"E37000048","","E23000027",32477,"E56000035","E54000025","E00120347","E01023700","E02004926"
"AL5 2HH","AL5  2HH","AL5 2HH","198001","","E10000015","E58000626","E07000240","E05013955","E04013284","0","512490","0214487","1","E18000006","E40000007","E92000001","E12000006","5","E14001268","E15000006","E24000005","E30000237","E16000150","E07000240","26UGGF","E00120347","26UGGF","E65000001","E01023700","E02004926","5","4B3","E00120347","E01023700","E02004926","E33027408","E38000079","E63011425","C1","6A2",51.817706,-0.369408,"E37000048","","E23000027",32477,"E56000035","E54000025","E00120347","E01023700","E02004926"
"AL5 2HJ","AL5  2HJ","AL5 2HJ","198001","","E10000015","E58000626","E07000240","E05013955","E04013284","0","512713","0214623","1","E18000006","E40000007","E92000001","E12000006","5","E14001268","E15000006","E24000005","E30000237","E16000150","E07000240","26UGGF","E00120367","26UGGF","E65000001","E01023699","E02004926","5","4D1","E00120367","E01023699","E02004926","E33027408","E38000079","E63011425","C1","6A4",51.818876,-0.366154,"E37000048","","E23000027",32632,"E56000035","E54000025","E00120367","E01023699","E02004926"
"AL5 2HL","AL5  2HL","AL5 2HL","198001","","E10000015","E58000626","E07000240","E05013955","E04013284","0","512594","0214691","1","E18000006","E40000007","E92000001","E12000006","5","E14001268","E15000006","E24000005","E30000237","E16000150","E07000240","26UGGF","E00120365","26UGGF","E65000001","E01023700","E02004926","5","4D1","E00120365","E01023700","E02004926","E33027408","E38000079","E63011425","C1","6A4",51.819511,-0.367858,"E37000048","","E23000027",32477,"E56000035","E54000025","E00120365","E01023700","E02004926"
"AL5 2HN","AL5  2HN","AL5 2HN","198001","","E10000015","E58000626","E07000240","E05013955","E04013284","0","512628","0214750","1","E18000006","E40000007","E92000001","E12000006","5","E14001268","E15000006","E24000005","E30000237","E16000150","E07000240","26UGGF","E00120365","26UGGF","E65000001","E01023700","E02004926","5","4D1","E00120365","E01023700","E02004926","E33027408","E38000079","E63011425","C1","6A4",51.820035,-0.367346,"E37000048","","E23000027",32477,"E56000035","E54000025","E00120365","E01023700","E02004926"
"AL5 2HP","AL5  2HP","AL5 2HP","199002","200111","E10000015","E58000626","E07000240","E05013955","E04013284","1","513594","0214185","1","E18000006","E40000007","E92000001","E12000006","5","E14001268","E15000006","E24000005","E30000237","E16000150","E07000240","26UGGF","E00120354","26UGGF","E65000001","E01023701","E02004926","5","6D2","E00120354","E01023701","E02004926","E33024309","E38000079","E63011425","C1","5B1",51.814762,-0.353522,"E37000048","","E23000027",29552,"E56000035","E54000025","E00120354","E01023701","E02004926"
"AL5 2HQ","AL5  2HQ","AL5 2HQ","198001","","E10000015","E58000626","E07000240","E05013955","E04013284","0","512484","0214533","1","E18000006","E40000007","E92000001","E12000006","5","E14001268","E15000006","E24000005","E30000237","E16000150","E07000240","26UGGF","E00120347","26UGGF","E65000001","E01023700","E02004926","5","4B3","E00120347","E01023700","E02004926","E33027408","E38000079","E63011425","C1","6A2",51.818114,-0.369504,"E37000048","","E23000027",32477,"E56000035","E54000025","E00120347","E01023700","E02004926"
"AL5 2HR","AL5  2HR","AL5 2HR","199612","200006","E10000015","E58000626","E07000240","E05013955","E04013284","1","513242","0213615","6","E18000006","E40000007","E92000001","E12000006","5","E14001268","E15000006","E24000005","E30000237","E16000150","E07000240","26UGGF","E00120360","26UGGF","E65000001","E01023701","E02004926","5","6D2","E00120360","E01023701","E02004926","E33027411","E38000079","E63011425","C1","5A2",51.809710,-0.358812,"E37000048","","E23000027",29552,"E56000035","E54000025","E00120360","E01023701","E02004926"
"AL5 2HS","AL5  2HS","AL5 2HS","198803","","E10000015","E58000626","E07000240","E05013955","E04013284","0","513320","0214096","1","E18000006","E40000007","E92000001","E12000006","5","E14001268","E15000006","E24000005","E30000237","E16000150","E07000240","26UGGF","E00120354","26UGGF","E65000001","E01023701","E02004926","5","6D2","E00120354","E01023701","E02004926","E33024311","E38000079","E63011425","C1","5B1",51.814024,-0.357500,"E37000048","","E23000027",29552,"E56000035","E54000025","E00120354","E01023701","E02004926"
"AL5 2HT","AL5  2HT","AL5 2HT","199612","199806","E10000015","E58000626","E07000240","E05013955","E04013284","1","513241","0213614","6","E18000006","E40000007","E92000001","E12000006","5","E14001268","E15000006","E24000005","E30000237","E16000150","E07000240","26UGGF","E00120360","26UGGF","E65000001","E01023701","E02004926","5","6D2","E00120360","E01023701","E02004926","E33027411","E38000079","E63011425","C1","5A2",51.809702,-0.358827,"E37000048","","E23000027",29552,"E56000035","E54000025","E00120360","E01023701","E02004926"
"AL5 2HU","AL5  2HU","AL5 2HU","198001","","E10000015","E58000626","E07000240","E05013955","E04013284","0","513411","0214067","1","E18000006","E40000007","E92000001","E12000006","5","E14001268","E15000006","E24000005","E30000237","E16000150","E07000240","26UGGF","E00120354","26UGGF","E65000001","E01023701","E02004926","5","6D2","E00120354","E01023701","E02004926","E33024311","E38000079","E63011425","C1","5B1",51.813738,-0.356214,"E37000048","","E23000027",29552,"E56000035","E54000025","E00120354","E01023701","E02004926"
"AL5 2HW","AL5  2HW","AL5 2HW","198001","","E10000015","E58000626","E07000240","E05013955","E04013284","0","512798","0214784","1","E18000006","E40000007","E92000001","E12000006","5","E14001268","E15000006","E24000005","E30000237","E16000150","E07000240","26UGGF","E00120367","26UGGF","E65000001","E01023699","E02004926","5","4D1","E00120367","E01023699","E02004926","E33027408","E38000079","E63011425","C1","6A4",51.820306,-0.364869,"E37000048","","E23000027",32632,"E56000035","E54000025","E00120367","E01023699","E02004926"
"AL5 2HX","AL5  2HX","AL5 2HX","198001","200709","E10000015","E58000626","E07000240","E05013955","E04013284","1","513408","0214114","1","E18000006","E40000007","E92000001","E12000006","5","E14001268","E15000006","E24000005","E30000237","E16000150","E07000240","26UGGF","E00120354","26UGGF","E65000001","E01023701","E02004926","5","6D2","E00120354","E01023701","E02004926","E33024311","E38000079","E63011425","C1","5B1",51.814161,-0.356242,"E37000048","","E23000027",29552,"E56000035","E54000025","E00120354","E01023701","E02004926"
"AL5 2HY","AL5  2HY","AL5 2HY","198001","","E10000015","E58000626","E07000240","E05013955","E04013284","0","513366","0214076","1","E18000006","E40000007","E92000001","E12000006","5","E14001268","E15000006","E24000005","E30000237","E16000150","E07000240","26UGGF","E00120354","26UGGF","E65000001","E01023701","E02004926","5","6D2","E00120354","E01023701","E02004926","E33024311","E38000079","E63011425","C1","5B1",51.813828,-0.356863,"E37000048","","E23000027",29552,"E56000035","E54000025","E00120354","E01023701","E02004926"
"AL5 2HZ","AL5  2HZ","AL5 2HZ","198001","","E10000015","E58000626","E07000240","E05013955","E04013284","1","513451","0214031","1","E18000006","E40000007","E92000001","E12000006","5","E14001268","E15000006","E24000005","E30000237","E16000150","E07000240","26UGGF","E00120354","26UGGF","E65000001","E01023701","E02004926","5","6D2","E00120354","E01023701","E02004926","E33024309","E38000079","E63011425","C1","5B1",51.813407,-0.355646,"E37000048","","E23000027",29552,"E56000035","E54000025","E00120354","E01023701","E02004926"
"AL5 2JA","AL5  2JA","AL5 2JA","199706","199707","E10000015","E58000626","E07000240","E05013955","E04013284","1","513500","0213900","8","E18000006","E40000007","E92000001","E12000006","5","E14001268","E15000006","E24000005","E30000237","E16000150","E07000240","26UGGF","E00120354","26UGGF","E65000001","E01023701","E02004926","5","6D2","E00120354","E01023701","E02004926","E33024309","E38000079","E63011425","C1","5B1",51.812219,-0.354978,"E37000048","","E23000027",29552,"E56000035","E54000025","E00120354","E01023701","E02004926"
"AL5 2JB","AL5  2JB","AL5 2JB","198001","","E10000015","E58000626","E07000240","E05013955","E04013284","0","513528","0213828","1","E18000006","E40000007","E92000001","E12000006","5","E14001268","E15000006","E24000005","E30000237","E16000150","E07000240","26UGGF","E00120354","26UGGF","E65000001","E01023701","E02004926","5","6D2","E00120354","E01023701","E02004926","E33024309","E38000079","E63011425","C1","5B1",51.811574,-0.354571,"E37000048","","E23000027",29552,"E56000035","E54000025","E00120354","E01023701","E02004926"
"AL5 2JD","AL5  2JD","AL5 2JD","201702","","E10000015","E58000626","E07000240","E05013955","E04013284","0","513510","0213588","1","E18000006","E40000007","E92000001","E12000006","5","E14001268","E15000006","E24000005","E30000237","E16000150","E07000240","26UGGF","E00120360","26UGGF","E65000001","E01023701","E02004926","5","6D2","E00120360","E01023701","E02004926","E33027411","E38000079","E63011425","C1","5A2",51.809420,-0.354911,"E37000048","","E23000027",29552,"E56000035","E54000025","E00120360","E01023701","E02004926"
"AL5 2JE","AL5  2JE","AL5 2JE","198307","201409","E10000015","E58000626","E07000240","E05013955","E04013284","1","513469","0213513","1","E18000006","E40000007","E92000001","E12000006","5","E14001268","E15000006","E24000005","E30000237","E16000150","E07000240","26UGGF","E00120360","26UGGF","E65000001","E01023701","E02004926","5","6D2","E00120360","E01023701","E02004926","E33027411","E38000079","E63011425","C1","5A2",51.808748,-0.355554,"E37000048","","E23000027",29552,"E56000035","E54000025","E00120360","E01023701","E02004926"
"AL5 2JF","AL5  2JF","AL5 2JF","198001","","E10000015","E58000626","E07000240","E05013955","E04013284","0","513556","0213864","1","E18000006","E40000007","E92000001","E12000006","5","E14001268","E15000006","E24000005","E30000237","E16000150","E07000240","26UGGF","E00120354","26UGGF","E65000001","E01023701","E02004926","5","6D2","E00120354","E01023701","E02004926","E33024309","E38000079","E63011425","C1","5B1",51.811885,-0.354178,"E37000048","","E23000027",29552,"E56000035","E54000025","E00120354","E01023701","E02004926"
"AL5 2JG","AL5  2JG","AL5 2JG","198001","","E10000015","E58000626","E07000240","E05013955","E04013284","0","513539","0213690","1","E18000006","E40000007","E92000001","E12000006","5","E14001268","E15000006","E24000005","E30000237","E16000150","E07000240","26UGGF","E00120360","26UGGF","E65000001","E01023701","E02004926","5","6D2","E00120360","E01023701","E02004926","E33027411","E38000079","E63011425","C1","5A2",51.810324,-0.354481,"E37000048","","E23000027",29552,"E56000035","E54000025","E00120360","E01023701","E02004926"
"AL5 2JH","AL5  2JH","AL5 2JH","198001","","E10000015","E58000626","E07000240","E05013955","E04013284","0","513262","0213556","1","E18000006","E40000007","E92000001","E12000006","5","E14001268","E15000006","E24000005","E30000237","E16000150","E07000240","26UGGF","E00120360","26UGGF","E65000001","E01023701","E02004926","5","6D2","E00120360","E01023701","E02004926","E33027411","E38000079","E63011425","C1","5A2",51.809176,-0.358541,"E37000048","","E23000027",29552,"E56000035","E54000025","E00120360","E01023701","E02004926"
"AL5 2JJ","AL5  2JJ","AL5 2JJ","198001","","E10000015","E58000626","E07000240","E05013955","E04013284","0","513281","0213542","1","E18000006","E40000007","E92000001","E12000006","5","E14001268","E15000006","E24000005","E30000237","E16000150","E07000240","26UGGF","E00120360","26UGGF","E65000001","E01023701","E02004926","5","6D2","E00120360","E01023701","E02004926","E33027411","E38000079","E63011425","C1","5A2",51.809053,-0.358246,"E37000048","","E23000027",29552,"E56000035","E54000025","E00120360","E01023701","E02004926"
"AL5 2JL","AL5  2JL","AL5 2JL","200112","","E10000015","E58000626","E07000240","E05013955","E04013284","0","513525","0213835","1","E18000006","E40000007","E92000001","E12000006","5","E14001268","E15000006","E24000005","E30000237","E16000150","E07000240","26UGGF","E00120354","26UGGF","E65000001","E01023701","E02004926","5","6D2","E00120354","E01023701","E02004926","E33024309","E38000079","E63011425","C1","5B1",51.811630,-0.354637,"E37000048","","E23000027",29552,"E56000035","E54000025","E00120354","E01023701","E02004926"
"AL5 2JN","AL5  2JN","AL5 2JN","198001","","E10000015","E58000626","E07000240","E05013955","E04013284","0","513511","0213427","1","E18000006","E40000007","E92000001","E12000006","5","E14001268","E15000006","E24000005","E30000237","E16000150","E07000240","26UGGF","E00120360","26UGGF","E65000001","E01023701","E02004926","5","6D2","E00120360","E01023701","E02004926","E33027411","E38000079","E63011425","C1","5A2",51.807966,-0.354973,"E37000048","","E23000027",29552,"E56000035","E54000025","E00120360","E01023701","E02004926"
"AL5 2JP","AL5  2JP","AL5 2JP","198001","","E10000015","E58000626","E07000240","E05013955","E04013284","0","513426","0212996","1","E18000006","E40000007","E92000001","E12000006","5","E14001268","E15000006","E24000005","E30000237","E16000150","E07000240","26UGGF","E00120360","26UGGF","E65000001","E01023701","E02004926","5","6D2","E00120360","E01023701","E02004926","E33027411","E38000079","E63011425","C1","5A2",51.804110,-0.356347,"E37000048","","E23000027",29552,"E56000035","E54000025","E00120360","E01023701","E02004926"
"AL5 2JQ","AL5  2JQ","AL5 2JQ","198001","","E10000015","E58000626","E07000240","E05013955","E04013284","0","513510","0213588","1","E18000006","E40000007","E92000001","E12000006","5","E14001268","E15000006","E24000005","E30000237","E16000150","E07000240","26UGGF","E00120360","26UGGF","E65000001","E01023701","E02004926","5","6D2","E00120360","E01023701","E02004926","E33027411","E38000079","E63011425","C1","5A2",51.809420,-0.354911,"E37000048","","E23000027",29552,"E56000035","E54000025","E00120360","E01023701","E02004926"
"AL5 2JR","AL5  2JR","AL5 2JR","198001","","E10000015","E58000626","E07000240","E05013955","E04013284","0","513369","0213028","1","E18000006","E40000007","E92000001","E12000006","5","E14001268","E15000006","E24000005","E30000237","E16000150","E07000240","26UGGF","E00120360","26UGGF","E65000001","E01023701","E02004926","5","6D2","E00120360","E01023701","E02004926","E33027411","E38000079","E63011425","C1","5A2",51.804409,-0.357162,"E37000048","","E23000027",29552,"E56000035","E54000025","E00120360","E01023701","E02004926"
"AL5 2JS","AL5  2JS","AL5 2JS","198001","","E10000015","E58000626","E07000240","E05013955","E04013284","0","513267","0213052","1","E18000006","E40000007","E92000001","E12000006","5","E14001268","E15000006","E24000005","E30000237","E16000150","E07000240","26UGGF","E00120360","26UGGF","E65000001","E01023701","E02004926","5","6D2","E00120360","E01023701","E02004926","E33027411","E38000079","E63011425","C1","5A2",51.804645,-0.358633,"E37000048","","E23000027",29552,"E56000035","E54000025","E00120360","E01023701","E02004926"
"AL5 2JT","AL5  2JT","AL5 2JT","198001","","E10000015","E58000625","E07000240","E05013953","E04004804","0","513239","0212835","1","E18000006","E40000007","E92000001","E12000006","5","E14001268","E15000006","E24000005","E30000237","E16000150","E07000240","26UGGL","E00120457","26UGGL","E65000001","E01023725","E02004929","5","3C1","E00120457","E01023725","E02004929","E33027420","E38000079","E63011425","C1","1B2",51.802708,-0.359086,"E37000048","","E23000027",28225,"E56000035","E54000025","E00120457","E01023725","E02004929"
"AL5 2JU","AL5  2JU","AL5 2JU","198001","","E10000015","E58000626","E07000240","E05013954","E04013284","0","513302","0212690","1","E18000006","E40000007","E92000001","E12000006","5","E14001268","E15000006","E24000005","E30000237","E16000150","E07000240","26UGGE","E00120338","26UGGE","E65000001","E01023696","E02004928","5","4D1","E00120338","E01023696","E02004928","E33027418","E38000079","E63011425","C1","6A1",51.801385,-0.358244,"E37000048","","E23000027",30852,"E56000035","E54000025","E00120338","E01023696","E02004928"
"AL5 2JW","AL5  2JW","AL5 2JW","198001","","E10000015","E58000626","E07000240","E05013955","E04013284","0","513507","0213175","1","E18000006","E40000007","E92000001","E12000006","5","E14001268","E15000006","E24000005","E30000237","E16000150","E07000240","26UGGF","E00120360","26UGGF","E65000001","E01023701","E02004926","5","6D2","E00120360","E01023701","E02004926","E33027411","E38000079","E63011425","C1","5A2",51.805702,-0.355114,"E37000048","","E23000027",29552,"E56000035","E54000025","E00120360","E01023701","E02004926"
"AL5 2JX","AL5  2JX","AL5 2JX","199706","200402","E10000015","E58000626","E07000240","E05013955","E04013284","1","513594","0214185","1","E18000006","E40000007","E92000001","E12000006","5","E14001268","E15000006","E24000005","E30000237","E16000150","E07000240","26UGGF","E00120354","26UGGF","E65000001","E01023701","E02004926","5","6D2","E00120354","E01023701","E02004926","E33024309","E38000079","E63011425","C1","5B1",51.814762,-0.353522,"E37000048","","E23000027",29552,"E56000035","E54000025","E00120354","E01023701","E02004926"
"AL5 2JY","AL5  2JY","AL5 2JY","198001","","E10000015","E58000626","E07000240","E05013954","E04013284","0","513329","0212889","1","E18000006","E40000007","E92000001","E12000006","5","E14001268","E15000006","E24000005","E30000237","E16000150","E07000240","26UGGE","E00120338","26UGGE","E65000001","E01023696","E02004928","5","4D1","E00120338","E01023696","E02004928","E33027418","E38000079","E63011425","C1","6A1",51.803168,-0.357788,"E37000048","","E23000027",30852,"E56000035","E54000025","E00120338","E01023696","E02004928"
"AL5 2JZ","AL5  2JZ","AL5 2JZ","199201","","E10000015","E58000626","E07000240","E05013955","E04013284","0","513397","0213072","1","E18000006","E40000007","E92000001","E12000006","5","E14001268","E15000006","E24000005","E30000237","E16000150","E07000240","26UGGF","E00120360","26UGGF","E65000001","E01023701","E02004926","5","6D2","E00120360","E01023701","E02004926","E33027411","E38000079","E63011425","C1","5A2",51.804799,-0.356742,"E37000048","","E23000027",29552,"E56000035","E54000025","E00120360","E01023701","E02004926"
"AL5 2LA","AL5  2LA","AL5 2LA","198001","","E10000015","E58000626","E07000240","E05013954","E04013284","0","513436","0212887","1","E18000006","E40000007","E92000001","E12000006","5","E14001268","E15000006","E24000005","E30000237","E16000150","E07000240","26UGGE","E00120338","26UGGE","E65000001","E01023696","E02004928","5","4D1","E00120338","E01023696","E02004928","E33027418","E38000079","E63011425","C1","6A1",51.803135,-0.356213,"E37000048","","E23000027",30852,"E56000035","E54000025","E00120338","E01023696","E02004928"
"AL5 2LB","AL5  2LB","AL5 2LB","198001","","E10000015","E58000626","E07000240","E05013954","E04013284","0","513394","0212799","1","E18000006","E40000007","E92000001","E12000006","5","E14001268","E15000006","E24000005","E30000237","E16000150","E07000240","26UGGE","E00120338","26UGGE","E65000001","E01023696","E02004928","5","4D1","E00120338","E01023696","E02004928","E33027418","E38000079","E63011425","C1","6A1",51.802353,-0.356851,"E37000048","","E23000027",30852,"E56000035","E54000025","E00120338","E01023696","E02004928"
"AL5 2LD","AL5  2LD","AL5 2LD","198001","","E10000015","E58000626","E07000240","E05013954","E04013284","0","513557","0212774","1","E18000006","E40000007","E92000001","E12000006","5","E14001268","E15000006","E24000005","E30000237","E16000150","E07000240","26UGGE","E00120338","26UGGE","E65000001","E01023696","E02004928","5","4D1","E00120338","E01023696","E02004928","E33027418","E38000079","E63011425","C1","6A1",51.802088,-0.354520,"E37000048","","E23000027",30852,"E56000035","E54000025","E00120338","E01023696","E02004928"
"AL5 2LE","AL5  2LE","AL5 2LE","198001","","E10000015","E58000626","E07000240","E05013954","E04013284","0","513660","0212549","1","E18000006","E40000007","E92000001","E12000006","5","E14001268","E15000006","E24000005","E30000237","E16000150","E07000240","26UGGE","E00120338","26UGGE","E65000001","E01023696","E02004928","5","4D1","E00120338","E01023696","E02004928","E33027418","E38000079","E63011425","C1","6A1",51.800045,-0.353101,"E37000048","","E23000027",30852,"E56000035","E54000025","E00120338","E01023696","E02004928"
"AL5 2LF","AL5  2LF","AL5 2LF","198001","","E10000015","E58000626","E07000240","E05013954","E04013284","0","513485","0212497","1","E18000006","E40000007","E92000001","E12000006","5","E14001268","E15000006","E24000005","E30000237","E16000150","E07000240","26UGGE","E00120338","26UGGE","E65000001","E01023696","E02004928","5","4D1","E00120338","E01023696","E02004928","E33027418","E38000079","E63011425","C1","6A1",51.799613,-0.355654,"E37000048","","E23000027",30852,"E56000035","E54000025","E00120338","E01023696","E02004928"
"AL5 2LG","AL5  2LG","AL5 2LG","198001","","E10000015","E58000626","E07000240","E05013954","E04013284","0","513248","0212272","1","E18000006","E40000007","E92000001","E12000006","5","E14001268","E15000006","E24000005","E30000237","E16000150","E07000240","26UGGE","E00120341","26UGGE","E65000001","E01023696","E02004928","5","4B3","E00120341","E01023696","E02004928","E33027418","E38000079","E63011425","C1","6A1",51.797639,-0.359163,"E37000048","","E23000027",30852,"E56000035","E54000025","E00120341","E01023696","E02004928"
"AL5 2LH","AL5  2LH","AL5 2LH","198001","","E10000015","E58000626","E07000240","E05013954","E04013284","0","513463","0212380","1","E18000006","E40000007","E92000001","E12000006","5","E14001268","E15000006","E24000005","E30000237","E16000150","E07000240","26UGGE","E00120341","26UGGE","E65000001","E01023696","E02004928","5","4B3","E00120341","E01023696","E02004928","E33027418","E38000079","E63011425","C1","6A1",51.798566,-0.356012,"E37000048","","E23000027",30852,"E56000035","E54000025","E00120341","E01023696","E02004928"
"AL5 2LJ","AL5  2LJ","AL5 2LJ","198001","","E10000015","E58000626","E07000240","E05013954","E04013284","0","513623","0212431","1","E18000006","E40000007","E92000001","E12000006","5","E14001268","E15000006","E24000005","E30000237","E16000150","E07000240","26UGGE","E00120342","26UGGE","E65000001","E01023696","E02004928","5","4D1","E00120342","E01023696","E02004928","E33027418","E38000079","E63011425","C1","6A1",51.798992,-0.353676,"E37000048","","E23000027",30852,"E56000035","E54000025","E00120342","E01023696","E02004928"
"AL5 2LL","AL5  2LL","AL5 2LL","198001","","E10000015","E58000626","E07000240","E05013954","E04013284","0","513680","0212458","1","E18000006","E40000007","E92000001","E12000006","5","E14001268","E15000006","E24000005","E30000237","E16000150","E07000240","26UGGE","E00120338","26UGGE","E65000001","E01023696","E02004928","5","4D1","E00120338","E01023696","E02004928","E33027418","E38000079","E63011425","C1","6A1",51.799223,-0.352841,"E37000048","","E23000027",30852,"E56000035","E54000025","E00120338","E01023696","E02004928"
"AL5 2LN","AL5  2LN","AL5 2LN","199405","","E10000015","E58000626","E07000240","E05013954","E04013284","0","513498","0212969","1","E18000006","E40000007","E92000001","E12000006","5","E14001268","E15000006","E24000005","E30000237","E16000150","E07000240","26UGGE","E00120338","26UGGE","E65000001","E01023696","E02004928","5","4D1","E00120338","E01023696","E02004928","E33027418","E38000079","E63011425","C1","6A1",51.803853,-0.355312,"E37000048","","E23000027",30852,"E56000035","E54000025","E00120338","E01023696","E02004928"
"AL5 2LP","AL5  2LP","AL5 2LP","198001","200408","E10000015","E58000626","E07000240","E05013955","E04013284","1","513594","0214185","1","E18000006","E40000007","E92000001","E12000006","5","E14001268","E15000006","E24000005","E30000237","E16000150","E07000240","26UGGF","E00120354","26UGGF","E65000001","E01023701","E02004926","5","6D2","E00120354","E01023701","E02004926","E33024309","E38000079","E63011425","C1","5B1",51.814762,-0.353522,"E37000048","","E23000027",29552,"E56000035","E54000025","E00120354","E01023701","E02004926"
"AL5 2LQ","AL5  2LQ","AL5 2LQ","198001","","E10000015","E58000626","E07000240","E05013954","E04013284","0","513205","0212240","1","E18000006","E40000007","E92000001","E12000006","5","E14001268","E15000006","E24000005","E30000237","E16000150","E07000240","26UGGE","E00120341","26UGGE","E65000001","E01023696","E02004928","5","4B3","E00120341","E01023696","E02004928","E33027418","E38000079","E63011425","C1","6A1",51.797360,-0.359797,"E37000048","","E23000027",30852,"E56000035","E54000025","E00120341","E01023696","E02004928"
"AL5 2LR","AL5  2LR","AL5 2LR","199912","","E10000015","E58000626","E07000240","E05013954","E04013284","0","512882","0212136","1","E18000006","E40000007","E92000001","E12000006","5","E14001268","E15000006","E24000005","E30000237","E16000150","E07000240","26UGGE","E00120341","26UGGE","E65000001","E01023696","E02004928","5","4B3","E00120341","E01023696","E02004928","E33027418","E38000079","E63011425","C1","6A1",51.796491,-0.364513,"E37000048","","E23000027",30852,"E56000035","E54000025","E00120341","E01023696","E02004928"
"AL5 2LS","AL5  2LS","AL5 2LS","199405","200601","E10000015","E58000626","E07000240","E05013955","E04013284","1","513594","0214185","1","E18000006","E40000007","E92000001","E12000006","5","E14001268","E15000006","E24000005","E30000237","E16000150","E07000240","26UGGF","E00120354","26UGGF","E65000001","E01023701","E02004926","5","6D2","E00120354","E01023701","E02004926","E33024309","E38000079","E63011425","C1","5B1",51.814762,-0.353522,"E37000048","","E23000027",29552,"E56000035","E54000025","E00120354","E01023701","E02004926"
"AL5 2LT","AL5  2LT","AL5 2LT","199501","200705","E10000015","E58000626","E07000240","E05013955","E04013284","1","513594","0214185","1","E18000006","E40000007","E92000001","E12000006","5","E14001268","E15000006","E24000005","E30000237","E16000150","E07000240","26UGGF","E00120354","26UGGF","E65000001","E01023701","E02004926","5","6D2","E00120354","E01023701","E02004926","E33024309","E38000079","E63011425","C1","5B1",51.814762,-0.353522,"E37000048","","E23000027",29552,"E56000035","E54000025","E00120354","E01023701","E02004926"
"AL5 2LU","AL5  2LU","AL5 2LU","199512","","E10000015","E58000626","E07000240","E05013954","E04013284","0","512865","0211953","1","E18000006","E40000007","E92000001","E12000006","5","E14001268","E15000006","E24000005","E30000237","E16000150","E07000240","26UGGE","E00120326","26UGGE","E65000001","E01023696","E02004928","5","4B3","E00120326","E01023696","E02004928","E33027418","E38000079","E63011425","C1","6A2",51.794850,-0.364819,"E37000048","","E23000027",30852,"E56000035","E54000025","E00120326","E01023696","E02004928"
"AL5 2LW","AL5  2LW","AL5 2LW","198001","200504","E10000015","E58000626","E07000240","E05013955","E04013284","0","513376","0214032","1","E18000006","E40000007","E92000001","E12000006","5","E14001268","E15000006","E24000005","E30000237","E16000150","E07000240","26UGGF","E00120354","26UGGF","E65000001","E01023701","E02004926","5","6D2","E00120354","E01023701","E02004926","E33024311","E38000079","E63011425","C1","5B1",51.813431,-0.356733,"E37000048","","E23000027",29552,"E56000035","E54000025","E00120354","E01023701","E02004926"
"AL5 2LX","AL5  2LX","AL5 2LX","199501","","E10000015","E58000626","E07000240","E05013955","E04013284","1","513457","0213995","1","E18000006","E40000007","E92000001","E12000006","5","E14001268","E15000006","E24000005","E30000237","E16000150","E07000240","26UGGF","E00120354","26UGGF","E65000001","E01023701","E02004926","5","6D2","E00120354","E01023701","E02004926","E33024309","E38000079","E63011425","C1","5B1",51.813082,-0.355570,"E37000048","","E23000027",29552,"E56000035","E54000025","E00120354","E01023701","E02004926"
"AL5 2LY","AL5  2LY","AL5 2LY","199501","200602","E10000015","E58000626","E07000240","E05013955","E04013284","1","513594","0214185","1","E18000006","E40000007","E92000001","E12000006","5","E14001268","E15000006","E24000005","E30000237","E16000150","E07000240","26UGGF","E00120354","26UGGF","E65000001","E01023701","E02004926","5","6D2","E00120354","E01023701","E02004926","E33024309","E38000079","E63011425","C1","5B1",51.814762,-0.353522,"E37000048","","E23000027",29552,"E56000035","E54000025","E00120354","E01023701","E02004926"
"AL5 2LZ","AL5  2LZ","AL5 2LZ","199912","","E10000015","E58000626","E07000240","E05013954","E04013284","0","512792","0212580","1","E18000006","E40000007","E92000001","E12000006","5","E14001268","E15000006","E24000005","E30000237","E16000150","E07000240","26UGGE","E00120341","26UGGE","E65000001","E01023696","E02004928","5","4B3","E00120341","E01023696","E02004928","E33027418","E38000079","E63011425","C1","6A1",51.800499,-0.365673,"E37000048","","E23000027",30852,"E56000035","E54000025","E00120341","E01023696","E02004928"
"AL5 2NA","AL5  2NA","AL5 2NA","198001","","E10000015","E58000626","E07000240","E05013954","E04013284","0","513083","0212635","1","E18000006","E40000007","E92000001","E12000006","5","E14001268","E15000006","E24000005","E30000237","E16000150","E07000240","26UGGE","E00120341","26UGGE","E65000001","E01023696","E02004928","5","4B3","E00120341","E01023696","E02004928","E33027418","E38000079","E63011425","C1","6A1",51.800942,-0.361412,"E37000048","","E23000027",30852,"E56000035","E54000025","E00120341","E01023696","E02004928"
"AL5 2NB","AL5  2NB","AL5 2NB","198001","","E10000015","E58000626","E07000240","E05013954","E04013284","0","513038","0212514","1","E18000006","E40000007","E92000001","E12000006","5","E14001268","E15000006","E24000005","E30000237","E16000150","E07000240","26UGGE","E00120341","26UGGE","E65000001","E01023696","E02004928","5","4B3","E00120341","E01023696","E02004928","E33027418","E38000079","E63011425","C1","6A1",51.799863,-0.362104,"E37000048","","E23000027",30852,"E56000035","E54000025","E00120341","E01023696","E02004928"
"AL5 2ND","AL5  2ND","AL5 2ND","198001","","E10000015","E58000626","E07000240","E05013954","E04013284","0","512994","0212414","1","E18000006","E40000007","E92000001","E12000006","5","E14001268","E15000006","E24000005","E30000237","E16000150","E07000240","26UGGE","E00120341","26UGGE","E65000001","E01023696","E02004928","5","4B3","E00120341","E01023696","E02004928","E33027418","E38000079","E63011425","C1","6A1",51.798967,-0.362799,"E37000048","","E23000027",30852,"E56000035","E54000025","E00120341","E01023696","E02004928"
"AL5 2NE","AL5  2NE","AL5 2NE","198001","","E10000015","E58000626","E07000240","E05013954","E04013284","0","513173","0212581","1","E18000006","E40000007","E92000001","E12000006","5","E14001268","E15000006","E24000005","E30000237","E16000150","E07000240","26UGGE","E00120341","26UGGE","E65000001","E01023696","E02004928","5","4B3","E00120341","E01023696","E02004928","E33027418","E38000079","E63011425","C1","6A1",51.800438,-0.360125,"E37000048","","E23000027",30852,"E56000035","E54000025","E00120341","E01023696","E02004928"
"AL5 2NF","AL5  2NF","AL5 2NF","198001","","E10000015","E58000626","E07000240","E05013954","E04013284","0","513209","0212642","1","E18000006","E40000007","E92000001","E12000006","5","E14001268","E15000006","E24000005","E30000237","E16000150","E07000240","26UGGE","E00120338","26UGGE","E65000001","E01023696","E02004928","5","4D1","E00120338","E01023696","E02004928","E33027418","E38000079","E63011425","C1","6A1",51.800972,-0.359608,"E37000048","","E23000027",30852,"E56000035","E54000025","E00120338","E01023696","E02004928"
"AL5 2NG","AL5  2NG","AL5 2NG","198001","","E10000015","E58000626","E07000240","E05013954","E04013284","0","513288","0212444","1","E18000006","E40000007","E92000001","E12000006","5","E14001268","E15000006","E24000005","E30000237","E16000150","E07000240","26UGGE","E00120341","26UGGE","E65000001","E01023696","E02004928","5","4B3","E00120341","E01023696","E02004928","E33027418","E38000079","E63011425","C1","6A1",51.799177,-0.358527,"E37000048","","E23000027",30852,"E56000035","E54000025","E00120341","E01023696","E02004928"
"AL5 2NH","AL5  2NH","AL5 2NH","198001","","E10000015","E58000626","E07000240","E05013954","E04013284","0","513424","0212586","1","E18000006","E40000007","E92000001","E12000006","5","E14001268","E15000006","E24000005","E30000237","E16000150","E07000240","26UGGE","E00120338","26UGGE","E65000001","E01023696","E02004928","5","4D1","E00120338","E01023696","E02004928","E33027418","E38000079","E63011425","C1","6A1",51.800426,-0.356510,"E37000048","","E23000027",30852,"E56000035","E54000025","E00120338","E01023696","E02004928"
"AL5 2NJ","AL5  2NJ","AL5 2NJ","198001","","E10000015","E58000626","E07000240","E05013954","E04013284","0","513162","0212414","1","E18000006","E40000007","E92000001","E12000006","5","E14001268","E15000006","E24000005","E30000237","E16000150","E07000240","26UGGE","E00120341","26UGGE","E65000001","E01023696","E02004928","5","4B3","E00120341","E01023696","E02004928","E33027418","E38000079","E63011425","C1","6A1",51.798933,-0.360364,"E37000048","","E23000027",30852,"E56000035","E54000025","E00120341","E01023696","E02004928"
"AL5 2NL","AL5  2NL","AL5 2NL","198001","","E10000015","E58000626","E07000240","E05013954","E04013284","0","513110","0212411","1","E18000006","E40000007","E92000001","E12000006","5","E14001268","E15000006","E24000005","E30000237","E16000150","E07000240","26UGGE","E00120341","26UGGE","E65000001","E01023696","E02004928","5","4B3","E00120341","E01023696","E02004928","E33027418","E38000079","E63011425","C1","6A1",51.798916,-0.361118,"E37000048","","E23000027",30852,"E56000035","E54000025","E00120341","E01023696","E02004928"
"AL5 2NN","AL5  2NN","AL5 2NN","198001","","E10000015","E58000626","E07000240","E05013954","E04013284","0","513060","0212350","1","E18000006","E40000007","E92000001","E12000006","5","E14001268","E15000006","E24000005","E30000237","E16000150","E07000240","26UGGE","E00120341","26UGGE","E65000001","E01023696","E02004928","5","4B3","E00120341","E01023696","E02004928","E33027418","E38000079","E63011425","C1","6A1",51.798378,-0.361863,"E37000048","","E23000027",30852,"E56000035","E54000025","E00120341","E01023696","E02004928"
"AL5 2NP","AL5  2NP","AL5 2NP","198001","","E10000015","E58000626","E07000240","E05013954","E04013284","0","513013","0212122","1","E18000006","E40000007","E92000001","E12000006","5","E14001268","E15000006","E24000005","E30000237","E16000150","E07000240","26UGGE","E00120326","26UGGE","E65000001","E01023696","E02004928","5","4B3","E00120326","E01023696","E02004928","E33027418","E38000079","E63011425","C1","6A2",51.796339,-0.362618,"E37000048","","E23000027",30852,"E56000035","E54000025","E00120326","E01023696","E02004928"
"AL5 2NQ","AL5  2NQ","AL5 2NQ","198001","","E10000015","E58000626","E07000240","E05013954","E04013284","0","513305","0212488","1","E18000006","E40000007","E92000001","E12000006","5","E14001268","E15000006","E24000005","E30000237","E16000150","E07000240","26UGGE","E00120338","26UGGE","E65000001","E01023696","E02004928","5","4D1","E00120338","E01023696","E02004928","E33027418","E38000079","E63011425","C1","6A1",51.799569,-0.358267,"E37000048","","E23000027",30852,"E56000035","E54000025","E00120338","E01023696","E02004928"
"AL5 2NR","AL5  2NR","AL5 2NR","198001","","E10000015","E58000626","E07000240","E05013954","E04013284","0","512956","0211883","1","E18000006","E40000007","E92000001","E12000006","5","E14001268","E15000006","E24000005","E30000237","E16000150","E07000240","26UGGE","E00120326","26UGGE","E65000001","E01023696","E02004928","5","4B3","E00120326","E01023696","E02004928","E33027418","E38000079","E63011425","C1","6A2",51.794202,-0.363522,"E37000048","","E23000027",30852,"E56000035","E54000025","E00120326","E01023696","E02004928"
"AL5 2NS","AL5  2NS","AL5 2NS","198001","","E10000015","E58000626","E07000240","E05013954","E04013284","0","512959","0212163","1","E18000006","E40000007","E92000001","E12000006","5","E14001268","E15000006","E24000005","E30000237","E16000150","E07000240","26UGGE","E00120341","26UGGE","E65000001","E01023696","E02004928","5","4B3","E00120341","E01023696","E02004928","E33027418","E38000079","E63011425","C1","6A1",51.796718,-0.363388,"E37000048","","E23000027",30852,"E56000035","E54000025","E00120341","E01023696","E02004928"
"AL5 2NT","AL5  2NT","AL5 2NT","198001","","E10000015","E58000626","E07000240","E05013954","E04013284","0","513160","0212111","1","E18000006","E40000007","E92000001","E12000006","5","E14001268","E15000006","E24000005","E30000237","E16000150","E07000240","26UGGE","E00120344","26UGGE","E65000001","E01023696","E02004928","5","4B3","E00120344","E01023696","E02004928","E33027418","E38000079","E63011425","C1","6A2",51.796210,-0.360491,"E37000048","","E23000027",30852,"E56000035","E54000025","E00120344","E01023696","E02004928"
"AL5 2NU","AL5  2NU","AL5 2NU","198001","","E10000015","E58000626","E07000240","E05013954","E04013284","0","513098","0212005","1","E18000006","E40000007","E92000001","E12000006","5","E14001268","E15000006","E24000005","E30000237","E16000150","E07000240","26UGGE","E00120326","26UGGE","E65000001","E01023696","E02004928","5","4B3","E00120326","E01023696","E02004928","E33027418","E38000079","E63011425","C1","6A2",51.795270,-0.361424,"E37000048","","E23000027",30852,"E56000035","E54000025","E00120326","E01023696","E02004928"
"AL5 2NW","AL5  2NW","AL5 2NW","198001","","E10000015","E58000626","E07000240","E05013954","E04013284","0","513099","0212237","1","E18000006","E40000007","E92000001","E12000006","5","E14001268","E15000006","E24000005","E30000237","E16000150","E07000240","26UGGE","E00120341","26UGGE","E65000001","E01023696","E02004928","5","4B3","E00120341","E01023696","E02004928","E33027418","E38000079","E63011425","C1","6A1",51.797355,-0.361334,"E37000048","","E23000027",30852,"E56000035","E54000025","E00120341","E01023696","E02004928"
"AL5 2NX","AL5  2NX","AL5 2NX","198001","","E10000015","E58000626","E07000240","E05013954","E04013284","0","512990","0212010","1","E18000006","E40000007","E92000001","E12000006","5","E14001268","E15000006","E24000005","E30000237","E16000150","E07000240","26UGGE","E00120326","26UGGE","E65000001","E01023696","E02004928","5","4B3","E00120326","E01023696","E02004928","E33027418","E38000079","E63011425","C1","6A2",51.795337,-0.362988,"E37000048","","E23000027",30852,"E56000035","E54000025","E00120326","E01023696","E02004928"
"AL5 2NY","AL5  2NY","AL5 2NY","198001","","E10000015","E58000626","E07000240","E05013954","E04013284","0","513063","0211928","1","E18000006","E40000007","E92000001","E12000006","5","E14001268","E15000006","E24000005","E30000237","E16000150","E07000240","26UGGE","E00120326","26UGGE","E65000001","E01023696","E02004928","5","4B3","E00120326","E01023696","E02004928","E33027418","E38000079","E63011425","C1","6A2",51.794585,-0.361957,"E37000048","","E23000027",30852,"E56000035","E54000025","E00120326","E01023696","E02004928"
"AL5 2NZ","AL5  2NZ","AL5 2NZ","198001","","E10000015","E58000626","E07000240","E05013954","E04013284","0","513021","0211790","1","E18000006","E40000007","E92000001","E12000006","5","E14001268","E15000006","E24000005","E30000237","E16000150","E07000240","26UGGE","E00120326","26UGGE","E65000001","E01023696","E02004928","5","4B3","E00120326","E01023696","E02004928","E33027418","E38000079","E63011425","C1","6A2",51.793353,-0.362611,"E37000048","","E23000027",30852,"E56000035","E54000025","E00120326","E01023696","E02004928"
"AL5 2PA","AL5  2PA","AL5 2PA","198001","","E10000015","E58000626","E07000240","E05013954","E04013284","0","513045","0211737","1","E18000006","E40000007","E92000001","E12000006","5","E14001268","E15000006","E24000005","E30000237","E16000150","E07000240","26UGGE","E00120326","26UGGE","E65000001","E01023696","E02004928","5","4B3","E00120326","E01023696","E02004928","E33027418","E38000079","E63011425","C1","6A2",51.792879,-0.362256,"E37000048","","E23000027",30852,"E56000035","E54000025","E00120326","E01023696","E02004928"
"AL5 2PB","AL5  2PB","AL5 2PB","198001","","E10000015","E58000626","E07000240","E05013954","E04013284","0","513242","0211760","1","E18000006","E40000007","E92000001","E12000006","5","E14001268","E15000006","E24000005","E30000237","E16000150","E07000240","26UGGE","E00120326","26UGGE","E65000001","E01023696","E02004928","5","4B3","E00120326","E01023696","E02004928","E33027418","E38000079","E63011425","C1","6A2",51.793039,-0.359417,"E37000048","","E23000027",30852,"E56000035","E54000025","E00120326","E01023696","E02004928"
"AL5 2PD","AL5  2PD","AL5 2PD","198001","","E10000015","E58000626","E07000240","E05013954","E04013284","0","513219","0211824","1","E18000006","E40000007","E92000001","E12000006","5","E14001268","E15000006","E24000005","E30000237","E16000150","E07000240","26UGGE","E00120326","26UGGE","E65000001","E01023696","E02004928","5","4B3","E00120326","E01023696","E02004928","E33027418","E38000079","E63011425","C1","6A2",51.793619,-0.359730,"E37000048","","E23000027",30852,"E56000035","E54000025","E00120326","E01023696","E02004928"
"AL5 2PE","AL5  2PE","AL5 2PE","198001","","E10000015","E58000626","E07000240","E05013954","E04013284","0","513403","0211958","1","E18000006","E40000007","E92000001","E12000006","5","E14001268","E15000006","E24000005","E30000237","E16000150","E07000240","26UGGE","E00120344","26UGGE","E65000001","E01023696","E02004928","5","4B3","E00120344","E01023696","E02004928","E33027418","E38000079","E63011425","C1","6A2",51.794786,-0.357019,"E37000048","","E23000027",30852,"E56000035","E54000025","E00120344","E01023696","E02004928"
"AL5 2PF","AL5  2PF","AL5 2PF","198001","","E10000015","E58000626","E07000240","E05013954","E04013284","0","513351","0211840","1","E18000006","E40000007","E92000001","E12000006","5","E14001268","E15000006","E24000005","E30000237","E16000150","E07000240","26UGGE","E00120344","26UGGE","E65000001","E01023696","E02004928","5","4B3","E00120344","E01023696","E02004928","E33027418","E38000079","E63011425","C1","6A2",51.793736,-0.357811,"E37000048","","E23000027",30852,"E56000035","E54000025","E00120344","E01023696","E02004928"
"AL5 2PG","AL5  2PG","AL5 2PG","198001","","E10000015","E58000626","E07000240","E05013954","E04013284","0","513233","0211921","1","E18000006","E40000007","E92000001","E12000006","5","E14001268","E15000006","E24000005","E30000237","E16000150","E07000240","26UGGE","E00120326","26UGGE","E65000001","E01023696","E02004928","5","4B3","E00120326","E01023696","E02004928","E33027418","E38000079","E63011425","C1","6A2",51.794488,-0.359495,"E37000048","","E23000027",30852,"E56000035","E54000025","E00120326","E01023696","E02004928"
"AL5 2PH","AL5  2PH","AL5 2PH","198001","","E10000015","E58000626","E07000240","E05013954","E04013284","0","513257","0212136","1","E18000006","E40000007","E92000001","E12000006","5","E14001268","E15000006","E24000005","E30000237","E16000150","E07000240","26UGGE","E00120344","26UGGE","E65000001","E01023696","E02004928","5","4B3","E00120344","E01023696","E02004928","E33027418","E38000079","E63011425","C1","6A2",51.796415,-0.359077,"E37000048","","E23000027",30852,"E56000035","E54000025","E00120344","E01023696","E02004928"
"AL5 2PJ","AL5  2PJ","AL5 2PJ","198001","","E10000015","E58000626","E07000240","E05013954","E04013284","0","513316","0212134","1","E18000006","E40000007","E92000001","E12000006","5","E14001268","E15000006","E24000005","E30000237","E16000150","E07000240","26UGGE","E00120344","26UGGE","E65000001","E01023696","E02004928","5","4B3","E00120344","E01023696","E02004928","E33027418","E38000079","E63011425","C1","6A2",51.796392,-0.358199,"E37000048","","E23000027",30852,"E56000035","E54000025","E00120344","E01023696","E02004928"
"AL5 2PL","AL5  2PL","AL5 2PL","198001","","E10000015","E58000626","E07000240","E05013954","E04013284","0","512959","0211686","1","E18000006","E40000007","E92000001","E12000006","5","E14001268","E15000006","E24000005","E30000237","E16000150","E07000240","26UGGE","E00120326","26UGGE","E65000001","E01023696","E02004928","5","4B3","E00120326","E01023696","E02004928","E33027418","E38000079","E63011425","C1","6A2",51.792431,-0.363543,"E37000048","","E23000027",30852,"E56000035","E54000025","E00120326","E01023696","E02004928"
"AL5 2PN","AL5  2PN","AL5 2PN","199507","199706","E10000015","E58000626","E07000240","E05013954","E04013284","1","512955","0211966","8","E18000006","E40000007","E92000001","E12000006","5","E14001268","E15000006","E24000005","E30000237","E16000150","E07000240","26UGGE","E00120326","26UGGE","E65000001","E01023696","E02004928","5","4B3","E00120326","E01023696","E02004928","E33027418","E38000079","E63011425","C1","6A2",51.794948,-0.363510,"E37000048","","E23000027",30852,"E56000035","E54000025","E00120326","E01023696","E02004928"
"AL5 2PP","AL5  2PP","AL5 2PP","199806","","E10000015","E58000626","E07000240","E05013954","E04013284","0","512957","0212246","1","E18000006","E40000007","E92000001","E12000006","5","E14001268","E15000006","E24000005","E30000237","E16000150","E07000240","26UGGE","E00120341","26UGGE","E65000001","E01023696","E02004928","5","4B3","E00120341","E01023696","E02004928","E33027418","E38000079","E63011425","C1","6A1",51.797464,-0.363390,"E37000048","","E23000027",30852,"E56000035","E54000025","E00120341","E01023696","E02004928"
"AL5 2PQ","AL5  2PQ","AL5 2PQ","198001","","E10000015","E58000626","E07000240","E05013954","E04013284","0","513231","0211990","1","E18000006","E40000007","E92000001","E12000006","5","E14001268","E15000006","E24000005","E30000237","E16000150","E07000240","26UGGE","E00120344","26UGGE","E65000001","E01023696","E02004928","5","4B3","E00120344","E01023696","E02004928","E33027418","E38000079","E63011425","C1","6A2",51.795115,-0.359478,"E37000048","","E23000027",30852,"E56000035","E54000025","E00120344","E01023696","E02004928"
"AL5 2PR","AL5  2PR","AL5 2PR","200403","","E10000015","E58000626","E07000240","E05013954","E04013284","0","513077","0212569","1","E18000006","E40000007","E92000001","E12000006","5","E14001268","E15000006","E24000005","E30000237","E16000150","E07000240","26UGGE","E00120341","26UGGE","E65000001","E01023696","E02004928","5","4B3","E00120341","E01023696","E02004928","E33027418","E38000079","E63011425","C1","6A1",51.800343,-0.361545,"E37000048","","E23000027",30852,"E56000035","E54000025","E00120341","E01023696","E02004928"
"AL5 2PS","AL5  2PS","AL5 2PS","200301","","E10000015","E58000626","E07000240","E05013955","E04013284","0","512988","0214565","1","E18000006","E40000007","E92000001","E12000006","5","E14001268","E15000006","E24000005","E30000237","E16000150","E07000240","26UGGF","E00120367","26UGGF","E65000001","E01023699","E02004926","5","4D1","E00120367","E01023699","E02004926","E33027408","E38000079","E63011425","C1","6A4",51.818300,-0.362185,"E37000048","","E23000027",32632,"E56000035","E54000025","E00120367","E01023699","E02004926"
"AL5 2PT","AL5  2PT","AL5 2PT","198001","","E10000015","E58000626","E07000240","E05013955","E04013284","0","513146","0214531","1","E18000006","E40000007","E92000001","E12000006","5","E14001268","E15000006","E24000005","E30000237","E16000150","E07000240","26UGGF","E00120368","26UGGF","E65000001","E01023699","E02004926","5","6D1","E00120368","E01023699","E02004926","E33027407","E38000079","E63011425","C1","5B2",51.817969,-0.359881,"E37000048","","E23000027",32632,"E56000035","E54000025","E00120368","E01023699","E02004926"
"AL5 2PU","AL5  2PU","AL5 2PU","198001","200205","E10000015","E58000626","E07000240","E05013955","E04013284","1","513039","0214531","1","E18000006","E40000007","E92000001","E12000006","5","E14001268","E15000006","E24000005","E30000237","E16000150","E07000240","26UGGF","E00120368","26UGGF","E65000001","E01023699","E02004926","5","6D1","E00120368","E01023699","E02004926","E33027407","E38000079","E63011425","C1","5B2",51.817984,-0.361457,"E37000048","","E23000027",32632,"E56000035","E54000025","E00120368","E01023699","E02004926"
"AL5 2PW","AL5  2PW","AL5 2PW","200305","","E10000015","E58000626","E07000240","E05013955","E04013284","0","512971","0214597","1","E18000006","E40000007","E92000001","E12000006","5","E14001268","E15000006","E24000005","E30000237","E16000150","E07000240","26UGGF","E00120368","26UGGF","E65000001","E01023699","E02004926","5","6D1","E00120368","E01023699","E02004926","E33027407","E38000079","E63011425","C1","5B2",51.818591,-0.362421,"E37000048","","E23000027",32632,"E56000035","E54000025","E00120368","E01023699","E02004926"
"AL5 2PX","AL5  2PX","AL5 2PX","198001","201402","E10000015","E58000626","E07000240","E05013955","E04013284","1","513205","0214627","1","E18000006","E40000007","E92000001","E12000006","5","E14001268","E15000006","E24000005","E30000237","E16000150","E07000240","26UGGF","E00120348","26UGGF","E65000001","E01023701","E02004926","5","4D2","E00120348","E01023701","E02004926","E33027407","E38000079","E63011425","C1","5B1",51.818813,-0.359018,"E37000048","","E23000027",29552,"E56000035","E54000025","E00120348","E01023701","E02004926"
"AL5 2PY","AL5  2PY","AL5 2PY","198001","","E10000015","E58000626","E07000240","E05013955","E04013284","0","513087","0214626","1","E18000006","E40000007","E92000001","E12000006","5","E14001268","E15000006","E24000005","E30000237","E16000150","E07000240","26UGGF","E00120368","26UGGF","E65000001","E01023699","E02004926","5","6D1","E00120368","E01023699","E02004926","E33027407","E38000079","E63011425","C1","5B2",51.818828,-0.360730,"E37000048","","E23000027",32632,"E56000035","E54000025","E00120368","E01023699","E02004926"
"AL5 2PZ","AL5  2PZ","AL5 2PZ","198001","","E10000015","E58000626","E07000240","E05013955","E04013284","0","512967","0214767","1","E18000006","E40000007","E92000001","E12000006","5","E14001268","E15000006","E24000005","E30000237","E16000150","E07000240","26UGGF","E00120368","26UGGF","E65000001","E01023699","E02004926","5","6D1","E00120368","E01023699","E02004926","E33027407","E38000079","E63011425","C1","5B2",51.820126,-0.362399,"E37000048","","E23000027",32632,"E56000035","E54000025","E00120368","E01023699","E02004926"
"AL5 2QA","AL5  2QA","AL5 2QA","198001","","E10000015","E58000626","E07000240","E05013955","E04013284","0","512910","0214686","1","E18000006","E40000007","E92000001","E12000006","5","E14001268","E15000006","E24000005","E30000237","E16000150","E07000240","26UGGF","E00120367","26UGGF","E65000001","E01023699","E02004926","5","4D1","E00120367","E01023699","E02004926","E33027408","E38000079","E63011425","C1","6A4",51.819403,-0.363277,"E37000048","","E23000027",32632,"E56000035","E54000025","E00120367","E01023699","E02004926"
"AL5 2QB","AL5  2QB","AL5 2QB","198001","","E10000015","E58000626","E07000240","E05013955","E04013284","0","513006","0214751","1","E18000006","E40000007","E92000001","E12000006","5","E14001268","E15000006","E24000005","E30000237","E16000150","E07000240","26UGGF","E00120368","26UGGF","E65000001","E01023699","E02004926","5","6D1","E00120368","E01023699","E02004926","E33027407","E38000079","E63011425","C1","5B2",51.819968,-0.361863,"E37000048","","E23000027",32632,"E56000035","E54000025","E00120368","E01023699","E02004926"
"AL5 2QD","AL5  2QD","AL5 2QD","198001","","E10000015","E58000626","E07000240","E05013955","E04013284","0","513095","0214683","1","E18000006","E40000007","E92000001","E12000006","5","E14001268","E15000006","E24000005","E30000237","E16000150","E07000240","26UGGF","E00120368","26UGGF","E65000001","E01023699","E02004926","5","6D1","E00120368","E01023699","E02004926","E33027407","E38000079","E63011425","C1","5B2",51.819346,-0.360571,"E37000048","","E23000027",32632,"E56000035","E54000025","E00120368","E01023699","E02004926"
"AL5 2QE","AL5  2QE","AL5 2QE","198001","","E10000015","E58000626","E07000240","E05013955","E04013284","0","512995","0214651","1","E18000006","E40000007","E92000001","E12000006","5","E14001268","E15000006","E24000005","E30000237","E16000150","E07000240","26UGGF","E00120367","26UGGF","E65000001","E01023699","E02004926","5","4D1","E00120367","E01023699","E02004926","E33027408","E38000079","E63011425","C1","6A4",51.819071,-0.362056,"E37000048","","E23000027",32632,"E56000035","E54000025","E00120367","E01023699","E02004926"
"AL5 2QF","AL5  2QF","AL5 2QF","198001","","E10000015","E58000626","E07000240","E05013955","E04013284","0","512947","0214473","1","E18000006","E40000007","E92000001","E12000006","5","E14001268","E15000006","E24000005","E30000237","E16000150","E07000240","26UGGF","E00120349","26UGGF","E65000001","E01023700","E02004926","5","4D2","E00120349","E01023700","E02004926","E33027408","E38000079","E63011425","C1","6A4",51.817481,-0.362810,"E37000048","","E23000027",32477,"E56000035","E54000025","E00120349","E01023700","E02004926"
"AL5 2QG","AL5  2QG","AL5 2QG","198001","","E10000015","E58000626","E07000240","E05013955","E04013284","0","513042","0214401","1","E18000006","E40000007","E92000001","E12000006","5","E14001268","E15000006","E24000005","E30000237","E16000150","E07000240","26UGGF","E00120367","26UGGF","E65000001","E01023699","E02004926","5","4D1","E00120367","E01023699","E02004926","E33027408","E38000079","E63011425","C1","6A4",51.816822,-0.361431,"E37000048","","E23000027",32632,"E56000035","E54000025","E00120367","E01023699","E02004926"
"AL5 2QH","AL5  2QH","AL5 2QH","198001","","E10000015","E58000626","E07000240","E05013955","E04013284","0","513101","0214357","1","E18000006","E40000007","E92000001","E12000006","5","E14001268","E15000006","E24000005","E30000237","E16000150","E07000240","26UGGF","E00120352","26UGGF","E65000001","E01023701","E02004926","5","2B1","E00120352","E01023701","E02004926","E33024307","E38000079","E63011425","C1","2C1",51.816407,-0.360614,"E37000048","","E23000027",29552,"E56000035","E54000025","E00120352","E01023701","E02004926"
"AL5 2QJ","AL5  2QJ","AL5 2QJ","198803","","E10000015","E58000626","E07000240","E05013955","E04013284","0","513474","0213173","1","E18000006","E40000007","E92000001","E12000006","5","E14001268","E15000006","E24000005","E30000237","E16000150","E07000240","26UGGF","E00120360","26UGGF","E65000001","E01023701","E02004926","5","6D2","E00120360","E01023701","E02004926","E33027411","E38000079","E63011425","C1","5A2",51.805698,-0.355569,"E37000048","","E23000027",29552,"E56000035","E54000025","E00120360","E01023701","E02004926"
"AL5 2QL","AL5  2QL","AL5 2QL","198001","","E10000015","E58000626","E07000240","E05013955","E04013284","0","513105","0214412","1","E18000006","E40000007","E92000001","E12000006","5","E14001268","E15000006","E24000005","E30000237","E16000150","E07000240","26UGGF","E00120349","26UGGF","E65000001","E01023700","E02004926","5","4D2","E00120349","E01023700","E02004926","E33027408","E38000079","E63011425","C1","6A4",51.816901,-0.360538,"E37000048","","E23000027",32477,"E56000035","E54000025","E00120349","E01023700","E02004926"
"AL5 2QN","AL5  2QN","AL5 2QN","198001","","E10000015","E58000626","E07000240","E05013955","E04013284","0","513005","0214346","1","E18000006","E40000007","E92000001","E12000006","5","E14001268","E15000006","E24000005","E30000237","E16000150","E07000240","26UGGF","E00120349","26UGGF","E65000001","E01023700","E02004926","5","4D2","E00120349","E01023700","E02004926","E33027408","E38000079","E63011425","C1","6A4",51.816328,-0.362010,"E37000048","","E23000027",32477,"E56000035","E54000025","E00120349","E01023700","E02004926"
"AL5 2QP","AL5  2QP","AL5 2QP","198001","","E10000015","E58000626","E07000240","E05013955","E04013284","0","512919","0214435","1","E18000006","E40000007","E92000001","E12000006","5","E14001268","E15000006","E24000005","E30000237","E16000150","E07000240","26UGGF","E00120349","26UGGF","E65000001","E01023700","E02004926","5","4D2","E00120349","E01023700","E02004926","E33027408","E38000079","E63011425","C1","6A4",51.817145,-0.363228,"E37000048","","E23000027",32477,"E56000035","E54000025","E00120349","E01023700","E02004926"
"AL5 2QQ","AL5  2QQ","AL5 2QQ","198001","","E10000015","E58000626","E07000240","E05013955","E04013284","0","513059","0214285","1","E18000006","E40000007","E92000001","E12000006","5","E14001268","E15000006","E24000005","E30000237","E16000150","E07000240","26UGGF","E00120352","26UGGF","E65000001","E01023701","E02004926","5","2B1","E00120352","E01023701","E02004926","E33024307","E38000079","E63011425","C1","2C1",51.815769,-0.361247,"E37000048","","E23000027",29552,"E56000035","E54000025","E00120352","E01023701","E02004926"
"AL5 2QR","AL5  2QR","AL5 2QR","198001","","E10000015","E58000626","E07000240","E05013955","E04013284","0","512868","0214557","1","E18000006","E40000007","E92000001","E12000006","5","E14001268","E15000006","E24000005","E30000237","E16000150","E07000240","26UGGF","E00120367","26UGGF","E65000001","E01023699","E02004926","5","4D1","E00120367","E01023699","E02004926","E33027408","E38000079","E63011425","C1","6A4",51.818252,-0.363928,"E37000048","","E23000027",32632,"E56000035","E54000025","E00120367","E01023699","E02004926"
"AL5 2QS","AL5  2QS","AL5 2QS","198001","","E10000015","E58000626","E07000240","E05013955","E04013284","0","512793","0214564","1","E18000006","E40000007","E92000001","E12000006","5","E14001268","E15000006","E24000005","E30000237","E16000150","E07000240","26UGGF","E00120367","26UGGF","E65000001","E01023699","E02004926","5","4D1","E00120367","E01023699","E02004926","E33027408","E38000079","E63011425","C1","6A4",51.818330,-0.365013,"E37000048","","E23000027",32632,"E56000035","E54000025","E00120367","E01023699","E02004926"
"AL5 2QT","AL5  2QT","AL5 2QT","198001","","E10000015","E58000626","E07000240","E05013955","E04013284","0","512858","0214446","1","E18000006","E40000007","E92000001","E12000006","5","E14001268","E15000006","E24000005","E30000237","E16000150","E07000240","26UGGF","E00120349","26UGGF","E65000001","E01023700","E02004926","5","4D2","E00120349","E01023700","E02004926","E33027408","E38000079","E63011425","C1","6A4",51.817256,-0.364109,"E37000048","","E23000027",32477,"E56000035","E54000025","E00120349","E01023700","E02004926"
"AL5 2QU","AL5  2QU","AL5 2QU","198001","","E10000015","E58000626","E07000240","E05013955","E04013284","0","512947","0214262","1","E18000006","E40000007","E92000001","E12000006","5","E14001268","E15000006","E24000005","E30000237","E16000150","E07000240","26UGGF","E00120349","26UGGF","E65000001","E01023700","E02004926","5","4D2","E00120349","E01023700","E02004926","E33027408","E38000079","E63011425","C1","6A4",51.815585,-0.362878,"E37000048","","E23000027",32477,"E56000035","E54000025","E00120349","E01023700","E02004926"
"AL5 2QW","AL5  2QW","AL5 2QW","198001","","E10000015","E58000626","E07000240","E05013955","E04013284","0","513132","0214367","1","E18000006","E40000007","E92000001","E12000006","5","E14001268","E15000006","E24000005","E30000237","E16000150","E07000240","26UGGF","E00120352","26UGGF","E65000001","E01023701","E02004926","5","2B1","E00120352","E01023701","E02004926","E33024307","E38000079","E63011425","C1","2C1",51.816491,-0.360162,"E37000048","","E23000027",29552,"E56000035","E54000025","E00120352","E01023701","E02004926"
"AL5 2QX","AL5  2QX","AL5 2QX","198001","","E10000015","E58000626","E07000240","E05013955","E04013284","0","512921","0214303","1","E18000006","E40000007","E92000001","E12000006","5","E14001268","E15000006","E24000005","E30000237","E16000150","E07000240","26UGGF","E00120349","26UGGF","E65000001","E01023700","E02004926","5","4D2","E00120349","E01023700","E02004926","E33027408","E38000079","E63011425","C1","6A4",51.815958,-0.363242,"E37000048","","E23000027",32477,"E56000035","E54000025","E00120349","E01023700","E02004926"
"AL5 2QY","AL5  2QY","AL5 2QY","198001","","E10000015","E58000626","E07000240","E05013955","E04013284","0","512847","0214276","1","E18000006","E40000007","E92000001","E12000006","5","E14001268","E15000006","E24000005","E30000237","E16000150","E07000240","26UGGF","E00120349","26UGGF","E65000001","E01023700","E02004926","5","4D2","E00120349","E01023700","E02004926","E33027408","E38000079","E63011425","C1","6A4",51.815738,-0.364300,"E37000048","","E23000027",32477,"E56000035","E54000025","E00120349","E01023700","E02004926"
"AL5 2QZ","AL5  2QZ","AL5 2QZ","198001","","E10000015","E58000626","E07000240","E05013955","E04013284","0","512810","0214427","1","E18000006","E40000007","E92000001","E12000006","5","E14001268","E15000006","E24000005","E30000237","E16000150","E07000240","26UGGF","E00120349","26UGGF","E65000001","E01023700","E02004926","5","4D2","E00120349","E01023700","E02004926","E33027408","E38000079","E63011425","C1","6A4",51.817095,-0.364811,"E37000048","","E23000027",32477,"E56000035","E54000025","E00120349","E01023700","E02004926"
"AL5 2RA","AL5  2RA","AL5 2RA","198001","","E10000015","E58000626","E07000240","E05013955","E04013284","0","512806","0214287","1","E18000006","E40000007","E92000001","E12000006","5","E14001268","E15000006","E24000005","E30000237","E16000150","E07000240","26UGGF","E00120355","26UGGF","E65000001","E01023700","E02004926","5","4B3","E00120355","E01023700","E02004926","E33027408","E38000079","E63011425","C1","6A4",51.815838,-0.364915,"E37000048","","E23000027",32477,"E56000035","E54000025","E00120355","E01023700","E02004926"
"AL5 2RB","AL5  2RB","AL5 2RB","198001","","E10000015","E58000626","E07000240","E05013955","E04013284","0","512812","0214351","1","E18000006","E40000007","E92000001","E12000006","5","E14001268","E15000006","E24000005","E30000237","E16000150","E07000240","26UGGF","E00120349","26UGGF","E65000001","E01023700","E02004926","5","4D2","E00120349","E01023700","E02004926","E33027408","E38000079","E63011425","C1","6A4",51.816412,-0.364807,"E37000048","","E23000027",32477,"E56000035","E54000025","E00120349","E01023700","E02004926"
"AL5 2RD","AL5  2RD","AL5 2RD","198001","","E10000015","E58000626","E07000240","E05013955","E04013284","0","512722","0214459","1","E18000006","E40000007","E92000001","E12000006","5","E14001268","E15000006","E24000005","E30000237","E16000150","E07000240","26UGGF","E00120347","26UGGF","E65000001","E01023700","E02004926","5","4B3","E00120347","E01023700","E02004926","E33027408","E38000079","E63011425","C1","6A2",51.817408,-0.366053,"E37000048","","E23000027",32477,"E56000035","E54000025","E00120347","E01023700","E02004926"
"AL5 2RE","AL5  2RE","AL5 2RE","198001","","E10000015","E58000626","E07000240","E05013955","E04013284","0","512540","0214395","1","E18000006","E40000007","E92000001","E12000006","5","E14001268","E15000006","E24000005","E30000237","E16000150","E07000240","26UGGF","E00120347","26UGGF","E65000001","E01023700","E02004926","5","4B3","E00120347","E01023700","E02004926","E33027408","E38000079","E63011425","C1","6A2",51.816862,-0.368737,"E37000048","","E23000027",32477,"E56000035","E54000025","E00120347","E01023700","E02004926"
"AL5 2RF","AL5  2RF","AL5 2RF","198001","","E10000015","E58000626","E07000240","E05013955","E04013284","0","512588","0214373","1","E18000006","E40000007","E92000001","E12000006","5","E14001268","E15000006","E24000005","E30000237","E16000150","E07000240","26UGGF","E00120355","26UGGF","E65000001","E01023700","E02004926","5","4B3","E00120355","E01023700","E02004926","E33027408","E38000079","E63011425","C1","6A4",51.816655,-0.368048,"E37000048","","E23000027",32477,"E56000035","E54000025","E00120355","E01023700","E02004926"
"AL5 2RG","AL5  2RG","AL5 2RG","198001","","E10000015","E58000626","E07000240","E05013955","E04013284","0","512552","0214466","1","E18000006","E40000007","E92000001","E12000006","5","E14001268","E15000006","E24000005","E30000237","E16000150","E07000240","26UGGF","E00120347","26UGGF","E65000001","E01023700","E02004926","5","4B3","E00120347","E01023700","E02004926","E33027408","E38000079","E63011425","C1","6A2",51.817498,-0.368540,"E37000048","","E23000027",32477,"E56000035","E54000025","E00120347","E01023700","E02004926"
"AL5 2RH","AL5  2RH","AL5 2RH","198001","","E10000015","E58000626","E07000240","E05013955","E04013284","0","512205","0214547","1","E18000006","E40000007","E92000001","E12000006","5","E14001268","E15000006","E24000005","E30000237","E16000150","E07000240","26UGGF","E00120355","26UGGF","E65000001","E01023700","E02004926","5","4B3","E00120355","E01023700","E02004926","E33027408","E38000079","E63011425","C1","6A4",51.818295,-0.373546,"E37000048","","E23000027",32477,"E56000035","E54000025","E00120355","E01023700","E02004926"
"AL5 2RJ","AL5  2RJ","AL5 2RJ","198001","","E10000015","E58000626","E07000240","E05013955","E04013284","0","512950","0214820","1","E18000006","E40000007","E92000001","E12000006","5","E14001268","E15000006","E24000005","E30000237","E16000150","E07000240","26UGGF","E00120368","26UGGF","E65000001","E01023699","E02004926","5","6D1","E00120368","E01023699","E02004926","E33027407","E38000079","E63011425","C1","5B2",51.820606,-0.362629,"E37000048","","E23000027",32632,"E56000035","E54000025","E00120368","E01023699","E02004926"
"AL5 2RL","AL5  2RL","AL5 2RL","198604","199706","E10000015","E58000626","E07000240","E05013955","E04013284","1","512859","0214669","8","E18000006","E40000007","E92000001","E12000006","5","E14001268","E15000006","E24000005","E30000237","E16000150","E07000240","26UGGF","E00120367","26UGGF","E65000001","E01023699","E02004926","5","4D1","E00120367","E01023699","E02004926","E33027408","E38000079","E63011425","C1","6A4",51.819260,-0.364022,"E37000048","","E23000027",32632,"E56000035","E54000025","E00120367","E01023699","E02004926"
"AL5 2RN","AL5  2RN","AL5 2RN","198001","","E10000015","E58000626","E07000240","E05013955","E04013284","0","512768","0214518","1","E18000006","E40000007","E92000001","E12000006","5","E14001268","E15000006","E24000005","E30000237","E16000150","E07000240","26UGGF","E00120367","26UGGF","E65000001","E01023699","E02004926","5","4D1","E00120367","E01023699","E02004926","E33027408","E38000079","E63011425","C1","6A4",51.817929,-0.365366,"E37000048","","E23000027",32632,"E56000035","E54000025","E00120367","E01023699","E02004926"
"AL5 2RQ","AL5  2RQ","AL5 2RQ","198001","","E10000015","E58000626","E07000240","E05013955","E04013284","0","512361","0214476","1","E18000006","E40000007","E92000001","E12000006","5","E14001268","E15000006","E24000005","E30000237","E16000150","E07000240","26UGGF","E00120347","26UGGF","E65000001","E01023700","E02004926","5","4B3","E00120347","E01023700","E02004926","E33027408","E38000079","E63011425","C1","6A2",51.817626,-0.371306,"E37000048","","E23000027",32477,"E56000035","E54000025","E00120347","E01023700","E02004926"
"AL5 2RR","AL5  2RR","AL5 2RR","198001","199405","E10000015","E58000626","E07000240","E05013955","E04013284","1","513500","0214100","8","E18000006","E40000007","E92000001","E12000006","5","E14001268","E15000006","E24000005","E30000237","E16000150","E07000240","26UGGF","E00120354","26UGGF","E65000001","E01023701","E02004926","5","6D2","E00120354","E01023701","E02004926","E33024309","E38000079","E63011425","C1","5B1",51.814017,-0.354913,"E37000048","","E23000027",29552,"E56000035","E54000025","E00120354","E01023701","E02004926"
"AL5 2RS","AL5  2RS","AL5 2RS","198001","202401","E10000015","E58000626","E07000240","E05013955","E04013284","1","513519","0214174","1","E18000006","E40000007","E92000001","E12000006","5","E14001268","E15000006","E24000005","E30000237","E16000150","E07000240","26UGGF","E00120354","26UGGF","E65000001","E01023701","E02004926","5","6D2","E00120354","E01023701","E02004926","E33024312","E38000079","E63011425","C1","5B1",51.814685,-0.354589,"E37000048","","E23000027",29552,"E56000035","E54000025","E00120354","E01023701","E02004926"
"AL5 2RT","AL5  2RT","AL5 2RT","198001","","E10000015","E58000626","E07000240","E05013955","E04013284","0","513507","0214206","1","E18000006","E40000007","E92000001","E12000006","5","E14001268","E15000006","E24000005","E30000237","E16000150","E07000240","26UGGF","E00120354","26UGGF","E65000001","E01023701","E02004926","5","6D2","E00120354","E01023701","E02004926","E33024312","E38000079","E63011425","C1","5B1",51.814968,-0.354776,"E37000048","","E23000027",29552,"E56000035","E54000025","E00120354","E01023701","E02004926"
"AL5 2RU","AL5  2RU","AL5 2RU","198001","","E10000015","E58000626","E07000240","E05013955","E04013284","0","513469","0214317","1","E18000006","E40000007","E92000001","E12000006","5","E14001268","E15000006","E24000005","E30000237","E16000150","E07000240","26UGGF","E00120352","26UGGF","E65000001","E01023701","E02004926","5","2B1","E00120352","E01023701","E02004926","E33024306","E38000079","E63011425","C1","2C1",51.815980,-0.355267,"E37000048","","E23000027",29552,"E56000035","E54000025","E00120352","E01023701","E02004926"
"AL5 2RW","AL5  2RW","AL5 2RW","198106","","E10000015","E58000626","E07000240","E05013955","E04013284","0","512332","0214350","1","E18000006","E40000007","E92000001","E12000006","5","E14001268","E15000006","E24000005","E30000237","E16000150","E07000240","26UGGF","E00120355","26UGGF","E65000001","E01023700","E02004926","5","4B3","E00120355","E01023700","E02004926","E33027408","E38000079","E63011425","C1","6A4",51.816499,-0.371768,"E37000048","","E23000027",32477,"E56000035","E54000025","E00120355","E01023700","E02004926"
"AL5 2RX","AL5  2RX","AL5 2RX","198001","199606","E10000015","E58000626","E07000240","E05013955","E04013284","1","513400","0213200","8","E18000006","E40000007","E92000001","E12000006","5","E14001268","E15000006","E24000005","E30000237","E16000150","E07000240","26UGGF","E00120360","26UGGF","E65000001","E01023701","E02004926","5","6D2","E00120360","E01023701","E02004926","E33027411","E38000079","E63011425","C1","5A2",51.805949,-0.356657,"E37000048","","E23000027",29552,"E56000035","E54000025","E00120360","E01023701","E02004926"
"AL5 2RY","AL5  2RY","AL5 2RY","198001","202010","E10000015","E58000626","E07000240","E05013955","E04013284","1","513494","0214263","1","E18000006","E40000007","E92000001","E12000006","5","E14001268","E15000006","E24000005","E30000237","E16000150","E07000240","26UGGF","E00120352","26UGGF","E65000001","E01023701","E02004926","5","2B1","E00120352","E01023701","E02004926","E33024306","E38000079","E63011425","C1","2C1",51.815483,-0.354946,"E37000048","","E23000027",29552,"E56000035","E54000025","E00120352","E01023701","E02004926"
"AL5 2RZ","AL5  2RZ","AL5 2RZ","198001","199507","E10000015","E58000626","E07000240","E05013955","E04013284","1","513400","0214300","8","E18000006","E40000007","E92000001","E12000006","5","E14001268","E15000006","E24000005","E30000237","E16000150","E07000240","26UGGF","E00120352","26UGGF","E65000001","E01023701","E02004926","5","2B1","E00120352","E01023701","E02004926","E33024305","E38000079","E63011425","C1","2C1",51.815835,-0.356297,"E37000048","","E23000027",29552,"E56000035","E54000025","E00120352","E01023701","E02004926"
"AL5 2SA","AL5  2SA","AL5 2SA","198001","199412","E10000015","E58000626","E07000240","E05013955","E04013284","1","513400","0214300","8","E18000006","E40000007","E92000001","E12000006","5","E14001268","E15000006","E24000005","E30000237","E16000150","E07000240","26UGGF","E00120352","26UGGF","E65000001","E01023701","E02004926","5","2B1","E00120352","E01023701","E02004926","E33024305","E38000079","E63011425","C1","2C1",51.815835,-0.356297,"E37000048","","E23000027",29552,"E56000035","E54000025","E00120352","E01023701","E02004926"
"AL5 2SB","AL5  2SB","AL5 2SB","199412","200803","E10000015","E58000626","E07000240","E05013955","E04013284","1","513440","0214317","1","E18000006","E40000007","E92000001","E12000006","5","E14001268","E15000006","E24000005","E30000237","E16000150","E07000240","26UGGF","E00120352","26UGGF","E65000001","E01023701","E02004926","5","2B1","E00120352","E01023701","E02004926","E33024306","E38000079","E63011425","C1","2C1",51.815979,-0.355712,"E37000048","","E23000027",29552,"E56000035","E54000025","E00120352","E01023701","E02004926"
"AL5 2SD","AL5  2SD","AL5 2SD","198001","","E10000015","E58000626","E07000240","E05013955","E04013284","0","513381","0214398","1","E18000006","E40000007","E92000001","E12000006","5","E14001268","E15000006","E24000005","E30000237","E16000150","E07000240","26UGGF","E00120352","26UGGF","E65000001","E01023701","E02004926","5","2B1","E00120352","E01023701","E02004926","E33024304","E38000079","E63011425","C1","2C1",51.816726,-0.356516,"E37000048","","E23000027",29552,"E56000035","E54000025","E00120352","E01023701","E02004926"
"AL5 2SE","AL5  2SE","AL5 2SE","198301","199606","E10000015","E58000626","E07000240","E05013955","E04013284","1","513300","0214400","8","E18000006","E40000007","E92000001","E12000006","5","E14001268","E15000006","E24000005","E30000237","E16000150","E07000240","26UGGF","E00120352","26UGGF","E65000001","E01023701","E02004926","5","2B1","E00120352","E01023701","E02004926","E33024307","E38000079","E63011425","C1","2C1",51.816754,-0.357715,"E37000048","","E23000027",29552,"E56000035","E54000025","E00120352","E01023701","E02004926"
"AL5 2SF","AL5  2SF","AL5 2SF","198001","201204","E10000015","E58000626","E07000240","E05013955","E04013284","1","513386","0214421","1","E18000006","E40000007","E92000001","E12000006","5","E14001268","E15000006","E24000005","E30000237","E16000150","E07000240","26UGGF","E00120352","26UGGF","E65000001","E01023701","E02004926","5","2B1","E00120352","E01023701","E02004926","E33024304","E38000079","E63011425","C1","2C1",51.816925,-0.356461,"E37000048","","E23000027",29552,"E56000035","E54000025","E00120352","E01023701","E02004926"
"AL5 2SG","AL5  2SG","AL5 2SG","198001","","E10000015","E58000626","E07000240","E05013955","E04013284","0","513388","0214444","1","E18000006","E40000007","E92000001","E12000006","5","E14001268","E15000006","E24000005","E30000237","E16000150","E07000240","26UGGF","E00120352","26UGGF","E65000001","E01023701","E02004926","5","2B1","E00120352","E01023701","E02004926","E33024308","E38000079","E63011425","C1","2C1",51.817138,-0.356400,"E37000048","","E23000027",29552,"E56000035","E54000025","E00120352","E01023701","E02004926"
"AL5 2SH","AL5  2SH","AL5 2SH","198001","","E10000015","E58000626","E07000240","E05013955","E04013284","0","513367","0214450","1","E18000006","E40000007","E92000001","E12000006","5","E14001268","E15000006","E24000005","E30000237","E16000150","E07000240","26UGGF","E00120352","26UGGF","E65000001","E01023701","E02004926","5","2B1","E00120352","E01023701","E02004926","E33024304","E38000079","E63011425","C1","2C1",51.817196,-0.356702,"E37000048","","E23000027",29552,"E56000035","E54000025","E00120352","E01023701","E02004926"
"AL5 2SJ","AL5  2SJ","AL5 2SJ","198001","","E10000015","E58000626","E07000240","E05013955","E04013284","0","513367","0214462","1","E18000006","E40000007","E92000001","E12000006","5","E14001268","E15000006","E24000005","E30000237","E16000150","E07000240","26UGGF","E00120352","26UGGF","E65000001","E01023701","E02004926","5","2B1","E00120352","E01023701","E02004926","E33024308","E38000079","E63011425","C1","2C1",51.817297,-0.356723,"E37000048","","E23000027",29552,"E56000035","E54000025","E00120352","E01023701","E02004926"
"AL5 2SL","AL5  2SL","AL5 2SL","198001","","E10000015","E58000626","E07000240","E05013955","E04013284","0","513315","0214538","1","E18000006","E40000007","E92000001","E12000006","5","E14001268","E15000006","E24000005","E30000237","E16000150","E07000240","26UGGF","E00120352","26UGGF","E65000001","E01023701","E02004926","5","2B1","E00120352","E01023701","E02004926","E33024308","E38000079","E63011425","C1","2C1",51.817998,-0.357428,"E37000048","","E23000027",29552,"E56000035","E54000025","E00120352","E01023701","E02004926"
"AL5 2SN","AL5  2SN","AL5 2SN","198001","","E10000015","E58000626","E07000240","E05013955","E04013284","0","513337","0214504","1","E18000006","E40000007","E92000001","E12000006","5","E14001268","E15000006","E24000005","E30000237","E16000150","E07000240","26UGGF","E00120352","26UGGF","E65000001","E01023701","E02004926","5","2B1","E00120352","E01023701","E02004926","E33024308","E38000079","E63011425","C1","2C1",51.817688,-0.357120,"E37000048","","E23000027",29552,"E56000035","E54000025","E00120352","E01023701","E02004926"
"AL5 2SP","AL5  2SP","AL5 2SP","198001","","E10000015","E58000626","E07000240","E05013955","E04013284","0","513284","0214520","1","E18000006","E40000007","E92000001","E12000006","5","E14001268","E15000006","E24000005","E30000237","E16000150","E07000240","26UGGF","E00120352","26UGGF","E65000001","E01023701","E02004926","5","2B1","E00120352","E01023701","E02004926","E33024307","E38000079","E63011425","C1","2C1",51.817819,-0.358053,"E37000048","","E23000027",29552,"E56000035","E54000025","E00120352","E01023701","E02004926"
"AL5 2SQ","AL5  2SQ","AL5 2SQ","198001","199706","E10000015","E58000626","E07000240","E05013955","E04013284","0","513300","0214400","8","E18000006","E40000007","E92000001","E12000006","5","E14001268","E15000006","E24000005","E30000237","E16000150","E07000240","26UGGF","E00120352","26UGGF","E65000001","E01023701","E02004926","5","2B1","E00120352","E01023701","E02004926","E33024307","E38000079","E63011425","C1","2C1",51.816754,-0.357715,"E37000048","","E23000027",29552,"E56000035","E54000025","E00120352","E01023701","E02004926"
"AL5 2SR","AL5  2SR","AL5 2SR","198001","199212","E10000015","E58000626","E07000240","E05013955","E04013284","1","513200","0214500","8","E18000006","E40000007","E92000001","E12000006","5","E14001268","E15000006","E24000005","E30000237","E16000150","E07000240","26UGGF","E00120368","26UGGF","E65000001","E01023699","E02004926","5","6D1","E00120368","E01023699","E02004926","E33027407","E38000079","E63011425","C1","5B2",51.817673,-0.359132,"E37000048","","E23000027",32632,"E56000035","E54000025","E00120368","E01023699","E02004926"
"AL5 2SS","AL5  2SS","AL5 2SS","199507","199707","E10000015","E58000626","E07000240","E05013955","E04013284","1","513440","0214317","8","E18000006","E40000007","E92000001","E12000006","5","E14001268","E15000006","E24000005","E30000237","E16000150","E07000240","26UGGF","E00120352","26UGGF","E65000001","E01023701","E02004926","5","2B1","E00120352","E01023701","E02004926","E33024306","E38000079","E63011425","C1","2C1",51.815979,-0.355712,"E37000048","","E23000027",29552,"E56000035","E54000025","E00120352","E01023701","E02004926"
"AL5 2ST","AL5  2ST","AL5 2ST","198001","199405","E10000015","E58000626","E07000240","E05013955","E04013284","1","513300","0214300","8","E18000006","E40000007","E92000001","E12000006","5","E14001268","E15000006","E24000005","E30000237","E16000150","E07000240","26UGGF","E00120352","26UGGF","E65000001","E01023701","E02004926","5","2B1","E00120352","E01023701","E02004926","E33024307","E38000079","E63011425","C1","2C1",51.815855,-0.357747,"E37000048","","E23000027",29552,"E56000035","E54000025","E00120352","E01023701","E02004926"
"AL5 2SU","AL5  2SU","AL5 2SU","198001","","E10000015","E58000626","E07000240","E05013955","E04013284","1","513369","0214327","1","E18000006","E40000007","E92000001","E12000006","5","E14001268","E15000006","E24000005","E30000237","E16000150","E07000240","26UGGF","E00120352","26UGGF","E65000001","E01023701","E02004926","5","2B1","E00120352","E01023701","E02004926","E33024304","E38000079","E63011425","C1","2C1",51.816084,-0.356738,"E37000048","","E23000027",29552,"E56000035","E54000025","E00120352","E01023701","E02004926"
"AL5 2SW","AL5  2SW","AL5 2SW","198001","200708","E10000015","E58000626","E07000240","E05013955","E04013284","1","513330","0214535","1","E18000006","E40000007","E92000001","E12000006","5","E14001268","E15000006","E24000005","E30000237","E16000150","E07000240","26UGGF","E00120352","26UGGF","E65000001","E01023701","E02004926","5","2B1","E00120352","E01023701","E02004926","E33024308","E38000079","E63011425","C1","2C1",51.817961,-0.357235,"E37000048","","E23000027",29552,"E56000035","E54000025","E00120352","E01023701","E02004926"
"AL5 2SX","AL5  2SX","AL5 2SX","198001","","E10000015","E58000626","E07000240","E05013955","E04013284","0","513394","0214292","1","E18000006","E40000007","E92000001","E12000006","5","E14001268","E15000006","E24000005","E30000237","E16000150","E07000240","26UGGF","E00120352","26UGGF","E65000001","E01023701","E02004926","5","2B1","E00120352","E01023701","E02004926","E33024305","E38000079","E63011425","C1","2C1",51.815771,-0.356362,"E37000048","","E23000027",29552,"E56000035","E54000025","E00120352","E01023701","E02004926"
"AL5 2SY","AL5  2SY","AL5 2SY","198001","200108","E10000015","E58000626","E07000240","E05013955","E04013284","1","513381","0214308","1","E18000006","E40000007","E92000001","E12000006","5","E14001268","E15000006","E24000005","E30000237","E16000150","E07000240","26UGGF","E00120352","26UGGF","E65000001","E01023701","E02004926","5","2B1","E00120352","E01023701","E02004926","E33024304","E38000079","E63011425","C1","2C1",51.815910,-0.356570,"E37000048","","E23000027",29552,"E56000035","E54000025","E00120352","E01023701","E02004926"
"AL5 2SZ","AL5  2SZ","AL5 2SZ","199301","199405","E10000015","E58000626","E07000240","E05013955","E04013284","1","513300","0214300","8","E18000006","E40000007","E92000001","E12000006","5","E14001268","E15000006","E24000005","E30000237","E16000150","E07000240","26UGGF","E00120352","26UGGF","E65000001","E01023701","E02004926","5","2B1","E00120352","E01023701","E02004926","E33024307","E38000079","E63011425","C1","2C1",51.815855,-0.357747,"E37000048","","E23000027",29552,"E56000035","E54000025","E00120352","E01023701","E02004926"
"AL5 2TA","AL5  2TA","AL5 2TA","198001","202301","E10000015","E58000626","E07000240","E05013955","E04013284","1","513412","0214249","1","E18000006","E40000007","E92000001","E12000006","5","E14001268","E15000006","E24000005","E30000237","E16000150","E07000240","26UGGF","E00120352","26UGGF","E65000001","E01023701","E02004926","5","2B1","E00120352","E01023701","E02004926","E33024305","E38000079","E63011425","C1","2C1",51.815381,-0.356116,"E37000048","","E23000027",29552,"E56000035","E54000025","E00120352","E01023701","E02004926"
"AL5 2TB","AL5  2TB","AL5 2TB","198001","","E10000015","E58000626","E07000240","E05013955","E04013284","0","513433","0214211","1","E18000006","E40000007","E92000001","E12000006","5","E14001268","E15000006","E24000005","E30000237","E16000150","E07000240","26UGGF","E00120352","26UGGF","E65000001","E01023701","E02004926","5","2B1","E00120352","E01023701","E02004926","E33024305","E38000079","E63011425","C1","2C1",51.815035,-0.355823,"E37000048","","E23000027",29552,"E56000035","E54000025","E00120352","E01023701","E02004926"
"AL5 2TD","AL5  2TD","AL5 2TD","198001","202401","E10000015","E58000626","E07000240","E05013955","E04013284","1","513428","0214214","1","E18000006","E40000007","E92000001","E12000006","5","E14001268","E15000006","E24000005","E30000237","E16000150","E07000240","26UGGF","E00120352","26UGGF","E65000001","E01023701","E02004926","5","2B1","E00120352","E01023701","E02004926","E33024305","E38000079","E63011425","C1","2C1",51.815056,-0.355919,"E37000048","","E23000027",29552,"E56000035","E54000025","E00120352","E01023701","E02004926"
"AL5 2TE","AL5  2TE","AL5 2TE","198001","","E10000015","E58000626","E07000240","E05013955","E04013284","0","513422","0214211","1","E18000006","E40000007","E92000001","E12000006","5","E14001268","E15000006","E24000005","E30000237","E16000150","E07000240","26UGGF","E00120352","26UGGF","E65000001","E01023701","E02004926","5","2B1","E00120352","E01023701","E02004926","E33024305","E38000079","E63011425","C1","2C1",51.815030,-0.356007,"E37000048","","E23000027",29552,"E56000035","E54000025","E00120352","E01023701","E02004926"
"AL5 2TF","AL5  2TF","AL5 2TF","198001","","E10000015","E58000626","E07000240","E05013955","E04013284","1","513422","0214211","1","E18000006","E40000007","E92000001","E12000006","5","E14001268","E15000006","E24000005","E30000237","E16000150","E07000240","26UGGF","E00120352","26UGGF","E65000001","E01023701","E02004926","5","2B1","E00120352","E01023701","E02004926","E33024305","E38000079","E63011425","C1","2C1",51.815030,-0.356007,"E37000048","","E23000027",29552,"E56000035","E54000025","E00120352","E01023701","E02004926"
"AL5 2TG","AL5  2TG","AL5 2TG","198001","","E10000015","E58000626","E07000240","E05013955","E04013284","0","513354","0214175","1","E18000006","E40000007","E92000001","E12000006","5","E14001268","E15000006","E24000005","E30000237","E16000150","E07000240","26UGGF","E00120354","26UGGF","E65000001","E01023701","E02004926","5","6D2","E00120354","E01023701","E02004926","E33024311","E38000079","E63011425","C1","5B1",51.814721,-0.357005,"E37000048","","E23000027",29552,"E56000035","E54000025","E00120354","E01023701","E02004926"
"AL5 2TH","AL5  2TH","AL5 2TH","199812","","E10000015","E58000626","E07000240","E05013955","E04013284","0","513454","0214163","1","E18000006","E40000007","E92000001","E12000006","5","E14001268","E15000006","E24000005","E30000237","E16000150","E07000240","26UGGF","E00120352","26UGGF","E65000001","E01023701","E02004926","5","2B1","E00120352","E01023701","E02004926","E33024305","E38000079","E63011425","C1","2C1",51.814599,-0.355535,"E37000048","","E23000027",29552,"E56000035","E54000025","E00120352","E01023701","E02004926"
"AL5 2TJ","AL5  2TJ","AL5 2TJ","198001","","E10000015","E58000626","E07000240","E05013955","E04013284","0","513342","0214282","1","E18000006","E40000007","E92000001","E12000006","5","E14001268","E15000006","E24000005","E30000237","E16000150","E07000240","26UGGF","E00120352","26UGGF","E65000001","E01023701","E02004926","5","2B1","E00120352","E01023701","E02004926","E33024304","E38000079","E63011425","C1","2C1",51.815685,-0.357144,"E37000048","","E23000027",29552,"E56000035","E54000025","E00120352","E01023701","E02004926"
"AL5 2TL","AL5  2TL","AL5 2TL","198001","","E10000015","E58000626","E07000240","E05013955","E04013284","0","513374","0214285","1","E18000006","E40000007","E92000001","E12000006","5","E14001268","E15000006","E24000005","E30000237","E16000150","E07000240","26UGGF","E00120352","26UGGF","E65000001","E01023701","E02004926","5","2B1","E00120352","E01023701","E02004926","E33024304","E38000079","E63011425","C1","2C1",51.815705,-0.356679,"E37000048","","E23000027",29552,"E56000035","E54000025","E00120352","E01023701","E02004926"
"AL5 2TN","AL5  2TN","AL5 2TN","198001","","E10000015","E58000626","E07000240","E05013955","E04013284","0","513355","0214323","1","E18000006","E40000007","E92000001","E12000006","5","E14001268","E15000006","E24000005","E30000237","E16000150","E07000240","26UGGF","E00120352","26UGGF","E65000001","E01023701","E02004926","5","2B1","E00120352","E01023701","E02004926","E33024304","E38000079","E63011425","C1","2C1",51.816050,-0.356942,"E37000048","","E23000027",29552,"E56000035","E54000025","E00120352","E01023701","E02004926"
"AL5 2TP","AL5  2TP","AL5 2TP","198001","","E10000015","E58000626","E07000240","E05013955","E04013284","0","513277","0214358","1","E18000006","E40000007","E92000001","E12000006","5","E14001268","E15000006","E24000005","E30000237","E16000150","E07000240","26UGGF","E00120352","26UGGF","E65000001","E01023701","E02004926","5","2B1","E00120352","E01023701","E02004926","E33024307","E38000079","E63011425","C1","2C1",51.816388,-0.358038,"E37000048","","E23000027",29552,"E56000035","E54000025","E00120352","E01023701","E02004926"
"AL5 2TQ","AL5  2TQ","AL5 2TQ","198001","","E10000015","E58000626","E07000240","E05013955","E04013284","0","513420","0214190","1","E18000006","E40000007","E92000001","E12000006","5","E14001268","E15000006","E24000005","E30000237","E16000150","E07000240","26UGGF","E00120352","26UGGF","E65000001","E01023701","E02004926","5","2B1","E00120352","E01023701","E02004926","E33024305","E38000079","E63011425","C1","2C1",51.814849,-0.356019,"E37000048","","E23000027",29552,"E56000035","E54000025","E00120352","E01023701","E02004926"
"AL5 2TR","AL5  2TR","AL5 2TR","199712","","E10000015","E58000626","E07000240","E05013955","E04013284","0","513515","0214140","1","E18000006","E40000007","E92000001","E12000006","5","E14001268","E15000006","E24000005","E30000237","E16000150","E07000240","26UGGF","E00120354","26UGGF","E65000001","E01023701","E02004926","5","6D2","E00120354","E01023701","E02004926","E33024309","E38000079","E63011425","C1","5B1",51.814373,-0.354682,"E37000048","","E23000027",29552,"E56000035","E54000025","E00120354","E01023701","E02004926"
"AL5 2TS","AL5  2TS","AL5 2TS","198001","199112","E10000015","E58000626","E07000240","E05013955","E04013284","1","513300","0214400","8","E18000006","E40000007","E92000001","E12000006","5","E14001268","E15000006","E24000005","E30000237","E16000150","E07000240","26UGGF","E00120352","26UGGF","E65000001","E01023701","E02004926","5","2B1","E00120352","E01023701","E02004926","E33024307","E38000079","E63011425","C1","2C1",51.816754,-0.357715,"E37000048","","E23000027",29552,"E56000035","E54000025","E00120352","E01023701","E02004926"
"AL5 2TT","AL5  2TT","AL5 2TT","198001","199712","E10000015","E58000626","E07000240","E05013955","E04013284","1","513241","0213614","6","E18000006","E40000007","E92000001","E12000006","5","E14001268","E15000006","E24000005","E30000237","E16000150","E07000240","26UGGF","E00120360","26UGGF","E65000001","E01023701","E02004926","5","6D2","E00120360","E01023701","E02004926","E33027411","E38000079","E63011425","C1","5A2",51.809702,-0.358827,"E37000048","","E23000027",29552,"E56000035","E54000025","E00120360","E01023701","E02004926"
"AL5 2TU","AL5  2TU","AL5 2TU","199002","199606","E10000015","E58000626","E07000240","E05013955","E04013284","0","513300","0214200","8","E18000006","E40000007","E92000001","E12000006","5","E14001268","E15000006","E24000005","E30000237","E16000150","E07000240","26UGGF","E00120354","26UGGF","E65000001","E01023701","E02004926","5","6D2","E00120354","E01023701","E02004926","E33024311","E38000079","E63011425","C1","5B1",51.814956,-0.357780,"E37000048","","E23000027",29552,"E56000035","E54000025","E00120354","E01023701","E02004926"
"AL5 2TW","AL5  2TW","AL5 2TW","198001","","E10000015","E58000626","E07000240","E05013955","E04013284","0","513306","0214317","1","E18000006","E40000007","E92000001","E12000006","5","E14001268","E15000006","E24000005","E30000237","E16000150","E07000240","26UGGF","E00120352","26UGGF","E65000001","E01023701","E02004926","5","2B1","E00120352","E01023701","E02004926","E33024307","E38000079","E63011425","C1","2C1",51.816013,-0.357630,"E37000048","","E23000027",29552,"E56000035","E54000025","E00120352","E01023701","E02004926"
"AL5 2TX","AL5  2TX","AL5 2TX","199301","199512","E10000015","E58000626","E07000240","E05013955","E04013284","1","513300","0214200","8","E18000006","E40000007","E92000001","E12000006","5","E14001268","E15000006","E24000005","E30000237","E16000150","E07000240","26UGGF","E00120354","26UGGF","E65000001","E01023701","E02004926","5","6D2","E00120354","E01023701","E02004926","E33024311","E38000079","E63011425","C1","5B1",51.814956,-0.357780,"E37000048","","E23000027",29552,"E56000035","E54000025","E00120354","E01023701","E02004926"
"AL5 2TY","AL5  2TY","AL5 2TY","199308","200305","E10000015","E58000626","E07000240","E05013955","E04013284","1","513594","0214185","1","E18000006","E40000007","E92000001","E12000006","5","E14001268","E15000006","E24000005","E30000237","E16000150","E07000240","26UGGF","E00120354","26UGGF","E65000001","E01023701","E02004926","5","6D2","E00120354","E01023701","E02004926","E33024309","E38000079","E63011425","C1","5B1",51.814762,-0.353522,"E37000048","","E23000027",29552,"E56000035","E54000025","E00120354","E01023701","E02004926"
"AL5 2TZ","AL5  2TZ","AL5 2TZ","199308","200210","E10000015","E58000626","E07000240","E05013955","E04013284","1","513594","0214185","1","E18000006","E40000007","E92000001","E12000006","5","E14001268","E15000006","E24000005","E30000237","E16000150","E07000240","26UGGF","E00120354","26UGGF","E65000001","E01023701","E02004926","5","6D2","E00120354","E01023701","E02004926","E33024309","E38000079","E63011425","C1","5B1",51.814762,-0.353522,"E37000048","","E23000027",29552,"E56000035","E54000025","E00120354","E01023701","E02004926"
"AL5 2UA","AL5  2UA","AL5 2UA","198001","","E10000015","E58000626","E07000240","E05013955","E04013284","0","513160","0214683","1","E18000006","E40000007","E92000001","E12000006","5","E14001268","E15000006","E24000005","E30000237","E16000150","E07000240","26UGGF","E00120368","26UGGF","E65000001","E01023699","E02004926","5","6D1","E00120368","E01023699","E02004926","E33027407","E38000079","E63011425","C1","5B2",51.819325,-0.359652,"E37000048","","E23000027",32632,"E56000035","E54000025","E00120368","E01023699","E02004926"
"AL5 2UB","AL5  2UB","AL5 2UB","198001","","E10000015","E58000626","E07000240","E05013955","E04013284","0","513045","0214864","1","E18000006","E40000007","E92000001","E12000006","5","E14001268","E15000006","E24000005","E30000237","E16000150","E07000240","26UGGF","E00120366","26UGGF","E65000001","E01023699","E02004926","5","6D2","E00120366","E01023699","E02004926","E33027407","E38000079","E63011425","C1","5B2",51.820982,-0.361237,"E37000048","","E23000027",32632,"E56000035","E54000025","E00120366","E01023699","E02004926"
"AL5 2UD","AL5  2UD","AL5 2UD","198001","","E10000015","E58000626","E07000240","E05013955","E04013284","0","513077","0214779","1","E18000006","E40000007","E92000001","E12000006","5","E14001268","E15000006","E24000005","E30000237","E16000150","E07000240","26UGGF","E00120368","26UGGF","E65000001","E01023699","E02004926","5","6D1","E00120368","E01023699","E02004926","E33027407","E38000079","E63011425","C1","5B2",51.820205,-0.360825,"E37000048","","E23000027",32632,"E56000035","E54000025","E00120368","E01023699","E02004926"
"AL5 2UE","AL5  2UE","AL5 2UE","198001","","E10000015","E58000626","E07000240","E05013955","E04013284","0","512921","0214995","1","E18000006","E40000007","E92000001","E12000006","5","E14001268","E15000006","E24000005","E30000237","E16000150","E07000240","26UGGF","E00120365","26UGGF","E65000001","E01023700","E02004926","5","4D1","E00120365","E01023700","E02004926","E33027408","E38000079","E63011425","C1","6A4",51.822178,-0.363017,"E37000048","","E23000027",32477,"E56000035","E54000025","E00120365","E01023700","E02004926"
"AL5 2UF","AL5  2UF","AL5 2UF","198001","","E10000015","E58000626","E07000240","E05013955","E04013284","0","512838","0215032","1","E18000006","E40000007","E92000001","E12000006","5","E14001268","E15000006","E24000005","E30000237","E16000150","E07000240","26UGGF","E00120365","26UGGF","E65000001","E01023700","E02004926","5","4D1","E00120365","E01023700","E02004926","E33027408","E38000079","E63011425","C1","6A4",51.822527,-0.364208,"E37000048","","E23000027",32477,"E56000035","E54000025","E00120365","E01023700","E02004926"
"AL5 2UG","AL5  2UG","AL5 2UG","199512","","E10000015","E58000626","E07000240","E05013955","E04013284","0","513018","0214837","1","E18000006","E40000007","E92000001","E12000006","5","E14001268","E15000006","E24000005","E30000237","E16000150","E07000240","26UGGF","E00120368","26UGGF","E65000001","E01023699","E02004926","5","6D1","E00120368","E01023699","E02004926","E33027407","E38000079","E63011425","C1","5B2",51.820738,-0.361661,"E37000048","","E23000027",32632,"E56000035","E54000025","E00120368","E01023699","E02004926"
"AL5 2UH","AL5  2UH","AL5 2UH","198001","","E10000015","E58000626","E07000240","E05013955","E04013284","0","513157","0214808","1","E18000006","E40000007","E92000001","E12000006","5","E14001268","E15000006","E24000005","E30000237","E16000150","E07000240","26UGGF","E00120348","26UGGF","E65000001","E01023701","E02004926","5","4D2","E00120348","E01023701","E02004926","E33027407","E38000079","E63011425","C1","5B1",51.820449,-0.359655,"E37000048","","E23000027",29552,"E56000035","E54000025","E00120348","E01023701","E02004926"
"AL5 2UJ","AL5  2UJ","AL5 2UJ","198001","","E10000015","E58000626","E07000240","E05013955","E04013284","0","513115","0214852","1","E18000006","E40000007","E92000001","E12000006","5","E14001268","E15000006","E24000005","E30000237","E16000150","E07000240","26UGGF","E00120366","26UGGF","E65000001","E01023699","E02004926","5","6D2","E00120366","E01023699","E02004926","E33027407","E38000079","E63011425","C1","5B2",51.820860,-0.360225,"E37000048","","E23000027",32632,"E56000035","E54000025","E00120366","E01023699","E02004926"
"AL5 2UL","AL5  2UL","AL5 2UL","198001","","E10000015","E58000626","E07000240","E05013955","E04013284","0","513106","0214886","1","E18000006","E40000007","E92000001","E12000006","5","E14001268","E15000006","E24000005","E30000237","E16000150","E07000240","26UGGF","E00120366","26UGGF","E65000001","E01023699","E02004926","5","6D2","E00120366","E01023699","E02004926","E33027407","E38000079","E63011425","C1","5B2",51.821168,-0.360345,"E37000048","","E23000027",32632,"E56000035","E54000025","E00120366","E01023699","E02004926"
"AL5 2UN","AL5  2UN","AL5 2UN","198001","","E10000015","E58000626","E07000240","E05013955","E04013284","0","513093","0214905","1","E18000006","E40000007","E92000001","E12000006","5","E14001268","E15000006","E24000005","E30000237","E16000150","E07000240","26UGGF","E00120366","26UGGF","E65000001","E01023699","E02004926","5","6D2","E00120366","E01023699","E02004926","E33027407","E38000079","E63011425","C1","5B2",51.821334,-0.360552,"E37000048","","E23000027",32632,"E56000035","E54000025","E00120366","E01023699","E02004926"
"AL5 2UP","AL5  2UP","AL5 2UP","198001","","E10000015","E58000626","E07000240","E05013955","E04013284","0","513036","0214976","1","E18000006","E40000007","E92000001","E12000006","5","E14001268","E15000006","E24000005","E30000237","E16000150","E07000240","26UGGF","E00120365","26UGGF","E65000001","E01023700","E02004926","5","4D1","E00120365","E01023700","E02004926","E33027408","E38000079","E63011425","C1","6A4",51.821984,-0.361355,"E37000048","","E23000027",32477,"E56000035","E54000025","E00120365","E01023700","E02004926"
"AL5 2UQ","AL5  2UQ","AL5 2UQ","198504","","E10000015","E58000626","E07000240","E05013955","E04013284","0","513224","0214697","1","E18000006","E40000007","E92000001","E12000006","5","E14001268","E15000006","E24000005","E30000237","E16000150","E07000240","26UGGF","E00120348","26UGGF","E65000001","E01023701","E02004926","5","4D2","E00120348","E01023701","E02004926","E33027407","E38000079","E63011425","C1","5B1",51.819438,-0.358720,"E37000048","","E23000027",29552,"E56000035","E54000025","E00120348","E01023701","E02004926"
"AL5 2UR","AL5  2UR","AL5 2UR","198001","","E10000015","E58000626","E07000240","E05013955","E04013284","0","512947","0215051","1","E18000006","E40000007","E92000001","E12000006","5","E14001268","E15000006","E24000005","E30000237","E16000150","E07000240","26UGGF","E00120365","26UGGF","E65000001","E01023700","E02004926","5","4D1","E00120365","E01023700","E02004926","E33027408","E38000079","E63011425","C1","6A4",51.822676,-0.362621,"E37000048","","E23000027",32477,"E56000035","E54000025","E00120365","E01023700","E02004926"
"AL5 2UT","AL5  2UT","AL5 2UT","198001","","E10000015","E58000626","E07000240","E05013955","E04013284","0","512885","0215104","1","E18000006","E40000007","E92000001","E12000006","5","E14001268","E15000006","E24000005","E30000237","E16000150","E07000240","26UGGF","E00120365","26UGGF","E65000001","E01023700","E02004926","5","4D1","E00120365","E01023700","E02004926","E33027408","E38000079","E63011425","C1","6A4",51.823172,-0.363479,"E37000048","","E23000027",32477,"E56000035","E54000025","E00120365","E01023700","E02004926"
"AL5 2UU","AL5  2UU","AL5 2UU","199002","199212","E10000015","E58000626","E07000240","E05013955","E04013284","1","512800","0215000","8","E18000006","E40000007","E92000001","E12000006","5","E14001268","E15000006","E24000005","E30000237","E16000150","E07000240","26UGGF","E00120365","26UGGF","E65000001","E01023700","E02004926","5","4D1","E00120365","E01023700","E02004926","E33027408","E38000079","E63011425","C1","6A4",51.822247,-0.364770,"E37000048","","E23000027",32477,"E56000035","E54000025","E00120365","E01023700","E02004926"
"AL5 2UW","AL5  2UW","AL5 2UW","198001","","E10000015","E58000626","E07000240","E05013955","E04013284","0","513062","0214922","1","E18000006","E40000007","E92000001","E12000006","5","E14001268","E15000006","E24000005","E30000237","E16000150","E07000240","26UGGF","E00120366","26UGGF","E65000001","E01023699","E02004926","5","6D2","E00120366","E01023699","E02004926","E33027407","E38000079","E63011425","C1","5B2",51.821500,-0.360971,"E37000048","","E23000027",32632,"E56000035","E54000025","E00120366","E01023699","E02004926"
"AL5 2UX","AL5  2UX","AL5 2UX","199308","199412","E10000015","E58000626","E07000240","E05013955","E04013284","1","512800","0215000","8","E18000006","E40000007","E92000001","E12000006","5","E14001268","E15000006","E24000005","E30000237","E16000150","E07000240","26UGGF","E00120365","26UGGF","E65000001","E01023700","E02004926","5","4D1","E00120365","E01023700","E02004926","E33027408","E38000079","E63011425","C1","6A4",51.822247,-0.364770,"E37000048","","E23000027",32477,"E56000035","E54000025","E00120365","E01023700","E02004926"
"AL5 2WA","AL5  2WA","AL5 2WA","200112","200311","E10000015","E58000626","E07000240","E05013955","E04013284","1","513060","0214907","5","E18000006","E40000007","E92000001","E12000006","5","E14001268","E15000006","E24000005","E30000237","E16000150","E07000240","26UGGF","E00120366","26UGGF","E65000001","E01023699","E02004926","5","6D2","E00120366","E01023699","E02004926","E33027407","E38000079","E63011425","C1","5B2",51.821359,-0.361029,"E37000048","","E23000027",32632,"E56000035","E54000025","E00120366","E01023699","E02004926"
"AL5 2WB","AL5  2WB","AL5 2WB","200206","200708","E10000015","E58000626","E07000240","E05013955","E04013284","1","513594","0214185","1","E18000006","E40000007","E92000001","E12000006","5","E14001268","E15000006","E24000005","E30000237","E16000150","E07000240","26UGGF","E00120354","26UGGF","E65000001","E01023701","E02004926","5","6D2","E00120354","E01023701","E02004926","E33024309","E38000079","E63011425","C1","5B1",51.814762,-0.353522,"E37000048","","E23000027",29552,"E56000035","E54000025","E00120354","E01023701","E02004926"
"AL5 2WZ","AL5  2WZ","AL5 2WZ","200408","201910","E10000015","E58000664","E07000240","E05013956","E43000290","1","517321","0206803","1","E18000006","E40000007","E92000001","E12000006","5","E14001507","E15000006","E24000005","E30000237","E16000150","E07000240","26UGFX","E00120196","26UGFX","E65000001","E01023667","E02004936","5","6D1","E00120196","E01023667","E02004936","E33027453","E38000079","E63011552","C1","5A2",51.747650,-0.301973,"E37000048","","E23000027",30628,"E56000035","E54000025","E00120196","E01023667","E02004936"
"AL5 2XA","AL5  2XA","AL5 2XA","199007","199212","E10000015","E58000626","E07000240","E05013955","E04013284","1","512800","0215000","8","E18000006","E40000007","E92000001","E12000006","5","E14001268","E15000006","E24000005","E30000237","E16000150","E07000240","26UGGF","E00120365","26UGGF","E65000001","E01023700","E02004926","5","4D1","E00120365","E01023700","E02004926","E33027408","E38000079","E63011425","C1","6A4",51.822247,-0.364770,"E37000048","","E23000027",32477,"E56000035","E54000025","E00120365","E01023700","E02004926"
"AL5 2XB","AL5  2XB","AL5 2XB","199101","199405","E10000015","E58000626","E07000240","E05013955","E04013284","1","512800","0215000","8","E18000006","E40000007","E92000001","E12000006","5","E14001268","E15000006","E24000005","E30000237","E16000150","E07000240","26UGGF","E00120365","26UGGF","E65000001","E01023700","E02004926","5","4D1","E00120365","E01023700","E02004926","E33027408","E38000079","E63011425","C1","6A4",51.822247,-0.364770,"E37000048","","E23000027",32477,"E56000035","E54000025","E00120365","E01023700","E02004926"
"AL5 2XD","AL5  2XD","AL5 2XD","199208","199405","E10000015","E58000626","E07000240","E05013955","E04013284","1","512800","0215000","8","E18000006","E40000007","E92000001","E12000006","5","E14001268","E15000006","E24000005","E30000237","E16000150","E07000240","26UGGF","E00120365","26UGGF","E65000001","E01023700","E02004926","5","4D1","E00120365","E01023700","E02004926","E33027408","E38000079","E63011425","C1","6A4",51.822247,-0.364770,"E37000048","","E23000027",32477,"E56000035","E54000025","E00120365","E01023700","E02004926"
"AL5 2XJ","AL5  2XJ","AL5 2XJ","200207","200310","E10000015","E58000626","E07000240","E05013955","E04013284","1","513060","0214907","5","E18000006","E40000007","E92000001","E12000006","5","E14001268","E15000006","E24000005","E30000237","E16000150","E07000240","26UGGF","E00120366","26UGGF","E65000001","E01023699","E02004926","5","6D2","E00120366","E01023699","E02004926","E33027407","E38000079","E63011425","C1","5B2",51.821359,-0.361029,"E37000048","","E23000027",32632,"E56000035","E54000025","E00120366","E01023699","E02004926"
"AL5 2XN","AL5  2XN","AL5 2XN","200301","200402","E10000015","E58000626","E07000240","E05013955","E04013284","1","513060","0214907","5","E18000006","E40000007","E92000001","E12000006","5","E14001268","E15000006","E24000005","E30000237","E16000150","E07000240","26UGGF","E00120366","26UGGF","E65000001","E01023699","E02004926","5","6D2","E00120366","E01023699","E02004926","E33027407","E38000079","E63011425","C1","5B2",51.821359,-0.361029,"E37000048","","E23000027",32632,"E56000035","E54000025","E00120366","E01023699","E02004926"
"AL5 2XQ","AL5  2XQ","AL5 2XQ","200305","200708","E10000015","E58000626","E07000240","E05013955","E04013284","1","513594","0214185","1","E18000006","E40000007","E92000001","E12000006","5","E14001268","E15000006","E24000005","E30000237","E16000150","E07000240","26UGGF","E00120354","26UGGF","E65000001","E01023701","E02004926","5","6D2","E00120354","E01023701","E02004926","E33024309","E38000079","E63011425","C1","5B1",51.814762,-0.353522,"E37000048","","E23000027",29552,"E56000035","E54000025","E00120354","E01023701","E02004926"
"AL5 2XZ","AL5  2XZ","AL5 2XZ","200304","200602","E10000015","E58000626","E07000240","E05013955","E04013284","1","513594","0214185","1","E18000006","E40000007","E92000001","E12000006","5","E14001268","E15000006","E24000005","E30000237","E16000150","E07000240","26UGGF","E00120354","26UGGF","E65000001","E01023701","E02004926","5","6D2","E00120354","E01023701","E02004926","E33024309","E38000079","E63011425","C1","5B1",51.814762,-0.353522,"E37000048","","E23000027",29552,"E56000035","E54000025","E00120354","E01023701","E02004926"
"AL5 2YH","AL5  2YH","AL5 2YH","200207","201507","E10000015","E58000626","E07000240","E05013955","E04013284","1","513594","0214185","1","E18000006","E40000007","E92000001","E12000006","5","E14001268","E15000006","E24000005","E30000237","E16000150","E07000240","26UGGF","E00120354","26UGGF","E65000001","E01023701","E02004926","5","6D2","E00120354","E01023701","E02004926","E33024309","E38000079","E63011425","C1","5B1",51.814762,-0.353522,"E37000048","","E23000027",29552,"E56000035","E54000025","E00120354","E01023701","E02004926"
"AL5 2YX","AL5  2YX","AL5 2YX","200306","200708","E10000015","E58000626","E07000240","E05013955","E04013284","1","513594","0214185","1","E18000006","E40000007","E92000001","E12000006","5","E14001268","E15000006","E24000005","E30000237","E16000150","E07000240","26UGGF","E00120354","26UGGF","E65000001","E01023701","E02004926","5","6D2","E00120354","E01023701","E02004926","E33024309","E38000079","E63011425","C1","5B1",51.814762,-0.353522,"E37000048","","E23000027",29552,"E56000035","E54000025","E00120354","E01023701","E02004926"
"AL5 2YY","AL5  2YY","AL5 2YY","199806","200101","E10000015","E58000626","E07000240","E05013955","E04013284","1","513494","0214263","1","E18000006","E40000007","E92000001","E12000006","5","E14001268","E15000006","E24000005","E30000237","E16000150","E07000240","26UGGF","E00120352","26UGGF","E65000001","E01023701","E02004926","5","2B1","E00120352","E01023701","E02004926","E33024306","E38000079","E63011425","C1","2C1",51.815483,-0.354946,"E37000048","","E23000027",29552,"E56000035","E54000025","E00120352","E01023701","E02004926"
"AL5 2ZD","AL5  2ZD","AL5 2ZD","201101","201605","E10000015","E58000664","E07000240","E05013956","E43000290","1","517321","0206803","1","E18000006","E40000007","E92000001","E12000006","5","E14001507","E15000006","E24000005","E30000237","E16000150","E07000240","26UGFX","E00120196","26UGFX","E65000001","E01023667","E02004936","5","6D1","E00120196","E01023667","E02004936","E33027453","E38000079","E63011552","C1","5A2",51.747650,-0.301973,"E37000048","","E23000027",30628,"E56000035","E54000025","E00120196","E01023667","E02004936"
"AL5 2ZE","AL5  2ZE","AL5 2ZE","199806","199906","E10000015","E58000626","E07000240","E05013955","E04013284","1","513242","0213615","6","E18000006","E40000007","E92000001","E12000006","5","E14001268","E15000006","E24000005","E30000237","E16000150","E07000240","26UGGF","E00120360","26UGGF","E65000001","E01023701","E02004926","5","6D2","E00120360","E01023701","E02004926","E33027411","E38000079","E63011425","C1","5A2",51.809710,-0.358812,"E37000048","","E23000027",29552,"E56000035","E54000025","E00120360","E01023701","E02004926"
"AL5 2ZF","AL5  2ZF","AL5 2ZF","199806","199906","E10000015","E58000626","E07000240","E05013955","E04013284","1","513242","0213615","6","E18000006","E40000007","E92000001","E12000006","5","E14001268","E15000006","E24000005","E30000237","E16000150","E07000240","26UGGF","E00120360","26UGGF","E65000001","E01023701","E02004926","5","6D2","E00120360","E01023701","E02004926","E33027411","E38000079","E63011425","C1","5A2",51.809710,-0.358812,"E37000048","","E23000027",29552,"E56000035","E54000025","E00120360","E01023701","E02004926"
"AL5 2ZG","AL5  2ZG","AL5 2ZG","199812","200602","E10000015","E58000626","E07000240","E05013955","E04013284","1","513594","0214185","1","E18000006","E40000007","E92000001","E12000006","5","E14001268","E15000006","E24000005","E30000237","E16000150","E07000240","26UGGF","E00120354","26UGGF","E65000001","E01023701","E02004926","5","6D2","E00120354","E01023701","E02004926","E33024309","E38000079","E63011425","C1","5B1",51.814762,-0.353522,"E37000048","","E23000027",29552,"E56000035","E54000025","E00120354","E01023701","E02004926"
"AL5 2ZH","AL5  2ZH","AL5 2ZH","200012","200109","E10000015","E58000626","E07000240","E05013955","E04013284","1","513594","0214185","1","E18000006","E40000007","E92000001","E12000006","5","E14001268","E15000006","E24000005","E30000237","E16000150","E07000240","26UGGF","E00120354","26UGGF","E65000001","E01023701","E02004926","5","6D2","E00120354","E01023701","E02004926","E33024309","E38000079","E63011425","C1","5B1",51.814762,-0.353522,"E37000048","","E23000027",29552,"E56000035","E54000025","E00120354","E01023701","E02004926"
"AL5 2ZJ","AL5  2ZJ","AL5 2ZJ","200309","200409","E10000015","E58000626","E07000240","E05013955","E04013284","1","513594","0214185","5","E18000006","E40000007","E92000001","E12000006","5","E14001268","E15000006","E24000005","E30000237","E16000150","E07000240","26UGGF","E00120354","26UGGF","E65000001","E01023701","E02004926","5","6D2","E00120354","E01023701","E02004926","E33024309","E38000079","E63011425","C1","5B1",51.814762,-0.353522,"E37000048","","E23000027",29552,"E56000035","E54000025","E00120354","E01023701","E02004926"
"AL5 2ZL","AL5  2ZL","AL5 2ZL","200106","200207","E10000015","E58000626","E07000240","E05013955","E04013284","1","513594","0214185","1","E18000006","E40000007","E92000001","E12000006","5","E14001268","E15000006","E24000005","E30000237","E16000150","E07000240","26UGGF","E00120354","26UGGF","E65000001","E01023701","E02004926","5","6D2","E00120354","E01023701","E02004926","E33024309","E38000079","E63011425","C1","5B1",51.814762,-0.353522,"E37000048","","E23000027",29552,"E56000035","E54000025","E00120354","E01023701","E02004926"
"AL5 2ZN","AL5  2ZN","AL5 2ZN","200012","201309","E10000015","E58000626","E07000240","E05013955","E04013284","1","513594","0214185","1","E18000006","E40000007","E92000001","E12000006","5","E14001268","E15000006","E24000005","E30000237","E16000150","E07000240","26UGGF","E00120354","26UGGF","E65000001","E01023701","E02004926","5","6D2","E00120354","E01023701","E02004926","E33024309","E38000079","E63011425","C1","5B1",51.814762,-0.353522,"E37000048","","E23000027",29552,"E56000035","E54000025","E00120354","E01023701","E02004926"
"AL5 2ZP","AL5  2ZP","AL5 2ZP","200012","200109","E10000015","E58000626","E07000240","E05013955","E04013284","1","513594","0214185","1","E18000006","E40000007","E92000001","E12000006","5","E14001268","E15000006","E24000005","E30000237","E16000150","E07000240","26UGGF","E00120354","26UGGF","E65000001","E01023701","E02004926","5","6D2","E00120354","E01023701","E02004926","E33024309","E38000079","E63011425","C1","5B1",51.814762,-0.353522,"E37000048","","E23000027",29552,"E56000035","E54000025","E00120354","E01023701","E02004926"
"AL5 2ZQ","AL5  2ZQ","AL5 2ZQ","200006","200408","E10000015","E58000626","E07000240","E05013955","E04013284","1","513594","0214185","1","E18000006","E40000007","E92000001","E12000006","5","E14001268","E15000006","E24000005","E30000237","E16000150","E07000240","26UGGF","E00120354","26UGGF","E65000001","E01023701","E02004926","5","6D2","E00120354","E01023701","E02004926","E33024309","E38000079","E63011425","C1","5B1",51.814762,-0.353522,"E37000048","","E23000027",29552,"E56000035","E54000025","E00120354","E01023701","E02004926"
"AL5 2ZR","AL5  2ZR","AL5 2ZR","200006","200105","E10000015","E58000626","E07000240","E05013955","E04013284","1","513216","0213549","6","E18000006","E40000007","E92000001","E12000006","5","E14001268","E15000006","E24000005","E30000237","E16000150","E07000240","26UGGF","E00120360","26UGGF","E65000001","E01023701","E02004926","5","6D2","E00120360","E01023701","E02004926","E33027411","E38000079","E63011425","C1","5A2",51.809122,-0.359210,"E37000048","","E23000027",29552,"E56000035","E54000025","E00120360","E01023701","E02004926"
"AL5 2ZS","AL5  2ZS","AL5 2ZS","200006","200107","E10000015","E58000626","E07000240","E05013955","E04013284","1","513216","0213549","6","E18000006","E40000007","E92000001","E12000006","5","E14001268","E15000006","E24000005","E30000237","E16000150","E07000240","26UGGF","E00120360","26UGGF","E65000001","E01023701","E02004926","5","6D2","E00120360","E01023701","E02004926","E33027411","E38000079","E63011425","C1","5A2",51.809122,-0.359210,"E37000048","","E23000027",29552,"E56000035","E54000025","E00120360","E01023701","E02004926"
"AL5 2ZT","AL5  2ZT","AL5 2ZT","200006","200203","E10000015","E58000626","E07000240","E05013955","E04013284","1","513594","0214185","1","E18000006","E40000007","E92000001","E12000006","5","E14001268","E15000006","E24000005","E30000237","E16000150","E07000240","26UGGF","E00120354","26UGGF","E65000001","E01023701","E02004926","5","6D2","E00120354","E01023701","E02004926","E33024309","E38000079","E63011425","C1","5B1",51.814762,-0.353522,"E37000048","","E23000027",29552,"E56000035","E54000025","E00120354","E01023701","E02004926"
"AL5 2ZU","AL5  2ZU","AL5 2ZU","199912","200701","E10000015","E58000626","E07000240","E05013955","E04013284","1","513000","0214900","5","E18000006","E40000007","E92000001","E12000006","5","E14001268","E15000006","E24000005","E30000237","E16000150","E07000240","26UGGF","E00120368","26UGGF","E65000001","E01023699","E02004926","5","6D1","E00120368","E01023699","E02004926","E33027407","E38000079","E63011425","C1","5B2",51.821308,-0.361902,"E37000048","","E23000027",32632,"E56000035","E54000025","E00120368","E01023699","E02004926"
"AL5 2ZW","AL5  2ZW","AL5 2ZW","199912","200909","E10000015","E58000626","E07000240","E05013955","E04013284","1","513594","0214185","1","E18000006","E40000007","E92000001","E12000006","5","E14001268","E15000006","E24000005","E30000237","E16000150","E07000240","26UGGF","E00120354","26UGGF","E65000001","E01023701","E02004926","5","6D2","E00120354","E01023701","E02004926","E33024309","E38000079","E63011425","C1","5B1",51.814762,-0.353522,"E37000048","","E23000027",29552,"E56000035","E54000025","E00120354","E01023701","E02004926"
"AL5 2ZX","AL5  2ZX","AL5 2ZX","199812","200909","E10000015","E58000626","E07000240","E05013955","E04013284","1","513594","0214185","1","E18000006","E40000007","E92000001","E12000006","5","E14001268","E15000006","E24000005","E30000237","E16000150","E07000240","26UGGF","E00120354","26UGGF","E65000001","E01023701","E02004926","5","6D2","E00120354","E01023701","E02004926","E33024309","E38000079","E63011425","C1","5B1",51.814762,-0.353522,"E37000048","","E23000027",29552,"E56000035","E54000025","E00120354","E01023701","E02004926"
"AL5 2ZY","AL5  2ZY","AL5 2ZY","199806","200006","E10000015","E58000626","E07000240","E05013955","E04013284","1","513242","0213615","6","E18000006","E40000007","E92000001","E12000006","5","E14001268","E15000006","E24000005","E30000237","E16000150","E07000240","26UGGF","E00120360","26UGGF","E65000001","E01023701","E02004926","5","6D2","E00120360","E01023701","E02004926","E33027411","E38000079","E63011425","C1","5A2",51.809710,-0.358812,"E37000048","","E23000027",29552,"E56000035","E54000025","E00120360","E01023701","E02004926"
"AL5 2ZZ","AL5  2ZZ","AL5 2ZZ","199706","199712","E10000015","E58000626","E07000240","E05013955","E04013284","1","513241","0213614","6","E18000006","E40000007","E92000001","E12000006","5","E14001268","E15000006","E24000005","E30000237","E16000150","E07000240","26UGGF","E00120360","26UGGF","E65000001","E01023701","E02004926","5","6D2","E00120360","E01023701","E02004926","E33027411","E38000079","E63011425","C1","5A2",51.809702,-0.358827,"E37000048","","E23000027",29552,"E56000035","E54000025","E00120360","E01023701","E02004926"
"AL5 3AB","AL5  3AB","AL5 3AB","198001","","E10000015","E58000624","E07000240","E05013953","E04013284","0","512373","0214814","1","E18000006","E40000007","E92000001","E12000006","5","E14001268","E15000006","E24000005","E30000237","E16000150","E07000240","26UGGD","E00120312","26UGGD","E65000001","E01023690","E02004924","5","4B3","E00120312","E01023690","E02004924","E33027402","E38000079","E63011425","C1","6A1",51.820661,-0.371023,"E37000048","","E23000027",32556,"E56000035","E54000025","E00120312","E01023690","E02004924"
"AL5 3AD","AL5  3AD","AL5 3AD","198001","","E10000015","E58000624","E07000240","E05013953","E04013284","1","512326","0214717","1","E18000006","E40000007","E92000001","E12000006","5","E14001268","E15000006","E24000005","E30000237","E16000150","E07000240","26UGGD","E00120312","26UGGD","E65000001","E01023690","E02004924","5","4B3","E00120312","E01023690","E02004924","E33027402","E38000079","E63011425","C1","6A1",51.819799,-0.371736,"E37000048","","E23000027",32556,"E56000035","E54000025","E00120312","E01023690","E02004924"
"AL5 3AE","AL5  3AE","AL5 3AE","198001","","E10000015","E58000624","E07000240","E05013953","E04013284","1","512259","0214762","1","E18000006","E40000007","E92000001","E12000006","5","E14001268","E15000006","E24000005","E30000237","E16000150","E07000240","26UGGD","E00120312","26UGGD","E65000001","E01023690","E02004924","5","4B3","E00120312","E01023690","E02004924","E33027402","E38000079","E63011425","C1","6A1",51.820217,-0.372693,"E37000048","","E23000027",32556,"E56000035","E54000025","E00120312","E01023690","E02004924"
"AL5 3AF","AL5  3AF","AL5 3AF","198001","","E10000015","E58000624","E07000240","E05013953","E04013284","0","512212","0215109","1","E18000006","E40000007","E92000001","E12000006","5","E14001268","E15000006","E24000005","E30000237","E16000150","E07000240","26UGGD","E00120311","26UGGD","E65000001","E01023691","E02004924","5","4B3","E00120311","E01023691","E02004924","E33027402","E38000079","E63011425","C1","6A1",51.823345,-0.373262,"E37000048","","E23000027",32529,"E56000035","E54000025","E00120311","E01023691","E02004924"
"AL5 3AG","AL5  3AG","AL5 3AG","198001","","E10000015","E58000624","E07000240","E05013953","E04013284","0","512137","0215138","1","E18000006","E40000007","E92000001","E12000006","5","E14001268","E15000006","E24000005","E30000237","E16000150","E07000240","26UGGD","E00120311","26UGGD","E65000001","E01023691","E02004924","5","4B3","E00120311","E01023691","E02004924","E33027402","E38000079","E63011425","C1","6A1",51.823621,-0.374341,"E37000048","","E23000027",32529,"E56000035","E54000025","E00120311","E01023691","E02004924"
"AL5 3AH","AL5  3AH","AL5 3AH","198001","","E10000015","E58000624","E07000240","E05013953","E04013284","0","512502","0214968","1","E18000006","E40000007","E92000001","E12000006","5","E14001268","E15000006","E24000005","E30000237","E16000150","E07000240","26UGGD","E00120312","26UGGD","E65000001","E01023690","E02004924","5","4B3","E00120312","E01023690","E02004924","E33027402","E38000079","E63011425","C1","6A1",51.822019,-0.369102,"E37000048","","E23000027",32556,"E56000035","E54000025","E00120312","E01023690","E02004924"
"AL5 3AJ","AL5  3AJ","AL5 3AJ","198001","","E10000015","E58000624","E07000240","E05013953","E04013284","0","512410","0214914","1","E18000006","E40000007","E92000001","E12000006","5","E14001268","E15000006","E24000005","E30000237","E16000150","E07000240","26UGGD","E00120312","26UGGD","E65000001","E01023690","E02004924","5","4B3","E00120312","E01023690","E02004924","E33027402","E38000079","E63011425","C1","6A1",51.821553,-0.370454,"E37000048","","E23000027",32556,"E56000035","E54000025","E00120312","E01023690","E02004924"
"AL5 3AL","AL5  3AL","AL5 3AL","198001","","E10000015","E58000624","E07000240","E05013953","E04013284","0","512288","0215116","1","E18000006","E40000007","E92000001","E12000006","5","E14001268","E15000006","E24000005","E30000237","E16000150","E07000240","26UGGD","E00120312","26UGGD","E65000001","E01023690","E02004924","5","4B3","E00120312","E01023690","E02004924","E33027402","E38000079","E63011425","C1","6A1",51.823393,-0.372158,"E37000048","","E23000027",32556,"E56000035","E54000025","E00120312","E01023690","E02004924"
"AL5 3AN","AL5  3AN","AL5 3AN","198001","","E10000015","E58000624","E07000240","E05013953","E04013284","0","512367","0215263","1","E18000006","E40000007","E92000001","E12000006","5","E14001268","E15000006","E24000005","E30000237","E16000150","E07000240","26UGGD","E00120307","26UGGD","E65000001","E01023690","E02004924","5","4D2","E00120307","E01023690","E02004924","E33027401","E38000079","E63011425","C1","6A4",51.824698,-0.370964,"E37000048","","E23000027",32556,"E56000035","E54000025","E00120307","E01023690","E02004924"
"AL5 3AP","AL5  3AP","AL5 3AP","198001","","E10000015","E58000624","E07000240","E05013953","E04013284","0","512355","0215091","1","E18000006","E40000007","E92000001","E12000006","5","E14001268","E15000006","E24000005","E30000237","E16000150","E07000240","26UGGD","E00120312","26UGGD","E65000001","E01023690","E02004924","5","4B3","E00120312","E01023690","E02004924","E33027402","E38000079","E63011425","C1","6A1",51.823154,-0.371194,"E37000048","","E23000027",32556,"E56000035","E54000025","E00120312","E01023690","E02004924"
"AL5 3AQ","AL5  3AQ","AL5 3AQ","198001","","E10000015","E58000624","E07000240","E05013953","E04013284","0","512223","0214954","1","E18000006","E40000007","E92000001","E12000006","5","E14001268","E15000006","E24000005","E30000237","E16000150","E07000240","26UGGD","E00120311","26UGGD","E65000001","E01023691","E02004924","5","4B3","E00120311","E01023691","E02004924","E33027402","E38000079","E63011425","C1","6A1",51.821950,-0.373153,"E37000048","","E23000027",32529,"E56000035","E54000025","E00120311","E01023691","E02004924"
"AL5 3AR","AL5  3AR","AL5 3AR","198001","","E10000015","E58000624","E07000240","E05013953","E04013284","0","512624","0215077","1","E18000006","E40000007","E92000001","E12000006","5","E14001268","E15000006","E24000005","E30000237","E16000150","E07000240","26UGGD","E00120310","26UGGD","E65000001","E01023690","E02004924","5","6D1","E00120310","E01023690","E02004924","E33027401","E38000079","E63011425","C1","5A2",51.822975,-0.367297,"E37000048","","E23000027",32556,"E56000035","E54000025","E00120310","E01023690","E02004924"
"AL5 3AS","AL5  3AS","AL5 3AS","198001","","E10000015","E58000624","E07000240","E05013953","E04013284","0","512656","0215051","1","E18000006","E40000007","E92000001","E12000006","5","E14001268","E15000006","E24000005","E30000237","E16000150","E07000240","26UGGD","E00120310","26UGGD","E65000001","E01023690","E02004924","5","6D1","E00120310","E01023690","E02004924","E33027401","E38000079","E63011425","C1","5A2",51.822734,-0.366842,"E37000048","","E23000027",32556,"E56000035","E54000025","E00120310","E01023690","E02004924"
"AL5 3AT","AL5  3AT","AL5 3AT","198001","","E10000015","E58000624","E07000240","E05013953","E04013284","0","512658","0214990","1","E18000006","E40000007","E92000001","E12000006","5","E14001268","E15000006","E24000005","E30000237","E16000150","E07000240","26UGGD","E00120310","26UGGD","E65000001","E01023690","E02004924","5","6D1","E00120310","E01023690","E02004924","E33027401","E38000079","E63011425","C1","5A2",51.822186,-0.366833,"E37000048","","E23000027",32556,"E56000035","E54000025","E00120310","E01023690","E02004924"
"AL5 3AU","AL5  3AU","AL5 3AU","198001","","E10000015","E58000624","E07000240","E05013953","E04013284","0","512199","0215264","1","E18000006","E40000007","E92000001","E12000006","5","E14001268","E15000006","E24000005","E30000237","E16000150","E07000240","26UGGD","E00120307","26UGGD","E65000001","E01023690","E02004924","5","4D2","E00120307","E01023690","E02004924","E33027401","E38000079","E63011425","C1","6A4",51.824741,-0.373401,"E37000048","","E23000027",32556,"E56000035","E54000025","E00120307","E01023690","E02004924"
"AL5 3AW","AL5  3AW","AL5 3AW","198001","","E10000015","E58000624","E07000240","E05013953","E04013284","0","512370","0215160","1","E18000006","E40000007","E92000001","E12000006","5","E14001268","E15000006","E24000005","E30000237","E16000150","E07000240","26UGGD","E00120307","26UGGD","E65000001","E01023690","E02004924","5","4D2","E00120307","E01023690","E02004924","E33027401","E38000079","E63011425","C1","6A4",51.823772,-0.370954,"E37000048","","E23000027",32556,"E56000035","E54000025","E00120307","E01023690","E02004924"
"AL5 3AX","AL5  3AX","AL5 3AX","199706","200211","E10000015","E58000626","E07000240","E05013955","E04013284","1","513594","0214185","1","E18000006","E40000007","E92000001","E12000006","5","E14001268","E15000006","E24000005","E30000237","E16000150","E07000240","26UGGF","E00120354","26UGGF","E65000001","E01023701","E02004926","5","6D2","E00120354","E01023701","E02004926","E33024309","E38000079","E63011425","C1","5B1",51.814762,-0.353522,"E37000048","","E23000027",29552,"E56000035","E54000025","E00120354","E01023701","E02004926"
"AL5 3AY","AL5  3AY","AL5 3AY","198001","","E10000015","E58000624","E07000240","E05013953","E04013284","0","512165","0214882","1","E18000006","E40000007","E92000001","E12000006","5","E14001268","E15000006","E24000005","E30000237","E16000150","E07000240","26UGGD","E00120312","26UGGD","E65000001","E01023690","E02004924","5","4B3","E00120312","E01023690","E02004924","E33027402","E38000079","E63011425","C1","6A1",51.821314,-0.374017,"E37000048","","E23000027",32556,"E56000035","E54000025","E00120312","E01023690","E02004924"
"AL5 3AZ","AL5  3AZ","AL5 3AZ","198001","","E10000015","E58000624","E07000240","E05013953","E04013284","0","512337","0215011","1","E18000006","E40000007","E92000001","E12000006","5","E14001268","E15000006","E24000005","E30000237","E16000150","E07000240","26UGGD","E00120312","26UGGD","E65000001","E01023690","E02004924","5","4B3","E00120312","E01023690","E02004924","E33027402","E38000079","E63011425","C1","6A1",51.822439,-0.371481,"E37000048","","E23000027",32556,"E56000035","E54000025","E00120312","E01023690","E02004924"
"AL5 3BA","AL5  3BA","AL5 3BA","198001","","E10000015","E58000624","E07000240","E05013953","E04013284","0","512764","0215125","1","E18000006","E40000007","E92000001","E12000006","5","E14001268","E15000006","E24000005","E30000237","E16000150","E07000240","26UGGD","E00120310","26UGGD","E65000001","E01023690","E02004924","5","6D1","E00120310","E01023690","E02004924","E33027401","E38000079","E63011425","C1","5A2",51.823378,-0.365251,"E37000048","","E23000027",32556,"E56000035","E54000025","E00120310","E01023690","E02004924"
"AL5 3BB","AL5  3BB","AL5 3BB","198001","","E10000015","E58000624","E07000240","E05013953","E04013284","0","512680","0215184","1","E18000006","E40000007","E92000001","E12000006","5","E14001268","E15000006","E24000005","E30000237","E16000150","E07000240","26UGGD","E00120309","26UGGD","E65000001","E01023690","E02004924","5","6D1","E00120309","E01023690","E02004924","E33027401","E38000079","E63011425","C1","5A2",51.823925,-0.366450,"E37000048","","E23000027",32556,"E56000035","E54000025","E00120309","E01023690","E02004924"
"AL5 3BD","AL5  3BD","AL5 3BD","200506","","E10000015","E58000624","E07000240","E05013953","E04013284","0","512098","0215370","1","E18000006","E40000007","E92000001","E12000006","5","E14001268","E15000006","E24000005","E30000237","E16000150","E07000240","26UGGD","E00120322","26UGGD","E65000001","E01023691","E02004924","5","4D2","E00120322","E01023691","E02004924","E33027400","E38000079","E63011425","C1","6A1",51.825721,-0.374807,"E37000048","","E23000027",32529,"E56000035","E54000025","E00120322","E01023691","E02004924"
"AL5 3BE","AL5  3BE","AL5 3BE","199806","","E10000015","E58000624","E07000240","E05013953","E04013284","0","512530","0215134","1","E18000006","E40000007","E92000001","E12000006","5","E14001268","E15000006","E24000005","E30000237","E16000150","E07000240","26UGGD","E00120309","26UGGD","E65000001","E01023690","E02004924","5","6D1","E00120309","E01023690","E02004924","E33027401","E38000079","E63011425","C1","5A2",51.823506,-0.368642,"E37000048","","E23000027",32556,"E56000035","E54000025","E00120309","E01023690","E02004924"
"AL5 3BF","AL5  3BF","AL5 3BF","199712","200404","E10000015","E58000626","E07000240","E05013955","E04013284","1","513594","0214185","1","E18000006","E40000007","E92000001","E12000006","5","E14001268","E15000006","E24000005","E30000237","E16000150","E07000240","26UGGF","E00120354","26UGGF","E65000001","E01023701","E02004926","5","6D2","E00120354","E01023701","E02004926","E33024309","E38000079","E63011425","C1","5B1",51.814762,-0.353522,"E37000048","","E23000027",29552,"E56000035","E54000025","E00120354","E01023701","E02004926"
"AL5 3BG","AL5  3BG","AL5 3BG","198001","","E10000015","E58000624","E07000240","E05013953","E04013284","0","512570","0215084","1","E18000006","E40000007","E92000001","E12000006","5","E14001268","E15000006","E24000005","E30000237","E16000150","E07000240","26UGGD","E00120309","26UGGD","E65000001","E01023690","E02004924","5","6D1","E00120309","E01023690","E02004924","E33027401","E38000079","E63011425","C1","5A2",51.823055,-0.368054,"E37000048","","E23000027",32556,"E56000035","E54000025","E00120309","E01023690","E02004924"
"AL5 3BH","AL5  3BH","AL5 3BH","198001","","E10000015","E58000624","E07000240","E05013953","E04013284","0","512577","0215149","1","E18000006","E40000007","E92000001","E12000006","5","E14001268","E15000006","E24000005","E30000237","E16000150","E07000240","26UGGD","E00120309","26UGGD","E65000001","E01023690","E02004924","5","6D1","E00120309","E01023690","E02004924","E33027401","E38000079","E63011425","C1","5A2",51.823631,-0.367956,"E37000048","","E23000027",32556,"E56000035","E54000025","E00120309","E01023690","E02004924"
"AL5 3BJ","AL5  3BJ","AL5 3BJ","200302","","E10000015","E58000624","E07000240","E05013953","E04013284","0","512538","0215291","1","E18000006","E40000007","E92000001","E12000006","5","E14001268","E15000006","E24000005","E30000237","E16000150","E07000240","26UGGD","E00120309","26UGGD","E65000001","E01023690","E02004924","5","6D1","E00120309","E01023690","E02004924","E33027401","E38000079","E63011425","C1","5A2",51.824915,-0.368475,"E37000048","","E23000027",32556,"E56000035","E54000025","E00120309","E01023690","E02004924"
"AL5 3BL","AL5  3BL","AL5 3BL","198001","","E10000015","E58000624","E07000240","E05013953","E04013284","0","512735","0215212","1","E18000006","E40000007","E92000001","E12000006","5","E14001268","E15000006","E24000005","E30000237","E16000150","E07000240","26UGGD","E00120303","26UGGD","E65000001","E01023690","E02004924","5","3C2","E00120303","E01023690","E02004924","E33027401","E38000079","E63011425","C1","5B1",51.824165,-0.365644,"E37000048","","E23000027",32556,"E56000035","E54000025","E00120303","E01023690","E02004924"
"AL5 3BN","AL5  3BN","AL5 3BN","198001","","E10000015","E58000624","E07000240","E05013953","E04013284","0","512608","0215225","1","E18000006","E40000007","E92000001","E12000006","5","E14001268","E15000006","E24000005","E30000237","E16000150","E07000240","26UGGD","E00120309","26UGGD","E65000001","E01023690","E02004924","5","6D1","E00120309","E01023690","E02004924","E33027401","E38000079","E63011425","C1","5A2",51.824308,-0.367481,"E37000048","","E23000027",32556,"E56000035","E54000025","E00120309","E01023690","E02004924"
"AL5 3BP","AL5  3BP","AL5 3BP","198001","","E10000015","E58000624","E07000240","E05013953","E04013284","0","512244","0215321","1","E18000006","E40000007","E92000001","E12000006","5","E14001268","E15000006","E24000005","E30000237","E16000150","E07000240","26UGGD","E00120307","26UGGD","E65000001","E01023690","E02004924","5","4D2","E00120307","E01023690","E02004924","E33027401","E38000079","E63011425","C1","6A4",51.825244,-0.372730,"E37000048","","E23000027",32556,"E56000035","E54000025","E00120307","E01023690","E02004924"
"AL5 3BQ","AL5  3BQ","AL5 3BQ","198001","","E10000015","E58000624","E07000240","E05013953","E04013284","0","512447","0215165","1","E18000006","E40000007","E92000001","E12000006","5","E14001268","E15000006","E24000005","E30000237","E16000150","E07000240","26UGGD","E00120309","26UGGD","E65000001","E01023690","E02004924","5","6D1","E00120309","E01023690","E02004924","E33027401","E38000079","E63011425","C1","5A2",51.823801,-0.369836,"E37000048","","E23000027",32556,"E56000035","E54000025","E00120309","E01023690","E02004924"
"AL5 3BS","AL5  3BS","AL5 3BS","198001","","E10000015","E58000624","E07000240","E05013953","E04013284","0","512013","0215248","1","E18000006","E40000007","E92000001","E12000006","5","E14001268","E15000006","E24000005","E30000237","E16000150","E07000240","26UGGD","E00120311","26UGGD","E65000001","E01023691","E02004924","5","4B3","E00120311","E01023691","E02004924","E33027402","E38000079","E63011425","C1","6A1",51.824634,-0.376103,"E37000048","","E23000027",32529,"E56000035","E54000025","E00120311","E01023691","E02004924"
"AL5 3BT","AL5  3BT","AL5 3BT","198001","","E10000015","E58000624","E07000240","E05013953","E04013284","0","512037","0215210","1","E18000006","E40000007","E92000001","E12000006","5","E14001268","E15000006","E24000005","E30000237","E16000150","E07000240","26UGGD","E00120311","26UGGD","E65000001","E01023691","E02004924","5","4B3","E00120311","E01023691","E02004924","E33027402","E38000079","E63011425","C1","6A1",51.824288,-0.375768,"E37000048","","E23000027",32529,"E56000035","E54000025","E00120311","E01023691","E02004924"
"AL5 3BU","AL5  3BU","AL5 3BU","198001","","E10000015","E58000624","E07000240","E05013953","E04013284","0","511948","0215248","1","E18000006","E40000007","E92000001","E12000006","5","E14001268","E15000006","E24000005","E30000237","E16000150","E07000240","26UGGD","E00120311","26UGGD","E65000001","E01023691","E02004924","5","4B3","E00120311","E01023691","E02004924","E33027402","E38000079","E63011425","C1","6A1",51.824654,-0.377022,"E37000048","","E23000027",32529,"E56000035","E54000025","E00120311","E01023691","E02004924"
"AL5 3BW","AL5  3BW","AL5 3BW","198001","","E10000015","E58000624","E07000240","E05013953","E04013284","0","512448","0215297","1","E18000006","E40000007","E92000001","E12000006","5","E14001268","E15000006","E24000005","E30000237","E16000150","E07000240","26UGGD","E00120307","26UGGD","E65000001","E01023690","E02004924","5","4D2","E00120307","E01023690","E02004924","E33027401","E38000079","E63011425","C1","6A4",51.824994,-0.369754,"E37000048","","E23000027",32556,"E56000035","E54000025","E00120307","E01023690","E02004924"
"AL5 3BX","AL5  3BX","AL5 3BX","198001","","E10000015","E58000624","E07000240","E05013953","E04013284","0","512009","0215307","1","E18000006","E40000007","E92000001","E12000006","5","E14001268","E15000006","E24000005","E30000237","E16000150","E07000240","26UGGD","E00120322","26UGGD","E65000001","E01023691","E02004924","5","4D2","E00120322","E01023691","E02004924","E33027400","E38000079","E63011425","C1","6A1",51.825172,-0.376118,"E37000048","","E23000027",32529,"E56000035","E54000025","E00120322","E01023691","E02004924"
"AL5 3BY","AL5  3BY","AL5 3BY","198001","","E10000015","E58000624","E07000240","E05013953","E04013284","0","512037","0215348","1","E18000006","E40000007","E92000001","E12000006","5","E14001268","E15000006","E24000005","E30000237","E16000150","E07000240","26UGGD","E00120322","26UGGD","E65000001","E01023691","E02004924","5","4D2","E00120322","E01023691","E02004924","E33027400","E38000079","E63011425","C1","6A1",51.825528,-0.375723,"E37000048","","E23000027",32529,"E56000035","E54000025","E00120322","E01023691","E02004924"
"AL5 3BZ","AL5  3BZ","AL5 3BZ","198001","","E10000015","E58000624","E07000240","E05013953","E04013284","0","512342","0215373","1","E18000006","E40000007","E92000001","E12000006","5","E14001268","E15000006","E24000005","E30000237","E16000150","E07000240","26UGGD","E00120307","26UGGD","E65000001","E01023690","E02004924","5","4D2","E00120307","E01023690","E02004924","E33027401","E38000079","E63011425","C1","6A4",51.825691,-0.371291,"E37000048","","E23000027",32556,"E56000035","E54000025","E00120307","E01023690","E02004924"
"AL5 3DA","AL5  3DA","AL5 3DA","199612","199712","E10000015","E58000624","E07000240","E05013953","E04013284","1","511940","0215446","6","E18000006","E40000007","E92000001","E12000006","5","E14001268","E15000006","E24000005","E30000237","E16000150","E07000240","26UGGD","E00120308","26UGGD","E65000001","E01023691","E02004924","5","4B3","E00120308","E01023691","E02004924","E33027402","E38000079","E63011425","C1","6A2",51.826428,-0.377098,"E37000048","","E23000027",32529,"E56000035","E54000025","E00120308","E01023691","E02004924"
"AL5 3DB","AL5  3DB","AL5 3DB","199412","199812","E10000015","E58000624","E07000240","E05013953","E04013284","1","511932","0215459","6","E18000006","E40000007","E92000001","E12000006","5","E14001268","E15000006","E24000005","E30000237","E16000150","E07000240","26UGGD","E00120308","26UGGD","E65000001","E01023691","E02004924","5","4B3","E00120308","E01023691","E02004924","E33027402","E38000079","E63011425","C1","6A2",51.826547,-0.377210,"E37000048","","E23000027",32529,"E56000035","E54000025","E00120308","E01023691","E02004924"
"AL5 3DD","AL5  3DD","AL5 3DD","198001","","E10000015","E58000624","E07000240","E05013953","E04013284","1","512428","0215408","1","E18000006","E40000007","E92000001","E12000006","5","E14001268","E15000006","E24000005","E30000237","E16000150","E07000240","26UGGD","E00120307","26UGGD","E65000001","E01023690","E02004924","5","4D2","E00120307","E01023690","E02004924","E33027401","E38000079","E63011425","C1","6A4",51.825989,-0.370033,"E37000048","","E23000027",32556,"E56000035","E54000025","E00120307","E01023690","E02004924"
"AL5 3DE","AL5  3DE","AL5 3DE","198001","","E10000015","E58000624","E07000240","E05013953","E04013284","0","512368","0215506","1","E18000006","E40000007","E92000001","E12000006","5","E14001268","E15000006","E24000005","E30000237","E16000150","E07000240","26UGGD","E00120307","26UGGD","E65000001","E01023690","E02004924","5","4D2","E00120307","E01023690","E02004924","E33027401","E38000079","E63011425","C1","6A4",51.826889,-0.370847,"E37000048","","E23000027",32556,"E56000035","E54000025","E00120307","E01023690","E02004924"
"AL5 3DF","AL5  3DF","AL5 3DF","198307","199212","E10000015","E58000626","E07000240","E05013955","E04013284","1","512600","0214400","8","E18000006","E40000007","E92000001","E12000006","5","E14001268","E15000006","E24000005","E30000237","E16000150","E07000240","26UGGF","E00120355","26UGGF","E65000001","E01023700","E02004926","5","4B3","E00120355","E01023700","E02004926","E33027408","E38000079","E63011425","C1","6A4",51.816895,-0.367865,"E37000048","","E23000027",32477,"E56000035","E54000025","E00120355","E01023700","E02004926"
"AL5 3DG","AL5  3DG","AL5 3DG","198704","199212","E10000015","E58000624","E07000240","E05013953","E04013284","1","512000","0214900","8","E18000006","E40000007","E92000001","E12000006","5","E14001268","E15000006","E24000005","E30000237","E16000150","E07000240","26UGGD","E00120311","26UGGD","E65000001","E01023691","E02004924","5","4B3","E00120311","E01023691","E02004924","E33027402","E38000079","E63011425","C1","6A1",51.821509,-0.376404,"E37000048","","E23000027",32529,"E56000035","E54000025","E00120311","E01023691","E02004924"
"AL5 3DH","AL5  3DH","AL5 3DH","199208","199501","E10000015","E58000624","E07000240","E05013953","E04013284","1","512000","0214900","8","E18000006","E40000007","E92000001","E12000006","5","E14001268","E15000006","E24000005","E30000237","E16000150","E07000240","26UGGD","E00120311","26UGGD","E65000001","E01023691","E02004924","5","4B3","E00120311","E01023691","E02004924","E33027402","E38000079","E63011425","C1","6A1",51.821509,-0.376404,"E37000048","","E23000027",32529,"E56000035","E54000025","E00120311","E01023691","E02004924"
"AL5 3DJ","AL5  3DJ","AL5 3DJ","200512","201212","E10000015","E58000626","E07000240","E05013955","E04013284","1","513594","0214185","1","E18000006","E40000007","E92000001","E12000006","5","E14001268","E15000006","E24000005","E30000237","E16000150","E07000240","26UGGF","E00120354","26UGGF","E65000001","E01023701","E02004926","5","6D2","E00120354","E01023701","E02004926","E33024309","E38000079","E63011425","C1","5B1",51.814762,-0.353522,"E37000048","","E23000027",29552,"E56000035","E54000025","E00120354","E01023701","E02004926"
"AL5 3DL","AL5  3DL","AL5 3DL","199507","200604","E10000015","E58000626","E07000240","E05013955","E04013284","1","513594","0214185","1","E18000006","E40000007","E92000001","E12000006","5","E14001268","E15000006","E24000005","E30000237","E16000150","E07000240","26UGGF","E00120354","26UGGF","E65000001","E01023701","E02004926","5","6D2","E00120354","E01023701","E02004926","E33024309","E38000079","E63011425","C1","5B1",51.814762,-0.353522,"E37000048","","E23000027",29552,"E56000035","E54000025","E00120354","E01023701","E02004926"
"AL5 3DN","AL5  3DN","AL5 3DN","200106","200307","E10000015","E58000626","E07000240","E05013955","E04013284","1","513594","0214185","1","E18000006","E40000007","E92000001","E12000006","5","E14001268","E15000006","E24000005","E30000237","E16000150","E07000240","26UGGF","E00120354","26UGGF","E65000001","E01023701","E02004926","5","6D2","E00120354","E01023701","E02004926","E33024309","E38000079","E63011425","C1","5B1",51.814762,-0.353522,"E37000048","","E23000027",29552,"E56000035","E54000025","E00120354","E01023701","E02004926"
"AL5 3DP","AL5  3DP","AL5 3DP","200206","","E10000015","E58000624","E07000240","E05013953","E04013284","0","512325","0214785","1","E18000006","E40000007","E92000001","E12000006","5","E14001268","E15000006","E24000005","E30000237","E16000150","E07000240","26UGGD","E00120312","26UGGD","E65000001","E01023690","E02004924","5","4B3","E00120312","E01023690","E02004924","E33027402","E38000079","E63011425","C1","6A1",51.820410,-0.371728,"E37000048","","E23000027",32556,"E56000035","E54000025","E00120312","E01023690","E02004924"
"AL5 3DQ","AL5  3DQ","AL5 3DQ","199101","199112","E10000015","E58000624","E07000240","E05013953","E04013284","1","512000","0214900","8","E18000006","E40000007","E92000001","E12000006","5","E14001268","E15000006","E24000005","E30000237","E16000150","E07000240","26UGGD","E00120311","26UGGD","E65000001","E01023691","E02004924","5","4B3","E00120311","E01023691","E02004924","E33027402","E38000079","E63011425","C1","6A1",51.821509,-0.376404,"E37000048","","E23000027",32529,"E56000035","E54000025","E00120311","E01023691","E02004924"
"AL5 3DR","AL5  3DR","AL5 3DR","201303","","E10000015","E58000624","E07000240","E05013953","E04013284","0","511314","0215947","1","E18000006","E40000007","E92000001","E12000006","5","E14001268","E15000006","E24000005","E30000237","E16000150","E07000240","26UGGD","E00120316","26UGGD","E65000001","E01023694","E02004924","5","4D1","E00120316","E01023694","E02004924","E33027400","E38000079","E63011425","C1","6A4",51.831056,-0.386017,"E37000048","","E23000027",32822,"E56000035","E54000025","E00120316","E01023694","E02004924"
"AL5 3DS","AL5  3DS","AL5 3DS","201307","","E10000015","E58000624","E07000240","E05013953","E04013284","0","511505","0215369","1","E18000006","E40000007","E92000001","E12000006","5","E14001268","E15000006","E24000005","E30000237","E16000150","E07000240","26UGGD","E00120306","26UGGD","E65000001","E01023694","E02004924","5","4B3","E00120306","E01023694","E02004924","E33027400","E38000079","E63011425","C1","6A2",51.825823,-0.383432,"E37000048","","E23000027",32822,"E56000035","E54000025","E00189433","E01023694","E02004924"
"AL5 3DT","AL5  3DT","AL5 3DT","201602","","E10000015","E58000624","E07000240","E05013953","E04013284","0","512014","0215201","1","E18000006","E40000007","E92000001","E12000006","5","E14001268","E15000006","E24000005","E30000237","E16000150","E07000240","26UGGD","E00120311","26UGGD","E65000001","E01023691","E02004924","5","4B3","E00120311","E01023691","E02004924","E33027402","E38000079","E63011425","C1","6A1",51.824219,-0.376080,"E37000048","","E23000027",32529,"E56000035","E54000025","E00120311","E01023691","E02004924"
"AL5 3DU","AL5  3DU","AL5 3DU","201610","","E10000015","E58000624","E07000240","E05013953","E04013284","0","512654","0215258","1","E18000006","E40000007","E92000001","E12000006","5","E14001268","E15000006","E24000005","E30000237","E16000150","E07000240","26UGGD","E00120309","26UGGD","E65000001","E01023690","E02004924","5","6D1","E00120309","E01023690","E02004924","E33027401","E38000079","E63011425","C1","5A2",51.824602,-0.366779,"E37000048","","E23000027",32556,"E56000035","E54000025","E00120309","E01023690","E02004924"
"AL5 3DW","AL5  3DW","AL5 3DW","201703","","E10000015","E58000625","E07000240","E05013953","E04004804","0","509186","0216134","1","E18000006","E40000007","E92000001","E12000006","5","E14001268","E15000006","E24000005","E30000237","E16000150","E07000240","26UGGL","E00120457","26UGGL","E65000001","E01023725","E02004929","5","3C1","E00120457","E01023725","E02004929","E33027420","E38000079","","C1","1B2",51.833164,-0.416803,"E37000048","","E23000027",28225,"E56000035","E54000025","E00120457","E01023725","E02004929"
"AL5 3DX","AL5  3DX","AL5 3DX","200106","200604","E10000015","E58000626","E07000240","E05013955","E04013284","1","513594","0214185","1","E18000006","E40000007","E92000001","E12000006","5","E14001268","E15000006","E24000005","E30000237","E16000150","E07000240","26UGGF","E00120354","26UGGF","E65000001","E01023701","E02004926","5","6D2","E00120354","E01023701","E02004926","E33024309","E38000079","E63011425","C1","5B1",51.814762,-0.353522,"E37000048","","E23000027",29552,"E56000035","E54000025","E00120354","E01023701","E02004926"
"AL5 3DY","AL5  3DY","AL5 3DY","200106","200703","E10000015","E58000626","E07000240","E05013955","E04013284","1","513594","0214185","1","E18000006","E40000007","E92000001","E12000006","5","E14001268","E15000006","E24000005","E30000237","E16000150","E07000240","26UGGF","E00120354","26UGGF","E65000001","E01023701","E02004926","5","6D2","E00120354","E01023701","E02004926","E33024309","E38000079","E63011425","C1","5B1",51.814762,-0.353522,"E37000048","","E23000027",29552,"E56000035","E54000025","E00120354","E01023701","E02004926"
"AL5 3DZ","AL5  3DZ","AL5 3DZ","201707","","E10000015","E58000624","E07000240","E05013953","E04013284","0","511386","0215496","1","E18000006","E40000007","E92000001","E12000006","5","E14001268","E15000006","E24000005","E30000237","E16000150","E07000240","26UGGD","E00120306","26UGGD","E65000001","E01023694","E02004924","5","4B3","E00120306","E01023694","E02004924","E33027400","E38000079","E63011425","C1","6A2",51.826995,-0.385093,"E37000048","","E23000027",32822,"E56000035","E54000025","E00189433","E01023694","E02004924"
"AL5 3EB","AL5  3EB","AL5 3EB","198001","","E10000015","E58000624","E07000240","E05013953","E04013284","0","511975","0215307","1","E18000006","E40000007","E92000001","E12000006","5","E14001268","E15000006","E24000005","E30000237","E16000150","E07000240","26UGGD","E00120308","26UGGD","E65000001","E01023691","E02004924","5","4B3","E00120308","E01023691","E02004924","E33027402","E38000079","E63011425","C1","6A2",51.825172,-0.376636,"E37000048","","E23000027",32529,"E56000035","E54000025","E00120308","E01023691","E02004924"
"AL5 3ED","AL5  3ED","AL5 3ED","198001","","E10000015","E58000624","E07000240","E05013953","E04013284","0","511831","0215318","1","E18000006","E40000007","E92000001","E12000006","5","E14001268","E15000006","E24000005","E30000237","E16000150","E07000240","26UGGD","E00120308","26UGGD","E65000001","E01023691","E02004924","5","4B3","E00120308","E01023691","E02004924","E33027402","E38000079","E63011425","C1","6A2",51.825300,-0.378721,"E37000048","","E23000027",32529,"E56000035","E54000025","E00120308","E01023691","E02004924"
"AL5 3EE","AL5  3EE","AL5 3EE","198001","","E10000015","E58000624","E07000240","E05013953","E04013284","0","511851","0215372","1","E18000006","E40000007","E92000001","E12000006","5","E14001268","E15000006","E24000005","E30000237","E16000150","E07000240","26UGGD","E00120308","26UGGD","E65000001","E01023691","E02004924","5","4B3","E00120308","E01023691","E02004924","E33027402","E38000079","E63011425","C1","6A2",51.825781,-0.378413,"E37000048","","E23000027",32529,"E56000035","E54000025","E00120308","E01023691","E02004924"
"AL5 3EF","AL5  3EF","AL5 3EF","198001","","E10000015","E58000624","E07000240","E05013953","E04013284","0","511644","0215463","1","E18000006","E40000007","E92000001","E12000006","5","E14001268","E15000006","E24000005","E30000237","E16000150","E07000240","26UGGD","E00120306","26UGGD","E65000001","E01023694","E02004924","5","4B3","E00120306","E01023694","E02004924","E33027400","E38000079","E63011425","C1","6A2",51.826640,-0.381386,"E37000048","","E23000027",32822,"E56000035","E54000025","E00189336","E01023694","E02004924"
"AL5 3EG","AL5  3EG","AL5 3EG","198001","","E10000015","E58000624","E07000240","E05013953","E04013284","0","511707","0215380","1","E18000006","E40000007","E92000001","E12000006","5","E14001268","E15000006","E24000005","E30000237","E16000150","E07000240","26UGGD","E00120308","26UGGD","E65000001","E01023691","E02004924","5","4B3","E00120308","E01023691","E02004924","E33027402","E38000079","E63011425","C1","6A2",51.825882,-0.380499,"E37000048","","E23000027",32529,"E56000035","E54000025","E00120308","E01023691","E02004924"
"AL5 3EH","AL5  3EH","AL5 3EH","198001","","E10000015","E58000624","E07000240","E05013953","E04013284","0","511577","0215356","1","E18000006","E40000007","E92000001","E12000006","5","E14001268","E15000006","E24000005","E30000237","E16000150","E07000240","26UGGD","E00120306","26UGGD","E65000001","E01023694","E02004924","5","4B3","E00120306","E01023694","E02004924","E33027400","E38000079","E63011425","C1","6A2",51.825692,-0.382392,"E37000048","","E23000027",32822,"E56000035","E54000025","E00189433","E01023694","E02004924"
"AL5 3EJ","AL5  3EJ","AL5 3EJ","198001","","E10000015","E58000624","E07000240","E05013953","E04013284","0","511605","0215289","1","E18000006","E40000007","E92000001","E12000006","5","E14001268","E15000006","E24000005","E30000237","E16000150","E07000240","26UGGD","E00120306","26UGGD","E65000001","E01023694","E02004924","5","4B3","E00120306","E01023694","E02004924","E33027400","E38000079","E63011425","C1","6A2",51.825084,-0.382008,"E37000048","","E23000027",32822,"E56000035","E54000025","E00189433","E01023694","E02004924"
"AL5 3EL","AL5  3EL","AL5 3EL","198001","","E10000015","E58000624","E07000240","E05013953","E04013284","0","511649","0215260","1","E18000006","E40000007","E92000001","E12000006","5","E14001268","E15000006","E24000005","E30000237","E16000150","E07000240","26UGGD","E00120306","26UGGD","E65000001","E01023694","E02004924","5","4B3","E00120306","E01023694","E02004924","E33027400","E38000079","E63011425","C1","6A2",51.824815,-0.381379,"E37000048","","E23000027",32822,"E56000035","E54000025","E00189433","E01023694","E02004924"
"AL5 3EN","AL5  3EN","AL5 3EN","198001","","E10000015","E58000624","E07000240","E05013953","E04013284","0","511835","0215198","1","E18000006","E40000007","E92000001","E12000006","5","E14001268","E15000006","E24000005","E30000237","E16000150","E07000240","26UGGD","E00120308","26UGGD","E65000001","E01023691","E02004924","5","4B3","E00120308","E01023691","E02004924","E33027402","E38000079","E63011425","C1","6A2",51.824220,-0.378701,"E37000048","","E23000027",32529,"E56000035","E54000025","E00120308","E01023691","E02004924"
"AL5 3EP","AL5  3EP","AL5 3EP","198001","","E10000015","E58000624","E07000240","E05013953","E04013284","0","511795","0215123","1","E18000006","E40000007","E92000001","E12000006","5","E14001268","E15000006","E24000005","E30000237","E16000150","E07000240","26UGGD","E00120308","26UGGD","E65000001","E01023691","E02004924","5","4B3","E00120308","E01023691","E02004924","E33027402","E38000079","E63011425","C1","6A2",51.823561,-0.379281,"E37000048","","E23000027",32529,"E56000035","E54000025","E00120308","E01023691","E02004924"
"AL5 3EQ","AL5  3EQ","AL5 3EQ","198001","","E10000015","E58000624","E07000240","E05013953","E04013284","0","511635","0215371","1","E18000006","E40000007","E92000001","E12000006","5","E14001268","E15000006","E24000005","E30000237","E16000150","E07000240","26UGGD","E00120308","26UGGD","E65000001","E01023691","E02004924","5","4B3","E00120308","E01023691","E02004924","E33027402","E38000079","E63011425","C1","6A2",51.825822,-0.381522,"E37000048","","E23000027",32529,"E56000035","E54000025","E00120308","E01023691","E02004924"
"AL5 3ER","AL5  3ER","AL5 3ER","198001","","E10000015","E58000624","E07000240","E05013953","E04013284","0","511895","0215118","1","E18000006","E40000007","E92000001","E12000006","5","E14001268","E15000006","E24000005","E30000237","E16000150","E07000240","26UGGD","E00120311","26UGGD","E65000001","E01023691","E02004924","5","4B3","E00120311","E01023691","E02004924","E33027402","E38000079","E63011425","C1","6A1",51.823489,-0.377857,"E37000048","","E23000027",32529,"E56000035","E54000025","E00120311","E01023691","E02004924"
"AL5 3ES","AL5  3ES","AL5 3ES","198001","","E10000015","E58000624","E07000240","E05013953","E04013284","0","511984","0215063","1","E18000006","E40000007","E92000001","E12000006","5","E14001268","E15000006","E24000005","E30000237","E16000150","E07000240","26UGGD","E00120311","26UGGD","E65000001","E01023691","E02004924","5","4B3","E00120311","E01023691","E02004924","E33027402","E38000079","E63011425","C1","6A1",51.822977,-0.376584,"E37000048","","E23000027",32529,"E56000035","E54000025","E00120311","E01023691","E02004924"
"AL5 3ET","AL5  3ET","AL5 3ET","198001","","E10000015","E58000624","E07000240","E05013953","E04013284","0","512079","0215016","1","E18000006","E40000007","E92000001","E12000006","5","E14001268","E15000006","E24000005","E30000237","E16000150","E07000240","26UGGD","E00120311","26UGGD","E65000001","E01023691","E02004924","5","4B3","E00120311","E01023691","E02004924","E33027402","E38000079","E63011425","C1","6A1",51.822536,-0.375221,"E37000048","","E23000027",32529,"E56000035","E54000025","E00120311","E01023691","E02004924"
"AL5 3EU","AL5  3EU","AL5 3EU","198001","","E10000015","E58000624","E07000240","E05013953","E04013284","0","512074","0215115","1","E18000006","E40000007","E92000001","E12000006","5","E14001268","E15000006","E24000005","E30000237","E16000150","E07000240","26UGGD","E00120311","26UGGD","E65000001","E01023691","E02004924","5","4B3","E00120311","E01023691","E02004924","E33027402","E38000079","E63011425","C1","6A1",51.823426,-0.375262,"E37000048","","E23000027",32529,"E56000035","E54000025","E00120311","E01023691","E02004924"
"AL5 3EW","AL5  3EW","AL5 3EW","198001","","E10000015","E58000624","E07000240","E05013953","E04013284","0","511757","0215196","1","E18000006","E40000007","E92000001","E12000006","5","E14001268","E15000006","E24000005","E30000237","E16000150","E07000240","26UGGD","E00120308","26UGGD","E65000001","E01023691","E02004924","5","4B3","E00120308","E01023691","E02004924","E33027402","E38000079","E63011425","C1","6A2",51.824218,-0.379833,"E37000048","","E23000027",32529,"E56000035","E54000025","E00120308","E01023691","E02004924"
"AL5 3EX","AL5  3EX","AL5 3EX","198001","","E10000015","E58000624","E07000240","E05013953","E04013284","0","511931","0215169","1","E18000006","E40000007","E92000001","E12000006","5","E14001268","E15000006","E24000005","E30000237","E16000150","E07000240","26UGGD","E00120311","26UGGD","E65000001","E01023691","E02004924","5","4B3","E00120311","E01023691","E02004924","E33027402","E38000079","E63011425","C1","6A1",51.823940,-0.377318,"E37000048","","E23000027",32529,"E56000035","E54000025","E00120311","E01023691","E02004924"
"AL5 3EY","AL5  3EY","AL5 3EY","198001","","E10000015","E58000624","E07000240","E05013953","E04013284","0","511809","0215259","1","E18000006","E40000007","E92000001","E12000006","5","E14001268","E15000006","E24000005","E30000237","E16000150","E07000240","26UGGD","E00120308","26UGGD","E65000001","E01023691","E02004924","5","4B3","E00120308","E01023691","E02004924","E33027402","E38000079","E63011425","C1","6A2",51.824781,-0.379034,"E37000048","","E23000027",32529,"E56000035","E54000025","E00120308","E01023691","E02004924"
"AL5 3EZ","AL5  3EZ","AL5 3EZ","198001","","E10000015","E58000624","E07000240","E05013953","E04013284","0","511760","0215535","1","E18000006","E40000007","E92000001","E12000006","5","E14001268","E15000006","E24000005","E30000237","E16000150","E07000240","26UGGD","E00120306","26UGGD","E65000001","E01023694","E02004924","5","4B3","E00120306","E01023694","E02004924","E33027400","E38000079","E63011425","C1","6A2",51.827264,-0.379680,"E37000048","","E23000027",32822,"E56000035","E54000025","E00189336","E01023694","E02004924"
"AL5 3FA","AL5  3FA","AL5 3FA","201407","","E10000015","E58000624","E07000240","E05013953","E04013284","0","511822","0215430","1","E18000006","E40000007","E92000001","E12000006","5","E14001268","E15000006","E24000005","E30000237","E16000150","E07000240","26UGGD","E00120308","26UGGD","E65000001","E01023691","E02004924","5","4B3","E00120308","E01023691","E02004924","E33027402","E38000079","E63011425","C1","6A2",51.826315,-0.378791,"E37000048","","E23000027",32529,"E56000035","E54000025","E00120308","E01023691","E02004924"
"AL5 3GA","AL5  3GA","AL5 3GA","199606","199708","E10000015","E58000624","E07000240","E05013953","E04013284","1","511975","0215307","8","E18000006","E40000007","E92000001","E12000006","5","E14001268","E15000006","E24000005","E30000237","E16000150","E07000240","26UGGD","E00120308","26UGGD","E65000001","E01023691","E02004924","5","4B3","E00120308","E01023691","E02004924","E33027402","E38000079","E63011425","C1","6A2",51.825172,-0.376636,"E37000048","","E23000027",32529,"E56000035","E54000025","E00120308","E01023691","E02004924"
"AL5 3HA","AL5  3HA","AL5 3HA","198001","","E10000015","E58000624","E07000240","E05013953","E04013284","0","511712","0215668","1","E18000006","E40000007","E92000001","E12000006","5","E14001268","E15000006","E24000005","E30000237","E16000150","E07000240","26UGGD","E00120317","26UGGD","E65000001","E01023694","E02004924","5","4D1","E00120317","E01023694","E02004924","E33027400","E38000079","E63011425","C1","6A4",51.828469,-0.380334,"E37000048","","E23000027",32822,"E56000035","E54000025","E00120317","E01023694","E02004924"
"AL5 3HB","AL5  3HB","AL5 3HB","198001","","E10000015","E58000624","E07000240","E05013953","E04013284","0","511480","0215646","1","E18000006","E40000007","E92000001","E12000006","5","E14001268","E15000006","E24000005","E30000237","E16000150","E07000240","26UGGD","E00120317","26UGGD","E65000001","E01023694","E02004924","5","4D1","E00120317","E01023694","E02004924","E33027400","E38000079","E63011425","C1","6A4",51.828317,-0.383706,"E37000048","","E23000027",32822,"E56000035","E54000025","E00120317","E01023694","E02004924"
"AL5 3HD","AL5  3HD","AL5 3HD","198001","","E10000015","E58000624","E07000240","E05013953","E04013284","0","511525","0215662","1","E18000006","E40000007","E92000001","E12000006","5","E14001268","E15000006","E24000005","E30000237","E16000150","E07000240","26UGGD","E00120317","26UGGD","E65000001","E01023694","E02004924","5","4D1","E00120317","E01023694","E02004924","E33027400","E38000079","E63011425","C1","6A4",51.828460,-0.383024,"E37000048","","E23000027",32822,"E56000035","E54000025","E00120317","E01023694","E02004924"
"AL5 3HE","AL5  3HE","AL5 3HE","198001","","E10000015","E58000624","E07000240","E05013953","E04013284","0","511445","0215728","1","E18000006","E40000007","E92000001","E12000006","5","E14001268","E15000006","E24000005","E30000237","E16000150","E07000240","26UGGD","E00120317","26UGGD","E65000001","E01023694","E02004924","5","4D1","E00120317","E01023694","E02004924","E33027400","E38000079","E63011425","C1","6A4",51.829061,-0.384187,"E37000048","","E23000027",32822,"E56000035","E54000025","E00120317","E01023694","E02004924"
"AL5 3HF","AL5  3HF","AL5 3HF","198001","","E10000015","E58000624","E07000240","E05013953","E04013284","0","511582","0215733","1","E18000006","E40000007","E92000001","E12000006","5","E14001268","E15000006","E24000005","E30000237","E16000150","E07000240","26UGGD","E00120317","26UGGD","E65000001","E01023694","E02004924","5","4D1","E00120317","E01023694","E02004924","E33027400","E38000079","E63011425","C1","6A4",51.829079,-0.382198,"E37000048","","E23000027",32822,"E56000035","E54000025","E00120317","E01023694","E02004924"
"AL5 3HG","AL5  3HG","AL5 3HG","198001","","E10000015","E58000624","E07000240","E05013953","E04013284","0","511702","0215711","1","E18000006","E40000007","E92000001","E12000006","5","E14001268","E15000006","E24000005","E30000237","E16000150","E07000240","26UGGD","E00120317","26UGGD","E65000001","E01023694","E02004924","5","4D1","E00120317","E01023694","E02004924","E33027400","E38000079","E63011425","C1","6A4",51.828857,-0.380465,"E37000048","","E23000027",32822,"E56000035","E54000025","E00120317","E01023694","E02004924"
"AL5 3HH","AL5  3HH","AL5 3HH","198001","","E10000015","E58000624","E07000240","E05013953","E04013284","0","511991","0215372","1","E18000006","E40000007","E92000001","E12000006","5","E14001268","E15000006","E24000005","E30000237","E16000150","E07000240","26UGGD","E00120308","26UGGD","E65000001","E01023691","E02004924","5","4B3","E00120308","E01023691","E02004924","E33027402","E38000079","E63011425","C1","6A2",51.825753,-0.376383,"E37000048","","E23000027",32529,"E56000035","E54000025","E00120308","E01023691","E02004924"
"AL5 3HJ","AL5  3HJ","AL5 3HJ","198001","","E10000015","E58000624","E07000240","E05013953","E04013284","0","511925","0215473","1","E18000006","E40000007","E92000001","E12000006","5","E14001268","E15000006","E24000005","E30000237","E16000150","E07000240","26UGGD","E00120308","26UGGD","E65000001","E01023691","E02004924","5","4B3","E00120308","E01023691","E02004924","E33027402","E38000079","E63011425","C1","6A2",51.826674,-0.377307,"E37000048","","E23000027",32529,"E56000035","E54000025","E00120308","E01023691","E02004924"
"AL5 3HL","AL5  3HL","AL5 3HL","198001","199606","E10000015","E58000624","E07000240","E05013953","E04013284","0","511500","0215500","8","E18000006","E40000007","E92000001","E12000006","5","E14001268","E15000006","E24000005","E30000237","E16000150","E07000240","26UGGD","E00120306","26UGGD","E65000001","E01023694","E02004924","5","4B3","E00120306","E01023694","E02004924","E33027400","E38000079","E63011425","C1","6A2",51.827001,-0.383463,"E37000048","","E23000027",32822,"E56000035","E54000025","E00189433","E01023694","E02004924"
"AL5 3HN","AL5  3HN","AL5 3HN","198001","","E10000015","E58000624","E07000240","E05013953","E04013284","0","511659","0215567","1","E18000006","E40000007","E92000001","E12000006","5","E14001268","E15000006","E24000005","E30000237","E16000150","E07000240","26UGGD","E00120306","26UGGD","E65000001","E01023694","E02004924","5","4B3","E00120306","E01023694","E02004924","E33027400","E38000079","E63011425","C1","6A2",51.827572,-0.381135,"E37000048","","E23000027",32822,"E56000035","E54000025","E00189336","E01023694","E02004924"
"AL5 3HP","AL5  3HP","AL5 3HP","198001","","E10000015","E58000624","E07000240","E05013953","E04013284","0","511443","0215589","1","E18000006","E40000007","E92000001","E12000006","5","E14001268","E15000006","E24000005","E30000237","E16000150","E07000240","26UGGD","E00120317","26UGGD","E65000001","E01023694","E02004924","5","4D1","E00120317","E01023694","E02004924","E33027400","E38000079","E63011425","C1","6A4",51.827813,-0.384261,"E37000048","","E23000027",32822,"E56000035","E54000025","E00120317","E01023694","E02004924"
"AL5 3HQ","AL5  3HQ","AL5 3HQ","198001","","E10000015","E58000624","E07000240","E05013953","E04013284","0","511904","0215564","1","E18000006","E40000007","E92000001","E12000006","5","E14001268","E15000006","E24000005","E30000237","E16000150","E07000240","26UGGD","E00120322","26UGGD","E65000001","E01023691","E02004924","5","4D2","E00120322","E01023691","E02004924","E33027400","E38000079","E63011425","C1","6A1",51.827503,-0.377558,"E37000048","","E23000027",32529,"E56000035","E54000025","E00120322","E01023691","E02004924"
"AL5 3HR","AL5  3HR","AL5 3HR","198106","","E10000015","E58000624","E07000240","E05013953","E04013284","0","511498","0215506","1","E18000006","E40000007","E92000001","E12000006","5","E14001268","E15000006","E24000005","E30000237","E16000150","E07000240","26UGGD","E00120306","26UGGD","E65000001","E01023694","E02004924","5","4B3","E00120306","E01023694","E02004924","E33027400","E38000079","E63011425","C1","6A2",51.827056,-0.383490,"E37000048","","E23000027",32822,"E56000035","E54000025","E00189433","E01023694","E02004924"
"AL5 3HS","AL5  3HS","AL5 3HS","199101","","E10000015","E58000624","E07000240","E05013953","E04013284","0","511571","0215591","1","E18000006","E40000007","E92000001","E12000006","5","E14001268","E15000006","E24000005","E30000237","E16000150","E07000240","26UGGD","E00120306","26UGGD","E65000001","E01023694","E02004924","5","4B3","E00120306","E01023694","E02004924","E33027400","E38000079","E63011425","C1","6A2",51.827805,-0.382404,"E37000048","","E23000027",32822,"E56000035","E54000025","E00189433","E01023694","E02004924"
"AL5 3HT","AL5  3HT","AL5 3HT","198504","","E10000015","E58000624","E07000240","E05013953","E04013284","0","511614","0215653","1","E18000006","E40000007","E92000001","E12000006","5","E14001268","E15000006","E24000005","E30000237","E16000150","E07000240","26UGGD","E00120317","26UGGD","E65000001","E01023694","E02004924","5","4D1","E00120317","E01023694","E02004924","E33027400","E38000079","E63011425","C1","6A4",51.828354,-0.381760,"E37000048","","E23000027",32822,"E56000035","E54000025","E00120317","E01023694","E02004924"
"AL5 3HU","AL5  3HU","AL5 3HU","199512","199706","E10000015","E58000624","E07000240","E05013953","E04013284","1","511540","0215594","8","E18000006","E40000007","E92000001","E12000006","5","E14001268","E15000006","E24000005","E30000237","E16000150","E07000240","26UGGD","E00120306","26UGGD","E65000001","E01023694","E02004924","5","4B3","E00120306","E01023694","E02004924","E33027400","E38000079","E63011425","C1","6A2",51.827838,-0.382852,"E37000048","","E23000027",32822,"E56000035","E54000025","E00189433","E01023694","E02004924"
"AL5 3HW","AL5  3HW","AL5 3HW","198001","","E10000015","E58000624","E07000240","E05013953","E04013284","0","511505","0215574","1","E18000006","E40000007","E92000001","E12000006","5","E14001268","E15000006","E24000005","E30000237","E16000150","E07000240","26UGGD","E00120306","26UGGD","E65000001","E01023694","E02004924","5","4B3","E00120306","E01023694","E02004924","E33027400","E38000079","E63011425","C1","6A2",51.827665,-0.383366,"E37000048","","E23000027",32822,"E56000035","E54000025","E00189433","E01023694","E02004924"
"AL5 3JF","AL5  3JF","AL5 3JF","199308","199507","E10000015","E58000624","E07000240","E05013953","E04013284","1","511400","0215500","8","E18000006","E40000007","E92000001","E12000006","5","E14001268","E15000006","E24000005","E30000237","E16000150","E07000240","26UGGD","E00120306","26UGGD","E65000001","E01023694","E02004924","5","4B3","E00120306","E01023694","E02004924","E33027400","E38000079","E63011425","C1","6A2",51.827021,-0.384913,"E37000048","","E23000027",32822,"E56000035","E54000025","E00189433","E01023694","E02004924"
"AL5 3JG","AL5  3JG","AL5 3JG","200106","200510","E10000015","E58000626","E07000240","E05013955","E04013284","1","513594","0214185","1","E18000006","E40000007","E92000001","E12000006","5","E14001268","E15000006","E24000005","E30000237","E16000150","E07000240","26UGGF","E00120354","26UGGF","E65000001","E01023701","E02004926","5","6D2","E00120354","E01023701","E02004926","E33024309","E38000079","E63011425","C1","5B1",51.814762,-0.353522,"E37000048","","E23000027",29552,"E56000035","E54000025","E00120354","E01023701","E02004926"
"AL5 3LA","AL5  3LA","AL5 3LA","198001","","E10000015","E58000624","E07000240","E05013953","E04013284","0","512224","0215590","1","E18000006","E40000007","E92000001","E12000006","5","E14001268","E15000006","E24000005","E30000237","E16000150","E07000240","26UGGD","E00120320","26UGGD","E65000001","E01023691","E02004924","5","4D1","E00120320","E01023691","E02004924","E33027400","E38000079","E63011425","C1","5A2",51.827665,-0.372932,"E37000048","","E23000027",32529,"E56000035","E54000025","E00120320","E01023691","E02004924"
"AL5 3LB","AL5  3LB","AL5 3LB","199706","200607","E10000015","E58000624","E07000240","E05013953","E04013284","1","512200","0215600","5","E18000006","E40000007","E92000001","E12000006","5","E14001268","E15000006","E24000005","E30000237","E16000150","E07000240","26UGGD","E00120320","26UGGD","E65000001","E01023691","E02004924","5","4D1","E00120320","E01023691","E02004924","E33027400","E38000079","E63011425","C1","5A2",51.827760,-0.373277,"E37000048","","E23000027",32529,"E56000035","E54000025","E00120320","E01023691","E02004924"
"AL5 3LD","AL5  3LD","AL5 3LD","199208","200708","E10000015","E58000626","E07000240","E05013955","E04013284","1","513594","0214185","1","E18000006","E40000007","E92000001","E12000006","5","E14001268","E15000006","E24000005","E30000237","E16000150","E07000240","26UGGF","E00120354","26UGGF","E65000001","E01023701","E02004926","5","6D2","E00120354","E01023701","E02004926","E33024309","E38000079","E63011425","C1","5B1",51.814762,-0.353522,"E37000048","","E23000027",29552,"E56000035","E54000025","E00120354","E01023701","E02004926"
"AL5 3LE","AL5  3LE","AL5 3LE","198001","","E10000015","E58000624","E07000240","E05013953","E04013284","0","512161","0215541","1","E18000006","E40000007","E92000001","E12000006","5","E14001268","E15000006","E24000005","E30000237","E16000150","E07000240","26UGGD","E00120322","26UGGD","E65000001","E01023691","E02004924","5","4D2","E00120322","E01023691","E02004924","E33027400","E38000079","E63011425","C1","6A1",51.827238,-0.373862,"E37000048","","E23000027",32529,"E56000035","E54000025","E00120322","E01023691","E02004924"
"AL5 3LF","AL5  3LF","AL5 3LF","198001","","E10000015","E58000624","E07000240","E05013953","E04013284","0","512156","0215537","1","E18000006","E40000007","E92000001","E12000006","5","E14001268","E15000006","E24000005","E30000237","E16000150","E07000240","26UGGD","E00120322","26UGGD","E65000001","E01023691","E02004924","5","4D2","E00120322","E01023691","E02004924","E33027400","E38000079","E63011425","C1","6A1",51.827203,-0.373936,"E37000048","","E23000027",32529,"E56000035","E54000025","E00120322","E01023691","E02004924"
"AL5 3LG","AL5  3LG","AL5 3LG","198001","","E10000015","E58000624","E07000240","E05013953","E04013284","0","512176","0215456","1","E18000006","E40000007","E92000001","E12000006","5","E14001268","E15000006","E24000005","E30000237","E16000150","E07000240","26UGGD","E00120322","26UGGD","E65000001","E01023691","E02004924","5","4D2","E00120322","E01023691","E02004924","E33027400","E38000079","E63011425","C1","6A1",51.826471,-0.373672,"E37000048","","E23000027",32529,"E56000035","E54000025","E00120322","E01023691","E02004924"
"AL5 3LH","AL5  3LH","AL5 3LH","198001","","E10000015","E58000624","E07000240","E05013953","E04013284","0","512041","0215453","1","E18000006","E40000007","E92000001","E12000006","5","E14001268","E15000006","E24000005","E30000237","E16000150","E07000240","26UGGD","E00120322","26UGGD","E65000001","E01023691","E02004924","5","4D2","E00120322","E01023691","E02004924","E33027400","E38000079","E63011425","C1","6A1",51.826471,-0.375631,"E37000048","","E23000027",32529,"E56000035","E54000025","E00120322","E01023691","E02004924"
"AL5 3LJ","AL5  3LJ","AL5 3LJ","198001","","E10000015","E58000624","E07000240","E05013953","E04013284","0","512047","0215410","1","E18000006","E40000007","E92000001","E12000006","5","E14001268","E15000006","E24000005","E30000237","E16000150","E07000240","26UGGD","E00120308","26UGGD","E65000001","E01023691","E02004924","5","4B3","E00120308","E01023691","E02004924","E33027402","E38000079","E63011425","C1","6A2",51.826083,-0.375558,"E37000048","","E23000027",32529,"E56000035","E54000025","E00120308","E01023691","E02004924"
"AL5 3LL","AL5  3LL","AL5 3LL","198001","","E10000015","E58000624","E07000240","E05013953","E04013284","0","512137","0215407","1","E18000006","E40000007","E92000001","E12000006","5","E14001268","E15000006","E24000005","E30000237","E16000150","E07000240","26UGGD","E00120322","26UGGD","E65000001","E01023691","E02004924","5","4D2","E00120322","E01023691","E02004924","E33027400","E38000079","E63011425","C1","6A1",51.826038,-0.374254,"E37000048","","E23000027",32529,"E56000035","E54000025","E00120322","E01023691","E02004924"
"AL5 3LN","AL5  3LN","AL5 3LN","198001","","E10000015","E58000624","E07000240","E05013953","E04013284","0","512213","0215668","1","E18000006","E40000007","E92000001","E12000006","5","E14001268","E15000006","E24000005","E30000237","E16000150","E07000240","26UGGD","E00120322","26UGGD","E65000001","E01023691","E02004924","5","4D2","E00120322","E01023691","E02004924","E33027400","E38000079","E63011425","C1","6A1",51.828369,-0.373067,"E37000048","","E23000027",32529,"E56000035","E54000025","E00120322","E01023691","E02004924"
"AL5 3LP","AL5  3LP","AL5 3LP","198001","","E10000015","E58000624","E07000240","E05013953","E04013284","0","511956","0215720","1","E18000006","E40000007","E92000001","E12000006","5","E14001268","E15000006","E24000005","E30000237","E16000150","E07000240","26UGGD","E00120320","26UGGD","E65000001","E01023691","E02004924","5","4D1","E00120320","E01023691","E02004924","E33027400","E38000079","E63011425","C1","5A2",51.828887,-0.376778,"E37000048","","E23000027",32529,"E56000035","E54000025","E00120320","E01023691","E02004924"
"AL5 3LQ","AL5  3LQ","AL5 3LQ","198001","","E10000015","E58000624","E07000240","E05013953","E04013284","0","512064","0215574","1","E18000006","E40000007","E92000001","E12000006","5","E14001268","E15000006","E24000005","E30000237","E16000150","E07000240","26UGGD","E00120320","26UGGD","E65000001","E01023691","E02004924","5","4D1","E00120320","E01023691","E02004924","E33027400","E38000079","E63011425","C1","5A2",51.827561,-0.375234,"E37000048","","E23000027",32529,"E56000035","E54000025","E00120320","E01023691","E02004924"
"AL5 3LR","AL5  3LR","AL5 3LR","198001","","E10000015","E58000624","E07000240","E05013953","E04013284","0","511899","0215766","1","E18000006","E40000007","E92000001","E12000006","5","E14001268","E15000006","E24000005","E30000237","E16000150","E07000240","26UGGD","E00120320","26UGGD","E65000001","E01023691","E02004924","5","4D1","E00120320","E01023691","E02004924","E33027400","E38000079","E63011425","C1","5A2",51.829312,-0.377590,"E37000048","","E23000027",32529,"E56000035","E54000025","E00120320","E01023691","E02004924"
"AL5 3LS","AL5  3LS","AL5 3LS","198001","","E10000015","E58000624","E07000240","E05013953","E04013284","0","511914","0215634","1","E18000006","E40000007","E92000001","E12000006","5","E14001268","E15000006","E24000005","E30000237","E16000150","E07000240","26UGGD","E00120322","26UGGD","E65000001","E01023691","E02004924","5","4D2","E00120322","E01023691","E02004924","E33027400","E38000079","E63011425","C1","6A1",51.828123,-0.377415,"E37000048","","E23000027",32529,"E56000035","E54000025","E00120322","E01023691","E02004924"
"AL5 3LT","AL5  3LT","AL5 3LT","198001","","E10000015","E58000624","E07000240","E05013953","E04013284","0","512050","0215641","1","E18000006","E40000007","E92000001","E12000006","5","E14001268","E15000006","E24000005","E30000237","E16000150","E07000240","26UGGD","E00120320","26UGGD","E65000001","E01023691","E02004924","5","4D1","E00120320","E01023691","E02004924","E33027400","E38000079","E63011425","C1","5A2",51.828159,-0.375440,"E37000048","","E23000027",32529,"E56000035","E54000025","E00120320","E01023691","E02004924"
"AL5 3LU","AL5  3LU","AL5 3LU","198001","","E10000015","E58000624","E07000240","E05013953","E04013284","0","512153","0215614","1","E18000006","E40000007","E92000001","E12000006","5","E14001268","E15000006","E24000005","E30000237","E16000150","E07000240","26UGGD","E00120320","26UGGD","E65000001","E01023691","E02004924","5","4D1","E00120320","E01023691","E02004924","E33027400","E38000079","E63011425","C1","5A2",51.827895,-0.373955,"E37000048","","E23000027",32529,"E56000035","E54000025","E00120320","E01023691","E02004924"
"AL5 3LW","AL5  3LW","AL5 3LW","198001","","E10000015","E58000624","E07000240","E05013953","E04013284","0","512002","0215759","1","E18000006","E40000007","E92000001","E12000006","5","E14001268","E15000006","E24000005","E30000237","E16000150","E07000240","26UGGD","E00120320","26UGGD","E65000001","E01023691","E02004924","5","4D1","E00120320","E01023691","E02004924","E33027400","E38000079","E63011425","C1","5A2",51.829229,-0.376098,"E37000048","","E23000027",32529,"E56000035","E54000025","E00120320","E01023691","E02004924"
"AL5 3LX","AL5  3LX","AL5 3LX","198001","","E10000015","E58000624","E07000240","E05013953","E04013284","0","511776","0215777","1","E18000006","E40000007","E92000001","E12000006","5","E14001268","E15000006","E24000005","E30000237","E16000150","E07000240","26UGGD","E00120319","26UGGD","E65000001","E01023694","E02004924","5","4D2","E00120319","E01023694","E02004924","E33027400","E38000079","E63011425","C1","6A4",51.829436,-0.379370,"E37000048","","E23000027",32822,"E56000035","E54000025","E00120319","E01023694","E02004924"
"AL5 3LY","AL5  3LY","AL5 3LY","198001","","E10000015","E58000624","E07000240","E05013953","E04013284","0","511847","0215779","1","E18000006","E40000007","E92000001","E12000006","5","E14001268","E15000006","E24000005","E30000237","E16000150","E07000240","26UGGD","E00120320","26UGGD","E65000001","E01023691","E02004924","5","4D1","E00120320","E01023691","E02004924","E33027400","E38000079","E63011425","C1","5A2",51.829440,-0.378340,"E37000048","","E23000027",32529,"E56000035","E54000025","E00120320","E01023691","E02004924"
"AL5 3LZ","AL5  3LZ","AL5 3LZ","198001","","E10000015","E58000624","E07000240","E05013953","E04013284","0","511829","0215848","1","E18000006","E40000007","E92000001","E12000006","5","E14001268","E15000006","E24000005","E30000237","E16000150","E07000240","26UGGD","E00120319","26UGGD","E65000001","E01023694","E02004924","5","4D2","E00120319","E01023694","E02004924","E33027400","E38000079","E63011425","C1","6A4",51.830063,-0.378579,"E37000048","","E23000027",32822,"E56000035","E54000025","E00120319","E01023694","E02004924"
"AL5 3NA","AL5  3NA","AL5 3NA","198001","","E10000015","E58000624","E07000240","E05013953","E04013284","0","511671","0215857","1","E18000006","E40000007","E92000001","E12000006","5","E14001268","E15000006","E24000005","E30000237","E16000150","E07000240","26UGGD","E00120319","26UGGD","E65000001","E01023694","E02004924","5","4D2","E00120319","E01023694","E02004924","E33027400","E38000079","E63011425","C1","6A4",51.830176,-0.380867,"E37000048","","E23000027",32822,"E56000035","E54000025","E00120319","E01023694","E02004924"
"AL5 3NB","AL5  3NB","AL5 3NB","198001","","E10000015","E58000624","E07000240","E05013953","E04013284","0","511555","0215895","1","E18000006","E40000007","E92000001","E12000006","5","E14001268","E15000006","E24000005","E30000237","E16000150","E07000240","26UGGD","E00120319","26UGGD","E65000001","E01023694","E02004924","5","4D2","E00120319","E01023694","E02004924","E33027400","E38000079","E63011425","C1","6A4",51.830540,-0.382538,"E37000048","","E23000027",32822,"E56000035","E54000025","E00120319","E01023694","E02004924"
"AL5 3ND","AL5  3ND","AL5 3ND","198001","","E10000015","E58000624","E07000240","E05013953","E04013284","0","511580","0215857","1","E18000006","E40000007","E92000001","E12000006","5","E14001268","E15000006","E24000005","E30000237","E16000150","E07000240","26UGGD","E00120319","26UGGD","E65000001","E01023694","E02004924","5","4D2","E00120319","E01023694","E02004924","E33027400","E38000079","E63011425","C1","6A4",51.830194,-0.382187,"E37000048","","E23000027",32822,"E56000035","E54000025","E00120319","E01023694","E02004924"
"AL5 3NE","AL5  3NE","AL5 3NE","198001","","E10000015","E58000624","E07000240","E05013953","E04013284","0","511476","0215790","1","E18000006","E40000007","E92000001","E12000006","5","E14001268","E15000006","E24000005","E30000237","E16000150","E07000240","26UGGD","E00120316","26UGGD","E65000001","E01023694","E02004924","5","4D1","E00120316","E01023694","E02004924","E33027400","E38000079","E63011425","C1","6A4",51.829612,-0.383718,"E37000048","","E23000027",32822,"E56000035","E54000025","E00120316","E01023694","E02004924"
"AL5 3NF","AL5  3NF","AL5 3NF","198001","","E10000015","E58000624","E07000240","E05013953","E04013284","0","511528","0216005","1","E18000006","E40000007","E92000001","E12000006","5","E14001268","E15000006","E24000005","E30000237","E16000150","E07000240","26UGGD","E00120316","26UGGD","E65000001","E01023694","E02004924","5","4D1","E00120316","E01023694","E02004924","E33027400","E38000079","E63011425","C1","6A4",51.831534,-0.382894,"E37000048","","E23000027",32822,"E56000035","E54000025","E00120316","E01023694","E02004924"
"AL5 3NG","AL5  3NG","AL5 3NG","201804","","E99999999","E99999999","E06000056","E05014400","E04011962","0","511517","0216070","1","E18000006","E40000007","E92000001","E12000006","5","E14001346","E15000006","E24000004","E30000237","E16000104","E06000056","09UEGE","E00088655","09UEGE","E65000001","E01017564","E02003651","8","3C2","E00088655","E01017564","E02003651","E33023557","E38000249","E63011425","F1","1C1",51.832128,-0.383008,"E37000057","","E23000026",19950,"E56000035","E54000024","E00088655","E01017564","E02003651"
"AL5 3NH","AL5  3NH","AL5 3NH","198001","","E10000015","E58000624","E07000240","E05013953","E04013284","0","511884","0215707","1","E18000006","E40000007","E92000001","E12000006","5","E14001268","E15000006","E24000005","E30000237","E16000150","E07000240","26UGGD","E00120320","26UGGD","E65000001","E01023691","E02004924","5","4D1","E00120320","E01023691","E02004924","E33027400","E38000079","E63011425","C1","5A2",51.828785,-0.377826,"E37000048","","E23000027",32529,"E56000035","E54000025","E00120320","E01023691","E02004924"
"AL5 3NJ","AL5  3NJ","AL5 3NJ","199501","","E10000015","E58000625","E07000240","E05013953","E04004804","0","510642","0216377","1","E18000006","E40000007","E92000001","E12000006","5","E14001268","E15000006","E24000005","E30000237","E16000150","E07000240","26UGGL","E00120457","26UGGL","E65000001","E01023725","E02004929","5","3C1","E00120457","E01023725","E02004929","E33027420","E38000079","","C1","1B2",51.835054,-0.395628,"E37000048","","E23000027",28225,"E56000035","E54000025","E00120457","E01023725","E02004929"
"AL5 3NL","AL5  3NL","AL5 3NL","198704","","E10000015","E58000624","E07000240","E05013953","E04013284","0","512237","0215557","1","E18000006","E40000007","E92000001","E12000006","5","E14001268","E15000006","E24000005","E30000237","E16000150","E07000240","26UGGD","E00120322","26UGGD","E65000001","E01023691","E02004924","5","4D2","E00120322","E01023691","E02004924","E33027400","E38000079","E63011425","C1","6A1",51.827366,-0.372755,"E37000048","","E23000027",32529,"E56000035","E54000025","E00120322","E01023691","E02004924"
"AL5 3NN","AL5  3NN","AL5 3NN","198704","","E10000015","E58000624","E07000240","E05013953","E04013284","0","512284","0215510","1","E18000006","E40000007","E92000001","E12000006","5","E14001268","E15000006","E24000005","E30000237","E16000150","E07000240","26UGGD","E00120322","26UGGD","E65000001","E01023691","E02004924","5","4D2","E00120322","E01023691","E02004924","E33027400","E38000079","E63011425","C1","6A1",51.826934,-0.372088,"E37000048","","E23000027",32529,"E56000035","E54000025","E00120322","E01023691","E02004924"
"AL5 3NP","AL5  3NP","AL5 3NP","198001","","E10000015","E58000624","E07000240","E05013953","E04013284","0","512568","0215677","1","E18000006","E40000007","E92000001","E12000006","5","E14001268","E15000006","E24000005","E30000237","E16000150","E07000240","26UGGD","E00120303","26UGGD","E65000001","E01023690","E02004924","5","3C2","E00120303","E01023690","E02004924","E33027401","E38000079","","C1","5B1",51.828378,-0.367915,"E37000048","","E23000027",32556,"E56000035","E54000025","E00120303","E01023690","E02004924"
"AL5 3NQ","AL5  3NQ","AL5 3NQ","199002","200103","E10000015","E58000624","E07000240","E05013953","E04013284","1","511932","0215459","6","E18000006","E40000007","E92000001","E12000006","5","E14001268","E15000006","E24000005","E30000237","E16000150","E07000240","26UGGD","E00120308","26UGGD","E65000001","E01023691","E02004924","5","4B3","E00120308","E01023691","E02004924","E33027402","E38000079","E63011425","C1","6A2",51.826547,-0.377210,"E37000048","","E23000027",32529,"E56000035","E54000025","E00120308","E01023691","E02004924"
"AL5 3NR","AL5  3NR","AL5 3NR","198001","","E10000015","E58000624","E07000240","E05013953","E04013284","0","512762","0216081","1","E18000006","E40000007","E92000001","E12000006","5","E14001268","E15000006","E24000005","E30000237","E16000150","E07000240","26UGGD","E00120303","26UGGD","E65000001","E01023690","E02004924","5","3C2","E00120303","E01023690","E02004924","E33027401","E38000079","","C1","5B1",51.831970,-0.364969,"E37000048","","E23000027",32556,"E56000035","E54000025","E00120303","E01023690","E02004924"
"AL5 3NS","AL5  3NS","AL5 3NS","198001","","E99999999","E99999999","E06000056","E05014400","E04011962","0","511977","0216212","1","E18000006","E40000007","E92000001","E12000006","5","E14001346","E15000006","E24000004","E30000237","E16000104","E06000056","09UEGE","E00088655","09UEGE","E65000001","E01017564","E02003651","8","3C2","E00088655","E01017564","E02003651","E33023557","E38000249","","F1","1C1",51.833312,-0.376290,"E37000057","","E23000026",19950,"E56000035","E54000024","E00088655","E01017564","E02003651"
"AL5 3NT","AL5  3NT","AL5 3NT","198001","","E10000015","E58000624","E07000240","E05013953","E04013284","0","511391","0215966","1","E18000006","E40000007","E92000001","E12000006","5","E14001268","E15000006","E24000005","E30000237","E16000150","E07000240","26UGGD","E00120316","26UGGD","E65000001","E01023694","E02004924","5","4D1","E00120316","E01023694","E02004924","E33027400","E38000079","E63011425","C1","6A4",51.831211,-0.384894,"E37000048","","E23000027",32822,"E56000035","E54000025","E00120316","E01023694","E02004924"
"AL5 3NU","AL5  3NU","AL5 3NU","198001","","E10000015","E58000624","E07000240","E05013953","E04013284","0","511254","0215866","1","E18000006","E40000007","E92000001","E12000006","5","E14001268","E15000006","E24000005","E30000237","E16000150","E07000240","26UGGD","E00120316","26UGGD","E65000001","E01023694","E02004924","5","4D1","E00120316","E01023694","E02004924","E33027400","E38000079","E63011425","C1","6A4",51.830340,-0.386913,"E37000048","","E23000027",32822,"E56000035","E54000025","E00120316","E01023694","E02004924"
"AL5 3NX","AL5  3NX","AL5 3NX","198001","","E10000015","E58000624","E07000240","E05013953","E04013284","0","511273","0215693","1","E18000006","E40000007","E92000001","E12000006","5","E14001268","E15000006","E24000005","E30000237","E16000150","E07000240","26UGGD","E00120316","26UGGD","E65000001","E01023694","E02004924","5","4D1","E00120316","E01023694","E02004924","E33027400","E38000079","E63011425","C1","6A4",51.828788,-0.386669,"E37000048","","E23000027",32822,"E56000035","E54000025","E00120316","E01023694","E02004924"
"AL5 3NY","AL5  3NY","AL5 3NY","198001","","E10000015","E58000624","E07000240","E05013953","E04013284","0","511381","0215670","1","E18000006","E40000007","E92000001","E12000006","5","E14001268","E15000006","E24000005","E30000237","E16000150","E07000240","26UGGD","E00120316","26UGGD","E65000001","E01023694","E02004924","5","4D1","E00120316","E01023694","E02004924","E33027400","E38000079","E63011425","C1","6A4",51.828553,-0.385134,"E37000048","","E23000027",32822,"E56000035","E54000025","E00120316","E01023694","E02004924"
"AL5 3NZ","AL5  3NZ","AL5 3NZ","198001","","E10000015","E58000624","E07000240","E05013953","E04013284","0","511387","0215777","1","E18000006","E40000007","E92000001","E12000006","5","E14001268","E15000006","E24000005","E30000237","E16000150","E07000240","26UGGD","E00120316","26UGGD","E65000001","E01023694","E02004924","5","4D1","E00120316","E01023694","E02004924","E33027400","E38000079","E63011425","C1","6A4",51.829513,-0.385013,"E37000048","","E23000027",32822,"E56000035","E54000025","E00120316","E01023694","E02004924"
"AL5 3PA","AL5  3PA","AL5 3PA","198001","","E10000015","E58000624","E07000240","E05013953","E04013284","0","511294","0215820","1","E18000006","E40000007","E92000001","E12000006","5","E14001268","E15000006","E24000005","E30000237","E16000150","E07000240","26UGGD","E00120316","26UGGD","E65000001","E01023694","E02004924","5","4D1","E00120316","E01023694","E02004924","E33027400","E38000079","E63011425","C1","6A4",51.829918,-0.386348,"E37000048","","E23000027",32822,"E56000035","E54000025","E00120316","E01023694","E02004924"
"AL5 3PB","AL5  3PB","AL5 3PB","198001","","E10000015","E58000624","E07000240","E05013953","E04013284","0","511428","0215928","1","E18000006","E40000007","E92000001","E12000006","5","E14001268","E15000006","E24000005","E30000237","E16000150","E07000240","26UGGD","E00120316","26UGGD","E65000001","E01023694","E02004924","5","4D1","E00120316","E01023694","E02004924","E33027400","E38000079","E63011425","C1","6A4",51.830862,-0.384369,"E37000048","","E23000027",32822,"E56000035","E54000025","E00120316","E01023694","E02004924"
"AL5 3PD","AL5  3PD","AL5 3PD","198001","","E10000015","E58000625","E07000240","E05013953","E04004804","0","511259","0215929","1","E18000006","E40000007","E92000001","E12000006","5","E14001268","E15000006","E24000005","E30000237","E16000150","E07000240","26UGGL","E00120457","26UGGL","E65000001","E01023725","E02004929","5","3C1","E00120457","E01023725","E02004929","E33027420","E38000079","E63011425","C1","1B2",51.830905,-0.386821,"E37000048","","E23000027",28225,"E56000035","E54000025","E00120457","E01023725","E02004929"
"AL5 3PE","AL5  3PE","AL5 3PE","198001","","E10000015","E58000625","E07000240","E05013953","E04004804","0","511011","0215931","1","E18000006","E40000007","E92000001","E12000006","5","E14001268","E15000006","E24000005","E30000237","E16000150","E07000240","26UGGL","E00120457","26UGGL","E65000001","E01023725","E02004929","5","3C1","E00120457","E01023725","E02004929","E33027420","E38000079","E63011411","C1","1B2",51.830972,-0.390417,"E37000048","","E23000027",28225,"E56000035","E54000025","E00120457","E01023725","E02004929"
"AL5 3PF","AL5  3PF","AL5 3PF","198001","","E10000015","E58000625","E07000240","E05013953","E04004804","0","510707","0215811","1","E18000006","E40000007","E92000001","E12000006","5","E14001268","E15000006","E24000005","E30000237","E16000150","E07000240","26UGGL","E00120457","26UGGL","E65000001","E01023725","E02004929","5","3C1","E00120457","E01023725","E02004929","E33027420","E38000079","E63011411","C1","1B2",51.829954,-0.394866,"E37000048","","E23000027",28225,"E56000035","E54000025","E00120457","E01023725","E02004929"
"AL5 3PG","AL5  3PG","AL5 3PG","198001","","E10000015","E58000624","E07000240","E05013953","E04013284","0","511318","0215081","1","E18000006","E40000007","E92000001","E12000006","5","E14001268","E15000006","E24000005","E30000237","E16000150","E07000240","26UGGD","E00120306","26UGGD","E65000001","E01023694","E02004924","5","4B3","E00120306","E01023694","E02004924","E33027400","E38000079","","C1","6A2",51.823279,-0.386213,"E37000048","","E23000027",32822,"E56000035","E54000025","E00189433","E01023694","E02004924"
"AL5 3PH","AL5  3PH","AL5 3PH","198001","","E10000015","E58000625","E07000240","E05013953","E04004804","0","510671","0215752","1","E18000006","E40000007","E92000001","E12000006","5","E14001268","E15000006","E24000005","E30000237","E16000150","E07000240","26UGGL","E00120457","26UGGL","E65000001","E01023725","E02004929","5","3C1","E00120457","E01023725","E02004929","E33027420","E38000079","E63011411","C1","1B2",51.829431,-0.395407,"E37000048","","E23000027",28225,"E56000035","E54000025","E00120457","E01023725","E02004929"
"AL5 3PJ","AL5  3PJ","AL5 3PJ","198001","","E10000015","E58000625","E07000240","E05013953","E04004804","0","510548","0215867","1","E18000006","E40000007","E92000001","E12000006","5","E14001268","E15000006","E24000005","E30000237","E16000150","E07000240","26UGGL","E00120457","26UGGL","E65000001","E01023725","E02004929","5","3C1","E00120457","E01023725","E02004929","E33027420","E38000079","E63011411","C1","1B2",51.830496,-0.397130,"E37000048","","E23000027",28225,"E56000035","E54000025","E00120457","E01023725","E02004929"
"AL5 3PL","AL5  3PL","AL5 3PL","198001","","E10000015","E58000625","E07000240","E05013953","E04004804","0","510434","0215852","1","E18000006","E40000007","E92000001","E12000006","5","E14001268","E15000006","E24000005","E30000237","E16000150","E07000240","26UGGL","E00120457","26UGGL","E65000001","E01023725","E02004929","5","3C1","E00120457","E01023725","E02004929","E33027420","E38000079","E63011411","C1","1B2",51.830384,-0.398788,"E37000048","","E23000027",28225,"E56000035","E54000025","E00120457","E01023725","E02004929"
"AL5 3PN","AL5  3PN","AL5 3PN","198001","","E10000015","E58000625","E07000240","E05013953","E04004804","0","510378","0215905","1","E18000006","E40000007","E92000001","E12000006","5","E14001268","E15000006","E24000005","E30000237","E16000150","E07000240","26UGGL","E00120457","26UGGL","E65000001","E01023725","E02004929","5","3C1","E00120457","E01023725","E02004929","E33027420","E38000079","E63011411","C1","1B2",51.830864,-0.399608,"E37000048","","E23000027",28225,"E56000035","E54000025","E00120457","E01023725","E02004929"
"AL5 3PP","AL5  3PP","AL5 3PP","198001","","E10000015","E58000625","E07000240","E05013953","E04004804","0","510343","0215971","1","E18000006","E40000007","E92000001","E12000006","5","E14001268","E15000006","E24000005","E30000237","E16000150","E07000240","26UGGL","E00120457","26UGGL","E65000001","E01023725","E02004929","5","3C1","E00120457","E01023725","E02004929","E33027420","E38000079","E63011411","C1","1B2",51.831464,-0.400095,"E37000048","","E23000027",28225,"E56000035","E54000025","E00120457","E01023725","E02004929"
"AL5 3PQ","AL5  3PQ","AL5 3PQ","198001","","E10000015","E58000625","E07000240","E05013953","E04004804","0","510951","0214850","1","E18000006","E40000007","E92000001","E12000006","5","E14001268","E15000006","E24000005","E30000237","E16000150","E07000240","26UGGL","E00120457","26UGGL","E65000001","E01023725","E02004929","5","3C1","E00120457","E01023725","E02004929","E33027420","E38000079","","C1","1B2",51.821276,-0.391610,"E37000048","","E23000027",28225,"E56000035","E54000025","E00120457","E01023725","E02004929"
"AL5 3PR","AL5  3PR","AL5 3PR","198001","","E10000015","E58000625","E07000240","E05013953","E04004804","0","510127","0215684","1","E18000006","E40000007","E92000001","E12000006","5","E14001268","E15000006","E24000005","E30000237","E16000150","E07000240","26UGGL","E00120457","26UGGL","E65000001","E01023725","E02004929","5","3C1","E00120457","E01023725","E02004929","E33027420","E38000079","E63011411","C1","1B2",51.828927,-0.403319,"E37000048","","E23000027",28225,"E56000035","E54000025","E00120457","E01023725","E02004929"
"AL5 3PS","AL5  3PS","AL5 3PS","198001","","E10000015","E58000625","E07000240","E05013953","E04004804","0","510161","0215803","1","E18000006","E40000007","E92000001","E12000006","5","E14001268","E15000006","E24000005","E30000237","E16000150","E07000240","26UGGL","E00120457","26UGGL","E65000001","E01023725","E02004929","5","3C1","E00120457","E01023725","E02004929","E33027420","E38000079","E63011411","C1","1B2",51.829997,-0.402764,"E37000048","","E23000027",28225,"E56000035","E54000025","E00120457","E01023725","E02004929"
"AL5 3PT","AL5  3PT","AL5 3PT","198001","","E10000015","E58000625","E07000240","E05013953","E04004804","0","509859","0215540","1","E18000006","E40000007","E92000001","E12000006","5","E14001268","E15000006","E24000005","E30000237","E16000150","E07000240","26UGGL","E00120457","26UGGL","E65000001","E01023725","E02004929","5","3C1","E00120457","E01023725","E02004929","E33027420","E38000079","E63011411","C1","1B2",51.827693,-0.407228,"E37000048","","E23000027",28225,"E56000035","E54000025","E00120457","E01023725","E02004929"
"AL5 3PU","AL5  3PU","AL5 3PU","198001","","E10000015","E58000625","E07000240","E05013953","E04004804","0","509907","0215941","1","E18000006","E40000007","E92000001","E12000006","5","E14001268","E15000006","E24000005","E30000237","E16000150","E07000240","26UGGL","E00120457","26UGGL","E65000001","E01023725","E02004929","5","3C1","E00120457","E01023725","E02004929","E33027420","E38000079","","C1","1B2",51.831280,-0.406429,"E37000048","","E23000027",28225,"E56000035","E54000025","E00120457","E01023725","E02004929"
"AL5 3PW","AL5  3PW","AL5 3PW","198001","","E10000015","E58000625","E07000240","E05013953","E04004804","0","510475","0216029","1","E18000006","E40000007","E92000001","E12000006","5","E14001268","E15000006","E24000005","E30000237","E16000150","E07000240","26UGGL","E00120457","26UGGL","E65000001","E01023725","E02004929","5","3C1","E00120457","E01023725","E02004929","E33027420","E38000079","E63011411","C1","1B2",51.831959,-0.398161,"E37000048","","E23000027",28225,"E56000035","E54000025","E00120457","E01023725","E02004929"
"AL5 3PX","AL5  3PX","AL5 3PX","198001","201701","E10000015","E58000625","E07000240","E05013953","E04004804","0","509547","0215972","1","E18000006","E40000007","E92000001","E12000006","5","E14001268","E15000006","E24000005","E30000237","E16000150","E07000240","26UGGL","E00120457","26UGGL","E65000001","E01023725","E02004929","5","3C1","E00120457","E01023725","E02004929","E33027420","E38000079","","C1","1B2",51.831629,-0.411641,"E37000048","","E23000027",28225,"E56000035","E54000025","E00120457","E01023725","E02004929"
"AL5 3PY","AL5  3PY","AL5 3PY","198001","","E10000015","E58000625","E07000240","E05013953","E04004804","0","509484","0215975","1","E18000006","E40000007","E92000001","E12000006","5","E14001268","E15000006","E24000005","E30000237","E16000150","E07000240","26UGGL","E00120457","26UGGL","E65000001","E01023725","E02004929","5","3C1","E00120457","E01023725","E02004929","E33027420","E38000079","","C1","1B2",51.831676,-0.412530,"E37000048","","E23000027",28225,"E56000035","E54000025","E00120457","E01023725","E02004929"
"AL5 3PZ","AL5  3PZ","AL5 3PZ","198001","","E10000015","E58000625","E07000240","E05013953","E04004804","0","509585","0216303","1","E18000006","E40000007","E92000001","E12000006","5","E14001268","E15000006","E24000005","E30000237","E16000150","E07000240","26UGGL","E00120457","26UGGL","E65000001","E01023725","E02004929","5","3C1","E00120457","E01023725","E02004929","E33027420","E38000079","","C1","1B2",51.834604,-0.410961,"E37000048","","E23000027",28225,"E56000035","E54000025","E00120457","E01023725","E02004929"
"AL5 3QA","AL5  3QA","AL5 3QA","198001","200702","E10000015","E58000625","E07000240","E05013953","E04004804","0","510691","0216370","1","E18000006","E40000007","E92000001","E12000006","5","E14001268","E15000006","E24000005","E30000237","E16000150","E07000240","26UGGL","E00120457","26UGGL","E65000001","E01023725","E02004929","5","3C1","E00120457","E01023725","E02004929","E33027420","E38000079","","C1","1B2",51.834981,-0.394919,"E37000048","","E23000027",28225,"E56000035","E54000025","E00120457","E01023725","E02004929"
"AL5 3QB","AL5  3QB","AL5 3QB","198001","","E10000015","E58000625","E07000240","E05013953","E04004804","0","510811","0216307","1","E18000006","E40000007","E92000001","E12000006","5","E14001268","E15000006","E24000005","E30000237","E16000150","E07000240","26UGGL","E00120457","26UGGL","E65000001","E01023725","E02004929","5","3C1","E00120457","E01023725","E02004929","E33027420","E38000079","","C1","1B2",51.834399,-0.393174,"E37000048","","E23000027",28225,"E56000035","E54000025","E00120457","E01023725","E02004929"
"AL5 3QD","AL5  3QD","AL5 3QD","201303","","E10000015","E58000624","E07000240","E05013953","E04013284","0","511467","0216013","1","E18000006","E40000007","E92000001","E12000006","5","E14001268","E15000006","E24000005","E30000237","E16000150","E07000240","26UGGD","E00120316","26UGGD","E65000001","E01023694","E02004924","5","4D1","E00120316","E01023694","E02004924","E33027400","E38000079","E63011425","C1","6A4",51.831618,-0.383776,"E37000048","","E23000027",32822,"E56000035","E54000025","E00120316","E01023694","E02004924"
"AL5 3QE","AL5  3QE","AL5 3QE","198001","","E10000015","E58000625","E07000240","E05013953","E04004804","0","511339","0216108","1","E18000006","E40000007","E92000001","E12000006","5","E14001268","E15000006","E24000005","E30000237","E16000150","E07000240","26UGGL","E00120457","26UGGL","E65000001","E01023725","E02004929","5","3C1","E00120457","E01023725","E02004929","E33027420","E38000079","E63011425","C1","1B2",51.832505,-0.385578,"E37000048","","E23000027",28225,"E56000035","E54000025","E00120457","E01023725","E02004929"
"AL5 3QF","AL5  3QF","AL5 3QF","198001","","E99999999","E99999999","E06000056","E05014400","E04011962","0","511370","0216296","1","E18000006","E40000007","E92000001","E12000006","5","E14001346","E15000006","E24000004","E30000237","E16000104","E06000056","09UEGE","E00088655","09UEGE","E65000001","E01017564","E02003651","8","3C2","E00088655","E01017564","E02003651","E33023557","E38000249","","F1","1C1",51.834189,-0.385068,"E37000057","","E23000026",19950,"E56000035","E54000024","E00088655","E01017564","E02003651"
"AL5 3QG","AL5  3QG","AL5 3QG","198001","199012","E99999999","E99999999","E06000056","E05014400","E04011962","0","511400","0216200","8","E18000006","E40000007","E92000001","E12000006","5","E14001346","E15000006","E24000004","E30000237","E16000104","E06000056","09UEGE","E00088655","09UEGE","E65000001","E01017564","E02003651","8","3C2","E00088655","E01017564","E02003651","E33023557","E38000249","","F1","1C1",51.833312,-0.384688,"E37000057","","E23000026",19950,"E56000035","E54000024","E00088655","E01017564","E02003651"
"AL5 3QH","AL5  3QH","AL5 3QH","199208","199412","E99999999","E99999999","E06000056","E05014400","E04011962","1","511400","0216200","8","E18000006","E40000007","E92000001","E12000006","5","E14001346","E15000006","E24000004","E30000237","E16000104","E06000056","09UEGE","E00088655","09UEGE","E65000001","E01017564","E02003651","8","3C2","E00088655","E01017564","E02003651","E33023557","E38000249","","F1","1C1",51.833312,-0.384688,"E37000057","","E23000026",19950,"E56000035","E54000024","E00088655","E01017564","E02003651"
"AL5 3QJ","AL5  3QJ","AL5 3QJ","199412","199912","E10000015","E58000624","E07000240","E05013953","E04013284","1","511932","0215459","6","E18000006","E40000007","E92000001","E12000006","5","E14001268","E15000006","E24000005","E30000237","E16000150","E07000240","26UGGD","E00120308","26UGGD","E65000001","E01023691","E02004924","5","4B3","E00120308","E01023691","E02004924","E33027402","E38000079","E63011425","C1","6A2",51.826547,-0.377210,"E37000048","","E23000027",32529,"E56000035","E54000025","E00120308","E01023691","E02004924"
"AL5 3QL","AL5  3QL","AL5 3QL","199308","199412","E99999999","E99999999","E06000056","E05014400","E04011962","1","511400","0216200","8","E18000006","E40000007","E92000001","E12000006","5","E14001346","E15000006","E24000004","E30000237","E16000104","E06000056","09UEGE","E00088655","09UEGE","E65000001","E01017564","E02003651","8","3C2","E00088655","E01017564","E02003651","E33023557","E38000249","","F1","1C1",51.833312,-0.384688,"E37000057","","E23000026",19950,"E56000035","E54000024","E00088655","E01017564","E02003651"
"AL5 3QN","AL5  3QN","AL5 3QN","199308","199906","E10000015","E58000624","E07000240","E05013953","E04013284","1","511932","0215459","6","E18000006","E40000007","E92000001","E12000006","5","E14001268","E15000006","E24000005","E30000237","E16000150","E07000240","26UGGD","E00120308","26UGGD","E65000001","E01023691","E02004924","5","4B3","E00120308","E01023691","E02004924","E33027402","E38000079","E63011425","C1","6A2",51.826547,-0.377210,"E37000048","","E23000027",32529,"E56000035","E54000025","E00120308","E01023691","E02004924"
"AL5 3QT","AL5  3QT","AL5 3QT","199706","199812","E10000015","E58000624","E07000240","E05013953","E04013284","1","511932","0215459","6","E18000006","E40000007","E92000001","E12000006","5","E14001268","E15000006","E24000005","E30000237","E16000150","E07000240","26UGGD","E00120308","26UGGD","E65000001","E01023691","E02004924","5","4B3","E00120308","E01023691","E02004924","E33027402","E38000079","E63011425","C1","6A2",51.826547,-0.377210,"E37000048","","E23000027",32529,"E56000035","E54000025","E00120308","E01023691","E02004924"
"AL5 3QW","AL5  3QW","AL5 3QW","200611","200704","E10000015","E58000626","E07000240","E05013955","E04013284","1","513594","0214185","1","E18000006","E40000007","E92000001","E12000006","5","E14001268","E15000006","E24000005","E30000237","E16000150","E07000240","26UGGF","E00120354","26UGGF","E65000001","E01023701","E02004926","5","6D2","E00120354","E01023701","E02004926","E33024309","E38000079","E63011425","C1","5B1",51.814762,-0.353522,"E37000048","","E23000027",29552,"E56000035","E54000025","E00120354","E01023701","E02004926"
"AL5 3RA","AL5  3RA","AL5 3RA","198710","","E10000015","E58000624","E07000240","E05013953","E04013284","0","512505","0215348","1","E18000006","E40000007","E92000001","E12000006","5","E14001268","E15000006","E24000005","E30000237","E16000150","E07000240","26UGGD","E00120307","26UGGD","E65000001","E01023690","E02004924","5","4D2","E00120307","E01023690","E02004924","E33027401","E38000079","E63011425","C1","6A4",51.825434,-0.368935,"E37000048","","E23000027",32556,"E56000035","E54000025","E00120307","E01023690","E02004924"
"AL5 3RB","AL5  3RB","AL5 3RB","199308","199501","E10000015","E58000624","E07000240","E05013953","E04013284","1","512500","0215300","8","E18000006","E40000007","E92000001","E12000006","5","E14001268","E15000006","E24000005","E30000237","E16000150","E07000240","26UGGD","E00120307","26UGGD","E65000001","E01023690","E02004924","5","4D2","E00120307","E01023690","E02004924","E33027401","E38000079","E63011425","C1","6A4",51.825004,-0.369023,"E37000048","","E23000027",32556,"E56000035","E54000025","E00120307","E01023690","E02004924"
"AL5 3WA","AL5  3WA","AL5 3WA","200112","200701","E10000015","E58000626","E07000240","E05013955","E04013284","1","513594","0214185","1","E18000006","E40000007","E92000001","E12000006","5","E14001268","E15000006","E24000005","E30000237","E16000150","E07000240","26UGGF","E00120354","26UGGF","E65000001","E01023701","E02004926","5","6D2","E00120354","E01023701","E02004926","E33024309","E38000079","E63011425","C1","5B1",51.814762,-0.353522,"E37000048","","E23000027",29552,"E56000035","E54000025","E00120354","E01023701","E02004926"
"AL5 3WY","AL5  3WY","AL5 3WY","200411","200603","E10000015","E58000626","E07000240","E05013955","E04013284","1","513594","0214185","1","E18000006","E40000007","E92000001","E12000006","5","E14001268","E15000006","E24000005","E30000237","E16000150","E07000240","26UGGF","E00120354","26UGGF","E65000001","E01023701","E02004926","5","6D2","E00120354","E01023701","E02004926","E33024309","E38000079","E63011425","C1","5B1",51.814762,-0.353522,"E37000048","","E23000027",29552,"E56000035","E54000025","E00120354","E01023701","E02004926"
"AL5 3WZ","AL5  3WZ","AL5 3WZ","200408","200708","E10000015","E58000626","E07000240","E05013955","E04013284","1","513594","0214185","1","E18000006","E40000007","E92000001","E12000006","5","E14001268","E15000006","E24000005","E30000237","E16000150","E07000240","26UGGF","E00120354","26UGGF","E65000001","E01023701","E02004926","5","6D2","E00120354","E01023701","E02004926","E33024309","E38000079","E63011425","C1","5B1",51.814762,-0.353522,"E37000048","","E23000027",29552,"E56000035","E54000025","E00120354","E01023701","E02004926"
"AL5 3XA","AL5  3XA","AL5 3XA","200206","200604","E10000015","E58000626","E07000240","E05013955","E04013284","1","513594","0214185","1","E18000006","E40000007","E92000001","E12000006","5","E14001268","E15000006","E24000005","E30000237","E16000150","E07000240","26UGGF","E00120354","26UGGF","E65000001","E01023701","E02004926","5","6D2","E00120354","E01023701","E02004926","E33024309","E38000079","E63011425","C1","5B1",51.814762,-0.353522,"E37000048","","E23000027",29552,"E56000035","E54000025","E00120354","E01023701","E02004926"
"AL5 3XZ","AL5  3XZ","AL5 3XZ","200209","200311","E10000015","E58000624","E07000240","E05013953","E04013284","1","512492","0215377","5","E18000006","E40000007","E92000001","E12000006","5","E14001268","E15000006","E24000005","E30000237","E16000150","E07000240","26UGGD","E00120303","26UGGD","E65000001","E01023690","E02004924","5","3C2","E00120303","E01023690","E02004924","E33027401","E38000079","E63011425","C1","5B1",51.825697,-0.369114,"E37000048","","E23000027",32556,"E56000035","E54000025","E00120303","E01023690","E02004924"
"AL5 3ZD","AL5  3ZD","AL5 3ZD","199712","199912","E10000015","E58000624","E07000240","E05013953","E04013284","1","511932","0215459","6","E18000006","E40000007","E92000001","E12000006","5","E14001268","E15000006","E24000005","E30000237","E16000150","E07000240","26UGGD","E00120308","26UGGD","E65000001","E01023691","E02004924","5","4B3","E00120308","E01023691","E02004924","E33027402","E38000079","E63011425","C1","6A2",51.826547,-0.377210,"E37000048","","E23000027",32529,"E56000035","E54000025","E00120308","E01023691","E02004924"
"AL5 3ZF","AL5  3ZF","AL5 3ZF","199906","200708","E10000015","E58000626","E07000240","E05013955","E04013284","1","513594","0214185","1","E18000006","E40000007","E92000001","E12000006","5","E14001268","E15000006","E24000005","E30000237","E16000150","E07000240","26UGGF","E00120354","26UGGF","E65000001","E01023701","E02004926","5","6D2","E00120354","E01023701","E02004926","E33024309","E38000079","E63011425","C1","5B1",51.814762,-0.353522,"E37000048","","E23000027",29552,"E56000035","E54000025","E00120354","E01023701","E02004926"
"AL5 3ZG","AL5  3ZG","AL5 3ZG","200401","200607","E10000015","E58000626","E07000240","E05013955","E04013284","1","513594","0214185","1","E18000006","E40000007","E92000001","E12000006","5","E14001268","E15000006","E24000005","E30000237","E16000150","E07000240","26UGGF","E00120354","26UGGF","E65000001","E01023701","E02004926","5","6D2","E00120354","E01023701","E02004926","E33024309","E38000079","E63011425","C1","5B1",51.814762,-0.353522,"E37000048","","E23000027",29552,"E56000035","E54000025","E00120354","E01023701","E02004926"
"AL5 3ZJ","AL5  3ZJ","AL5 3ZJ","200208","200602","E10000015","E58000626","E07000240","E05013955","E04013284","1","513594","0214185","1","E18000006","E40000007","E92000001","E12000006","5","E14001268","E15000006","E24000005","E30000237","E16000150","E07000240","26UGGF","E00120354","26UGGF","E65000001","E01023701","E02004926","5","6D2","E00120354","E01023701","E02004926","E33024309","E38000079","E63011425","C1","5B1",51.814762,-0.353522,"E37000048","","E23000027",29552,"E56000035","E54000025","E00120354","E01023701","E02004926"
"AL5 3ZN","AL5  3ZN","AL5 3ZN","200306","200601","E10000015","E58000626","E07000240","E05013955","E04013284","1","513594","0214185","1","E18000006","E40000007","E92000001","E12000006","5","E14001268","E15000006","E24000005","E30000237","E16000150","E07000240","26UGGF","E00120354","26UGGF","E65000001","E01023701","E02004926","5","6D2","E00120354","E01023701","E02004926","E33024309","E38000079","E63011425","C1","5B1",51.814762,-0.353522,"E37000048","","E23000027",29552,"E56000035","E54000025","E00120354","E01023701","E02004926"
"AL5 3ZP","AL5  3ZP","AL5 3ZP","200311","200708","E10000015","E58000626","E07000240","E05013955","E04013284","1","513594","0214185","1","E18000006","E40000007","E92000001","E12000006","5","E14001268","E15000006","E24000005","E30000237","E16000150","E07000240","26UGGF","E00120354","26UGGF","E65000001","E01023701","E02004926","5","6D2","E00120354","E01023701","E02004926","E33024309","E38000079","E63011425","C1","5B1",51.814762,-0.353522,"E37000048","","E23000027",29552,"E56000035","E54000025","E00120354","E01023701","E02004926"
"AL5 3ZQ","AL5  3ZQ","AL5 3ZQ","200401","200509","E10000015","E58000626","E07000240","E05013955","E04013284","1","513594","0214185","5","E18000006","E40000007","E92000001","E12000006","5","E14001268","E15000006","E24000005","E30000237","E16000150","E07000240","26UGGF","E00120354","26UGGF","E65000001","E01023701","E02004926","5","6D2","E00120354","E01023701","E02004926","E33024309","E38000079","E63011425","C1","5B1",51.814762,-0.353522,"E37000048","","E23000027",29552,"E56000035","E54000025","E00120354","E01023701","E02004926"
"AL5 3ZR","AL5  3ZR","AL5 3ZR","200705","201204","E10000015","E58000626","E07000240","E05013955","E04013284","1","513594","0214185","1","E18000006","E40000007","E92000001","E12000006","5","E14001268","E15000006","E24000005","E30000237","E16000150","E07000240","26UGGF","E00120354","26UGGF","E65000001","E01023701","E02004926","5","6D2","E00120354","E01023701","E02004926","E33024309","E38000079","E63011425","C1","5B1",51.814762,-0.353522,"E37000048","","E23000027",29552,"E56000035","E54000025","E00120354","E01023701","E02004926"
"AL5 3ZT","AL5  3ZT","AL5 3ZT","200404","200510","E10000015","E58000626","E07000240","E05013955","E04013284","1","513594","0214185","5","E18000006","E40000007","E92000001","E12000006","5","E14001268","E15000006","E24000005","E30000237","E16000150","E07000240","26UGGF","E00120354","26UGGF","E65000001","E01023701","E02004926","5","6D2","E00120354","E01023701","E02004926","E33024309","E38000079","E63011425","C1","5B1",51.814762,-0.353522,"E37000048","","E23000027",29552,"E56000035","E54000025","E00120354","E01023701","E02004926"
"AL5 3ZW","AL5  3ZW","AL5 3ZW","200012","200810","E10000015","E58000626","E07000240","E05013955","E04013284","1","513594","0214185","1","E18000006","E40000007","E92000001","E12000006","5","E14001268","E15000006","E24000005","E30000237","E16000150","E07000240","26UGGF","E00120354","26UGGF","E65000001","E01023701","E02004926","5","6D2","E00120354","E01023701","E02004926","E33024309","E38000079","E63011425","C1","5B1",51.814762,-0.353522,"E37000048","","E23000027",29552,"E56000035","E54000025","E00120354","E01023701","E02004926"
"AL5 3ZX","AL5  3ZX","AL5 3ZX","200704","","E10000015","E58000664","E07000240","E05013956","E43000290","1","517321","0206803","1","E18000006","E40000007","E92000001","E12000006","5","E14001507","E15000006","E24000005","E30000237","E16000150","E07000240","26UGFX","E00120196","26UGFX","E65000001","E01023667","E02004936","5","6D1","E00120196","E01023667","E02004936","E33027453","E38000079","E63011552","C1","5A2",51.747650,-0.301973,"E37000048","","E23000027",30628,"E56000035","E54000025","E00120196","E01023667","E02004936"
"AL5 3ZY","AL5  3ZY","AL5 3ZY","200006","200903","E10000015","E58000626","E07000240","E05013955","E04013284","1","513594","0214185","1","E18000006","E40000007","E92000001","E12000006","5","E14001268","E15000006","E24000005","E30000237","E16000150","E07000240","26UGGF","E00120354","26UGGF","E65000001","E01023701","E02004926","5","6D2","E00120354","E01023701","E02004926","E33024309","E38000079","E63011425","C1","5B1",51.814762,-0.353522,"E37000048","","E23000027",29552,"E56000035","E54000025","E00120354","E01023701","E02004926"
"AL5 3ZZ","AL5  3ZZ","AL5 3ZZ","199906","200307","E10000015","E58000626","E07000240","E05013955","E04013284","1","513594","0214185","1","E18000006","E40000007","E92000001","E12000006","5","E14001268","E15000006","E24000005","E30000237","E16000150","E07000240","26UGGF","E00120354","26UGGF","E65000001","E01023701","E02004926","5","6D2","E00120354","E01023701","E02004926","E33024309","E38000079","E63011425","C1","5B1",51.814762,-0.353522,"E37000048","","E23000027",29552,"E56000035","E54000025","E00120354","E01023701","E02004926"
"AL5 4AA","AL5  4AA","AL5 4AA","200507","","E10000015","E58000626","E07000240","E05013955","E04013284","0","513561","0214168","1","E18000006","E40000007","E92000001","E12000006","5","E14001268","E15000006","E24000005","E30000237","E16000150","E07000240","26UGGF","E00120354","26UGGF","E65000001","E01023701","E02004926","5","6D2","E00120354","E01023701","E02004926","E33024312","E38000079","E63011425","C1","5B1",51.814623,-0.353982,"E37000048","","E23000027",29552,"E56000035","E54000025","E00120354","E01023701","E02004926"
"AL5 4AB","AL5  4AB","AL5 4AB","198001","","E10000015","E58000626","E07000240","E05013955","E04013284","0","513131","0214981","1","E18000006","E40000007","E92000001","E12000006","5","E14001268","E15000006","E24000005","E30000237","E16000150","E07000240","26UGGF","E00120366","26UGGF","E65000001","E01023699","E02004926","5","6D2","E00120366","E01023699","E02004926","E33027407","E38000079","E63011425","C1","5B2",51.822009,-0.359976,"E37000048","","E23000027",32632,"E56000035","E54000025","E00120366","E01023699","E02004926"
"AL5 4AD","AL5  4AD","AL5 4AD","198001","","E10000015","E58000626","E07000240","E05013955","E04013284","0","513096","0215003","1","E18000006","E40000007","E92000001","E12000006","5","E14001268","E15000006","E24000005","E30000237","E16000150","E07000240","26UGGF","E00120364","26UGGF","E65000001","E01023699","E02004926","5","4D2","E00120364","E01023699","E02004926","E33027407","E38000079","E63011425","C1","5B1",51.822214,-0.360476,"E37000048","","E23000027",32632,"E56000035","E54000025","E00120364","E01023699","E02004926"
"AL5 4AE","AL5  4AE","AL5 4AE","198001","","E10000015","E58000626","E07000240","E05013955","E04013284","0","513220","0215013","1","E18000006","E40000007","E92000001","E12000006","5","E14001268","E15000006","E24000005","E30000237","E16000150","E07000240","26UGGF","E00120366","26UGGF","E65000001","E01023699","E02004926","5","6D2","E00120366","E01023699","E02004926","E33027407","E38000079","E63011425","C1","5B2",51.822279,-0.358674,"E37000048","","E23000027",32632,"E56000035","E54000025","E00120366","E01023699","E02004926"
"AL5 4AF","AL5  4AF","AL5 4AF","198001","","E10000015","E58000626","E07000240","E05013955","E04013284","0","513219","0215066","1","E18000006","E40000007","E92000001","E12000006","5","E14001268","E15000006","E24000005","E30000237","E16000150","E07000240","26UGGF","E00120363","26UGGF","E65000001","E01023699","E02004926","5","4D1","E00120363","E01023699","E02004926","E33027407","E38000079","E63011425","C1","6A4",51.822756,-0.358672,"E37000048","","E23000027",32632,"E56000035","E54000025","E00120363","E01023699","E02004926"
"AL5 4AG","AL5  4AG","AL5 4AG","198001","","E10000015","E58000626","E07000240","E05013955","E04013284","0","513141","0215070","1","E18000006","E40000007","E92000001","E12000006","5","E14001268","E15000006","E24000005","E30000237","E16000150","E07000240","26UGGF","E00120364","26UGGF","E65000001","E01023699","E02004926","5","4D2","E00120364","E01023699","E02004926","E33027407","E38000079","E63011425","C1","5B1",51.822807,-0.359802,"E37000048","","E23000027",32632,"E56000035","E54000025","E00120364","E01023699","E02004926"
"AL5 4AH","AL5  4AH","AL5 4AH","198001","","E10000015","E58000626","E07000240","E05013955","E04013284","0","513043","0215204","1","E18000006","E40000007","E92000001","E12000006","5","E14001268","E15000006","E24000005","E30000237","E16000150","E07000240","26UGGF","E00120364","26UGGF","E65000001","E01023699","E02004926","5","4D2","E00120364","E01023699","E02004926","E33027407","E38000079","E63011425","C1","5B1",51.824031,-0.361179,"E37000048","","E23000027",32632,"E56000035","E54000025","E00120364","E01023699","E02004926"
"AL5 4AJ","AL5  4AJ","AL5 4AJ","198001","","E10000015","E58000626","E07000240","E05013955","E04013284","0","513022","0215073","1","E18000006","E40000007","E92000001","E12000006","5","E14001268","E15000006","E24000005","E30000237","E16000150","E07000240","26UGGF","E00120364","26UGGF","E65000001","E01023699","E02004926","5","4D2","E00120364","E01023699","E02004926","E33027407","E38000079","E63011425","C1","5B1",51.822865,-0.361502,"E37000048","","E23000027",32632,"E56000035","E54000025","E00120364","E01023699","E02004926"
"AL5 4AL","AL5  4AL","AL5 4AL","198001","","E10000015","E58000626","E07000240","E05013955","E04013284","0","512953","0215136","1","E18000006","E40000007","E92000001","E12000006","5","E14001268","E15000006","E24000005","E30000237","E16000150","E07000240","26UGGF","E00120364","26UGGF","E65000001","E01023699","E02004926","5","4D2","E00120364","E01023699","E02004926","E33027407","E38000079","E63011425","C1","5B1",51.823438,-0.362507,"E37000048","","E23000027",32632,"E56000035","E54000025","E00120364","E01023699","E02004926"
"AL5 4AN","AL5  4AN","AL5 4AN","198001","","E10000015","E58000626","E07000240","E05013955","E04013284","0","512968","0215178","1","E18000006","E40000007","E92000001","E12000006","5","E14001268","E15000006","E24000005","E30000237","E16000150","E07000240","26UGGF","E00120364","26UGGF","E65000001","E01023699","E02004926","5","4D2","E00120364","E01023699","E02004926","E33027407","E38000079","E63011425","C1","5B1",51.823813,-0.362275,"E37000048","","E23000027",32632,"E56000035","E54000025","E00120364","E01023699","E02004926"
"AL5 4AP","AL5  4AP","AL5 4AP","198001","","E10000015","E58000626","E07000240","E05013955","E04013284","0","513001","0215096","1","E18000006","E40000007","E92000001","E12000006","5","E14001268","E15000006","E24000005","E30000237","E16000150","E07000240","26UGGF","E00120364","26UGGF","E65000001","E01023699","E02004926","5","4D2","E00120364","E01023699","E02004926","E33027407","E38000079","E63011425","C1","5B1",51.823076,-0.361799,"E37000048","","E23000027",32632,"E56000035","E54000025","E00120364","E01023699","E02004926"
"AL5 4AQ","AL5  4AQ","AL5 4AQ","199806","","E10000015","E58000626","E07000240","E05013955","E04013284","0","513086","0215208","1","E18000006","E40000007","E92000001","E12000006","5","E14001268","E15000006","E24000005","E30000237","E16000150","E07000240","26UGGF","E00120364","26UGGF","E65000001","E01023699","E02004926","5","4D2","E00120364","E01023699","E02004926","E33027407","E38000079","E63011425","C1","5B1",51.824059,-0.360554,"E37000048","","E23000027",32632,"E56000035","E54000025","E00120364","E01023699","E02004926"
"AL5 4AR","AL5  4AR","AL5 4AR","198001","","E10000015","E58000626","E07000240","E05013955","E04013284","0","513089","0215106","1","E18000006","E40000007","E92000001","E12000006","5","E14001268","E15000006","E24000005","E30000237","E16000150","E07000240","26UGGF","E00120364","26UGGF","E65000001","E01023699","E02004926","5","4D2","E00120364","E01023699","E02004926","E33027407","E38000079","E63011425","C1","5B1",51.823141,-0.360544,"E37000048","","E23000027",32632,"E56000035","E54000025","E00120364","E01023699","E02004926"
"AL5 4AS","AL5  4AS","AL5 4AS","198001","","E10000015","E58000626","E07000240","E05013955","E04013284","0","513223","0215177","1","E18000006","E40000007","E92000001","E12000006","5","E14001268","E15000006","E24000005","E30000237","E16000150","E07000240","26UGGF","E00120364","26UGGF","E65000001","E01023699","E02004926","5","4D2","E00120364","E01023699","E02004926","E33027407","E38000079","E63011425","C1","5B1",51.823752,-0.358577,"E37000048","","E23000027",32632,"E56000035","E54000025","E00120364","E01023699","E02004926"
"AL5 4AT","AL5  4AT","AL5 4AT","198001","","E10000015","E58000626","E07000240","E05013955","E04013284","0","513270","0215127","1","E18000006","E40000007","E92000001","E12000006","5","E14001268","E15000006","E24000005","E30000237","E16000150","E07000240","26UGGF","E00120363","26UGGF","E65000001","E01023699","E02004926","5","4D1","E00120363","E01023699","E02004926","E33027407","E38000079","E63011425","C1","6A4",51.823293,-0.357912,"E37000048","","E23000027",32632,"E56000035","E54000025","E00120363","E01023699","E02004926"
"AL5 4AU","AL5  4AU","AL5 4AU","198001","","E10000015","E58000626","E07000240","E05013955","E04013284","0","513173","0215214","1","E18000006","E40000007","E92000001","E12000006","5","E14001268","E15000006","E24000005","E30000237","E16000150","E07000240","26UGGF","E00120364","26UGGF","E65000001","E01023699","E02004926","5","4D2","E00120364","E01023699","E02004926","E33027407","E38000079","E63011425","C1","5B1",51.824095,-0.359290,"E37000048","","E23000027",32632,"E56000035","E54000025","E00120364","E01023699","E02004926"
"AL5 4AW","AL5  4AW","AL5 4AW","198001","","E10000015","E58000626","E07000240","E05013955","E04013284","0","512968","0215094","1","E18000006","E40000007","E92000001","E12000006","5","E14001268","E15000006","E24000005","E30000237","E16000150","E07000240","26UGGF","E00120364","26UGGF","E65000001","E01023699","E02004926","5","4D2","E00120364","E01023699","E02004926","E33027407","E38000079","E63011425","C1","5B1",51.823058,-0.362303,"E37000048","","E23000027",32632,"E56000035","E54000025","E00120364","E01023699","E02004926"
"AL5 4AX","AL5  4AX","AL5 4AX","198001","","E10000015","E58000626","E07000240","E05013955","E04013284","0","513255","0215243","1","E18000006","E40000007","E92000001","E12000006","5","E14001268","E15000006","E24000005","E30000237","E16000150","E07000240","26UGGF","E00120363","26UGGF","E65000001","E01023699","E02004926","5","4D1","E00120363","E01023699","E02004926","E33027407","E38000079","E63011425","C1","6A4",51.824339,-0.358092,"E37000048","","E23000027",32632,"E56000035","E54000025","E00120363","E01023699","E02004926"
"AL5 4AY","AL5  4AY","AL5 4AY","198001","","E10000015","E58000626","E07000240","E05013955","E04013284","0","513318","0215169","1","E18000006","E40000007","E92000001","E12000006","5","E14001268","E15000006","E24000005","E30000237","E16000150","E07000240","26UGGF","E00120363","26UGGF","E65000001","E01023699","E02004926","5","4D1","E00120363","E01023699","E02004926","E33027407","E38000079","E63011425","C1","6A4",51.823668,-0.357178,"E37000048","","E23000027",32632,"E56000035","E54000025","E00120363","E01023699","E02004926"
"AL5 4AZ","AL5  4AZ","AL5 4AZ","198001","200903","E10000015","E58000626","E07000240","E05013955","E04013284","1","513365","0215186","1","E18000006","E40000007","E92000001","E12000006","5","E14001268","E15000006","E24000005","E30000237","E16000150","E07000240","26UGGF","E00120363","26UGGF","E65000001","E01023699","E02004926","5","4D1","E00120363","E01023699","E02004926","E33027407","E38000079","E63011425","C1","6A4",51.823804,-0.356515,"E37000048","","E23000027",32632,"E56000035","E54000025","E00120363","E01023699","E02004926"
"AL5 4BA","AL5  4BA","AL5 4BA","198001","","E10000015","E58000626","E07000240","E05013955","E04013284","0","513393","0215143","1","E18000006","E40000007","E92000001","E12000006","5","E14001268","E15000006","E24000005","E30000237","E16000150","E07000240","26UGGF","E00120363","26UGGF","E65000001","E01023699","E02004926","5","4D1","E00120363","E01023699","E02004926","E33027407","E38000079","E63011425","C1","6A4",51.823419,-0.356099,"E37000048","","E23000027",32632,"E56000035","E54000025","E00120363","E01023699","E02004926"
"AL5 4BB","AL5  4BB","AL5 4BB","198001","","E10000015","E58000626","E07000240","E05013955","E04013284","0","513377","0215015","1","E18000006","E40000007","E92000001","E12000006","5","E14001268","E15000006","E24000005","E30000237","E16000150","E07000240","26UGGF","E00120363","26UGGF","E65000001","E01023699","E02004926","5","4D1","E00120363","E01023699","E02004926","E33027407","E38000079","E63011425","C1","6A4",51.822265,-0.356397,"E37000048","","E23000027",32632,"E56000035","E54000025","E00120363","E01023699","E02004926"
"AL5 4BD","AL5  4BD","AL5 4BD","198001","","E10000015","E58000626","E07000240","E05013955","E04013284","0","513335","0215050","1","E18000006","E40000007","E92000001","E12000006","5","E14001268","E15000006","E24000005","E30000237","E16000150","E07000240","26UGGF","E00120363","26UGGF","E65000001","E01023699","E02004926","5","4D1","E00120363","E01023699","E02004926","E33027407","E38000079","E63011425","C1","6A4",51.822588,-0.356995,"E37000048","","E23000027",32632,"E56000035","E54000025","E00120363","E01023699","E02004926"
"AL5 4BE","AL5  4BE","AL5 4BE","198001","","E10000015","E58000626","E07000240","E05013955","E04013284","0","513369","0214908","1","E18000006","E40000007","E92000001","E12000006","5","E14001268","E15000006","E24000005","E30000237","E16000150","E07000240","26UGGF","E00120363","26UGGF","E65000001","E01023699","E02004926","5","4D1","E00120363","E01023699","E02004926","E33027407","E38000079","E63011425","C1","6A4",51.821305,-0.356548,"E37000048","","E23000027",32632,"E56000035","E54000025","E00120363","E01023699","E02004926"
"AL5 4BF","AL5  4BF","AL5 4BF","199612","199708","E10000015","E58000626","E07000240","E05013955","E04013284","1","513348","0214952","8","E18000006","E40000007","E92000001","E12000006","5","E14001268","E15000006","E24000005","E30000237","E16000150","E07000240","26UGGF","E00120363","26UGGF","E65000001","E01023699","E02004926","5","4D1","E00120363","E01023699","E02004926","E33027407","E38000079","E63011425","C1","6A4",51.821705,-0.356838,"E37000048","","E23000027",32632,"E56000035","E54000025","E00120363","E01023699","E02004926"
"AL5 4BG","AL5  4BG","AL5 4BG","198001","","E10000015","E58000626","E07000240","E05013955","E04013284","0","513327","0214996","1","E18000006","E40000007","E92000001","E12000006","5","E14001268","E15000006","E24000005","E30000237","E16000150","E07000240","26UGGF","E00120363","26UGGF","E65000001","E01023699","E02004926","5","4D1","E00120363","E01023699","E02004926","E33027407","E38000079","E63011425","C1","6A4",51.822105,-0.357128,"E37000048","","E23000027",32632,"E56000035","E54000025","E00120363","E01023699","E02004926"
"AL5 4BH","AL5  4BH","AL5 4BH","198402","","E10000015","E58000626","E07000240","E05013955","E04013284","0","513102","0215150","1","E18000006","E40000007","E92000001","E12000006","5","E14001268","E15000006","E24000005","E30000237","E16000150","E07000240","26UGGF","E00120364","26UGGF","E65000001","E01023699","E02004926","5","4D2","E00120364","E01023699","E02004926","E33027407","E38000079","E63011425","C1","5B1",51.823534,-0.360341,"E37000048","","E23000027",32632,"E56000035","E54000025","E00120364","E01023699","E02004926"
"AL5 4BJ","AL5  4BJ","AL5 4BJ","198402","","E10000015","E58000626","E07000240","E05013955","E04013284","0","513141","0215173","1","E18000006","E40000007","E92000001","E12000006","5","E14001268","E15000006","E24000005","E30000237","E16000150","E07000240","26UGGF","E00120364","26UGGF","E65000001","E01023699","E02004926","5","4D2","E00120364","E01023699","E02004926","E33027407","E38000079","E63011425","C1","5B1",51.823733,-0.359768,"E37000048","","E23000027",32632,"E56000035","E54000025","E00120364","E01023699","E02004926"
"AL5 4BL","AL5  4BL","AL5 4BL","199606","199906","E10000015","E58000624","E07000240","E05013952","E04013284","1","513704","0215217","6","E18000006","E40000007","E92000001","E12000006","5","E14001268","E15000006","E24000005","E30000237","E16000150","E07000240","26UGGC","E00120282","26UGGC","E65000001","E01023689","E02004925","5","4D1","E00120282","E01023689","E02004925","E33027404","E38000079","E63011425","C1","5B2",51.824014,-0.351588,"E37000048","","E23000027",32427,"E56000035","E54000025","E00120282","E01023689","E02004925"
"AL5 4BN","AL5  4BN","AL5 4BN","199002","201108","E10000015","E58000626","E07000240","E05013955","E04013284","1","513594","0214185","1","E18000006","E40000007","E92000001","E12000006","5","E14001268","E15000006","E24000005","E30000237","E16000150","E07000240","26UGGF","E00120354","26UGGF","E65000001","E01023701","E02004926","5","6D2","E00120354","E01023701","E02004926","E33024309","E38000079","E63011425","C1","5B1",51.814762,-0.353522,"E37000048","","E23000027",29552,"E56000035","E54000025","E00120354","E01023701","E02004926"
"AL5 4BP","AL5  4BP","AL5 4BP","198301","","E10000015","E58000624","E07000240","E05013953","E04013284","1","513087","0215661","1","E18000006","E40000007","E92000001","E12000006","5","E14001268","E15000006","E24000005","E30000237","E16000150","E07000240","26UGGD","E00120303","26UGGD","E65000001","E01023690","E02004924","5","3C2","E00120303","E01023690","E02004924","E33027401","E38000079","E63011425","C1","5B1",51.828130,-0.360392,"E37000048","","E23000027",32556,"E56000035","E54000025","E00120303","E01023690","E02004924"
"AL5 4BQ","AL5  4BQ","AL5 4BQ","198001","","E10000015","E58000626","E07000240","E05013955","E04013284","0","513207","0214923","1","E18000006","E40000007","E92000001","E12000006","5","E14001268","E15000006","E24000005","E30000237","E16000150","E07000240","26UGGF","E00120366","26UGGF","E65000001","E01023699","E02004926","5","6D2","E00120366","E01023699","E02004926","E33027407","E38000079","E63011425","C1","5B2",51.821473,-0.358892,"E37000048","","E23000027",32632,"E56000035","E54000025","E00120366","E01023699","E02004926"
"AL5 4BS","AL5  4BS","AL5 4BS","198001","","E10000015","E58000624","E07000240","E05013953","E04013284","0","512873","0215299","1","E18000006","E40000007","E92000001","E12000006","5","E14001268","E15000006","E24000005","E30000237","E16000150","E07000240","26UGGD","E00120305","26UGGD","E65000001","E01023692","E02004924","5","4D1","E00120305","E01023692","E02004924","E33027401","E38000079","E63011425","C1","5B1",51.824919,-0.363614,"E37000048","","E23000027",24546,"E56000035","E54000025","E00120305","E01023692","E02004924"
"AL5 4BT","AL5  4BT","AL5 4BT","198001","","E10000015","E58000624","E07000240","E05013953","E04013284","0","512906","0215281","1","E18000006","E40000007","E92000001","E12000006","5","E14001268","E15000006","E24000005","E30000237","E16000150","E07000240","26UGGD","E00120305","26UGGD","E65000001","E01023692","E02004924","5","4D1","E00120305","E01023692","E02004924","E33027401","E38000079","E63011425","C1","5B1",51.824751,-0.363141,"E37000048","","E23000027",24546,"E56000035","E54000025","E00120305","E01023692","E02004924"
"AL5 4BU","AL5  4BU","AL5 4BU","198001","","E10000015","E58000624","E07000240","E05013953","E04013284","0","512980","0215362","1","E18000006","E40000007","E92000001","E12000006","5","E14001268","E15000006","E24000005","E30000237","E16000150","E07000240","26UGGD","E00120305","26UGGD","E65000001","E01023692","E02004924","5","4D1","E00120305","E01023692","E02004924","E33027401","E38000079","E63011425","C1","5B1",51.825464,-0.362041,"E37000048","","E23000027",24546,"E56000035","E54000025","E00120305","E01023692","E02004924"
"AL5 4BW","AL5  4BW","AL5 4BW","198307","","E10000015","E58000624","E07000240","E05013953","E04013284","0","512765","0215186","1","E18000006","E40000007","E92000001","E12000006","5","E14001268","E15000006","E24000005","E30000237","E16000150","E07000240","26UGGD","E00120305","26UGGD","E65000001","E01023692","E02004924","5","4D1","E00120305","E01023692","E02004924","E33027401","E38000079","E63011425","C1","5B1",51.823926,-0.365217,"E37000048","","E23000027",24546,"E56000035","E54000025","E00120305","E01023692","E02004924"
"AL5 4BX","AL5  4BX","AL5 4BX","198001","","E10000015","E58000624","E07000240","E05013953","E04013284","1","513248","0215459","1","E18000006","E40000007","E92000001","E12000006","5","E14001268","E15000006","E24000005","E30000237","E16000150","E07000240","26UGGD","E00120314","26UGGD","E65000001","E01023692","E02004924","5","6D1","E00120314","E01023692","E02004924","E33027399","E38000079","E63011425","C1","5B2",51.826282,-0.358123,"E37000048","","E23000027",24546,"E56000035","E54000025","E00120314","E01023692","E02004924"
"AL5 4BY","AL5  4BY","AL5 4BY","199606","200108","E10000015","E58000626","E07000240","E05013955","E04013284","1","513594","0214185","1","E18000006","E40000007","E92000001","E12000006","5","E14001268","E15000006","E24000005","E30000237","E16000150","E07000240","26UGGF","E00120354","26UGGF","E65000001","E01023701","E02004926","5","6D2","E00120354","E01023701","E02004926","E33024309","E38000079","E63011425","C1","5B1",51.814762,-0.353522,"E37000048","","E23000027",29552,"E56000035","E54000025","E00120354","E01023701","E02004926"
"AL5 4BZ","AL5  4BZ","AL5 4BZ","198001","","E10000015","E58000624","E07000240","E05013953","E04013284","0","512847","0215740","1","E18000006","E40000007","E92000001","E12000006","5","E14001268","E15000006","E24000005","E30000237","E16000150","E07000240","26UGGD","E00120303","26UGGD","E65000001","E01023690","E02004924","5","3C2","E00120303","E01023690","E02004924","E33027401","E38000079","","C1","5B1",51.828888,-0.363847,"E37000048","","E23000027",32556,"E56000035","E54000025","E00120303","E01023690","E02004924"
"AL5 4DA","AL5  4DA","AL5 4DA","199706","200602","E10000015","E58000626","E07000240","E05013955","E04013284","1","513594","0214185","1","E18000006","E40000007","E92000001","E12000006","5","E14001268","E15000006","E24000005","E30000237","E16000150","E07000240","26UGGF","E00120354","26UGGF","E65000001","E01023701","E02004926","5","6D2","E00120354","E01023701","E02004926","E33024309","E38000079","E63011425","C1","5B1",51.814762,-0.353522,"E37000048","","E23000027",29552,"E56000035","E54000025","E00120354","E01023701","E02004926"
"AL5 4DB","AL5  4DB","AL5 4DB","198001","","E10000015","E58000624","E07000240","E05013953","E04013284","0","512839","0215355","1","E18000006","E40000007","E92000001","E12000006","5","E14001268","E15000006","E24000005","E30000237","E16000150","E07000240","26UGGD","E00120303","26UGGD","E65000001","E01023690","E02004924","5","3C2","E00120303","E01023690","E02004924","E33027401","E38000079","E63011425","C1","5B1",51.825430,-0.364089,"E37000048","","E23000027",32556,"E56000035","E54000025","E00120303","E01023690","E02004924"
"AL5 4DD","AL5  4DD","AL5 4DD","198001","","E10000015","E58000624","E07000240","E05013953","E04013284","0","512801","0215373","1","E18000006","E40000007","E92000001","E12000006","5","E14001268","E15000006","E24000005","E30000237","E16000150","E07000240","26UGGD","E00120303","26UGGD","E65000001","E01023690","E02004924","5","3C2","E00120303","E01023690","E02004924","E33027401","E38000079","E63011425","C1","5B1",51.825599,-0.364634,"E37000048","","E23000027",32556,"E56000035","E54000025","E00120303","E01023690","E02004924"
"AL5 4DE","AL5  4DE","AL5 4DE","202406","","E10000015","E58000624","E07000240","E05013953","E04013284","0","512769","0215287","1","E18000006","E40000007","E92000001","E12000006","5","E14001268","E15000006","E24000005","E30000237","E16000150","E07000240","26UGGD","E00120303","26UGGD","E65000001","E01023690","E02004924","5","3C2","E00120303","E01023690","E02004924","E33027401","E38000079","E63011425","C1","5B1",51.824840,-0.365102,"E37000048","","E23000027",32556,"E56000035","E54000025","E00120303","E01023690","E02004924"
"AL5 4DF","AL5  4DF","AL5 4DF","198001","","E10000015","E58000624","E07000240","E05013953","E04013284","0","512727","0215233","1","E18000006","E40000007","E92000001","E12000006","5","E14001268","E15000006","E24000005","E30000237","E16000150","E07000240","26UGGD","E00120303","26UGGD","E65000001","E01023690","E02004924","5","3C2","E00120303","E01023690","E02004924","E33027401","E38000079","E63011425","C1","5B1",51.824356,-0.365753,"E37000048","","E23000027",32556,"E56000035","E54000025","E00120303","E01023690","E02004924"
"AL5 4DG","AL5  4DG","AL5 4DG","198001","","E10000015","E58000624","E07000240","E05013953","E04013284","0","513072","0215286","1","E18000006","E40000007","E92000001","E12000006","5","E14001268","E15000006","E24000005","E30000237","E16000150","E07000240","26UGGD","E00120305","26UGGD","E65000001","E01023692","E02004924","5","4D1","E00120305","E01023692","E02004924","E33027401","E38000079","E63011425","C1","5B1",51.824762,-0.360732,"E37000048","","E23000027",24546,"E56000035","E54000025","E00120305","E01023692","E02004924"
"AL5 4DH","AL5  4DH","AL5 4DH","198001","","E10000015","E58000624","E07000240","E05013953","E04013284","0","512810","0215147","1","E18000006","E40000007","E92000001","E12000006","5","E14001268","E15000006","E24000005","E30000237","E16000150","E07000240","26UGGD","E00120305","26UGGD","E65000001","E01023692","E02004924","5","4D1","E00120305","E01023692","E02004924","E33027401","E38000079","E63011425","C1","5B1",51.823573,-0.364553,"E37000048","","E23000027",24546,"E56000035","E54000025","E00120305","E01023692","E02004924"
"AL5 4DJ","AL5  4DJ","AL5 4DJ","198001","","E10000015","E58000624","E07000240","E05013953","E04013284","0","512824","0215201","1","E18000006","E40000007","E92000001","E12000006","5","E14001268","E15000006","E24000005","E30000237","E16000150","E07000240","26UGGD","E00120305","26UGGD","E65000001","E01023692","E02004924","5","4D1","E00120305","E01023692","E02004924","E33027401","E38000079","E63011425","C1","5B1",51.824056,-0.364332,"E37000048","","E23000027",24546,"E56000035","E54000025","E00120305","E01023692","E02004924"
"AL5 4DL","AL5  4DL","AL5 4DL","198001","199806","E10000015","E58000624","E07000240","E05013952","E04013284","1","513704","0215217","6","E18000006","E40000007","E92000001","E12000006","5","E14001268","E15000006","E24000005","E30000237","E16000150","E07000240","26UGGC","E00120282","26UGGC","E65000001","E01023689","E02004925","5","4D1","E00120282","E01023689","E02004925","E33027404","E38000079","E63011425","C1","5B2",51.824014,-0.351588,"E37000048","","E23000027",32427,"E56000035","E54000025","E00120282","E01023689","E02004925"
"AL5 4DN","AL5  4DN","AL5 4DN","199308","","E10000015","E58000624","E07000240","E05013953","E04013284","0","513938","0215671","1","E18000006","E40000007","E92000001","E12000006","5","E14001268","E15000006","E24000005","E30000237","E16000150","E07000240","26UGGD","E00120321","26UGGD","E65000001","E01023693","E02004924","5","4A2","E00120321","E01023693","E02004924","E33024303","E38000079","E63011425","C1","6B2",51.828047,-0.348045,"E37000048","","E23000027",31768,"E56000035","E54000025","E00120321","E01023693","E02004924"
"AL5 4DP","AL5  4DP","AL5 4DP","199501","200104","E10000015","E58000624","E07000240","E05013952","E04013284","1","513671","0215097","6","E18000006","E40000007","E92000001","E12000006","5","E14001268","E15000006","E24000005","E30000237","E16000150","E07000240","26UGGC","E00120282","26UGGC","E65000001","E01023689","E02004925","5","4D1","E00120282","E01023689","E02004925","E33027404","E38000079","E63011425","C1","5B2",51.822942,-0.352106,"E37000048","","E23000027",32427,"E56000035","E54000025","E00120282","E01023689","E02004925"
"AL5 4DQ","AL5  4DQ","AL5 4DQ","198001","","E10000015","E58000624","E07000240","E05013953","E04013284","0","512981","0215237","1","E18000006","E40000007","E92000001","E12000006","5","E14001268","E15000006","E24000005","E30000237","E16000150","E07000240","26UGGD","E00120305","26UGGD","E65000001","E01023692","E02004924","5","4D1","E00120305","E01023692","E02004924","E33027401","E38000079","E63011425","C1","5B1",51.824340,-0.362068,"E37000048","","E23000027",24546,"E56000035","E54000025","E00120305","E01023692","E02004924"
"AL5 4DR","AL5  4DR","AL5 4DR","199507","200705","E10000015","E58000626","E07000240","E05013955","E04013284","1","513594","0214185","1","E18000006","E40000007","E92000001","E12000006","5","E14001268","E15000006","E24000005","E30000237","E16000150","E07000240","26UGGF","E00120354","26UGGF","E65000001","E01023701","E02004926","5","6D2","E00120354","E01023701","E02004926","E33024309","E38000079","E63011425","C1","5B1",51.814762,-0.353522,"E37000048","","E23000027",29552,"E56000035","E54000025","E00120354","E01023701","E02004926"
"AL5 4DS","AL5  4DS","AL5 4DS","199512","199812","E10000015","E58000624","E07000240","E05013952","E04013284","1","513704","0215217","6","E18000006","E40000007","E92000001","E12000006","5","E14001268","E15000006","E24000005","E30000237","E16000150","E07000240","26UGGC","E00120282","26UGGC","E65000001","E01023689","E02004925","5","4D1","E00120282","E01023689","E02004925","E33027404","E38000079","E63011425","C1","5B2",51.824014,-0.351588,"E37000048","","E23000027",32427,"E56000035","E54000025","E00120282","E01023689","E02004925"
"AL5 4DT","AL5  4DT","AL5 4DT","199606","199906","E10000015","E58000624","E07000240","E05013952","E04013284","1","513704","0215217","6","E18000006","E40000007","E92000001","E12000006","5","E14001268","E15000006","E24000005","E30000237","E16000150","E07000240","26UGGC","E00120282","26UGGC","E65000001","E01023689","E02004925","5","4D1","E00120282","E01023689","E02004925","E33027404","E38000079","E63011425","C1","5B2",51.824014,-0.351588,"E37000048","","E23000027",32427,"E56000035","E54000025","E00120282","E01023689","E02004925"
"AL5 4DU","AL5  4DU","AL5 4DU","200106","","E10000015","E58000624","E07000240","E05013953","E04013284","1","512821","0215788","1","E18000006","E40000007","E92000001","E12000006","5","E14001268","E15000006","E24000005","E30000237","E16000150","E07000240","26UGGD","E00120303","26UGGD","E65000001","E01023690","E02004924","5","3C2","E00120303","E01023690","E02004924","E33027401","E38000079","","C1","5B1",51.829325,-0.364209,"E37000048","","E23000027",32556,"E56000035","E54000025","E00120303","E01023690","E02004924"
"AL5 4DW","AL5  4DW","AL5 4DW","199612","199708","E10000015","E58000626","E07000240","E05013955","E04013284","1","513594","0214185","8","E18000006","E40000007","E92000001","E12000006","5","E14001268","E15000006","E24000005","E30000237","E16000150","E07000240","26UGGF","E00120354","26UGGF","E65000001","E01023701","E02004926","5","6D2","E00120354","E01023701","E02004926","E33024309","E38000079","E63011425","C1","5B1",51.814762,-0.353522,"E37000048","","E23000027",29552,"E56000035","E54000025","E00120354","E01023701","E02004926"
"AL5 4DX","AL5  4DX","AL5 4DX","199612","199912","E10000015","E58000624","E07000240","E05013952","E04013284","1","513704","0215217","6","E18000006","E40000007","E92000001","E12000006","5","E14001268","E15000006","E24000005","E30000237","E16000150","E07000240","26UGGC","E00120282","26UGGC","E65000001","E01023689","E02004925","5","4D1","E00120282","E01023689","E02004925","E33027404","E38000079","E63011425","C1","5B2",51.824014,-0.351588,"E37000048","","E23000027",32427,"E56000035","E54000025","E00120282","E01023689","E02004925"
"AL5 4DY","AL5  4DY","AL5 4DY","198504","199912","E10000015","E58000626","E07000240","E05013955","E04013284","0","513500","0214200","8","E18000006","E40000007","E92000001","E12000006","5","E14001268","E15000006","E24000005","E30000237","E16000150","E07000240","26UGGF","E00120354","26UGGF","E65000001","E01023701","E02004926","5","6D2","E00120354","E01023701","E02004926","E33024312","E38000079","E63011425","C1","5B1",51.814916,-0.354880,"E37000048","","E23000027",29552,"E56000035","E54000025","E00120354","E01023701","E02004926"
"AL5 4DZ","AL5  4DZ","AL5 4DZ","198504","","E10000015","E58000626","E07000240","E05013955","E04013284","0","513420","0214456","1","E18000006","E40000007","E92000001","E12000006","5","E14001268","E15000006","E24000005","E30000237","E16000150","E07000240","26UGGF","E00120352","26UGGF","E65000001","E01023701","E02004926","5","2B1","E00120352","E01023701","E02004926","E33024308","E38000079","E63011425","C1","2C1",51.817233,-0.355956,"E37000048","","E23000027",29552,"E56000035","E54000025","E00120352","E01023701","E02004926"
"AL5 4EA","AL5  4EA","AL5 4EA","198001","","E10000015","E58000626","E07000240","E05013955","E04013284","0","513634","0214262","1","E18000006","E40000007","E92000001","E12000006","5","E14001268","E15000006","E24000005","E30000237","E16000150","E07000240","26UGGF","E00120354","26UGGF","E65000001","E01023701","E02004926","5","6D2","E00120354","E01023701","E02004926","E33024310","E38000079","E63011425","C1","5B1",51.815453,-0.352892,"E37000048","","E23000027",29552,"E56000035","E54000025","E00120354","E01023701","E02004926"
"AL5 4EB","AL5  4EB","AL5 4EB","198001","","E10000015","E58000626","E07000240","E05013955","E04013284","0","513602","0214256","1","E18000006","E40000007","E92000001","E12000006","5","E14001268","E15000006","E24000005","E30000237","E16000150","E07000240","26UGGF","E00120354","26UGGF","E65000001","E01023701","E02004926","5","6D2","E00120354","E01023701","E02004926","E33024310","E38000079","E63011425","C1","5B1",51.815405,-0.353358,"E37000048","","E23000027",29552,"E56000035","E54000025","E00120354","E01023701","E02004926"
"AL5 4ED","AL5  4ED","AL5 4ED","198001","","E10000015","E58000626","E07000240","E05013955","E04013284","0","513537","0214247","1","E18000006","E40000007","E92000001","E12000006","5","E14001268","E15000006","E24000005","E30000237","E16000150","E07000240","26UGGF","E00120354","26UGGF","E65000001","E01023701","E02004926","5","6D2","E00120354","E01023701","E02004926","E33024312","E38000079","E63011425","C1","5B1",51.815331,-0.354328,"E37000048","","E23000027",29552,"E56000035","E54000025","E00120354","E01023701","E02004926"
"AL5 4EE","AL5  4EE","AL5 4EE","198001","","E10000015","E58000626","E07000240","E05013955","E04013284","1","513508","0214235","1","E18000006","E40000007","E92000001","E12000006","5","E14001268","E15000006","E24000005","E30000237","E16000150","E07000240","26UGGF","E00120354","26UGGF","E65000001","E01023701","E02004926","5","6D2","E00120354","E01023701","E02004926","E33024312","E38000079","E63011425","C1","5B1",51.815236,-0.354728,"E37000048","","E23000027",29552,"E56000035","E54000025","E00120354","E01023701","E02004926"
"AL5 4EF","AL5  4EF","AL5 4EF","198001","","E10000015","E58000626","E07000240","E05013955","E04013284","0","513519","0214272","1","E18000006","E40000007","E92000001","E12000006","5","E14001268","E15000006","E24000005","E30000237","E16000150","E07000240","26UGGF","E00120352","26UGGF","E65000001","E01023701","E02004926","5","2B1","E00120352","E01023701","E02004926","E33024306","E38000079","E63011425","C1","2C1",51.815566,-0.354556,"E37000048","","E23000027",29552,"E56000035","E54000025","E00120352","E01023701","E02004926"
"AL5 4EG","AL5  4EG","AL5 4EG","199512","","E10000015","E58000626","E07000240","E05013955","E04013284","0","513277","0214650","1","E18000006","E40000007","E92000001","E12000006","5","E14001268","E15000006","E24000005","E30000237","E16000150","E07000240","26UGGF","E00120348","26UGGF","E65000001","E01023701","E02004926","5","4D2","E00120348","E01023701","E02004926","E33027407","E38000079","E63011425","C1","5B1",51.819005,-0.357966,"E37000048","","E23000027",29552,"E56000035","E54000025","E00120348","E01023701","E02004926"
"AL5 4EH","AL5  4EH","AL5 4EH","198001","200701","E10000015","E58000624","E07000240","E05013952","E04013284","1","514421","0215078","1","E18000006","E40000007","E92000001","E12000006","5","E14001268","E15000006","E24000005","E30000237","E16000150","E07000240","26UGGC","E00120284","26UGGC","E65000001","E01023688","E02004925","5","2B1","E00120284","E01023688","E02004925","E33027403","E38000079","E63011425","C1","5B1",51.822619,-0.341235,"E37000048","","E23000027",26370,"E56000035","E54000025","E00120284","E01023688","E02004925"
"AL5 4EJ","AL5  4EJ","AL5 4EJ","199612","200505","E10000015","E58000626","E07000240","E05013955","E04013284","1","513630","0214262","1","E18000006","E40000007","E92000001","E12000006","5","E14001268","E15000006","E24000005","E30000237","E16000150","E07000240","26UGGF","E00120354","26UGGF","E65000001","E01023701","E02004926","5","6D2","E00120354","E01023701","E02004926","E33024310","E38000079","E63011425","C1","5B1",51.815446,-0.352975,"E37000048","","E23000027",29552,"E56000035","E54000025","E00120354","E01023701","E02004926"
"AL5 4EL","AL5  4EL","AL5 4EL","198001","","E10000015","E58000626","E07000240","E05013955","E04013284","0","513603","0214368","1","E18000006","E40000007","E92000001","E12000006","5","E14001268","E15000006","E24000005","E30000237","E16000150","E07000240","26UGGF","E00120354","26UGGF","E65000001","E01023701","E02004926","5","6D2","E00120354","E01023701","E02004926","E33024310","E38000079","E63011425","C1","5B1",51.816412,-0.353307,"E37000048","","E23000027",29552,"E56000035","E54000025","E00120354","E01023701","E02004926"
"AL5 4EN","AL5  4EN","AL5 4EN","198001","201309","E10000015","E58000626","E07000240","E05013955","E04013284","0","513635","0214321","1","E18000006","E40000007","E92000001","E12000006","5","E14001268","E15000006","E24000005","E30000237","E16000150","E07000240","26UGGF","E00120354","26UGGF","E65000001","E01023701","E02004926","5","6D2","E00120354","E01023701","E02004926","E33024310","E38000079","E63011425","C1","5B1",51.815976,-0.352883,"E37000048","","E23000027",29552,"E56000035","E54000025","E00120354","E01023701","E02004926"
"AL5 4EP","AL5  4EP","AL5 4EP","198001","","E10000015","E58000626","E07000240","E05013955","E04013284","0","513498","0214528","1","E18000006","E40000007","E92000001","E12000006","5","E14001268","E15000006","E24000005","E30000237","E16000150","E07000240","26UGGF","E00120348","26UGGF","E65000001","E01023701","E02004926","5","4D2","E00120348","E01023701","E02004926","E33027407","E38000079","E63011425","C1","5B1",51.817864,-0.354802,"E37000048","","E23000027",29552,"E56000035","E54000025","E00120348","E01023701","E02004926"
"AL5 4EQ","AL5  4EQ","AL5 4EQ","198307","","E10000015","E58000626","E07000240","E05013955","E04013284","0","513583","0214342","1","E18000006","E40000007","E92000001","E12000006","5","E14001268","E15000006","E24000005","E30000237","E16000150","E07000240","26UGGF","E00120354","26UGGF","E65000001","E01023701","E02004926","5","6D2","E00120354","E01023701","E02004926","E33024310","E38000079","E63011425","C1","5B1",51.816175,-0.353630,"E37000048","","E23000027",29552,"E56000035","E54000025","E00120354","E01023701","E02004926"
"AL5 4ER","AL5  4ER","AL5 4ER","199706","200101","E10000015","E58000624","E07000240","E05013952","E04013284","1","513671","0215097","6","E18000006","E40000007","E92000001","E12000006","5","E14001268","E15000006","E24000005","E30000237","E16000150","E07000240","26UGGC","E00120282","26UGGC","E65000001","E01023689","E02004925","5","4D1","E00120282","E01023689","E02004925","E33027404","E38000079","E63011425","C1","5B2",51.822942,-0.352106,"E37000048","","E23000027",32427,"E56000035","E54000025","E00120282","E01023689","E02004925"
"AL5 4ES","AL5  4ES","AL5 4ES","198001","","E10000015","E58000626","E07000240","E05013955","E04013284","0","513416","0214413","1","E18000006","E40000007","E92000001","E12000006","5","E14001268","E15000006","E24000005","E30000237","E16000150","E07000240","26UGGF","E00120352","26UGGF","E65000001","E01023701","E02004926","5","2B1","E00120352","E01023701","E02004926","E33024308","E38000079","E63011425","C1","2C1",51.816854,-0.356004,"E37000048","","E23000027",29552,"E56000035","E54000025","E00120352","E01023701","E02004926"
"AL5 4ET","AL5  4ET","AL5 4ET","198001","","E10000015","E58000626","E07000240","E05013955","E04013284","0","513338","0214589","1","E18000006","E40000007","E92000001","E12000006","5","E14001268","E15000006","E24000005","E30000237","E16000150","E07000240","26UGGF","E00120348","26UGGF","E65000001","E01023701","E02004926","5","4D2","E00120348","E01023701","E02004926","E33027407","E38000079","E63011425","C1","5B1",51.818452,-0.357077,"E37000048","","E23000027",29552,"E56000035","E54000025","E00120348","E01023701","E02004926"
"AL5 4EU","AL5  4EU","AL5 4EU","198001","","E10000015","E58000626","E07000240","E05013955","E04013284","0","513437","0214723","1","E18000006","E40000007","E92000001","E12000006","5","E14001268","E15000006","E24000005","E30000237","E16000150","E07000240","26UGGF","E00120348","26UGGF","E65000001","E01023701","E02004926","5","4D2","E00120348","E01023701","E02004926","E33027407","E38000079","E63011425","C1","5B1",51.819629,-0.355622,"E37000048","","E23000027",29552,"E56000035","E54000025","E00120348","E01023701","E02004926"
"AL5 4EW","AL5  4EW","AL5 4EW","198001","","E10000015","E58000626","E07000240","E05013955","E04013284","0","513454","0214521","1","E18000006","E40000007","E92000001","E12000006","5","E14001268","E15000006","E24000005","E30000237","E16000150","E07000240","26UGGF","E00120348","26UGGF","E65000001","E01023701","E02004926","5","4D2","E00120348","E01023701","E02004926","E33027407","E38000079","E63011425","C1","5B1",51.817817,-0.355418,"E37000048","","E23000027",29552,"E56000035","E54000025","E00120348","E01023701","E02004926"
"AL5 4EX","AL5  4EX","AL5 4EX","198001","","E10000015","E58000626","E07000240","E05013955","E04013284","0","513308","0214600","1","E18000006","E40000007","E92000001","E12000006","5","E14001268","E15000006","E24000005","E30000237","E16000150","E07000240","26UGGF","E00120348","26UGGF","E65000001","E01023701","E02004926","5","4D2","E00120348","E01023701","E02004926","E33027407","E38000079","E63011425","C1","5B1",51.818556,-0.357509,"E37000048","","E23000027",29552,"E56000035","E54000025","E00120348","E01023701","E02004926"
"AL5 4EY","AL5  4EY","AL5 4EY","198001","","E10000015","E58000624","E07000240","E05013952","E04013284","0","513508","0215032","1","E18000006","E40000007","E92000001","E12000006","5","E14001268","E15000006","E24000005","E30000237","E16000150","E07000240","26UGGC","E00120282","26UGGC","E65000001","E01023689","E02004925","5","4D1","E00120282","E01023689","E02004925","E33027404","E38000079","E63011425","C1","5B2",51.822391,-0.354491,"E37000048","","E23000027",32427,"E56000035","E54000025","E00120282","E01023689","E02004925"
"AL5 4EZ","AL5  4EZ","AL5 4EZ","198001","","E10000015","E58000624","E07000240","E05013952","E04013284","0","513507","0215104","1","E18000006","E40000007","E92000001","E12000006","5","E14001268","E15000006","E24000005","E30000237","E16000150","E07000240","26UGGC","E00120282","26UGGC","E65000001","E01023689","E02004925","5","4D1","E00120282","E01023689","E02004925","E33027404","E38000079","E63011425","C1","5B2",51.823039,-0.354482,"E37000048","","E23000027",32427,"E56000035","E54000025","E00120282","E01023689","E02004925"
"AL5 4FA","AL5  4FA","AL5 4FA","200112","200408","E10000015","E58000626","E07000240","E05013955","E04013284","1","513594","0214185","1","E18000006","E40000007","E92000001","E12000006","5","E14001268","E15000006","E24000005","E30000237","E16000150","E07000240","26UGGF","E00120354","26UGGF","E65000001","E01023701","E02004926","5","6D2","E00120354","E01023701","E02004926","E33024309","E38000079","E63011425","C1","5B1",51.814762,-0.353522,"E37000048","","E23000027",29552,"E56000035","E54000025","E00120354","E01023701","E02004926"
"AL5 4FB","AL5  4FB","AL5 4FB","199906","","E10000015","E58000624","E07000240","E05013953","E04013284","0","513076","0215359","1","E18000006","E40000007","E92000001","E12000006","5","E14001268","E15000006","E24000005","E30000237","E16000150","E07000240","26UGGD","E00120314","26UGGD","E65000001","E01023692","E02004924","5","6D1","E00120314","E01023692","E02004924","E33027399","E38000079","E63011425","C1","5B2",51.825425,-0.360626,"E37000048","","E23000027",24546,"E56000035","E54000025","E00120314","E01023692","E02004924"
"AL5 4FE","AL5  4FE","AL5 4FE","200806","","E10000015","E58000624","E07000240","E05013952","E04013284","0","514475","0215131","1","E18000006","E40000007","E92000001","E12000006","5","E14001268","E15000006","E24000005","E30000237","E16000150","E07000240","26UGGC","E00120286","26UGGC","E65000001","E01023685","E02004925","5","6D1","E00120286","E01023685","E02004925","E33027403","E38000079","E63011425","C1","5A3",51.823091,-0.340410,"E37000048","","E23000027",30948,"E56000035","E54000025","E00120286","E01023685","E02004925"
"AL5 4FF","AL5  4FF","AL5 4FF","200910","","E10000015","E58000624","E07000240","E05013952","E04013284","0","513746","0215140","1","E18000006","E40000007","E92000001","E12000006","5","E14001268","E15000006","E24000005","E30000237","E16000150","E07000240","26UGGC","E00120282","26UGGC","E65000001","E01023689","E02004925","5","4D1","E00120282","E01023689","E02004925","E33027404","E38000079","E63011425","C1","5B2",51.823314,-0.351004,"E37000048","","E23000027",32427,"E56000035","E54000025","E00120282","E01023689","E02004925"
"AL5 4FG","AL5  4FG","AL5 4FG","201204","","E10000015","E58000624","E07000240","E05013953","E04013284","0","513743","0216026","1","E18000006","E40000007","E92000001","E12000006","5","E14001268","E15000006","E24000005","E30000237","E16000150","E07000240","26UGGD","E00120318","26UGGD","E65000001","E01023693","E02004924","5","2B1","E00120318","E01023693","E02004924","E33027399","E38000079","E63011425","C1","5B3",51.831277,-0.350757,"E37000048","","E23000027",31768,"E56000035","E54000025","E00120318","E01023693","E02004924"
"AL5 4FH","AL5  4FH","AL5 4FH","201511","","E10000015","E58000626","E07000240","E05013955","E04013284","0","513480","0214405","1","E18000006","E40000007","E92000001","E12000006","5","E14001268","E15000006","E24000005","E30000237","E16000150","E07000240","26UGGF","E00120348","26UGGF","E65000001","E01023701","E02004926","5","4D2","E00120348","E01023701","E02004926","E33027407","E38000079","E63011425","C1","5B1",51.816762,-0.355103,"E37000048","","E23000027",29552,"E56000035","E54000025","E00120348","E01023701","E02004926"
"AL5 4FJ","AL5  4FJ","AL5 4FJ","201606","","E10000015","E58000624","E07000240","E05013953","E04013284","0","513873","0215956","1","E18000006","E40000007","E92000001","E12000006","5","E14001268","E15000006","E24000005","E30000237","E16000150","E07000240","26UGGD","E00120318","26UGGD","E65000001","E01023693","E02004924","5","2B1","E00120318","E01023693","E02004924","E33027399","E38000079","E63011425","C1","5B3",51.830621,-0.348894,"E37000048","","E23000027",31768,"E56000035","E54000025","E00120318","E01023693","E02004924"
"AL5 4FL","AL5  4FL","AL5 4FL","201712","","E10000015","E58000624","E07000240","E05013953","E04013284","0","513573","0215364","1","E18000006","E40000007","E92000001","E12000006","5","E14001268","E15000006","E24000005","E30000237","E16000150","E07000240","26UGGD","E00120323","26UGGD","E65000001","E01023693","E02004924","5","6B2","E00120323","E01023693","E02004924","E33027399","E38000079","E63011425","C1","5A2",51.825369,-0.353416,"E37000048","","E23000027",31768,"E56000035","E54000025","E00120323","E01023693","E02004924"
"AL5 4FN","AL5  4FN","AL5 4FN","201903","","E10000015","E58000624","E07000240","E05013952","E04013284","0","514375","0214988","1","E18000006","E40000007","E92000001","E12000006","5","E14001268","E15000006","E24000005","E30000237","E16000150","E07000240","26UGGC","E00120284","26UGGC","E65000001","E01023688","E02004925","5","2B1","E00120284","E01023688","E02004925","E33027403","E38000079","E63011425","C1","5B1",51.821826,-0.341908,"E37000048","","E23000027",26370,"E56000035","E54000025","E00120284","E01023688","E02004925"
"AL5 4FP","AL5  4FP","AL5 4FP","201809","","E10000015","E58000624","E07000240","E05013952","E04013284","0","514105","0214946","1","E18000006","E40000007","E92000001","E12000006","5","E14001268","E15000006","E24000005","E30000237","E16000150","E07000240","26UGGC","E00120283","26UGGC","E65000001","E01023689","E02004925","5","4B3","E00120283","E01023689","E02004925","E33027403","E38000079","E63011425","C1","6A1",51.821504,-0.345837,"E37000048","","E23000027",32427,"E56000035","E54000025","E00120283","E01023689","E02004925"
"AL5 4FQ","AL5  4FQ","AL5 4FQ","201903","","E10000015","E58000626","E07000240","E05013955","E04013284","0","513682","0214169","1","E18000006","E40000007","E92000001","E12000006","5","E14001268","E15000006","E24000005","E30000237","E16000150","E07000240","26UGGF","E00120346","26UGGF","E65000001","E01023701","E02004926","5","2B1","E00120346","E01023701","E02004926","E33027409","E38000079","E63011425","C1","5B2",51.814607,-0.352227,"E37000048","","E23000027",29552,"E56000035","E54000025","E00120346","E01023701","E02004926"
"AL5 4FR","AL5  4FR","AL5 4FR","202004","","E10000015","E58000626","E07000240","E05013955","E04013284","0","513359","0215187","1","E18000006","E40000007","E92000001","E12000006","5","E14001268","E15000006","E24000005","E30000237","E16000150","E07000240","26UGGF","E00120363","26UGGF","E65000001","E01023699","E02004926","5","4D1","E00120363","E01023699","E02004926","E33027407","E38000079","E63011425","C1","6A4",51.823822,-0.356577,"E37000048","","E23000027",32632,"E56000035","E54000025","E00120363","E01023699","E02004926"
"AL5 4FS","AL5  4FS","AL5 4FS","202007","","E10000015","E58000624","E07000240","E05013953","E04013284","0","513538","0215272","1","E18000006","E40000007","E92000001","E12000006","5","E14001268","E15000006","E24000005","E30000237","E16000150","E07000240","26UGGD","E00120314","26UGGD","E65000001","E01023692","E02004924","5","6D1","E00120314","E01023692","E02004924","E33027399","E38000079","E63011425","C1","5B2",51.824549,-0.353953,"E37000048","","E23000027",24546,"E56000035","E54000025","E00120314","E01023692","E02004924"
"AL5 4FT","AL5  4FT","AL5 4FT","202007","202010","E10000015","E58000624","E07000240","E05013953","E04013284","0","513551","0215273","1","E18000006","E40000007","E92000001","E12000006","5","E14001268","E15000006","E24000005","E30000237","E16000150","E07000240","26UGGD","E00120314","26UGGD","E65000001","E01023692","E02004924","5","6D1","E00120314","E01023692","E02004924","E33027399","E38000079","E63011425","C1","5B2",51.824556,-0.353765,"E37000048","","E23000027",24546,"E56000035","E54000025","E00120314","E01023692","E02004924"
"AL5 4FU","AL5  4FU","AL5 4FU","202301","","E10000015","E58000624","E07000240","E05013953","E04013284","0","513911","0215710","1","E18000006","E40000007","E92000001","E12000006","5","E14001268","E15000006","E24000005","E30000237","E16000150","E07000240","26UGGD","E00120321","26UGGD","E65000001","E01023693","E02004924","5","4A2","E00120321","E01023693","E02004924","E33024303","E38000079","E63011425","C1","6B2",51.828410,-0.348400,"E37000048","","E23000027",31768,"E56000035","E54000025","E00120321","E01023693","E02004924"
"AL5 4FW","AL5  4FW","AL5 4FW","202304","","E10000015","E58000624","E07000240","E05013953","E04013284","0","513899","0215942","1","E18000006","E40000007","E92000001","E12000006","5","E14001268","E15000006","E24000005","E30000237","E16000150","E07000240","26UGGD","E00120318","26UGGD","E65000001","E01023693","E02004924","5","2B1","E00120318","E01023693","E02004924","E33027399","E38000079","E63011425","C1","5B3",51.830498,-0.348497,"E37000048","","E23000027",31768,"E56000035","E54000025","E00120318","E01023693","E02004924"
"AL5 4FX","AL5  4FX","AL5 4FX","202408","","E10000015","E58000626","E07000240","E05013955","E04013284","0","513597","0214354","1","E18000006","E40000007","E92000001","E12000006","5","E14001268","E15000006","E24000005","E30000237","E16000150","E07000240","26UGGF","E00120354","26UGGF","E65000001","E01023701","E02004926","5","6D2","E00120354","E01023701","E02004926","E33024310","E38000079","E63011425","C1","5B1",51.816287,-0.353399,"E37000048","","E23000027",29552,"E56000035","E54000025","E00120354","E01023701","E02004926"
"AL5 4GA","AL5  4GA","AL5 4GA","199512","","E10000015","E58000624","E07000240","E05013953","E04013284","0","513474","0215396","1","E18000006","E40000007","E92000001","E12000006","5","E14001268","E15000006","E24000005","E30000237","E16000150","E07000240","26UGGD","E00120314","26UGGD","E65000001","E01023692","E02004924","5","6D1","E00120314","E01023692","E02004924","E33027399","E38000079","E63011425","C1","5B2",51.825677,-0.354841,"E37000048","","E23000027",24546,"E56000035","E54000025","E00120314","E01023692","E02004924"
"AL5 4GB","AL5  4GB","AL5 4GB","199512","","E10000015","E58000624","E07000240","E05013953","E04013284","0","513520","0215397","1","E18000006","E40000007","E92000001","E12000006","5","E14001268","E15000006","E24000005","E30000237","E16000150","E07000240","26UGGD","E00120314","26UGGD","E65000001","E01023692","E02004924","5","6D1","E00120314","E01023692","E02004924","E33027399","E38000079","E63011425","C1","5B2",51.825669,-0.354198,"E37000048","","E23000027",24546,"E56000035","E54000025","E00120314","E01023692","E02004924"
"AL5 4GJ","AL5  4GJ","AL5 4GJ","200106","","E10000015","E58000624","E07000240","E05013952","E04013284","1","513503","0214923","1","E18000006","E40000007","E92000001","E12000006","5","E14001268","E15000006","E24000005","E30000237","E16000150","E07000240","26UGGC","E00120282","26UGGC","E65000001","E01023689","E02004925","5","4D1","E00120282","E01023689","E02004925","E33027404","E38000079","E63011425","C1","5B2",51.821413,-0.354600,"E37000048","","E23000027",32427,"E56000035","E54000025","E00120282","E01023689","E02004925"
"AL5 4GR","AL5  4GR","AL5 4GR","199706","199806","E10000015","E58000624","E07000240","E05013952","E04013284","1","513704","0215217","6","E18000006","E40000007","E92000001","E12000006","5","E14001268","E15000006","E24000005","E30000237","E16000150","E07000240","26UGGC","E00120282","26UGGC","E65000001","E01023689","E02004925","5","4D1","E00120282","E01023689","E02004925","E33027404","E38000079","E63011425","C1","5B2",51.824014,-0.351588,"E37000048","","E23000027",32427,"E56000035","E54000025","E00120282","E01023689","E02004925"
"AL5 4GU","AL5  4GU","AL5 4GU","200012","200402","E10000015","E58000626","E07000240","E05013955","E04013284","1","513594","0214185","1","E18000006","E40000007","E92000001","E12000006","5","E14001268","E15000006","E24000005","E30000237","E16000150","E07000240","26UGGF","E00120354","26UGGF","E65000001","E01023701","E02004926","5","6D2","E00120354","E01023701","E02004926","E33024309","E38000079","E63011425","C1","5B1",51.814762,-0.353522,"E37000048","","E23000027",29552,"E56000035","E54000025","E00120354","E01023701","E02004926"
"AL5 4GW","AL5  4GW","AL5 4GW","201406","","E10000015","E58000624","E07000240","E05013953","E04013284","0","514101","0215491","1","E18000006","E40000007","E92000001","E12000006","5","E14001268","E15000006","E24000005","E30000237","E16000150","E07000240","26UGGD","E00120321","26UGGD","E65000001","E01023693","E02004924","5","4A2","E00120321","E01023693","E02004924","E33024303","E38000079","E63011425","C1","6B2",51.826396,-0.345740,"E37000048","","E23000027",31768,"E56000035","E54000025","E00120321","E01023693","E02004924"
"AL5 4GX","AL5  4GX","AL5 4GX","201404","","E10000015","E58000624","E07000240","E05013953","E04013284","0","514061","0215546","1","E18000006","E40000007","E92000001","E12000006","5","E14001268","E15000006","E24000005","E30000237","E16000150","E07000240","26UGGD","E00120321","26UGGD","E65000001","E01023693","E02004924","5","4A2","E00120321","E01023693","E02004924","E33024303","E38000079","E63011425","C1","6B2",51.826898,-0.346302,"E37000048","","E23000027",31768,"E56000035","E54000025","E00120321","E01023693","E02004924"
"AL5 4GY","AL5  4GY","AL5 4GY","199712","199912","E10000015","E58000624","E07000240","E05013952","E04013284","1","513671","0215097","6","E18000006","E40000007","E92000001","E12000006","5","E14001268","E15000006","E24000005","E30000237","E16000150","E07000240","26UGGC","E00120282","26UGGC","E65000001","E01023689","E02004925","5","4D1","E00120282","E01023689","E02004925","E33027404","E38000079","E63011425","C1","5B2",51.822942,-0.352106,"E37000048","","E23000027",32427,"E56000035","E54000025","E00120282","E01023689","E02004925"
"AL5 4GZ","AL5  4GZ","AL5 4GZ","199712","","E10000015","E58000626","E07000240","E05013955","E04013284","1","513554","0214306","1","E18000006","E40000007","E92000001","E12000006","5","E14001268","E15000006","E24000005","E30000237","E16000150","E07000240","26UGGF","E00120352","26UGGF","E65000001","E01023701","E02004926","5","2B1","E00120352","E01023701","E02004926","E33024306","E38000079","E63011425","C1","2C1",51.815857,-0.354062,"E37000048","","E23000027",29552,"E56000035","E54000025","E00120352","E01023701","E02004926"
"AL5 4HA","AL5  4HA","AL5 4HA","198001","","E10000015","E58000624","E07000240","E05013952","E04013284","0","513480","0215143","1","E18000006","E40000007","E92000001","E12000006","5","E14001268","E15000006","E24000005","E30000237","E16000150","E07000240","26UGGC","E00120282","26UGGC","E65000001","E01023689","E02004925","5","4D1","E00120282","E01023689","E02004925","E33027404","E38000079","E63011425","C1","5B2",51.823395,-0.354861,"E37000048","","E23000027",32427,"E56000035","E54000025","E00120282","E01023689","E02004925"
"AL5 4HB","AL5  4HB","AL5 4HB","198001","","E10000015","E58000624","E07000240","E05013952","E04013284","0","513518","0215167","1","E18000006","E40000007","E92000001","E12000006","5","E14001268","E15000006","E24000005","E30000237","E16000150","E07000240","26UGGC","E00120282","26UGGC","E65000001","E01023689","E02004925","5","4D1","E00120282","E01023689","E02004925","E33027404","E38000079","E63011425","C1","5B2",51.823603,-0.354302,"E37000048","","E23000027",32427,"E56000035","E54000025","E00120282","E01023689","E02004925"
"AL5 4HD","AL5  4HD","AL5 4HD","198001","","E10000015","E58000624","E07000240","E05013952","E04013284","0","513636","0215121","1","E18000006","E40000007","E92000001","E12000006","5","E14001268","E15000006","E24000005","E30000237","E16000150","E07000240","26UGGC","E00120282","26UGGC","E65000001","E01023689","E02004925","5","4D1","E00120282","E01023689","E02004925","E33027404","E38000079","E63011425","C1","5B2",51.823172,-0.352582,"E37000048","","E23000027",32427,"E56000035","E54000025","E00120282","E01023689","E02004925"
"AL5 4HE","AL5  4HE","AL5 4HE","198001","","E10000015","E58000624","E07000240","E05013952","E04013284","0","513681","0215215","1","E18000006","E40000007","E92000001","E12000006","5","E14001268","E15000006","E24000005","E30000237","E16000150","E07000240","26UGGC","E00120282","26UGGC","E65000001","E01023689","E02004925","5","4D1","E00120282","E01023689","E02004925","E33027404","E38000079","E63011425","C1","5B2",51.824001,-0.351922,"E37000048","","E23000027",32427,"E56000035","E54000025","E00120282","E01023689","E02004925"
"AL5 4HF","AL5  4HF","AL5 4HF","198001","","E10000015","E58000624","E07000240","E05013953","E04013284","0","513689","0215271","1","E18000006","E40000007","E92000001","E12000006","5","E14001268","E15000006","E24000005","E30000237","E16000150","E07000240","26UGGD","E00120314","26UGGD","E65000001","E01023692","E02004924","5","6D1","E00120314","E01023692","E02004924","E33027399","E38000079","E63011425","C1","5B2",51.824503,-0.351788,"E37000048","","E23000027",24546,"E56000035","E54000025","E00120314","E01023692","E02004924"
"AL5 4HG","AL5  4HG","AL5 4HG","198001","","E10000015","E58000624","E07000240","E05013953","E04013284","0","513662","0215352","1","E18000006","E40000007","E92000001","E12000006","5","E14001268","E15000006","E24000005","E30000237","E16000150","E07000240","26UGGD","E00120314","26UGGD","E65000001","E01023692","E02004924","5","6D1","E00120314","E01023692","E02004924","E33027399","E38000079","E63011425","C1","5B2",51.825243,-0.352129,"E37000048","","E23000027",24546,"E56000035","E54000025","E00120314","E01023692","E02004924"
"AL5 4HH","AL5  4HH","AL5 4HH","198001","","E10000015","E58000624","E07000240","E05013953","E04013284","0","513544","0215227","1","E18000006","E40000007","E92000001","E12000006","5","E14001268","E15000006","E24000005","E30000237","E16000150","E07000240","26UGGD","E00120314","26UGGD","E65000001","E01023692","E02004924","5","6D1","E00120314","E01023692","E02004924","E33027399","E38000079","E63011425","C1","5B2",51.824137,-0.353905,"E37000048","","E23000027",24546,"E56000035","E54000025","E00120314","E01023692","E02004924"
"AL5 4HJ","AL5  4HJ","AL5 4HJ","198001","","E10000015","E58000624","E07000240","E05013953","E04013284","0","513468","0215219","1","E18000006","E40000007","E92000001","E12000006","5","E14001268","E15000006","E24000005","E30000237","E16000150","E07000240","26UGGD","E00120314","26UGGD","E65000001","E01023692","E02004924","5","6D1","E00120314","E01023692","E02004924","E33027399","E38000079","E63011425","C1","5B2",51.824080,-0.355010,"E37000048","","E23000027",24546,"E56000035","E54000025","E00120314","E01023692","E02004924"
"AL5 4HL","AL5  4HL","AL5 4HL","198001","","E10000015","E58000624","E07000240","E05013953","E04013284","0","513473","0215257","1","E18000006","E40000007","E92000001","E12000006","5","E14001268","E15000006","E24000005","E30000237","E16000150","E07000240","26UGGD","E00120314","26UGGD","E65000001","E01023692","E02004924","5","6D1","E00120314","E01023692","E02004924","E33027399","E38000079","E63011425","C1","5B2",51.824421,-0.354925,"E37000048","","E23000027",24546,"E56000035","E54000025","E00120314","E01023692","E02004924"
"AL5 4HN","AL5  4HN","AL5 4HN","198001","","E10000015","E58000624","E07000240","E05013953","E04013284","0","513515","0215317","1","E18000006","E40000007","E92000001","E12000006","5","E14001268","E15000006","E24000005","E30000237","E16000150","E07000240","26UGGD","E00120314","26UGGD","E65000001","E01023692","E02004924","5","6D1","E00120314","E01023692","E02004924","E33027399","E38000079","E63011425","C1","5B2",51.824959,-0.354272,"E37000048","","E23000027",24546,"E56000035","E54000025","E00120314","E01023692","E02004924"
"AL5 4HP","AL5  4HP","AL5 4HP","198001","","E10000015","E58000624","E07000240","E05013953","E04013284","0","513549","0215418","1","E18000006","E40000007","E92000001","E12000006","5","E14001268","E15000006","E24000005","E30000237","E16000150","E07000240","26UGGD","E00120314","26UGGD","E65000001","E01023692","E02004924","5","6D1","E00120314","E01023692","E02004924","E33027399","E38000079","E63011425","C1","5B2",51.825852,-0.353770,"E37000048","","E23000027",24546,"E56000035","E54000025","E00120314","E01023692","E02004924"
"AL5 4HQ","AL5  4HQ","AL5 4HQ","198001","","E10000015","E58000624","E07000240","E05013953","E04013284","0","513625","0215378","1","E18000006","E40000007","E92000001","E12000006","5","E14001268","E15000006","E24000005","E30000237","E16000150","E07000240","26UGGD","E00120323","26UGGD","E65000001","E01023693","E02004924","5","6B2","E00120323","E01023693","E02004924","E33027399","E38000079","E63011425","C1","5A2",51.825477,-0.352681,"E37000048","","E23000027",31768,"E56000035","E54000025","E00120323","E01023693","E02004924"
"AL5 4HR","AL5  4HR","AL5 4HR","198001","","E10000015","E58000624","E07000240","E05013953","E04013284","0","513476","0215463","1","E18000006","E40000007","E92000001","E12000006","5","E14001268","E15000006","E24000005","E30000237","E16000150","E07000240","26UGGD","E00120314","26UGGD","E65000001","E01023692","E02004924","5","6D1","E00120314","E01023692","E02004924","E33027399","E38000079","E63011425","C1","5B2",51.826271,-0.354814,"E37000048","","E23000027",24546,"E56000035","E54000025","E00120314","E01023692","E02004924"
"AL5 4HS","AL5  4HS","AL5 4HS","198001","","E10000015","E58000624","E07000240","E05013953","E04013284","0","513484","0215554","1","E18000006","E40000007","E92000001","E12000006","5","E14001268","E15000006","E24000005","E30000237","E16000150","E07000240","26UGGD","E00120314","26UGGD","E65000001","E01023692","E02004924","5","6D1","E00120314","E01023692","E02004924","E33027399","E38000079","E63011425","C1","5B2",51.827088,-0.354669,"E37000048","","E23000027",24546,"E56000035","E54000025","E00120314","E01023692","E02004924"
"AL5 4HT","AL5  4HT","AL5 4HT","198001","","E10000015","E58000624","E07000240","E05013953","E04013284","0","513470","0215627","1","E18000006","E40000007","E92000001","E12000006","5","E14001268","E15000006","E24000005","E30000237","E16000150","E07000240","26UGGD","E00120314","26UGGD","E65000001","E01023692","E02004924","5","6D1","E00120314","E01023692","E02004924","E33027399","E38000079","E63011425","C1","5B2",51.827754,-0.354823,"E37000048","","E23000027",24546,"E56000035","E54000025","E00120314","E01023692","E02004924"
"AL5 4HU","AL5  4HU","AL5 4HU","198001","","E10000015","E58000626","E07000240","E05013955","E04013284","0","513506","0214268","1","E18000006","E40000007","E92000001","E12000006","5","E14001268","E15000006","E24000005","E30000237","E16000150","E07000240","26UGGF","E00120352","26UGGF","E65000001","E01023701","E02004926","5","2B1","E00120352","E01023701","E02004926","E33024306","E38000079","E63011425","C1","2C1",51.815526,-0.354771,"E37000048","","E23000027",29552,"E56000035","E54000025","E00120352","E01023701","E02004926"
"AL5 4HW","AL5  4HW","AL5 4HW","198001","","E10000015","E58000624","E07000240","E05013953","E04013284","0","513501","0215432","1","E18000006","E40000007","E92000001","E12000006","5","E14001268","E15000006","E24000005","E30000237","E16000150","E07000240","26UGGD","E00120314","26UGGD","E65000001","E01023692","E02004924","5","6D1","E00120314","E01023692","E02004924","E33027399","E38000079","E63011425","C1","5B2",51.825988,-0.354462,"E37000048","","E23000027",24546,"E56000035","E54000025","E00120314","E01023692","E02004924"
"AL5 4HX","AL5  4HX","AL5 4HX","198106","","E10000015","E58000626","E07000240","E05013955","E04013284","0","513518","0214340","1","E18000006","E40000007","E92000001","E12000006","5","E14001268","E15000006","E24000005","E30000237","E16000150","E07000240","26UGGF","E00120352","26UGGF","E65000001","E01023701","E02004926","5","2B1","E00120352","E01023701","E02004926","E33024306","E38000079","E63011425","C1","2C1",51.816177,-0.354549,"E37000048","","E23000027",29552,"E56000035","E54000025","E00120352","E01023701","E02004926"
"AL5 4HY","AL5  4HY","AL5 4HY","198710","","E10000015","E58000626","E07000240","E05013955","E04013284","0","513227","0214837","1","E18000006","E40000007","E92000001","E12000006","5","E14001268","E15000006","E24000005","E30000237","E16000150","E07000240","26UGGF","E00120366","26UGGF","E65000001","E01023699","E02004926","5","6D2","E00120366","E01023699","E02004926","E33027407","E38000079","E63011425","C1","5B2",51.820696,-0.358630,"E37000048","","E23000027",32632,"E56000035","E54000025","E00120366","E01023699","E02004926"
"AL5 4HZ","AL5  4HZ","AL5 4HZ","199706","200006","E10000015","E58000624","E07000240","E05013952","E04013284","1","513671","0215097","6","E18000006","E40000007","E92000001","E12000006","5","E14001268","E15000006","E24000005","E30000237","E16000150","E07000240","26UGGC","E00120282","26UGGC","E65000001","E01023689","E02004925","5","4D1","E00120282","E01023689","E02004925","E33027404","E38000079","E63011425","C1","5B2",51.822942,-0.352106,"E37000048","","E23000027",32427,"E56000035","E54000025","E00120282","E01023689","E02004925"
"AL5 4JA","AL5  4JA","AL5 4JA","199208","","E10000015","E58000626","E07000240","E05013955","E04013284","0","513185","0214767","1","E18000006","E40000007","E92000001","E12000006","5","E14001268","E15000006","E24000005","E30000237","E16000150","E07000240","26UGGF","E00120348","26UGGF","E65000001","E01023701","E02004926","5","4D2","E00120348","E01023701","E02004926","E33027407","E38000079","E63011425","C1","5B1",51.820082,-0.359238,"E37000048","","E23000027",29552,"E56000035","E54000025","E00120348","E01023701","E02004926"
"AL5 4JB","AL5  4JB","AL5 4JB","199208","","E10000015","E58000626","E07000240","E05013955","E04013284","0","513337","0214828","1","E18000006","E40000007","E92000001","E12000006","5","E14001268","E15000006","E24000005","E30000237","E16000150","E07000240","26UGGF","E00120348","26UGGF","E65000001","E01023701","E02004926","5","4D2","E00120348","E01023701","E02004926","E33027407","E38000079","E63011425","C1","5B1",51.820593,-0.357038,"E37000048","","E23000027",29552,"E56000035","E54000025","E00120348","E01023701","E02004926"
"AL5 4JD","AL5  4JD","AL5 4JD","199208","","E10000015","E58000626","E07000240","E05013955","E04013284","0","513359","0214789","1","E18000006","E40000007","E92000001","E12000006","5","E14001268","E15000006","E24000005","E30000237","E16000150","E07000240","26UGGF","E00120348","26UGGF","E65000001","E01023701","E02004926","5","4D2","E00120348","E01023701","E02004926","E33027407","E38000079","E63011425","C1","5B1",51.820238,-0.356732,"E37000048","","E23000027",29552,"E56000035","E54000025","E00120348","E01023701","E02004926"
"AL5 4JE","AL5  4JE","AL5 4JE","199208","","E10000015","E58000626","E07000240","E05013955","E04013284","0","513350","0214731","1","E18000006","E40000007","E92000001","E12000006","5","E14001268","E15000006","E24000005","E30000237","E16000150","E07000240","26UGGF","E00120366","26UGGF","E65000001","E01023699","E02004926","5","6D2","E00120366","E01023699","E02004926","E33027407","E38000079","E63011425","C1","5B2",51.819718,-0.356881,"E37000048","","E23000027",32632,"E56000035","E54000025","E00120366","E01023699","E02004926"
"AL5 4JF","AL5  4JF","AL5 4JF","199208","","E10000015","E58000626","E07000240","E05013955","E04013284","0","513222","0214766","1","E18000006","E40000007","E92000001","E12000006","5","E14001268","E15000006","E24000005","E30000237","E16000150","E07000240","26UGGF","E00120366","26UGGF","E65000001","E01023699","E02004926","5","6D2","E00120366","E01023699","E02004926","E33027407","E38000079","E63011425","C1","5B2",51.820066,-0.358702,"E37000048","","E23000027",32632,"E56000035","E54000025","E00120366","E01023699","E02004926"
"AL5 4JG","AL5  4JG","AL5 4JG","199501","199606","E10000015","E58000624","E07000240","E05013953","E04013284","1","513500","0215400","8","E18000006","E40000007","E92000001","E12000006","5","E14001268","E15000006","E24000005","E30000237","E16000150","E07000240","26UGGD","E00120314","26UGGD","E65000001","E01023692","E02004924","5","6D1","E00120314","E01023692","E02004924","E33027399","E38000079","E63011425","C1","5B2",51.825700,-0.354487,"E37000048","","E23000027",24546,"E56000035","E54000025","E00120314","E01023692","E02004924"
"AL5 4JH","AL5  4JH","AL5 4JH","199501","201109","E10000015","E58000626","E07000240","E05013955","E04013284","1","513594","0214185","1","E18000006","E40000007","E92000001","E12000006","5","E14001268","E15000006","E24000005","E30000237","E16000150","E07000240","26UGGF","E00120354","26UGGF","E65000001","E01023701","E02004926","5","6D2","E00120354","E01023701","E02004926","E33024309","E38000079","E63011425","C1","5B1",51.814762,-0.353522,"E37000048","","E23000027",29552,"E56000035","E54000025","E00120354","E01023701","E02004926"
"AL5 4JJ","AL5  4JJ","AL5 4JJ","199507","200902","E10000015","E58000626","E07000240","E05013955","E04013284","1","513594","0214185","1","E18000006","E40000007","E92000001","E12000006","5","E14001268","E15000006","E24000005","E30000237","E16000150","E07000240","26UGGF","E00120354","26UGGF","E65000001","E01023701","E02004926","5","6D2","E00120354","E01023701","E02004926","E33024309","E38000079","E63011425","C1","5B1",51.814762,-0.353522,"E37000048","","E23000027",29552,"E56000035","E54000025","E00120354","E01023701","E02004926"
"AL5 4JL","AL5  4JL","AL5 4JL","199706","199812","E10000015","E58000624","E07000240","E05013952","E04013284","1","513704","0215217","6","E18000006","E40000007","E92000001","E12000006","5","E14001268","E15000006","E24000005","E30000237","E16000150","E07000240","26UGGC","E00120282","26UGGC","E65000001","E01023689","E02004925","5","4D1","E00120282","E01023689","E02004925","E33027404","E38000079","E63011425","C1","5B2",51.824014,-0.351588,"E37000048","","E23000027",32427,"E56000035","E54000025","E00120282","E01023689","E02004925"
"AL5 4JN","AL5  4JN","AL5 4JN","198001","","E10000015","E58000624","E07000240","E05013953","E04013284","0","513596","0215501","1","E18000006","E40000007","E92000001","E12000006","5","E14001268","E15000006","E24000005","E30000237","E16000150","E07000240","26UGGD","E00120304","26UGGD","E65000001","E01023692","E02004924","5","5B3","E00120304","E01023692","E02004924","E33027399","E38000079","E63011425","C1","4A3",51.826589,-0.353062,"E37000048","","E23000027",24546,"E56000035","E54000025","E00120304","E01023692","E02004924"
"AL5 4JP","AL5  4JP","AL5 4JP","198001","","E10000015","E58000624","E07000240","E05013953","E04013284","0","513731","0215577","1","E18000006","E40000007","E92000001","E12000006","5","E14001268","E15000006","E24000005","E30000237","E16000150","E07000240","26UGGD","E00120304","26UGGD","E65000001","E01023692","E02004924","5","5B3","E00120304","E01023692","E02004924","E33027399","E38000079","E63011425","C1","4A3",51.827244,-0.351079,"E37000048","","E23000027",24546,"E56000035","E54000025","E00120304","E01023692","E02004924"
"AL5 4JQ","AL5  4JQ","AL5 4JQ","199501","199812","E10000015","E58000624","E07000240","E05013952","E04013284","1","513704","0215217","6","E18000006","E40000007","E92000001","E12000006","5","E14001268","E15000006","E24000005","E30000237","E16000150","E07000240","26UGGC","E00120282","26UGGC","E65000001","E01023689","E02004925","5","4D1","E00120282","E01023689","E02004925","E33027404","E38000079","E63011425","C1","5B2",51.824014,-0.351588,"E37000048","","E23000027",32427,"E56000035","E54000025","E00120282","E01023689","E02004925"
"AL5 4JR","AL5  4JR","AL5 4JR","198001","","E10000015","E58000624","E07000240","E05013953","E04013284","0","513689","0215618","1","E18000006","E40000007","E92000001","E12000006","5","E14001268","E15000006","E24000005","E30000237","E16000150","E07000240","26UGGD","E00120315","26UGGD","E65000001","E01023692","E02004924","5","1A3","E00120315","E01023692","E02004924","E33027399","E38000079","E63011425","C1","4A1",51.827621,-0.351674,"E37000048","","E23000027",24546,"E56000035","E54000025","E00120315","E01023692","E02004924"
"AL5 4JS","AL5  4JS","AL5 4JS","198001","","E10000015","E58000624","E07000240","E05013953","E04013284","0","513607","0215552","1","E18000006","E40000007","E92000001","E12000006","5","E14001268","E15000006","E24000005","E30000237","E16000150","E07000240","26UGGD","E00120304","26UGGD","E65000001","E01023692","E02004924","5","5B3","E00120304","E01023692","E02004924","E33027399","E38000079","E63011425","C1","4A3",51.827045,-0.352885,"E37000048","","E23000027",24546,"E56000035","E54000025","E00120304","E01023692","E02004924"
"AL5 4JT","AL5  4JT","AL5 4JT","198001","","E10000015","E58000624","E07000240","E05013953","E04013284","0","513509","0215534","1","E18000006","E40000007","E92000001","E12000006","5","E14001268","E15000006","E24000005","E30000237","E16000150","E07000240","26UGGD","E00120304","26UGGD","E65000001","E01023692","E02004924","5","5B3","E00120304","E01023692","E02004924","E33027399","E38000079","E63011425","C1","4A3",51.826903,-0.354313,"E37000048","","E23000027",24546,"E56000035","E54000025","E00120304","E01023692","E02004924"
"AL5 4JU","AL5  4JU","AL5 4JU","198001","","E10000015","E58000624","E07000240","E05013953","E04013284","0","513603","0215584","1","E18000006","E40000007","E92000001","E12000006","5","E14001268","E15000006","E24000005","E30000237","E16000150","E07000240","26UGGD","E00120304","26UGGD","E65000001","E01023692","E02004924","5","5B3","E00120304","E01023692","E02004924","E33027399","E38000079","E63011425","C1","4A3",51.827333,-0.352933,"E37000048","","E23000027",24546,"E56000035","E54000025","E00120304","E01023692","E02004924"
"AL5 4JW","AL5  4JW","AL5 4JW","198001","","E10000015","E58000624","E07000240","E05013953","E04013284","0","513680","0215550","1","E18000006","E40000007","E92000001","E12000006","5","E14001268","E15000006","E24000005","E30000237","E16000150","E07000240","26UGGD","E00120304","26UGGD","E65000001","E01023692","E02004924","5","5B3","E00120304","E01023692","E02004924","E33027399","E38000079","E63011425","C1","4A3",51.827012,-0.351827,"E37000048","","E23000027",24546,"E56000035","E54000025","E00120304","E01023692","E02004924"
"AL5 4JX","AL5  4JX","AL5 4JX","198001","","E10000015","E58000624","E07000240","E05013953","E04013284","0","513668","0215684","1","E18000006","E40000007","E92000001","E12000006","5","E14001268","E15000006","E24000005","E30000237","E16000150","E07000240","26UGGD","E00120315","26UGGD","E65000001","E01023692","E02004924","5","1A3","E00120315","E01023692","E02004924","E33027399","E38000079","E63011425","C1","4A1",51.828219,-0.351957,"E37000048","","E23000027",24546,"E56000035","E54000025","E00120315","E01023692","E02004924"
"AL5 4JY","AL5  4JY","AL5 4JY","198001","","E10000015","E58000624","E07000240","E05013953","E04013284","0","513742","0215744","1","E18000006","E40000007","E92000001","E12000006","5","E14001268","E15000006","E24000005","E30000237","E16000150","E07000240","26UGGD","E00120315","26UGGD","E65000001","E01023692","E02004924","5","1A3","E00120315","E01023692","E02004924","E33027399","E38000079","E63011425","C1","4A1",51.828743,-0.350864,"E37000048","","E23000027",24546,"E56000035","E54000025","E00120315","E01023692","E02004924"
"AL5 4JZ","AL5  4JZ","AL5 4JZ","198001","","E10000015","E58000624","E07000240","E05013953","E04013284","0","513721","0215778","1","E18000006","E40000007","E92000001","E12000006","5","E14001268","E15000006","E24000005","E30000237","E16000150","E07000240","26UGGD","E00120315","26UGGD","E65000001","E01023692","E02004924","5","1A3","E00120315","E01023692","E02004924","E33027399","E38000079","E63011425","C1","4A1",51.829053,-0.351158,"E37000048","","E23000027",24546,"E56000035","E54000025","E00120315","E01023692","E02004924"
"AL5 4LA","AL5  4LA","AL5 4LA","198001","","E10000015","E58000624","E07000240","E05013953","E04013284","0","513609","0215831","1","E18000006","E40000007","E92000001","E12000006","5","E14001268","E15000006","E24000005","E30000237","E16000150","E07000240","26UGGD","E00120313","26UGGD","E65000001","E01023693","E02004924","5","4D2","E00120313","E01023693","E02004924","E33027399","E38000079","E63011425","C1","6B1",51.829552,-0.352765,"E37000048","","E23000027",31768,"E56000035","E54000025","E00120313","E01023693","E02004924"
"AL5 4LB","AL5  4LB","AL5 4LB","198001","","E10000015","E58000624","E07000240","E05013953","E04013284","0","513615","0215876","1","E18000006","E40000007","E92000001","E12000006","5","E14001268","E15000006","E24000005","E30000237","E16000150","E07000240","26UGGD","E00120313","26UGGD","E65000001","E01023693","E02004924","5","4D2","E00120313","E01023693","E02004924","E33027399","E38000079","E63011425","C1","6B1",51.829955,-0.352663,"E37000048","","E23000027",31768,"E56000035","E54000025","E00120313","E01023693","E02004924"
"AL5 4LD","AL5  4LD","AL5 4LD","198001","","E10000015","E58000624","E07000240","E05013953","E04013284","0","513684","0215818","1","E18000006","E40000007","E92000001","E12000006","5","E14001268","E15000006","E24000005","E30000237","E16000150","E07000240","26UGGD","E00120313","26UGGD","E65000001","E01023693","E02004924","5","4D2","E00120313","E01023693","E02004924","E33027399","E38000079","E63011425","C1","6B1",51.829420,-0.351681,"E37000048","","E23000027",31768,"E56000035","E54000025","E00120313","E01023693","E02004924"
"AL5 4LE","AL5  4LE","AL5 4LE","198001","","E10000015","E58000624","E07000240","E05013953","E04013284","0","513524","0215880","1","E18000006","E40000007","E92000001","E12000006","5","E14001268","E15000006","E24000005","E30000237","E16000150","E07000240","26UGGD","E00120313","26UGGD","E65000001","E01023693","E02004924","5","4D2","E00120313","E01023693","E02004924","E33027399","E38000079","E63011425","C1","6B1",51.830017,-0.353957,"E37000048","","E23000027",31768,"E56000035","E54000025","E00120313","E01023693","E02004924"
"AL5 4LF","AL5  4LF","AL5 4LF","198001","","E10000015","E58000624","E07000240","E05013953","E04013284","0","513549","0215940","1","E18000006","E40000007","E92000001","E12000006","5","E14001268","E15000006","E24000005","E30000237","E16000150","E07000240","26UGGD","E00120313","26UGGD","E65000001","E01023693","E02004924","5","4D2","E00120313","E01023693","E02004924","E33027399","E38000079","E63011425","C1","6B1",51.830543,-0.353599,"E37000048","","E23000027",31768,"E56000035","E54000025","E00120313","E01023693","E02004924"
"AL5 4LG","AL5  4LG","AL5 4LG","198001","","E10000015","E58000624","E07000240","E05013953","E04013284","0","513437","0215904","1","E18000006","E40000007","E92000001","E12000006","5","E14001268","E15000006","E24000005","E30000237","E16000150","E07000240","26UGGD","E00120313","26UGGD","E65000001","E01023693","E02004924","5","4D2","E00120313","E01023693","E02004924","E33027399","E38000079","E63011425","C1","6B1",51.830243,-0.355236,"E37000048","","E23000027",31768,"E56000035","E54000025","E00120313","E01023693","E02004924"
"AL5 4LH","AL5  4LH","AL5 4LH","198001","","E10000015","E58000624","E07000240","E05013953","E04013284","0","513502","0215964","1","E18000006","E40000007","E92000001","E12000006","5","E14001268","E15000006","E24000005","E30000237","E16000150","E07000240","26UGGD","E00120313","26UGGD","E65000001","E01023693","E02004924","5","4D2","E00120313","E01023693","E02004924","E33027399","E38000079","E63011425","C1","6B1",51.830769,-0.354273,"E37000048","","E23000027",31768,"E56000035","E54000025","E00120313","E01023693","E02004924"
"AL5 4LJ","AL5  4LJ","AL5 4LJ","198001","","E10000015","E58000624","E07000240","E05013953","E04013284","0","513598","0215925","1","E18000006","E40000007","E92000001","E12000006","5","E14001268","E15000006","E24000005","E30000237","E16000150","E07000240","26UGGD","E00120313","26UGGD","E65000001","E01023693","E02004924","5","4D2","E00120313","E01023693","E02004924","E33027399","E38000079","E63011425","C1","6B1",51.830399,-0.352894,"E37000048","","E23000027",31768,"E56000035","E54000025","E00120313","E01023693","E02004924"
"AL5 4LL","AL5  4LL","AL5 4LL","198001","","E10000015","E58000624","E07000240","E05013953","E04013284","0","513525","0216018","1","E18000006","E40000007","E92000001","E12000006","5","E14001268","E15000006","E24000005","E30000237","E16000150","E07000240","26UGGD","E00120313","26UGGD","E65000001","E01023693","E02004924","5","4D2","E00120313","E01023693","E02004924","E33027399","E38000079","E63011425","C1","6B1",51.831249,-0.353922,"E37000048","","E23000027",31768,"E56000035","E54000025","E00120313","E01023693","E02004924"
"AL5 4LN","AL5  4LN","AL5 4LN","198001","","E10000015","E58000624","E07000240","E05013953","E04013284","0","513649","0215928","1","E18000006","E40000007","E92000001","E12000006","5","E14001268","E15000006","E24000005","E30000237","E16000150","E07000240","26UGGD","E00120313","26UGGD","E65000001","E01023693","E02004924","5","4D2","E00120313","E01023693","E02004924","E33027399","E38000079","E63011425","C1","6B1",51.830415,-0.352153,"E37000048","","E23000027",31768,"E56000035","E54000025","E00120313","E01023693","E02004924"
"AL5 4LP","AL5  4LP","AL5 4LP","198001","","E10000015","E58000624","E07000240","E05013953","E04013284","0","513740","0215887","1","E18000006","E40000007","E92000001","E12000006","5","E14001268","E15000006","E24000005","E30000237","E16000150","E07000240","26UGGD","E00120315","26UGGD","E65000001","E01023692","E02004924","5","1A3","E00120315","E01023692","E02004924","E33027399","E38000079","E63011425","C1","4A1",51.830028,-0.350846,"E37000048","","E23000027",24546,"E56000035","E54000025","E00120315","E01023692","E02004924"
"AL5 4LQ","AL5  4LQ","AL5 4LQ","198001","","E10000015","E58000624","E07000240","E05013953","E04013284","0","513456","0215846","1","E18000006","E40000007","E92000001","E12000006","5","E14001268","E15000006","E24000005","E30000237","E16000150","E07000240","26UGGD","E00120313","26UGGD","E65000001","E01023693","E02004924","5","4D2","E00120313","E01023693","E02004924","E33027399","E38000079","E63011425","C1","6B1",51.829718,-0.354979,"E37000048","","E23000027",31768,"E56000035","E54000025","E00120313","E01023693","E02004924"
"AL5 4LR","AL5  4LR","AL5 4LR","198001","","E10000015","E58000624","E07000240","E05013953","E04013284","0","513720","0215864","1","E18000006","E40000007","E92000001","E12000006","5","E14001268","E15000006","E24000005","E30000237","E16000150","E07000240","26UGGD","E00120315","26UGGD","E65000001","E01023692","E02004924","5","1A3","E00120315","E01023692","E02004924","E33027399","E38000079","E63011425","C1","4A1",51.829826,-0.351144,"E37000048","","E23000027",24546,"E56000035","E54000025","E00120315","E01023692","E02004924"
"AL5 4LS","AL5  4LS","AL5 4LS","198001","","E10000015","E58000624","E07000240","E05013953","E04013284","0","513823","0215752","1","E18000006","E40000007","E92000001","E12000006","5","E14001268","E15000006","E24000005","E30000237","E16000150","E07000240","26UGGD","E00120323","26UGGD","E65000001","E01023693","E02004924","5","6B2","E00120323","E01023693","E02004924","E33027399","E38000079","E63011425","C1","5A2",51.828798,-0.349687,"E37000048","","E23000027",31768,"E56000035","E54000025","E00120323","E01023693","E02004924"
"AL5 4LT","AL5  4LT","AL5 4LT","198001","","E10000015","E58000624","E07000240","E05013953","E04013284","0","513828","0215802","1","E18000006","E40000007","E92000001","E12000006","5","E14001268","E15000006","E24000005","E30000237","E16000150","E07000240","26UGGD","E00120315","26UGGD","E65000001","E01023692","E02004924","5","1A3","E00120315","E01023692","E02004924","E33027399","E38000079","E63011425","C1","4A1",51.829247,-0.349598,"E37000048","","E23000027",24546,"E56000035","E54000025","E00120315","E01023692","E02004924"
"AL5 4LU","AL5  4LU","AL5 4LU","198001","","E10000015","E58000624","E07000240","E05013953","E04013284","0","513819","0215842","1","E18000006","E40000007","E92000001","E12000006","5","E14001268","E15000006","E24000005","E30000237","E16000150","E07000240","26UGGD","E00120315","26UGGD","E65000001","E01023692","E02004924","5","1A3","E00120315","E01023692","E02004924","E33027399","E38000079","E63011425","C1","4A1",51.829608,-0.349715,"E37000048","","E23000027",24546,"E56000035","E54000025","E00120315","E01023692","E02004924"
"AL5 4LW","AL5  4LW","AL5 4LW","198001","","E10000015","E58000624","E07000240","E05013953","E04013284","0","513642","0215971","1","E18000006","E40000007","E92000001","E12000006","5","E14001268","E15000006","E24000005","E30000237","E16000150","E07000240","26UGGD","E00120313","26UGGD","E65000001","E01023693","E02004924","5","4D2","E00120313","E01023693","E02004924","E33027399","E38000079","E63011425","C1","6B1",51.830803,-0.352240,"E37000048","","E23000027",31768,"E56000035","E54000025","E00120313","E01023693","E02004924"
"AL5 4LX","AL5  4LX","AL5 4LX","198001","","E10000015","E58000624","E07000240","E05013953","E04013284","0","513778","0215945","1","E18000006","E40000007","E92000001","E12000006","5","E14001268","E15000006","E24000005","E30000237","E16000150","E07000240","26UGGD","E00120315","26UGGD","E65000001","E01023692","E02004924","5","1A3","E00120315","E01023692","E02004924","E33027399","E38000079","E63011425","C1","4A1",51.830542,-0.350276,"E37000048","","E23000027",24546,"E56000035","E54000025","E00120315","E01023692","E02004924"
"AL5 4LY","AL5  4LY","AL5 4LY","198001","","E10000015","E58000624","E07000240","E05013953","E04013284","0","513707","0216006","1","E18000006","E40000007","E92000001","E12000006","5","E14001268","E15000006","E24000005","E30000237","E16000150","E07000240","26UGGD","E00120318","26UGGD","E65000001","E01023693","E02004924","5","2B1","E00120318","E01023693","E02004924","E33027399","E38000079","E63011425","C1","5B3",51.831105,-0.351286,"E37000048","","E23000027",31768,"E56000035","E54000025","E00120318","E01023693","E02004924"
"AL5 4LZ","AL5  4LZ","AL5 4LZ","198001","","E10000015","E58000624","E07000240","E05013953","E04013284","0","513897","0215806","1","E18000006","E40000007","E92000001","E12000006","5","E14001268","E15000006","E24000005","E30000237","E16000150","E07000240","26UGGD","E00120318","26UGGD","E65000001","E01023693","E02004924","5","2B1","E00120318","E01023693","E02004924","E33027399","E38000079","E63011425","C1","5B3",51.829268,-0.348596,"E37000048","","E23000027",31768,"E56000035","E54000025","E00120318","E01023693","E02004924"
"AL5 4NA","AL5  4NA","AL5 4NA","198001","","E10000015","E58000624","E07000240","E05013953","E04013284","0","513935","0215900","1","E18000006","E40000007","E92000001","E12000006","5","E14001268","E15000006","E24000005","E30000237","E16000150","E07000240","26UGGD","E00120318","26UGGD","E65000001","E01023693","E02004924","5","2B1","E00120318","E01023693","E02004924","E33027399","E38000079","E63011425","C1","5B3",51.830105,-0.348013,"E37000048","","E23000027",31768,"E56000035","E54000025","E00120318","E01023693","E02004924"
"AL5 4NB","AL5  4NB","AL5 4NB","198001","","E10000015","E58000624","E07000240","E05013953","E04013284","0","513947","0215791","1","E18000006","E40000007","E92000001","E12000006","5","E14001268","E15000006","E24000005","E30000237","E16000150","E07000240","26UGGD","E00120318","26UGGD","E65000001","E01023693","E02004924","5","2B1","E00120318","E01023693","E02004924","E33027399","E38000079","E63011425","C1","5B3",51.829131,-0.347851,"E37000048","","E23000027",31768,"E56000035","E54000025","E00120318","E01023693","E02004924"
"AL5 4ND","AL5  4ND","AL5 4ND","198001","","E10000015","E58000624","E07000240","E05013953","E04013284","0","513906","0215911","1","E18000006","E40000007","E92000001","E12000006","5","E14001268","E15000006","E24000005","E30000237","E16000150","E07000240","26UGGD","E00120318","26UGGD","E65000001","E01023693","E02004924","5","2B1","E00120318","E01023693","E02004924","E33027399","E38000079","E63011425","C1","5B3",51.830218,-0.348406,"E37000048","","E23000027",31768,"E56000035","E54000025","E00120318","E01023693","E02004924"
"AL5 4NE","AL5  4NE","AL5 4NE","198001","199501","E10000015","E58000624","E07000240","E05013953","E04013284","1","513900","0215900","8","E18000006","E40000007","E92000001","E12000006","5","E14001268","E15000006","E24000005","E30000237","E16000150","E07000240","26UGGD","E00120318","26UGGD","E65000001","E01023693","E02004924","5","2B1","E00120318","E01023693","E02004924","E33027399","E38000079","E63011425","C1","5B3",51.830113,-0.348521,"E37000048","","E23000027",31768,"E56000035","E54000025","E00120318","E01023693","E02004924"
"AL5 4NF","AL5  4NF","AL5 4NF","198001","","E10000015","E58000624","E07000240","E05013953","E04013284","0","513989","0215820","1","E18000006","E40000007","E92000001","E12000006","5","E14001268","E15000006","E24000005","E30000237","E16000150","E07000240","26UGGD","E00120318","26UGGD","E65000001","E01023693","E02004924","5","2B1","E00120318","E01023693","E02004924","E33027399","E38000079","E63011425","C1","5B3",51.829376,-0.347256,"E37000048","","E23000027",31768,"E56000035","E54000025","E00120318","E01023693","E02004924"
"AL5 4NG","AL5  4NG","AL5 4NG","198001","","E10000015","E58000624","E07000240","E05013953","E04013284","0","514063","0215786","1","E18000006","E40000007","E92000001","E12000006","5","E14001268","E15000006","E24000005","E30000237","E16000150","E07000240","26UGGD","E00120318","26UGGD","E65000001","E01023693","E02004924","5","2B1","E00120318","E01023693","E02004924","E33027399","E38000079","E63011425","C1","5B3",51.829055,-0.346194,"E37000048","","E23000027",31768,"E56000035","E54000025","E00120318","E01023693","E02004924"
"AL5 4NH","AL5  4NH","AL5 4NH","198001","","E10000015","E58000624","E07000240","E05013953","E04013284","0","514080","0215695","1","E18000006","E40000007","E92000001","E12000006","5","E14001268","E15000006","E24000005","E30000237","E16000150","E07000240","26UGGD","E00120318","26UGGD","E65000001","E01023693","E02004924","5","2B1","E00120318","E01023693","E02004924","E33027399","E38000079","E63011425","C1","5B3",51.828234,-0.345978,"E37000048","","E23000027",31768,"E56000035","E54000025","E00120318","E01023693","E02004924"
"AL5 4NJ","AL5  4NJ","AL5 4NJ","198001","199012","E10000015","E58000624","E07000240","E05013953","E04013284","0","514100","0215500","8","E18000006","E40000007","E92000001","E12000006","5","E14001268","E15000006","E24000005","E30000237","E16000150","E07000240","26UGGD","E00120321","26UGGD","E65000001","E01023693","E02004924","5","4A2","E00120321","E01023693","E02004924","E33024303","E38000079","E63011425","C1","6B2",51.826477,-0.345752,"E37000048","","E23000027",31768,"E56000035","E54000025","E00120321","E01023693","E02004924"
"AL5 4NL","AL5  4NL","AL5 4NL","199002","","E10000015","E58000624","E07000240","E05013952","E04013284","0","514472","0215010","1","E18000006","E40000007","E92000001","E12000006","5","E14001268","E15000006","E24000005","E30000237","E16000150","E07000240","26UGGC","E00120284","26UGGC","E65000001","E01023688","E02004925","5","2B1","E00120284","E01023688","E02004925","E33027403","E38000079","E63011425","C1","5B1",51.821997,-0.340518,"E37000048","","E23000027",26370,"E56000035","E54000025","E00120284","E01023688","E02004925"
"AL5 4NN","AL5  4NN","AL5 4NN","199412","199501","E10000015","E58000624","E07000240","E05013952","E04013284","1","514400","0214900","8","E18000006","E40000007","E92000001","E12000006","5","E14001268","E15000006","E24000005","E30000237","E16000150","E07000240","26UGGC","E00120283","26UGGC","E65000001","E01023689","E02004925","5","4B3","E00120283","E01023689","E02004925","E33027403","E38000079","E63011425","C1","6A1",51.821023,-0.341599,"E37000048","","E23000027",32427,"E56000035","E54000025","E00120283","E01023689","E02004925"
"AL5 4NP","AL5  4NP","AL5 4NP","201011","201102","E10000015","E58000626","E07000240","E05013955","E04013284","0","514203","0213845","1","E18000006","E40000007","E92000001","E12000006","5","E14001268","E15000006","E24000005","E30000237","E16000150","E07000240","26UGGF","E00120361","26UGGF","E65000001","E01023703","E02004926","5","4B3","E00120361","E01023703","E02004926","E33027410","E38000079","E63011425","C1","6A4",51.811582,-0.344803,"E37000048","","E23000027",32505,"E56000035","E54000025","E00120361","E01023703","E02004926"
"AL5 4NQ","AL5  4NQ","AL5 4NQ","198001","","E10000015","E58000624","E07000240","E05013953","E04013284","0","514040","0215662","1","E18000006","E40000007","E92000001","E12000006","5","E14001268","E15000006","E24000005","E30000237","E16000150","E07000240","26UGGD","E00120321","26UGGD","E65000001","E01023693","E02004924","5","4A2","E00120321","E01023693","E02004924","E33024303","E38000079","E63011425","C1","6B2",51.827945,-0.346569,"E37000048","","E23000027",31768,"E56000035","E54000025","E00120321","E01023693","E02004924"
"AL5 4NS","AL5  4NS","AL5 4NS","198001","","E10000015","E58000624","E07000240","E05013953","E04013284","0","513746","0215330","1","E18000006","E40000007","E92000001","E12000006","5","E14001268","E15000006","E24000005","E30000237","E16000150","E07000240","26UGGD","E00120314","26UGGD","E65000001","E01023692","E02004924","5","6D1","E00120314","E01023692","E02004924","E33027399","E38000079","E63011425","C1","5B2",51.825021,-0.350942,"E37000048","","E23000027",24546,"E56000035","E54000025","E00120314","E01023692","E02004924"
"AL5 4NT","AL5  4NT","AL5 4NT","198001","","E10000015","E58000624","E07000240","E05013953","E04013284","0","513737","0215420","1","E18000006","E40000007","E92000001","E12000006","5","E14001268","E15000006","E24000005","E30000237","E16000150","E07000240","26UGGD","E00120323","26UGGD","E65000001","E01023693","E02004924","5","6B2","E00120323","E01023693","E02004924","E33027399","E38000079","E63011425","C1","5A2",51.825832,-0.351043,"E37000048","","E23000027",31768,"E56000035","E54000025","E00120323","E01023693","E02004924"
"AL5 4NU","AL5  4NU","AL5 4NU","198001","201206","E10000015","E58000624","E07000240","E05013953","E04013284","0","513691","0215434","1","E18000006","E40000007","E92000001","E12000006","5","E14001268","E15000006","E24000005","E30000237","E16000150","E07000240","26UGGD","E00120323","26UGGD","E65000001","E01023693","E02004924","5","6B2","E00120323","E01023693","E02004924","E33027399","E38000079","E63011425","C1","5A2",51.825967,-0.351706,"E37000048","","E23000027",31768,"E56000035","E54000025","E00120323","E01023693","E02004924"
"AL5 4NW","AL5  4NW","AL5 4NW","200106","200408","E10000015","E58000626","E07000240","E05013955","E04013284","1","513594","0214185","1","E18000006","E40000007","E92000001","E12000006","5","E14001268","E15000006","E24000005","E30000237","E16000150","E07000240","26UGGF","E00120354","26UGGF","E65000001","E01023701","E02004926","5","6D2","E00120354","E01023701","E02004926","E33024309","E38000079","E63011425","C1","5B1",51.814762,-0.353522,"E37000048","","E23000027",29552,"E56000035","E54000025","E00120354","E01023701","E02004926"
"AL5 4NX","AL5  4NX","AL5 4NX","198001","","E10000015","E58000624","E07000240","E05013953","E04013284","0","513755","0215510","1","E18000006","E40000007","E92000001","E12000006","5","E14001268","E15000006","E24000005","E30000237","E16000150","E07000240","26UGGD","E00120323","26UGGD","E65000001","E01023693","E02004924","5","6B2","E00120323","E01023693","E02004924","E33027399","E38000079","E63011425","C1","5A2",51.826637,-0.350752,"E37000048","","E23000027",31768,"E56000035","E54000025","E00120323","E01023693","E02004924"
"AL5 4NY","AL5  4NY","AL5 4NY","198001","","E10000015","E58000624","E07000240","E05013953","E04013284","0","513771","0215480","1","E18000006","E40000007","E92000001","E12000006","5","E14001268","E15000006","E24000005","E30000237","E16000150","E07000240","26UGGD","E00120323","26UGGD","E65000001","E01023693","E02004924","5","6B2","E00120323","E01023693","E02004924","E33027399","E38000079","E63011425","C1","5A2",51.826364,-0.350530,"E37000048","","E23000027",31768,"E56000035","E54000025","E00120323","E01023693","E02004924"
"AL5 4NZ","AL5  4NZ","AL5 4NZ","198001","","E10000015","E58000624","E07000240","E05013953","E04013284","0","513775","0215639","1","E18000006","E40000007","E92000001","E12000006","5","E14001268","E15000006","E24000005","E30000237","E16000150","E07000240","26UGGD","E00120323","26UGGD","E65000001","E01023693","E02004924","5","6B2","E00120323","E01023693","E02004924","E33027399","E38000079","E63011425","C1","5A2",51.827792,-0.350420,"E37000048","","E23000027",31768,"E56000035","E54000025","E00120323","E01023693","E02004924"
"AL5 4PA","AL5  4PA","AL5 4PA","198001","","E10000015","E58000624","E07000240","E05013953","E04013284","0","513739","0215627","1","E18000006","E40000007","E92000001","E12000006","5","E14001268","E15000006","E24000005","E30000237","E16000150","E07000240","26UGGD","E00120315","26UGGD","E65000001","E01023692","E02004924","5","1A3","E00120315","E01023692","E02004924","E33027399","E38000079","E63011425","C1","4A1",51.827692,-0.350946,"E37000048","","E23000027",24546,"E56000035","E54000025","E00120315","E01023692","E02004924"
"AL5 4PB","AL5  4PB","AL5 4PB","198001","","E10000015","E58000624","E07000240","E05013953","E04013284","0","513889","0215561","1","E18000006","E40000007","E92000001","E12000006","5","E14001268","E15000006","E24000005","E30000237","E16000150","E07000240","26UGGD","E00120323","26UGGD","E65000001","E01023693","E02004924","5","6B2","E00120323","E01023693","E02004924","E33027399","E38000079","E63011425","C1","5A2",51.827075,-0.348768,"E37000048","","E23000027",31768,"E56000035","E54000025","E00120323","E01023693","E02004924"
"AL5 4PD","AL5  4PD","AL5 4PD","198001","","E10000015","E58000624","E07000240","E05013953","E04013284","0","513985","0215590","1","E18000006","E40000007","E92000001","E12000006","5","E14001268","E15000006","E24000005","E30000237","E16000150","E07000240","26UGGD","E00120321","26UGGD","E65000001","E01023693","E02004924","5","4A2","E00120321","E01023693","E02004924","E33024303","E38000079","E63011425","C1","6B2",51.827309,-0.347390,"E37000048","","E23000027",31768,"E56000035","E54000025","E00120321","E01023693","E02004924"
"AL5 4PE","AL5  4PE","AL5 4PE","198001","","E10000015","E58000624","E07000240","E05013953","E04013284","0","513902","0215642","1","E18000006","E40000007","E92000001","E12000006","5","E14001268","E15000006","E24000005","E30000237","E16000150","E07000240","26UGGD","E00120323","26UGGD","E65000001","E01023693","E02004924","5","6B2","E00120323","E01023693","E02004924","E33027399","E38000079","E63011425","C1","5A2",51.827794,-0.348577,"E37000048","","E23000027",31768,"E56000035","E54000025","E00120323","E01023693","E02004924"
"AL5 4PF","AL5  4PF","AL5 4PF","198001","","E10000015","E58000624","E07000240","E05013953","E04013284","0","514043","0215489","1","E18000006","E40000007","E92000001","E12000006","5","E14001268","E15000006","E24000005","E30000237","E16000150","E07000240","26UGGD","E00120321","26UGGD","E65000001","E01023693","E02004924","5","4A2","E00120321","E01023693","E02004924","E33024303","E38000079","E63011425","C1","6B2",51.826390,-0.346582,"E37000048","","E23000027",31768,"E56000035","E54000025","E00120321","E01023693","E02004924"
"AL5 4PG","AL5  4PG","AL5 4PG","198001","","E10000015","E58000624","E07000240","E05013953","E04013284","0","513901","0215437","1","E18000006","E40000007","E92000001","E12000006","5","E14001268","E15000006","E24000005","E30000237","E16000150","E07000240","26UGGD","E00120321","26UGGD","E65000001","E01023693","E02004924","5","4A2","E00120321","E01023693","E02004924","E33024303","E38000079","E63011425","C1","6B2",51.825951,-0.348659,"E37000048","","E23000027",31768,"E56000035","E54000025","E00120321","E01023693","E02004924"
"AL5 4PH","AL5  4PH","AL5 4PH","198001","","E10000015","E58000624","E07000240","E05013953","E04013284","0","513886","0215345","1","E18000006","E40000007","E92000001","E12000006","5","E14001268","E15000006","E24000005","E30000237","E16000150","E07000240","26UGGD","E00120321","26UGGD","E65000001","E01023693","E02004924","5","4A2","E00120321","E01023693","E02004924","E33024303","E38000079","E63011425","C1","6B2",51.825128,-0.348907,"E37000048","","E23000027",31768,"E56000035","E54000025","E00120321","E01023693","E02004924"
"AL5 4PJ","AL5  4PJ","AL5 4PJ","198001","","E10000015","E58000624","E07000240","E05013952","E04013284","0","513932","0215325","1","E18000006","E40000007","E92000001","E12000006","5","E14001268","E15000006","E24000005","E30000237","E16000150","E07000240","26UGGC","E00120300","26UGGC","E65000001","E01023688","E02004925","5","4C3","E00120300","E01023688","E02004925","E33027403","E38000079","E63011425","C1","6B1",51.824938,-0.348246,"E37000048","","E23000027",26370,"E56000035","E54000025","E00120300","E01023688","E02004925"
"AL5 4PL","AL5  4PL","AL5 4PL","198001","","E10000015","E58000624","E07000240","E05013952","E04013284","0","514090","0215315","1","E18000006","E40000007","E92000001","E12000006","5","E14001268","E15000006","E24000005","E30000237","E16000150","E07000240","26UGGC","E00120300","26UGGC","E65000001","E01023688","E02004925","5","4C3","E00120300","E01023688","E02004925","E33027403","E38000079","E63011425","C1","6B1",51.824816,-0.345958,"E37000048","","E23000027",26370,"E56000035","E54000025","E00120300","E01023688","E02004925"
"AL5 4PN","AL5  4PN","AL5 4PN","198001","","E10000015","E58000624","E07000240","E05013953","E04013284","0","514023","0215414","1","E18000006","E40000007","E92000001","E12000006","5","E14001268","E15000006","E24000005","E30000237","E16000150","E07000240","26UGGD","E00120321","26UGGD","E65000001","E01023693","E02004924","5","4A2","E00120321","E01023693","E02004924","E33024303","E38000079","E63011425","C1","6B2",51.825720,-0.346897,"E37000048","","E23000027",31768,"E56000035","E54000025","E00120321","E01023693","E02004924"
"AL5 4PP","AL5  4PP","AL5 4PP","198001","","E10000015","E58000624","E07000240","E05013952","E04013284","0","514147","0215323","1","E18000006","E40000007","E92000001","E12000006","5","E14001268","E15000006","E24000005","E30000237","E16000150","E07000240","26UGGC","E00120300","26UGGC","E65000001","E01023688","E02004925","5","4C3","E00120300","E01023688","E02004925","E33027403","E38000079","E63011425","C1","6B1",51.824877,-0.345128,"E37000048","","E23000027",26370,"E56000035","E54000025","E00120300","E01023688","E02004925"
"AL5 4PQ","AL5  4PQ","AL5 4PQ","198001","","E10000015","E58000624","E07000240","E05013953","E04013284","0","513867","0215459","1","E18000006","E40000007","E92000001","E12000006","5","E14001268","E15000006","E24000005","E30000237","E16000150","E07000240","26UGGD","E00120323","26UGGD","E65000001","E01023693","E02004924","5","6B2","E00120323","E01023693","E02004924","E33027399","E38000079","E63011425","C1","5A2",51.826173,-0.349086,"E37000048","","E23000027",31768,"E56000035","E54000025","E00120323","E01023693","E02004924"
"AL5 4PR","AL5  4PR","AL5 4PR","198001","","E10000015","E58000624","E07000240","E05013952","E04013284","0","514252","0215190","1","E18000006","E40000007","E92000001","E12000006","5","E14001268","E15000006","E24000005","E30000237","E16000150","E07000240","26UGGC","E00120300","26UGGC","E65000001","E01023688","E02004925","5","4C3","E00120300","E01023688","E02004925","E33027403","E38000079","E63011425","C1","6B1",51.823660,-0.343649,"E37000048","","E23000027",26370,"E56000035","E54000025","E00120300","E01023688","E02004925"
"AL5 4PS","AL5  4PS","AL5 4PS","198001","201202","E10000015","E58000624","E07000240","E05013953","E04013284","0","514079","0215531","1","E18000006","E40000007","E92000001","E12000006","5","E14001268","E15000006","E24000005","E30000237","E16000150","E07000240","26UGGD","E00120321","26UGGD","E65000001","E01023693","E02004924","5","4A2","E00120321","E01023693","E02004924","E33024303","E38000079","E63011425","C1","6B2",51.826760,-0.346046,"E37000048","","E23000027",31768,"E56000035","E54000025","E00120321","E01023693","E02004924"
"AL5 4PT","AL5  4PT","AL5 4PT","198001","","E10000015","E58000624","E07000240","E05013953","E04013284","0","513629","0215465","1","E18000006","E40000007","E92000001","E12000006","5","E14001268","E15000006","E24000005","E30000237","E16000150","E07000240","26UGGD","E00120304","26UGGD","E65000001","E01023692","E02004924","5","5B3","E00120304","E01023692","E02004924","E33027399","E38000079","E63011425","C1","4A3",51.826258,-0.352595,"E37000048","","E23000027",24546,"E56000035","E54000025","E00120304","E01023692","E02004924"
"AL5 4PU","AL5  4PU","AL5 4PU","199308","199507","E10000015","E58000624","E07000240","E05013953","E04013284","1","513600","0215400","8","E18000006","E40000007","E92000001","E12000006","5","E14001268","E15000006","E24000005","E30000237","E16000150","E07000240","26UGGD","E00120314","26UGGD","E65000001","E01023692","E02004924","5","6D1","E00120314","E01023692","E02004924","E33027399","E38000079","E63011425","C1","5B2",51.825680,-0.353037,"E37000048","","E23000027",24546,"E56000035","E54000025","E00120314","E01023692","E02004924"
"AL5 4PW","AL5  4PW","AL5 4PW","198001","","E10000015","E58000624","E07000240","E05013952","E04013284","0","514072","0215409","1","E18000006","E40000007","E92000001","E12000006","5","E14001268","E15000006","E24000005","E30000237","E16000150","E07000240","26UGGC","E00120300","26UGGC","E65000001","E01023688","E02004925","5","4C3","E00120300","E01023688","E02004925","E33027403","E38000079","E63011425","C1","6B1",51.825665,-0.346188,"E37000048","","E23000027",26370,"E56000035","E54000025","E00120300","E01023688","E02004925"
"AL5 4PX","AL5  4PX","AL5 4PX","199308","199501","E10000015","E58000624","E07000240","E05013953","E04013284","1","513600","0215400","8","E18000006","E40000007","E92000001","E12000006","5","E14001268","E15000006","E24000005","E30000237","E16000150","E07000240","26UGGD","E00120314","26UGGD","E65000001","E01023692","E02004924","5","6D1","E00120314","E01023692","E02004924","E33027399","E38000079","E63011425","C1","5B2",51.825680,-0.353037,"E37000048","","E23000027",24546,"E56000035","E54000025","E00120314","E01023692","E02004924"
"AL5 4PY","AL5  4PY","AL5 4PY","199405","199606","E10000015","E58000624","E07000240","E05013953","E04013284","1","513600","0215400","8","E18000006","E40000007","E92000001","E12000006","5","E14001268","E15000006","E24000005","E30000237","E16000150","E07000240","26UGGD","E00120314","26UGGD","E65000001","E01023692","E02004924","5","6D1","E00120314","E01023692","E02004924","E33027399","E38000079","E63011425","C1","5B2",51.825680,-0.353037,"E37000048","","E23000027",24546,"E56000035","E54000025","E00120314","E01023692","E02004924"
"AL5 4PZ","AL5  4PZ","AL5 4PZ","199501","199612","E10000015","E58000624","E07000240","E05013953","E04013284","1","513600","0215400","8","E18000006","E40000007","E92000001","E12000006","5","E14001268","E15000006","E24000005","E30000237","E16000150","E07000240","26UGGD","E00120314","26UGGD","E65000001","E01023692","E02004924","5","6D1","E00120314","E01023692","E02004924","E33027399","E38000079","E63011425","C1","5B2",51.825680,-0.353037,"E37000048","","E23000027",24546,"E56000035","E54000025","E00120314","E01023692","E02004924"
"AL5 4QA","AL5  4QA","AL5 4QA","199606","","E10000015","E58000624","E07000240","E05013952","E04013284","0","513688","0214647","1","E18000006","E40000007","E92000001","E12000006","5","E14001268","E15000006","E24000005","E30000237","E16000150","E07000240","26UGGC","E00120282","26UGGC","E65000001","E01023689","E02004925","5","4D1","E00120282","E01023689","E02004925","E33027404","E38000079","E63011425","C1","5B2",51.818895,-0.352007,"E37000048","","E23000027",32427,"E56000035","E54000025","E00120282","E01023689","E02004925"
"AL5 4QB","AL5  4QB","AL5 4QB","198001","","E10000015","E58000624","E07000240","E05013952","E04013284","0","513808","0214722","1","E18000006","E40000007","E92000001","E12000006","5","E14001268","E15000006","E24000005","E30000237","E16000150","E07000240","26UGGC","E00120281","26UGGC","E65000001","E01023689","E02004925","5","6D1","E00120281","E01023689","E02004925","E33027404","E38000079","E63011425","C1","5B3",51.819544,-0.350242,"E37000048","","E23000027",32427,"E56000035","E54000025","E00120281","E01023689","E02004925"
"AL5 4QD","AL5  4QD","AL5 4QD","198001","","E10000015","E58000624","E07000240","E05013952","E04013284","0","513754","0214722","1","E18000006","E40000007","E92000001","E12000006","5","E14001268","E15000006","E24000005","E30000237","E16000150","E07000240","26UGGC","E00120282","26UGGC","E65000001","E01023689","E02004925","5","4D1","E00120282","E01023689","E02004925","E33027404","E38000079","E63011425","C1","5B2",51.819555,-0.351026,"E37000048","","E23000027",32427,"E56000035","E54000025","E00120282","E01023689","E02004925"
"AL5 4QE","AL5  4QE","AL5 4QE","198001","","E10000015","E58000624","E07000240","E05013952","E04013284","0","513855","0214867","1","E18000006","E40000007","E92000001","E12000006","5","E14001268","E15000006","E24000005","E30000237","E16000150","E07000240","26UGGC","E00120282","26UGGC","E65000001","E01023689","E02004925","5","4D1","E00120282","E01023689","E02004925","E33027404","E38000079","E63011425","C1","5B2",51.820838,-0.349513,"E37000048","","E23000027",32427,"E56000035","E54000025","E00120282","E01023689","E02004925"
"AL5 4QF","AL5  4QF","AL5 4QF","198001","","E10000015","E58000624","E07000240","E05013952","E04013284","0","514057","0214831","1","E18000006","E40000007","E92000001","E12000006","5","E14001268","E15000006","E24000005","E30000237","E16000150","E07000240","26UGGC","E00120289","26UGGC","E65000001","E01023686","E02004925","5","4B3","E00120289","E01023686","E02004925","E33027405","E38000079","E63011425","C1","6A2",51.820473,-0.346596,"E37000048","","E23000027",32803,"E56000035","E54000025","E00120289","E01023686","E02004925"
"AL5 4QG","AL5  4QG","AL5 4QG","198001","","E10000015","E58000624","E07000240","E05013952","E04013284","0","514176","0214819","1","E18000006","E40000007","E92000001","E12000006","5","E14001268","E15000006","E24000005","E30000237","E16000150","E07000240","26UGGC","E00120289","26UGGC","E65000001","E01023686","E02004925","5","4B3","E00120289","E01023686","E02004925","E33027405","E38000079","E63011425","C1","6A2",51.820341,-0.344874,"E37000048","","E23000027",32803,"E56000035","E54000025","E00120289","E01023686","E02004925"
"AL5 4QH","AL5  4QH","AL5 4QH","198301","","E10000015","E58000624","E07000240","E05013952","E04013284","0","514231","0215287","1","E18000006","E40000007","E92000001","E12000006","5","E14001268","E15000006","E24000005","E30000237","E16000150","E07000240","26UGGC","E00120300","26UGGC","E65000001","E01023688","E02004925","5","4C3","E00120300","E01023688","E02004925","E33027403","E38000079","E63011425","C1","6B1",51.824543,-0.343898,"E37000048","","E23000027",26370,"E56000035","E54000025","E00120300","E01023688","E02004925"
"AL5 4QJ","AL5  4QJ","AL5 4QJ","198001","","E10000015","E58000624","E07000240","E05013952","E04013284","0","513928","0215037","1","E18000006","E40000007","E92000001","E12000006","5","E14001268","E15000006","E24000005","E30000237","E16000150","E07000240","26UGGC","E00120282","26UGGC","E65000001","E01023689","E02004925","5","4D1","E00120282","E01023689","E02004925","E33027404","E38000079","E63011425","C1","5B2",51.822351,-0.348399,"E37000048","","E23000027",32427,"E56000035","E54000025","E00120282","E01023689","E02004925"
"AL5 4QL","AL5  4QL","AL5 4QL","198001","","E10000015","E58000624","E07000240","E05013952","E04013284","0","513822","0215187","1","E18000006","E40000007","E92000001","E12000006","5","E14001268","E15000006","E24000005","E30000237","E16000150","E07000240","26UGGC","E00120282","26UGGC","E65000001","E01023689","E02004925","5","4D1","E00120282","E01023689","E02004925","E33027404","E38000079","E63011425","C1","5B2",51.823728,-0.349862,"E37000048","","E23000027",32427,"E56000035","E54000025","E00120282","E01023689","E02004925"
"AL5 4QN","AL5  4QN","AL5 4QN","198001","","E10000015","E58000624","E07000240","E05013952","E04013284","0","513848","0215226","1","E18000006","E40000007","E92000001","E12000006","5","E14001268","E15000006","E24000005","E30000237","E16000150","E07000240","26UGGC","E00120282","26UGGC","E65000001","E01023689","E02004925","5","4D1","E00120282","E01023689","E02004925","E33027404","E38000079","E63011425","C1","5B2",51.824066,-0.349497,"E37000048","","E23000027",32427,"E56000035","E54000025","E00120282","E01023689","E02004925"
"AL5 4QP","AL5  4QP","AL5 4QP","198001","","E10000015","E58000624","E07000240","E05013952","E04013284","1","514095","0215076","1","E18000006","E40000007","E92000001","E12000006","5","E14001268","E15000006","E24000005","E30000237","E16000150","E07000240","26UGGC","E00120282","26UGGC","E65000001","E01023689","E02004925","5","4D1","E00120282","E01023689","E02004925","E33027404","E38000079","E63011425","C1","5B2",51.822667,-0.345964,"E37000048","","E23000027",32427,"E56000035","E54000025","E00120282","E01023689","E02004925"
"AL5 4QQ","AL5  4QQ","AL5 4QQ","198001","","E10000015","E58000624","E07000240","E05013952","E04013284","0","514057","0214899","1","E18000006","E40000007","E92000001","E12000006","5","E14001268","E15000006","E24000005","E30000237","E16000150","E07000240","26UGGC","E00120283","26UGGC","E65000001","E01023689","E02004925","5","4B3","E00120283","E01023689","E02004925","E33027403","E38000079","E63011425","C1","6A1",51.821084,-0.346573,"E37000048","","E23000027",32427,"E56000035","E54000025","E00120283","E01023689","E02004925"
"AL5 4QR","AL5  4QR","AL5 4QR","198001","","E10000015","E58000624","E07000240","E05013952","E04013284","0","513991","0215027","1","E18000006","E40000007","E92000001","E12000006","5","E14001268","E15000006","E24000005","E30000237","E16000150","E07000240","26UGGC","E00120282","26UGGC","E65000001","E01023689","E02004925","5","4D1","E00120282","E01023689","E02004925","E33027404","E38000079","E63011425","C1","5B2",51.822255,-0.347464,"E37000048","","E23000027",32427,"E56000035","E54000025","E00120282","E01023689","E02004925"
"AL5 4QS","AL5  4QS","AL5 4QS","198001","","E10000015","E58000624","E07000240","E05013952","E04013284","0","514106","0215022","1","E18000006","E40000007","E92000001","E12000006","5","E14001268","E15000006","E24000005","E30000237","E16000150","E07000240","26UGGC","E00120283","26UGGC","E65000001","E01023689","E02004925","5","4B3","E00120283","E01023689","E02004925","E33027403","E38000079","E63011425","C1","6A1",51.822187,-0.345798,"E37000048","","E23000027",32427,"E56000035","E54000025","E00120283","E01023689","E02004925"
"AL5 4QT","AL5  4QT","AL5 4QT","198001","","E10000015","E58000624","E07000240","E05013952","E04013284","0","514149","0215006","1","E18000006","E40000007","E92000001","E12000006","5","E14001268","E15000006","E24000005","E30000237","E16000150","E07000240","26UGGC","E00120283","26UGGC","E65000001","E01023689","E02004925","5","4B3","E00120283","E01023689","E02004925","E33027403","E38000079","E63011425","C1","6A1",51.822027,-0.345204,"E37000048","","E23000027",32427,"E56000035","E54000025","E00120283","E01023689","E02004925"
"AL5 4QU","AL5  4QU","AL5 4QU","198001","","E10000015","E58000624","E07000240","E05013952","E04013284","0","514245","0215089","1","E18000006","E40000007","E92000001","E12000006","5","E14001268","E15000006","E24000005","E30000237","E16000150","E07000240","26UGGC","E00120300","26UGGC","E65000001","E01023688","E02004925","5","4C3","E00120300","E01023688","E02004925","E33027403","E38000079","E63011425","C1","6B1",51.822754,-0.343784,"E37000048","","E23000027",26370,"E56000035","E54000025","E00120300","E01023688","E02004925"
"AL5 4QW","AL5  4QW","AL5 4QW","198001","","E10000015","E58000624","E07000240","E05013952","E04013284","1","513959","0215175","1","E18000006","E40000007","E92000001","E12000006","5","E14001268","E15000006","E24000005","E30000237","E16000150","E07000240","26UGGC","E00120282","26UGGC","E65000001","E01023689","E02004925","5","4D1","E00120282","E01023689","E02004925","E33027404","E38000079","E63011425","C1","5B2",51.823585,-0.347904,"E37000048","","E23000027",32427,"E56000035","E54000025","E00120282","E01023689","E02004925"
"AL5 4QX","AL5  4QX","AL5 4QX","198001","","E10000015","E58000624","E07000240","E05013952","E04013284","0","514315","0215078","1","E18000006","E40000007","E92000001","E12000006","5","E14001268","E15000006","E24000005","E30000237","E16000150","E07000240","26UGGC","E00120283","26UGGC","E65000001","E01023689","E02004925","5","4B3","E00120283","E01023689","E02004925","E33027403","E38000079","E63011425","C1","6A1",51.822640,-0.342773,"E37000048","","E23000027",32427,"E56000035","E54000025","E00120283","E01023689","E02004925"
"AL5 4QY","AL5  4QY","AL5 4QY","198001","","E10000015","E58000624","E07000240","E05013952","E04013284","0","514302","0215184","1","E18000006","E40000007","E92000001","E12000006","5","E14001268","E15000006","E24000005","E30000237","E16000150","E07000240","26UGGC","E00120280","26UGGC","E65000001","E01023688","E02004925","5","2B2","E00120280","E01023688","E02004925","E33027403","E38000079","E63011425","C1","2D1",51.823596,-0.342926,"E37000048","","E23000027",26370,"E56000035","E54000025","E00120280","E01023688","E02004925"
"AL5 4QZ","AL5  4QZ","AL5 4QZ","198001","","E10000015","E58000624","E07000240","E05013952","E04013284","0","514377","0215070","1","E18000006","E40000007","E92000001","E12000006","5","E14001268","E15000006","E24000005","E30000237","E16000150","E07000240","26UGGC","E00120284","26UGGC","E65000001","E01023688","E02004925","5","2B1","E00120284","E01023688","E02004925","E33027403","E38000079","E63011425","C1","5B1",51.822556,-0.341876,"E37000048","","E23000027",26370,"E56000035","E54000025","E00120284","E01023688","E02004925"
"AL5 4RA","AL5  4RA","AL5 4RA","198001","","E10000015","E58000624","E07000240","E05013952","E04013284","0","514349","0214999","1","E18000006","E40000007","E92000001","E12000006","5","E14001268","E15000006","E24000005","E30000237","E16000150","E07000240","26UGGC","E00120283","26UGGC","E65000001","E01023689","E02004925","5","4B3","E00120283","E01023689","E02004925","E33027403","E38000079","E63011425","C1","6A1",51.821924,-0.342306,"E37000048","","E23000027",32427,"E56000035","E54000025","E00120283","E01023689","E02004925"
"AL5 4RB","AL5  4RB","AL5 4RB","198001","201712","E10000015","E58000624","E07000240","E05013952","E04013284","0","514370","0214993","1","E18000006","E40000007","E92000001","E12000006","5","E14001268","E15000006","E24000005","E30000237","E16000150","E07000240","26UGGC","E00120284","26UGGC","E65000001","E01023688","E02004925","5","2B1","E00120284","E01023688","E02004925","E33027403","E38000079","E63011425","C1","5B1",51.821865,-0.342003,"E37000048","","E23000027",26370,"E56000035","E54000025","E00120284","E01023688","E02004925"
"AL5 4RD","AL5  4RD","AL5 4RD","198001","","E10000015","E58000624","E07000240","E05013952","E04013284","0","514236","0214938","1","E18000006","E40000007","E92000001","E12000006","5","E14001268","E15000006","E24000005","E30000237","E16000150","E07000240","26UGGC","E00120283","26UGGC","E65000001","E01023689","E02004925","5","4B3","E00120283","E01023689","E02004925","E33027403","E38000079","E63011425","C1","6A1",51.821398,-0.343964,"E37000048","","E23000027",32427,"E56000035","E54000025","E00120283","E01023689","E02004925"
"AL5 4RE","AL5  4RE","AL5 4RE","198001","","E10000015","E58000624","E07000240","E05013952","E04013284","0","514169","0214754","1","E18000006","E40000007","E92000001","E12000006","5","E14001268","E15000006","E24000005","E30000237","E16000150","E07000240","26UGGC","E00120289","26UGGC","E65000001","E01023686","E02004925","5","4B3","E00120289","E01023686","E02004925","E33027405","E38000079","E63011425","C1","6A2",51.819758,-0.344997,"E37000048","","E23000027",32803,"E56000035","E54000025","E00120289","E01023686","E02004925"
"AL5 4RF","AL5  4RF","AL5 4RF","198001","","E10000015","E58000624","E07000240","E05013952","E04013284","0","514339","0214860","1","E18000006","E40000007","E92000001","E12000006","5","E14001268","E15000006","E24000005","E30000237","E16000150","E07000240","26UGGC","E00120283","26UGGC","E65000001","E01023689","E02004925","5","4B3","E00120283","E01023689","E02004925","E33027403","E38000079","E63011425","C1","6A1",51.820676,-0.342496,"E37000048","","E23000027",32427,"E56000035","E54000025","E00120283","E01023689","E02004925"
"AL5 4RG","AL5  4RG","AL5 4RG","198001","","E10000015","E58000624","E07000240","E05013952","E04013284","0","514278","0214875","1","E18000006","E40000007","E92000001","E12000006","5","E14001268","E15000006","E24000005","E30000237","E16000150","E07000240","26UGGC","E00120283","26UGGC","E65000001","E01023689","E02004925","5","4B3","E00120283","E01023689","E02004925","E33027403","E38000079","E63011425","C1","6A1",51.820824,-0.343376,"E37000048","","E23000027",32427,"E56000035","E54000025","E00120283","E01023689","E02004925"
"AL5 4RH","AL5  4RH","AL5 4RH","198001","","E10000015","E58000624","E07000240","E05013952","E04013284","0","514399","0214829","1","E18000006","E40000007","E92000001","E12000006","5","E14001268","E15000006","E24000005","E30000237","E16000150","E07000240","26UGGC","E00120284","26UGGC","E65000001","E01023688","E02004925","5","2B1","E00120284","E01023688","E02004925","E33027403","E38000079","E63011425","C1","5B1",51.820385,-0.341637,"E37000048","","E23000027",26370,"E56000035","E54000025","E00120284","E01023688","E02004925"
"AL5 4RJ","AL5  4RJ","AL5 4RJ","198704","199012","E10000015","E58000624","E07000240","E05013952","E04013284","1","514200","0214700","8","E18000006","E40000007","E92000001","E12000006","5","E14001268","E15000006","E24000005","E30000237","E16000150","E07000240","26UGGC","E00120287","26UGGC","E65000001","E01023686","E02004925","5","4D2","E00120287","E01023686","E02004925","E33027405","E38000079","E63011425","C1","6A1",51.819267,-0.344565,"E37000048","","E23000027",32803,"E56000035","E54000025","E00120287","E01023686","E02004925"
"AL5 4RL","AL5  4RL","AL5 4RL","198001","","E10000015","E58000624","E07000240","E05013952","E04013284","0","514351","0214748","1","E18000006","E40000007","E92000001","E12000006","5","E14001268","E15000006","E24000005","E30000237","E16000150","E07000240","26UGGC","E00120287","26UGGC","E65000001","E01023686","E02004925","5","4D2","E00120287","E01023686","E02004925","E33027405","E38000079","E63011425","C1","6A1",51.819667,-0.342359,"E37000048","","E23000027",32803,"E56000035","E54000025","E00120287","E01023686","E02004925"
"AL5 4RN","AL5  4RN","AL5 4RN","198001","","E10000015","E58000624","E07000240","E05013952","E04013284","0","513645","0214551","1","E18000006","E40000007","E92000001","E12000006","5","E14001268","E15000006","E24000005","E30000237","E16000150","E07000240","26UGGC","E00120290","26UGGC","E65000001","E01023689","E02004925","5","2B1","E00120290","E01023689","E02004925","E33027404","E38000079","E63011425","C1","5B1",51.818048,-0.352638,"E37000048","","E23000027",32427,"E56000035","E54000025","E00120290","E01023689","E02004925"
"AL5 4RP","AL5  4RP","AL5 4RP","198001","","E10000015","E58000624","E07000240","E05013952","E04013284","0","514406","0215022","1","E18000006","E40000007","E92000001","E12000006","5","E14001268","E15000006","E24000005","E30000237","E16000150","E07000240","26UGGC","E00120284","26UGGC","E65000001","E01023688","E02004925","5","2B1","E00120284","E01023688","E02004925","E33027403","E38000079","E63011425","C1","5B1",51.822119,-0.341471,"E37000048","","E23000027",26370,"E56000035","E54000025","E00120284","E01023688","E02004925"
"AL5 4RQ","AL5  4RQ","AL5 4RQ","198001","","E10000015","E58000624","E07000240","E05013952","E04013284","0","514447","0214937","1","E18000006","E40000007","E92000001","E12000006","5","E14001268","E15000006","E24000005","E30000237","E16000150","E07000240","26UGGC","E00120284","26UGGC","E65000001","E01023688","E02004925","5","2B1","E00120284","E01023688","E02004925","E33027403","E38000079","E63011425","C1","5B1",51.821346,-0.340905,"E37000048","","E23000027",26370,"E56000035","E54000025","E00120284","E01023688","E02004925"
"AL5 4RR","AL5  4RR","AL5 4RR","198307","","E10000015","E58000624","E07000240","E05013952","E04013284","0","514502","0214859","1","E18000006","E40000007","E92000001","E12000006","5","E14001268","E15000006","E24000005","E30000237","E16000150","E07000240","26UGGC","E00120285","26UGGC","E65000001","E01023685","E02004925","5","4D1","E00120285","E01023685","E02004925","E33027405","E38000079","E63011425","C1","6A4",51.820634,-0.340133,"E37000048","","E23000027",30948,"E56000035","E54000025","E00120285","E01023685","E02004925"
"AL5 4RS","AL5  4RS","AL5 4RS","199405","200205","E10000015","E58000626","E07000240","E05013955","E04013284","0","513406","0214404","1","E18000006","E40000007","E92000001","E12000006","5","E14001268","E15000006","E24000005","E30000237","E16000150","E07000240","26UGGF","E00120352","26UGGF","E65000001","E01023701","E02004926","5","2B1","E00120352","E01023701","E02004926","E33024304","E38000079","E63011425","C1","2C1",51.816768,-0.356176,"E37000048","","E23000027",29552,"E56000035","E54000025","E00120352","E01023701","E02004926"
"AL5 4RT","AL5  4RT","AL5 4RT","199501","200708","E10000015","E58000626","E07000240","E05013955","E04013284","1","513594","0214185","1","E18000006","E40000007","E92000001","E12000006","5","E14001268","E15000006","E24000005","E30000237","E16000150","E07000240","26UGGF","E00120354","26UGGF","E65000001","E01023701","E02004926","5","6D2","E00120354","E01023701","E02004926","E33024309","E38000079","E63011425","C1","5B1",51.814762,-0.353522,"E37000048","","E23000027",29552,"E56000035","E54000025","E00120354","E01023701","E02004926"
"AL5 4RU","AL5  4RU","AL5 4RU","200704","","E10000015","E58000624","E07000240","E05013952","E04013284","0","514399","0215110","1","E18000006","E40000007","E92000001","E12000006","5","E14001268","E15000006","E24000005","E30000237","E16000150","E07000240","26UGGC","E00120280","26UGGC","E65000001","E01023688","E02004925","5","2B2","E00120280","E01023688","E02004925","E33027403","E38000079","E63011425","C1","2D1",51.822911,-0.341544,"E37000048","","E23000027",26370,"E56000035","E54000025","E00120280","E01023688","E02004925"
"AL5 4RW","AL5  4RW","AL5 4RW","198001","","E10000015","E58000624","E07000240","E05013952","E04013284","0","514443","0215043","1","E18000006","E40000007","E92000001","E12000006","5","E14001268","E15000006","E24000005","E30000237","E16000150","E07000240","26UGGC","E00120284","26UGGC","E65000001","E01023688","E02004925","5","2B1","E00120284","E01023688","E02004925","E33027403","E38000079","E63011425","C1","5B1",51.822300,-0.340928,"E37000048","","E23000027",26370,"E56000035","E54000025","E00120284","E01023688","E02004925"
"AL5 4SA","AL5  4SA","AL5 4SA","198001","","E10000015","E58000626","E07000240","E05013955","E04013284","0","513539","0214158","1","E18000006","E40000007","E92000001","E12000006","5","E14001268","E15000006","E24000005","E30000237","E16000150","E07000240","26UGGF","E00120354","26UGGF","E65000001","E01023701","E02004926","5","6D2","E00120354","E01023701","E02004926","E33024312","E38000079","E63011425","C1","5B1",51.814537,-0.354304,"E37000048","","E23000027",29552,"E56000035","E54000025","E00120354","E01023701","E02004926"
"AL5 4SB","AL5  4SB","AL5 4SB","199002","201503","E10000015","E58000626","E07000240","E05013955","E04013284","1","513488","0214408","1","E18000006","E40000007","E92000001","E12000006","5","E14001268","E15000006","E24000005","E30000237","E16000150","E07000240","26UGGF","E00120348","26UGGF","E65000001","E01023701","E02004926","5","4D2","E00120348","E01023701","E02004926","E33027407","E38000079","E63011425","C1","5B1",51.816787,-0.354986,"E37000048","","E23000027",29552,"E56000035","E54000025","E00120348","E01023701","E02004926"
"AL5 4SD","AL5  4SD","AL5 4SD","198001","","E10000015","E58000626","E07000240","E05013955","E04013284","1","513540","0214185","1","E18000006","E40000007","E92000001","E12000006","5","E14001268","E15000006","E24000005","E30000237","E16000150","E07000240","26UGGF","E00120354","26UGGF","E65000001","E01023701","E02004926","5","6D2","E00120354","E01023701","E02004926","E33024312","E38000079","E63011425","C1","5B1",51.814773,-0.354305,"E37000048","","E23000027",29552,"E56000035","E54000025","E00120354","E01023701","E02004926"
"AL5 4SE","AL5  4SE","AL5 4SE","198001","","E10000015","E58000626","E07000240","E05013955","E04013284","0","513585","0214223","1","E18000006","E40000007","E92000001","E12000006","5","E14001268","E15000006","E24000005","E30000237","E16000150","E07000240","26UGGF","E00120354","26UGGF","E65000001","E01023701","E02004926","5","6D2","E00120354","E01023701","E02004926","E33024312","E38000079","E63011425","C1","5B1",51.815105,-0.353640,"E37000048","","E23000027",29552,"E56000035","E54000025","E00120354","E01023701","E02004926"
"AL5 4SF","AL5  4SF","AL5 4SF","198001","199806","E10000015","E58000626","E07000240","E05013955","E04013284","1","513589","0214228","8","E18000006","E40000007","E92000001","E12000006","5","E14001268","E15000006","E24000005","E30000237","E16000150","E07000240","26UGGF","E00120354","26UGGF","E65000001","E01023701","E02004926","5","6D2","E00120354","E01023701","E02004926","E33024312","E38000079","E63011425","C1","5B1",51.815149,-0.353580,"E37000048","","E23000027",29552,"E56000035","E54000025","E00120354","E01023701","E02004926"
"AL5 4SG","AL5  4SG","AL5 4SG","199612","199906","E10000015","E58000624","E07000240","E05013952","E04013284","1","513704","0215217","6","E18000006","E40000007","E92000001","E12000006","5","E14001268","E15000006","E24000005","E30000237","E16000150","E07000240","26UGGC","E00120282","26UGGC","E65000001","E01023689","E02004925","5","4D1","E00120282","E01023689","E02004925","E33027404","E38000079","E63011425","C1","5B2",51.824014,-0.351588,"E37000048","","E23000027",32427,"E56000035","E54000025","E00120282","E01023689","E02004925"
"AL5 4SH","AL5  4SH","AL5 4SH","199208","199405","E10000015","E58000626","E07000240","E05013955","E04013284","1","513600","0214100","8","E18000006","E40000007","E92000001","E12000006","5","E14001268","E15000006","E24000005","E30000237","E16000150","E07000240","26UGGF","E00120354","26UGGF","E65000001","E01023701","E02004926","5","6D2","E00120354","E01023701","E02004926","E33024309","E38000079","E63011425","C1","5B1",51.813997,-0.353463,"E37000048","","E23000027",29552,"E56000035","E54000025","E00120354","E01023701","E02004926"
"AL5 4SJ","AL5  4SJ","AL5 4SJ","198001","","E10000015","E58000626","E07000240","E05013955","E04013284","0","513656","0214144","1","E18000006","E40000007","E92000001","E12000006","5","E14001268","E15000006","E24000005","E30000237","E16000150","E07000240","26UGGF","E00120346","26UGGF","E65000001","E01023701","E02004926","5","2B1","E00120346","E01023701","E02004926","E33027409","E38000079","E63011425","C1","5B2",51.814388,-0.352612,"E37000048","","E23000027",29552,"E56000035","E54000025","E00120346","E01023701","E02004926"
"AL5 4SL","AL5  4SL","AL5 4SL","199912","","E10000015","E58000626","E07000240","E05013955","E04013284","1","513676","0214147","1","E18000006","E40000007","E92000001","E12000006","5","E14001268","E15000006","E24000005","E30000237","E16000150","E07000240","26UGGF","E00120346","26UGGF","E65000001","E01023701","E02004926","5","2B1","E00120346","E01023701","E02004926","E33027409","E38000079","E63011425","C1","5B2",51.814404,-0.352345,"E37000048","","E23000027",29552,"E56000035","E54000025","E00120346","E01023701","E02004926"
"AL5 4SN","AL5  4SN","AL5 4SN","198607","199412","E10000015","E58000626","E07000240","E05013955","E04013284","1","513400","0214400","8","E18000006","E40000007","E92000001","E12000006","5","E14001268","E15000006","E24000005","E30000237","E16000150","E07000240","26UGGF","E00120352","26UGGF","E65000001","E01023701","E02004926","5","2B1","E00120352","E01023701","E02004926","E33024304","E38000079","E63011425","C1","2C1",51.816733,-0.356264,"E37000048","","E23000027",29552,"E56000035","E54000025","E00120352","E01023701","E02004926"
"AL5 4SP","AL5  4SP","AL5 4SP","198001","","E10000015","E58000626","E07000240","E05013955","E04013284","0","513698","0214212","1","E18000006","E40000007","E92000001","E12000006","5","E14001268","E15000006","E24000005","E30000237","E16000150","E07000240","26UGGF","E00120346","26UGGF","E65000001","E01023701","E02004926","5","2B1","E00120346","E01023701","E02004926","E33027409","E38000079","E63011425","C1","5B2",51.814990,-0.351981,"E37000048","","E23000027",29552,"E56000035","E54000025","E00120346","E01023701","E02004926"
"AL5 4SQ","AL5  4SQ","AL5 4SQ","198001","","E10000015","E58000626","E07000240","E05013955","E04013284","0","513587","0214183","1","E18000006","E40000007","E92000001","E12000006","5","E14001268","E15000006","E24000005","E30000237","E16000150","E07000240","26UGGF","E00120354","26UGGF","E65000001","E01023701","E02004926","5","6D2","E00120354","E01023701","E02004926","E33024312","E38000079","E63011425","C1","5B1",51.814752,-0.353600,"E37000048","","E23000027",29552,"E56000035","E54000025","E00120354","E01023701","E02004926"
"AL5 4SR","AL5  4SR","AL5 4SR","198704","199606","E10000015","E58000626","E07000240","E05013955","E04013284","1","513700","0214100","8","E18000006","E40000007","E92000001","E12000006","5","E14001268","E15000006","E24000005","E30000237","E16000150","E07000240","26UGGF","E00120346","26UGGF","E65000001","E01023701","E02004926","5","2B1","E00120346","E01023701","E02004926","E33027409","E38000079","E63011425","C1","5B2",51.813976,-0.352013,"E37000048","","E23000027",29552,"E56000035","E54000025","E00120346","E01023701","E02004926"
"AL5 4SS","AL5  4SS","AL5 4SS","198001","","E10000015","E58000626","E07000240","E05013955","E04013284","0","513665","0214213","1","E18000006","E40000007","E92000001","E12000006","5","E14001268","E15000006","E24000005","E30000237","E16000150","E07000240","26UGGF","E00120354","26UGGF","E65000001","E01023701","E02004926","5","6D2","E00120354","E01023701","E02004926","E33024310","E38000079","E63011425","C1","5B1",51.815059,-0.352428,"E37000048","","E23000027",29552,"E56000035","E54000025","E00120354","E01023701","E02004926"
"AL5 4ST","AL5  4ST","AL5 4ST","198001","","E10000015","E58000626","E07000240","E05013955","E04013284","0","513646","0214275","1","E18000006","E40000007","E92000001","E12000006","5","E14001268","E15000006","E24000005","E30000237","E16000150","E07000240","26UGGF","E00120354","26UGGF","E65000001","E01023701","E02004926","5","6D2","E00120354","E01023701","E02004926","E33024310","E38000079","E63011425","C1","5B1",51.815560,-0.352738,"E37000048","","E23000027",29552,"E56000035","E54000025","E00120354","E01023701","E02004926"
"AL5 4SU","AL5  4SU","AL5 4SU","198001","","E10000015","E58000624","E07000240","E05013952","E04013284","0","513710","0214374","1","E18000006","E40000007","E92000001","E12000006","5","E14001268","E15000006","E24000005","E30000237","E16000150","E07000240","26UGGC","E00120290","26UGGC","E65000001","E01023689","E02004925","5","2B1","E00120290","E01023689","E02004925","E33027404","E38000079","E63011425","C1","5B1",51.816437,-0.351778,"E37000048","","E23000027",32427,"E56000035","E54000025","E00120290","E01023689","E02004925"
"AL5 4SW","AL5  4SW","AL5 4SW","198001","","E10000015","E58000626","E07000240","E05013955","E04013284","0","513627","0214197","1","E18000006","E40000007","E92000001","E12000006","5","E14001268","E15000006","E24000005","E30000237","E16000150","E07000240","26UGGF","E00120354","26UGGF","E65000001","E01023701","E02004926","5","6D2","E00120354","E01023701","E02004926","E33024310","E38000079","E63011425","C1","5B1",51.814863,-0.353039,"E37000048","","E23000027",29552,"E56000035","E54000025","E00120354","E01023701","E02004926"
"AL5 4SX","AL5  4SX","AL5 4SX","198001","","E10000015","E58000624","E07000240","E05013952","E04013284","0","513677","0214395","1","E18000006","E40000007","E92000001","E12000006","5","E14001268","E15000006","E24000005","E30000237","E16000150","E07000240","26UGGC","E00120290","26UGGC","E65000001","E01023689","E02004925","5","2B1","E00120290","E01023689","E02004925","E33027404","E38000079","E63011425","C1","5B1",51.816632,-0.352249,"E37000048","","E23000027",32427,"E56000035","E54000025","E00120290","E01023689","E02004925"
"AL5 4SY","AL5  4SY","AL5 4SY","198001","","E10000015","E58000624","E07000240","E05013952","E04013284","0","513647","0214446","1","E18000006","E40000007","E92000001","E12000006","5","E14001268","E15000006","E24000005","E30000237","E16000150","E07000240","26UGGC","E00120290","26UGGC","E65000001","E01023689","E02004925","5","2B1","E00120290","E01023689","E02004925","E33027404","E38000079","E63011425","C1","5B1",51.817097,-0.352668,"E37000048","","E23000027",32427,"E56000035","E54000025","E00120290","E01023689","E02004925"
"AL5 4SZ","AL5  4SZ","AL5 4SZ","198001","201003","E10000015","E58000624","E07000240","E05013952","E04013284","0","513624","0214498","1","E18000006","E40000007","E92000001","E12000006","5","E14001268","E15000006","E24000005","E30000237","E16000150","E07000240","26UGGC","E00120290","26UGGC","E65000001","E01023689","E02004925","5","2B1","E00120290","E01023689","E02004925","E33027404","E38000079","E63011425","C1","5B1",51.817569,-0.352984,"E37000048","","E23000027",32427,"E56000035","E54000025","E00120290","E01023689","E02004925"
"AL5 4TA","AL5  4TA","AL5 4TA","198001","","E10000015","E58000624","E07000240","E05013952","E04013284","1","513622","0214663","1","E18000006","E40000007","E92000001","E12000006","5","E14001268","E15000006","E24000005","E30000237","E16000150","E07000240","26UGGC","E00120290","26UGGC","E65000001","E01023689","E02004925","5","2B1","E00120290","E01023689","E02004925","E33027404","E38000079","E63011425","C1","5B1",51.819052,-0.352959,"E37000048","","E23000027",32427,"E56000035","E54000025","E00120290","E01023689","E02004925"
"AL5 4TB","AL5  4TB","AL5 4TB","198001","","E10000015","E58000624","E07000240","E05013952","E04013284","0","513577","0214715","1","E18000006","E40000007","E92000001","E12000006","5","E14001268","E15000006","E24000005","E30000237","E16000150","E07000240","26UGGC","E00120282","26UGGC","E65000001","E01023689","E02004925","5","4D1","E00120282","E01023689","E02004925","E33027404","E38000079","E63011425","C1","5B2",51.819528,-0.353595,"E37000048","","E23000027",32427,"E56000035","E54000025","E00120282","E01023689","E02004925"
"AL5 4TD","AL5  4TD","AL5 4TD","198001","","E10000015","E58000624","E07000240","E05013952","E04013284","0","513568","0214995","1","E18000006","E40000007","E92000001","E12000006","5","E14001268","E15000006","E24000005","E30000237","E16000150","E07000240","26UGGC","E00120282","26UGGC","E65000001","E01023689","E02004925","5","4D1","E00120282","E01023689","E02004925","E33027404","E38000079","E63011425","C1","5B2",51.822047,-0.353633,"E37000048","","E23000027",32427,"E56000035","E54000025","E00120282","E01023689","E02004925"
"AL5 4TE","AL5  4TE","AL5 4TE","198001","","E10000015","E58000624","E07000240","E05013952","E04013284","0","513715","0214465","1","E18000006","E40000007","E92000001","E12000006","5","E14001268","E15000006","E24000005","E30000237","E16000150","E07000240","26UGGC","E00120281","26UGGC","E65000001","E01023689","E02004925","5","6D1","E00120281","E01023689","E02004925","E33027404","E38000079","E63011425","C1","5B3",51.817254,-0.351675,"E37000048","","E23000027",32427,"E56000035","E54000025","E00120281","E01023689","E02004925"
"AL5 4TF","AL5  4TF","AL5 4TF","198001","","E10000015","E58000624","E07000240","E05013952","E04013284","0","513756","0214411","1","E18000006","E40000007","E92000001","E12000006","5","E14001268","E15000006","E24000005","E30000237","E16000150","E07000240","26UGGC","E00120290","26UGGC","E65000001","E01023689","E02004925","5","2B1","E00120290","E01023689","E02004925","E33027404","E38000079","E63011425","C1","5B1",51.816760,-0.351099,"E37000048","","E23000027",32427,"E56000035","E54000025","E00120290","E01023689","E02004925"
"AL5 4TG","AL5  4TG","AL5 4TG","198001","","E10000015","E58000624","E07000240","E05013952","E04013284","0","513714","0214512","1","E18000006","E40000007","E92000001","E12000006","5","E14001268","E15000006","E24000005","E30000237","E16000150","E07000240","26UGGC","E00120281","26UGGC","E65000001","E01023689","E02004925","5","6D1","E00120281","E01023689","E02004925","E33027404","E38000079","E63011425","C1","5B3",51.817676,-0.351674,"E37000048","","E23000027",32427,"E56000035","E54000025","E00120281","E01023689","E02004925"
"AL5 4TH","AL5  4TH","AL5 4TH","198001","","E10000015","E58000624","E07000240","E05013952","E04013284","0","513768","0214555","1","E18000006","E40000007","E92000001","E12000006","5","E14001268","E15000006","E24000005","E30000237","E16000150","E07000240","26UGGC","E00120281","26UGGC","E65000001","E01023689","E02004925","5","6D1","E00120281","E01023689","E02004925","E33027404","E38000079","E63011425","C1","5B3",51.818052,-0.350877,"E37000048","","E23000027",32427,"E56000035","E54000025","E00120281","E01023689","E02004925"
"AL5 4TJ","AL5  4TJ","AL5 4TJ","198001","","E10000015","E58000624","E07000240","E05013952","E04013284","0","513793","0214490","1","E18000006","E40000007","E92000001","E12000006","5","E14001268","E15000006","E24000005","E30000237","E16000150","E07000240","26UGGC","E00120281","26UGGC","E65000001","E01023689","E02004925","5","6D1","E00120281","E01023689","E02004925","E33027404","E38000079","E63011425","C1","5B3",51.817462,-0.350536,"E37000048","","E23000027",32427,"E56000035","E54000025","E00120281","E01023689","E02004925"
"AL5 4TL","AL5  4TL","AL5 4TL","198001","","E10000015","E58000624","E07000240","E05013952","E04013284","0","513787","0214441","1","E18000006","E40000007","E92000001","E12000006","5","E14001268","E15000006","E24000005","E30000237","E16000150","E07000240","26UGGC","E00120290","26UGGC","E65000001","E01023689","E02004925","5","2B1","E00120290","E01023689","E02004925","E33027404","E38000079","E63011425","C1","5B1",51.817030,-0.350615,"E37000048","","E23000027",32427,"E56000035","E54000025","E00120290","E01023689","E02004925"
"AL5 4TN","AL5  4TN","AL5 4TN","198001","","E10000015","E58000624","E07000240","E05013952","E04013284","0","513824","0214475","1","E18000006","E40000007","E92000001","E12000006","5","E14001268","E15000006","E24000005","E30000237","E16000150","E07000240","26UGGC","E00120290","26UGGC","E65000001","E01023689","E02004925","5","2B1","E00120290","E01023689","E02004925","E33027404","E38000079","E63011425","C1","5B1",51.817321,-0.350091,"E37000048","","E23000027",32427,"E56000035","E54000025","E00120290","E01023689","E02004925"
"AL5 4TP","AL5  4TP","AL5 4TP","198001","","E10000015","E58000624","E07000240","E05013952","E04013284","0","513888","0214697","1","E18000006","E40000007","E92000001","E12000006","5","E14001268","E15000006","E24000005","E30000237","E16000150","E07000240","26UGGC","E00120281","26UGGC","E65000001","E01023689","E02004925","5","6D1","E00120281","E01023689","E02004925","E33027404","E38000079","E63011425","C1","5B3",51.819310,-0.349066,"E37000048","","E23000027",32427,"E56000035","E54000025","E00120281","E01023689","E02004925"
"AL5 4TQ","AL5  4TQ","AL5 4TQ","198001","","E10000015","E58000624","E07000240","E05013952","E04013284","0","513732","0214572","1","E18000006","E40000007","E92000001","E12000006","5","E14001268","E15000006","E24000005","E30000237","E16000150","E07000240","26UGGC","E00120281","26UGGC","E65000001","E01023689","E02004925","5","6D1","E00120281","E01023689","E02004925","E33027404","E38000079","E63011425","C1","5B3",51.818212,-0.351394,"E37000048","","E23000027",32427,"E56000035","E54000025","E00120281","E01023689","E02004925"
"AL5 4TR","AL5  4TR","AL5 4TR","198001","","E10000015","E58000624","E07000240","E05013952","E04013284","0","514062","0214720","1","E18000006","E40000007","E92000001","E12000006","5","E14001268","E15000006","E24000005","E30000237","E16000150","E07000240","26UGGC","E00120289","26UGGC","E65000001","E01023686","E02004925","5","4B3","E00120289","E01023686","E02004925","E33027405","E38000079","E63011425","C1","6A2",51.819475,-0.346560,"E37000048","","E23000027",32803,"E56000035","E54000025","E00120289","E01023686","E02004925"
"AL5 4TS","AL5  4TS","AL5 4TS","198001","","E10000015","E58000624","E07000240","E05013952","E04013284","0","514040","0214683","1","E18000006","E40000007","E92000001","E12000006","5","E14001268","E15000006","E24000005","E30000237","E16000150","E07000240","26UGGC","E00120289","26UGGC","E65000001","E01023686","E02004925","5","4B3","E00120289","E01023686","E02004925","E33027405","E38000079","E63011425","C1","6A2",51.819147,-0.346891,"E37000048","","E23000027",32803,"E56000035","E54000025","E00120289","E01023686","E02004925"
"AL5 4TT","AL5  4TT","AL5 4TT","198001","","E10000015","E58000624","E07000240","E05013952","E04013284","0","514160","0214711","1","E18000006","E40000007","E92000001","E12000006","5","E14001268","E15000006","E24000005","E30000237","E16000150","E07000240","26UGGC","E00120289","26UGGC","E65000001","E01023686","E02004925","5","4B3","E00120289","E01023686","E02004925","E33027405","E38000079","E63011425","C1","6A2",51.819381,-0.345117,"E37000048","","E23000027",32803,"E56000035","E54000025","E00120289","E01023686","E02004925"
"AL5 4TU","AL5  4TU","AL5 4TU","198001","","E10000015","E58000624","E07000240","E05013952","E04013284","0","514061","0214633","1","E18000006","E40000007","E92000001","E12000006","5","E14001268","E15000006","E24000005","E30000237","E16000150","E07000240","26UGGC","E00120289","26UGGC","E65000001","E01023686","E02004925","5","4B3","E00120289","E01023686","E02004925","E33027405","E38000079","E63011425","C1","6A2",51.818693,-0.346603,"E37000048","","E23000027",32803,"E56000035","E54000025","E00120289","E01023686","E02004925"
"AL5 4TW","AL5  4TW","AL5 4TW","198001","","E10000015","E58000624","E07000240","E05013952","E04013284","0","513850","0214557","1","E18000006","E40000007","E92000001","E12000006","5","E14001268","E15000006","E24000005","E30000237","E16000150","E07000240","26UGGC","E00120290","26UGGC","E65000001","E01023689","E02004925","5","2B1","E00120290","E01023689","E02004925","E33027404","E38000079","E63011425","C1","5B1",51.818053,-0.349688,"E37000048","","E23000027",32427,"E56000035","E54000025","E00120290","E01023689","E02004925"
"AL5 4TX","AL5  4TX","AL5 4TX","198001","","E10000015","E58000624","E07000240","E05013952","E04013284","0","513960","0214633","1","E18000006","E40000007","E92000001","E12000006","5","E14001268","E15000006","E24000005","E30000237","E16000150","E07000240","26UGGC","E00120281","26UGGC","E65000001","E01023689","E02004925","5","6D1","E00120281","E01023689","E02004925","E33027404","E38000079","E63011425","C1","5B3",51.818714,-0.348067,"E37000048","","E23000027",32427,"E56000035","E54000025","E00120281","E01023689","E02004925"
"AL5 4TY","AL5  4TY","AL5 4TY","198001","","E10000015","E58000624","E07000240","E05013952","E04013284","0","513988","0214574","1","E18000006","E40000007","E92000001","E12000006","5","E14001268","E15000006","E24000005","E30000237","E16000150","E07000240","26UGGC","E00120289","26UGGC","E65000001","E01023686","E02004925","5","4B3","E00120289","E01023686","E02004925","E33027405","E38000079","E63011425","C1","6A2",51.818178,-0.347681,"E37000048","","E23000027",32803,"E56000035","E54000025","E00120289","E01023686","E02004925"
"AL5 4TZ","AL5  4TZ","AL5 4TZ","198001","","E10000015","E58000624","E07000240","E05013952","E04013284","0","513933","0214527","1","E18000006","E40000007","E92000001","E12000006","5","E14001268","E15000006","E24000005","E30000237","E16000150","E07000240","26UGGC","E00120289","26UGGC","E65000001","E01023686","E02004925","5","4B3","E00120289","E01023686","E02004925","E33027405","E38000079","E63011425","C1","6A2",51.817766,-0.348494,"E37000048","","E23000027",32803,"E56000035","E54000025","E00120289","E01023686","E02004925"
"AL5 4UA","AL5  4UA","AL5 4UA","198704","199112","E10000015","E58000624","E07000240","E05013952","E04013284","1","513700","0214700","8","E18000006","E40000007","E92000001","E12000006","5","E14001268","E15000006","E24000005","E30000237","E16000150","E07000240","26UGGC","E00120282","26UGGC","E65000001","E01023689","E02004925","5","4D1","E00120282","E01023689","E02004925","E33027404","E38000079","E63011425","C1","5B2",51.819369,-0.351816,"E37000048","","E23000027",32427,"E56000035","E54000025","E00120282","E01023689","E02004925"
"AL5 4UB","AL5  4UB","AL5 4UB","198001","","E10000015","E58000624","E07000240","E05013952","E04013284","0","513775","0214425","1","E18000006","E40000007","E92000001","E12000006","5","E14001268","E15000006","E24000005","E30000237","E16000150","E07000240","26UGGC","E00120290","26UGGC","E65000001","E01023689","E02004925","5","2B1","E00120290","E01023689","E02004925","E33027404","E38000079","E63011425","C1","5B1",51.816882,-0.350818,"E37000048","","E23000027",32427,"E56000035","E54000025","E00120290","E01023689","E02004925"
"AL5 4UD","AL5  4UD","AL5 4UD","199706","199906","E10000015","E58000624","E07000240","E05013952","E04013284","1","513704","0215217","6","E18000006","E40000007","E92000001","E12000006","5","E14001268","E15000006","E24000005","E30000237","E16000150","E07000240","26UGGC","E00120282","26UGGC","E65000001","E01023689","E02004925","5","4D1","E00120282","E01023689","E02004925","E33027404","E38000079","E63011425","C1","5B2",51.824014,-0.351588,"E37000048","","E23000027",32427,"E56000035","E54000025","E00120282","E01023689","E02004925"
"AL5 4UE","AL5  4UE","AL5 4UE","198001","","E10000015","E58000624","E07000240","E05013952","E04013284","0","513842","0214489","1","E18000006","E40000007","E92000001","E12000006","5","E14001268","E15000006","E24000005","E30000237","E16000150","E07000240","26UGGC","E00120290","26UGGC","E65000001","E01023689","E02004925","5","2B1","E00120290","E01023689","E02004925","E33027404","E38000079","E63011425","C1","5B1",51.817443,-0.349826,"E37000048","","E23000027",32427,"E56000035","E54000025","E00120290","E01023689","E02004925"
"AL5 4UF","AL5  4UF","AL5 4UF","199208","199405","E10000015","E58000624","E07000240","E05013952","E04013284","1","514200","0214700","8","E18000006","E40000007","E92000001","E12000006","5","E14001268","E15000006","E24000005","E30000237","E16000150","E07000240","26UGGC","E00120287","26UGGC","E65000001","E01023686","E02004925","5","4D2","E00120287","E01023686","E02004925","E33027405","E38000079","E63011425","C1","6A1",51.819267,-0.344565,"E37000048","","E23000027",32803,"E56000035","E54000025","E00120287","E01023686","E02004925"
"AL5 4UG","AL5  4UG","AL5 4UG","199208","199501","E10000015","E58000624","E07000240","E05013952","E04013284","1","514500","0214900","8","E18000006","E40000007","E92000001","E12000006","5","E14001268","E15000006","E24000005","E30000237","E16000150","E07000240","26UGGC","E00120284","26UGGC","E65000001","E01023688","E02004925","5","2B1","E00120284","E01023688","E02004925","E33027403","E38000079","E63011425","C1","5B1",51.821003,-0.340148,"E37000048","","E23000027",26370,"E56000035","E54000025","E00120284","E01023688","E02004925"
"AL5 4UH","AL5  4UH","AL5 4UH","199308","","E10000015","E58000624","E07000240","E05013953","E04013284","0","513643","0215728","1","E18000006","E40000007","E92000001","E12000006","5","E14001268","E15000006","E24000005","E30000237","E16000150","E07000240","26UGGD","E00120314","26UGGD","E65000001","E01023692","E02004924","5","6D1","E00120314","E01023692","E02004924","E33027399","E38000079","E63011425","C1","5B2",51.828619,-0.352305,"E37000048","","E23000027",24546,"E56000035","E54000025","E00120314","E01023692","E02004924"
"AL5 4UJ","AL5  4UJ","AL5 4UJ","198001","","E10000015","E58000624","E07000240","E05013952","E04013284","0","514537","0214973","1","E18000006","E40000007","E92000001","E12000006","5","E14001268","E15000006","E24000005","E30000237","E16000150","E07000240","26UGGC","E00120284","26UGGC","E65000001","E01023688","E02004925","5","2B1","E00120284","E01023688","E02004925","E33027403","E38000079","E63011425","C1","5B1",51.821651,-0.339588,"E37000048","","E23000027",26370,"E56000035","E54000025","E00120284","E01023688","E02004925"
"AL5 4UL","AL5  4UL","AL5 4UL","198001","","E10000015","E58000624","E07000240","E05013952","E04013284","0","514493","0215052","1","E18000006","E40000007","E92000001","E12000006","5","E14001268","E15000006","E24000005","E30000237","E16000150","E07000240","26UGGC","E00120284","26UGGC","E65000001","E01023688","E02004925","5","2B1","E00120284","E01023688","E02004925","E33027403","E38000079","E63011425","C1","5B1",51.822370,-0.340200,"E37000048","","E23000027",26370,"E56000035","E54000025","E00120284","E01023688","E02004925"
"AL5 4UN","AL5  4UN","AL5 4UN","198001","","E10000015","E58000624","E07000240","E05013953","E04013284","0","514177","0215517","1","E18000006","E40000007","E92000001","E12000006","5","E14001268","E15000006","E24000005","E30000237","E16000150","E07000240","26UGGD","E00120321","26UGGD","E65000001","E01023693","E02004924","5","4A2","E00120321","E01023693","E02004924","E33024303","E38000079","E63011425","C1","6B2",51.826621,-0.344605,"E37000048","","E23000027",31768,"E56000035","E54000025","E00120321","E01023693","E02004924"
"AL5 4UP","AL5  4UP","AL5 4UP","199706","201906","E10000015","E58000664","E07000240","E05013956","E43000290","1","517321","0206803","1","E18000006","E40000007","E92000001","E12000006","5","E14001507","E15000006","E24000005","E30000237","E16000150","E07000240","26UGFX","E00120196","26UGFX","E65000001","E01023667","E02004936","5","6D1","E00120196","E01023667","E02004936","E33027453","E38000079","E63011552","C1","5A2",51.747650,-0.301973,"E37000048","","E23000027",30628,"E56000035","E54000025","E00120196","E01023667","E02004936"
"AL5 4UQ","AL5  4UQ","AL5 4UQ","199208","199706","E10000015","E58000624","E07000240","E05013952","E04013284","1","513860","0214911","8","E18000006","E40000007","E92000001","E12000006","5","E14001268","E15000006","E24000005","E30000237","E16000150","E07000240","26UGGC","E00120282","26UGGC","E65000001","E01023689","E02004925","5","4D1","E00120282","E01023689","E02004925","E33027404","E38000079","E63011425","C1","5B2",51.821232,-0.349426,"E37000048","","E23000027",32427,"E56000035","E54000025","E00120282","E01023689","E02004925"
"AL5 4UR","AL5  4UR","AL5 4UR","198001","201602","E10000015","E58000624","E07000240","E05013953","E04013284","1","514125","0215637","1","E18000006","E40000007","E92000001","E12000006","5","E14001268","E15000006","E24000005","E30000237","E16000150","E07000240","26UGGD","E00120318","26UGGD","E65000001","E01023693","E02004924","5","2B1","E00120318","E01023693","E02004924","E33027399","E38000079","E63011425","C1","5B3",51.827703,-0.345344,"E37000048","","E23000027",31768,"E56000035","E54000025","E00120318","E01023693","E02004924"
"AL5 4US","AL5  4US","AL5 4US","200602","","E10000015","E58000624","E07000240","E05013953","E04013284","0","514326","0215344","1","E18000006","E40000007","E92000001","E12000006","5","E14001268","E15000006","E24000005","E30000237","E16000150","E07000240","26UGGD","E00120321","26UGGD","E65000001","E01023693","E02004924","5","4A2","E00120321","E01023693","E02004924","E33024303","E38000079","E63011425","C1","6B2",51.825029,-0.342525,"E37000048","","E23000027",31768,"E56000035","E54000025","E00120321","E01023693","E02004924"
"AL5 4UT","AL5  4UT","AL5 4UT","198001","","E10000015","E58000624","E07000240","E05013953","E04013284","0","514208","0215472","1","E18000006","E40000007","E92000001","E12000006","5","E14001268","E15000006","E24000005","E30000237","E16000150","E07000240","26UGGD","E00120321","26UGGD","E65000001","E01023693","E02004924","5","4A2","E00120321","E01023693","E02004924","E33024303","E38000079","E63011425","C1","6B2",51.826203,-0.344195,"E37000048","","E23000027",31768,"E56000035","E54000025","E00120321","E01023693","E02004924"
"AL5 4UU","AL5  4UU","AL5 4UU","200707","","E10000015","E58000624","E07000240","E05013952","E04013284","0","514395","0215236","1","E18000006","E40000007","E92000001","E12000006","5","E14001268","E15000006","E24000005","E30000237","E16000150","E07000240","26UGGC","E00120280","26UGGC","E65000001","E01023688","E02004925","5","2B2","E00120280","E01023688","E02004925","E33027403","E38000079","E63011425","C1","2D1",51.824044,-0.341560,"E37000048","","E23000027",26370,"E56000035","E54000025","E00120280","E01023688","E02004925"
"AL5 4UW","AL5  4UW","AL5 4UW","199002","","E10000015","E58000624","E07000240","E05013953","E04013284","0","513679","0215470","1","E18000006","E40000007","E92000001","E12000006","5","E14001268","E15000006","E24000005","E30000237","E16000150","E07000240","26UGGD","E00120304","26UGGD","E65000001","E01023692","E02004924","5","5B3","E00120304","E01023692","E02004924","E33027399","E38000079","E63011425","C1","4A3",51.826293,-0.351868,"E37000048","","E23000027",24546,"E56000035","E54000025","E00120304","E01023692","E02004924"
"AL5 4UX","AL5  4UX","AL5 4UX","200707","","E10000015","E58000624","E07000240","E05013952","E04013284","0","514416","0215084","1","E18000006","E40000007","E92000001","E12000006","5","E14001268","E15000006","E24000005","E30000237","E16000150","E07000240","26UGGC","E00120284","26UGGC","E65000001","E01023688","E02004925","5","2B1","E00120284","E01023688","E02004925","E33027403","E38000079","E63011425","C1","5B1",51.822674,-0.341306,"E37000048","","E23000027",26370,"E56000035","E54000025","E00120284","E01023688","E02004925"
"AL5 4UY","AL5  4UY","AL5 4UY","198001","200709","E10000015","E58000624","E07000240","E05013952","E04013284","1","514492","0215124","1","E18000006","E40000007","E92000001","E12000006","5","E14001268","E15000006","E24000005","E30000237","E16000150","E07000240","26UGGC","E00120286","26UGGC","E65000001","E01023685","E02004925","5","6D1","E00120286","E01023685","E02004925","E33027403","E38000079","E63011425","C1","5A3",51.823018,-0.340190,"E37000048","","E23000027",30948,"E56000035","E54000025","E00120286","E01023685","E02004925"
"AL5 4UZ","AL5  4UZ","AL5 4UZ","201211","","E10000015","E58000624","E07000240","E05013952","E04013284","0","513625","0214496","1","E18000006","E40000007","E92000001","E12000006","5","E14001268","E15000006","E24000005","E30000237","E16000150","E07000240","26UGGC","E00120290","26UGGC","E65000001","E01023689","E02004925","5","2B1","E00120290","E01023689","E02004925","E33027404","E38000079","E63011425","C1","5B1",51.817550,-0.352970,"E37000048","","E23000027",32427,"E56000035","E54000025","E00120290","E01023689","E02004925"
"AL5 4WA","AL5  4WA","AL5 4WA","200112","200402","E10000015","E58000624","E07000240","E05013952","E04013284","1","514492","0215124","5","E18000006","E40000007","E92000001","E12000006","5","E14001268","E15000006","E24000005","E30000237","E16000150","E07000240","26UGGC","E00120286","26UGGC","E65000001","E01023685","E02004925","5","6D1","E00120286","E01023685","E02004925","E33027403","E38000079","E63011425","C1","5A3",51.823018,-0.340190,"E37000048","","E23000027",30948,"E56000035","E54000025","E00120286","E01023685","E02004925"
"AL5 4WB","AL5  4WB","AL5 4WB","200206","200708","E10000015","E58000626","E07000240","E05013955","E04013284","1","513594","0214185","1","E18000006","E40000007","E92000001","E12000006","5","E14001268","E15000006","E24000005","E30000237","E16000150","E07000240","26UGGF","E00120354","26UGGF","E65000001","E01023701","E02004926","5","6D2","E00120354","E01023701","E02004926","E33024309","E38000079","E63011425","C1","5B1",51.814762,-0.353522,"E37000048","","E23000027",29552,"E56000035","E54000025","E00120354","E01023701","E02004926"
"AL5 4WD","AL5  4WD","AL5 4WD","200206","200305","E10000015","E58000624","E07000240","E05013952","E04013284","1","514492","0215124","5","E18000006","E40000007","E92000001","E12000006","5","E14001268","E15000006","E24000005","E30000237","E16000150","E07000240","26UGGC","E00120286","26UGGC","E65000001","E01023685","E02004925","5","6D1","E00120286","E01023685","E02004925","E33027403","E38000079","E63011425","C1","5A3",51.823018,-0.340190,"E37000048","","E23000027",30948,"E56000035","E54000025","E00120286","E01023685","E02004925"
"AL5 4WE","AL5  4WE","AL5 4WE","200206","201204","E10000015","E58000626","E07000240","E05013955","E04013284","1","513594","0214185","1","E18000006","E40000007","E92000001","E12000006","5","E14001268","E15000006","E24000005","E30000237","E16000150","E07000240","26UGGF","E00120354","26UGGF","E65000001","E01023701","E02004926","5","6D2","E00120354","E01023701","E02004926","E33024309","E38000079","E63011425","C1","5B1",51.814762,-0.353522,"E37000048","","E23000027",29552,"E56000035","E54000025","E00120354","E01023701","E02004926"
"AL5 4WF","AL5  4WF","AL5 4WF","200206","200406","E10000015","E58000624","E07000240","E05013952","E04013284","1","514492","0215124","5","E18000006","E40000007","E92000001","E12000006","5","E14001268","E15000006","E24000005","E30000237","E16000150","E07000240","26UGGC","E00120286","26UGGC","E65000001","E01023685","E02004925","5","6D1","E00120286","E01023685","E02004925","E33027403","E38000079","E63011425","C1","5A3",51.823018,-0.340190,"E37000048","","E23000027",30948,"E56000035","E54000025","E00120286","E01023685","E02004925"
"AL5 4WW","AL5  4WW","AL5 4WW","200411","201012","E10000015","E58000626","E07000240","E05013955","E04013284","1","513594","0214185","1","E18000006","E40000007","E92000001","E12000006","5","E14001268","E15000006","E24000005","E30000237","E16000150","E07000240","26UGGF","E00120354","26UGGF","E65000001","E01023701","E02004926","5","6D2","E00120354","E01023701","E02004926","E33024309","E38000079","E63011425","C1","5B1",51.814762,-0.353522,"E37000048","","E23000027",29552,"E56000035","E54000025","E00120354","E01023701","E02004926"
"AL5 4WX","AL5  4WX","AL5 4WX","200409","200708","E10000015","E58000626","E07000240","E05013955","E04013284","1","513594","0214185","1","E18000006","E40000007","E92000001","E12000006","5","E14001268","E15000006","E24000005","E30000237","E16000150","E07000240","26UGGF","E00120354","26UGGF","E65000001","E01023701","E02004926","5","6D2","E00120354","E01023701","E02004926","E33024309","E38000079","E63011425","C1","5B1",51.814762,-0.353522,"E37000048","","E23000027",29552,"E56000035","E54000025","E00120354","E01023701","E02004926"
"AL5 4WY","AL5  4WY","AL5 4WY","200409","201109","E10000015","E58000626","E07000240","E05013955","E04013284","1","513594","0214185","1","E18000006","E40000007","E92000001","E12000006","5","E14001268","E15000006","E24000005","E30000237","E16000150","E07000240","26UGGF","E00120354","26UGGF","E65000001","E01023701","E02004926","5","6D2","E00120354","E01023701","E02004926","E33024309","E38000079","E63011425","C1","5B1",51.814762,-0.353522,"E37000048","","E23000027",29552,"E56000035","E54000025","E00120354","E01023701","E02004926"
"AL5 4WZ","AL5  4WZ","AL5 4WZ","200408","201108","E10000015","E58000626","E07000240","E05013955","E04013284","1","513594","0214185","1","E18000006","E40000007","E92000001","E12000006","5","E14001268","E15000006","E24000005","E30000237","E16000150","E07000240","26UGGF","E00120354","26UGGF","E65000001","E01023701","E02004926","5","6D2","E00120354","E01023701","E02004926","E33024309","E38000079","E63011425","C1","5B1",51.814762,-0.353522,"E37000048","","E23000027",29552,"E56000035","E54000025","E00120354","E01023701","E02004926"
"AL5 4XA","AL5  4XA","AL5 4XA","198001","","E10000015","E58000626","E07000240","E05013955","E04013284","0","513850","0214430","1","E18000006","E40000007","E92000001","E12000006","5","E14001268","E15000006","E24000005","E30000237","E16000150","E07000240","26UGGF","E00120351","26UGGF","E65000001","E01023702","E02004926","5","6D1","E00120351","E01023702","E02004926","E33027409","E38000079","E63011425","C1","5A2",51.816912,-0.349729,"E37000048","","E23000027",32710,"E56000035","E54000025","E00120351","E01023702","E02004926"
"AL5 4XB","AL5  4XB","AL5 4XB","198001","","E10000015","E58000626","E07000240","E05013955","E04013284","0","513909","0214466","1","E18000006","E40000007","E92000001","E12000006","5","E14001268","E15000006","E24000005","E30000237","E16000150","E07000240","26UGGF","E00120351","26UGGF","E65000001","E01023702","E02004926","5","6D1","E00120351","E01023702","E02004926","E33027409","E38000079","E63011425","C1","5A2",51.817223,-0.348862,"E37000048","","E23000027",32710,"E56000035","E54000025","E00120351","E01023702","E02004926"
"AL5 4XD","AL5  4XD","AL5 4XD","198001","","E10000015","E58000626","E07000240","E05013955","E04013284","0","513977","0214506","1","E18000006","E40000007","E92000001","E12000006","5","E14001268","E15000006","E24000005","E30000237","E16000150","E07000240","26UGGF","E00120350","26UGGF","E65000001","E01023702","E02004926","5","4D1","E00120350","E01023702","E02004926","E33027409","E38000079","E63011425","C1","5B1",51.817569,-0.347863,"E37000048","","E23000027",32710,"E56000035","E54000025","E00120350","E01023702","E02004926"
"AL5 4XE","AL5  4XE","AL5 4XE","198001","","E10000015","E58000626","E07000240","E05013955","E04013284","0","514037","0214566","1","E18000006","E40000007","E92000001","E12000006","5","E14001268","E15000006","E24000005","E30000237","E16000150","E07000240","26UGGF","E00120350","26UGGF","E65000001","E01023702","E02004926","5","4D1","E00120350","E01023702","E02004926","E33027409","E38000079","E63011425","C1","5B1",51.818096,-0.346973,"E37000048","","E23000027",32710,"E56000035","E54000025","E00120350","E01023702","E02004926"
"AL5 4XF","AL5  4XF","AL5 4XF","198001","","E10000015","E58000624","E07000240","E05013952","E04013284","0","514137","0214631","1","E18000006","E40000007","E92000001","E12000006","5","E14001268","E15000006","E24000005","E30000237","E16000150","E07000240","26UGGC","E00120289","26UGGC","E65000001","E01023686","E02004925","5","4B3","E00120289","E01023686","E02004925","E33027405","E38000079","E63011425","C1","6A2",51.818660,-0.345501,"E37000048","","E23000027",32803,"E56000035","E54000025","E00120289","E01023686","E02004925"
"AL5 4XG","AL5  4XG","AL5 4XG","198001","","E10000015","E58000626","E07000240","E05013955","E04013284","0","513968","0214426","1","E18000006","E40000007","E92000001","E12000006","5","E14001268","E15000006","E24000005","E30000237","E16000150","E07000240","26UGGF","E00120351","26UGGF","E65000001","E01023702","E02004926","5","6D1","E00120351","E01023702","E02004926","E33027409","E38000079","E63011425","C1","5A2",51.816852,-0.348019,"E37000048","","E23000027",32710,"E56000035","E54000025","E00120351","E01023702","E02004926"
"AL5 4XH","AL5  4XH","AL5 4XH","199412","","E10000015","E58000626","E07000240","E05013955","E04013284","0","514038","0214341","1","E18000006","E40000007","E92000001","E12000006","5","E14001268","E15000006","E24000005","E30000237","E16000150","E07000240","26UGGF","E00120350","26UGGF","E65000001","E01023702","E02004926","5","4D1","E00120350","E01023702","E02004926","E33027409","E38000079","E63011425","C1","5B1",51.816073,-0.347032,"E37000048","","E23000027",32710,"E56000035","E54000025","E00120350","E01023702","E02004926"
"AL5 4XJ","AL5  4XJ","AL5 4XJ","200705","200809","E10000015","E58000626","E07000240","E05013955","E04013284","1","513594","0214185","1","E18000006","E40000007","E92000001","E12000006","5","E14001268","E15000006","E24000005","E30000237","E16000150","E07000240","26UGGF","E00120354","26UGGF","E65000001","E01023701","E02004926","5","6D2","E00120354","E01023701","E02004926","E33024309","E38000079","E63011425","C1","5B1",51.814762,-0.353522,"E37000048","","E23000027",29552,"E56000035","E54000025","E00120354","E01023701","E02004926"
"AL5 4XL","AL5  4XL","AL5 4XL","200206","200911","E10000015","E58000626","E07000240","E05013955","E04013284","1","513594","0214185","1","E18000006","E40000007","E92000001","E12000006","5","E14001268","E15000006","E24000005","E30000237","E16000150","E07000240","26UGGF","E00120354","26UGGF","E65000001","E01023701","E02004926","5","6D2","E00120354","E01023701","E02004926","E33024309","E38000079","E63011425","C1","5B1",51.814762,-0.353522,"E37000048","","E23000027",29552,"E56000035","E54000025","E00120354","E01023701","E02004926"
"AL5 4XS","AL5  4XS","AL5 4XS","199712","","E10000015","E58000624","E07000240","E05013952","E04013284","0","514389","0215161","1","E18000006","E40000007","E92000001","E12000006","5","E14001268","E15000006","E24000005","E30000237","E16000150","E07000240","26UGGC","E00120280","26UGGC","E65000001","E01023688","E02004925","5","2B2","E00120280","E01023688","E02004925","E33027403","E38000079","E63011425","C1","2D1",51.823371,-0.341672,"E37000048","","E23000027",26370,"E56000035","E54000025","E00120280","E01023688","E02004925"
"AL5 4XT","AL5  4XT","AL5 4XT","199101","","E10000015","E58000624","E07000240","E05013952","E04013284","0","514343","0215220","1","E18000006","E40000007","E92000001","E12000006","5","E14001268","E15000006","E24000005","E30000237","E16000150","E07000240","26UGGC","E00120280","26UGGC","E65000001","E01023688","E02004925","5","2B2","E00120280","E01023688","E02004925","E33027403","E38000079","E63011425","C1","2D1",51.823911,-0.342320,"E37000048","","E23000027",26370,"E56000035","E54000025","E00120280","E01023688","E02004925"
"AL5 4XU","AL5  4XU","AL5 4XU","199101","199806","E10000015","E58000626","E07000240","E05013955","E04013284","0","513800","0214400","8","E18000006","E40000007","E92000001","E12000006","5","E14001268","E15000006","E24000005","E30000237","E16000150","E07000240","26UGGF","E00120353","26UGGF","E65000001","E01023702","E02004926","5","2B1","E00120353","E01023702","E02004926","E33027409","E38000079","E63011425","C1","2D1",51.816652,-0.350464,"E37000048","","E23000027",32710,"E56000035","E54000025","E00120353","E01023702","E02004926"
"AL5 4XY","AL5  4XY","AL5 4XY","199412","199512","E10000015","E58000626","E07000240","E05013955","E04013284","1","513800","0214400","8","E18000006","E40000007","E92000001","E12000006","5","E14001268","E15000006","E24000005","E30000237","E16000150","E07000240","26UGGF","E00120353","26UGGF","E65000001","E01023702","E02004926","5","2B1","E00120353","E01023702","E02004926","E33027409","E38000079","E63011425","C1","2D1",51.816652,-0.350464,"E37000048","","E23000027",32710,"E56000035","E54000025","E00120353","E01023702","E02004926"
"AL5 4YB","AL5  4YB","AL5 4YB","200206","200602","E10000015","E58000626","E07000240","E05013955","E04013284","1","513594","0214185","1","E18000006","E40000007","E92000001","E12000006","5","E14001268","E15000006","E24000005","E30000237","E16000150","E07000240","26UGGF","E00120354","26UGGF","E65000001","E01023701","E02004926","5","6D2","E00120354","E01023701","E02004926","E33024309","E38000079","E63011425","C1","5B1",51.814762,-0.353522,"E37000048","","E23000027",29552,"E56000035","E54000025","E00120354","E01023701","E02004926"
"AL5 4YT","AL5  4YT","AL5 4YT","200309","200507","E10000015","E58000624","E07000240","E05013952","E04013284","1","514330","0215234","5","E18000006","E40000007","E92000001","E12000006","5","E14001268","E15000006","E24000005","E30000237","E16000150","E07000240","26UGGC","E00120280","26UGGC","E65000001","E01023688","E02004925","5","2B2","E00120280","E01023688","E02004925","E33027403","E38000079","E63011425","C1","2D1",51.824039,-0.342504,"E37000048","","E23000027",26370,"E56000035","E54000025","E00120280","E01023688","E02004925"
"AL5 4YU","AL5  4YU","AL5 4YU","200406","200506","E10000015","E58000624","E07000240","E05013952","E04013284","1","514330","0215234","5","E18000006","E40000007","E92000001","E12000006","5","E14001268","E15000006","E24000005","E30000237","E16000150","E07000240","26UGGC","E00120280","26UGGC","E65000001","E01023688","E02004925","5","2B2","E00120280","E01023688","E02004925","E33027403","E38000079","E63011425","C1","2D1",51.824039,-0.342504,"E37000048","","E23000027",26370,"E56000035","E54000025","E00120280","E01023688","E02004925"
"AL5 4YX","AL5  4YX","AL5 4YX","200302","200402","E10000015","E58000624","E07000240","E05013952","E04013284","1","514330","0215234","5","E18000006","E40000007","E92000001","E12000006","5","E14001268","E15000006","E24000005","E30000237","E16000150","E07000240","26UGGC","E00120280","26UGGC","E65000001","E01023688","E02004925","5","2B2","E00120280","E01023688","E02004925","E33027403","E38000079","E63011425","C1","2D1",51.824039,-0.342504,"E37000048","","E23000027",26370,"E56000035","E54000025","E00120280","E01023688","E02004925"
"AL5 4YZ","AL5  4YZ","AL5 4YZ","200212","200708","E10000015","E58000626","E07000240","E05013955","E04013284","1","513594","0214185","1","E18000006","E40000007","E92000001","E12000006","5","E14001268","E15000006","E24000005","E30000237","E16000150","E07000240","26UGGF","E00120354","26UGGF","E65000001","E01023701","E02004926","5","6D2","E00120354","E01023701","E02004926","E33024309","E38000079","E63011425","C1","5B1",51.814762,-0.353522,"E37000048","","E23000027",29552,"E56000035","E54000025","E00120354","E01023701","E02004926"
"AL5 4ZD","AL5  4ZD","AL5 4ZD","199806","200104","E10000015","E58000624","E07000240","E05013952","E04013284","1","513671","0215097","6","E18000006","E40000007","E92000001","E12000006","5","E14001268","E15000006","E24000005","E30000237","E16000150","E07000240","26UGGC","E00120282","26UGGC","E65000001","E01023689","E02004925","5","4D1","E00120282","E01023689","E02004925","E33027404","E38000079","E63011425","C1","5B2",51.822942,-0.352106,"E37000048","","E23000027",32427,"E56000035","E54000025","E00120282","E01023689","E02004925"
"AL5 4ZE","AL5  4ZE","AL5 4ZE","199806","200408","E10000015","E58000626","E07000240","E05013955","E04013284","1","513594","0214185","1","E18000006","E40000007","E92000001","E12000006","5","E14001268","E15000006","E24000005","E30000237","E16000150","E07000240","26UGGF","E00120354","26UGGF","E65000001","E01023701","E02004926","5","6D2","E00120354","E01023701","E02004926","E33024309","E38000079","E63011425","C1","5B1",51.814762,-0.353522,"E37000048","","E23000027",29552,"E56000035","E54000025","E00120354","E01023701","E02004926"
"AL5 4ZF","AL5  4ZF","AL5 4ZF","199806","200101","E10000015","E58000624","E07000240","E05013952","E04013284","1","513671","0215097","6","E18000006","E40000007","E92000001","E12000006","5","E14001268","E15000006","E24000005","E30000237","E16000150","E07000240","26UGGC","E00120282","26UGGC","E65000001","E01023689","E02004925","5","4D1","E00120282","E01023689","E02004925","E33027404","E38000079","E63011425","C1","5B2",51.822942,-0.352106,"E37000048","","E23000027",32427,"E56000035","E54000025","E00120282","E01023689","E02004925"
"AL5 4ZG","AL5  4ZG","AL5 4ZG","199806","200302","E10000015","E58000626","E07000240","E05013955","E04013284","1","513594","0214185","1","E18000006","E40000007","E92000001","E12000006","5","E14001268","E15000006","E24000005","E30000237","E16000150","E07000240","26UGGF","E00120354","26UGGF","E65000001","E01023701","E02004926","5","6D2","E00120354","E01023701","E02004926","E33024309","E38000079","E63011425","C1","5B1",51.814762,-0.353522,"E37000048","","E23000027",29552,"E56000035","E54000025","E00120354","E01023701","E02004926"
"AL5 4ZH","AL5  4ZH","AL5 4ZH","199812","199912","E10000015","E58000624","E07000240","E05013952","E04013284","1","513671","0215097","6","E18000006","E40000007","E92000001","E12000006","5","E14001268","E15000006","E24000005","E30000237","E16000150","E07000240","26UGGC","E00120282","26UGGC","E65000001","E01023689","E02004925","5","4D1","E00120282","E01023689","E02004925","E33027404","E38000079","E63011425","C1","5B2",51.822942,-0.352106,"E37000048","","E23000027",32427,"E56000035","E54000025","E00120282","E01023689","E02004925"
"AL5 4ZJ","AL5  4ZJ","AL5 4ZJ","200402","","E10000015","E58000664","E07000240","E05013956","E43000290","1","517321","0206803","1","E18000006","E40000007","E92000001","E12000006","5","E14001507","E15000006","E24000005","E30000237","E16000150","E07000240","26UGFX","E00120196","26UGFX","E65000001","E01023667","E02004936","5","6D1","E00120196","E01023667","E02004936","E33027453","E38000079","E63011552","C1","5A2",51.747650,-0.301973,"E37000048","","E23000027",30628,"E56000035","E54000025","E00120196","E01023667","E02004936"
"AL5 4ZL","AL5  4ZL","AL5 4ZL","200405","200512","E10000015","E58000626","E07000240","E05013955","E04013284","1","513594","0214185","1","E18000006","E40000007","E92000001","E12000006","5","E14001268","E15000006","E24000005","E30000237","E16000150","E07000240","26UGGF","E00120354","26UGGF","E65000001","E01023701","E02004926","5","6D2","E00120354","E01023701","E02004926","E33024309","E38000079","E63011425","C1","5B1",51.814762,-0.353522,"E37000048","","E23000027",29552,"E56000035","E54000025","E00120354","E01023701","E02004926"
"AL5 4ZN","AL5  4ZN","AL5 4ZN","199812","200408","E10000015","E58000626","E07000240","E05013955","E04013284","1","513594","0214185","1","E18000006","E40000007","E92000001","E12000006","5","E14001268","E15000006","E24000005","E30000237","E16000150","E07000240","26UGGF","E00120354","26UGGF","E65000001","E01023701","E02004926","5","6D2","E00120354","E01023701","E02004926","E33024309","E38000079","E63011425","C1","5B1",51.814762,-0.353522,"E37000048","","E23000027",29552,"E56000035","E54000025","E00120354","E01023701","E02004926"
"AL5 4ZP","AL5  4ZP","AL5 4ZP","199906","200105","E10000015","E58000624","E07000240","E05013952","E04013284","1","513671","0215097","6","E18000006","E40000007","E92000001","E12000006","5","E14001268","E15000006","E24000005","E30000237","E16000150","E07000240","26UGGC","E00120282","26UGGC","E65000001","E01023689","E02004925","5","4D1","E00120282","E01023689","E02004925","E33027404","E38000079","E63011425","C1","5B2",51.822942,-0.352106,"E37000048","","E23000027",32427,"E56000035","E54000025","E00120282","E01023689","E02004925"
"AL5 4ZQ","AL5  4ZQ","AL5 4ZQ","199906","200204","E10000015","E58000626","E07000240","E05013955","E04013284","1","513594","0214185","1","E18000006","E40000007","E92000001","E12000006","5","E14001268","E15000006","E24000005","E30000237","E16000150","E07000240","26UGGF","E00120354","26UGGF","E65000001","E01023701","E02004926","5","6D2","E00120354","E01023701","E02004926","E33024309","E38000079","E63011425","C1","5B1",51.814762,-0.353522,"E37000048","","E23000027",29552,"E56000035","E54000025","E00120354","E01023701","E02004926"
"AL5 4ZR","AL5  4ZR","AL5 4ZR","201507","201511","E10000015","E58000664","E07000240","E05013956","E43000290","1","517328","0206823","1","E18000006","E40000007","E92000001","E12000006","5","E14001507","E15000006","E24000005","E30000237","E16000150","E07000240","26UGFX","E00120196","26UGFX","E65000001","E01023667","E02004936","5","6D1","E00120196","E01023667","E02004936","E33027453","E38000079","E63011552","C1","5A2",51.747828,-0.301865,"E37000048","","E23000027",30628,"E56000035","E54000025","E00120196","E01023667","E02004936"
"AL5 4ZS","AL5  4ZS","AL5 4ZS","200403","201205","E10000015","E58000626","E07000240","E05013955","E04013284","1","513594","0214185","1","E18000006","E40000007","E92000001","E12000006","5","E14001268","E15000006","E24000005","E30000237","E16000150","E07000240","26UGGF","E00120354","26UGGF","E65000001","E01023701","E02004926","5","6D2","E00120354","E01023701","E02004926","E33024309","E38000079","E63011425","C1","5B1",51.814762,-0.353522,"E37000048","","E23000027",29552,"E56000035","E54000025","E00120354","E01023701","E02004926"
"AL5 4ZT","AL5  4ZT","AL5 4ZT","200310","200708","E10000015","E58000626","E07000240","E05013955","E04013284","1","513594","0214185","1","E18000006","E40000007","E92000001","E12000006","5","E14001268","E15000006","E24000005","E30000237","E16000150","E07000240","26UGGF","E00120354","26UGGF","E65000001","E01023701","E02004926","5","6D2","E00120354","E01023701","E02004926","E33024309","E38000079","E63011425","C1","5B1",51.814762,-0.353522,"E37000048","","E23000027",29552,"E56000035","E54000025","E00120354","E01023701","E02004926"
"AL5 4ZU","AL5  4ZU","AL5 4ZU","200208","200806","E10000015","E58000626","E07000240","E05013955","E04013284","1","513594","0214185","1","E18000006","E40000007","E92000001","E12000006","5","E14001268","E15000006","E24000005","E30000237","E16000150","E07000240","26UGGF","E00120354","26UGGF","E65000001","E01023701","E02004926","5","6D2","E00120354","E01023701","E02004926","E33024309","E38000079","E63011425","C1","5B1",51.814762,-0.353522,"E37000048","","E23000027",29552,"E56000035","E54000025","E00120354","E01023701","E02004926"
"AL5 4ZX","AL5  4ZX","AL5 4ZX","200006","200311","E10000015","E58000626","E07000240","E05013955","E04013284","1","513594","0214185","1","E18000006","E40000007","E92000001","E12000006","5","E14001268","E15000006","E24000005","E30000237","E16000150","E07000240","26UGGF","E00120354","26UGGF","E65000001","E01023701","E02004926","5","6D2","E00120354","E01023701","E02004926","E33024309","E38000079","E63011425","C1","5B1",51.814762,-0.353522,"E37000048","","E23000027",29552,"E56000035","E54000025","E00120354","E01023701","E02004926"
"AL5 4ZY","AL5  4ZY","AL5 4ZY","200006","200602","E10000015","E58000626","E07000240","E05013955","E04013284","1","513594","0214185","1","E18000006","E40000007","E92000001","E12000006","5","E14001268","E15000006","E24000005","E30000237","E16000150","E07000240","26UGGF","E00120354","26UGGF","E65000001","E01023701","E02004926","5","6D2","E00120354","E01023701","E02004926","E33024309","E38000079","E63011425","C1","5B1",51.814762,-0.353522,"E37000048","","E23000027",29552,"E56000035","E54000025","E00120354","E01023701","E02004926"
"AL5 4ZZ","AL5  4ZZ","AL5 4ZZ","200006","200107","E10000015","E58000624","E07000240","E05013952","E04013284","1","513671","0215097","6","E18000006","E40000007","E92000001","E12000006","5","E14001268","E15000006","E24000005","E30000237","E16000150","E07000240","26UGGC","E00120282","26UGGC","E65000001","E01023689","E02004925","5","4D1","E00120282","E01023689","E02004925","E33027404","E38000079","E63011425","C1","5B2",51.822942,-0.352106,"E37000048","","E23000027",32427,"E56000035","E54000025","E00120282","E01023689","E02004925"
"AL5 5AA","AL5  5AA","AL5 5AA","198001","","E10000015","E58000624","E07000240","E05013952","E04013284","0","514631","0214879","1","E18000006","E40000007","E92000001","E12000006","5","E14001268","E15000006","E24000005","E30000237","E16000150","E07000240","26UGGC","E00120286","26UGGC","E65000001","E01023685","E02004925","5","6D1","E00120286","E01023685","E02004925","E33027403","E38000079","E63011425","C1","5A3",51.820794,-0.338231,"E37000048","","E23000027",30948,"E56000035","E54000025","E00120286","E01023685","E02004925"
"AL5 5AB","AL5  5AB","AL5 5AB","198001","","E10000015","E58000624","E07000240","E05013952","E04013284","0","514654","0214857","1","E18000006","E40000007","E92000001","E12000006","5","E14001268","E15000006","E24000005","E30000237","E16000150","E07000240","26UGGC","E00120286","26UGGC","E65000001","E01023685","E02004925","5","6D1","E00120286","E01023685","E02004925","E33027403","E38000079","E63011425","C1","5A3",51.820592,-0.337905,"E37000048","","E23000027",30948,"E56000035","E54000025","E00120286","E01023685","E02004925"
"AL5 5AD","AL5  5AD","AL5 5AD","198001","","E10000015","E58000624","E07000240","E05013952","E04013284","0","514764","0214834","1","E18000006","E40000007","E92000001","E12000006","5","E14001268","E15000006","E24000005","E30000237","E16000150","E07000240","26UGGC","E00120286","26UGGC","E65000001","E01023685","E02004925","5","6D1","E00120286","E01023685","E02004925","E33027403","E38000079","E63011425","C1","5A3",51.820356,-0.336342,"E37000048","","E23000027",30948,"E56000035","E54000025","E00120286","E01023685","E02004925"
"AL5 5AE","AL5  5AE","AL5 5AE","198001","","E10000015","E58000624","E07000240","E05013952","E04013284","0","514917","0214732","1","E18000006","E40000007","E92000001","E12000006","5","E14001268","E15000006","E24000005","E30000237","E16000150","E07000240","26UGGC","E00120286","26UGGC","E65000001","E01023685","E02004925","5","6D1","E00120286","E01023685","E02004925","E33027403","E38000079","E63011425","C1","5A3",51.819415,-0.334132,"E37000048","","E23000027",30948,"E56000035","E54000025","E00120286","E01023685","E02004925"
"AL5 5AF","AL5  5AF","AL5 5AF","198001","","E10000015","E58000624","E07000240","E05013952","E04013284","0","514893","0214956","1","E18000006","E40000007","E92000001","E12000006","5","E14001268","E15000006","E24000005","E30000237","E16000150","E07000240","26UGGC","E00120286","26UGGC","E65000001","E01023685","E02004925","5","6D1","E00120286","E01023685","E02004925","E33027403","E38000079","E63011425","C1","5A3",51.821426,-0.334431,"E37000048","","E23000027",30948,"E56000035","E54000025","E00120286","E01023685","E02004925"
"AL5 5AG","AL5  5AG","AL5 5AG","198001","201202","E10000015","E58000624","E07000240","E05013952","E04013284","0","514860","0215072","1","E18000006","E40000007","E92000001","E12000006","5","E14001268","E15000006","E24000005","E30000237","E16000150","E07000240","26UGGC","E00120297","26UGGC","E65000001","E01023687","E02004925","5","5B2","E00120297","E01023687","E02004925","E33027406","E38000079","E63011425","C1","8C1",51.822475,-0.334871,"E37000048","","E23000027",16001,"E56000035","E54000025","E00120297","E01023687","E02004925"
"AL5 5AH","AL5  5AH","AL5 5AH","198001","","E10000015","E58000624","E07000240","E05013952","E04013284","0","514615","0215225","1","E18000006","E40000007","E92000001","E12000006","5","E14001268","E15000006","E24000005","E30000237","E16000150","E07000240","26UGGC","E00120301","26UGGC","E65000001","E01023688","E02004925","5","6B2","E00120301","E01023688","E02004925","E33027406","E38000079","E63011425","C1","5B3",51.823900,-0.338373,"E37000048","","E23000027",26370,"E56000035","E54000025","E00120301","E01023688","E02004925"
"AL5 5AJ","AL5  5AJ","AL5 5AJ","198001","","E10000015","E58000624","E07000240","E05013952","E04013284","0","514571","0215219","1","E18000006","E40000007","E92000001","E12000006","5","E14001268","E15000006","E24000005","E30000237","E16000150","E07000240","26UGGC","E00120286","26UGGC","E65000001","E01023685","E02004925","5","6D1","E00120286","E01023685","E02004925","E33027403","E38000079","E63011425","C1","5A3",51.823862,-0.338989,"E37000048","","E23000027",30948,"E56000035","E54000025","E00120286","E01023685","E02004925"
"AL5 5AL","AL5  5AL","AL5 5AL","198001","","E10000015","E58000624","E07000240","E05013952","E04013284","0","514401","0215324","1","E18000006","E40000007","E92000001","E12000006","5","E14001268","E15000006","E24000005","E30000237","E16000150","E07000240","26UGGC","E00120280","26UGGC","E65000001","E01023688","E02004925","5","2B2","E00120280","E01023688","E02004925","E33027403","E38000079","E63011425","C1","2D1",51.824834,-0.341444,"E37000048","","E23000027",26370,"E56000035","E54000025","E00120280","E01023688","E02004925"
"AL5 5AN","AL5  5AN","AL5 5AN","198001","","E10000015","E58000624","E07000240","E05013952","E04013284","0","514425","0215345","1","E18000006","E40000007","E92000001","E12000006","5","E14001268","E15000006","E24000005","E30000237","E16000150","E07000240","26UGGC","E00120301","26UGGC","E65000001","E01023688","E02004925","5","6B2","E00120301","E01023688","E02004925","E33027406","E38000079","E63011425","C1","5B3",51.825018,-0.341089,"E37000048","","E23000027",26370,"E56000035","E54000025","E00120301","E01023688","E02004925"
"AL5 5AP","AL5  5AP","AL5 5AP","198001","","E10000015","E58000624","E07000240","E05013952","E04013284","0","514522","0215365","1","E18000006","E40000007","E92000001","E12000006","5","E14001268","E15000006","E24000005","E30000237","E16000150","E07000240","26UGGC","E00120301","26UGGC","E65000001","E01023688","E02004925","5","6B2","E00120301","E01023688","E02004925","E33027406","E38000079","E63011425","C1","5B3",51.825177,-0.339676,"E37000048","","E23000027",26370,"E56000035","E54000025","E00120301","E01023688","E02004925"
"AL5 5AQ","AL5  5AQ","AL5 5AQ","198001","","E10000015","E58000624","E07000240","E05013952","E04013284","0","514785","0215054","1","E18000006","E40000007","E92000001","E12000006","5","E14001268","E15000006","E24000005","E30000237","E16000150","E07000240","26UGGC","E00120302","26UGGC","E65000001","E01023688","E02004925","5","6B2","E00120302","E01023688","E02004925","E33027406","E38000079","E63011425","C1","5B3",51.822336,-0.335940,"E37000048","","E23000027",26370,"E56000035","E54000025","E00120302","E01023688","E02004925"
"AL5 5AR","AL5  5AR","AL5 5AR","198001","","E10000015","E58000624","E07000240","E05013952","E04013284","0","514619","0215326","1","E18000006","E40000007","E92000001","E12000006","5","E14001268","E15000006","E24000005","E30000237","E16000150","E07000240","26UGGC","E00120299","26UGGC","E65000001","E01023687","E02004925","5","1C1","E00120299","E01023687","E02004925","E33027406","E38000079","E63011425","C1","8D2",51.824807,-0.338282,"E37000048","","E23000027",16001,"E56000035","E54000025","E00120299","E01023687","E02004925"
"AL5 5AS","AL5  5AS","AL5 5AS","198001","","E10000015","E58000624","E07000240","E05013952","E04013284","0","514717","0215229","1","E18000006","E40000007","E92000001","E12000006","5","E14001268","E15000006","E24000005","E30000237","E16000150","E07000240","26UGGC","E00120302","26UGGC","E65000001","E01023688","E02004925","5","6B2","E00120302","E01023688","E02004925","E33027406","E38000079","E63011425","C1","5B3",51.823915,-0.336893,"E37000048","","E23000027",26370,"E56000035","E54000025","E00120302","E01023688","E02004925"
"AL5 5AT","AL5  5AT","AL5 5AT","198001","","E10000015","E58000624","E07000240","E05013952","E04013284","0","514810","0215159","1","E18000006","E40000007","E92000001","E12000006","5","E14001268","E15000006","E24000005","E30000237","E16000150","E07000240","26UGGC","E00120302","26UGGC","E65000001","E01023688","E02004925","5","6B2","E00120302","E01023688","E02004925","E33027406","E38000079","E63011425","C1","5B3",51.823267,-0.335567,"E37000048","","E23000027",26370,"E56000035","E54000025","E00120302","E01023688","E02004925"
"AL5 5AU","AL5  5AU","AL5 5AU","198001","","E10000015","E58000624","E07000240","E05013952","E04013284","0","514776","0215116","1","E18000006","E40000007","E92000001","E12000006","5","E14001268","E15000006","E24000005","E30000237","E16000150","E07000240","26UGGC","E00120302","26UGGC","E65000001","E01023688","E02004925","5","6B2","E00120302","E01023688","E02004925","E33027406","E38000079","E63011425","C1","5B3",51.822888,-0.336074,"E37000048","","E23000027",26370,"E56000035","E54000025","E00120302","E01023688","E02004925"
"AL5 5AW","AL5  5AW","AL5 5AW","198001","","E10000015","E58000624","E07000240","E05013952","E04013284","0","514511","0215398","1","E18000006","E40000007","E92000001","E12000006","5","E14001268","E15000006","E24000005","E30000237","E16000150","E07000240","26UGGC","E00120301","26UGGC","E65000001","E01023688","E02004925","5","6B2","E00120301","E01023688","E02004925","E33027406","E38000079","E63011425","C1","5B3",51.825476,-0.339824,"E37000048","","E23000027",26370,"E56000035","E54000025","E00120301","E01023688","E02004925"
"AL5 5AX","AL5  5AX","AL5 5AX","198001","","E10000015","E58000624","E07000240","E05013952","E04013284","0","514750","0215160","1","E18000006","E40000007","E92000001","E12000006","5","E14001268","E15000006","E24000005","E30000237","E16000150","E07000240","26UGGC","E00120302","26UGGC","E65000001","E01023688","E02004925","5","6B2","E00120302","E01023688","E02004925","E33027406","E38000079","E63011425","C1","5B3",51.823288,-0.336437,"E37000048","","E23000027",26370,"E56000035","E54000025","E00120302","E01023688","E02004925"
"AL5 5AY","AL5  5AY","AL5 5AY","198001","","E10000015","E58000624","E07000240","E05013952","E04013284","0","514612","0215285","1","E18000006","E40000007","E92000001","E12000006","5","E14001268","E15000006","E24000005","E30000237","E16000150","E07000240","26UGGC","E00120301","26UGGC","E65000001","E01023688","E02004925","5","6B2","E00120301","E01023688","E02004925","E33027406","E38000079","E63011425","C1","5B3",51.824440,-0.338397,"E37000048","","E23000027",26370,"E56000035","E54000025","E00120301","E01023688","E02004925"
"AL5 5AZ","AL5  5AZ","AL5 5AZ","198001","","E10000015","E58000624","E07000240","E05013952","E04013284","0","514604","0215401","1","E18000006","E40000007","E92000001","E12000006","5","E14001268","E15000006","E24000005","E30000237","E16000150","E07000240","26UGGC","E00120301","26UGGC","E65000001","E01023688","E02004925","5","6B2","E00120301","E01023688","E02004925","E33027406","E38000079","E63011425","C1","5B3",51.825484,-0.338475,"E37000048","","E23000027",26370,"E56000035","E54000025","E00120301","E01023688","E02004925"
"AL5 5BA","AL5  5BA","AL5 5BA","198001","","E10000015","E58000624","E07000240","E05013952","E04013284","0","514553","0215495","1","E18000006","E40000007","E92000001","E12000006","5","E14001268","E15000006","E24000005","E30000237","E16000150","E07000240","26UGGC","E00120299","26UGGC","E65000001","E01023687","E02004925","5","1C1","E00120299","E01023687","E02004925","E33027406","E38000079","E63011425","C1","8D2",51.826339,-0.339183,"E37000048","","E23000027",16001,"E56000035","E54000025","E00120299","E01023687","E02004925"
"AL5 5BB","AL5  5BB","AL5 5BB","198001","","E10000015","E58000624","E07000240","E05013952","E04013284","0","514594","0215520","1","E18000006","E40000007","E92000001","E12000006","5","E14001268","E15000006","E24000005","E30000237","E16000150","E07000240","26UGGC","E00120299","26UGGC","E65000001","E01023687","E02004925","5","1C1","E00120299","E01023687","E02004925","E33027406","E38000079","E63011425","C1","8D2",51.826556,-0.338580,"E37000048","","E23000027",16001,"E56000035","E54000025","E00120299","E01023687","E02004925"
"AL5 5BD","AL5  5BD","AL5 5BD","198001","","E10000015","E58000624","E07000240","E05013952","E04013284","0","514672","0215451","1","E18000006","E40000007","E92000001","E12000006","5","E14001268","E15000006","E24000005","E30000237","E16000150","E07000240","26UGGC","E00120299","26UGGC","E65000001","E01023687","E02004925","5","1C1","E00120299","E01023687","E02004925","E33027406","E38000079","E63011425","C1","8D2",51.825920,-0.337472,"E37000048","","E23000027",16001,"E56000035","E54000025","E00120299","E01023687","E02004925"
"AL5 5BE","AL5  5BE","AL5 5BE","198001","","E10000015","E58000624","E07000240","E05013952","E04013284","0","514651","0215419","1","E18000006","E40000007","E92000001","E12000006","5","E14001268","E15000006","E24000005","E30000237","E16000150","E07000240","26UGGC","E00120299","26UGGC","E65000001","E01023687","E02004925","5","1C1","E00120299","E01023687","E02004925","E33027406","E38000079","E63011425","C1","8D2",51.825636,-0.337787,"E37000048","","E23000027",16001,"E56000035","E54000025","E00120299","E01023687","E02004925"
"AL5 5BF","AL5  5BF","AL5 5BF","199706","199906","E10000015","E58000624","E07000240","E05013952","E04013284","1","514458","0214608","6","E18000006","E40000007","E92000001","E12000006","5","E14001268","E15000006","E24000005","E30000237","E16000150","E07000240","26UGGC","E00120288","26UGGC","E65000001","E01023685","E02004925","5","6D1","E00120288","E01023685","E02004925","E33027405","E38000079","E63011425","C1","6B2",51.818387,-0.340854,"E37000048","","E23000027",30948,"E56000035","E54000025","E00120288","E01023685","E02004925"
"AL5 5BG","AL5  5BG","AL5 5BG","198001","","E10000015","E58000624","E07000240","E05013952","E04013284","0","514785","0215426","1","E18000006","E40000007","E92000001","E12000006","5","E14001268","E15000006","E24000005","E30000237","E16000150","E07000240","26UGGC","E00120299","26UGGC","E65000001","E01023687","E02004925","5","1C1","E00120299","E01023687","E02004925","E33027406","E38000079","E63011425","C1","8D2",51.825672,-0.335841,"E37000048","","E23000027",16001,"E56000035","E54000025","E00120299","E01023687","E02004925"
"AL5 5BH","AL5  5BH","AL5 5BH","198001","","E10000015","E58000624","E07000240","E05013952","E04013284","0","514855","0215559","1","E18000006","E40000007","E92000001","E12000006","5","E14001268","E15000006","E24000005","E30000237","E16000150","E07000240","26UGGC","E00120297","26UGGC","E65000001","E01023687","E02004925","5","5B2","E00120297","E01023687","E02004925","E33027406","E38000079","E63011425","C1","8C1",51.826853,-0.334782,"E37000048","","E23000027",16001,"E56000035","E54000025","E00120297","E01023687","E02004925"
"AL5 5BJ","AL5  5BJ","AL5 5BJ","198001","","E10000015","E58000624","E07000240","E05013952","E04013284","0","514879","0215590","1","E18000006","E40000007","E92000001","E12000006","5","E14001268","E15000006","E24000005","E30000237","E16000150","E07000240","26UGGC","E00120297","26UGGC","E65000001","E01023687","E02004925","5","5B2","E00120297","E01023687","E02004925","E33027406","E38000079","E63011425","C1","8C1",51.827126,-0.334423,"E37000048","","E23000027",16001,"E56000035","E54000025","E00120297","E01023687","E02004925"
"AL5 5BL","AL5  5BL","AL5 5BL","198001","","E10000015","E58000624","E07000240","E05013952","E04013284","0","514908","0215412","1","E18000006","E40000007","E92000001","E12000006","5","E14001268","E15000006","E24000005","E30000237","E16000150","E07000240","26UGGC","E00120297","26UGGC","E65000001","E01023687","E02004925","5","5B2","E00120297","E01023687","E02004925","E33027406","E38000079","E63011425","C1","8C1",51.825521,-0.334062,"E37000048","","E23000027",16001,"E56000035","E54000025","E00120297","E01023687","E02004925"
"AL5 5BN","AL5  5BN","AL5 5BN","198001","","E10000015","E58000624","E07000240","E05013952","E04013284","0","514891","0215357","1","E18000006","E40000007","E92000001","E12000006","5","E14001268","E15000006","E24000005","E30000237","E16000150","E07000240","26UGGC","E00120297","26UGGC","E65000001","E01023687","E02004925","5","5B2","E00120297","E01023687","E02004925","E33027406","E38000079","E63011425","C1","8C1",51.825030,-0.334327,"E37000048","","E23000027",16001,"E56000035","E54000025","E00120297","E01023687","E02004925"
"AL5 5BP","AL5  5BP","AL5 5BP","198001","","E10000015","E58000624","E07000240","E05013952","E04013284","0","514891","0215302","1","E18000006","E40000007","E92000001","E12000006","5","E14001268","E15000006","E24000005","E30000237","E16000150","E07000240","26UGGC","E00120297","26UGGC","E65000001","E01023687","E02004925","5","5B2","E00120297","E01023687","E02004925","E33027406","E38000079","E63011425","C1","8C1",51.824536,-0.334345,"E37000048","","E23000027",16001,"E56000035","E54000025","E00120297","E01023687","E02004925"
"AL5 5BQ","AL5  5BQ","AL5 5BQ","198001","","E10000015","E58000624","E07000240","E05013952","E04013284","0","514762","0215485","1","E18000006","E40000007","E92000001","E12000006","5","E14001268","E15000006","E24000005","E30000237","E16000150","E07000240","26UGGC","E00120299","26UGGC","E65000001","E01023687","E02004925","5","1C1","E00120299","E01023687","E02004925","E33027406","E38000079","E63011425","C1","8D2",51.826207,-0.336155,"E37000048","","E23000027",16001,"E56000035","E54000025","E00120299","E01023687","E02004925"
"AL5 5BS","AL5  5BS","AL5 5BS","198001","","E10000015","E58000624","E07000240","E05013952","E04013284","0","514837","0215277","1","E18000006","E40000007","E92000001","E12000006","5","E14001268","E15000006","E24000005","E30000237","E16000150","E07000240","26UGGC","E00120302","26UGGC","E65000001","E01023688","E02004925","5","6B2","E00120302","E01023688","E02004925","E33027406","E38000079","E63011425","C1","5B3",51.824322,-0.335136,"E37000048","","E23000027",26370,"E56000035","E54000025","E00120302","E01023688","E02004925"
"AL5 5BT","AL5  5BT","AL5 5BT","198001","","E10000015","E58000624","E07000240","E05013952","E04013284","0","514945","0215216","1","E18000006","E40000007","E92000001","E12000006","5","E14001268","E15000006","E24000005","E30000237","E16000150","E07000240","26UGGC","E00120302","26UGGC","E65000001","E01023688","E02004925","5","6B2","E00120302","E01023688","E02004925","E33027406","E38000079","E63011425","C1","5B3",51.823752,-0.333590,"E37000048","","E23000027",26370,"E56000035","E54000025","E00120302","E01023688","E02004925"
"AL5 5BU","AL5  5BU","AL5 5BU","198001","","E10000015","E58000624","E07000240","E05013952","E04013284","0","514893","0215112","1","E18000006","E40000007","E92000001","E12000006","5","E14001268","E15000006","E24000005","E30000237","E16000150","E07000240","26UGGC","E00120297","26UGGC","E65000001","E01023687","E02004925","5","5B2","E00120297","E01023687","E02004925","E33027406","E38000079","E63011425","C1","8C1",51.822828,-0.334379,"E37000048","","E23000027",16001,"E56000035","E54000025","E00120297","E01023687","E02004925"
"AL5 5BW","AL5  5BW","AL5 5BW","198001","","E10000015","E58000624","E07000240","E05013952","E04013284","0","514824","0215386","1","E18000006","E40000007","E92000001","E12000006","5","E14001268","E15000006","E24000005","E30000237","E16000150","E07000240","26UGGC","E00120297","26UGGC","E65000001","E01023687","E02004925","5","5B2","E00120297","E01023687","E02004925","E33027406","E38000079","E63011425","C1","8C1",51.825304,-0.335289,"E37000048","","E23000027",16001,"E56000035","E54000025","E00120297","E01023687","E02004925"
"AL5 5BX","AL5  5BX","AL5 5BX","198001","","E10000015","E58000624","E07000240","E05013952","E04013284","0","514415","0215299","1","E18000006","E40000007","E92000001","E12000006","5","E14001268","E15000006","E24000005","E30000237","E16000150","E07000240","26UGGC","E00120280","26UGGC","E65000001","E01023688","E02004925","5","2B2","E00120280","E01023688","E02004925","E33027403","E38000079","E63011425","C1","2D1",51.824606,-0.341249,"E37000048","","E23000027",26370,"E56000035","E54000025","E00120280","E01023688","E02004925"
"AL5 5BY","AL5  5BY","AL5 5BY","199612","199712","E10000015","E58000624","E07000240","E05013952","E04013284","1","514457","0214607","6","E18000006","E40000007","E92000001","E12000006","5","E14001268","E15000006","E24000005","E30000237","E16000150","E07000240","26UGGC","E00120288","26UGGC","E65000001","E01023685","E02004925","5","6D1","E00120288","E01023685","E02004925","E33027405","E38000079","E63011425","C1","6B2",51.818378,-0.340869,"E37000048","","E23000027",30948,"E56000035","E54000025","E00120288","E01023685","E02004925"
"AL5 5BZ","AL5  5BZ","AL5 5BZ","198106","","E10000015","E58000624","E07000240","E05013952","E04013284","0","514809","0214963","1","E18000006","E40000007","E92000001","E12000006","5","E14001268","E15000006","E24000005","E30000237","E16000150","E07000240","26UGGC","E00120286","26UGGC","E65000001","E01023685","E02004925","5","6D1","E00120286","E01023685","E02004925","E33027403","E38000079","E63011425","C1","5A3",51.821513,-0.335622,"E37000048","","E23000027",30948,"E56000035","E54000025","E00120286","E01023685","E02004925"
"AL5 5DA","AL5  5DA","AL5 5DA","199606","199912","E10000015","E58000624","E07000240","E05013952","E04013284","1","514458","0214608","6","E18000006","E40000007","E92000001","E12000006","5","E14001268","E15000006","E24000005","E30000237","E16000150","E07000240","26UGGC","E00120288","26UGGC","E65000001","E01023685","E02004925","5","6D1","E00120288","E01023685","E02004925","E33027405","E38000079","E63011425","C1","6B2",51.818387,-0.340854,"E37000048","","E23000027",30948,"E56000035","E54000025","E00120288","E01023685","E02004925"
"AL5 5DB","AL5  5DB","AL5 5DB","199301","199912","E10000015","E58000624","E07000240","E05013952","E04013284","1","514458","0214608","6","E18000006","E40000007","E92000001","E12000006","5","E14001268","E15000006","E24000005","E30000237","E16000150","E07000240","26UGGC","E00120288","26UGGC","E65000001","E01023685","E02004925","5","6D1","E00120288","E01023685","E02004925","E33027405","E38000079","E63011425","C1","6B2",51.818387,-0.340854,"E37000048","","E23000027",30948,"E56000035","E54000025","E00120288","E01023685","E02004925"
"AL5 5DD","AL5  5DD","AL5 5DD","199301","199507","E10000015","E58000624","E07000240","E05013952","E04013284","1","514900","0215300","8","E18000006","E40000007","E92000001","E12000006","5","E14001268","E15000006","E24000005","E30000237","E16000150","E07000240","26UGGC","E00120297","26UGGC","E65000001","E01023687","E02004925","5","5B2","E00120297","E01023687","E02004925","E33027406","E38000079","E63011425","C1","8C1",51.824516,-0.334215,"E37000048","","E23000027",16001,"E56000035","E54000025","E00120297","E01023687","E02004925"
"AL5 5DE","AL5  5DE","AL5 5DE","199405","199606","E10000015","E58000624","E07000240","E05013952","E04013284","1","514900","0215300","8","E18000006","E40000007","E92000001","E12000006","5","E14001268","E15000006","E24000005","E30000237","E16000150","E07000240","26UGGC","E00120297","26UGGC","E65000001","E01023687","E02004925","5","5B2","E00120297","E01023687","E02004925","E33027406","E38000079","E63011425","C1","8C1",51.824516,-0.334215,"E37000048","","E23000027",16001,"E56000035","E54000025","E00120297","E01023687","E02004925"
"AL5 5DF","AL5  5DF","AL5 5DF","199405","199606","E10000015","E58000624","E07000240","E05013952","E04013284","0","514900","0215300","8","E18000006","E40000007","E92000001","E12000006","5","E14001268","E15000006","E24000005","E30000237","E16000150","E07000240","26UGGC","E00120297","26UGGC","E65000001","E01023687","E02004925","5","5B2","E00120297","E01023687","E02004925","E33027406","E38000079","E63011425","C1","8C1",51.824516,-0.334215,"E37000048","","E23000027",16001,"E56000035","E54000025","E00120297","E01023687","E02004925"
"AL5 5DG","AL5  5DG","AL5 5DG","199412","199507","E10000015","E58000624","E07000240","E05013952","E04013284","1","514900","0215300","8","E18000006","E40000007","E92000001","E12000006","5","E14001268","E15000006","E24000005","E30000237","E16000150","E07000240","26UGGC","E00120297","26UGGC","E65000001","E01023687","E02004925","5","5B2","E00120297","E01023687","E02004925","E33027406","E38000079","E63011425","C1","8C1",51.824516,-0.334215,"E37000048","","E23000027",16001,"E56000035","E54000025","E00120297","E01023687","E02004925"
"AL5 5DH","AL5  5DH","AL5 5DH","199501","200308","E10000015","E58000626","E07000240","E05013955","E04013284","1","513594","0214185","1","E18000006","E40000007","E92000001","E12000006","5","E14001268","E15000006","E24000005","E30000237","E16000150","E07000240","26UGGF","E00120354","26UGGF","E65000001","E01023701","E02004926","5","6D2","E00120354","E01023701","E02004926","E33024309","E38000079","E63011425","C1","5B1",51.814762,-0.353522,"E37000048","","E23000027",29552,"E56000035","E54000025","E00120354","E01023701","E02004926"
"AL5 5DJ","AL5  5DJ","AL5 5DJ","199501","199606","E10000015","E58000624","E07000240","E05013952","E04013284","1","514900","0215300","8","E18000006","E40000007","E92000001","E12000006","5","E14001268","E15000006","E24000005","E30000237","E16000150","E07000240","26UGGC","E00120297","26UGGC","E65000001","E01023687","E02004925","5","5B2","E00120297","E01023687","E02004925","E33027406","E38000079","E63011425","C1","8C1",51.824516,-0.334215,"E37000048","","E23000027",16001,"E56000035","E54000025","E00120297","E01023687","E02004925"
"AL5 5DN","AL5  5DN","AL5 5DN","198001","","E10000015","E58000624","E07000240","E05013952","E04013284","0","515042","0215364","1","E18000006","E40000007","E92000001","E12000006","5","E14001268","E15000006","E24000005","E30000237","E16000150","E07000240","26UGGC","E00120297","26UGGC","E65000001","E01023687","E02004925","5","5B2","E00120297","E01023687","E02004925","E33027406","E38000079","E63011425","C1","8C1",51.825069,-0.332110,"E37000048","","E23000027",16001,"E56000035","E54000025","E00120297","E01023687","E02004925"
"AL5 5DP","AL5  5DP","AL5 5DP","198001","","E10000015","E58000625","E07000240","E05013962","E04013289","0","515064","0215938","1","E18000006","E40000007","E92000001","E12000006","5","E14001268","E15000006","E24000005","E30000237","E16000150","E07000240","26UGGS","E00120594","26UGGS","E65000001","E01023748","E02004927","8","3C2","E00120594","E01023748","E02004927","E33027412","E38000079","","F1","1B2",51.830216,-0.331625,"E37000048","","E23000027",27718,"E56000035","E54000025","E00120594","E01023748","E02004927"
"AL5 5DQ","AL5  5DQ","AL5 5DQ","199412","199606","E10000015","E58000624","E07000240","E05013952","E04013284","1","514900","0215300","8","E18000006","E40000007","E92000001","E12000006","5","E14001268","E15000006","E24000005","E30000237","E16000150","E07000240","26UGGC","E00120297","26UGGC","E65000001","E01023687","E02004925","5","5B2","E00120297","E01023687","E02004925","E33027406","E38000079","E63011425","C1","8C1",51.824516,-0.334215,"E37000048","","E23000027",16001,"E56000035","E54000025","E00120297","E01023687","E02004925"
"AL5 5DR","AL5  5DR","AL5 5DR","198001","","E10000015","E58000625","E07000240","E05013962","E04013289","0","515610","0215584","1","E18000006","E40000007","E92000001","E12000006","5","E14001268","E15000006","E24000005","E30000237","E16000150","E07000240","26UGGS","E00120594","26UGGS","E65000001","E01023748","E02004927","8","3C2","E00120594","E01023748","E02004927","E33027412","E38000079","E63011425","F1","1B2",51.826922,-0.323823,"E37000048","","E23000027",27718,"E56000035","E54000025","E00120594","E01023748","E02004927"
"AL5 5DS","AL5  5DS","AL5 5DS","198001","","E10000015","E58000625","E07000240","E05013962","E04013289","0","515780","0215838","1","E18000006","E40000007","E92000001","E12000006","5","E14001268","E15000006","E24000005","E30000237","E16000150","E07000240","26UGGS","E00120594","26UGGS","E65000001","E01023748","E02004927","8","3C2","E00120594","E01023748","E02004927","E33027412","E38000079","E63011425","F1","1B2",51.829169,-0.321272,"E37000048","","E23000027",27718,"E56000035","E54000025","E00120594","E01023748","E02004927"
"AL5 5DT","AL5  5DT","AL5 5DT","199706","200101","E10000015","E58000624","E07000240","E05013952","E04013284","1","514432","0214633","6","E18000006","E40000007","E92000001","E12000006","5","E14001268","E15000006","E24000005","E30000237","E16000150","E07000240","26UGGC","E00120285","26UGGC","E65000001","E01023685","E02004925","5","4D1","E00120285","E01023685","E02004925","E33027405","E38000079","E63011425","C1","6A4",51.818617,-0.341223,"E37000048","","E23000027",30948,"E56000035","E54000025","E00120285","E01023685","E02004925"
"AL5 5DU","AL5  5DU","AL5 5DU","198001","","E10000015","E58000625","E07000240","E05013962","E04013289","0","515806","0216668","1","E18000006","E40000007","E92000001","E12000006","5","E14001268","E15000006","E24000005","E30000237","E16000150","E07000240","26UGGS","E00120594","26UGGS","E65000001","E01023748","E02004927","8","3C2","E00120594","E01023748","E02004927","E33027412","E38000079","","F1","1B2",51.836631,-0.320593,"E37000048","","E23000027",27718,"E56000035","E54000025","E00120594","E01023748","E02004927"
"AL5 5DW","AL5  5DW","AL5 5DW","198001","","E10000015","E58000625","E07000240","E05013962","E04013289","0","515025","0215784","1","E18000006","E40000007","E92000001","E12000006","5","E14001268","E15000006","E24000005","E30000237","E16000150","E07000240","26UGGS","E00120594","26UGGS","E65000001","E01023748","E02004927","8","3C2","E00120594","E01023748","E02004927","E33027412","E38000079","","F1","1B2",51.828840,-0.332241,"E37000048","","E23000027",27718,"E56000035","E54000025","E00120594","E01023748","E02004927"
"AL5 5DX","AL5  5DX","AL5 5DX","198001","","E10000015","E58000625","E07000240","E05013962","E04013289","0","515377","0216714","1","E18000006","E40000007","E92000001","E12000006","5","E14001268","E15000006","E24000005","E30000237","E16000150","E07000240","26UGGS","E00120594","26UGGS","E65000001","E01023748","E02004927","8","3C2","E00120594","E01023748","E02004927","E33027412","E38000079","","F1","1B2",51.837133,-0.326802,"E37000048","","E23000027",27718,"E56000035","E54000025","E00120594","E01023748","E02004927"
"AL5 5DY","AL5  5DY","AL5 5DY","198001","","E10000015","E58000625","E07000240","E05013962","E04013289","0","515474","0216834","1","E18000006","E40000007","E92000001","E12000006","5","E14001268","E15000006","E24000005","E30000237","E16000150","E07000240","26UGGS","E00120594","26UGGS","E65000001","E01023748","E02004927","8","3C2","E00120594","E01023748","E02004927","E33027412","E38000079","","F1","1B2",51.838184,-0.325379,"E37000048","","E23000027",27718,"E56000035","E54000025","E00120594","E01023748","E02004927"
"AL5 5DZ","AL5  5DZ","AL5 5DZ","198001","","E10000015","E58000625","E07000240","E05013962","E04013289","0","515074","0216844","1","E18000006","E40000007","E92000001","E12000006","5","E14001268","E15000006","E24000005","E30000237","E16000150","E07000240","26UGGS","E00120594","26UGGS","E65000001","E01023748","E02004927","8","3C2","E00120594","E01023748","E02004927","E33027412","E38000079","","F1","1B2",51.838356,-0.331179,"E37000048","","E23000027",27718,"E56000035","E54000025","E00120594","E01023748","E02004927"
"AL5 5EA","AL5  5EA","AL5 5EA","198001","","E10000015","E58000625","E07000240","E05013962","E04013289","0","515630","0217266","1","E18000006","E40000007","E92000001","E12000006","5","E14001268","E15000006","E24000005","E30000237","E16000150","E07000240","26UGGS","E00120594","26UGGS","E65000001","E01023748","E02004927","8","3C2","E00120594","E01023748","E02004927","E33027412","E38000079","","F1","1B2",51.842041,-0.322947,"E37000048","","E23000027",27718,"E56000035","E54000025","E00120594","E01023748","E02004927"
"AL5 5EB","AL5  5EB","AL5 5EB","198001","","E10000015","E58000625","E07000240","E05013962","E04013289","0","514747","0217245","1","E18000006","E40000007","E92000001","E12000006","5","E14001268","E15000006","E24000005","E30000237","E16000150","E07000240","26UGGS","E00120594","26UGGS","E65000001","E01023748","E02004927","8","3C2","E00120594","E01023748","E02004927","E33027412","E38000079","","F1","1B2",51.842027,-0.335790,"E37000048","","E23000027",27718,"E56000035","E54000025","E00120594","E01023748","E02004927"
"AL5 5ED","AL5  5ED","AL5 5ED","198001","","E10000015","E58000625","E07000240","E05013962","E04013289","0","514246","0217632","1","E18000006","E40000007","E92000001","E12000006","5","E14001268","E15000006","E24000005","E30000237","E16000150","E07000240","26UGGS","E00120594","26UGGS","E65000001","E01023748","E02004927","8","3C2","E00120594","E01023748","E02004927","E33027412","E38000079","","F1","1B2",51.845615,-0.342906,"E37000048","","E23000027",27718,"E56000035","E54000025","E00120594","E01023748","E02004927"
"AL5 5EE","AL5  5EE","AL5 5EE","198001","","E10000015","E58000625","E07000240","E05013962","E04013289","0","514277","0216675","1","E18000006","E40000007","E92000001","E12000006","5","E14001268","E15000006","E24000005","E30000237","E16000150","E07000240","26UGGS","E00120594","26UGGS","E65000001","E01023748","E02004927","8","3C2","E00120594","E01023748","E02004927","E33027412","E38000079","","F1","1B2",51.837008,-0.342773,"E37000048","","E23000027",27718,"E56000035","E54000025","E00120594","E01023748","E02004927"
"AL5 5EF","AL5  5EF","AL5 5EF","198001","","E10000015","E58000624","E07000240","E05013952","E04013284","0","514321","0216529","1","E18000006","E40000007","E92000001","E12000006","5","E14001268","E15000006","E24000005","E30000237","E16000150","E07000240","26UGGC","E00120295","26UGGC","E65000001","E01023687","E02004925","5","1A3","E00120295","E01023687","E02004925","E33027406","E38000079","","C1","8D2",51.835680,-0.342207,"E37000048","","E23000027",16001,"E56000035","E54000025","E00120295","E01023687","E02004925"
"AL5 5EG","AL5  5EG","AL5 5EG","198001","","E10000015","E58000624","E07000240","E05013952","E04013284","0","514027","0216009","1","E18000006","E40000007","E92000001","E12000006","5","E14001268","E15000006","E24000005","E30000237","E16000150","E07000240","26UGGC","E00120295","26UGGC","E65000001","E01023687","E02004925","5","1A3","E00120295","E01023687","E02004925","E33027406","E38000079","E63011425","C1","8D2",51.831066,-0.346643,"E37000048","","E23000027",16001,"E56000035","E54000025","E00120295","E01023687","E02004925"
"AL5 5EH","AL5  5EH","AL5 5EH","198704","199212","E10000015","E58000625","E07000240","E05013962","E04013289","1","515400","0213300","8","E18000006","E40000007","E92000001","E12000006","5","E14001268","E15000006","E24000005","E30000237","E16000150","E07000240","26UGGS","E00120599","26UGGS","E65000001","E01023749","E02004927","5","4B3","E00120599","E01023749","E02004927","E33027414","E38000079","E63011425","C1","6A4",51.806439,-0.327629,"E37000048","","E23000027",29648,"E56000035","E54000025","E00120599","E01023749","E02004927"
"AL5 5EJ","AL5  5EJ","AL5 5EJ","199712","","E10000015","E58000624","E07000240","E05013952","E04013284","0","514159","0215729","1","E18000006","E40000007","E92000001","E12000006","5","E14001268","E15000006","E24000005","E30000237","E16000150","E07000240","26UGGD","E00120321","26UGGD","E65000001","E01023693","E02004924","5","4A2","E00120321","E01023693","E02004924","E33024303","E38000079","E63011425","C1","6B2",51.828523,-0.344821,"E37000048","","E23000027",31768,"E56000035","E54000025","E00120321","E01023693","E02004924"
"AL5 5EL","AL5  5EL","AL5 5EL","199501","200006","E10000015","E58000624","E07000240","E05013952","E04013284","1","514432","0214633","6","E18000006","E40000007","E92000001","E12000006","5","E14001268","E15000006","E24000005","E30000237","E16000150","E07000240","26UGGC","E00120285","26UGGC","E65000001","E01023685","E02004925","5","4D1","E00120285","E01023685","E02004925","E33027405","E38000079","E63011425","C1","6A4",51.818617,-0.341223,"E37000048","","E23000027",30948,"E56000035","E54000025","E00120285","E01023685","E02004925"
"AL5 5EN","AL5  5EN","AL5 5EN","199208","200109","E10000015","E58000626","E07000240","E05013955","E04013284","1","513594","0214185","1","E18000006","E40000007","E92000001","E12000006","5","E14001268","E15000006","E24000005","E30000237","E16000150","E07000240","26UGGF","E00120354","26UGGF","E65000001","E01023701","E02004926","5","6D2","E00120354","E01023701","E02004926","E33024309","E38000079","E63011425","C1","5B1",51.814762,-0.353522,"E37000048","","E23000027",29552,"E56000035","E54000025","E00120354","E01023701","E02004926"
"AL5 5EP","AL5  5EP","AL5 5EP","199405","","E10000015","E58000624","E07000240","E05013952","E04013284","0","514140","0215787","1","E18000006","E40000007","E92000001","E12000006","5","E14001268","E15000006","E24000005","E30000237","E16000150","E07000240","26UGGD","E00120321","26UGGD","E65000001","E01023693","E02004924","5","4A2","E00120321","E01023693","E02004924","E33024303","E38000079","E63011425","C1","6B2",51.829048,-0.345077,"E37000048","","E23000027",31768,"E56000035","E54000025","E00120321","E01023693","E02004924"
"AL5 5EQ","AL5  5EQ","AL5 5EQ","201604","","E10000015","E58000624","E07000240","E05013952","E04013284","0","514321","0215427","1","E18000006","E40000007","E92000001","E12000006","5","E14001268","E15000006","E24000005","E30000237","E16000150","E07000240","26UGGD","E00120321","26UGGD","E65000001","E01023693","E02004924","5","4A2","E00120321","E01023693","E02004924","E33024303","E38000079","E63011425","C1","6B2",51.825701,-0.342477,"E37000048","","E23000027",31768,"E56000035","E54000025","E00120321","E01023693","E02004924"
"AL5 5ER","AL5  5ER","AL5 5ER","200112","200306","E10000015","E58000626","E07000240","E05013955","E04013284","1","513594","0214185","1","E18000006","E40000007","E92000001","E12000006","5","E14001268","E15000006","E24000005","E30000237","E16000150","E07000240","26UGGF","E00120354","26UGGF","E65000001","E01023701","E02004926","5","6D2","E00120354","E01023701","E02004926","E33024309","E38000079","E63011425","C1","5B1",51.814762,-0.353522,"E37000048","","E23000027",29552,"E56000035","E54000025","E00120354","E01023701","E02004926"
"AL5 5ES","AL5  5ES","AL5 5ES","198803","202401","E10000015","E58000624","E07000240","E05013952","E04013284","0","514855","0214974","1","E18000006","E40000007","E92000001","E12000006","5","E14001268","E15000006","E24000005","E30000237","E16000150","E07000240","26UGGC","E00120286","26UGGC","E65000001","E01023685","E02004925","5","6D1","E00120286","E01023685","E02004925","E33027403","E38000079","E63011425","C1","5A3",51.821595,-0.334976,"E37000048","","E23000027",30948,"E56000035","E54000025","E00120286","E01023685","E02004925"
"AL5 5ET","AL5  5ET","AL5 5ET","199412","200701","E10000015","E58000626","E07000240","E05013955","E04013284","1","513594","0214185","1","E18000006","E40000007","E92000001","E12000006","5","E14001268","E15000006","E24000005","E30000237","E16000150","E07000240","26UGGF","E00120354","26UGGF","E65000001","E01023701","E02004926","5","6D2","E00120354","E01023701","E02004926","E33024309","E38000079","E63011425","C1","5B1",51.814762,-0.353522,"E37000048","","E23000027",29552,"E56000035","E54000025","E00120354","E01023701","E02004926"
"AL5 5EU","AL5  5EU","AL5 5EU","201605","202203","E10000015","E58000664","E07000240","E05013956","E43000290","1","517321","0206803","1","E18000006","E40000007","E92000001","E12000006","5","E14001507","E15000006","E24000005","E30000237","E16000150","E07000240","26UGFX","E00120196","26UGFX","E65000001","E01023667","E02004936","5","6D1","E00120196","E01023667","E02004936","E33027453","E38000079","E63011552","C1","5A2",51.747650,-0.301973,"E37000048","","E23000027",30628,"E56000035","E54000025","E00120196","E01023667","E02004936"
"AL5 5EW","AL5  5EW","AL5 5EW","199507","","E10000015","E58000626","E07000240","E05013955","E04013284","0","513872","0214331","1","E18000006","E40000007","E92000001","E12000006","5","E14001268","E15000006","E24000005","E30000237","E16000150","E07000240","26UGGF","E00120351","26UGGF","E65000001","E01023702","E02004926","5","6D1","E00120351","E01023702","E02004926","E33027409","E38000079","E63011425","C1","5A2",51.816017,-0.349443,"E37000048","","E23000027",32710,"E56000035","E54000025","E00120351","E01023702","E02004926"
"AL5 5EX","AL5  5EX","AL5 5EX","199507","199606","E10000015","E58000624","E07000240","E05013952","E04013284","1","514800","0214900","8","E18000006","E40000007","E92000001","E12000006","5","E14001268","E15000006","E24000005","E30000237","E16000150","E07000240","26UGGC","E00120286","26UGGC","E65000001","E01023685","E02004925","5","6D1","E00120286","E01023685","E02004925","E33027403","E38000079","E63011425","C1","5A3",51.820941,-0.335798,"E37000048","","E23000027",30948,"E56000035","E54000025","E00120286","E01023685","E02004925"
"AL5 5EY","AL5  5EY","AL5 5EY","199512","201008","E10000015","E58000626","E07000240","E05013955","E04013284","1","513594","0214185","1","E18000006","E40000007","E92000001","E12000006","5","E14001268","E15000006","E24000005","E30000237","E16000150","E07000240","26UGGF","E00120354","26UGGF","E65000001","E01023701","E02004926","5","6D2","E00120354","E01023701","E02004926","E33024309","E38000079","E63011425","C1","5B1",51.814762,-0.353522,"E37000048","","E23000027",29552,"E56000035","E54000025","E00120354","E01023701","E02004926"
"AL5 5EZ","AL5  5EZ","AL5 5EZ","200801","","E10000015","E58000624","E07000240","E05013952","E04013284","0","514264","0215678","1","E18000006","E40000007","E92000001","E12000006","5","E14001268","E15000006","E24000005","E30000237","E16000150","E07000240","26UGGC","E00120298","26UGGC","E65000001","E01023687","E02004925","5","5B3","E00120298","E01023687","E02004925","E33027406","E38000079","E63011425","C1","4A2",51.828050,-0.343290,"E37000048","","E23000027",16001,"E56000035","E54000025","E00120298","E01023687","E02004925"
"AL5 5FA","AL5  5FA","AL5 5FA","201412","","E10000015","E58000624","E07000240","E05013952","E04013284","0","514854","0215044","1","E18000006","E40000007","E92000001","E12000006","5","E14001268","E15000006","E24000005","E30000237","E16000150","E07000240","26UGGC","E00120297","26UGGC","E65000001","E01023687","E02004925","5","5B2","E00120297","E01023687","E02004925","E33027406","E38000079","E63011425","C1","8C1",51.822224,-0.334967,"E37000048","","E23000027",16001,"E56000035","E54000025","E00120297","E01023687","E02004925"
"AL5 5FB","AL5  5FB","AL5 5FB","201210","","E10000015","E58000625","E07000240","E05013962","E04013289","0","514642","0217446","1","E18000006","E40000007","E92000001","E12000006","5","E14001268","E15000006","E24000005","E30000237","E16000150","E07000240","26UGGS","E00120594","26UGGS","E65000001","E01023748","E02004927","8","3C2","E00120594","E01023748","E02004927","E33027412","E38000079","","F1","1B2",51.843863,-0.337222,"E37000048","","E23000027",27718,"E56000035","E54000025","E00120594","E01023748","E02004927"
"AL5 5FD","AL5  5FD","AL5 5FD","201707","","E10000015","E58000626","E07000240","E05013955","E04013284","0","514032","0214160","1","E18000006","E40000007","E92000001","E12000006","5","E14001268","E15000006","E24000005","E30000237","E16000150","E07000240","26UGGF","E00120356","26UGGF","E65000001","E01023702","E02004926","5","6D2","E00120356","E01023702","E02004926","E33027409","E38000079","E63011425","C1","5B1",51.814455,-0.347155,"E37000048","","E23000027",32710,"E56000035","E54000025","E00120356","E01023702","E02004926"
"AL5 5FE","AL5  5FE","AL5 5FE","201510","","E10000015","E58000624","E07000240","E05013952","E04013284","0","514247","0215538","1","E18000006","E40000007","E92000001","E12000006","5","E14001268","E15000006","E24000005","E30000237","E16000150","E07000240","26UGGD","E00120321","26UGGD","E65000001","E01023693","E02004924","5","4A2","E00120321","E01023693","E02004924","E33024303","E38000079","E63011425","C1","6B2",51.826796,-0.343583,"E37000048","","E23000027",31768,"E56000035","E54000025","E00120321","E01023693","E02004924"
"AL5 5FF","AL5  5FF","AL5 5FF","201607","","E10000015","E58000625","E07000240","E05013962","E04013289","0","514603","0216485","1","E18000006","E40000007","E92000001","E12000006","5","E14001268","E15000006","E24000005","E30000237","E16000150","E07000240","26UGGS","E00120594","26UGGS","E65000001","E01023748","E02004927","8","3C2","E00120594","E01023748","E02004927","E33027412","E38000079","","F1","1B2",51.835234,-0.338106,"E37000048","","E23000027",27718,"E56000035","E54000025","E00120594","E01023748","E02004927"
"AL5 5FG","AL5  5FG","AL5 5FG","202011","","E10000015","E58000624","E07000240","E05013952","E04013284","0","514247","0215538","5","E18000006","E40000007","E92000001","E12000006","5","E14001268","E15000006","E24000005","E30000237","E16000150","E07000240","26UGGD","E00120321","26UGGD","E65000001","E01023693","E02004924","5","4A2","E00120321","E01023693","E02004924","E33024303","E38000079","E63011425","C1","6B2",51.826796,-0.343583,"E37000048","","E23000027",31768,"E56000035","E54000025","E00120321","E01023693","E02004924"
"AL5 5FH","AL5  5FH","AL5 5FH","201904","","E10000015","E58000624","E07000240","E05013952","E04013284","0","515210","0215146","1","E18000006","E40000007","E92000001","E12000006","5","E14001268","E15000006","E24000005","E30000237","E16000150","E07000240","26UGGC","E00120297","26UGGC","E65000001","E01023687","E02004925","5","5B2","E00120297","E01023687","E02004925","E33027406","E38000079","E63011425","C1","8C1",51.823075,-0.329746,"E37000048","","E23000027",16001,"E56000035","E54000025","E00120297","E01023687","E02004925"
"AL5 5FJ","AL5  5FJ","AL5 5FJ","202308","","E10000015","E58000625","E07000240","E05013962","E04013289","0","514536","0216537","1","E18000006","E40000007","E92000001","E12000006","5","E14001268","E15000006","E24000005","E30000237","E16000150","E07000240","26UGGS","E00120594","26UGGS","E65000001","E01023748","E02004927","8","3C2","E00120594","E01023748","E02004927","E33027412","E38000079","","F1","1B2",51.835715,-0.339061,"E37000048","","E23000027",27718,"E56000035","E54000025","E00120594","E01023748","E02004927"
"AL5 5GB","AL5  5GB","AL5 5GB","199612","199712","E10000015","E58000624","E07000240","E05013952","E04013284","1","514457","0214607","6","E18000006","E40000007","E92000001","E12000006","5","E14001268","E15000006","E24000005","E30000237","E16000150","E07000240","26UGGC","E00120288","26UGGC","E65000001","E01023685","E02004925","5","6D1","E00120288","E01023685","E02004925","E33027405","E38000079","E63011425","C1","6B2",51.818378,-0.340869,"E37000048","","E23000027",30948,"E56000035","E54000025","E00120288","E01023685","E02004925"
"AL5 5GD","AL5  5GD","AL5 5GD","200106","200303","E10000015","E58000626","E07000240","E05013955","E04013284","1","513594","0214185","1","E18000006","E40000007","E92000001","E12000006","5","E14001268","E15000006","E24000005","E30000237","E16000150","E07000240","26UGGF","E00120354","26UGGF","E65000001","E01023701","E02004926","5","6D2","E00120354","E01023701","E02004926","E33024309","E38000079","E63011425","C1","5B1",51.814762,-0.353522,"E37000048","","E23000027",29552,"E56000035","E54000025","E00120354","E01023701","E02004926"
"AL5 5HA","AL5  5HA","AL5 5HA","198001","","E10000015","E58000624","E07000240","E05013952","E04013284","0","514365","0215477","1","E18000006","E40000007","E92000001","E12000006","5","E14001268","E15000006","E24000005","E30000237","E16000150","E07000240","26UGGC","E00120298","26UGGC","E65000001","E01023687","E02004925","5","5B3","E00120298","E01023687","E02004925","E33027406","E38000079","E63011425","C1","4A2",51.826216,-0.341916,"E37000048","","E23000027",16001,"E56000035","E54000025","E00120298","E01023687","E02004925"
"AL5 5HB","AL5  5HB","AL5 5HB","198001","","E10000015","E58000624","E07000240","E05013952","E04013284","0","514431","0215481","1","E18000006","E40000007","E92000001","E12000006","5","E14001268","E15000006","E24000005","E30000237","E16000150","E07000240","26UGGC","E00120301","26UGGC","E65000001","E01023688","E02004925","5","6B2","E00120301","E01023688","E02004925","E33027406","E38000079","E63011425","C1","5B3",51.826239,-0.340957,"E37000048","","E23000027",26370,"E56000035","E54000025","E00120301","E01023688","E02004925"
"AL5 5HD","AL5  5HD","AL5 5HD","198001","","E10000015","E58000624","E07000240","E05013952","E04013284","0","514472","0215450","1","E18000006","E40000007","E92000001","E12000006","5","E14001268","E15000006","E24000005","E30000237","E16000150","E07000240","26UGGC","E00120301","26UGGC","E65000001","E01023688","E02004925","5","6B2","E00120301","E01023688","E02004925","E33027406","E38000079","E63011425","C1","5B3",51.825952,-0.340373,"E37000048","","E23000027",26370,"E56000035","E54000025","E00120301","E01023688","E02004925"
"AL5 5HE","AL5  5HE","AL5 5HE","198001","","E10000015","E58000624","E07000240","E05013952","E04013284","0","514545","0215590","1","E18000006","E40000007","E92000001","E12000006","5","E14001268","E15000006","E24000005","E30000237","E16000150","E07000240","26UGGC","E00120296","26UGGC","E65000001","E01023687","E02004925","5","5B1","E00120296","E01023687","E02004925","E33027406","E38000079","E63011425","C1","7C1",51.827195,-0.339268,"E37000048","","E23000027",16001,"E56000035","E54000025","E00120296","E01023687","E02004925"
"AL5 5HF","AL5  5HF","AL5 5HF","198001","","E10000015","E58000624","E07000240","E05013952","E04013284","0","514575","0215561","1","E18000006","E40000007","E92000001","E12000006","5","E14001268","E15000006","E24000005","E30000237","E16000150","E07000240","26UGGC","E00120296","26UGGC","E65000001","E01023687","E02004925","5","5B1","E00120296","E01023687","E02004925","E33027406","E38000079","E63011425","C1","7C1",51.826928,-0.338842,"E37000048","","E23000027",16001,"E56000035","E54000025","E00120296","E01023687","E02004925"
"AL5 5HG","AL5  5HG","AL5 5HG","199507","199612","E10000015","E58000624","E07000240","E05013952","E04013284","1","514500","0215600","8","E18000006","E40000007","E92000001","E12000006","5","E14001268","E15000006","E24000005","E30000237","E16000150","E07000240","26UGGC","E00120296","26UGGC","E65000001","E01023687","E02004925","5","5B1","E00120296","E01023687","E02004925","E33027406","E38000079","E63011425","C1","7C1",51.827294,-0.339917,"E37000048","","E23000027",16001,"E56000035","E54000025","E00120296","E01023687","E02004925"
"AL5 5HH","AL5  5HH","AL5 5HH","198001","","E10000015","E58000624","E07000240","E05013952","E04013284","0","514778","0215737","1","E18000006","E40000007","E92000001","E12000006","5","E14001268","E15000006","E24000005","E30000237","E16000150","E07000240","26UGGC","E00120296","26UGGC","E65000001","E01023687","E02004925","5","5B1","E00120296","E01023687","E02004925","E33027406","E38000079","E63011425","C1","7C1",51.828475,-0.335815,"E37000048","","E23000027",16001,"E56000035","E54000025","E00120296","E01023687","E02004925"
"AL5 5HJ","AL5  5HJ","AL5 5HJ","198001","","E10000015","E58000624","E07000240","E05013952","E04013284","0","514805","0215675","1","E18000006","E40000007","E92000001","E12000006","5","E14001268","E15000006","E24000005","E30000237","E16000150","E07000240","26UGGC","E00120296","26UGGC","E65000001","E01023687","E02004925","5","5B1","E00120296","E01023687","E02004925","E33027406","E38000079","E63011425","C1","7C1",51.827913,-0.335444,"E37000048","","E23000027",16001,"E56000035","E54000025","E00120296","E01023687","E02004925"
"AL5 5HL","AL5  5HL","AL5 5HL","198001","","E10000015","E58000624","E07000240","E05013952","E04013284","0","514702","0215630","1","E18000006","E40000007","E92000001","E12000006","5","E14001268","E15000006","E24000005","E30000237","E16000150","E07000240","26UGGC","E00120299","26UGGC","E65000001","E01023687","E02004925","5","1C1","E00120299","E01023687","E02004925","E33027406","E38000079","E63011425","C1","8D2",51.827522,-0.336977,"E37000048","","E23000027",16001,"E56000035","E54000025","E00120299","E01023687","E02004925"
"AL5 5HN","AL5  5HN","AL5 5HN","198001","","E10000015","E58000624","E07000240","E05013952","E04013284","0","514620","0215556","1","E18000006","E40000007","E92000001","E12000006","5","E14001268","E15000006","E24000005","E30000237","E16000150","E07000240","26UGGC","E00120299","26UGGC","E65000001","E01023687","E02004925","5","1C1","E00120299","E01023687","E02004925","E33027406","E38000079","E63011425","C1","8D2",51.826874,-0.338191,"E37000048","","E23000027",16001,"E56000035","E54000025","E00120299","E01023687","E02004925"
"AL5 5HP","AL5  5HP","AL5 5HP","198001","","E10000015","E58000624","E07000240","E05013952","E04013284","0","514466","0215709","1","E18000006","E40000007","E92000001","E12000006","5","E14001268","E15000006","E24000005","E30000237","E16000150","E07000240","26UGGC","E00120296","26UGGC","E65000001","E01023687","E02004925","5","5B1","E00120296","E01023687","E02004925","E33027406","E38000079","E63011425","C1","7C1",51.828288,-0.340350,"E37000048","","E23000027",16001,"E56000035","E54000025","E00120296","E01023687","E02004925"
"AL5 5HQ","AL5  5HQ","AL5 5HQ","198001","","E10000015","E58000624","E07000240","E05013952","E04013284","0","514642","0215668","1","E18000006","E40000007","E92000001","E12000006","5","E14001268","E15000006","E24000005","E30000237","E16000150","E07000240","26UGGC","E00120296","26UGGC","E65000001","E01023687","E02004925","5","5B1","E00120296","E01023687","E02004925","E33027406","E38000079","E63011425","C1","7C1",51.827876,-0.337835,"E37000048","","E23000027",16001,"E56000035","E54000025","E00120296","E01023687","E02004925"
"AL5 5HR","AL5  5HR","AL5 5HR","198001","","E10000015","E58000624","E07000240","E05013952","E04013284","0","514540","0215681","1","E18000006","E40000007","E92000001","E12000006","5","E14001268","E15000006","E24000005","E30000237","E16000150","E07000240","26UGGC","E00120296","26UGGC","E65000001","E01023687","E02004925","5","5B1","E00120296","E01023687","E02004925","E33027406","E38000079","E63011425","C1","7C1",51.828014,-0.339310,"E37000048","","E23000027",16001,"E56000035","E54000025","E00120296","E01023687","E02004925"
"AL5 5HS","AL5  5HS","AL5 5HS","198001","","E10000015","E58000624","E07000240","E05013952","E04013284","0","514408","0215769","1","E18000006","E40000007","E92000001","E12000006","5","E14001268","E15000006","E24000005","E30000237","E16000150","E07000240","26UGGC","E00120295","26UGGC","E65000001","E01023687","E02004925","5","1A3","E00120295","E01023687","E02004925","E33027406","E38000079","E63011425","C1","8D2",51.828832,-0.341196,"E37000048","","E23000027",16001,"E56000035","E54000025","E00120295","E01023687","E02004925"
"AL5 5HT","AL5  5HT","AL5 5HT","198001","","E10000015","E58000624","E07000240","E05013952","E04013284","0","514394","0215847","1","E18000006","E40000007","E92000001","E12000006","5","E14001268","E15000006","E24000005","E30000237","E16000150","E07000240","26UGGC","E00120295","26UGGC","E65000001","E01023687","E02004925","5","1A3","E00120295","E01023687","E02004925","E33027406","E38000079","E63011425","C1","8D2",51.829535,-0.341373,"E37000048","","E23000027",16001,"E56000035","E54000025","E00120295","E01023687","E02004925"
"AL5 5HU","AL5  5HU","AL5 5HU","198001","","E10000015","E58000624","E07000240","E05013952","E04013284","0","514358","0215787","1","E18000006","E40000007","E92000001","E12000006","5","E14001268","E15000006","E24000005","E30000237","E16000150","E07000240","26UGGC","E00120295","26UGGC","E65000001","E01023687","E02004925","5","1A3","E00120295","E01023687","E02004925","E33027406","E38000079","E63011425","C1","8D2",51.829004,-0.341915,"E37000048","","E23000027",16001,"E56000035","E54000025","E00120295","E01023687","E02004925"
"AL5 5HW","AL5  5HW","AL5 5HW","198001","","E10000015","E58000624","E07000240","E05013952","E04013284","0","514443","0215585","1","E18000006","E40000007","E92000001","E12000006","5","E14001268","E15000006","E24000005","E30000237","E16000150","E07000240","26UGGC","E00120296","26UGGC","E65000001","E01023687","E02004925","5","5B1","E00120296","E01023687","E02004925","E33027406","E38000079","E63011425","C1","7C1",51.827171,-0.340749,"E37000048","","E23000027",16001,"E56000035","E54000025","E00120296","E01023687","E02004925"
"AL5 5HX","AL5  5HX","AL5 5HX","198001","","E10000015","E58000624","E07000240","E05013952","E04013284","0","514354","0215840","1","E18000006","E40000007","E92000001","E12000006","5","E14001268","E15000006","E24000005","E30000237","E16000150","E07000240","26UGGC","E00120295","26UGGC","E65000001","E01023687","E02004925","5","1A3","E00120295","E01023687","E02004925","E33027406","E38000079","E63011425","C1","8D2",51.829488,-0.341931,"E37000048","","E23000027",16001,"E56000035","E54000025","E00120295","E01023687","E02004925"
"AL5 5HY","AL5  5HY","AL5 5HY","198001","","E10000015","E58000624","E07000240","E05013952","E04013284","0","514318","0215825","1","E18000006","E40000007","E92000001","E12000006","5","E14001268","E15000006","E24000005","E30000237","E16000150","E07000240","26UGGC","E00120295","26UGGC","E65000001","E01023687","E02004925","5","1A3","E00120295","E01023687","E02004925","E33027406","E38000079","E63011425","C1","8D2",51.829361,-0.342458,"E37000048","","E23000027",16001,"E56000035","E54000025","E00120295","E01023687","E02004925"
"AL5 5HZ","AL5  5HZ","AL5 5HZ","198001","","E10000015","E58000624","E07000240","E05013952","E04013284","0","514284","0215806","1","E18000006","E40000007","E92000001","E12000006","5","E14001268","E15000006","E24000005","E30000237","E16000150","E07000240","26UGGC","E00120295","26UGGC","E65000001","E01023687","E02004925","5","1A3","E00120295","E01023687","E02004925","E33027406","E38000079","E63011425","C1","8D2",51.829189,-0.342982,"E37000048","","E23000027",16001,"E56000035","E54000025","E00120295","E01023687","E02004925"
"AL5 5JA","AL5  5JA","AL5 5JA","198001","","E10000015","E58000624","E07000240","E05013952","E04013284","0","514286","0215688","1","E18000006","E40000007","E92000001","E12000006","5","E14001268","E15000006","E24000005","E30000237","E16000150","E07000240","26UGGC","E00120298","26UGGC","E65000001","E01023687","E02004925","5","5B3","E00120298","E01023687","E02004925","E33027406","E38000079","E63011425","C1","4A2",51.828136,-0.342968,"E37000048","","E23000027",16001,"E56000035","E54000025","E00120298","E01023687","E02004925"
"AL5 5JB","AL5  5JB","AL5 5JB","198001","","E10000015","E58000624","E07000240","E05013952","E04013284","0","514345","0215700","1","E18000006","E40000007","E92000001","E12000006","5","E14001268","E15000006","E24000005","E30000237","E16000150","E07000240","26UGGC","E00120295","26UGGC","E65000001","E01023687","E02004925","5","1A3","E00120295","E01023687","E02004925","E33027406","E38000079","E63011425","C1","8D2",51.828224,-0.342132,"E37000048","","E23000027",16001,"E56000035","E54000025","E00120295","E01023687","E02004925"
"AL5 5JD","AL5  5JD","AL5 5JD","198001","","E10000015","E58000624","E07000240","E05013952","E04013284","0","514351","0215578","1","E18000006","E40000007","E92000001","E12000006","5","E14001268","E15000006","E24000005","E30000237","E16000150","E07000240","26UGGC","E00120298","26UGGC","E65000001","E01023687","E02004925","5","5B3","E00120298","E01023687","E02004925","E33027406","E38000079","E63011425","C1","4A2",51.827127,-0.342086,"E37000048","","E23000027",16001,"E56000035","E54000025","E00120298","E01023687","E02004925"
"AL5 5JE","AL5  5JE","AL5 5JE","198001","","E10000015","E58000624","E07000240","E05013952","E04013284","0","514373","0215535","1","E18000006","E40000007","E92000001","E12000006","5","E14001268","E15000006","E24000005","E30000237","E16000150","E07000240","26UGGC","E00120298","26UGGC","E65000001","E01023687","E02004925","5","5B3","E00120298","E01023687","E02004925","E33027406","E38000079","E63011425","C1","4A2",51.826736,-0.341781,"E37000048","","E23000027",16001,"E56000035","E54000025","E00120298","E01023687","E02004925"
"AL5 5JF","AL5  5JF","AL5 5JF","198001","","E10000015","E58000624","E07000240","E05013952","E04013284","0","514256","0215599","1","E18000006","E40000007","E92000001","E12000006","5","E14001268","E15000006","E24000005","E30000237","E16000150","E07000240","26UGGC","E00120298","26UGGC","E65000001","E01023687","E02004925","5","5B3","E00120298","E01023687","E02004925","E33027406","E38000079","E63011425","C1","4A2",51.827335,-0.343457,"E37000048","","E23000027",16001,"E56000035","E54000025","E00120298","E01023687","E02004925"
"AL5 5JG","AL5  5JG","AL5 5JG","198001","","E10000015","E58000624","E07000240","E05013952","E04013284","0","514226","0215721","1","E18000006","E40000007","E92000001","E12000006","5","E14001268","E15000006","E24000005","E30000237","E16000150","E07000240","26UGGC","E00120298","26UGGC","E65000001","E01023687","E02004925","5","5B3","E00120298","E01023687","E02004925","E33027406","E38000079","E63011425","C1","4A2",51.828437,-0.343851,"E37000048","","E23000027",16001,"E56000035","E54000025","E00120298","E01023687","E02004925"
"AL5 5JH","AL5  5JH","AL5 5JH","198803","","E10000015","E58000626","E07000240","E05013955","E04013284","0","513989","0214225","1","E18000006","E40000007","E92000001","E12000006","5","E14001268","E15000006","E24000005","E30000237","E16000150","E07000240","26UGGF","E00120357","26UGGF","E65000001","E01023702","E02004926","5","2B2","E00120357","E01023702","E02004926","E33027409","E38000079","E63011425","C1","5A3",51.815041,-0.347781,"E37000048","","E23000027",32710,"E56000035","E54000025","E00120357","E01023702","E02004926"
"AL5 5JJ","AL5  5JJ","AL5 5JJ","199002","","E10000015","E58000624","E07000240","E05013952","E04013284","0","514249","0215783","1","E18000006","E40000007","E92000001","E12000006","5","E14001268","E15000006","E24000005","E30000237","E16000150","E07000240","26UGGC","E00120295","26UGGC","E65000001","E01023687","E02004925","5","1A3","E00120295","E01023687","E02004925","E33027406","E38000079","E63011425","C1","8D2",51.828990,-0.343497,"E37000048","","E23000027",16001,"E56000035","E54000025","E00120295","E01023687","E02004925"
"AL5 5JL","AL5  5JL","AL5 5JL","202311","","E10000015","E58000624","E07000240","E05013952","E04013284","0","514509","0215779","1","E18000006","E40000007","E92000001","E12000006","5","E14001268","E15000006","E24000005","E30000237","E16000150","E07000240","26UGGC","E00120296","26UGGC","E65000001","E01023687","E02004925","5","5B1","E00120296","E01023687","E02004925","E33027406","E38000079","E63011425","C1","7C1",51.828908,-0.339703,"E37000048","","E23000027",16001,"E56000035","E54000025","E00120296","E01023687","E02004925"
"AL5 5JN","AL5  5JN","AL5 5JN","199512","199906","E10000015","E58000624","E07000240","E05013952","E04013284","1","514458","0214608","6","E18000006","E40000007","E92000001","E12000006","5","E14001268","E15000006","E24000005","E30000237","E16000150","E07000240","26UGGC","E00120288","26UGGC","E65000001","E01023685","E02004925","5","6D1","E00120288","E01023685","E02004925","E33027405","E38000079","E63011425","C1","6B2",51.818387,-0.340854,"E37000048","","E23000027",30948,"E56000035","E54000025","E00120288","E01023685","E02004925"
"AL5 5JP","AL5  5JP","AL5 5JP","201102","","E10000015","E58000626","E07000240","E05013955","E04013284","0","514208","0213855","1","E18000006","E40000007","E92000001","E12000006","5","E14001268","E15000006","E24000005","E30000237","E16000150","E07000240","26UGGF","E00120361","26UGGF","E65000001","E01023703","E02004926","5","4B3","E00120361","E01023703","E02004926","E33027410","E38000079","E63011425","C1","6A4",51.811671,-0.344727,"E37000048","","E23000027",32505,"E56000035","E54000025","E00120361","E01023703","E02004926"
"AL5 5JQ","AL5  5JQ","AL5 5JQ","198001","","E10000015","E58000624","E07000240","E05013952","E04013284","0","514392","0215391","1","E18000006","E40000007","E92000001","E12000006","5","E14001268","E15000006","E24000005","E30000237","E16000150","E07000240","26UGGC","E00120298","26UGGC","E65000001","E01023687","E02004925","5","5B3","E00120298","E01023687","E02004925","E33027406","E38000079","E63011425","C1","4A2",51.825438,-0.341553,"E37000048","","E23000027",16001,"E56000035","E54000025","E00120298","E01023687","E02004925"
"AL5 5LA","AL5  5LA","AL5 5LA","198001","","E10000015","E58000626","E07000240","E05013955","E04013284","0","513861","0214315","1","E18000006","E40000007","E92000001","E12000006","5","E14001268","E15000006","E24000005","E30000237","E16000150","E07000240","26UGGF","E00120351","26UGGF","E65000001","E01023702","E02004926","5","6D1","E00120351","E01023702","E02004926","E33027409","E38000079","E63011425","C1","5A2",51.815883,-0.349583,"E37000048","","E23000027",32710,"E56000035","E54000025","E00120351","E01023702","E02004926"
"AL5 5LB","AL5  5LB","AL5 5LB","198001","","E10000015","E58000626","E07000240","E05013955","E04013284","0","513744","0214315","1","E18000006","E40000007","E92000001","E12000006","5","E14001268","E15000006","E24000005","E30000237","E16000150","E07000240","26UGGF","E00120353","26UGGF","E65000001","E01023702","E02004926","5","2B1","E00120353","E01023702","E02004926","E33027409","E38000079","E63011425","C1","2D1",51.815900,-0.351304,"E37000048","","E23000027",32710,"E56000035","E54000025","E00120353","E01023702","E02004926"
"AL5 5LD","AL5  5LD","AL5 5LD","198001","","E10000015","E58000626","E07000240","E05013955","E04013284","0","513793","0214288","1","E18000006","E40000007","E92000001","E12000006","5","E14001268","E15000006","E24000005","E30000237","E16000150","E07000240","26UGGF","E00120353","26UGGF","E65000001","E01023702","E02004926","5","2B1","E00120353","E01023702","E02004926","E33027409","E38000079","E63011425","C1","2D1",51.815647,-0.350602,"E37000048","","E23000027",32710,"E56000035","E54000025","E00120353","E01023702","E02004926"
"AL5 5LE","AL5  5LE","AL5 5LE","198001","","E10000015","E58000626","E07000240","E05013955","E04013284","0","513819","0214255","1","E18000006","E40000007","E92000001","E12000006","5","E14001268","E15000006","E24000005","E30000237","E16000150","E07000240","26UGGF","E00120353","26UGGF","E65000001","E01023702","E02004926","5","2B1","E00120353","E01023702","E02004926","E33027409","E38000079","E63011425","C1","2D1",51.815345,-0.350236,"E37000048","","E23000027",32710,"E56000035","E54000025","E00120353","E01023702","E02004926"
"AL5 5LF","AL5  5LF","AL5 5LF","198001","","E10000015","E58000626","E07000240","E05013955","E04013284","0","513797","0214213","1","E18000006","E40000007","E92000001","E12000006","5","E14001268","E15000006","E24000005","E30000237","E16000150","E07000240","26UGGF","E00120346","26UGGF","E65000001","E01023701","E02004926","5","2B1","E00120346","E01023701","E02004926","E33027409","E38000079","E63011425","C1","5B2",51.814972,-0.350569,"E37000048","","E23000027",29552,"E56000035","E54000025","E00120346","E01023701","E02004926"
"AL5 5LG","AL5  5LG","AL5 5LG","198001","","E10000015","E58000626","E07000240","E05013955","E04013284","0","513870","0214204","1","E18000006","E40000007","E92000001","E12000006","5","E14001268","E15000006","E24000005","E30000237","E16000150","E07000240","26UGGF","E00120353","26UGGF","E65000001","E01023702","E02004926","5","2B1","E00120353","E01023702","E02004926","E33027409","E38000079","E63011425","C1","2D1",51.814876,-0.349513,"E37000048","","E23000027",32710,"E56000035","E54000025","E00120353","E01023702","E02004926"
"AL5 5LH","AL5  5LH","AL5 5LH","198001","","E10000015","E58000626","E07000240","E05013955","E04013284","0","513886","0214122","1","E18000006","E40000007","E92000001","E12000006","5","E14001268","E15000006","E24000005","E30000237","E16000150","E07000240","26UGGF","E00120353","26UGGF","E65000001","E01023702","E02004926","5","2B1","E00120353","E01023702","E02004926","E33027409","E38000079","E63011425","C1","2D1",51.814136,-0.349308,"E37000048","","E23000027",32710,"E56000035","E54000025","E00120353","E01023702","E02004926"
"AL5 5LJ","AL5  5LJ","AL5 5LJ","199612","200408","E10000015","E58000626","E07000240","E05013955","E04013284","1","513594","0214185","1","E18000006","E40000007","E92000001","E12000006","5","E14001268","E15000006","E24000005","E30000237","E16000150","E07000240","26UGGF","E00120354","26UGGF","E65000001","E01023701","E02004926","5","6D2","E00120354","E01023701","E02004926","E33024309","E38000079","E63011425","C1","5B1",51.814762,-0.353522,"E37000048","","E23000027",29552,"E56000035","E54000025","E00120354","E01023701","E02004926"
"AL5 5LL","AL5  5LL","AL5 5LL","198001","","E10000015","E58000626","E07000240","E05013955","E04013284","0","513929","0214069","1","E18000006","E40000007","E92000001","E12000006","5","E14001268","E15000006","E24000005","E30000237","E16000150","E07000240","26UGGF","E00120346","26UGGF","E65000001","E01023701","E02004926","5","2B1","E00120346","E01023701","E02004926","E33027409","E38000079","E63011425","C1","5B2",51.813651,-0.348702,"E37000048","","E23000027",29552,"E56000035","E54000025","E00120346","E01023701","E02004926"
"AL5 5LN","AL5  5LN","AL5 5LN","198001","","E10000015","E58000626","E07000240","E05013955","E04013284","0","513926","0214032","1","E18000006","E40000007","E92000001","E12000006","5","E14001268","E15000006","E24000005","E30000237","E16000150","E07000240","26UGGF","E00120357","26UGGF","E65000001","E01023702","E02004926","5","2B2","E00120357","E01023702","E02004926","E33027409","E38000079","E63011425","C1","5A3",51.813319,-0.348758,"E37000048","","E23000027",32710,"E56000035","E54000025","E00120357","E01023702","E02004926"
"AL5 5LP","AL5  5LP","AL5 5LP","198001","","E10000015","E58000626","E07000240","E05013955","E04013284","0","513967","0213982","1","E18000006","E40000007","E92000001","E12000006","5","E14001268","E15000006","E24000005","E30000237","E16000150","E07000240","26UGGF","E00120357","26UGGF","E65000001","E01023702","E02004926","5","2B2","E00120357","E01023702","E02004926","E33027409","E38000079","E63011425","C1","5A3",51.812861,-0.348180,"E37000048","","E23000027",32710,"E56000035","E54000025","E00120357","E01023702","E02004926"
"AL5 5LQ","AL5  5LQ","AL5 5LQ","198001","","E10000015","E58000626","E07000240","E05013955","E04013284","0","513861","0214144","1","E18000006","E40000007","E92000001","E12000006","5","E14001268","E15000006","E24000005","E30000237","E16000150","E07000240","26UGGF","E00120353","26UGGF","E65000001","E01023702","E02004926","5","2B1","E00120353","E01023702","E02004926","E33027409","E38000079","E63011425","C1","2D1",51.814339,-0.349664,"E37000048","","E23000027",32710,"E56000035","E54000025","E00120353","E01023702","E02004926"
"AL5 5LR","AL5  5LR","AL5 5LR","198001","","E10000015","E58000626","E07000240","E05013955","E04013284","0","513929","0213946","1","E18000006","E40000007","E92000001","E12000006","5","E14001268","E15000006","E24000005","E30000237","E16000150","E07000240","26UGGF","E00120357","26UGGF","E65000001","E01023702","E02004926","5","2B2","E00120357","E01023702","E02004926","E33027409","E38000079","E63011425","C1","5A3",51.812546,-0.348743,"E37000048","","E23000027",32710,"E56000035","E54000025","E00120357","E01023702","E02004926"
"AL5 5LS","AL5  5LS","AL5 5LS","198001","","E10000015","E58000626","E07000240","E05013955","E04013284","0","514011","0213896","1","E18000006","E40000007","E92000001","E12000006","5","E14001268","E15000006","E24000005","E30000237","E16000150","E07000240","26UGGF","E00120346","26UGGF","E65000001","E01023701","E02004926","5","2B1","E00120346","E01023701","E02004926","E33027409","E38000079","E63011425","C1","5B2",51.812080,-0.347570,"E37000048","","E23000027",29552,"E56000035","E54000025","E00120346","E01023701","E02004926"
"AL5 5LT","AL5  5LT","AL5 5LT","198001","","E10000015","E58000626","E07000240","E05013955","E04013284","0","514068","0213873","1","E18000006","E40000007","E92000001","E12000006","5","E14001268","E15000006","E24000005","E30000237","E16000150","E07000240","26UGGF","E00120356","26UGGF","E65000001","E01023702","E02004926","5","6D2","E00120356","E01023702","E02004926","E33027409","E38000079","E63011425","C1","5B1",51.811861,-0.346751,"E37000048","","E23000027",32710,"E56000035","E54000025","E00120356","E01023702","E02004926"
"AL5 5LU","AL5  5LU","AL5 5LU","198001","","E10000015","E58000626","E07000240","E05013955","E04013284","0","514054","0213939","1","E18000006","E40000007","E92000001","E12000006","5","E14001268","E15000006","E24000005","E30000237","E16000150","E07000240","26UGGF","E00120356","26UGGF","E65000001","E01023702","E02004926","5","6D2","E00120356","E01023702","E02004926","E33027409","E38000079","E63011425","C1","5B1",51.812457,-0.346933,"E37000048","","E23000027",32710,"E56000035","E54000025","E00120356","E01023702","E02004926"
"AL5 5LW","AL5  5LW","AL5 5LW","198307","","E10000015","E58000626","E07000240","E05013955","E04013284","0","513809","0214191","1","E18000006","E40000007","E92000001","E12000006","5","E14001268","E15000006","E24000005","E30000237","E16000150","E07000240","26UGGF","E00120353","26UGGF","E65000001","E01023702","E02004926","5","2B1","E00120353","E01023702","E02004926","E33027409","E38000079","E63011425","C1","2D1",51.814772,-0.350402,"E37000048","","E23000027",32710,"E56000035","E54000025","E00120353","E01023702","E02004926"
"AL5 5LX","AL5  5LX","AL5 5LX","198001","","E10000015","E58000626","E07000240","E05013955","E04013284","0","514014","0214021","1","E18000006","E40000007","E92000001","E12000006","5","E14001268","E15000006","E24000005","E30000237","E16000150","E07000240","26UGGF","E00120356","26UGGF","E65000001","E01023702","E02004926","5","6D2","E00120356","E01023702","E02004926","E33027409","E38000079","E63011425","C1","5B1",51.813209,-0.347461,"E37000048","","E23000027",32710,"E56000035","E54000025","E00120356","E01023702","E02004926"
"AL5 5LY","AL5  5LY","AL5 5LY","198001","","E10000015","E58000626","E07000240","E05013955","E04013284","0","513996","0214063","1","E18000006","E40000007","E92000001","E12000006","5","E14001268","E15000006","E24000005","E30000237","E16000150","E07000240","26UGGF","E00120357","26UGGF","E65000001","E01023702","E02004926","5","2B2","E00120357","E01023702","E02004926","E33027409","E38000079","E63011425","C1","5A3",51.813584,-0.347733,"E37000048","","E23000027",32710,"E56000035","E54000025","E00120357","E01023702","E02004926"
"AL5 5LZ","AL5  5LZ","AL5 5LZ","198001","","E10000015","E58000626","E07000240","E05013955","E04013284","0","513970","0214114","1","E18000006","E40000007","E92000001","E12000006","5","E14001268","E15000006","E24000005","E30000237","E16000150","E07000240","26UGGF","E00120357","26UGGF","E65000001","E01023702","E02004926","5","2B2","E00120357","E01023702","E02004926","E33027409","E38000079","E63011425","C1","5A3",51.814047,-0.348093,"E37000048","","E23000027",32710,"E56000035","E54000025","E00120357","E01023702","E02004926"
"AL5 5NA","AL5  5NA","AL5 5NA","198001","","E10000015","E58000626","E07000240","E05013955","E04013284","0","513944","0214144","1","E18000006","E40000007","E92000001","E12000006","5","E14001268","E15000006","E24000005","E30000237","E16000150","E07000240","26UGGF","E00120357","26UGGF","E65000001","E01023702","E02004926","5","2B2","E00120357","E01023702","E02004926","E33027409","E38000079","E63011425","C1","5A3",51.814322,-0.348460,"E37000048","","E23000027",32710,"E56000035","E54000025","E00120357","E01023702","E02004926"
"AL5 5NB","AL5  5NB","AL5 5NB","198001","","E10000015","E58000626","E07000240","E05013955","E04013284","0","513975","0214181","1","E18000006","E40000007","E92000001","E12000006","5","E14001268","E15000006","E24000005","E30000237","E16000150","E07000240","26UGGF","E00120357","26UGGF","E65000001","E01023702","E02004926","5","2B2","E00120357","E01023702","E02004926","E33027409","E38000079","E63011425","C1","5A3",51.814655,-0.347974,"E37000048","","E23000027",32710,"E56000035","E54000025","E00120357","E01023702","E02004926"
"AL5 5ND","AL5  5ND","AL5 5ND","198001","","E10000015","E58000626","E07000240","E05013955","E04013284","0","513977","0214269","1","E18000006","E40000007","E92000001","E12000006","5","E14001268","E15000006","E24000005","E30000237","E16000150","E07000240","26UGGF","E00120357","26UGGF","E65000001","E01023702","E02004926","5","2B2","E00120357","E01023702","E02004926","E33027409","E38000079","E63011425","C1","5A3",51.815439,-0.347941,"E37000048","","E23000027",32710,"E56000035","E54000025","E00120357","E01023702","E02004926"
"AL5 5NE","AL5  5NE","AL5 5NE","198001","","E10000015","E58000626","E07000240","E05013955","E04013284","0","513999","0214220","1","E18000006","E40000007","E92000001","E12000006","5","E14001268","E15000006","E24000005","E30000237","E16000150","E07000240","26UGGF","E00120357","26UGGF","E65000001","E01023702","E02004926","5","2B2","E00120357","E01023702","E02004926","E33027409","E38000079","E63011425","C1","5A3",51.815001,-0.347613,"E37000048","","E23000027",32710,"E56000035","E54000025","E00120357","E01023702","E02004926"
"AL5 5NF","AL5  5NF","AL5 5NF","198001","","E10000015","E58000626","E07000240","E05013955","E04013284","0","513921","0214360","1","E18000006","E40000007","E92000001","E12000006","5","E14001268","E15000006","E24000005","E30000237","E16000150","E07000240","26UGGF","E00120351","26UGGF","E65000001","E01023702","E02004926","5","6D1","E00120351","E01023702","E02004926","E33027409","E38000079","E63011425","C1","5A2",51.816268,-0.348723,"E37000048","","E23000027",32710,"E56000035","E54000025","E00120351","E01023702","E02004926"
"AL5 5NG","AL5  5NG","AL5 5NG","198001","","E10000015","E58000626","E07000240","E05013955","E04013284","0","513974","0214369","1","E18000006","E40000007","E92000001","E12000006","5","E14001268","E15000006","E24000005","E30000237","E16000150","E07000240","26UGGF","E00120351","26UGGF","E65000001","E01023702","E02004926","5","6D1","E00120351","E01023702","E02004926","E33027409","E38000079","E63011425","C1","5A2",51.816338,-0.347951,"E37000048","","E23000027",32710,"E56000035","E54000025","E00120351","E01023702","E02004926"
"AL5 5NH","AL5  5NH","AL5 5NH","198001","","E10000015","E58000626","E07000240","E05013955","E04013284","0","514071","0214241","1","E18000006","E40000007","E92000001","E12000006","5","E14001268","E15000006","E24000005","E30000237","E16000150","E07000240","26UGGF","E00120356","26UGGF","E65000001","E01023702","E02004926","5","6D2","E00120356","E01023702","E02004926","E33027409","E38000079","E63011425","C1","5B1",51.815168,-0.346587,"E37000048","","E23000027",32710,"E56000035","E54000025","E00120356","E01023702","E02004926"
"AL5 5NJ","AL5  5NJ","AL5 5NJ","198001","","E10000015","E58000626","E07000240","E05013955","E04013284","0","514078","0214188","1","E18000006","E40000007","E92000001","E12000006","5","E14001268","E15000006","E24000005","E30000237","E16000150","E07000240","26UGGF","E00120356","26UGGF","E65000001","E01023702","E02004926","5","6D2","E00120356","E01023702","E02004926","E33027409","E38000079","E63011425","C1","5B1",51.814690,-0.346503,"E37000048","","E23000027",32710,"E56000035","E54000025","E00120356","E01023702","E02004926"
"AL5 5NL","AL5  5NL","AL5 5NL","198001","","E10000015","E58000626","E07000240","E05013955","E04013284","0","514147","0214162","1","E18000006","E40000007","E92000001","E12000006","5","E14001268","E15000006","E24000005","E30000237","E16000150","E07000240","26UGGF","E00120356","26UGGF","E65000001","E01023702","E02004926","5","6D2","E00120356","E01023702","E02004926","E33027409","E38000079","E63011425","C1","5B1",51.814442,-0.345511,"E37000048","","E23000027",32710,"E56000035","E54000025","E00120356","E01023702","E02004926"
"AL5 5NN","AL5  5NN","AL5 5NN","198001","","E10000015","E58000626","E07000240","E05013955","E04013284","0","514094","0214089","1","E18000006","E40000007","E92000001","E12000006","5","E14001268","E15000006","E24000005","E30000237","E16000150","E07000240","26UGGF","E00120356","26UGGF","E65000001","E01023702","E02004926","5","6D2","E00120356","E01023702","E02004926","E33027409","E38000079","E63011425","C1","5B1",51.813804,-0.346279,"E37000048","","E23000027",32710,"E56000035","E54000025","E00120356","E01023702","E02004926"
"AL5 5NP","AL5  5NP","AL5 5NP","198001","","E10000015","E58000626","E07000240","E05013955","E04013284","0","514224","0214136","1","E18000006","E40000007","E92000001","E12000006","5","E14001268","E15000006","E24000005","E30000237","E16000150","E07000240","26UGGF","E00120356","26UGGF","E65000001","E01023702","E02004926","5","6D2","E00120356","E01023702","E02004926","E33027409","E38000079","E63011425","C1","5B1",51.814193,-0.344403,"E37000048","","E23000027",32710,"E56000035","E54000025","E00120356","E01023702","E02004926"
"AL5 5NQ","AL5  5NQ","AL5 5NQ","198001","","E10000015","E58000626","E07000240","E05013955","E04013284","0","514069","0214313","1","E18000006","E40000007","E92000001","E12000006","5","E14001268","E15000006","E24000005","E30000237","E16000150","E07000240","26UGGF","E00120356","26UGGF","E65000001","E01023702","E02004926","5","6D2","E00120356","E01023702","E02004926","E33027409","E38000079","E63011425","C1","5B1",51.815815,-0.346592,"E37000048","","E23000027",32710,"E56000035","E54000025","E00120356","E01023702","E02004926"
"AL5 5NR","AL5  5NR","AL5 5NR","198001","","E10000015","E58000626","E07000240","E05013955","E04013284","0","514210","0214045","1","E18000006","E40000007","E92000001","E12000006","5","E14001268","E15000006","E24000005","E30000237","E16000150","E07000240","26UGGF","E00120361","26UGGF","E65000001","E01023703","E02004926","5","4B3","E00120361","E01023703","E02004926","E33027410","E38000079","E63011425","C1","6A4",51.813378,-0.344636,"E37000048","","E23000027",32505,"E56000035","E54000025","E00120361","E01023703","E02004926"
"AL5 5NS","AL5  5NS","AL5 5NS","198001","","E10000015","E58000626","E07000240","E05013955","E04013284","0","514241","0213937","1","E18000006","E40000007","E92000001","E12000006","5","E14001268","E15000006","E24000005","E30000237","E16000150","E07000240","26UGGF","E00120361","26UGGF","E65000001","E01023703","E02004926","5","4B3","E00120361","E01023703","E02004926","E33027410","E38000079","E63011425","C1","6A4",51.812401,-0.344222,"E37000048","","E23000027",32505,"E56000035","E54000025","E00120361","E01023703","E02004926"
"AL5 5NT","AL5  5NT","AL5 5NT","198001","","E10000015","E58000626","E07000240","E05013955","E04013284","0","514159","0213930","1","E18000006","E40000007","E92000001","E12000006","5","E14001268","E15000006","E24000005","E30000237","E16000150","E07000240","26UGGF","E00120356","26UGGF","E65000001","E01023702","E02004926","5","6D2","E00120356","E01023702","E02004926","E33027409","E38000079","E63011425","C1","5B1",51.812355,-0.345413,"E37000048","","E23000027",32710,"E56000035","E54000025","E00120356","E01023702","E02004926"
"AL5 5NU","AL5  5NU","AL5 5NU","198001","","E10000015","E58000626","E07000240","E05013955","E04013284","0","514046","0213806","1","E18000006","E40000007","E92000001","E12000006","5","E14001268","E15000006","E24000005","E30000237","E16000150","E07000240","26UGGF","E00120361","26UGGF","E65000001","E01023703","E02004926","5","4B3","E00120361","E01023703","E02004926","E33027410","E38000079","E63011425","C1","6A4",51.811270,-0.347068,"E37000048","","E23000027",32505,"E56000035","E54000025","E00120361","E01023703","E02004926"
"AL5 5NW","AL5  5NW","AL5 5NW","198001","","E10000015","E58000626","E07000240","E05013955","E04013284","0","514097","0214038","1","E18000006","E40000007","E92000001","E12000006","5","E14001268","E15000006","E24000005","E30000237","E16000150","E07000240","26UGGF","E00120356","26UGGF","E65000001","E01023702","E02004926","5","6D2","E00120356","E01023702","E02004926","E33027409","E38000079","E63011425","C1","5B1",51.813338,-0.346276,"E37000048","","E23000027",32710,"E56000035","E54000025","E00120356","E01023702","E02004926"
"AL5 5NX","AL5  5NX","AL5 5NX","198001","","E10000015","E58000626","E07000240","E05013955","E04013284","0","514038","0213973","1","E18000006","E40000007","E92000001","E12000006","5","E14001268","E15000006","E24000005","E30000237","E16000150","E07000240","26UGGF","E00120346","26UGGF","E65000001","E01023701","E02004926","5","2B1","E00120346","E01023701","E02004926","E33027409","E38000079","E63011425","C1","5B2",51.812766,-0.347153,"E37000048","","E23000027",29552,"E56000035","E54000025","E00120346","E01023701","E02004926"
"AL5 5NY","AL5  5NY","AL5 5NY","198001","","E10000015","E58000626","E07000240","E05013955","E04013284","0","514020","0214246","1","E18000006","E40000007","E92000001","E12000006","5","E14001268","E15000006","E24000005","E30000237","E16000150","E07000240","26UGGF","E00120357","26UGGF","E65000001","E01023702","E02004926","5","2B2","E00120357","E01023702","E02004926","E33027409","E38000079","E63011425","C1","5A3",51.815223,-0.347325,"E37000048","","E23000027",32710,"E56000035","E54000025","E00120357","E01023702","E02004926"
"AL5 5NZ","AL5  5NZ","AL5 5NZ","198001","","E10000015","E58000626","E07000240","E05013955","E04013284","0","513910","0214094","1","E18000006","E40000007","E92000001","E12000006","5","E14001268","E15000006","E24000005","E30000237","E16000150","E07000240","26UGGF","E00120357","26UGGF","E65000001","E01023702","E02004926","5","2B2","E00120357","E01023702","E02004926","E33027409","E38000079","E63011425","C1","5A3",51.813880,-0.348970,"E37000048","","E23000027",32710,"E56000035","E54000025","E00120357","E01023702","E02004926"
"AL5 5PA","AL5  5PA","AL5 5PA","198106","","E10000015","E58000626","E07000240","E05013955","E04013284","0","513777","0214376","1","E18000006","E40000007","E92000001","E12000006","5","E14001268","E15000006","E24000005","E30000237","E16000150","E07000240","26UGGF","E00120353","26UGGF","E65000001","E01023702","E02004926","5","2B1","E00120353","E01023702","E02004926","E33027409","E38000079","E63011425","C1","2D1",51.816448,-0.350781,"E37000048","","E23000027",32710,"E56000035","E54000025","E00120353","E01023702","E02004926"
"AL5 5PB","AL5  5PB","AL5 5PB","198001","199912","E10000015","E58000624","E07000240","E05013952","E04013284","1","514458","0214608","6","E18000006","E40000007","E92000001","E12000006","5","E14001268","E15000006","E24000005","E30000237","E16000150","E07000240","26UGGC","E00120288","26UGGC","E65000001","E01023685","E02004925","5","6D1","E00120288","E01023685","E02004925","E33027405","E38000079","E63011425","C1","6B2",51.818387,-0.340854,"E37000048","","E23000027",30948,"E56000035","E54000025","E00120288","E01023685","E02004925"
"AL5 5PD","AL5  5PD","AL5 5PD","198001","","E10000015","E58000626","E07000240","E05013955","E04013284","0","513943","0214005","1","E18000006","E40000007","E92000001","E12000006","5","E14001268","E15000006","E24000005","E30000237","E16000150","E07000240","26UGGF","E00120357","26UGGF","E65000001","E01023702","E02004926","5","2B2","E00120357","E01023702","E02004926","E33027409","E38000079","E63011425","C1","5A3",51.813073,-0.348520,"E37000048","","E23000027",32710,"E56000035","E54000025","E00120357","E01023702","E02004926"
"AL5 5PE","AL5  5PE","AL5 5PE","201401","","E10000015","E58000626","E07000240","E05013955","E04013284","0","514192","0213999","1","E18000006","E40000007","E92000001","E12000006","5","E14001268","E15000006","E24000005","E30000237","E16000150","E07000240","26UGGF","E00120361","26UGGF","E65000001","E01023703","E02004926","5","4B3","E00120361","E01023703","E02004926","E33027410","E38000079","E63011425","C1","6A4",51.812968,-0.344912,"E37000048","","E23000027",32505,"E56000035","E54000025","E00120361","E01023703","E02004926"
"AL5 5PJ","AL5  5PJ","AL5 5PJ","198001","","E10000015","E58000626","E07000240","E05013955","E04013284","0","514112","0214376","1","E18000006","E40000007","E92000001","E12000006","5","E14001268","E15000006","E24000005","E30000237","E16000150","E07000240","26UGGF","E00120350","26UGGF","E65000001","E01023702","E02004926","5","4D1","E00120350","E01023702","E02004926","E33027409","E38000079","E63011425","C1","5B1",51.816373,-0.345948,"E37000048","","E23000027",32710,"E56000035","E54000025","E00120350","E01023702","E02004926"
"AL5 5PL","AL5  5PL","AL5 5PL","198001","","E10000015","E58000626","E07000240","E05013955","E04013284","0","514276","0214226","1","E18000006","E40000007","E92000001","E12000006","5","E14001268","E15000006","E24000005","E30000237","E16000150","E07000240","26UGGF","E00120350","26UGGF","E65000001","E01023702","E02004926","5","4D1","E00120350","E01023702","E02004926","E33027409","E38000079","E63011425","C1","5B1",51.814991,-0.343619,"E37000048","","E23000027",32710,"E56000035","E54000025","E00120350","E01023702","E02004926"
"AL5 5PN","AL5  5PN","AL5 5PN","198001","","E10000015","E58000626","E07000240","E05013955","E04013284","0","514123","0214410","1","E18000006","E40000007","E92000001","E12000006","5","E14001268","E15000006","E24000005","E30000237","E16000150","E07000240","26UGGF","E00120350","26UGGF","E65000001","E01023702","E02004926","5","4D1","E00120350","E01023702","E02004926","E33027409","E38000079","E63011425","C1","5B1",51.816676,-0.345777,"E37000048","","E23000027",32710,"E56000035","E54000025","E00120350","E01023702","E02004926"
"AL5 5PP","AL5  5PP","AL5 5PP","198001","","E10000015","E58000624","E07000240","E05013952","E04013284","0","514233","0214424","1","E18000006","E40000007","E92000001","E12000006","5","E14001268","E15000006","E24000005","E30000237","E16000150","E07000240","26UGGC","E00120289","26UGGC","E65000001","E01023686","E02004925","5","4B3","E00120289","E01023686","E02004925","E33027405","E38000079","E63011425","C1","6A2",51.816780,-0.344177,"E37000048","","E23000027",32803,"E56000035","E54000025","E00120289","E01023686","E02004925"
"AL5 5PR","AL5  5PR","AL5 5PR","198001","","E10000015","E58000624","E07000240","E05013952","E04013284","0","514439","0214367","1","E18000006","E40000007","E92000001","E12000006","5","E14001268","E15000006","E24000005","E30000237","E16000150","E07000240","26UGGC","E00120287","26UGGC","E65000001","E01023686","E02004925","5","4D2","E00120287","E01023686","E02004925","E33027405","E38000079","E63011425","C1","6A1",51.816225,-0.341209,"E37000048","","E23000027",32803,"E56000035","E54000025","E00120287","E01023686","E02004925"
"AL5 5PS","AL5  5PS","AL5 5PS","198001","","E10000015","E58000624","E07000240","E05013952","E04013284","0","514357","0214466","1","E18000006","E40000007","E92000001","E12000006","5","E14001268","E15000006","E24000005","E30000237","E16000150","E07000240","26UGGC","E00120287","26UGGC","E65000001","E01023686","E02004925","5","4D2","E00120287","E01023686","E02004925","E33027405","E38000079","E63011425","C1","6A1",51.817132,-0.342365,"E37000048","","E23000027",32803,"E56000035","E54000025","E00120287","E01023686","E02004925"
"AL5 5PT","AL5  5PT","AL5 5PT","198001","","E10000015","E58000624","E07000240","E05013952","E04013284","0","514409","0214473","1","E18000006","E40000007","E92000001","E12000006","5","E14001268","E15000006","E24000005","E30000237","E16000150","E07000240","26UGGC","E00120287","26UGGC","E65000001","E01023686","E02004925","5","4D2","E00120287","E01023686","E02004925","E33027405","E38000079","E63011425","C1","6A1",51.817191,-0.341585,"E37000048","","E23000027",32803,"E56000035","E54000025","E00120287","E01023686","E02004925"
"AL5 5PU","AL5  5PU","AL5 5PU","198001","","E10000015","E58000624","E07000240","E05013952","E04013284","0","514514","0214340","1","E18000006","E40000007","E92000001","E12000006","5","E14001268","E15000006","E24000005","E30000237","E16000150","E07000240","26UGGC","E00120287","26UGGC","E65000001","E01023686","E02004925","5","4D2","E00120287","E01023686","E02004925","E33027405","E38000079","E63011425","C1","6A1",51.815974,-0.340106,"E37000048","","E23000027",32803,"E56000035","E54000025","E00120287","E01023686","E02004925"
"AL5 5PW","AL5  5PW","AL5 5PW","198001","","E10000015","E58000624","E07000240","E05013952","E04013284","0","514258","0214450","1","E18000006","E40000007","E92000001","E12000006","5","E14001268","E15000006","E24000005","E30000237","E16000150","E07000240","26UGGC","E00120289","26UGGC","E65000001","E01023686","E02004925","5","4B3","E00120289","E01023686","E02004925","E33027405","E38000079","E63011425","C1","6A2",51.817008,-0.343806,"E37000048","","E23000027",32803,"E56000035","E54000025","E00120289","E01023686","E02004925"
"AL5 5PX","AL5  5PX","AL5 5PX","198001","","E10000015","E58000624","E07000240","E05013952","E04013284","0","514360","0214123","1","E18000006","E40000007","E92000001","E12000006","5","E14001268","E15000006","E24000005","E30000237","E16000150","E07000240","26UGGC","E00120292","26UGGC","E65000001","E01023686","E02004925","5","4B3","E00120292","E01023686","E02004925","E33027405","E38000079","E63011425","C1","6A2",51.814048,-0.342435,"E37000048","","E23000027",32803,"E56000035","E54000025","E00120292","E01023686","E02004925"
"AL5 5QH","AL5  5QH","AL5 5QH","200106","","E10000015","E58000624","E07000240","E05013952","E04013284","0","514520","0214831","1","E18000006","E40000007","E92000001","E12000006","5","E14001268","E15000006","E24000005","E30000237","E16000150","E07000240","26UGGC","E00120285","26UGGC","E65000001","E01023685","E02004925","5","4D1","E00120285","E01023685","E02004925","E33027405","E38000079","E63011425","C1","6A4",51.820386,-0.339857,"E37000048","","E23000027",30948,"E56000035","E54000025","E00120285","E01023685","E02004925"
"AL5 5QJ","AL5  5QJ","AL5 5QJ","198001","","E10000015","E58000624","E07000240","E05013952","E04013284","0","514442","0214196","1","E18000006","E40000007","E92000001","E12000006","5","E14001268","E15000006","E24000005","E30000237","E16000150","E07000240","26UGGC","E00120287","26UGGC","E65000001","E01023686","E02004925","5","4D2","E00120287","E01023686","E02004925","E33027405","E38000079","E63011425","C1","6A1",51.814688,-0.341222,"E37000048","","E23000027",32803,"E56000035","E54000025","E00120287","E01023686","E02004925"
"AL5 5QL","AL5  5QL","AL5 5QL","198001","","E10000015","E58000624","E07000240","E05013952","E04013284","0","514267","0214672","1","E18000006","E40000007","E92000001","E12000006","5","E14001268","E15000006","E24000005","E30000237","E16000150","E07000240","26UGGC","E00120287","26UGGC","E65000001","E01023686","E02004925","5","4D2","E00120287","E01023686","E02004925","E33027405","E38000079","E63011425","C1","6A1",51.819001,-0.343603,"E37000048","","E23000027",32803,"E56000035","E54000025","E00120287","E01023686","E02004925"
"AL5 5QN","AL5  5QN","AL5 5QN","198001","","E10000015","E58000624","E07000240","E05013952","E04013284","0","514247","0214633","1","E18000006","E40000007","E92000001","E12000006","5","E14001268","E15000006","E24000005","E30000237","E16000150","E07000240","26UGGC","E00120287","26UGGC","E65000001","E01023686","E02004925","5","4D2","E00120287","E01023686","E02004925","E33027405","E38000079","E63011425","C1","6A1",51.818655,-0.343905,"E37000048","","E23000027",32803,"E56000035","E54000025","E00120287","E01023686","E02004925"
"AL5 5QP","AL5  5QP","AL5 5QP","198001","","E10000015","E58000624","E07000240","E05013952","E04013284","0","514576","0214692","1","E18000006","E40000007","E92000001","E12000006","5","E14001268","E15000006","E24000005","E30000237","E16000150","E07000240","26UGGC","E00120285","26UGGC","E65000001","E01023685","E02004925","5","4D1","E00120285","E01023685","E02004925","E33027405","E38000079","E63011425","C1","6A4",51.819118,-0.339115,"E37000048","","E23000027",30948,"E56000035","E54000025","E00120285","E01023685","E02004925"
"AL5 5QR","AL5  5QR","AL5 5QR","198001","","E10000015","E58000624","E07000240","E05013952","E04013284","0","514595","0214659","1","E18000006","E40000007","E92000001","E12000006","5","E14001268","E15000006","E24000005","E30000237","E16000150","E07000240","26UGGC","E00120288","26UGGC","E65000001","E01023685","E02004925","5","6D1","E00120288","E01023685","E02004925","E33027405","E38000079","E63011425","C1","6B2",51.818825,-0.338826,"E37000048","","E23000027",30948,"E56000035","E54000025","E00120288","E01023685","E02004925"
"AL5 5QS","AL5  5QS","AL5 5QS","198001","","E10000015","E58000624","E07000240","E05013952","E04013284","0","514433","0214741","1","E18000006","E40000007","E92000001","E12000006","5","E14001268","E15000006","E24000005","E30000237","E16000150","E07000240","26UGGC","E00120285","26UGGC","E65000001","E01023685","E02004925","5","4D1","E00120285","E01023685","E02004925","E33027405","E38000079","E63011425","C1","6A4",51.819588,-0.341173,"E37000048","","E23000027",30948,"E56000035","E54000025","E00120285","E01023685","E02004925"
"AL5 5QT","AL5  5QT","AL5 5QT","198001","","E10000015","E58000624","E07000240","E05013952","E04013284","0","514464","0214721","1","E18000006","E40000007","E92000001","E12000006","5","E14001268","E15000006","E24000005","E30000237","E16000150","E07000240","26UGGC","E00120285","26UGGC","E65000001","E01023685","E02004925","5","4D1","E00120285","E01023685","E02004925","E33027405","E38000079","E63011425","C1","6A4",51.819402,-0.340730,"E37000048","","E23000027",30948,"E56000035","E54000025","E00120285","E01023685","E02004925"
"AL5 5QU","AL5  5QU","AL5 5QU","198001","","E10000015","E58000624","E07000240","E05013952","E04013284","0","514610","0214755","1","E18000006","E40000007","E92000001","E12000006","5","E14001268","E15000006","E24000005","E30000237","E16000150","E07000240","26UGGC","E00120285","26UGGC","E65000001","E01023685","E02004925","5","4D1","E00120285","E01023685","E02004925","E33027405","E38000079","E63011425","C1","6A4",51.819677,-0.338601,"E37000048","","E23000027",30948,"E56000035","E54000025","E00120285","E01023685","E02004925"
"AL5 5QW","AL5  5QW","AL5 5QW","198001","","E10000015","E58000624","E07000240","E05013952","E04013284","0","514373","0214618","1","E18000006","E40000007","E92000001","E12000006","5","E14001268","E15000006","E24000005","E30000237","E16000150","E07000240","26UGGC","E00120287","26UGGC","E65000001","E01023686","E02004925","5","4D2","E00120287","E01023686","E02004925","E33027405","E38000079","E63011425","C1","6A1",51.818494,-0.342083,"E37000048","","E23000027",32803,"E56000035","E54000025","E00120287","E01023686","E02004925"
"AL5 5QX","AL5  5QX","AL5 5QX","198001","","E10000015","E58000624","E07000240","E05013952","E04013284","0","514797","0214798","1","E18000006","E40000007","E92000001","E12000006","5","E14001268","E15000006","E24000005","E30000237","E16000150","E07000240","26UGGC","E00120286","26UGGC","E65000001","E01023685","E02004925","5","6D1","E00120286","E01023685","E02004925","E33027403","E38000079","E63011425","C1","5A3",51.820025,-0.335875,"E37000048","","E23000027",30948,"E56000035","E54000025","E00120286","E01023685","E02004925"
"AL5 5QY","AL5  5QY","AL5 5QY","198001","","E10000015","E58000624","E07000240","E05013952","E04013284","0","514749","0214722","1","E18000006","E40000007","E92000001","E12000006","5","E14001268","E15000006","E24000005","E30000237","E16000150","E07000240","26UGGC","E00120285","26UGGC","E65000001","E01023685","E02004925","5","4D1","E00120285","E01023685","E02004925","E33027405","E38000079","E63011425","C1","6A4",51.819352,-0.336596,"E37000048","","E23000027",30948,"E56000035","E54000025","E00120285","E01023685","E02004925"
"AL5 5QZ","AL5  5QZ","AL5 5QZ","198001","","E10000015","E58000624","E07000240","E05013952","E04013284","0","514855","0214740","1","E18000006","E40000007","E92000001","E12000006","5","E14001268","E15000006","E24000005","E30000237","E16000150","E07000240","26UGGC","E00120286","26UGGC","E65000001","E01023685","E02004925","5","6D1","E00120286","E01023685","E02004925","E33027403","E38000079","E63011425","C1","5A3",51.819492,-0.335053,"E37000048","","E23000027",30948,"E56000035","E54000025","E00120286","E01023685","E02004925"
"AL5 5RA","AL5  5RA","AL5 5RA","198001","","E10000015","E58000624","E07000240","E05013952","E04013284","0","514777","0214697","1","E18000006","E40000007","E92000001","E12000006","5","E14001268","E15000006","E24000005","E30000237","E16000150","E07000240","26UGGC","E00120286","26UGGC","E65000001","E01023685","E02004925","5","6D1","E00120286","E01023685","E02004925","E33027403","E38000079","E63011425","C1","5A3",51.819122,-0.336199,"E37000048","","E23000027",30948,"E56000035","E54000025","E00120286","E01023685","E02004925"
"AL5 5RB","AL5  5RB","AL5 5RB","198001","","E10000015","E58000624","E07000240","E05013952","E04013284","0","514773","0214620","1","E18000006","E40000007","E92000001","E12000006","5","E14001268","E15000006","E24000005","E30000237","E16000150","E07000240","26UGGC","E00120286","26UGGC","E65000001","E01023685","E02004925","5","6D1","E00120286","E01023685","E02004925","E33027403","E38000079","E63011425","C1","5A3",51.818438,-0.336258,"E37000048","","E23000027",30948,"E56000035","E54000025","E00120286","E01023685","E02004925"
"AL5 5RD","AL5  5RD","AL5 5RD","198001","","E10000015","E58000624","E07000240","E05013952","E04013284","0","514670","0214599","1","E18000006","E40000007","E92000001","E12000006","5","E14001268","E15000006","E24000005","E30000237","E16000150","E07000240","26UGGC","E00120288","26UGGC","E65000001","E01023685","E02004925","5","6D1","E00120288","E01023685","E02004925","E33027405","E38000079","E63011425","C1","6B2",51.818263,-0.337783,"E37000048","","E23000027",30948,"E56000035","E54000025","E00120288","E01023685","E02004925"
"AL5 5RE","AL5  5RE","AL5 5RE","198001","","E10000015","E58000624","E07000240","E05013952","E04013284","0","514728","0214514","1","E18000006","E40000007","E92000001","E12000006","5","E14001268","E15000006","E24000005","E30000237","E16000150","E07000240","26UGGC","E00120288","26UGGC","E65000001","E01023685","E02004925","5","6D1","E00120288","E01023685","E02004925","E33027405","E38000079","E63011425","C1","6B2",51.817487,-0.336970,"E37000048","","E23000027",30948,"E56000035","E54000025","E00120288","E01023685","E02004925"
"AL5 5RF","AL5  5RF","AL5 5RF","198001","","E10000015","E58000624","E07000240","E05013952","E04013284","0","514690","0214547","1","E18000006","E40000007","E92000001","E12000006","5","E14001268","E15000006","E24000005","E30000237","E16000150","E07000240","26UGGC","E00120288","26UGGC","E65000001","E01023685","E02004925","5","6D1","E00120288","E01023685","E02004925","E33027405","E38000079","E63011425","C1","6B2",51.817792,-0.337510,"E37000048","","E23000027",30948,"E56000035","E54000025","E00120288","E01023685","E02004925"
"AL5 5RG","AL5  5RG","AL5 5RG","198001","","E10000015","E58000624","E07000240","E05013952","E04013284","0","514691","0214478","1","E18000006","E40000007","E92000001","E12000006","5","E14001268","E15000006","E24000005","E30000237","E16000150","E07000240","26UGGC","E00120288","26UGGC","E65000001","E01023685","E02004925","5","6D1","E00120288","E01023685","E02004925","E33027405","E38000079","E63011425","C1","6B2",51.817171,-0.337518,"E37000048","","E23000027",30948,"E56000035","E54000025","E00120288","E01023685","E02004925"
"AL5 5RH","AL5  5RH","AL5 5RH","198001","","E10000015","E58000624","E07000240","E05013952","E04013284","0","514563","0214550","1","E18000006","E40000007","E92000001","E12000006","5","E14001268","E15000006","E24000005","E30000237","E16000150","E07000240","26UGGC","E00120288","26UGGC","E65000001","E01023685","E02004925","5","6D1","E00120288","E01023685","E02004925","E33027405","E38000079","E63011425","C1","6B2",51.817844,-0.339350,"E37000048","","E23000027",30948,"E56000035","E54000025","E00120288","E01023685","E02004925"
"AL5 5RJ","AL5  5RJ","AL5 5RJ","198001","","E10000015","E58000624","E07000240","E05013952","E04013284","0","514493","0214549","1","E18000006","E40000007","E92000001","E12000006","5","E14001268","E15000006","E24000005","E30000237","E16000150","E07000240","26UGGC","E00120287","26UGGC","E65000001","E01023686","E02004925","5","4D2","E00120287","E01023686","E02004925","E33027405","E38000079","E63011425","C1","6A1",51.817850,-0.340366,"E37000048","","E23000027",32803,"E56000035","E54000025","E00120287","E01023686","E02004925"
"AL5 5RL","AL5  5RL","AL5 5RL","198001","","E10000015","E58000624","E07000240","E05013952","E04013284","0","514503","0214502","1","E18000006","E40000007","E92000001","E12000006","5","E14001268","E15000006","E24000005","E30000237","E16000150","E07000240","26UGGC","E00120291","26UGGC","E65000001","E01023685","E02004925","5","4A2","E00120291","E01023685","E02004925","E33027405","E38000079","E63011425","C1","5A2",51.817425,-0.340236,"E37000048","","E23000027",30948,"E56000035","E54000025","E00120291","E01023685","E02004925"
"AL5 5RN","AL5  5RN","AL5 5RN","198001","","E10000015","E58000624","E07000240","E05013952","E04013284","0","514466","0214523","1","E18000006","E40000007","E92000001","E12000006","5","E14001268","E15000006","E24000005","E30000237","E16000150","E07000240","26UGGC","E00120287","26UGGC","E65000001","E01023686","E02004925","5","4D2","E00120287","E01023686","E02004925","E33027405","E38000079","E63011425","C1","6A1",51.817629,-0.340742,"E37000048","","E23000027",32803,"E56000035","E54000025","E00120287","E01023686","E02004925"
"AL5 5RP","AL5  5RP","AL5 5RP","198001","","E10000015","E58000624","E07000240","E05013952","E04013284","0","514595","0214363","1","E18000006","E40000007","E92000001","E12000006","5","E14001268","E15000006","E24000005","E30000237","E16000150","E07000240","26UGGC","E00120291","26UGGC","E65000001","E01023685","E02004925","5","4A2","E00120291","E01023685","E02004925","E33027405","E38000079","E63011425","C1","5A2",51.816157,-0.338948,"E37000048","","E23000027",30948,"E56000035","E54000025","E00120291","E01023685","E02004925"
"AL5 5RQ","AL5  5RQ","AL5 5RQ","198001","","E10000015","E58000624","E07000240","E05013952","E04013284","0","514560","0214434","1","E18000006","E40000007","E92000001","E12000006","5","E14001268","E15000006","E24000005","E30000237","E16000150","E07000240","26UGGC","E00120291","26UGGC","E65000001","E01023685","E02004925","5","4A2","E00120291","E01023685","E02004925","E33027405","E38000079","E63011425","C1","5A2",51.816803,-0.339432,"E37000048","","E23000027",30948,"E56000035","E54000025","E00120291","E01023685","E02004925"
"AL5 5RR","AL5  5RR","AL5 5RR","198001","","E10000015","E58000624","E07000240","E05013952","E04013284","0","514754","0214258","1","E18000006","E40000007","E92000001","E12000006","5","E14001268","E15000006","E24000005","E30000237","E16000150","E07000240","26UGGC","E00120291","26UGGC","E65000001","E01023685","E02004925","5","4A2","E00120291","E01023685","E02004925","E33027405","E38000079","E63011425","C1","5A2",51.815181,-0.336677,"E37000048","","E23000027",30948,"E56000035","E54000025","E00120291","E01023685","E02004925"
"AL5 5RS","AL5  5RS","AL5 5RS","198001","","E10000015","E58000624","E07000240","E05013952","E04013284","0","514668","0214349","1","E18000006","E40000007","E92000001","E12000006","5","E14001268","E15000006","E24000005","E30000237","E16000150","E07000240","26UGGC","E00120291","26UGGC","E65000001","E01023685","E02004925","5","4A2","E00120291","E01023685","E02004925","E33027405","E38000079","E63011425","C1","5A2",51.816017,-0.337894,"E37000048","","E23000027",30948,"E56000035","E54000025","E00120291","E01023685","E02004925"
"AL5 5RT","AL5  5RT","AL5 5RT","198001","","E10000015","E58000624","E07000240","E05013952","E04013284","0","514668","0214385","1","E18000006","E40000007","E92000001","E12000006","5","E14001268","E15000006","E24000005","E30000237","E16000150","E07000240","26UGGC","E00120291","26UGGC","E65000001","E01023685","E02004925","5","4A2","E00120291","E01023685","E02004925","E33027405","E38000079","E63011425","C1","5A2",51.816340,-0.337882,"E37000048","","E23000027",30948,"E56000035","E54000025","E00120291","E01023685","E02004925"
"AL5 5RU","AL5  5RU","AL5 5RU","198001","","E10000015","E58000624","E07000240","E05013952","E04013284","0","514729","0214339","1","E18000006","E40000007","E92000001","E12000006","5","E14001268","E15000006","E24000005","E30000237","E16000150","E07000240","26UGGC","E00120291","26UGGC","E65000001","E01023685","E02004925","5","4A2","E00120291","E01023685","E02004925","E33027405","E38000079","E63011425","C1","5A2",51.815914,-0.337013,"E37000048","","E23000027",30948,"E56000035","E54000025","E00120291","E01023685","E02004925"
"AL5 5RW","AL5  5RW","AL5 5RW","198001","","E10000015","E58000624","E07000240","E05013952","E04013284","0","514605","0214430","1","E18000006","E40000007","E92000001","E12000006","5","E14001268","E15000006","E24000005","E30000237","E16000150","E07000240","26UGGC","E00120288","26UGGC","E65000001","E01023685","E02004925","5","6D1","E00120288","E01023685","E02004925","E33027405","E38000079","E63011425","C1","6B2",51.816757,-0.338781,"E37000048","","E23000027",30948,"E56000035","E54000025","E00120288","E01023685","E02004925"
"AL5 5RX","AL5  5RX","AL5 5RX","198001","","E10000015","E58000624","E07000240","E05013952","E04013284","0","514609","0214325","1","E18000006","E40000007","E92000001","E12000006","5","E14001268","E15000006","E24000005","E30000237","E16000150","E07000240","26UGGC","E00120291","26UGGC","E65000001","E01023685","E02004925","5","4A2","E00120291","E01023685","E02004925","E33027405","E38000079","E63011425","C1","5A2",51.815813,-0.338758,"E37000048","","E23000027",30948,"E56000035","E54000025","E00120291","E01023685","E02004925"
"AL5 5RY","AL5  5RY","AL5 5RY","198001","","E10000015","E58000624","E07000240","E05013952","E04013284","0","514664","0214287","1","E18000006","E40000007","E92000001","E12000006","5","E14001268","E15000006","E24000005","E30000237","E16000150","E07000240","26UGGC","E00120291","26UGGC","E65000001","E01023685","E02004925","5","4A2","E00120291","E01023685","E02004925","E33027405","E38000079","E63011425","C1","5A2",51.815460,-0.337973,"E37000048","","E23000027",30948,"E56000035","E54000025","E00120291","E01023685","E02004925"
"AL5 5RZ","AL5  5RZ","AL5 5RZ","198001","","E10000015","E58000624","E07000240","E05013952","E04013284","0","514713","0214243","1","E18000006","E40000007","E92000001","E12000006","5","E14001268","E15000006","E24000005","E30000237","E16000150","E07000240","26UGGC","E00120291","26UGGC","E65000001","E01023685","E02004925","5","4A2","E00120291","E01023685","E02004925","E33027405","E38000079","E63011425","C1","5A2",51.815055,-0.337277,"E37000048","","E23000027",30948,"E56000035","E54000025","E00120291","E01023685","E02004925"
"AL5 5SA","AL5  5SA","AL5 5SA","198001","","E10000015","E58000624","E07000240","E05013952","E04013284","0","514797","0214270","1","E18000006","E40000007","E92000001","E12000006","5","E14001268","E15000006","E24000005","E30000237","E16000150","E07000240","26UGGC","E00120291","26UGGC","E65000001","E01023685","E02004925","5","4A2","E00120291","E01023685","E02004925","E33027405","E38000079","E63011425","C1","5A2",51.815280,-0.336050,"E37000048","","E23000027",30948,"E56000035","E54000025","E00120291","E01023685","E02004925"
"AL5 5SB","AL5  5SB","AL5 5SB","199612","199712","E10000015","E58000624","E07000240","E05013952","E04013284","1","514457","0214607","6","E18000006","E40000007","E92000001","E12000006","5","E14001268","E15000006","E24000005","E30000237","E16000150","E07000240","26UGGC","E00120288","26UGGC","E65000001","E01023685","E02004925","5","6D1","E00120288","E01023685","E02004925","E33027405","E38000079","E63011425","C1","6B2",51.818378,-0.340869,"E37000048","","E23000027",30948,"E56000035","E54000025","E00120288","E01023685","E02004925"
"AL5 5SD","AL5  5SD","AL5 5SD","198001","","E10000015","E58000624","E07000240","E05013952","E04013284","0","514759","0214066","1","E18000006","E40000007","E92000001","E12000006","5","E14001268","E15000006","E24000005","E30000237","E16000150","E07000240","26UGGC","E00120293","26UGGC","E65000001","E01023685","E02004925","5","7A2","E00120293","E01023685","E02004925","E33027405","E38000079","E63011425","C1","5A3",51.813455,-0.336668,"E37000048","","E23000027",30948,"E56000035","E54000025","E00120293","E01023685","E02004925"
"AL5 5SE","AL5  5SE","AL5 5SE","198001","","E10000015","E58000624","E07000240","E05013952","E04013284","0","514592","0214148","1","E18000006","E40000007","E92000001","E12000006","5","E14001268","E15000006","E24000005","E30000237","E16000150","E07000240","26UGGC","E00120294","26UGGC","E65000001","E01023686","E02004925","5","4A2","E00120294","E01023686","E02004925","E33027405","E38000079","E63011425","C1","6A1",51.814226,-0.339063,"E37000048","","E23000027",32803,"E56000035","E54000025","E00120294","E01023686","E02004925"
"AL5 5SF","AL5  5SF","AL5 5SF","198001","","E10000015","E58000624","E07000240","E05013952","E04013284","0","514906","0214144","1","E18000006","E40000007","E92000001","E12000006","5","E14001268","E15000006","E24000005","E30000237","E16000150","E07000240","26UGGC","E00120293","26UGGC","E65000001","E01023685","E02004925","5","7A2","E00120293","E01023685","E02004925","E33027405","E38000079","E63011425","C1","5A3",51.814125,-0.334511,"E37000048","","E23000027",30948,"E56000035","E54000025","E00120293","E01023685","E02004925"
"AL5 5SG","AL5  5SG","AL5 5SG","198001","","E10000015","E58000624","E07000240","E05013952","E04013284","0","514895","0214092","1","E18000006","E40000007","E92000001","E12000006","5","E14001268","E15000006","E24000005","E30000237","E16000150","E07000240","26UGGC","E00120293","26UGGC","E65000001","E01023685","E02004925","5","7A2","E00120293","E01023685","E02004925","E33027405","E38000079","E63011425","C1","5A3",51.813660,-0.334688,"E37000048","","E23000027",30948,"E56000035","E54000025","E00120293","E01023685","E02004925"
"AL5 5SH","AL5  5SH","AL5 5SH","198001","","E10000015","E58000624","E07000240","E05013952","E04013284","0","514761","0214122","1","E18000006","E40000007","E92000001","E12000006","5","E14001268","E15000006","E24000005","E30000237","E16000150","E07000240","26UGGC","E00120293","26UGGC","E65000001","E01023685","E02004925","5","7A2","E00120293","E01023685","E02004925","E33027405","E38000079","E63011425","C1","5A3",51.813957,-0.336621,"E37000048","","E23000027",30948,"E56000035","E54000025","E00120293","E01023685","E02004925"
"AL5 5SJ","AL5  5SJ","AL5 5SJ","198001","","E10000015","E58000624","E07000240","E05013952","E04013284","0","514704","0214143","1","E18000006","E40000007","E92000001","E12000006","5","E14001268","E15000006","E24000005","E30000237","E16000150","E07000240","26UGGC","E00120294","26UGGC","E65000001","E01023686","E02004925","5","4A2","E00120294","E01023686","E02004925","E33027405","E38000079","E63011425","C1","6A1",51.814158,-0.337440,"E37000048","","E23000027",32803,"E56000035","E54000025","E00120294","E01023686","E02004925"
"AL5 5SL","AL5  5SL","AL5 5SL","198001","","E10000015","E58000624","E07000240","E05013952","E04013284","0","514669","0214168","1","E18000006","E40000007","E92000001","E12000006","5","E14001268","E15000006","E24000005","E30000237","E16000150","E07000240","26UGGC","E00120287","26UGGC","E65000001","E01023686","E02004925","5","4D2","E00120287","E01023686","E02004925","E33027405","E38000079","E63011425","C1","6A1",51.814390,-0.337940,"E37000048","","E23000027",32803,"E56000035","E54000025","E00120287","E01023686","E02004925"
"AL5 5SN","AL5  5SN","AL5 5SN","198001","","E10000015","E58000624","E07000240","E05013952","E04013284","0","514632","0214204","1","E18000006","E40000007","E92000001","E12000006","5","E14001268","E15000006","E24000005","E30000237","E16000150","E07000240","26UGGC","E00120287","26UGGC","E65000001","E01023686","E02004925","5","4D2","E00120287","E01023686","E02004925","E33027405","E38000079","E63011425","C1","6A1",51.814721,-0.338464,"E37000048","","E23000027",32803,"E56000035","E54000025","E00120287","E01023686","E02004925"
"AL5 5SP","AL5  5SP","AL5 5SP","199706","199812","E10000015","E58000624","E07000240","E05013952","E04013284","1","514458","0214608","6","E18000006","E40000007","E92000001","E12000006","5","E14001268","E15000006","E24000005","E30000237","E16000150","E07000240","26UGGC","E00120288","26UGGC","E65000001","E01023685","E02004925","5","6D1","E00120288","E01023685","E02004925","E33027405","E38000079","E63011425","C1","6B2",51.818387,-0.340854,"E37000048","","E23000027",30948,"E56000035","E54000025","E00120288","E01023685","E02004925"
"AL5 5SQ","AL5  5SQ","AL5 5SQ","198001","","E10000015","E58000624","E07000240","E05013952","E04013284","0","514766","0214204","1","E18000006","E40000007","E92000001","E12000006","5","E14001268","E15000006","E24000005","E30000237","E16000150","E07000240","26UGGC","E00120291","26UGGC","E65000001","E01023685","E02004925","5","4A2","E00120291","E01023685","E02004925","E33027405","E38000079","E63011425","C1","5A2",51.814693,-0.336521,"E37000048","","E23000027",30948,"E56000035","E54000025","E00120291","E01023685","E02004925"
"AL5 5SR","AL5  5SR","AL5 5SR","198001","","E10000015","E58000624","E07000240","E05013952","E04013284","0","514461","0214207","1","E18000006","E40000007","E92000001","E12000006","5","E14001268","E15000006","E24000005","E30000237","E16000150","E07000240","26UGGC","E00120287","26UGGC","E65000001","E01023686","E02004925","5","4D2","E00120287","E01023686","E02004925","E33027405","E38000079","E63011425","C1","6A1",51.814783,-0.340943,"E37000048","","E23000027",32803,"E56000035","E54000025","E00120287","E01023686","E02004925"
"AL5 5SS","AL5  5SS","AL5 5SS","198001","","E10000015","E58000624","E07000240","E05013952","E04013284","0","514596","0214100","1","E18000006","E40000007","E92000001","E12000006","5","E14001268","E15000006","E24000005","E30000237","E16000150","E07000240","26UGGC","E00120294","26UGGC","E65000001","E01023686","E02004925","5","4A2","E00120294","E01023686","E02004925","E33027405","E38000079","E63011425","C1","6A1",51.813793,-0.339021,"E37000048","","E23000027",32803,"E56000035","E54000025","E00120294","E01023686","E02004925"
"AL5 5ST","AL5  5ST","AL5 5ST","198001","","E10000015","E58000624","E07000240","E05013952","E04013284","0","514499","0214067","1","E18000006","E40000007","E92000001","E12000006","5","E14001268","E15000006","E24000005","E30000237","E16000150","E07000240","26UGGC","E00120292","26UGGC","E65000001","E01023686","E02004925","5","4B3","E00120292","E01023686","E02004925","E33027405","E38000079","E63011425","C1","6A2",51.813517,-0.340438,"E37000048","","E23000027",32803,"E56000035","E54000025","E00120292","E01023686","E02004925"
"AL5 5SU","AL5  5SU","AL5 5SU","198001","","E10000015","E58000624","E07000240","E05013952","E04013284","0","514427","0214049","1","E18000006","E40000007","E92000001","E12000006","5","E14001268","E15000006","E24000005","E30000237","E16000150","E07000240","26UGGC","E00120292","26UGGC","E65000001","E01023686","E02004925","5","4B3","E00120292","E01023686","E02004925","E33027405","E38000079","E63011425","C1","6A2",51.813370,-0.341488,"E37000048","","E23000027",32803,"E56000035","E54000025","E00120292","E01023686","E02004925"
"AL5 5SW","AL5  5SW","AL5 5SW","198001","","E10000015","E58000624","E07000240","E05013952","E04013284","0","514544","0214379","1","E18000006","E40000007","E92000001","E12000006","5","E14001268","E15000006","E24000005","E30000237","E16000150","E07000240","26UGGC","E00120287","26UGGC","E65000001","E01023686","E02004925","5","4D2","E00120287","E01023686","E02004925","E33027405","E38000079","E63011425","C1","6A1",51.816319,-0.339658,"E37000048","","E23000027",32803,"E56000035","E54000025","E00120287","E01023686","E02004925"
"AL5 5SX","AL5  5SX","AL5 5SX","198001","","E10000015","E58000624","E07000240","E05013952","E04013284","0","514603","0213891","1","E18000006","E40000007","E92000001","E12000006","5","E14001268","E15000006","E24000005","E30000237","E16000150","E07000240","26UGGC","E00120292","26UGGC","E65000001","E01023686","E02004925","5","4B3","E00120292","E01023686","E02004925","E33027405","E38000079","E63011425","C1","6A2",51.811914,-0.338988,"E37000048","","E23000027",32803,"E56000035","E54000025","E00120292","E01023686","E02004925"
"AL5 5SY","AL5  5SY","AL5 5SY","198001","","E10000015","E58000624","E07000240","E05013952","E04013284","0","514661","0213922","1","E18000006","E40000007","E92000001","E12000006","5","E14001268","E15000006","E24000005","E30000237","E16000150","E07000240","26UGGC","E00120294","26UGGC","E65000001","E01023686","E02004925","5","4A2","E00120294","E01023686","E02004925","E33027405","E38000079","E63011425","C1","6A1",51.812180,-0.338137,"E37000048","","E23000027",32803,"E56000035","E54000025","E00120294","E01023686","E02004925"
"AL5 5SZ","AL5  5SZ","AL5 5SZ","198001","","E10000015","E58000624","E07000240","E05013952","E04013284","0","514740","0213816","1","E18000006","E40000007","E92000001","E12000006","5","E14001268","E15000006","E24000005","E30000237","E16000150","E07000240","26UGGC","E00120294","26UGGC","E65000001","E01023686","E02004925","5","4A2","E00120294","E01023686","E02004925","E33027405","E38000079","E63011425","C1","6A1",51.811212,-0.337027,"E37000048","","E23000027",32803,"E56000035","E54000025","E00120294","E01023686","E02004925"
"AL5 5TA","AL5  5TA","AL5 5TA","198001","","E10000015","E58000626","E07000240","E05013955","E04013284","0","513932","0213679","1","E18000006","E40000007","E92000001","E12000006","5","E14001268","E15000006","E24000005","E30000237","E16000150","E07000240","26UGGF","E00120359","26UGGF","E65000001","E01023703","E02004926","5","4D1","E00120359","E01023703","E02004926","E33027410","E38000079","E63011425","C1","5B1",51.810145,-0.348787,"E37000048","","E23000027",32505,"E56000035","E54000025","E00120359","E01023703","E02004926"
"AL5 5TB","AL5  5TB","AL5 5TB","198001","","E10000015","E58000626","E07000240","E05013955","E04013284","0","513947","0213636","1","E18000006","E40000007","E92000001","E12000006","5","E14001268","E15000006","E24000005","E30000237","E16000150","E07000240","26UGGF","E00120359","26UGGF","E65000001","E01023703","E02004926","5","4D1","E00120359","E01023703","E02004926","E33027410","E38000079","E63011425","C1","5B1",51.809756,-0.348584,"E37000048","","E23000027",32505,"E56000035","E54000025","E00120359","E01023703","E02004926"
"AL5 5TD","AL5  5TD","AL5 5TD","199612","200211","E10000015","E58000626","E07000240","E05013955","E04013284","1","513594","0214185","1","E18000006","E40000007","E92000001","E12000006","5","E14001268","E15000006","E24000005","E30000237","E16000150","E07000240","26UGGF","E00120354","26UGGF","E65000001","E01023701","E02004926","5","6D2","E00120354","E01023701","E02004926","E33024309","E38000079","E63011425","C1","5B1",51.814762,-0.353522,"E37000048","","E23000027",29552,"E56000035","E54000025","E00120354","E01023701","E02004926"
"AL5 5TE","AL5  5TE","AL5 5TE","198001","","E10000015","E58000626","E07000240","E05013955","E04013284","0","514022","0213780","1","E18000006","E40000007","E92000001","E12000006","5","E14001268","E15000006","E24000005","E30000237","E16000150","E07000240","26UGGF","E00120361","26UGGF","E65000001","E01023703","E02004926","5","4B3","E00120361","E01023703","E02004926","E33027410","E38000079","E63011425","C1","6A4",51.811042,-0.347424,"E37000048","","E23000027",32505,"E56000035","E54000025","E00120361","E01023703","E02004926"
"AL5 5TF","AL5  5TF","AL5 5TF","198001","","E10000015","E58000626","E07000240","E05013955","E04013284","0","514142","0213699","1","E18000006","E40000007","E92000001","E12000006","5","E14001268","E15000006","E24000005","E30000237","E16000150","E07000240","26UGGF","E00120359","26UGGF","E65000001","E01023703","E02004926","5","4D1","E00120359","E01023703","E02004926","E33027410","E38000079","E63011425","C1","5B1",51.810282,-0.345736,"E37000048","","E23000027",32505,"E56000035","E54000025","E00120359","E01023703","E02004926"
"AL5 5TG","AL5  5TG","AL5 5TG","198001","","E10000015","E58000626","E07000240","E05013955","E04013284","0","514121","0213666","1","E18000006","E40000007","E92000001","E12000006","5","E14001268","E15000006","E24000005","E30000237","E16000150","E07000240","26UGGF","E00120359","26UGGF","E65000001","E01023703","E02004926","5","4D1","E00120359","E01023703","E02004926","E33027410","E38000079","E63011425","C1","5B1",51.809990,-0.346051,"E37000048","","E23000027",32505,"E56000035","E54000025","E00120359","E01023703","E02004926"
"AL5 5TH","AL5  5TH","AL5 5TH","198001","","E10000015","E58000626","E07000240","E05013955","E04013284","0","514374","0213603","1","E18000006","E40000007","E92000001","E12000006","5","E14001268","E15000006","E24000005","E30000237","E16000150","E07000240","26UGGF","E00120345","26UGGF","E65000001","E01023703","E02004926","5","4D2","E00120345","E01023703","E02004926","E33027410","E38000079","E63011425","C1","5B1",51.809372,-0.342403,"E37000048","","E23000027",32505,"E56000035","E54000025","E00120345","E01023703","E02004926"
"AL5 5TJ","AL5  5TJ","AL5 5TJ","198001","","E10000015","E58000626","E07000240","E05013955","E04013284","0","514388","0213693","1","E18000006","E40000007","E92000001","E12000006","5","E14001268","E15000006","E24000005","E30000237","E16000150","E07000240","26UGGF","E00120345","26UGGF","E65000001","E01023703","E02004926","5","4D2","E00120345","E01023703","E02004926","E33027410","E38000079","E63011425","C1","5B1",51.810178,-0.342171,"E37000048","","E23000027",32505,"E56000035","E54000025","E00120345","E01023703","E02004926"
"AL5 5TL","AL5  5TL","AL5 5TL","198001","","E10000015","E58000626","E07000240","E05013955","E04013284","0","514417","0213672","1","E18000006","E40000007","E92000001","E12000006","5","E14001268","E15000006","E24000005","E30000237","E16000150","E07000240","26UGGF","E00120345","26UGGF","E65000001","E01023703","E02004926","5","4D2","E00120345","E01023703","E02004926","E33027410","E38000079","E63011425","C1","5B1",51.809990,-0.341733,"E37000048","","E23000027",32505,"E56000035","E54000025","E00120345","E01023703","E02004926"
"AL5 5TN","AL5  5TN","AL5 5TN","198001","","E10000015","E58000626","E07000240","E05013955","E04013284","0","514416","0213623","1","E18000006","E40000007","E92000001","E12000006","5","E14001268","E15000006","E24000005","E30000237","E16000150","E07000240","26UGGF","E00120345","26UGGF","E65000001","E01023703","E02004926","5","4D2","E00120345","E01023703","E02004926","E33027410","E38000079","E63011425","C1","5B1",51.809543,-0.341788,"E37000048","","E23000027",32505,"E56000035","E54000025","E00120345","E01023703","E02004926"
"AL5 5TP","AL5  5TP","AL5 5TP","198001","","E10000015","E58000626","E07000240","E05013955","E04013284","0","514505","0213668","1","E18000006","E40000007","E92000001","E12000006","5","E14001268","E15000006","E24000005","E30000237","E16000150","E07000240","26UGGF","E00120345","26UGGF","E65000001","E01023703","E02004926","5","4D2","E00120345","E01023703","E02004926","E33027410","E38000079","E63011425","C1","5B1",51.809930,-0.340483,"E37000048","","E23000027",32505,"E56000035","E54000025","E00120345","E01023703","E02004926"
"AL5 5TQ","AL5  5TQ","AL5 5TQ","198001","","E10000015","E58000626","E07000240","E05013955","E04013284","0","514311","0213672","1","E18000006","E40000007","E92000001","E12000006","5","E14001268","E15000006","E24000005","E30000237","E16000150","E07000240","26UGGF","E00120345","26UGGF","E65000001","E01023703","E02004926","5","4D2","E00120345","E01023703","E02004926","E33027410","E38000079","E63011425","C1","5B1",51.810005,-0.343294,"E37000048","","E23000027",32505,"E56000035","E54000025","E00120345","E01023703","E02004926"
"AL5 5TR","AL5  5TR","AL5 5TR","198001","","E10000015","E58000626","E07000240","E05013955","E04013284","0","514472","0213598","1","E18000006","E40000007","E92000001","E12000006","5","E14001268","E15000006","E24000005","E30000237","E16000150","E07000240","26UGGF","E00120345","26UGGF","E65000001","E01023703","E02004926","5","4D2","E00120345","E01023703","E02004926","E33027410","E38000079","E63011425","C1","5B1",51.809307,-0.340984,"E37000048","","E23000027",32505,"E56000035","E54000025","E00120345","E01023703","E02004926"
"AL5 5TS","AL5  5TS","AL5 5TS","198001","","E10000015","E58000626","E07000240","E05013955","E04013284","0","514414","0213750","1","E18000006","E40000007","E92000001","E12000006","5","E14001268","E15000006","E24000005","E30000237","E16000150","E07000240","26UGGF","E00120361","26UGGF","E65000001","E01023703","E02004926","5","4B3","E00120361","E01023703","E02004926","E33027410","E38000079","E63011425","C1","6A4",51.810685,-0.341775,"E37000048","","E23000027",32505,"E56000035","E54000025","E00120361","E01023703","E02004926"
"AL5 5TT","AL5  5TT","AL5 5TT","198001","","E10000015","E58000626","E07000240","E05013955","E04013284","0","514164","0213754","1","E18000006","E40000007","E92000001","E12000006","5","E14001268","E15000006","E24000005","E30000237","E16000150","E07000240","26UGGF","E00120361","26UGGF","E65000001","E01023703","E02004926","5","4B3","E00120361","E01023703","E02004926","E33027410","E38000079","E63011425","C1","6A4",51.810772,-0.345398,"E37000048","","E23000027",32505,"E56000035","E54000025","E00120361","E01023703","E02004926"
"AL5 5TU","AL5  5TU","AL5 5TU","198001","","E10000015","E58000626","E07000240","E05013955","E04013284","0","514184","0213794","1","E18000006","E40000007","E92000001","E12000006","5","E14001268","E15000006","E24000005","E30000237","E16000150","E07000240","26UGGF","E00120361","26UGGF","E65000001","E01023703","E02004926","5","4B3","E00120361","E01023703","E02004926","E33027410","E38000079","E63011425","C1","6A4",51.811128,-0.345095,"E37000048","","E23000027",32505,"E56000035","E54000025","E00120361","E01023703","E02004926"
"AL5 5TW","AL5  5TW","AL5 5TW","198001","","E10000015","E58000626","E07000240","E05013955","E04013284","0","514445","0213612","1","E18000006","E40000007","E92000001","E12000006","5","E14001268","E15000006","E24000005","E30000237","E16000150","E07000240","26UGGF","E00120345","26UGGF","E65000001","E01023703","E02004926","5","4D2","E00120345","E01023703","E02004926","E33027410","E38000079","E63011425","C1","5B1",51.809439,-0.341371,"E37000048","","E23000027",32505,"E56000035","E54000025","E00120345","E01023703","E02004926"
"AL5 5TX","AL5  5TX","AL5 5TX","198001","","E10000015","E58000626","E07000240","E05013955","E04013284","0","514281","0213789","1","E18000006","E40000007","E92000001","E12000006","5","E14001268","E15000006","E24000005","E30000237","E16000150","E07000240","26UGGF","E00120358","26UGGF","E65000001","E01023703","E02004926","5","4D1","E00120358","E01023703","E02004926","E33027410","E38000079","E63011425","C1","6A4",51.811063,-0.343691,"E37000048","","E23000027",32505,"E56000035","E54000025","E00120358","E01023703","E02004926"
"AL5 5TY","AL5  5TY","AL5 5TY","198001","","E10000015","E58000626","E07000240","E05013955","E04013284","0","514452","0213783","1","E18000006","E40000007","E92000001","E12000006","5","E14001268","E15000006","E24000005","E30000237","E16000150","E07000240","26UGGF","E00120358","26UGGF","E65000001","E01023703","E02004926","5","4D1","E00120358","E01023703","E02004926","E33027410","E38000079","E63011425","C1","6A4",51.810974,-0.341213,"E37000048","","E23000027",32505,"E56000035","E54000025","E00120358","E01023703","E02004926"
"AL5 5TZ","AL5  5TZ","AL5 5TZ","198001","","E10000015","E58000626","E07000240","E05013955","E04013284","0","514600","0213807","1","E18000006","E40000007","E92000001","E12000006","5","E14001268","E15000006","E24000005","E30000237","E16000150","E07000240","26UGGF","E00120358","26UGGF","E65000001","E01023703","E02004926","5","4D1","E00120358","E01023703","E02004926","E33027410","E38000079","E63011425","C1","6A4",51.811159,-0.339059,"E37000048","","E23000027",32505,"E56000035","E54000025","E00120358","E01023703","E02004926"
"AL5 5UA","AL5  5UA","AL5 5UA","198001","","E10000015","E58000626","E07000240","E05013955","E04013284","0","514476","0213862","1","E18000006","E40000007","E92000001","E12000006","5","E14001268","E15000006","E24000005","E30000237","E16000150","E07000240","26UGGF","E00120358","26UGGF","E65000001","E01023703","E02004926","5","4D1","E00120358","E01023703","E02004926","E33027410","E38000079","E63011425","C1","6A4",51.811679,-0.340839,"E37000048","","E23000027",32505,"E56000035","E54000025","E00120358","E01023703","E02004926"
"AL5 5UB","AL5  5UB","AL5 5UB","198001","","E10000015","E58000626","E07000240","E05013955","E04013284","0","514458","0213915","1","E18000006","E40000007","E92000001","E12000006","5","E14001268","E15000006","E24000005","E30000237","E16000150","E07000240","26UGGF","E00120358","26UGGF","E65000001","E01023703","E02004926","5","4D1","E00120358","E01023703","E02004926","E33027410","E38000079","E63011425","C1","6A4",51.812159,-0.341083,"E37000048","","E23000027",32505,"E56000035","E54000025","E00120358","E01023703","E02004926"
"AL5 5UD","AL5  5UD","AL5 5UD","198001","","E10000015","E58000626","E07000240","E05013955","E04013284","0","514279","0213893","1","E18000006","E40000007","E92000001","E12000006","5","E14001268","E15000006","E24000005","E30000237","E16000150","E07000240","26UGGF","E00120361","26UGGF","E65000001","E01023703","E02004926","5","4B3","E00120361","E01023703","E02004926","E33027410","E38000079","E63011425","C1","6A4",51.811998,-0.343685,"E37000048","","E23000027",32505,"E56000035","E54000025","E00120361","E01023703","E02004926"
"AL5 5UE","AL5  5UE","AL5 5UE","198001","","E10000015","E58000626","E07000240","E05013955","E04013284","0","514309","0213865","1","E18000006","E40000007","E92000001","E12000006","5","E14001268","E15000006","E24000005","E30000237","E16000150","E07000240","26UGGF","E00120358","26UGGF","E65000001","E01023703","E02004926","5","4D1","E00120358","E01023703","E02004926","E33027410","E38000079","E63011425","C1","6A4",51.811740,-0.343260,"E37000048","","E23000027",32505,"E56000035","E54000025","E00120358","E01023703","E02004926"
"AL5 5UF","AL5  5UF","AL5 5UF","198704","200006","E10000015","E58000624","E07000240","E05013952","E04013284","1","514432","0214633","6","E18000006","E40000007","E92000001","E12000006","5","E14001268","E15000006","E24000005","E30000237","E16000150","E07000240","26UGGC","E00120285","26UGGC","E65000001","E01023685","E02004925","5","4D1","E00120285","E01023685","E02004925","E33027405","E38000079","E63011425","C1","6A4",51.818617,-0.341223,"E37000048","","E23000027",30948,"E56000035","E54000025","E00120285","E01023685","E02004925"
"AL5 5UG","AL5  5UG","AL5 5UG","198001","","E10000015","E58000626","E07000240","E05013955","E04013284","0","513964","0213855","1","E18000006","E40000007","E92000001","E12000006","5","E14001268","E15000006","E24000005","E30000237","E16000150","E07000240","26UGGF","E00120346","26UGGF","E65000001","E01023701","E02004926","5","2B1","E00120346","E01023701","E02004926","E33027409","E38000079","E63011425","C1","5B2",51.811721,-0.348265,"E37000048","","E23000027",29552,"E56000035","E54000025","E00120346","E01023701","E02004926"
"AL5 5UH","AL5  5UH","AL5 5UH","199405","","E10000015","E58000626","E07000240","E05013955","E04013284","0","514627","0213834","1","E18000006","E40000007","E92000001","E12000006","5","E14001268","E15000006","E24000005","E30000237","E16000150","E07000240","26UGGF","E00120358","26UGGF","E65000001","E01023703","E02004926","5","4D1","E00120358","E01023703","E02004926","E33027410","E38000079","E63011425","C1","6A4",51.811397,-0.338659,"E37000048","","E23000027",32505,"E56000035","E54000025","E00120358","E01023703","E02004926"
"AL5 5UN","AL5  5UN","AL5 5UN","198001","","E10000015","E58000624","E07000240","E05013952","E04013284","0","515042","0214402","1","E18000006","E40000007","E92000001","E12000006","5","E14001268","E15000006","E24000005","E30000237","E16000150","E07000240","26UGGC","E00120288","26UGGC","E65000001","E01023685","E02004925","5","6D1","E00120288","E01023685","E02004925","E33027405","E38000079","E63011425","C1","6B2",51.816416,-0.332453,"E37000048","","E23000027",30948,"E56000035","E54000025","E00120288","E01023685","E02004925"
"AL5 5UQ","AL5  5UQ","AL5 5UQ","199208","199212","E10000015","E58000626","E07000240","E05013955","E04013284","1","514300","0214200","8","E18000006","E40000007","E92000001","E12000006","5","E14001268","E15000006","E24000005","E30000237","E16000150","E07000240","26UGGF","E00120350","26UGGF","E65000001","E01023702","E02004926","5","4D1","E00120350","E01023702","E02004926","E33027409","E38000079","E63011425","C1","5B1",51.814753,-0.343280,"E37000048","","E23000027",32710,"E56000035","E54000025","E00120350","E01023702","E02004926"
"AL5 5UR","AL5  5UR","AL5 5UR","199512","200006","E10000015","E58000624","E07000240","E05013952","E04013284","1","514432","0214633","6","E18000006","E40000007","E92000001","E12000006","5","E14001268","E15000006","E24000005","E30000237","E16000150","E07000240","26UGGC","E00120285","26UGGC","E65000001","E01023685","E02004925","5","4D1","E00120285","E01023685","E02004925","E33027405","E38000079","E63011425","C1","6A4",51.818617,-0.341223,"E37000048","","E23000027",30948,"E56000035","E54000025","E00120285","E01023685","E02004925"
"AL5 5UW","AL5  5UW","AL5 5UW","199412","200602","E10000015","E58000626","E07000240","E05013955","E04013284","1","513594","0214185","1","E18000006","E40000007","E92000001","E12000006","5","E14001268","E15000006","E24000005","E30000237","E16000150","E07000240","26UGGF","E00120354","26UGGF","E65000001","E01023701","E02004926","5","6D2","E00120354","E01023701","E02004926","E33024309","E38000079","E63011425","C1","5B1",51.814762,-0.353522,"E37000048","","E23000027",29552,"E56000035","E54000025","E00120354","E01023701","E02004926"
"AL5 5WA","AL5  5WA","AL5 5WA","199606","200107","E10000015","E58000624","E07000240","E05013952","E04013284","1","514432","0214633","6","E18000006","E40000007","E92000001","E12000006","5","E14001268","E15000006","E24000005","E30000237","E16000150","E07000240","26UGGC","E00120285","26UGGC","E65000001","E01023685","E02004925","5","4D1","E00120285","E01023685","E02004925","E33027405","E38000079","E63011425","C1","6A4",51.818617,-0.341223,"E37000048","","E23000027",30948,"E56000035","E54000025","E00120285","E01023685","E02004925"
"AL5 5WB","AL5  5WB","AL5 5WB","200112","200512","E10000015","E58000626","E07000240","E05013955","E04013284","1","513594","0214185","1","E18000006","E40000007","E92000001","E12000006","5","E14001268","E15000006","E24000005","E30000237","E16000150","E07000240","26UGGF","E00120354","26UGGF","E65000001","E01023701","E02004926","5","6D2","E00120354","E01023701","E02004926","E33024309","E38000079","E63011425","C1","5B1",51.814762,-0.353522,"E37000048","","E23000027",29552,"E56000035","E54000025","E00120354","E01023701","E02004926"
"AL5 5WD","AL5  5WD","AL5 5WD","200206","200703","E10000015","E58000626","E07000240","E05013955","E04013284","1","513594","0214185","1","E18000006","E40000007","E92000001","E12000006","5","E14001268","E15000006","E24000005","E30000237","E16000150","E07000240","26UGGF","E00120354","26UGGF","E65000001","E01023701","E02004926","5","6D2","E00120354","E01023701","E02004926","E33024309","E38000079","E63011425","C1","5B1",51.814762,-0.353522,"E37000048","","E23000027",29552,"E56000035","E54000025","E00120354","E01023701","E02004926"
"AL5 5WZ","AL5  5WZ","AL5 5WZ","200411","200602","E10000015","E58000626","E07000240","E05013955","E04013284","1","513594","0214185","1","E18000006","E40000007","E92000001","E12000006","5","E14001268","E15000006","E24000005","E30000237","E16000150","E07000240","26UGGF","E00120354","26UGGF","E65000001","E01023701","E02004926","5","6D2","E00120354","E01023701","E02004926","E33024309","E38000079","E63011425","C1","5B1",51.814762,-0.353522,"E37000048","","E23000027",29552,"E56000035","E54000025","E00120354","E01023701","E02004926"
"AL5 5XJ","AL5  5XJ","AL5 5XJ","200309","200602","E10000015","E58000626","E07000240","E05013955","E04013284","1","513594","0214185","1","E18000006","E40000007","E92000001","E12000006","5","E14001268","E15000006","E24000005","E30000237","E16000150","E07000240","26UGGF","E00120354","26UGGF","E65000001","E01023701","E02004926","5","6D2","E00120354","E01023701","E02004926","E33024309","E38000079","E63011425","C1","5B1",51.814762,-0.353522,"E37000048","","E23000027",29552,"E56000035","E54000025","E00120354","E01023701","E02004926"
"AL5 5XN","AL5  5XN","AL5 5XN","200301","200307","E10000015","E58000626","E07000240","E05013955","E04013284","1","513594","0214185","5","E18000006","E40000007","E92000001","E12000006","5","E14001268","E15000006","E24000005","E30000237","E16000150","E07000240","26UGGF","E00120354","26UGGF","E65000001","E01023701","E02004926","5","6D2","E00120354","E01023701","E02004926","E33024309","E38000079","E63011425","C1","5B1",51.814762,-0.353522,"E37000048","","E23000027",29552,"E56000035","E54000025","E00120354","E01023701","E02004926"
"AL5 5XQ","AL5  5XQ","AL5 5XQ","200306","200707","E10000015","E58000626","E07000240","E05013955","E04013284","1","513594","0214185","1","E18000006","E40000007","E92000001","E12000006","5","E14001268","E15000006","E24000005","E30000237","E16000150","E07000240","26UGGF","E00120354","26UGGF","E65000001","E01023701","E02004926","5","6D2","E00120354","E01023701","E02004926","E33024309","E38000079","E63011425","C1","5B1",51.814762,-0.353522,"E37000048","","E23000027",29552,"E56000035","E54000025","E00120354","E01023701","E02004926"
"AL5 5XS","AL5  5XS","AL5 5XS","200309","201310","E10000015","E58000626","E07000240","E05013955","E04013284","1","513594","0214185","1","E18000006","E40000007","E92000001","E12000006","5","E14001268","E15000006","E24000005","E30000237","E16000150","E07000240","26UGGF","E00120354","26UGGF","E65000001","E01023701","E02004926","5","6D2","E00120354","E01023701","E02004926","E33024309","E38000079","E63011425","C1","5B1",51.814762,-0.353522,"E37000048","","E23000027",29552,"E56000035","E54000025","E00120354","E01023701","E02004926"
"AL5 5XZ","AL5  5XZ","AL5 5XZ","200307","200708","E10000015","E58000626","E07000240","E05013955","E04013284","1","513594","0214185","1","E18000006","E40000007","E92000001","E12000006","5","E14001268","E15000006","E24000005","E30000237","E16000150","E07000240","26UGGF","E00120354","26UGGF","E65000001","E01023701","E02004926","5","6D2","E00120354","E01023701","E02004926","E33024309","E38000079","E63011425","C1","5B1",51.814762,-0.353522,"E37000048","","E23000027",29552,"E56000035","E54000025","E00120354","E01023701","E02004926"
"AL5 5YN","AL5  5YN","AL5 5YN","200403","200510","E10000015","E58000626","E07000240","E05013955","E04013284","1","513594","0214185","5","E18000006","E40000007","E92000001","E12000006","5","E14001268","E15000006","E24000005","E30000237","E16000150","E07000240","26UGGF","E00120354","26UGGF","E65000001","E01023701","E02004926","5","6D2","E00120354","E01023701","E02004926","E33024309","E38000079","E63011425","C1","5B1",51.814762,-0.353522,"E37000048","","E23000027",29552,"E56000035","E54000025","E00120354","E01023701","E02004926"
"AL5 5YZ","AL5  5YZ","AL5 5YZ","200106","200802","E10000015","E58000626","E07000240","E05013955","E04013284","1","513594","0214185","1","E18000006","E40000007","E92000001","E12000006","5","E14001268","E15000006","E24000005","E30000237","E16000150","E07000240","26UGGF","E00120354","26UGGF","E65000001","E01023701","E02004926","5","6D2","E00120354","E01023701","E02004926","E33024309","E38000079","E63011425","C1","5B1",51.814762,-0.353522,"E37000048","","E23000027",29552,"E56000035","E54000025","E00120354","E01023701","E02004926"
"AL5 5ZD","AL5  5ZD","AL5 5ZD","200012","200107","E10000015","E58000624","E07000240","E05013952","E04013284","1","515042","0214402","5","E18000006","E40000007","E92000001","E12000006","5","E14001268","E15000006","E24000005","E30000237","E16000150","E07000240","26UGGC","E00120288","26UGGC","E65000001","E01023685","E02004925","5","6D1","E00120288","E01023685","E02004925","E33027405","E38000079","E63011425","C1","6B2",51.816416,-0.332453,"E37000048","","E23000027",30948,"E56000035","E54000025","E00120288","E01023685","E02004925"
"AL5 5ZE","AL5  5ZE","AL5 5ZE","200006","200107","E10000015","E58000624","E07000240","E05013952","E04013284","1","514432","0214633","6","E18000006","E40000007","E92000001","E12000006","5","E14001268","E15000006","E24000005","E30000237","E16000150","E07000240","26UGGC","E00120285","26UGGC","E65000001","E01023685","E02004925","5","4D1","E00120285","E01023685","E02004925","E33027405","E38000079","E63011425","C1","6A4",51.818617,-0.341223,"E37000048","","E23000027",30948,"E56000035","E54000025","E00120285","E01023685","E02004925"
"AL5 5ZF","AL5  5ZF","AL5 5ZF","199806","199906","E10000015","E58000624","E07000240","E05013952","E04013284","1","514600","0214700","8","E18000006","E40000007","E92000001","E12000006","5","E14001268","E15000006","E24000005","E30000237","E16000150","E07000240","26UGGC","E00120285","26UGGC","E65000001","E01023685","E02004925","5","4D1","E00120285","E01023685","E02004925","E33027405","E38000079","E63011425","C1","6A4",51.819185,-0.338764,"E37000048","","E23000027",30948,"E56000035","E54000025","E00120285","E01023685","E02004925"
"AL5 5ZG","AL5  5ZG","AL5 5ZG","199812","200211","E10000015","E58000626","E07000240","E05013955","E04013284","1","513594","0214185","1","E18000006","E40000007","E92000001","E12000006","5","E14001268","E15000006","E24000005","E30000237","E16000150","E07000240","26UGGF","E00120354","26UGGF","E65000001","E01023701","E02004926","5","6D2","E00120354","E01023701","E02004926","E33024309","E38000079","E63011425","C1","5B1",51.814762,-0.353522,"E37000048","","E23000027",29552,"E56000035","E54000025","E00120354","E01023701","E02004926"
"AL5 5ZH","AL5  5ZH","AL5 5ZH","199901","200009","E10000015","E58000624","E07000240","E05013952","E04013284","1","514600","0214700","8","E18000006","E40000007","E92000001","E12000006","5","E14001268","E15000006","E24000005","E30000237","E16000150","E07000240","26UGGC","E00120285","26UGGC","E65000001","E01023685","E02004925","5","4D1","E00120285","E01023685","E02004925","E33027405","E38000079","E63011425","C1","6A4",51.819185,-0.338764,"E37000048","","E23000027",30948,"E56000035","E54000025","E00120285","E01023685","E02004925"
"AL5 5ZJ","AL5  5ZJ","AL5 5ZJ","200006","200203","E10000015","E58000626","E07000240","E05013955","E04013284","1","513594","0214185","1","E18000006","E40000007","E92000001","E12000006","5","E14001268","E15000006","E24000005","E30000237","E16000150","E07000240","26UGGF","E00120354","26UGGF","E65000001","E01023701","E02004926","5","6D2","E00120354","E01023701","E02004926","E33024309","E38000079","E63011425","C1","5B1",51.814762,-0.353522,"E37000048","","E23000027",29552,"E56000035","E54000025","E00120354","E01023701","E02004926"
"AL5 5ZL","AL5  5ZL","AL5 5ZL","200006","200104","E10000015","E58000624","E07000240","E05013952","E04013284","1","514432","0214633","6","E18000006","E40000007","E92000001","E12000006","5","E14001268","E15000006","E24000005","E30000237","E16000150","E07000240","26UGGC","E00120285","26UGGC","E65000001","E01023685","E02004925","5","4D1","E00120285","E01023685","E02004925","E33027405","E38000079","E63011425","C1","6A4",51.818617,-0.341223,"E37000048","","E23000027",30948,"E56000035","E54000025","E00120285","E01023685","E02004925"
"AL5 5ZN","AL5  5ZN","AL5 5ZN","199912","201009","E10000015","E58000626","E07000240","E05013955","E04013284","1","513594","0214185","1","E18000006","E40000007","E92000001","E12000006","5","E14001268","E15000006","E24000005","E30000237","E16000150","E07000240","26UGGF","E00120354","26UGGF","E65000001","E01023701","E02004926","5","6D2","E00120354","E01023701","E02004926","E33024309","E38000079","E63011425","C1","5B1",51.814762,-0.353522,"E37000048","","E23000027",29552,"E56000035","E54000025","E00120354","E01023701","E02004926"
"AL5 5ZP","AL5  5ZP","AL5 5ZP","199912","200101","E10000015","E58000624","E07000240","E05013952","E04013284","1","514432","0214633","6","E18000006","E40000007","E92000001","E12000006","5","E14001268","E15000006","E24000005","E30000237","E16000150","E07000240","26UGGC","E00120285","26UGGC","E65000001","E01023685","E02004925","5","4D1","E00120285","E01023685","E02004925","E33027405","E38000079","E63011425","C1","6A4",51.818617,-0.341223,"E37000048","","E23000027",30948,"E56000035","E54000025","E00120285","E01023685","E02004925"
"AL5 5ZQ","AL5  5ZQ","AL5 5ZQ","199912","200103","E10000015","E58000624","E07000240","E05013952","E04013284","1","514432","0214633","6","E18000006","E40000007","E92000001","E12000006","5","E14001268","E15000006","E24000005","E30000237","E16000150","E07000240","26UGGC","E00120285","26UGGC","E65000001","E01023685","E02004925","5","4D1","E00120285","E01023685","E02004925","E33027405","E38000079","E63011425","C1","6A4",51.818617,-0.341223,"E37000048","","E23000027",30948,"E56000035","E54000025","E00120285","E01023685","E02004925"
"AL5 5ZR","AL5  5ZR","AL5 5ZR","199912","200111","E10000015","E58000626","E07000240","E05013955","E04013284","1","513594","0214185","1","E18000006","E40000007","E92000001","E12000006","5","E14001268","E15000006","E24000005","E30000237","E16000150","E07000240","26UGGF","E00120354","26UGGF","E65000001","E01023701","E02004926","5","6D2","E00120354","E01023701","E02004926","E33024309","E38000079","E63011425","C1","5B1",51.814762,-0.353522,"E37000048","","E23000027",29552,"E56000035","E54000025","E00120354","E01023701","E02004926"
"AL5 5ZS","AL5  5ZS","AL5 5ZS","199906","200009","E10000015","E58000624","E07000240","E05013952","E04013284","1","514432","0214633","6","E18000006","E40000007","E92000001","E12000006","5","E14001268","E15000006","E24000005","E30000237","E16000150","E07000240","26UGGC","E00120285","26UGGC","E65000001","E01023685","E02004925","5","4D1","E00120285","E01023685","E02004925","E33027405","E38000079","E63011425","C1","6A4",51.818617,-0.341223,"E37000048","","E23000027",30948,"E56000035","E54000025","E00120285","E01023685","E02004925"
"AL5 5ZT","AL5  5ZT","AL5 5ZT","199906","200009","E10000015","E58000624","E07000240","E05013952","E04013284","1","514432","0214633","6","E18000006","E40000007","E92000001","E12000006","5","E14001268","E15000006","E24000005","E30000237","E16000150","E07000240","26UGGC","E00120285","26UGGC","E65000001","E01023685","E02004925","5","4D1","E00120285","E01023685","E02004925","E33027405","E38000079","E63011425","C1","6A4",51.818617,-0.341223,"E37000048","","E23000027",30948,"E56000035","E54000025","E00120285","E01023685","E02004925"
"AL5 5ZU","AL5  5ZU","AL5 5ZU","200106","200203","E10000015","E58000626","E07000240","E05013955","E04013284","1","513594","0214185","1","E18000006","E40000007","E92000001","E12000006","5","E14001268","E15000006","E24000005","E30000237","E16000150","E07000240","26UGGF","E00120354","26UGGF","E65000001","E01023701","E02004926","5","6D2","E00120354","E01023701","E02004926","E33024309","E38000079","E63011425","C1","5B1",51.814762,-0.353522,"E37000048","","E23000027",29552,"E56000035","E54000025","E00120354","E01023701","E02004926"
"AL5 5ZW","AL5  5ZW","AL5 5ZW","200012","200207","E10000015","E58000626","E07000240","E05013955","E04013284","1","513594","0214185","1","E18000006","E40000007","E92000001","E12000006","5","E14001268","E15000006","E24000005","E30000237","E16000150","E07000240","26UGGF","E00120354","26UGGF","E65000001","E01023701","E02004926","5","6D2","E00120354","E01023701","E02004926","E33024309","E38000079","E63011425","C1","5B1",51.814762,-0.353522,"E37000048","","E23000027",29552,"E56000035","E54000025","E00120354","E01023701","E02004926"
"AL5 5ZX","AL5  5ZX","AL5 5ZX","199812","200408","E10000015","E58000626","E07000240","E05013955","E04013284","1","513594","0214185","1","E18000006","E40000007","E92000001","E12000006","5","E14001268","E15000006","E24000005","E30000237","E16000150","E07000240","26UGGF","E00120354","26UGGF","E65000001","E01023701","E02004926","5","6D2","E00120354","E01023701","E02004926","E33024309","E38000079","E63011425","C1","5B1",51.814762,-0.353522,"E37000048","","E23000027",29552,"E56000035","E54000025","E00120354","E01023701","E02004926"
"AL5 5ZY","AL5  5ZY","AL5 5ZY","199812","199912","E10000015","E58000624","E07000240","E05013952","E04013284","1","514432","0214633","6","E18000006","E40000007","E92000001","E12000006","5","E14001268","E15000006","E24000005","E30000237","E16000150","E07000240","26UGGC","E00120285","26UGGC","E65000001","E01023685","E02004925","5","4D1","E00120285","E01023685","E02004925","E33027405","E38000079","E63011425","C1","6A4",51.818617,-0.341223,"E37000048","","E23000027",30948,"E56000035","E54000025","E00120285","E01023685","E02004925"
"AL5 5ZZ","AL5  5ZZ","AL5 5ZZ","199706","199812","E10000015","E58000624","E07000240","E05013952","E04013284","1","514458","0214608","6","E18000006","E40000007","E92000001","E12000006","5","E14001268","E15000006","E24000005","E30000237","E16000150","E07000240","26UGGC","E00120288","26UGGC","E65000001","E01023685","E02004925","5","6D1","E00120288","E01023685","E02004925","E33027405","E38000079","E63011425","C1","6B2",51.818387,-0.340854,"E37000048","","E23000027",30948,"E56000035","E54000025","E00120288","E01023685","E02004925"
"AL5 9AA","AL5  9AA","AL5 9AA","200501","200602","E10000015","E58000626","E07000240","E05013955","E04013284","1","513594","0214185","1","E18000006","E40000007","E92000001","E12000006","5","E14001268","E15000006","E24000005","E30000237","E16000150","E07000240","26UGGF","E00120354","26UGGF","E65000001","E01023701","E02004926","5","6D2","E00120354","E01023701","E02004926","E33024309","E38000079","E63011425","C1","5B1",51.814762,-0.353522,"E37000048","","E23000027",29552,"E56000035","E54000025","E00120354","E01023701","E02004926"
"AL5 9AB","AL5  9AB","AL5 9AB","200501","200803","E10000015","E58000626","E07000240","E05013955","E04013284","1","513594","0214185","1","E18000006","E40000007","E92000001","E12000006","5","E14001268","E15000006","E24000005","E30000237","E16000150","E07000240","26UGGF","E00120354","26UGGF","E65000001","E01023701","E02004926","5","6D2","E00120354","E01023701","E02004926","E33024309","E38000079","E63011425","C1","5B1",51.814762,-0.353522,"E37000048","","E23000027",29552,"E56000035","E54000025","E00120354","E01023701","E02004926"
"AL5 9AD","AL5  9AD","AL5 9AD","200501","200604","E10000015","E58000626","E07000240","E05013955","E04013284","1","513594","0214185","1","E18000006","E40000007","E92000001","E12000006","5","E14001268","E15000006","E24000005","E30000237","E16000150","E07000240","26UGGF","E00120354","26UGGF","E65000001","E01023701","E02004926","5","6D2","E00120354","E01023701","E02004926","E33024309","E38000079","E63011425","C1","5B1",51.814762,-0.353522,"E37000048","","E23000027",29552,"E56000035","E54000025","E00120354","E01023701","E02004926"
"AL5 9AE","AL5  9AE","AL5 9AE","200502","200604","E10000015","E58000626","E07000240","E05013955","E04013284","1","513594","0214185","1","E18000006","E40000007","E92000001","E12000006","5","E14001268","E15000006","E24000005","E30000237","E16000150","E07000240","26UGGF","E00120354","26UGGF","E65000001","E01023701","E02004926","5","6D2","E00120354","E01023701","E02004926","E33024309","E38000079","E63011425","C1","5B1",51.814762,-0.353522,"E37000048","","E23000027",29552,"E56000035","E54000025","E00120354","E01023701","E02004926"
"AL5 9AF","AL5  9AF","AL5 9AF","200503","200604","E10000015","E58000626","E07000240","E05013955","E04013284","1","513594","0214185","1","E18000006","E40000007","E92000001","E12000006","5","E14001268","E15000006","E24000005","E30000237","E16000150","E07000240","26UGGF","E00120354","26UGGF","E65000001","E01023701","E02004926","5","6D2","E00120354","E01023701","E02004926","E33024309","E38000079","E63011425","C1","5B1",51.814762,-0.353522,"E37000048","","E23000027",29552,"E56000035","E54000025","E00120354","E01023701","E02004926"
"AL5 9AG","AL5  9AG","AL5 9AG","200505","200906","E10000015","E58000626","E07000240","E05013955","E04013284","1","513594","0214185","1","E18000006","E40000007","E92000001","E12000006","5","E14001268","E15000006","E24000005","E30000237","E16000150","E07000240","26UGGF","E00120354","26UGGF","E65000001","E01023701","E02004926","5","6D2","E00120354","E01023701","E02004926","E33024309","E38000079","E63011425","C1","5B1",51.814762,-0.353522,"E37000048","","E23000027",29552,"E56000035","E54000025","E00120354","E01023701","E02004926"
"AL5 9AH","AL5  9AH","AL5 9AH","200606","200607","E10000015","E58000626","E07000240","E05013955","E04013284","1","513594","0214185","1","E18000006","E40000007","E92000001","E12000006","5","E14001268","E15000006","E24000005","E30000237","E16000150","E07000240","26UGGF","E00120354","26UGGF","E65000001","E01023701","E02004926","5","6D2","E00120354","E01023701","E02004926","E33024309","E38000079","E63011425","C1","5B1",51.814762,-0.353522,"E37000048","","E23000027",29552,"E56000035","E54000025","E00120354","E01023701","E02004926"
"AL5 9AJ","AL5  9AJ","AL5 9AJ","200506","200607","E10000015","E58000626","E07000240","E05013955","E04013284","1","513594","0214185","1","E18000006","E40000007","E92000001","E12000006","5","E14001268","E15000006","E24000005","E30000237","E16000150","E07000240","26UGGF","E00120354","26UGGF","E65000001","E01023701","E02004926","5","6D2","E00120354","E01023701","E02004926","E33024309","E38000079","E63011425","C1","5B1",51.814762,-0.353522,"E37000048","","E23000027",29552,"E56000035","E54000025","E00120354","E01023701","E02004926"
"AL5 9AL","AL5  9AL","AL5 9AL","200609","200707","E10000015","E58000626","E07000240","E05013955","E04013284","1","513594","0214185","1","E18000006","E40000007","E92000001","E12000006","5","E14001268","E15000006","E24000005","E30000237","E16000150","E07000240","26UGGF","E00120354","26UGGF","E65000001","E01023701","E02004926","5","6D2","E00120354","E01023701","E02004926","E33024309","E38000079","E63011425","C1","5B1",51.814762,-0.353522,"E37000048","","E23000027",29552,"E56000035","E54000025","E00120354","E01023701","E02004926"
"AL5 9AN","AL5  9AN","AL5 9AN","200506","200607","E10000015","E58000626","E07000240","E05013955","E04013284","1","513594","0214185","1","E18000006","E40000007","E92000001","E12000006","5","E14001268","E15000006","E24000005","E30000237","E16000150","E07000240","26UGGF","E00120354","26UGGF","E65000001","E01023701","E02004926","5","6D2","E00120354","E01023701","E02004926","E33024309","E38000079","E63011425","C1","5B1",51.814762,-0.353522,"E37000048","","E23000027",29552,"E56000035","E54000025","E00120354","E01023701","E02004926"
"AL5 9AP","AL5  9AP","AL5 9AP","200506","200607","E10000015","E58000626","E07000240","E05013955","E04013284","1","513594","0214185","1","E18000006","E40000007","E92000001","E12000006","5","E14001268","E15000006","E24000005","E30000237","E16000150","E07000240","26UGGF","E00120354","26UGGF","E65000001","E01023701","E02004926","5","6D2","E00120354","E01023701","E02004926","E33024309","E38000079","E63011425","C1","5B1",51.814762,-0.353522,"E37000048","","E23000027",29552,"E56000035","E54000025","E00120354","E01023701","E02004926"
"AL5 9AQ","AL5  9AQ","AL5 9AQ","200606","200607","E10000015","E58000626","E07000240","E05013955","E04013284","1","513594","0214185","1","E18000006","E40000007","E92000001","E12000006","5","E14001268","E15000006","E24000005","E30000237","E16000150","E07000240","26UGGF","E00120354","26UGGF","E65000001","E01023701","E02004926","5","6D2","E00120354","E01023701","E02004926","E33024309","E38000079","E63011425","C1","5B1",51.814762,-0.353522,"E37000048","","E23000027",29552,"E56000035","E54000025","E00120354","E01023701","E02004926"
"AL5 9AR","AL5  9AR","AL5 9AR","200508","200709","E10000015","E58000626","E07000240","E05013955","E04013284","1","513594","0214185","1","E18000006","E40000007","E92000001","E12000006","5","E14001268","E15000006","E24000005","E30000237","E16000150","E07000240","26UGGF","E00120354","26UGGF","E65000001","E01023701","E02004926","5","6D2","E00120354","E01023701","E02004926","E33024309","E38000079","E63011425","C1","5B1",51.814762,-0.353522,"E37000048","","E23000027",29552,"E56000035","E54000025","E00120354","E01023701","E02004926"
"AL5 9AS","AL5  9AS","AL5 9AS","200509","200810","E10000015","E58000626","E07000240","E05013955","E04013284","1","513594","0214185","1","E18000006","E40000007","E92000001","E12000006","5","E14001268","E15000006","E24000005","E30000237","E16000150","E07000240","26UGGF","E00120354","26UGGF","E65000001","E01023701","E02004926","5","6D2","E00120354","E01023701","E02004926","E33024309","E38000079","E63011425","C1","5B1",51.814762,-0.353522,"E37000048","","E23000027",29552,"E56000035","E54000025","E00120354","E01023701","E02004926"
"AL5 9AT","AL5  9AT","AL5 9AT","200510","200711","E10000015","E58000626","E07000240","E05013955","E04013284","1","513594","0214185","1","E18000006","E40000007","E92000001","E12000006","5","E14001268","E15000006","E24000005","E30000237","E16000150","E07000240","26UGGF","E00120354","26UGGF","E65000001","E01023701","E02004926","5","6D2","E00120354","E01023701","E02004926","E33024309","E38000079","E63011425","C1","5B1",51.814762,-0.353522,"E37000048","","E23000027",29552,"E56000035","E54000025","E00120354","E01023701","E02004926"
"AL5 9AU","AL5  9AU","AL5 9AU","200510","200711","E10000015","E58000626","E07000240","E05013955","E04013284","1","513594","0214185","1","E18000006","E40000007","E92000001","E12000006","5","E14001268","E15000006","E24000005","E30000237","E16000150","E07000240","26UGGF","E00120354","26UGGF","E65000001","E01023701","E02004926","5","6D2","E00120354","E01023701","E02004926","E33024309","E38000079","E63011425","C1","5B1",51.814762,-0.353522,"E37000048","","E23000027",29552,"E56000035","E54000025","E00120354","E01023701","E02004926"
"AL5 9AW","AL5  9AW","AL5 9AW","200510","200911","E10000015","E58000626","E07000240","E05013955","E04013284","1","513594","0214185","1","E18000006","E40000007","E92000001","E12000006","5","E14001268","E15000006","E24000005","E30000237","E16000150","E07000240","26UGGF","E00120354","26UGGF","E65000001","E01023701","E02004926","5","6D2","E00120354","E01023701","E02004926","E33024309","E38000079","E63011425","C1","5B1",51.814762,-0.353522,"E37000048","","E23000027",29552,"E56000035","E54000025","E00120354","E01023701","E02004926"
"AL5 9AX","AL5  9AX","AL5 9AX","200512","200801","E10000015","E58000626","E07000240","E05013955","E04013284","1","513594","0214185","1","E18000006","E40000007","E92000001","E12000006","5","E14001268","E15000006","E24000005","E30000237","E16000150","E07000240","26UGGF","E00120354","26UGGF","E65000001","E01023701","E02004926","5","6D2","E00120354","E01023701","E02004926","E33024309","E38000079","E63011425","C1","5B1",51.814762,-0.353522,"E37000048","","E23000027",29552,"E56000035","E54000025","E00120354","E01023701","E02004926"
"AL5 9AY","AL5  9AY","AL5 9AY","200601","","E10000015","E58000664","E07000240","E05013956","E43000290","1","517321","0206803","1","E18000006","E40000007","E92000001","E12000006","5","E14001507","E15000006","E24000005","E30000237","E16000150","E07000240","26UGFX","E00120196","26UGFX","E65000001","E01023667","E02004936","5","6D1","E00120196","E01023667","E02004936","E33027453","E38000079","E63011552","C1","5A2",51.747650,-0.301973,"E37000048","","E23000027",30628,"E56000035","E54000025","E00120196","E01023667","E02004936"
"AL5 9AZ","AL5  9AZ","AL5 9AZ","200602","200701","E10000015","E58000626","E07000240","E05013955","E04013284","1","513594","0214185","1","E18000006","E40000007","E92000001","E12000006","5","E14001268","E15000006","E24000005","E30000237","E16000150","E07000240","26UGGF","E00120354","26UGGF","E65000001","E01023701","E02004926","5","6D2","E00120354","E01023701","E02004926","E33024309","E38000079","E63011425","C1","5B1",51.814762,-0.353522,"E37000048","","E23000027",29552,"E56000035","E54000025","E00120354","E01023701","E02004926"
"AL5 9BA","AL5  9BA","AL5 9BA","200602","201105","E10000015","E58000626","E07000240","E05013955","E04013284","1","513594","0214185","1","E18000006","E40000007","E92000001","E12000006","5","E14001268","E15000006","E24000005","E30000237","E16000150","E07000240","26UGGF","E00120354","26UGGF","E65000001","E01023701","E02004926","5","6D2","E00120354","E01023701","E02004926","E33024309","E38000079","E63011425","C1","5B1",51.814762,-0.353522,"E37000048","","E23000027",29552,"E56000035","E54000025","E00120354","E01023701","E02004926"
"AL5 9BB","AL5  9BB","AL5 9BB","200603","201402","E10000015","E58000626","E07000240","E05013955","E04013284","1","513594","0214185","1","E18000006","E40000007","E92000001","E12000006","5","E14001268","E15000006","E24000005","E30000237","E16000150","E07000240","26UGGF","E00120354","26UGGF","E65000001","E01023701","E02004926","5","6D2","E00120354","E01023701","E02004926","E33024309","E38000079","E63011425","C1","5B1",51.814762,-0.353522,"E37000048","","E23000027",29552,"E56000035","E54000025","E00120354","E01023701","E02004926"
"AL5 9BD","AL5  9BD","AL5 9BD","200604","200705","E10000015","E58000626","E07000240","E05013955","E04013284","1","513594","0214185","1","E18000006","E40000007","E92000001","E12000006","5","E14001268","E15000006","E24000005","E30000237","E16000150","E07000240","26UGGF","E00120354","26UGGF","E65000001","E01023701","E02004926","5","6D2","E00120354","E01023701","E02004926","E33024309","E38000079","E63011425","C1","5B1",51.814762,-0.353522,"E37000048","","E23000027",29552,"E56000035","E54000025","E00120354","E01023701","E02004926"
"AL5 9BE","AL5  9BE","AL5 9BE","200604","200805","E10000015","E58000626","E07000240","E05013955","E04013284","1","513594","0214185","1","E18000006","E40000007","E92000001","E12000006","5","E14001268","E15000006","E24000005","E30000237","E16000150","E07000240","26UGGF","E00120354","26UGGF","E65000001","E01023701","E02004926","5","6D2","E00120354","E01023701","E02004926","E33024309","E38000079","E63011425","C1","5B1",51.814762,-0.353522,"E37000048","","E23000027",29552,"E56000035","E54000025","E00120354","E01023701","E02004926"
"AL5 9BF","AL5  9BF","AL5 9BF","200605","201105","E10000015","E58000626","E07000240","E05013955","E04013284","1","513594","0214185","1","E18000006","E40000007","E92000001","E12000006","5","E14001268","E15000006","E24000005","E30000237","E16000150","E07000240","26UGGF","E00120354","26UGGF","E65000001","E01023701","E02004926","5","6D2","E00120354","E01023701","E02004926","E33024309","E38000079","E63011425","C1","5B1",51.814762,-0.353522,"E37000048","","E23000027",29552,"E56000035","E54000025","E00120354","E01023701","E02004926"
"AL5 9BG","AL5  9BG","AL5 9BG","200908","201206","E10000015","E58000626","E07000240","E05013955","E04013284","1","513594","0214185","1","E18000006","E40000007","E92000001","E12000006","5","E14001268","E15000006","E24000005","E30000237","E16000150","E07000240","26UGGF","E00120354","26UGGF","E65000001","E01023701","E02004926","5","6D2","E00120354","E01023701","E02004926","E33024309","E38000079","E63011425","C1","5B1",51.814762,-0.353522,"E37000048","","E23000027",29552,"E56000035","E54000025","E00120354","E01023701","E02004926"
"AL5 9BH","AL5  9BH","AL5 9BH","200607","200808","E10000015","E58000626","E07000240","E05013955","E04013284","1","513594","0214185","1","E18000006","E40000007","E92000001","E12000006","5","E14001268","E15000006","E24000005","E30000237","E16000150","E07000240","26UGGF","E00120354","26UGGF","E65000001","E01023701","E02004926","5","6D2","E00120354","E01023701","E02004926","E33024309","E38000079","E63011425","C1","5B1",51.814762,-0.353522,"E37000048","","E23000027",29552,"E56000035","E54000025","E00120354","E01023701","E02004926"
"AL5 9BJ","AL5  9BJ","AL5 9BJ","200607","201207","E10000015","E58000626","E07000240","E05013955","E04013284","1","513594","0214185","1","E18000006","E40000007","E92000001","E12000006","5","E14001268","E15000006","E24000005","E30000237","E16000150","E07000240","26UGGF","E00120354","26UGGF","E65000001","E01023701","E02004926","5","6D2","E00120354","E01023701","E02004926","E33024309","E38000079","E63011425","C1","5B1",51.814762,-0.353522,"E37000048","","E23000027",29552,"E56000035","E54000025","E00120354","E01023701","E02004926"
"AL5 9BL","AL5  9BL","AL5 9BL","200608","200709","E10000015","E58000626","E07000240","E05013955","E04013284","1","513594","0214185","1","E18000006","E40000007","E92000001","E12000006","5","E14001268","E15000006","E24000005","E30000237","E16000150","E07000240","26UGGF","E00120354","26UGGF","E65000001","E01023701","E02004926","5","6D2","E00120354","E01023701","E02004926","E33024309","E38000079","E63011425","C1","5B1",51.814762,-0.353522,"E37000048","","E23000027",29552,"E56000035","E54000025","E00120354","E01023701","E02004926"
"AL5 9BN","AL5  9BN","AL5 9BN","200609","201309","E10000015","E58000626","E07000240","E05013955","E04013284","1","513594","0214185","1","E18000006","E40000007","E92000001","E12000006","5","E14001268","E15000006","E24000005","E30000237","E16000150","E07000240","26UGGF","E00120354","26UGGF","E65000001","E01023701","E02004926","5","6D2","E00120354","E01023701","E02004926","E33024309","E38000079","E63011425","C1","5B1",51.814762,-0.353522,"E37000048","","E23000027",29552,"E56000035","E54000025","E00120354","E01023701","E02004926"
"AL5 9BP","AL5  9BP","AL5 9BP","200610","201210","E10000015","E58000626","E07000240","E05013955","E04013284","1","513594","0214185","1","E18000006","E40000007","E92000001","E12000006","5","E14001268","E15000006","E24000005","E30000237","E16000150","E07000240","26UGGF","E00120354","26UGGF","E65000001","E01023701","E02004926","5","6D2","E00120354","E01023701","E02004926","E33024309","E38000079","E63011425","C1","5B1",51.814762,-0.353522,"E37000048","","E23000027",29552,"E56000035","E54000025","E00120354","E01023701","E02004926"
"AL5 9BQ","AL5  9BQ","AL5 9BQ","200610","200711","E10000015","E58000626","E07000240","E05013955","E04013284","1","513594","0214185","1","E18000006","E40000007","E92000001","E12000006","5","E14001268","E15000006","E24000005","E30000237","E16000150","E07000240","26UGGF","E00120354","26UGGF","E65000001","E01023701","E02004926","5","6D2","E00120354","E01023701","E02004926","E33024309","E38000079","E63011425","C1","5B1",51.814762,-0.353522,"E37000048","","E23000027",29552,"E56000035","E54000025","E00120354","E01023701","E02004926"
"AL5 9BR","AL5  9BR","AL5 9BR","200610","200812","E10000015","E58000626","E07000240","E05013955","E04013284","1","513594","0214185","1","E18000006","E40000007","E92000001","E12000006","5","E14001268","E15000006","E24000005","E30000237","E16000150","E07000240","26UGGF","E00120354","26UGGF","E65000001","E01023701","E02004926","5","6D2","E00120354","E01023701","E02004926","E33024309","E38000079","E63011425","C1","5B1",51.814762,-0.353522,"E37000048","","E23000027",29552,"E56000035","E54000025","E00120354","E01023701","E02004926"
"AL5 9BS","AL5  9BS","AL5 9BS","200611","201512","E10000015","E58000626","E07000240","E05013955","E04013284","1","513594","0214185","1","E18000006","E40000007","E92000001","E12000006","5","E14001268","E15000006","E24000005","E30000237","E16000150","E07000240","26UGGF","E00120354","26UGGF","E65000001","E01023701","E02004926","5","6D2","E00120354","E01023701","E02004926","E33024309","E38000079","E63011425","C1","5B1",51.814762,-0.353522,"E37000048","","E23000027",29552,"E56000035","E54000025","E00120354","E01023701","E02004926"
"AL5 9BT","AL5  9BT","AL5 9BT","200611","201001","E10000015","E58000626","E07000240","E05013955","E04013284","1","513594","0214185","1","E18000006","E40000007","E92000001","E12000006","5","E14001268","E15000006","E24000005","E30000237","E16000150","E07000240","26UGGF","E00120354","26UGGF","E65000001","E01023701","E02004926","5","6D2","E00120354","E01023701","E02004926","E33024309","E38000079","E63011425","C1","5B1",51.814762,-0.353522,"E37000048","","E23000027",29552,"E56000035","E54000025","E00120354","E01023701","E02004926"
"AL5 9BU","AL5  9BU","AL5 9BU","200701","201302","E10000015","E58000626","E07000240","E05013955","E04013284","1","513594","0214185","1","E18000006","E40000007","E92000001","E12000006","5","E14001268","E15000006","E24000005","E30000237","E16000150","E07000240","26UGGF","E00120354","26UGGF","E65000001","E01023701","E02004926","5","6D2","E00120354","E01023701","E02004926","E33024309","E38000079","E63011425","C1","5B1",51.814762,-0.353522,"E37000048","","E23000027",29552,"E56000035","E54000025","E00120354","E01023701","E02004926"
"AL5 9BW","AL5  9BW","AL5 9BW","200701","200902","E10000015","E58000626","E07000240","E05013955","E04013284","1","513594","0214185","1","E18000006","E40000007","E92000001","E12000006","5","E14001268","E15000006","E24000005","E30000237","E16000150","E07000240","26UGGF","E00120354","26UGGF","E65000001","E01023701","E02004926","5","6D2","E00120354","E01023701","E02004926","E33024309","E38000079","E63011425","C1","5B1",51.814762,-0.353522,"E37000048","","E23000027",29552,"E56000035","E54000025","E00120354","E01023701","E02004926"
"AL5 9BX","AL5  9BX","AL5 9BX","200701","200902","E10000015","E58000626","E07000240","E05013955","E04013284","1","513594","0214185","1","E18000006","E40000007","E92000001","E12000006","5","E14001268","E15000006","E24000005","E30000237","E16000150","E07000240","26UGGF","E00120354","26UGGF","E65000001","E01023701","E02004926","5","6D2","E00120354","E01023701","E02004926","E33024309","E38000079","E63011425","C1","5B1",51.814762,-0.353522,"E37000048","","E23000027",29552,"E56000035","E54000025","E00120354","E01023701","E02004926"
"AL5 9BY","AL5  9BY","AL5 9BY","200701","200801","E10000015","E58000626","E07000240","E05013955","E04013284","1","513594","0214185","1","E18000006","E40000007","E92000001","E12000006","5","E14001268","E15000006","E24000005","E30000237","E16000150","E07000240","26UGGF","E00120354","26UGGF","E65000001","E01023701","E02004926","5","6D2","E00120354","E01023701","E02004926","E33024309","E38000079","E63011425","C1","5B1",51.814762,-0.353522,"E37000048","","E23000027",29552,"E56000035","E54000025","E00120354","E01023701","E02004926"
"AL5 9BZ","AL5  9BZ","AL5 9BZ","200701","200708","E10000015","E58000626","E07000240","E05013955","E04013284","1","513594","0214185","1","E18000006","E40000007","E92000001","E12000006","5","E14001268","E15000006","E24000005","E30000237","E16000150","E07000240","26UGGF","E00120354","26UGGF","E65000001","E01023701","E02004926","5","6D2","E00120354","E01023701","E02004926","E33024309","E38000079","E63011425","C1","5B1",51.814762,-0.353522,"E37000048","","E23000027",29552,"E56000035","E54000025","E00120354","E01023701","E02004926"
"AL5 9DA","AL5  9DA","AL5 9DA","200701","200902","E10000015","E58000626","E07000240","E05013955","E04013284","1","513594","0214185","1","E18000006","E40000007","E92000001","E12000006","5","E14001268","E15000006","E24000005","E30000237","E16000150","E07000240","26UGGF","E00120354","26UGGF","E65000001","E01023701","E02004926","5","6D2","E00120354","E01023701","E02004926","E33024309","E38000079","E63011425","C1","5B1",51.814762,-0.353522,"E37000048","","E23000027",29552,"E56000035","E54000025","E00120354","E01023701","E02004926"
"AL5 9DB","AL5  9DB","AL5 9DB","200704","200805","E10000015","E58000626","E07000240","E05013955","E04013284","1","513594","0214185","1","E18000006","E40000007","E92000001","E12000006","5","E14001268","E15000006","E24000005","E30000237","E16000150","E07000240","26UGGF","E00120354","26UGGF","E65000001","E01023701","E02004926","5","6D2","E00120354","E01023701","E02004926","E33024309","E38000079","E63011425","C1","5B1",51.814762,-0.353522,"E37000048","","E23000027",29552,"E56000035","E54000025","E00120354","E01023701","E02004926"
"AL5 9DD","AL5  9DD","AL5 9DD","200704","200905","E10000015","E58000626","E07000240","E05013955","E04013284","1","513594","0214185","1","E18000006","E40000007","E92000001","E12000006","5","E14001268","E15000006","E24000005","E30000237","E16000150","E07000240","26UGGF","E00120354","26UGGF","E65000001","E01023701","E02004926","5","6D2","E00120354","E01023701","E02004926","E33024309","E38000079","E63011425","C1","5B1",51.814762,-0.353522,"E37000048","","E23000027",29552,"E56000035","E54000025","E00120354","E01023701","E02004926"
"AL5 9DE","AL5  9DE","AL5 9DE","200909","201107","E10000015","E58000626","E07000240","E05013955","E04013284","1","513594","0214185","1","E18000006","E40000007","E92000001","E12000006","5","E14001268","E15000006","E24000005","E30000237","E16000150","E07000240","26UGGF","E00120354","26UGGF","E65000001","E01023701","E02004926","5","6D2","E00120354","E01023701","E02004926","E33024309","E38000079","E63011425","C1","5B1",51.814762,-0.353522,"E37000048","","E23000027",29552,"E56000035","E54000025","E00120354","E01023701","E02004926"
"AL5 9DF","AL5  9DF","AL5 9DF","200707","201206","E10000015","E58000626","E07000240","E05013955","E04013284","1","513594","0214185","1","E18000006","E40000007","E92000001","E12000006","5","E14001268","E15000006","E24000005","E30000237","E16000150","E07000240","26UGGF","E00120354","26UGGF","E65000001","E01023701","E02004926","5","6D2","E00120354","E01023701","E02004926","E33024309","E38000079","E63011425","C1","5B1",51.814762,-0.353522,"E37000048","","E23000027",29552,"E56000035","E54000025","E00120354","E01023701","E02004926"
"AL5 9DG","AL5  9DG","AL5 9DG","200707","200807","E10000015","E58000626","E07000240","E05013955","E04013284","1","513594","0214185","1","E18000006","E40000007","E92000001","E12000006","5","E14001268","E15000006","E24000005","E30000237","E16000150","E07000240","26UGGF","E00120354","26UGGF","E65000001","E01023701","E02004926","5","6D2","E00120354","E01023701","E02004926","E33024309","E38000079","E63011425","C1","5B1",51.814762,-0.353522,"E37000048","","E23000027",29552,"E56000035","E54000025","E00120354","E01023701","E02004926"
"AL5 9DH","AL5  9DH","AL5 9DH","200707","200807","E10000015","E58000626","E07000240","E05013955","E04013284","1","513594","0214185","1","E18000006","E40000007","E92000001","E12000006","5","E14001268","E15000006","E24000005","E30000237","E16000150","E07000240","26UGGF","E00120354","26UGGF","E65000001","E01023701","E02004926","5","6D2","E00120354","E01023701","E02004926","E33024309","E38000079","E63011425","C1","5B1",51.814762,-0.353522,"E37000048","","E23000027",29552,"E56000035","E54000025","E00120354","E01023701","E02004926"
"AL5 9DJ","AL5  9DJ","AL5 9DJ","200707","200808","E10000015","E58000626","E07000240","E05013955","E04013284","1","513594","0214185","1","E18000006","E40000007","E92000001","E12000006","5","E14001268","E15000006","E24000005","E30000237","E16000150","E07000240","26UGGF","E00120354","26UGGF","E65000001","E01023701","E02004926","5","6D2","E00120354","E01023701","E02004926","E33024309","E38000079","E63011425","C1","5B1",51.814762,-0.353522,"E37000048","","E23000027",29552,"E56000035","E54000025","E00120354","E01023701","E02004926"
"AL5 9DL","AL5  9DL","AL5 9DL","200707","202208","E10000015","E58000664","E07000240","E05013956","E43000290","1","517321","0206803","1","E18000006","E40000007","E92000001","E12000006","5","E14001507","E15000006","E24000005","E30000237","E16000150","E07000240","26UGFX","E00120196","26UGFX","E65000001","E01023667","E02004936","5","6D1","E00120196","E01023667","E02004936","E33027453","E38000079","E63011552","C1","5A2",51.747650,-0.301973,"E37000048","","E23000027",30628,"E56000035","E54000025","E00120196","E01023667","E02004936"
"AL5 9DN","AL5  9DN","AL5 9DN","200708","200904","E10000015","E58000626","E07000240","E05013955","E04013284","1","513594","0214185","1","E18000006","E40000007","E92000001","E12000006","5","E14001268","E15000006","E24000005","E30000237","E16000150","E07000240","26UGGF","E00120354","26UGGF","E65000001","E01023701","E02004926","5","6D2","E00120354","E01023701","E02004926","E33024309","E38000079","E63011425","C1","5B1",51.814762,-0.353522,"E37000048","","E23000027",29552,"E56000035","E54000025","E00120354","E01023701","E02004926"
"AL5 9DP","AL5  9DP","AL5 9DP","200708","200908","E10000015","E58000626","E07000240","E05013955","E04013284","1","513594","0214185","1","E18000006","E40000007","E92000001","E12000006","5","E14001268","E15000006","E24000005","E30000237","E16000150","E07000240","26UGGF","E00120354","26UGGF","E65000001","E01023701","E02004926","5","6D2","E00120354","E01023701","E02004926","E33024309","E38000079","E63011425","C1","5B1",51.814762,-0.353522,"E37000048","","E23000027",29552,"E56000035","E54000025","E00120354","E01023701","E02004926"
"AL5 9DQ","AL5  9DQ","AL5 9DQ","200708","200809","E10000015","E58000626","E07000240","E05013955","E04013284","1","513594","0214185","1","E18000006","E40000007","E92000001","E12000006","5","E14001268","E15000006","E24000005","E30000237","E16000150","E07000240","26UGGF","E00120354","26UGGF","E65000001","E01023701","E02004926","5","6D2","E00120354","E01023701","E02004926","E33024309","E38000079","E63011425","C1","5B1",51.814762,-0.353522,"E37000048","","E23000027",29552,"E56000035","E54000025","E00120354","E01023701","E02004926"
"AL5 9DR","AL5  9DR","AL5 9DR","200709","200812","E10000015","E58000626","E07000240","E05013955","E04013284","1","513594","0214185","1","E18000006","E40000007","E92000001","E12000006","5","E14001268","E15000006","E24000005","E30000237","E16000150","E07000240","26UGGF","E00120354","26UGGF","E65000001","E01023701","E02004926","5","6D2","E00120354","E01023701","E02004926","E33024309","E38000079","E63011425","C1","5B1",51.814762,-0.353522,"E37000048","","E23000027",29552,"E56000035","E54000025","E00120354","E01023701","E02004926"
"AL5 9DS","AL5  9DS","AL5 9DS","200709","201012","E10000015","E58000626","E07000240","E05013955","E04013284","1","513594","0214185","1","E18000006","E40000007","E92000001","E12000006","5","E14001268","E15000006","E24000005","E30000237","E16000150","E07000240","26UGGF","E00120354","26UGGF","E65000001","E01023701","E02004926","5","6D2","E00120354","E01023701","E02004926","E33024309","E38000079","E63011425","C1","5B1",51.814762,-0.353522,"E37000048","","E23000027",29552,"E56000035","E54000025","E00120354","E01023701","E02004926"
"AL5 9DT","AL5  9DT","AL5 9DT","201001","201012","E10000015","E58000626","E07000240","E05013955","E04013284","1","513594","0214185","1","E18000006","E40000007","E92000001","E12000006","5","E14001268","E15000006","E24000005","E30000237","E16000150","E07000240","26UGGF","E00120354","26UGGF","E65000001","E01023701","E02004926","5","6D2","E00120354","E01023701","E02004926","E33024309","E38000079","E63011425","C1","5B1",51.814762,-0.353522,"E37000048","","E23000027",29552,"E56000035","E54000025","E00120354","E01023701","E02004926"
"AL5 9DU","AL5  9DU","AL5 9DU","200801","201501","E10000015","E58000626","E07000240","E05013955","E04013284","1","513594","0214185","1","E18000006","E40000007","E92000001","E12000006","5","E14001268","E15000006","E24000005","E30000237","E16000150","E07000240","26UGGF","E00120354","26UGGF","E65000001","E01023701","E02004926","5","6D2","E00120354","E01023701","E02004926","E33024309","E38000079","E63011425","C1","5B1",51.814762,-0.353522,"E37000048","","E23000027",29552,"E56000035","E54000025","E00120354","E01023701","E02004926"
"AL5 9DW","AL5  9DW","AL5 9DW","200801","201102","E10000015","E58000626","E07000240","E05013955","E04013284","1","513594","0214185","1","E18000006","E40000007","E92000001","E12000006","5","E14001268","E15000006","E24000005","E30000237","E16000150","E07000240","26UGGF","E00120354","26UGGF","E65000001","E01023701","E02004926","5","6D2","E00120354","E01023701","E02004926","E33024309","E38000079","E63011425","C1","5B1",51.814762,-0.353522,"E37000048","","E23000027",29552,"E56000035","E54000025","E00120354","E01023701","E02004926"
"AL5 9DX","AL5  9DX","AL5 9DX","200802","201203","E10000015","E58000626","E07000240","E05013955","E04013284","1","513594","0214185","1","E18000006","E40000007","E92000001","E12000006","5","E14001268","E15000006","E24000005","E30000237","E16000150","E07000240","26UGGF","E00120354","26UGGF","E65000001","E01023701","E02004926","5","6D2","E00120354","E01023701","E02004926","E33024309","E38000079","E63011425","C1","5B1",51.814762,-0.353522,"E37000048","","E23000027",29552,"E56000035","E54000025","E00120354","E01023701","E02004926"
"AL5 9DY","AL5  9DY","AL5 9DY","200802","201005","E10000015","E58000626","E07000240","E05013955","E04013284","1","513594","0214185","1","E18000006","E40000007","E92000001","E12000006","5","E14001268","E15000006","E24000005","E30000237","E16000150","E07000240","26UGGF","E00120354","26UGGF","E65000001","E01023701","E02004926","5","6D2","E00120354","E01023701","E02004926","E33024309","E38000079","E63011425","C1","5B1",51.814762,-0.353522,"E37000048","","E23000027",29552,"E56000035","E54000025","E00120354","E01023701","E02004926"
"AL5 9DZ","AL5  9DZ","AL5 9DZ","200803","200904","E10000015","E58000626","E07000240","E05013955","E04013284","1","513594","0214185","1","E18000006","E40000007","E92000001","E12000006","5","E14001268","E15000006","E24000005","E30000237","E16000150","E07000240","26UGGF","E00120354","26UGGF","E65000001","E01023701","E02004926","5","6D2","E00120354","E01023701","E02004926","E33024309","E38000079","E63011425","C1","5B1",51.814762,-0.353522,"E37000048","","E23000027",29552,"E56000035","E54000025","E00120354","E01023701","E02004926"
"AL5 9EA","AL5  9EA","AL5 9EA","200805","201005","E10000015","E58000626","E07000240","E05013955","E04013284","1","513594","0214185","1","E18000006","E40000007","E92000001","E12000006","5","E14001268","E15000006","E24000005","E30000237","E16000150","E07000240","26UGGF","E00120354","26UGGF","E65000001","E01023701","E02004926","5","6D2","E00120354","E01023701","E02004926","E33024309","E38000079","E63011425","C1","5B1",51.814762,-0.353522,"E37000048","","E23000027",29552,"E56000035","E54000025","E00120354","E01023701","E02004926"
"AL5 9EB","AL5  9EB","AL5 9EB","200805","200905","E10000015","E58000626","E07000240","E05013955","E04013284","1","513594","0214185","1","E18000006","E40000007","E92000001","E12000006","5","E14001268","E15000006","E24000005","E30000237","E16000150","E07000240","26UGGF","E00120354","26UGGF","E65000001","E01023701","E02004926","5","6D2","E00120354","E01023701","E02004926","E33024309","E38000079","E63011425","C1","5B1",51.814762,-0.353522,"E37000048","","E23000027",29552,"E56000035","E54000025","E00120354","E01023701","E02004926"
"AL5 9ED","AL5  9ED","AL5 9ED","201611","","E10000015","E58000664","E07000240","E05013956","E43000290","1","517321","0206803","1","E18000006","E40000007","E92000001","E12000006","5","E14001507","E15000006","E24000005","E30000237","E16000150","E07000240","26UGFX","E00120196","26UGFX","E65000001","E01023667","E02004936","5","6D1","E00120196","E01023667","E02004936","E33027453","E38000079","E63011552","C1","5A2",51.747655,-0.301949,"E37000048","","E23000027",30628,"E56000035","E54000025","E00120196","E01023667","E02004936"
"AL5 9EE","AL5  9EE","AL5 9EE","200807","201107","E10000015","E58000626","E07000240","E05013955","E04013284","1","513594","0214185","1","E18000006","E40000007","E92000001","E12000006","5","E14001268","E15000006","E24000005","E30000237","E16000150","E07000240","26UGGF","E00120354","26UGGF","E65000001","E01023701","E02004926","5","6D2","E00120354","E01023701","E02004926","E33024309","E38000079","E63011425","C1","5B1",51.814762,-0.353522,"E37000048","","E23000027",29552,"E56000035","E54000025","E00120354","E01023701","E02004926"
"AL5 9EF","AL5  9EF","AL5 9EF","200808","200908","E10000015","E58000626","E07000240","E05013955","E04013284","1","513594","0214185","1","E18000006","E40000007","E92000001","E12000006","5","E14001268","E15000006","E24000005","E30000237","E16000150","E07000240","26UGGF","E00120354","26UGGF","E65000001","E01023701","E02004926","5","6D2","E00120354","E01023701","E02004926","E33024309","E38000079","E63011425","C1","5B1",51.814762,-0.353522,"E37000048","","E23000027",29552,"E56000035","E54000025","E00120354","E01023701","E02004926"
"AL5 9EG","AL5  9EG","AL5 9EG","200808","200908","E10000015","E58000626","E07000240","E05013955","E04013284","1","513594","0214185","1","E18000006","E40000007","E92000001","E12000006","5","E14001268","E15000006","E24000005","E30000237","E16000150","E07000240","26UGGF","E00120354","26UGGF","E65000001","E01023701","E02004926","5","6D2","E00120354","E01023701","E02004926","E33024309","E38000079","E63011425","C1","5B1",51.814762,-0.353522,"E37000048","","E23000027",29552,"E56000035","E54000025","E00120354","E01023701","E02004926"
"AL5 9EH","AL5  9EH","AL5 9EH","200910","201109","E10000015","E58000626","E07000240","E05013955","E04013284","1","513594","0214185","1","E18000006","E40000007","E92000001","E12000006","5","E14001268","E15000006","E24000005","E30000237","E16000150","E07000240","26UGGF","E00120354","26UGGF","E65000001","E01023701","E02004926","5","6D2","E00120354","E01023701","E02004926","E33024309","E38000079","E63011425","C1","5B1",51.814762,-0.353522,"E37000048","","E23000027",29552,"E56000035","E54000025","E00120354","E01023701","E02004926"
"AL5 9EJ","AL5  9EJ","AL5 9EJ","200808","200909","E10000015","E58000626","E07000240","E05013955","E04013284","1","513594","0214185","1","E18000006","E40000007","E92000001","E12000006","5","E14001268","E15000006","E24000005","E30000237","E16000150","E07000240","26UGGF","E00120354","26UGGF","E65000001","E01023701","E02004926","5","6D2","E00120354","E01023701","E02004926","E33024309","E38000079","E63011425","C1","5B1",51.814762,-0.353522,"E37000048","","E23000027",29552,"E56000035","E54000025","E00120354","E01023701","E02004926"
"AL5 9EL","AL5  9EL","AL5 9EL","200809","202011","E10000015","E58000664","E07000240","E05013956","E43000290","1","517321","0206803","1","E18000006","E40000007","E92000001","E12000006","5","E14001507","E15000006","E24000005","E30000237","E16000150","E07000240","26UGFX","E00120196","26UGFX","E65000001","E01023667","E02004936","5","6D1","E00120196","E01023667","E02004936","E33027453","E38000079","E63011552","C1","5A2",51.747650,-0.301973,"E37000048","","E23000027",30628,"E56000035","E54000025","E00120196","E01023667","E02004936"
"AL5 9EN","AL5  9EN","AL5 9EN","200810","200911","E10000015","E58000626","E07000240","E05013955","E04013284","1","513594","0214185","5","E18000006","E40000007","E92000001","E12000006","5","E14001268","E15000006","E24000005","E30000237","E16000150","E07000240","26UGGF","E00120354","26UGGF","E65000001","E01023701","E02004926","5","6D2","E00120354","E01023701","E02004926","E33024309","E38000079","E63011425","C1","5B1",51.814762,-0.353522,"E37000048","","E23000027",29552,"E56000035","E54000025","E00120354","E01023701","E02004926"
"AL5 9EP","AL5  9EP","AL5 9EP","200810","200911","E10000015","E58000626","E07000240","E05013955","E04013284","1","513594","0214185","5","E18000006","E40000007","E92000001","E12000006","5","E14001268","E15000006","E24000005","E30000237","E16000150","E07000240","26UGGF","E00120354","26UGGF","E65000001","E01023701","E02004926","5","6D2","E00120354","E01023701","E02004926","E33024309","E38000079","E63011425","C1","5B1",51.814762,-0.353522,"E37000048","","E23000027",29552,"E56000035","E54000025","E00120354","E01023701","E02004926"
"AL5 9EQ","AL5  9EQ","AL5 9EQ","200810","200911","E10000015","E58000626","E07000240","E05013955","E04013284","1","513594","0214185","5","E18000006","E40000007","E92000001","E12000006","5","E14001268","E15000006","E24000005","E30000237","E16000150","E07000240","26UGGF","E00120354","26UGGF","E65000001","E01023701","E02004926","5","6D2","E00120354","E01023701","E02004926","E33024309","E38000079","E63011425","C1","5B1",51.814762,-0.353522,"E37000048","","E23000027",29552,"E56000035","E54000025","E00120354","E01023701","E02004926"
"AL5 9ER","AL5  9ER","AL5 9ER","202202","202212","E10000015","E58000664","E07000240","E05013956","E43000290","1","517321","0206803","1","E18000006","E40000007","E92000001","E12000006","5","E14001507","E15000006","E24000005","E30000237","E16000150","E07000240","26UGFX","E00120196","26UGFX","E65000001","E01023667","E02004936","5","6D1","E00120196","E01023667","E02004936","E33027453","E38000079","E63011552","C1","5A2",51.747655,-0.301949,"E37000048","","E23000027",30628,"E56000035","E54000025","E00120196","E01023667","E02004936"
"AL5 9ES","AL5  9ES","AL5 9ES","200812","201001","E10000015","E58000626","E07000240","E05013955","E04013284","1","513594","0214185","1","E18000006","E40000007","E92000001","E12000006","5","E14001268","E15000006","E24000005","E30000237","E16000150","E07000240","26UGGF","E00120354","26UGGF","E65000001","E01023701","E02004926","5","6D2","E00120354","E01023701","E02004926","E33024309","E38000079","E63011425","C1","5B1",51.814762,-0.353522,"E37000048","","E23000027",29552,"E56000035","E54000025","E00120354","E01023701","E02004926"
"AL5 9ET","AL5  9ET","AL5 9ET","200901","201105","E10000015","E58000626","E07000240","E05013955","E04013284","1","513594","0214185","1","E18000006","E40000007","E92000001","E12000006","5","E14001268","E15000006","E24000005","E30000237","E16000150","E07000240","26UGGF","E00120354","26UGGF","E65000001","E01023701","E02004926","5","6D2","E00120354","E01023701","E02004926","E33024309","E38000079","E63011425","C1","5B1",51.814762,-0.353522,"E37000048","","E23000027",29552,"E56000035","E54000025","E00120354","E01023701","E02004926"
"AL5 9EU","AL5  9EU","AL5 9EU","201405","","E10000015","E58000664","E07000240","E05013956","E43000290","1","517321","0206803","1","E18000006","E40000007","E92000001","E12000006","5","E14001507","E15000006","E24000005","E30000237","E16000150","E07000240","26UGFX","E00120196","26UGFX","E65000001","E01023667","E02004936","5","6D1","E00120196","E01023667","E02004936","E33027453","E38000079","E63011552","C1","5A2",51.747650,-0.301973,"E37000048","","E23000027",30628,"E56000035","E54000025","E00120196","E01023667","E02004936"
"AL5 9EW","AL5  9EW","AL5 9EW","200902","201902","E10000015","E58000664","E07000240","E05013956","E43000290","1","517321","0206803","1","E18000006","E40000007","E92000001","E12000006","5","E14001507","E15000006","E24000005","E30000237","E16000150","E07000240","26UGFX","E00120196","26UGFX","E65000001","E01023667","E02004936","5","6D1","E00120196","E01023667","E02004936","E33027453","E38000079","E63011552","C1","5A2",51.747650,-0.301973,"E37000048","","E23000027",30628,"E56000035","E54000025","E00120196","E01023667","E02004936"
"AL5 9EX","AL5  9EX","AL5 9EX","200902","201203","E10000015","E58000626","E07000240","E05013955","E04013284","1","513594","0214185","1","E18000006","E40000007","E92000001","E12000006","5","E14001268","E15000006","E24000005","E30000237","E16000150","E07000240","26UGGF","E00120354","26UGGF","E65000001","E01023701","E02004926","5","6D2","E00120354","E01023701","E02004926","E33024309","E38000079","E63011425","C1","5B1",51.814762,-0.353522,"E37000048","","E23000027",29552,"E56000035","E54000025","E00120354","E01023701","E02004926"
"AL5 9EY","AL5  9EY","AL5 9EY","200903","202404","E10000015","E58000664","E07000240","E05013956","E43000290","1","517321","0206803","1","E18000006","E40000007","E92000001","E12000006","5","E14001507","E15000006","E24000005","E30000237","E16000150","E07000240","26UGFX","E00120196","26UGFX","E65000001","E01023667","E02004936","5","6D1","E00120196","E01023667","E02004936","E33027453","E38000079","E63011552","C1","5A2",51.747650,-0.301973,"E37000048","","E23000027",30628,"E56000035","E54000025","E00120196","E01023667","E02004936"
"AL5 9EZ","AL5  9EZ","AL5 9EZ","200905","201405","E10000015","E58000626","E07000240","E05013955","E04013284","1","513594","0214185","1","E18000006","E40000007","E92000001","E12000006","5","E14001268","E15000006","E24000005","E30000237","E16000150","E07000240","26UGGF","E00120354","26UGGF","E65000001","E01023701","E02004926","5","6D2","E00120354","E01023701","E02004926","E33024309","E38000079","E63011425","C1","5B1",51.814762,-0.353522,"E37000048","","E23000027",29552,"E56000035","E54000025","E00120354","E01023701","E02004926"
"AL5 9FA","AL5  9FA","AL5 9FA","202210","202302","E10000015","E58000664","E07000240","E05013956","E43000290","1","517321","0206803","1","E18000006","E40000007","E92000001","E12000006","5","E14001507","E15000006","E24000005","E30000237","E16000150","E07000240","26UGFX","E00120196","26UGFX","E65000001","E01023667","E02004936","5","6D1","E00120196","E01023667","E02004936","E33027453","E38000079","E63011552","C1","5A2",51.747655,-0.301949,"E37000048","","E23000027",30628,"E56000035","E54000025","E00120196","E01023667","E02004936"
"AL5 9FB","AL5  9FB","AL5 9FB","200908","201209","E10000015","E58000626","E07000240","E05013955","E04013284","1","513594","0214185","1","E18000006","E40000007","E92000001","E12000006","5","E14001268","E15000006","E24000005","E30000237","E16000150","E07000240","26UGGF","E00120354","26UGGF","E65000001","E01023701","E02004926","5","6D2","E00120354","E01023701","E02004926","E33024309","E38000079","E63011425","C1","5B1",51.814762,-0.353522,"E37000048","","E23000027",29552,"E56000035","E54000025","E00120354","E01023701","E02004926"
"AL5 9FD","AL5  9FD","AL5 9FD","200909","201010","E10000015","E58000626","E07000240","E05013955","E04013284","1","513594","0214185","1","E18000006","E40000007","E92000001","E12000006","5","E14001268","E15000006","E24000005","E30000237","E16000150","E07000240","26UGGF","E00120354","26UGGF","E65000001","E01023701","E02004926","5","6D2","E00120354","E01023701","E02004926","E33024309","E38000079","E63011425","C1","5B1",51.814762,-0.353522,"E37000048","","E23000027",29552,"E56000035","E54000025","E00120354","E01023701","E02004926"
"AL5 9FE","AL5  9FE","AL5 9FE","200911","201605","E10000015","E58000664","E07000240","E05013956","E43000290","1","517321","0206803","1","E18000006","E40000007","E92000001","E12000006","5","E14001507","E15000006","E24000005","E30000237","E16000150","E07000240","26UGFX","E00120196","26UGFX","E65000001","E01023667","E02004936","5","6D1","E00120196","E01023667","E02004936","E33027453","E38000079","E63011552","C1","5A2",51.747650,-0.301973,"E37000048","","E23000027",30628,"E56000035","E54000025","E00120196","E01023667","E02004936"
"AL5 9FF","AL5  9FF","AL5 9FF","200912","201401","E10000015","E58000626","E07000240","E05013955","E04013284","1","513594","0214185","1","E18000006","E40000007","E92000001","E12000006","5","E14001268","E15000006","E24000005","E30000237","E16000150","E07000240","26UGGF","E00120354","26UGGF","E65000001","E01023701","E02004926","5","6D2","E00120354","E01023701","E02004926","E33024309","E38000079","E63011425","C1","5B1",51.814762,-0.353522,"E37000048","","E23000027",29552,"E56000035","E54000025","E00120354","E01023701","E02004926"
"AL5 9FG","AL5  9FG","AL5 9FG","200912","201101","E10000015","E58000626","E07000240","E05013955","E04013284","1","513594","0214185","1","E18000006","E40000007","E92000001","E12000006","5","E14001268","E15000006","E24000005","E30000237","E16000150","E07000240","26UGGF","E00120354","26UGGF","E65000001","E01023701","E02004926","5","6D2","E00120354","E01023701","E02004926","E33024309","E38000079","E63011425","C1","5B1",51.814762,-0.353522,"E37000048","","E23000027",29552,"E56000035","E54000025","E00120354","E01023701","E02004926"
"AL5 9FH","AL5  9FH","AL5 9FH","201001","201102","E10000015","E58000626","E07000240","E05013955","E04013284","1","513594","0214185","1","E18000006","E40000007","E92000001","E12000006","5","E14001268","E15000006","E24000005","E30000237","E16000150","E07000240","26UGGF","E00120354","26UGGF","E65000001","E01023701","E02004926","5","6D2","E00120354","E01023701","E02004926","E33024309","E38000079","E63011425","C1","5B1",51.814762,-0.353522,"E37000048","","E23000027",29552,"E56000035","E54000025","E00120354","E01023701","E02004926"
"AL5 9FJ","AL5  9FJ","AL5 9FJ","201002","201203","E10000015","E58000626","E07000240","E05013955","E04013284","1","513594","0214185","1","E18000006","E40000007","E92000001","E12000006","5","E14001268","E15000006","E24000005","E30000237","E16000150","E07000240","26UGGF","E00120354","26UGGF","E65000001","E01023701","E02004926","5","6D2","E00120354","E01023701","E02004926","E33024309","E38000079","E63011425","C1","5B1",51.814762,-0.353522,"E37000048","","E23000027",29552,"E56000035","E54000025","E00120354","E01023701","E02004926"
"AL5 9FL","AL5  9FL","AL5 9FL","201205","201209","E10000015","E58000626","E07000240","E05013955","E04013284","1","513594","0214185","1","E18000006","E40000007","E92000001","E12000006","5","E14001268","E15000006","E24000005","E30000237","E16000150","E07000240","26UGGF","E00120354","26UGGF","E65000001","E01023701","E02004926","5","6D2","E00120354","E01023701","E02004926","E33024309","E38000079","E63011425","C1","5B1",51.814762,-0.353522,"E37000048","","E23000027",29552,"E56000035","E54000025","E00120354","E01023701","E02004926"
"AL5 9FN","AL5  9FN","AL5 9FN","201003","201105","E10000015","E58000626","E07000240","E05013955","E04013284","1","513594","0214185","1","E18000006","E40000007","E92000001","E12000006","5","E14001268","E15000006","E24000005","E30000237","E16000150","E07000240","26UGGF","E00120354","26UGGF","E65000001","E01023701","E02004926","5","6D2","E00120354","E01023701","E02004926","E33024309","E38000079","E63011425","C1","5B1",51.814762,-0.353522,"E37000048","","E23000027",29552,"E56000035","E54000025","E00120354","E01023701","E02004926"
"AL5 9FP","AL5  9FP","AL5 9FP","201005","","E10000015","E58000664","E07000240","E05013956","E43000290","1","517321","0206803","1","E18000006","E40000007","E92000001","E12000006","5","E14001507","E15000006","E24000005","E30000237","E16000150","E07000240","26UGFX","E00120196","26UGFX","E65000001","E01023667","E02004936","5","6D1","E00120196","E01023667","E02004936","E33027453","E38000079","E63011552","C1","5A2",51.747650,-0.301973,"E37000048","","E23000027",30628,"E56000035","E54000025","E00120196","E01023667","E02004936"
"AL5 9FQ","AL5  9FQ","AL5 9FQ","201005","201811","E10000015","E58000664","E07000240","E05013956","E43000290","1","517321","0206803","1","E18000006","E40000007","E92000001","E12000006","5","E14001507","E15000006","E24000005","E30000237","E16000150","E07000240","26UGFX","E00120196","26UGFX","E65000001","E01023667","E02004936","5","6D1","E00120196","E01023667","E02004936","E33027453","E38000079","E63011552","C1","5A2",51.747650,-0.301973,"E37000048","","E23000027",30628,"E56000035","E54000025","E00120196","E01023667","E02004936"
"AL5 9FR","AL5  9FR","AL5 9FR","201007","201108","E10000015","E58000626","E07000240","E05013955","E04013284","1","513594","0214185","1","E18000006","E40000007","E92000001","E12000006","5","E14001268","E15000006","E24000005","E30000237","E16000150","E07000240","26UGGF","E00120354","26UGGF","E65000001","E01023701","E02004926","5","6D2","E00120354","E01023701","E02004926","E33024309","E38000079","E63011425","C1","5B1",51.814762,-0.353522,"E37000048","","E23000027",29552,"E56000035","E54000025","E00120354","E01023701","E02004926"
"AL5 9FS","AL5  9FS","AL5 9FS","201008","201110","E10000015","E58000626","E07000240","E05013955","E04013284","1","513594","0214185","1","E18000006","E40000007","E92000001","E12000006","5","E14001268","E15000006","E24000005","E30000237","E16000150","E07000240","26UGGF","E00120354","26UGGF","E65000001","E01023701","E02004926","5","6D2","E00120354","E01023701","E02004926","E33024309","E38000079","E63011425","C1","5B1",51.814762,-0.353522,"E37000048","","E23000027",29552,"E56000035","E54000025","E00120354","E01023701","E02004926"
"AL5 9FT","AL5  9FT","AL5 9FT","201009","201204","E10000015","E58000626","E07000240","E05013955","E04013284","1","513594","0214185","1","E18000006","E40000007","E92000001","E12000006","5","E14001268","E15000006","E24000005","E30000237","E16000150","E07000240","26UGGF","E00120354","26UGGF","E65000001","E01023701","E02004926","5","6D2","E00120354","E01023701","E02004926","E33024309","E38000079","E63011425","C1","5B1",51.814762,-0.353522,"E37000048","","E23000027",29552,"E56000035","E54000025","E00120354","E01023701","E02004926"
"AL5 9FU","AL5  9FU","AL5 9FU","201010","201411","E10000015","E58000626","E07000240","E05013955","E04013284","1","513594","0214185","1","E18000006","E40000007","E92000001","E12000006","5","E14001268","E15000006","E24000005","E30000237","E16000150","E07000240","26UGGF","E00120354","26UGGF","E65000001","E01023701","E02004926","5","6D2","E00120354","E01023701","E02004926","E33024309","E38000079","E63011425","C1","5B1",51.814762,-0.353522,"E37000048","","E23000027",29552,"E56000035","E54000025","E00120354","E01023701","E02004926"
"AL5 9FW","AL5  9FW","AL5 9FW","201011","","E10000015","E58000664","E07000240","E05013956","E43000290","1","517321","0206803","1","E18000006","E40000007","E92000001","E12000006","5","E14001507","E15000006","E24000005","E30000237","E16000150","E07000240","26UGFX","E00120196","26UGFX","E65000001","E01023667","E02004936","5","6D1","E00120196","E01023667","E02004936","E33027453","E38000079","E63011552","C1","5A2",51.747650,-0.301973,"E37000048","","E23000027",30628,"E56000035","E54000025","E00120196","E01023667","E02004936"
"AL5 9FX","AL5  9FX","AL5 9FX","201011","","E10000015","E58000664","E07000240","E05013956","E43000290","1","517321","0206803","1","E18000006","E40000007","E92000001","E12000006","5","E14001507","E15000006","E24000005","E30000237","E16000150","E07000240","26UGFX","E00120196","26UGFX","E65000001","E01023667","E02004936","5","6D1","E00120196","E01023667","E02004936","E33027453","E38000079","E63011552","C1","5A2",51.747650,-0.301973,"E37000048","","E23000027",30628,"E56000035","E54000025","E00120196","E01023667","E02004936"
"AL5 9FY","AL5  9FY","AL5 9FY","201011","","E10000015","E58000664","E07000240","E05013956","E43000290","1","517321","0206803","1","E18000006","E40000007","E92000001","E12000006","5","E14001507","E15000006","E24000005","E30000237","E16000150","E07000240","26UGFX","E00120196","26UGFX","E65000001","E01023667","E02004936","5","6D1","E00120196","E01023667","E02004936","E33027453","E38000079","E63011552","C1","5A2",51.747650,-0.301973,"E37000048","","E23000027",30628,"E56000035","E54000025","E00120196","E01023667","E02004936"
"AL5 9FZ","AL5  9FZ","AL5 9FZ","201011","","E10000015","E58000664","E07000240","E05013956","E43000290","1","517321","0206803","1","E18000006","E40000007","E92000001","E12000006","5","E14001507","E15000006","E24000005","E30000237","E16000150","E07000240","26UGFX","E00120196","26UGFX","E65000001","E01023667","E02004936","5","6D1","E00120196","E01023667","E02004936","E33027453","E38000079","E63011552","C1","5A2",51.747650,-0.301973,"E37000048","","E23000027",30628,"E56000035","E54000025","E00120196","E01023667","E02004936"
"AL5 9GA","AL5  9GA","AL5 9GA","201012","201307","E10000015","E58000626","E07000240","E05013955","E04013284","1","513594","0214185","1","E18000006","E40000007","E92000001","E12000006","5","E14001268","E15000006","E24000005","E30000237","E16000150","E07000240","26UGGF","E00120354","26UGGF","E65000001","E01023701","E02004926","5","6D2","E00120354","E01023701","E02004926","E33024309","E38000079","E63011425","C1","5B1",51.814762,-0.353522,"E37000048","","E23000027",29552,"E56000035","E54000025","E00120354","E01023701","E02004926"
"AL5 9GB","AL5  9GB","AL5 9GB","201103","201204","E10000015","E58000626","E07000240","E05013955","E04013284","1","513594","0214185","1","E18000006","E40000007","E92000001","E12000006","5","E14001268","E15000006","E24000005","E30000237","E16000150","E07000240","26UGGF","E00120354","26UGGF","E65000001","E01023701","E02004926","5","6D2","E00120354","E01023701","E02004926","E33024309","E38000079","E63011425","C1","5B1",51.814762,-0.353522,"E37000048","","E23000027",29552,"E56000035","E54000025","E00120354","E01023701","E02004926"
"AL5 9GD","AL5  9GD","AL5 9GD","201105","201305","E10000015","E58000626","E07000240","E05013955","E04013284","1","513594","0214185","1","E18000006","E40000007","E92000001","E12000006","5","E14001268","E15000006","E24000005","E30000237","E16000150","E07000240","26UGGF","E00120354","26UGGF","E65000001","E01023701","E02004926","5","6D2","E00120354","E01023701","E02004926","E33024309","E38000079","E63011425","C1","5B1",51.814762,-0.353522,"E37000048","","E23000027",29552,"E56000035","E54000025","E00120354","E01023701","E02004926"
"AL5 9GE","AL5  9GE","AL5 9GE","201105","201206","E10000015","E58000626","E07000240","E05013955","E04013284","1","513594","0214185","1","E18000006","E40000007","E92000001","E12000006","5","E14001268","E15000006","E24000005","E30000237","E16000150","E07000240","26UGGF","E00120354","26UGGF","E65000001","E01023701","E02004926","5","6D2","E00120354","E01023701","E02004926","E33024309","E38000079","E63011425","C1","5B1",51.814762,-0.353522,"E37000048","","E23000027",29552,"E56000035","E54000025","E00120354","E01023701","E02004926"
"AL5 9GF","AL5  9GF","AL5 9GF","201107","201307","E10000015","E58000626","E07000240","E05013955","E04013284","1","513594","0214185","1","E18000006","E40000007","E92000001","E12000006","5","E14001268","E15000006","E24000005","E30000237","E16000150","E07000240","26UGGF","E00120354","26UGGF","E65000001","E01023701","E02004926","5","6D2","E00120354","E01023701","E02004926","E33024309","E38000079","E63011425","C1","5B1",51.814762,-0.353522,"E37000048","","E23000027",29552,"E56000035","E54000025","E00120354","E01023701","E02004926"
"AL5 9GG","AL5  9GG","AL5 9GG","201108","201208","E10000015","E58000626","E07000240","E05013955","E04013284","1","513594","0214185","1","E18000006","E40000007","E92000001","E12000006","5","E14001268","E15000006","E24000005","E30000237","E16000150","E07000240","26UGGF","E00120354","26UGGF","E65000001","E01023701","E02004926","5","6D2","E00120354","E01023701","E02004926","E33024309","E38000079","E63011425","C1","5B1",51.814762,-0.353522,"E37000048","","E23000027",29552,"E56000035","E54000025","E00120354","E01023701","E02004926"
"AL5 9GH","AL5  9GH","AL5 9GH","201205","201301","E10000015","E58000626","E07000240","E05013955","E04013284","1","513594","0214185","1","E18000006","E40000007","E92000001","E12000006","5","E14001268","E15000006","E24000005","E30000237","E16000150","E07000240","26UGGF","E00120354","26UGGF","E65000001","E01023701","E02004926","5","6D2","E00120354","E01023701","E02004926","E33024309","E38000079","E63011425","C1","5B1",51.814762,-0.353522,"E37000048","","E23000027",29552,"E56000035","E54000025","E00120354","E01023701","E02004926"
"AL5 9GJ","AL5  9GJ","AL5 9GJ","201109","201204","E10000015","E58000626","E07000240","E05013955","E04013284","1","513594","0214185","1","E18000006","E40000007","E92000001","E12000006","5","E14001268","E15000006","E24000005","E30000237","E16000150","E07000240","26UGGF","E00120354","26UGGF","E65000001","E01023701","E02004926","5","6D2","E00120354","E01023701","E02004926","E33024309","E38000079","E63011425","C1","5B1",51.814762,-0.353522,"E37000048","","E23000027",29552,"E56000035","E54000025","E00120354","E01023701","E02004926"
"AL5 9GL","AL5  9GL","AL5 9GL","201109","201210","E10000015","E58000626","E07000240","E05013955","E04013284","1","513594","0214185","1","E18000006","E40000007","E92000001","E12000006","5","E14001268","E15000006","E24000005","E30000237","E16000150","E07000240","26UGGF","E00120354","26UGGF","E65000001","E01023701","E02004926","5","6D2","E00120354","E01023701","E02004926","E33024309","E38000079","E63011425","C1","5B1",51.814762,-0.353522,"E37000048","","E23000027",29552,"E56000035","E54000025","E00120354","E01023701","E02004926"
"AL5 9GN","AL5  9GN","AL5 9GN","201112","","E10000015","E58000664","E07000240","E05013956","E43000290","1","517321","0206803","1","E18000006","E40000007","E92000001","E12000006","5","E14001507","E15000006","E24000005","E30000237","E16000150","E07000240","26UGFX","E00120196","26UGFX","E65000001","E01023667","E02004936","5","6D1","E00120196","E01023667","E02004936","E33027453","E38000079","E63011552","C1","5A2",51.747650,-0.301973,"E37000048","","E23000027",30628,"E56000035","E54000025","E00120196","E01023667","E02004936"
"AL5 9GP","AL5  9GP","AL5 9GP","201204","201305","E10000015","E58000626","E07000240","E05013955","E04013284","1","513594","0214185","1","E18000006","E40000007","E92000001","E12000006","5","E14001268","E15000006","E24000005","E30000237","E16000150","E07000240","26UGGF","E00120354","26UGGF","E65000001","E01023701","E02004926","5","6D2","E00120354","E01023701","E02004926","E33024309","E38000079","E63011425","C1","5B1",51.814762,-0.353522,"E37000048","","E23000027",29552,"E56000035","E54000025","E00120354","E01023701","E02004926"
"AL5 9GQ","AL5  9GQ","AL5 9GQ","201206","201412","E10000015","E58000626","E07000240","E05013955","E04013284","1","513594","0214185","1","E18000006","E40000007","E92000001","E12000006","5","E14001268","E15000006","E24000005","E30000237","E16000150","E07000240","26UGGF","E00120354","26UGGF","E65000001","E01023701","E02004926","5","6D2","E00120354","E01023701","E02004926","E33024309","E38000079","E63011425","C1","5B1",51.814762,-0.353522,"E37000048","","E23000027",29552,"E56000035","E54000025","E00120354","E01023701","E02004926"
"AL5 9GR","AL5  9GR","AL5 9GR","201206","201607","E10000015","E58000664","E07000240","E05013956","E43000290","1","517321","0206803","1","E18000006","E40000007","E92000001","E12000006","5","E14001507","E15000006","E24000005","E30000237","E16000150","E07000240","26UGFX","E00120196","26UGFX","E65000001","E01023667","E02004936","5","6D1","E00120196","E01023667","E02004936","E33027453","E38000079","E63011552","C1","5A2",51.747650,-0.301973,"E37000048","","E23000027",30628,"E56000035","E54000025","E00120196","E01023667","E02004936"
"AL5 9GS","AL5  9GS","AL5 9GS","201207","201304","E10000015","E58000626","E07000240","E05013955","E04013284","1","513594","0214185","1","E18000006","E40000007","E92000001","E12000006","5","E14001268","E15000006","E24000005","E30000237","E16000150","E07000240","26UGGF","E00120354","26UGGF","E65000001","E01023701","E02004926","5","6D2","E00120354","E01023701","E02004926","E33024309","E38000079","E63011425","C1","5B1",51.814762,-0.353522,"E37000048","","E23000027",29552,"E56000035","E54000025","E00120354","E01023701","E02004926"
"AL5 9GT","AL5  9GT","AL5 9GT","201209","201410","E10000015","E58000626","E07000240","E05013955","E04013284","1","513594","0214185","1","E18000006","E40000007","E92000001","E12000006","5","E14001268","E15000006","E24000005","E30000237","E16000150","E07000240","26UGGF","E00120354","26UGGF","E65000001","E01023701","E02004926","5","6D2","E00120354","E01023701","E02004926","E33024309","E38000079","E63011425","C1","5B1",51.814762,-0.353522,"E37000048","","E23000027",29552,"E56000035","E54000025","E00120354","E01023701","E02004926"
"AL5 9GU","AL5  9GU","AL5 9GU","201303","202104","E10000015","E58000664","E07000240","E05013956","E43000290","1","517321","0206803","1","E18000006","E40000007","E92000001","E12000006","5","E14001507","E15000006","E24000005","E30000237","E16000150","E07000240","26UGFX","E00120196","26UGFX","E65000001","E01023667","E02004936","5","6D1","E00120196","E01023667","E02004936","E33027453","E38000079","E63011552","C1","5A2",51.747650,-0.301973,"E37000048","","E23000027",30628,"E56000035","E54000025","E00120196","E01023667","E02004936"
"AL5 9GW","AL5  9GW","AL5 9GW","201310","201811","E10000015","E58000664","E07000240","E05013956","E43000290","1","517321","0206803","1","E18000006","E40000007","E92000001","E12000006","5","E14001507","E15000006","E24000005","E30000237","E16000150","E07000240","26UGFX","E00120196","26UGFX","E65000001","E01023667","E02004936","5","6D1","E00120196","E01023667","E02004936","E33027453","E38000079","E63011552","C1","5A2",51.747650,-0.301973,"E37000048","","E23000027",30628,"E56000035","E54000025","E00120196","E01023667","E02004936"
"AL5 9GX","AL5  9GX","AL5 9GX","201311","201912","E10000015","E58000664","E07000240","E05013956","E43000290","1","517321","0206803","1","E18000006","E40000007","E92000001","E12000006","5","E14001507","E15000006","E24000005","E30000237","E16000150","E07000240","26UGFX","E00120196","26UGFX","E65000001","E01023667","E02004936","5","6D1","E00120196","E01023667","E02004936","E33027453","E38000079","E63011552","C1","5A2",51.747650,-0.301973,"E37000048","","E23000027",30628,"E56000035","E54000025","E00120196","E01023667","E02004936"
"AL5 9GY","AL5  9GY","AL5 9GY","201312","201501","E10000015","E58000664","E07000240","E05013956","E43000290","1","517328","0206823","1","E18000006","E40000007","E92000001","E12000006","5","E14001507","E15000006","E24000005","E30000237","E16000150","E07000240","26UGFX","E00120196","26UGFX","E65000001","E01023667","E02004936","5","6D1","E00120196","E01023667","E02004936","E33027453","E38000079","E63011552","C1","5A2",51.747828,-0.301865,"E37000048","","E23000027",30628,"E56000035","E54000025","E00120196","E01023667","E02004936"
"AL5 9GZ","AL5  9GZ","AL5 9GZ","201404","","E10000015","E58000664","E07000240","E05013956","E43000290","1","517321","0206803","1","E18000006","E40000007","E92000001","E12000006","5","E14001507","E15000006","E24000005","E30000237","E16000150","E07000240","26UGFX","E00120196","26UGFX","E65000001","E01023667","E02004936","5","6D1","E00120196","E01023667","E02004936","E33027453","E38000079","E63011552","C1","5A2",51.747650,-0.301973,"E37000048","","E23000027",30628,"E56000035","E54000025","E00120196","E01023667","E02004936"
"AL5 9HA","AL5  9HA","AL5 9HA","201409","201704","E10000015","E58000664","E07000240","E05013956","E43000290","1","517321","0206803","1","E18000006","E40000007","E92000001","E12000006","5","E14001507","E15000006","E24000005","E30000237","E16000150","E07000240","26UGFX","E00120196","26UGFX","E65000001","E01023667","E02004936","5","6D1","E00120196","E01023667","E02004936","E33027453","E38000079","E63011552","C1","5A2",51.747650,-0.301973,"E37000048","","E23000027",30628,"E56000035","E54000025","E00120196","E01023667","E02004936"
"AL5 9HB","AL5  9HB","AL5 9HB","201501","201506","E10000015","E58000664","E07000240","E05013956","E43000290","1","517328","0206823","1","E18000006","E40000007","E92000001","E12000006","5","E14001507","E15000006","E24000005","E30000237","E16000150","E07000240","26UGFX","E00120196","26UGFX","E65000001","E01023667","E02004936","5","6D1","E00120196","E01023667","E02004936","E33027453","E38000079","E63011552","C1","5A2",51.747828,-0.301865,"E37000048","","E23000027",30628,"E56000035","E54000025","E00120196","E01023667","E02004936"
"AL5 9HD","AL5  9HD","AL5 9HD","201504","201510","E10000015","E58000664","E07000240","E05013956","E43000290","1","517328","0206823","1","E18000006","E40000007","E92000001","E12000006","5","E14001507","E15000006","E24000005","E30000237","E16000150","E07000240","26UGFX","E00120196","26UGFX","E65000001","E01023667","E02004936","5","6D1","E00120196","E01023667","E02004936","E33027453","E38000079","E63011552","C1","5A2",51.747828,-0.301865,"E37000048","","E23000027",30628,"E56000035","E54000025","E00120196","E01023667","E02004936"
"AL5 9HE","AL5  9HE","AL5 9HE","201509","201603","E10000015","E58000664","E07000240","E05013956","E43000290","1","517321","0206803","1","E18000006","E40000007","E92000001","E12000006","5","E14001507","E15000006","E24000005","E30000237","E16000150","E07000240","26UGFX","E00120196","26UGFX","E65000001","E01023667","E02004936","5","6D1","E00120196","E01023667","E02004936","E33027453","E38000079","E63011552","C1","5A2",51.747650,-0.301973,"E37000048","","E23000027",30628,"E56000035","E54000025","E00120196","E01023667","E02004936"
"AL5 9HF","AL5  9HF","AL5 9HF","201511","201605","E10000015","E58000664","E07000240","E05013956","E43000290","1","517321","0206803","1","E18000006","E40000007","E92000001","E12000006","5","E14001507","E15000006","E24000005","E30000237","E16000150","E07000240","26UGFX","E00120196","26UGFX","E65000001","E01023667","E02004936","5","6D1","E00120196","E01023667","E02004936","E33027453","E38000079","E63011552","C1","5A2",51.747650,-0.301973,"E37000048","","E23000027",30628,"E56000035","E54000025","E00120196","E01023667","E02004936"
"AL5 9HG","AL5  9HG","AL5 9HG","201512","201607","E10000015","E58000664","E07000240","E05013956","E43000290","1","517321","0206803","1","E18000006","E40000007","E92000001","E12000006","5","E14001507","E15000006","E24000005","E30000237","E16000150","E07000240","26UGFX","E00120196","26UGFX","E65000001","E01023667","E02004936","5","6D1","E00120196","E01023667","E02004936","E33027453","E38000079","E63011552","C1","5A2",51.747650,-0.301973,"E37000048","","E23000027",30628,"E56000035","E54000025","E00120196","E01023667","E02004936"
"AL5 9HH","AL5  9HH","AL5 9HH","201602","202404","E10000015","E58000664","E07000240","E05013956","E43000290","1","517321","0206803","1","E18000006","E40000007","E92000001","E12000006","5","E14001507","E15000006","E24000005","E30000237","E16000150","E07000240","26UGFX","E00120196","26UGFX","E65000001","E01023667","E02004936","5","6D1","E00120196","E01023667","E02004936","E33027453","E38000079","E63011552","C1","5A2",51.747650,-0.301973,"E37000048","","E23000027",30628,"E56000035","E54000025","E00120196","E01023667","E02004936"
"AL5 9HJ","AL5  9HJ","AL5 9HJ","201607","201802","E10000015","E58000664","E07000240","E05013956","E43000290","1","517321","0206803","1","E18000006","E40000007","E92000001","E12000006","5","E14001507","E15000006","E24000005","E30000237","E16000150","E07000240","26UGFX","E00120196","26UGFX","E65000001","E01023667","E02004936","5","6D1","E00120196","E01023667","E02004936","E33027453","E38000079","E63011552","C1","5A2",51.747650,-0.301973,"E37000048","","E23000027",30628,"E56000035","E54000025","E00120196","E01023667","E02004936"
"AL5 9HN","AL5  9HN","AL5 9HN","201812","202108","E10000015","E58000664","E07000240","E05013956","E43000290","1","517321","0206803","1","E18000006","E40000007","E92000001","E12000006","5","E14001507","E15000006","E24000005","E30000237","E16000150","E07000240","26UGFX","E00120196","26UGFX","E65000001","E01023667","E02004936","5","6D1","E00120196","E01023667","E02004936","E33027453","E38000079","E63011552","C1","5A2",51.747655,-0.301949,"E37000048","","E23000027",30628,"E56000035","E54000025","E00120196","E01023667","E02004936"
"AL5 9ZZ","AL5  9ZZ","AL5 9ZZ","200411","200504","","","","","","1","","","9","","","E92000001",""," ","","","","","","","","","","","",""," ","","","","","","","","","",99.999999,0.000000,"","","",0,"","","","",""
"AL6 0AA","AL6  0AA","AL6 0AA","200208","","E10000015","E58000638","E07000242","E05015368","E04004752","0","525621","0214551","1","E18000006","E40000007","E92000001","E12000006","5","E14001393","E15000006","E24000005","E30000272","E16000150","E07000242","26UDGY","E00119295","26UDGY","E65000001","E01023486","E02004887","5","4A2","E00119295","E01023486","E02004887","E33027219","E38000049","","E1","6B2",51.815480,-0.179007,"E37000048","","E23000027",24565,"E56000035","E54000025","E00119295","E01023486","E02004887"
"AL6 0AB","AL6  0AB","AL6 0AB","198001","","E10000015","E58000638","E07000242","E05015368","E04004752","0","525620","0214628","1","E18000006","E40000007","E92000001","E12000006","5","E14001393","E15000006","E24000005","E30000272","E16000150","E07000242","26UDGY","E00119295","26UDGY","E65000001","E01023486","E02004887","5","4A2","E00119295","E01023486","E02004887","E33027219","E38000049","","E1","6B2",51.816172,-0.178993,"E37000048","","E23000027",24565,"E56000035","E54000025","E00119295","E01023486","E02004887"
"AL6 0AD","AL6  0AD","AL6 0AD","198001","","E10000015","E58000675","E07000241","E05011072","E04004822","0","524778","0215023","1","E18000006","E40000007","E92000001","E12000006","5","E14001573","E15000006","E24000005","E30000272","E16000150","E07000241","26ULHB","E00121709","26ULHB","E65000001","E01023971","E02004980","5","4A2","E00121709","E01023971","E02004980","E33027624","E38000049","E63011463","C1","6A1",51.819917,-0.191035,"E37000048","","E23000027",32577,"E56000035","E54000025","E00121709","E01023971","E02004980"
"AL6 0AE","AL6  0AE","AL6 0AE","198001","","E10000015","E58000675","E07000241","E05011072","E04004822","0","524755","0215239","1","E18000006","E40000007","E92000001","E12000006","5","E14001573","E15000006","E24000005","E30000272","E16000150","E07000241","26ULHB","E00121708","26ULHB","E65000001","E01023971","E02004980","5","4D1","E00121708","E01023971","E02004980","E33027624","E38000049","E63011463","C1","6A1",51.821863,-0.191291,"E37000048","","E23000027",32577,"E56000035","E54000025","E00121708","E01023971","E02004980"
"AL6 0AF","AL6  0AF","AL6 0AF","199612","199906","E10000015","E58000675","E07000241","E05011072","E04004822","1","525613","0216460","6","E18000006","E40000007","E92000001","E12000006","5","E14001573","E15000006","E24000005","E30000272","E16000150","E07000241","26ULHB","E00121718","26ULHB","E65000001","E01023971","E02004980","5","4B3","E00121718","E01023971","E02004980","E33027624","E38000049","E63011407","C1","6A1",51.832637,-0.178431,"E37000048","","E23000027",32577,"E56000035","E54000025","E00121718","E01023971","E02004980"
"AL6 0AG","AL6  0AG","AL6 0AG","198001","","E10000015","E58000675","E07000241","E05011072","E04004822","0","524817","0215249","1","E18000006","E40000007","E92000001","E12000006","5","E14001573","E15000006","E24000005","E30000272","E16000150","E07000241","26ULHB","E00121709","26ULHB","E65000001","E01023971","E02004980","5","4A2","E00121709","E01023971","E02004980","E33027624","E38000049","E63011463","C1","6A1",51.821939,-0.190388,"E37000048","","E23000027",32577,"E56000035","E54000025","E00121709","E01023971","E02004980"
"AL6 0AH","AL6  0AH","AL6 0AH","198001","","E10000015","E58000675","E07000241","E05011072","E04004822","0","525015","0215545","1","E18000006","E40000007","E92000001","E12000006","5","E14001573","E15000006","E24000005","E30000272","E16000150","E07000241","26ULHB","E00121708","26ULHB","E65000001","E01023971","E02004980","5","4D1","E00121708","E01023971","E02004980","E33027624","E38000049","E63011463","C1","6A1",51.824555,-0.187410,"E37000048","","E23000027",32577,"E56000035","E54000025","E00121708","E01023971","E02004980"
"AL6 0AJ","AL6  0AJ","AL6 0AJ","198001","","E10000015","E58000675","E07000241","E05011072","E04004822","0","525201","0215595","1","E18000006","E40000007","E92000001","E12000006","5","E14001573","E15000006","E24000005","E30000272","E16000150","E07000241","26ULHB","E00121718","26ULHB","E65000001","E01023971","E02004980","5","4B3","E00121718","E01023971","E02004980","E33027624","E38000049","E63011463","C1","6A1",51.824963,-0.184695,"E37000048","","E23000027",32577,"E56000035","E54000025","E00121718","E01023971","E02004980"
"AL6 0AL","AL6  0AL","AL6 0AL","198001","","E10000015","E58000675","E07000241","E05011072","E04004822","0","525246","0215865","1","E18000006","E40000007","E92000001","E12000006","5","E14001573","E15000006","E24000005","E30000272","E16000150","E07000241","26ULHB","E00121718","26ULHB","E65000001","E01023971","E02004980","5","4B3","E00121718","E01023971","E02004980","E33027624","E38000049","E63011463","C1","6A1",51.827407,-0.184031,"E37000048","","E23000027",32577,"E56000035","E54000025","E00121718","E01023971","E02004980"
"AL6 0AN","AL6  0AN","AL6 0AN","198001","","E10000015","E58000675","E07000241","E05011072","E04004822","0","525322","0215841","1","E18000006","E40000007","E92000001","E12000006","5","E14001573","E15000006","E24000005","E30000272","E16000150","E07000241","26ULHB","E00121718","26ULHB","E65000001","E01023971","E02004980","5","4B3","E00121718","E01023971","E02004980","E33027624","E38000049","E63011463","C1","6A1",51.827139,-0.182876,"E37000048","","E23000027",32577,"E56000035","E54000025","E00121718","E01023971","E02004980"
"AL6 0AP","AL6  0AP","AL6 0AP","198001","","E10000015","E58000675","E07000241","E05011072","E04004822","0","525110","0216023","1","E18000006","E40000007","E92000001","E12000006","5","E14001573","E15000006","E24000005","E30000272","E16000150","E07000241","26ULHB","E00121718","26ULHB","E65000001","E01023971","E02004980","5","4B3","E00121718","E01023971","E02004980","E33027624","E38000049","E63011463","C1","6A1",51.828829,-0.185860,"E37000048","","E23000027",32577,"E56000035","E54000025","E00121718","E01023971","E02004980"
"AL6 0AQ","AL6  0AQ","AL6 0AQ","198001","","E10000015","E58000675","E07000241","E05011072","E04004822","0","524961","0215636","1","E18000006","E40000007","E92000001","E12000006","5","E14001573","E15000006","E24000005","E30000272","E16000150","E07000241","26ULHB","E00121708","26ULHB","E65000001","E01023971","E02004980","5","4D1","E00121708","E01023971","E02004980","E33027624","E38000049","E63011463","C1","6A1",51.825385,-0.188161,"E37000048","","E23000027",32577,"E56000035","E54000025","E00121708","E01023971","E02004980"
"AL6 0AR","AL6  0AR","AL6 0AR","198001","","E10000015","E58000675","E07000241","E05011072","E04004822","0","524889","0215945","1","E18000006","E40000007","E92000001","E12000006","5","E14001573","E15000006","E24000005","E30000272","E16000150","E07000241","26ULHB","E00121708","26ULHB","E65000001","E01023971","E02004980","5","4D1","E00121708","E01023971","E02004980","E33027624","E38000049","E63011463","C1","6A1",51.828178,-0.189094,"E37000048","","E23000027",32577,"E56000035","E54000025","E00121708","E01023971","E02004980"
"AL6 0AS","AL6  0AS","AL6 0AS","198001","","E10000015","E58000675","E07000241","E05011072","E04004822","0","524820","0215730","1","E18000006","E40000007","E92000001","E12000006","5","E14001573","E15000006","E24000005","E30000272","E16000150","E07000241","26ULHB","E00121708","26ULHB","E65000001","E01023971","E02004980","5","4D1","E00121708","E01023971","E02004980","E33027624","E38000049","E63011463","C1","6A1",51.826261,-0.190172,"E37000048","","E23000027",32577,"E56000035","E54000025","E00121708","E01023971","E02004980"
"AL6 0AT","AL6  0AT","AL6 0AT","198001","","E10000015","E58000675","E07000241","E05011072","E04004822","0","524809","0215618","1","E18000006","E40000007","E92000001","E12000006","5","E14001573","E15000006","E24000005","E30000272","E16000150","E07000241","26ULHB","E00121708","26ULHB","E65000001","E01023971","E02004980","5","4D1","E00121708","E01023971","E02004980","E33027624","E38000049","E63011463","C1","6A1",51.825257,-0.190372,"E37000048","","E23000027",32577,"E56000035","E54000025","E00121708","E01023971","E02004980"
"AL6 0AU","AL6  0AU","AL6 0AU","198001","","E10000015","E58000675","E07000241","E05011072","E04004822","0","524776","0215380","1","E18000006","E40000007","E92000001","E12000006","5","E14001573","E15000006","E24000005","E30000272","E16000150","E07000241","26ULHB","E00121708","26ULHB","E65000001","E01023971","E02004980","5","4D1","E00121708","E01023971","E02004980","E33027624","E38000049","E63011463","C1","6A1",51.823119,-0.190960,"E37000048","","E23000027",32577,"E56000035","E54000025","E00121708","E01023971","E02004980"
"AL6 0AW","AL6  0AW","AL6 0AW","198001","","E10000015","E58000675","E07000241","E05011072","E04004822","0","525151","0215915","1","E18000006","E40000007","E92000001","E12000006","5","E14001573","E15000006","E24000005","E30000272","E16000150","E07000241","26ULHB","E00121718","26ULHB","E65000001","E01023971","E02004980","5","4B3","E00121718","E01023971","E02004980","E33027624","E38000049","E63011463","C1","6A1",51.827850,-0.185304,"E37000048","","E23000027",32577,"E56000035","E54000025","E00121718","E01023971","E02004980"
"AL6 0AX","AL6  0AX","AL6 0AX","198001","","E10000015","E58000675","E07000241","E05011072","E04004822","0","524731","0215345","1","E18000006","E40000007","E92000001","E12000006","5","E14001573","E15000006","E24000005","E30000272","E16000150","E07000241","26ULHB","E00121708","26ULHB","E65000001","E01023971","E02004980","5","4D1","E00121708","E01023971","E02004980","E33027624","E38000049","E63011463","C1","6A1",51.822821,-0.191601,"E37000048","","E23000027",32577,"E56000035","E54000025","E00121708","E01023971","E02004980"
"AL6 0AY","AL6  0AY","AL6 0AY","199412","199812","E10000015","E58000675","E07000241","E05011072","E04004822","1","525613","0216460","6","E18000006","E40000007","E92000001","E12000006","5","E14001573","E15000006","E24000005","E30000272","E16000150","E07000241","26ULHB","E00121718","26ULHB","E65000001","E01023971","E02004980","5","4B3","E00121718","E01023971","E02004980","E33027624","E38000049","E63011407","C1","6A1",51.832637,-0.178431,"E37000048","","E23000027",32577,"E56000035","E54000025","E00121718","E01023971","E02004980"
"AL6 0AZ","AL6  0AZ","AL6 0AZ","199706","","E10000015","E58000675","E07000241","E05011072","E04004822","0","524902","0216003","1","E18000006","E40000007","E92000001","E12000006","5","E14001573","E15000006","E24000005","E30000272","E16000150","E07000241","26ULHB","E00121708","26ULHB","E65000001","E01023971","E02004980","5","4D1","E00121708","E01023971","E02004980","E33027624","E38000049","E63011463","C1","6A1",51.828696,-0.188884,"E37000048","","E23000027",32577,"E56000035","E54000025","E00121708","E01023971","E02004980"
"AL6 0BA","AL6  0BA","AL6 0BA","198001","","E10000015","E58000675","E07000241","E05011072","E04004822","0","524716","0215087","1","E18000006","E40000007","E92000001","E12000006","5","E14001573","E15000006","E24000005","E30000272","E16000150","E07000241","26ULHB","E00121709","26ULHB","E65000001","E01023971","E02004980","5","4A2","E00121709","E01023971","E02004980","E33027624","E38000049","E63011463","C1","6A1",51.820506,-0.191911,"E37000048","","E23000027",32577,"E56000035","E54000025","E00121709","E01023971","E02004980"
"AL6 0BB","AL6  0BB","AL6 0BB","198001","","E10000015","E58000675","E07000241","E05011072","E04004822","0","524668","0215136","1","E18000006","E40000007","E92000001","E12000006","5","E14001573","E15000006","E24000005","E30000272","E16000150","E07000241","26ULHB","E00121709","26ULHB","E65000001","E01023971","E02004980","5","4A2","E00121709","E01023971","E02004980","E33027624","E38000049","E63011463","C1","6A1",51.820957,-0.192590,"E37000048","","E23000027",32577,"E56000035","E54000025","E00121709","E01023971","E02004980"
"AL6 0BD","AL6  0BD","AL6 0BD","199512","199812","E10000015","E58000675","E07000241","E05011072","E04004822","1","525613","0216460","6","E18000006","E40000007","E92000001","E12000006","5","E14001573","E15000006","E24000005","E30000272","E16000150","E07000241","26ULHB","E00121718","26ULHB","E65000001","E01023971","E02004980","5","4B3","E00121718","E01023971","E02004980","E33027624","E38000049","E63011407","C1","6A1",51.832637,-0.178431,"E37000048","","E23000027",32577,"E56000035","E54000025","E00121718","E01023971","E02004980"
"AL6 0BE","AL6  0BE","AL6 0BE","198001","","E10000015","E58000675","E07000241","E05011072","E04004822","0","525014","0215766","1","E18000006","E40000007","E92000001","E12000006","5","E14001573","E15000006","E24000005","E30000272","E16000150","E07000241","26ULHB","E00121708","26ULHB","E65000001","E01023971","E02004980","5","4D1","E00121708","E01023971","E02004980","E33027624","E38000049","E63011463","C1","6A1",51.826534,-0.187370,"E37000048","","E23000027",32577,"E56000035","E54000025","E00121708","E01023971","E02004980"
"AL6 0BF","AL6  0BF","AL6 0BF","199706","200105","E10000015","E58000675","E07000241","E05011072","E04004822","1","525533","0216336","6","E18000006","E40000007","E92000001","E12000006","5","E14001573","E15000006","E24000005","E30000272","E16000150","E07000241","26ULHB","E00121718","26ULHB","E65000001","E01023971","E02004980","5","4B3","E00121718","E01023971","E02004980","E33027624","E38000049","E63011407","C1","6A1",51.831540,-0.179636,"E37000048","","E23000027",32577,"E56000035","E54000025","E00121718","E01023971","E02004980"
"AL6 0BG","AL6  0BG","AL6 0BG","198203","200006","E10000015","E58000675","E07000241","E05011072","E04004822","1","525533","0216336","6","E18000006","E40000007","E92000001","E12000006","5","E14001573","E15000006","E24000005","E30000272","E16000150","E07000241","26ULHB","E00121718","26ULHB","E65000001","E01023971","E02004980","5","4B3","E00121718","E01023971","E02004980","E33027624","E38000049","E63011407","C1","6A1",51.831540,-0.179636,"E37000048","","E23000027",32577,"E56000035","E54000025","E00121718","E01023971","E02004980"
"AL6 0BH","AL6  0BH","AL6 0BH","200409","","E10000015","E58000675","E07000241","E05011072","E04004822","0","524953","0214791","1","E18000006","E40000007","E92000001","E12000006","5","E14001573","E15000006","E24000005","E30000272","E16000150","E07000241","26ULHB","E00121709","26ULHB","E65000001","E01023971","E02004980","5","4A2","E00121709","E01023971","E02004980","E33027624","E38000049","E63011463","C1","6A1",51.817786,-0.188606,"E37000048","","E23000027",32577,"E56000035","E54000025","E00121709","E01023971","E02004980"
"AL6 0BJ","AL6  0BJ","AL6 0BJ","198001","","E10000015","E58000675","E07000241","E05011072","E04004822","1","523688","0215931","1","E18000006","E40000007","E92000001","E12000006","5","E14001573","E15000006","E24000005","E30000272","E16000150","E07000241","26ULHB","E00121711","26ULHB","E65000001","E01023968","E02004981","5","6B2","E00121711","E01023968","E02004981","E33027626","E38000049","","C1","5B3",51.828312,-0.206542,"E37000048","","E23000027",27444,"E56000035","E54000025","E00121711","E01023968","E02004981"
"AL6 0BL","AL6  0BL","AL6 0BL","198001","","E10000015","E58000675","E07000241","E05011072","E04004822","0","524089","0216336","1","E18000006","E40000007","E92000001","E12000006","5","E14001573","E15000006","E24000005","E30000272","E16000150","E07000241","26ULHB","E00121711","26ULHB","E65000001","E01023968","E02004981","5","6B2","E00121711","E01023968","E02004981","E33027626","E38000049","","C1","5B3",51.831869,-0.200557,"E37000048","","E23000027",27444,"E56000035","E54000025","E00121711","E01023968","E02004981"
"AL6 0BN","AL6  0BN","AL6 0BN","198001","","E10000015","E58000675","E07000241","E05011073","E04004822","0","524438","0218949","1","E18000006","E40000007","E92000001","E12000006","5","E14001573","E15000006","E24000005","E30000272","E16000150","E07000241","26ULHA","E00121691","26ULHA","E65000001","E01023965","E02004980","5","4B3","E00121691","E01023965","E02004980","E33027625","E38000049","","C1","6A2",51.855274,-0.194555,"E37000048","","E23000027",32617,"E56000035","E54000025","E00121691","E01023965","E02004980"
"AL6 0BP","AL6  0BP","AL6 0BP","199606","199906","E10000015","E58000675","E07000241","E05011072","E04004822","1","525613","0216460","6","E18000006","E40000007","E92000001","E12000006","5","E14001573","E15000006","E24000005","E30000272","E16000150","E07000241","26ULHB","E00121718","26ULHB","E65000001","E01023971","E02004980","5","4B3","E00121718","E01023971","E02004980","E33027624","E38000049","E63011407","C1","6A1",51.832637,-0.178431,"E37000048","","E23000027",32577,"E56000035","E54000025","E00121718","E01023971","E02004980"
"AL6 0BQ","AL6  0BQ","AL6 0BQ","198504","","E10000015","E58000675","E07000241","E05011072","E04004822","0","525076","0215756","1","E18000006","E40000007","E92000001","E12000006","5","E14001573","E15000006","E24000005","E30000272","E16000150","E07000241","26ULHB","E00121708","26ULHB","E65000001","E01023971","E02004980","5","4D1","E00121708","E01023971","E02004980","E33027624","E38000049","E63011463","C1","6A1",51.826437,-0.186450,"E37000048","","E23000027",32577,"E56000035","E54000025","E00121708","E01023971","E02004980"
"AL6 0BS","AL6  0BS","AL6 0BS","199405","","E10000015","E58000675","E07000241","E05011070","E43000083","0","523757","0215356","1","E18000006","E40000007","E92000001","E12000006","5","E14001573","E15000006","E24000005","E30000272","E16000150","E07000241","26ULGY","E00121658","26ULGY","E65000001","E01023962","E02004982","5","4B4","E00121658","E01023962","E02004982","E33027633","E38000049","E63011463","C1","6A2",51.823136,-0.205722,"E37000048","","E23000027",30011,"E56000035","E54000025","E00121658","E01023962","E02004982"
"AL6 0BT","AL6  0BT","AL6 0BT","199706","199812","E10000015","E58000675","E07000241","E05011072","E04004822","1","525613","0216460","6","E18000006","E40000007","E92000001","E12000006","5","E14001573","E15000006","E24000005","E30000272","E16000150","E07000241","26ULHB","E00121718","26ULHB","E65000001","E01023971","E02004980","5","4B3","E00121718","E01023971","E02004980","E33027624","E38000049","E63011407","C1","6A1",51.832637,-0.178431,"E37000048","","E23000027",32577,"E56000035","E54000025","E00121718","E01023971","E02004980"
"AL6 0BU","AL6  0BU","AL6 0BU","198001","","E10000015","E58000675","E07000241","E05011072","E04004822","0","524892","0214770","1","E18000006","E40000007","E92000001","E12000006","5","E14001573","E15000006","E24000005","E30000272","E16000150","E07000241","26ULHB","E00121709","26ULHB","E65000001","E01023971","E02004980","5","4A2","E00121709","E01023971","E02004980","E33027624","E38000049","E63011463","C1","6A1",51.817618,-0.189473,"E37000048","","E23000027",32577,"E56000035","E54000025","E00121709","E01023971","E02004980"
"AL6 0BW","AL6  0BW","AL6 0BW","200208","","E10000015","E58000638","E07000242","E05015368","E04004752","0","525626","0214594","1","E18000006","E40000007","E92000001","E12000006","5","E14001393","E15000006","E24000005","E30000272","E16000150","E07000242","26UDGY","E00119295","26UDGY","E65000001","E01023486","E02004887","5","4A2","E00119295","E01023486","E02004887","E33027219","E38000049","","E1","6B2",51.815865,-0.178919,"E37000048","","E23000027",24565,"E56000035","E54000025","E00119295","E01023486","E02004887"
"AL6 0BX","AL6  0BX","AL6 0BX","198001","","E10000015","E58000675","E07000241","E05011072","E04004822","0","524876","0214855","1","E18000006","E40000007","E92000001","E12000006","5","E14001573","E15000006","E24000005","E30000272","E16000150","E07000241","26ULHB","E00121709","26ULHB","E65000001","E01023971","E02004980","5","4A2","E00121709","E01023971","E02004980","E33027624","E38000049","E63011463","C1","6A1",51.818385,-0.189675,"E37000048","","E23000027",32577,"E56000035","E54000025","E00121709","E01023971","E02004980"
"AL6 0BY","AL6  0BY","AL6 0BY","198001","","E10000015","E58000675","E07000241","E05011072","E04004822","0","524812","0214911","1","E18000006","E40000007","E92000001","E12000006","5","E14001573","E15000006","E24000005","E30000272","E16000150","E07000241","26ULHB","E00121709","26ULHB","E65000001","E01023971","E02004980","5","4A2","E00121709","E01023971","E02004980","E33027624","E38000049","E63011463","C1","6A1",51.818903,-0.190583,"E37000048","","E23000027",32577,"E56000035","E54000025","E00121709","E01023971","E02004980"
"AL6 0BZ","AL6  0BZ","AL6 0BZ","200012","","E10000015","E58000638","E07000242","E05015368","E04004752","0","525537","0214605","1","E18000006","E40000007","E92000001","E12000006","5","E14001393","E15000006","E24000005","E30000272","E16000150","E07000242","26UDGY","E00119295","26UDGY","E65000001","E01023486","E02004887","5","4A2","E00119295","E01023486","E02004887","E33027219","E38000049","","E1","6B2",51.815984,-0.180205,"E37000048","","E23000027",24565,"E56000035","E54000025","E00119295","E01023486","E02004887"
"AL6 0DA","AL6  0DA","AL6 0DA","198001","","E10000015","E58000675","E07000241","E05011072","E04004822","0","524709","0215037","1","E18000006","E40000007","E92000001","E12000006","5","E14001573","E15000006","E24000005","E30000272","E16000150","E07000241","26ULHB","E00121709","26ULHB","E65000001","E01023971","E02004980","5","4A2","E00121709","E01023971","E02004980","E33027624","E38000049","E63011463","C1","6A1",51.820058,-0.192031,"E37000048","","E23000027",32577,"E56000035","E54000025","E00121709","E01023971","E02004980"
"AL6 0DB","AL6  0DB","AL6 0DB","198001","","E10000015","E58000675","E07000241","E05011072","E04004822","0","524463","0215145","1","E18000006","E40000007","E92000001","E12000006","5","E14001573","E15000006","E24000005","E30000272","E16000150","E07000241","26ULHB","E00121709","26ULHB","E65000001","E01023971","E02004980","5","4A2","E00121709","E01023971","E02004980","E33027624","E38000049","E63011463","C1","6A1",51.821083,-0.195560,"E37000048","","E23000027",32577,"E56000035","E54000025","E00121709","E01023971","E02004980"
"AL6 0DD","AL6  0DD","AL6 0DD","199906","","E10000015","E58000675","E07000241","E05011072","E04004822","0","524640","0215517","1","E18000006","E40000007","E92000001","E12000006","5","E14001573","E15000006","E24000005","E30000272","E16000150","E07000241","26ULHB","E00121707","26ULHB","E65000001","E01023971","E02004980","5","4D2","E00121707","E01023971","E02004980","E33027624","E38000049","E63011463","C1","6A4",51.824387,-0.192859,"E37000048","","E23000027",32577,"E56000035","E54000025","E00121707","E01023971","E02004980"
"AL6 0DE","AL6  0DE","AL6 0DE","198001","","E10000015","E58000675","E07000241","E05011072","E04004822","0","524268","0215323","1","E18000006","E40000007","E92000001","E12000006","5","E14001573","E15000006","E24000005","E30000272","E16000150","E07000241","26ULHB","E00121720","26ULHB","E65000001","E01023971","E02004980","5","4B4","E00121720","E01023971","E02004980","E33027624","E38000049","E63011463","C1","6A4",51.822726,-0.198324,"E37000048","","E23000027",32577,"E56000035","E54000025","E00121720","E01023971","E02004980"
"AL6 0DF","AL6  0DF","AL6 0DF","198001","","E10000015","E58000675","E07000241","E05011072","E04004822","0","524345","0215248","1","E18000006","E40000007","E92000001","E12000006","5","E14001573","E15000006","E24000005","E30000272","E16000150","E07000241","26ULHB","E00121720","26ULHB","E65000001","E01023971","E02004980","5","4B4","E00121720","E01023971","E02004980","E33027624","E38000049","E63011463","C1","6A4",51.822035,-0.197234,"E37000048","","E23000027",32577,"E56000035","E54000025","E00121720","E01023971","E02004980"
"AL6 0DG","AL6  0DG","AL6 0DG","198001","","E10000015","E58000675","E07000241","E05011072","E04004822","0","524463","0215297","1","E18000006","E40000007","E92000001","E12000006","5","E14001573","E15000006","E24000005","E30000272","E16000150","E07000241","26ULHB","E00121720","26ULHB","E65000001","E01023971","E02004980","5","4B4","E00121720","E01023971","E02004980","E33027624","E38000049","E63011463","C1","6A4",51.822449,-0.195505,"E37000048","","E23000027",32577,"E56000035","E54000025","E00121720","E01023971","E02004980"
"AL6 0DH","AL6  0DH","AL6 0DH","198001","","E10000015","E58000675","E07000241","E05011072","E04004822","0","524416","0215492","1","E18000006","E40000007","E92000001","E12000006","5","E14001573","E15000006","E24000005","E30000272","E16000150","E07000241","26ULHB","E00121720","26ULHB","E65000001","E01023971","E02004980","5","4B4","E00121720","E01023971","E02004980","E33027624","E38000049","E63011463","C1","6A4",51.824212,-0.196117,"E37000048","","E23000027",32577,"E56000035","E54000025","E00121720","E01023971","E02004980"
"AL6 0DJ","AL6  0DJ","AL6 0DJ","198001","","E10000015","E58000675","E07000241","E05011072","E04004822","0","524447","0215433","1","E18000006","E40000007","E92000001","E12000006","5","E14001573","E15000006","E24000005","E30000272","E16000150","E07000241","26ULHB","E00121720","26ULHB","E65000001","E01023971","E02004980","5","4B4","E00121720","E01023971","E02004980","E33027624","E38000049","E63011463","C1","6A4",51.823675,-0.195688,"E37000048","","E23000027",32577,"E56000035","E54000025","E00121720","E01023971","E02004980"
"AL6 0DL","AL6  0DL","AL6 0DL","198001","","E10000015","E58000675","E07000241","E05011072","E04004822","0","524613","0215705","1","E18000006","E40000007","E92000001","E12000006","5","E14001573","E15000006","E24000005","E30000272","E16000150","E07000241","26ULHB","E00121707","26ULHB","E65000001","E01023971","E02004980","5","4D2","E00121707","E01023971","E02004980","E33027624","E38000049","E63011463","C1","6A4",51.826082,-0.193183,"E37000048","","E23000027",32577,"E56000035","E54000025","E00121707","E01023971","E02004980"
"AL6 0DN","AL6  0DN","AL6 0DN","198001","","E10000015","E58000675","E07000241","E05011072","E04004822","0","524570","0215664","1","E18000006","E40000007","E92000001","E12000006","5","E14001573","E15000006","E24000005","E30000272","E16000150","E07000241","26ULHB","E00121707","26ULHB","E65000001","E01023971","E02004980","5","4D2","E00121707","E01023971","E02004980","E33027624","E38000049","E63011463","C1","6A4",51.825724,-0.193821,"E37000048","","E23000027",32577,"E56000035","E54000025","E00121707","E01023971","E02004980"
"AL6 0DP","AL6  0DP","AL6 0DP","199706","200803","E10000015","E58000623","E07000241","E05011069","E43000083","1","524487","0213299","1","E18000006","E40000007","E92000001","E12000006","5","E14001573","E15000006","E24000005","E30000272","E16000150","E07000241","26ULGX","E00121637","26ULGX","E65000001","E01023954","E02004986","5","5B2","E00121637","E01023954","E02004986","E33024496","E38000049","E63011463","C1","7A3",51.804482,-0.195898,"E37000048","","E23000027",7164,"E56000035","E54000025","E00190264","E01035604","E02004986"
"AL6 0DQ","AL6  0DQ","AL6 0DQ","198001","","E10000015","E58000675","E07000241","E05011072","E04004822","0","524362","0215472","1","E18000006","E40000007","E92000001","E12000006","5","E14001573","E15000006","E24000005","E30000272","E16000150","E07000241","26ULHB","E00121720","26ULHB","E65000001","E01023971","E02004980","5","4B4","E00121720","E01023971","E02004980","E33027624","E38000049","E63011463","C1","6A4",51.824044,-0.196907,"E37000048","","E23000027",32577,"E56000035","E54000025","E00121720","E01023971","E02004980"
"AL6 0DR","AL6  0DR","AL6 0DR","198001","","E10000015","E58000675","E07000241","E05011072","E04004822","0","524549","0215434","1","E18000006","E40000007","E92000001","E12000006","5","E14001573","E15000006","E24000005","E30000272","E16000150","E07000241","26ULHB","E00121707","26ULHB","E65000001","E01023971","E02004980","5","4D2","E00121707","E01023971","E02004980","E33027624","E38000049","E63011463","C1","6A4",51.823655,-0.194233,"E37000048","","E23000027",32577,"E56000035","E54000025","E00121707","E01023971","E02004980"
"AL6 0DS","AL6  0DS","AL6 0DS","198001","","E10000015","E58000675","E07000241","E05011072","E04004822","0","524514","0215448","1","E18000006","E40000007","E92000001","E12000006","5","E14001573","E15000006","E24000005","E30000272","E16000150","E07000241","26ULHB","E00121707","26ULHB","E65000001","E01023971","E02004980","5","4D2","E00121707","E01023971","E02004980","E33027624","E38000049","E63011463","C1","6A4",51.823788,-0.194735,"E37000048","","E23000027",32577,"E56000035","E54000025","E00121707","E01023971","E02004980"
"AL6 0DT","AL6  0DT","AL6 0DT","200210","","E10000015","E58000675","E07000241","E05011072","E04004822","0","524468","0215184","1","E18000006","E40000007","E92000001","E12000006","5","E14001573","E15000006","E24000005","E30000272","E16000150","E07000241","26ULHB","E00121709","26ULHB","E65000001","E01023971","E02004980","5","4A2","E00121709","E01023971","E02004980","E33027624","E38000049","E63011463","C1","6A1",51.821433,-0.195473,"E37000048","","E23000027",32577,"E56000035","E54000025","E00121709","E01023971","E02004980"
"AL6 0DU","AL6  0DU","AL6 0DU","198001","","E10000015","E58000675","E07000241","E05011072","E04004822","0","524456","0215343","1","E18000006","E40000007","E92000001","E12000006","5","E14001573","E15000006","E24000005","E30000272","E16000150","E07000241","26ULHB","E00121720","26ULHB","E65000001","E01023971","E02004980","5","4B4","E00121720","E01023971","E02004980","E33027624","E38000049","E63011463","C1","6A4",51.822864,-0.195590,"E37000048","","E23000027",32577,"E56000035","E54000025","E00121720","E01023971","E02004980"
"AL6 0DW","AL6  0DW","AL6 0DW","198001","","E10000015","E58000675","E07000241","E05011072","E04004822","0","524539","0215546","1","E18000006","E40000007","E92000001","E12000006","5","E14001573","E15000006","E24000005","E30000272","E16000150","E07000241","26ULHB","E00121707","26ULHB","E65000001","E01023971","E02004980","5","4D2","E00121707","E01023971","E02004980","E33027624","E38000049","E63011463","C1","6A4",51.824670,-0.194313,"E37000048","","E23000027",32577,"E56000035","E54000025","E00121707","E01023971","E02004980"
"AL6 0DX","AL6  0DX","AL6 0DX","198001","","E10000015","E58000675","E07000241","E05011072","E04004822","0","524554","0215394","1","E18000006","E40000007","E92000001","E12000006","5","E14001573","E15000006","E24000005","E30000272","E16000150","E07000241","26ULHB","E00121707","26ULHB","E65000001","E01023971","E02004980","5","4D2","E00121707","E01023971","E02004980","E33027624","E38000049","E63011463","C1","6A4",51.823301,-0.194150,"E37000048","","E23000027",32577,"E56000035","E54000025","E00121707","E01023971","E02004980"
"AL6 0DY","AL6  0DY","AL6 0DY","198001","","E10000015","E58000675","E07000241","E05011072","E04004822","0","524621","0215441","1","E18000006","E40000007","E92000001","E12000006","5","E14001573","E15000006","E24000005","E30000272","E16000150","E07000241","26ULHB","E00121707","26ULHB","E65000001","E01023971","E02004980","5","4D2","E00121707","E01023971","E02004980","E33027624","E38000049","E63011463","C1","6A4",51.823701,-0.193186,"E37000048","","E23000027",32577,"E56000035","E54000025","E00121707","E01023971","E02004980"
"AL6 0DZ","AL6  0DZ","AL6 0DZ","198001","","E10000015","E58000675","E07000241","E05011072","E04004822","0","524565","0215252","1","E18000006","E40000007","E92000001","E12000006","5","E14001573","E15000006","E24000005","E30000272","E16000150","E07000241","26ULHB","E00121720","26ULHB","E65000001","E01023971","E02004980","5","4B4","E00121720","E01023971","E02004980","E33027624","E38000049","E63011463","C1","6A4",51.822022,-0.194042,"E37000048","","E23000027",32577,"E56000035","E54000025","E00121720","E01023971","E02004980"
"AL6 0EA","AL6  0EA","AL6 0EA","198001","","E10000015","E58000675","E07000241","E05011072","E04004822","0","524666","0215515","1","E18000006","E40000007","E92000001","E12000006","5","E14001573","E15000006","E24000005","E30000272","E16000150","E07000241","26ULHB","E00121708","26ULHB","E65000001","E01023971","E02004980","5","4D1","E00121708","E01023971","E02004980","E33027624","E38000049","E63011463","C1","6A1",51.824363,-0.192483,"E37000048","","E23000027",32577,"E56000035","E54000025","E00121708","E01023971","E02004980"
"AL6 0EB","AL6  0EB","AL6 0EB","198001","","E10000015","E58000675","E07000241","E05011072","E04004822","0","524249","0215350","1","E18000006","E40000007","E92000001","E12000006","5","E14001573","E15000006","E24000005","E30000272","E16000150","E07000241","26ULHB","E00121720","26ULHB","E65000001","E01023971","E02004980","5","4B4","E00121720","E01023971","E02004980","E33027624","E38000049","E63011463","C1","6A4",51.822973,-0.198589,"E37000048","","E23000027",32577,"E56000035","E54000025","E00121720","E01023971","E02004980"
"AL6 0ED","AL6  0ED","AL6 0ED","199606","199812","E10000015","E58000675","E07000241","E05011072","E04004822","1","525613","0216460","6","E18000006","E40000007","E92000001","E12000006","5","E14001573","E15000006","E24000005","E30000272","E16000150","E07000241","26ULHB","E00121718","26ULHB","E65000001","E01023971","E02004980","5","4B3","E00121718","E01023971","E02004980","E33027624","E38000049","E63011407","C1","6A1",51.832637,-0.178431,"E37000048","","E23000027",32577,"E56000035","E54000025","E00121718","E01023971","E02004980"
"AL6 0EE","AL6  0EE","AL6 0EE","200012","","E10000015","E58000675","E07000241","E05011072","E04004822","0","524464","0215259","1","E18000006","E40000007","E92000001","E12000006","5","E14001573","E15000006","E24000005","E30000272","E16000150","E07000241","26ULHB","E00121720","26ULHB","E65000001","E01023971","E02004980","5","4B4","E00121720","E01023971","E02004980","E33027624","E38000049","E63011463","C1","6A4",51.822108,-0.195504,"E37000048","","E23000027",32577,"E56000035","E54000025","E00121720","E01023971","E02004980"
"AL6 0EF","AL6  0EF","AL6 0EF","198710","","E10000015","E58000675","E07000241","E05011073","E04004822","0","523886","0217615","1","E18000006","E40000007","E92000001","E12000006","5","E14001573","E15000006","E24000005","E30000272","E16000150","E07000241","26ULHA","E00121697","26ULHA","E65000001","E01023966","E02004980","5","4B3","E00121697","E01023966","E02004980","E33027625","E38000049","E63011372","C1","6A1",51.843408,-0.203044,"E37000048","","E23000027",32373,"E56000035","E54000025","E00121697","E01023966","E02004980"
"AL6 0EG","AL6  0EG","AL6 0EG","199007","","E10000015","E58000675","E07000241","E05011072","E04004822","0","524683","0215272","1","E18000006","E40000007","E92000001","E12000006","5","E14001573","E15000006","E24000005","E30000272","E16000150","E07000241","26ULHB","E00121709","26ULHB","E65000001","E01023971","E02004980","5","4A2","E00121709","E01023971","E02004980","E33027624","E38000049","E63011463","C1","6A1",51.822176,-0.192323,"E37000048","","E23000027",32577,"E56000035","E54000025","E00121709","E01023971","E02004980"
"AL6 0EH","AL6  0EH","AL6 0EH","198001","","E10000015","E58000675","E07000241","E05011072","E04004822","0","525331","0216158","1","E18000006","E40000007","E92000001","E12000006","5","E14001573","E15000006","E24000005","E30000272","E16000150","E07000241","26ULHB","E00121718","26ULHB","E65000001","E01023971","E02004980","5","4B3","E00121718","E01023971","E02004980","E33027624","E38000049","E63011463","C1","6A1",51.829993,-0.182606,"E37000048","","E23000027",32577,"E56000035","E54000025","E00121718","E01023971","E02004980"
"AL6 0EJ","AL6  0EJ","AL6 0EJ","198001","","E10000015","E58000675","E07000241","E05011072","E04004822","0","525255","0216021","1","E18000006","E40000007","E92000001","E12000006","5","E14001573","E15000006","E24000005","E30000272","E16000150","E07000241","26ULHB","E00121718","26ULHB","E65000001","E01023971","E02004980","5","4B3","E00121718","E01023971","E02004980","E33027624","E38000049","E63011463","C1","6A1",51.828779,-0.183758,"E37000048","","E23000027",32577,"E56000035","E54000025","E00121718","E01023971","E02004980"
"AL6 0EL","AL6  0EL","AL6 0EL","198001","","E10000015","E58000675","E07000241","E05011072","E04004822","0","525420","0215928","1","E18000006","E40000007","E92000001","E12000006","5","E14001573","E15000006","E24000005","E30000272","E16000150","E07000241","26ULHB","E00121718","26ULHB","E65000001","E01023971","E02004980","5","4B3","E00121718","E01023971","E02004980","E33027624","E38000049","E63011463","C1","6A1",51.827906,-0.181398,"E37000048","","E23000027",32577,"E56000035","E54000025","E00121718","E01023971","E02004980"
"AL6 0EN","AL6  0EN","AL6 0EN","198001","","E10000015","E58000675","E07000241","E05011072","E04004822","0","525522","0215867","1","E18000006","E40000007","E92000001","E12000006","5","E14001573","E15000006","E24000005","E30000272","E16000150","E07000241","26ULHB","E00121718","26ULHB","E65000001","E01023971","E02004980","5","4B3","E00121718","E01023971","E02004980","E33027624","E38000049","E63011463","C1","6A1",51.827335,-0.179941,"E37000048","","E23000027",32577,"E56000035","E54000025","E00121718","E01023971","E02004980"
"AL6 0EP","AL6  0EP","AL6 0EP","198001","","E10000015","E58000675","E07000241","E05011072","E04004822","0","525538","0216193","1","E18000006","E40000007","E92000001","E12000006","5","E14001573","E15000006","E24000005","E30000272","E16000150","E07000241","26ULHB","E00121718","26ULHB","E65000001","E01023971","E02004980","5","4B3","E00121718","E01023971","E02004980","E33027624","E38000049","E63011407","C1","6A1",51.830261,-0.179591,"E37000048","","E23000027",32577,"E56000035","E54000025","E00121718","E01023971","E02004980"
"AL6 0EQ","AL6  0EQ","AL6 0EQ","199002","","E10000015","E58000675","E07000241","E05011073","E04004822","0","524340","0217890","1","E18000006","E40000007","E92000001","E12000006","5","E14001573","E15000006","E24000005","E30000272","E16000150","E07000241","26ULHA","E00121696","26ULHA","E65000001","E01023966","E02004980","5","4B4","E00121696","E01023966","E02004980","E33027625","E38000049","E63011372","C1","6A2",51.845779,-0.196358,"E37000048","","E23000027",32373,"E56000035","E54000025","E00121696","E01023966","E02004980"
"AL6 0ER","AL6  0ER","AL6 0ER","198001","","E10000015","E58000675","E07000241","E05011072","E04004822","0","525706","0216447","1","E18000006","E40000007","E92000001","E12000006","5","E14001573","E15000006","E24000005","E30000272","E16000150","E07000241","26ULHB","E00121718","26ULHB","E65000001","E01023971","E02004980","5","4B3","E00121718","E01023971","E02004980","E33027624","E38000049","E63011407","C1","6A1",51.832506,-0.177062,"E37000048","","E23000027",32577,"E56000035","E54000025","E00121718","E01023971","E02004980"
"AL6 0ES","AL6  0ES","AL6 0ES","198001","","E10000015","E58000675","E07000241","E05011072","E04004822","0","525909","0216305","1","E18000006","E40000007","E92000001","E12000006","5","E14001573","E15000006","E24000005","E30000272","E16000150","E07000241","26ULHB","E00121718","26ULHB","E65000001","E01023971","E02004980","5","4B3","E00121718","E01023971","E02004980","E33027624","E38000049","E63011407","C1","6A1",51.831184,-0.174169,"E37000048","","E23000027",32577,"E56000035","E54000025","E00121718","E01023971","E02004980"
"AL6 0ET","AL6  0ET","AL6 0ET","198001","","E10000015","E58000675","E07000241","E05011072","E04004822","0","525975","0216473","1","E18000006","E40000007","E92000001","E12000006","5","E14001573","E15000006","E24000005","E30000272","E16000150","E07000241","26ULHB","E00121718","26ULHB","E65000001","E01023971","E02004980","5","4B3","E00121718","E01023971","E02004980","E33027624","E38000049","E63011407","C1","6A1",51.832679,-0.173151,"E37000048","","E23000027",32577,"E56000035","E54000025","E00121718","E01023971","E02004980"
"AL6 0EU","AL6  0EU","AL6 0EU","198001","","E10000015","E58000675","E07000241","E05011072","E04004822","0","525706","0216558","1","E18000006","E40000007","E92000001","E12000006","5","E14001573","E15000006","E24000005","E30000272","E16000150","E07000241","26ULHB","E00121718","26ULHB","E65000001","E01023971","E02004980","5","4B3","E00121718","E01023971","E02004980","E33027624","E38000049","E63011407","C1","6A1",51.833503,-0.177022,"E37000048","","E23000027",32577,"E56000035","E54000025","E00121718","E01023971","E02004980"
"AL6 0EW","AL6  0EW","AL6 0EW","198001","","E10000015","E58000675","E07000241","E05011072","E04004822","0","525747","0216051","1","E18000006","E40000007","E92000001","E12000006","5","E14001573","E15000006","E24000005","E30000272","E16000150","E07000241","26ULHB","E00121718","26ULHB","E65000001","E01023971","E02004980","5","4B3","E00121718","E01023971","E02004980","E33027624","E38000049","E63011407","C1","6A1",51.828938,-0.176611,"E37000048","","E23000027",32577,"E56000035","E54000025","E00121718","E01023971","E02004980"
"AL6 0EX","AL6  0EX","AL6 0EX","199612","200301","E10000015","E58000623","E07000241","E05011069","E43000083","1","524487","0213299","1","E18000006","E40000007","E92000001","E12000006","5","E14001573","E15000006","E24000005","E30000272","E16000150","E07000241","26ULGX","E00121637","26ULGX","E65000001","E01023954","E02004986","5","5B2","E00121637","E01023954","E02004986","E33024496","E38000049","E63011463","C1","7A3",51.804482,-0.195898,"E37000048","","E23000027",7164,"E56000035","E54000025","E00190264","E01035604","E02004986"
"AL6 0EY","AL6  0EY","AL6 0EY","198001","","E10000015","E58000675","E07000241","E05011072","E04004822","0","526036","0216570","1","E18000006","E40000007","E92000001","E12000006","5","E14001573","E15000006","E24000005","E30000272","E16000150","E07000241","26ULHB","E00121718","26ULHB","E65000001","E01023971","E02004980","5","4B3","E00121718","E01023971","E02004980","E33027624","E38000049","E63011407","C1","6A1",51.833537,-0.172230,"E37000048","","E23000027",32577,"E56000035","E54000025","E00121718","E01023971","E02004980"
"AL6 0EZ","AL6  0EZ","AL6 0EZ","198001","","E10000015","E58000675","E07000241","E05011072","E04004822","0","526138","0216627","1","E18000006","E40000007","E92000001","E12000006","5","E14001573","E15000006","E24000005","E30000272","E16000150","E07000241","26ULHB","E00121718","26ULHB","E65000001","E01023971","E02004980","5","4B3","E00121718","E01023971","E02004980","E33027624","E38000049","E63011407","C1","6A1",51.834026,-0.170730,"E37000048","","E23000027",32577,"E56000035","E54000025","E00121718","E01023971","E02004980"
"AL6 0FA","AL6  0FA","AL6 0FA","200106","200111","E10000015","E58000623","E07000241","E05011069","E43000083","1","524487","0213299","1","E18000006","E40000007","E92000001","E12000006","5","E14001573","E15000006","E24000005","E30000272","E16000150","E07000241","26ULGX","E00121637","26ULGX","E65000001","E01023954","E02004986","5","5B2","E00121637","E01023954","E02004986","E33024496","E38000049","E63011463","C1","7A3",51.804482,-0.195898,"E37000048","","E23000027",7164,"E56000035","E54000025","E00190264","E01035604","E02004986"
"AL6 0FB","AL6  0FB","AL6 0FB","200112","200307","E10000015","E58000623","E07000241","E05011069","E43000083","1","524487","0213299","1","E18000006","E40000007","E92000001","E12000006","5","E14001573","E15000006","E24000005","E30000272","E16000150","E07000241","26ULGX","E00121637","26ULGX","E65000001","E01023954","E02004986","5","5B2","E00121637","E01023954","E02004986","E33024496","E38000049","E63011463","C1","7A3",51.804482,-0.195898,"E37000048","","E23000027",7164,"E56000035","E54000025","E00190264","E01035604","E02004986"
"AL6 0FD","AL6  0FD","AL6 0FD","201212","","E10000015","E58000638","E07000242","E05015368","E04004752","0","527096","0215249","1","E18000006","E40000007","E92000001","E12000006","5","E14001393","E15000006","E24000005","E30000272","E16000150","E07000242","26UDGY","E00119295","26UDGY","E65000001","E01023486","E02004887","5","4A2","E00119295","E01023486","E02004887","E33027219","E38000049","E63011431","E1","6B2",51.821419,-0.157365,"E37000048","","E23000027",24565,"E56000035","E54000025","E00119295","E01023486","E02004887"
"AL6 0FE","AL6  0FE","AL6 0FE","200908","","E10000015","E58000675","E07000241","E05011072","E04004822","0","524804","0215026","1","E18000006","E40000007","E92000001","E12000006","5","E14001573","E15000006","E24000005","E30000272","E16000150","E07000241","26ULHB","E00121709","26ULHB","E65000001","E01023971","E02004980","5","4A2","E00121709","E01023971","E02004980","E33027624","E38000049","E63011463","C1","6A1",51.819931,-0.190682,"E37000048","","E23000027",32577,"E56000035","E54000025","E00121709","E01023971","E02004980"
"AL6 0FF","AL6  0FF","AL6 0FF","201401","","E10000015","E58000638","E07000242","E05015368","E04004752","0","526800","0213815","1","E18000006","E40000007","E92000001","E12000006","5","E14001393","E15000006","E24000005","E30000272","E16000150","E07000242","26UDGY","E00119295","26UDGY","E65000001","E01023486","E02004887","5","4A2","E00119295","E01023486","E02004887","E33027219","E38000049","","E1","6B2",51.808600,-0.162181,"E37000048","","E23000027",24565,"E56000035","E54000025","E00119295","E01023486","E02004887"
"AL6 0FG","AL6  0FG","AL6 0FG","202104","202406","E10000015","E58000638","E07000242","E05015368","E04004752","0","526843","0213875","1","E18000006","E40000007","E92000001","E12000006","5","E14001393","E15000006","E24000005","E30000272","E16000150","E07000242","26UDGY","E00119295","26UDGY","E65000001","E01023486","E02004887","5","4A2","E00119295","E01023486","E02004887","E33027219","E38000049","","E1","6B2",51.809136,-0.161510,"E37000048","","E23000027",24565,"E56000035","E54000025","E00119295","E01023486","E02004887"
"AL6 0FH","AL6  0FH","AL6 0FH","201512","","E10000015","E58000638","E07000242","E05015368","E04004752","0","527167","0215219","1","E18000006","E40000007","E92000001","E12000006","5","E14001393","E15000006","E24000005","E30000272","E16000150","E07000242","26UDGY","E00119295","26UDGY","E65000001","E01023486","E02004887","5","4A2","E00119295","E01023486","E02004887","E33027219","E38000049","E63011431","E1","6B2",51.821140,-0.156320,"E37000048","","E23000027",24565,"E56000035","E54000025","E00119295","E01023486","E02004887"
"AL6 0FJ","AL6  0FJ","AL6 0FJ","201711","","E10000015","E58000675","E07000241","E05011073","E04004822","0","523718","0216812","1","E18000006","E40000007","E92000001","E12000006","5","E14001573","E15000006","E24000005","E30000272","E16000150","E07000241","26ULHB","E00121712","26ULHB","E65000001","E01023968","E02004981","5","4D2","E00121712","E01023968","E02004981","E33027631","E38000049","E63011372","C1","6A4",51.836229,-0.205768,"E37000048","","E23000027",27444,"E56000035","E54000025","E00121712","E01023968","E02004981"
"AL6 0FL","AL6  0FL","AL6 0FL","201901","","E10000015","E58000638","E07000242","E05015354","E04004728","0","526304","0216584","1","E18000006","E40000007","E92000001","E12000006","5","E14001516","E15000006","E24000005","E30000272","E16000150","E07000242","26UDGQ","E00119199","26UDGQ","E65000001","E01023467","E02004879","5","4D2","E00119199","E01023467","E02004879","E33027183","E38000049","E63011407","C1","6A4",51.833602,-0.168338,"E37000048","","E23000027",27434,"E56000035","E54000025","E00119199","E01023467","E02007093"
"AL6 0FN","AL6  0FN","AL6 0FN","202202","","E10000015","E58000638","E07000242","E05015368","E04004752","0","527046","0214238","1","E18000006","E40000007","E92000001","E12000006","5","E14001393","E15000006","E24000005","E30000272","E16000150","E07000242","26UDGY","E00119295","26UDGY","E65000001","E01023486","E02004887","5","4A2","E00119295","E01023486","E02004887","E33027219","E38000049","","E1","6B2",51.812352,-0.158434,"E37000048","","E23000027",24565,"E56000035","E54000025","E00119295","E01023486","E02004887"
"AL6 0GD","AL6  0GD","AL6 0GD","200206","","E10000015","E58000675","E07000241","E05011073","E04004822","0","524473","0217478","1","E18000006","E40000007","E92000001","E12000006","5","E14001573","E15000006","E24000005","E30000272","E16000150","E07000241","26ULHA","E00121689","26ULHA","E65000001","E01023966","E02004980","5","4D1","E00121689","E01023966","E02004980","E33027625","E38000049","E63011372","C1","5B1",51.842040,-0.194600,"E37000048","","E23000027",32373,"E56000035","E54000025","E00121689","E01023966","E02004980"
"AL6 0GY","AL6  0GY","AL6 0GY","200012","200808","E10000015","E58000623","E07000241","E05011069","E43000083","1","524487","0213299","1","E18000006","E40000007","E92000001","E12000006","5","E14001573","E15000006","E24000005","E30000272","E16000150","E07000241","26ULGX","E00121637","26ULGX","E65000001","E01023954","E02004986","5","5B2","E00121637","E01023954","E02004986","E33024496","E38000049","E63011463","C1","7A3",51.804482,-0.195898,"E37000048","","E23000027",7164,"E56000035","E54000025","E00190264","E01035604","E02004986"
"AL6 0HA","AL6  0HA","AL6 0HA","198001","","E10000015","E58000638","E07000242","E05015354","E04004728","0","526267","0216609","1","E18000006","E40000007","E92000001","E12000006","5","E14001516","E15000006","E24000005","E30000272","E16000150","E07000242","26UDGQ","E00119199","26UDGQ","E65000001","E01023467","E02004879","5","4D2","E00119199","E01023467","E02004879","E33027183","E38000049","E63011407","C1","6A4",51.833835,-0.168865,"E37000048","","E23000027",27434,"E56000035","E54000025","E00119199","E01023467","E02007093"
"AL6 0HB","AL6  0HB","AL6 0HB","198001","","E10000015","E58000675","E07000241","E05011072","E04004823","0","526061","0217348","1","E18000006","E40000007","E92000001","E12000006","5","E14001573","E15000006","E24000005","E30000272","E16000150","E07000241","26ULHA","E00121701","26ULHA","E65000001","E01023967","E02004980","5","6B2","E00121701","E01023967","E02004980","E33027624","E38000049","","C1","8C1",51.840523,-0.171585,"E37000048","","E23000027",27937,"E56000035","E54000025","E00121701","E01023967","E02004980"
"AL6 0HD","AL6  0HD","AL6 0HD","199412","","E10000015","E58000675","E07000241","E05011073","E04004822","0","524452","0217538","1","E18000006","E40000007","E92000001","E12000006","5","E14001573","E15000006","E24000005","E30000272","E16000150","E07000241","26ULHA","E00121696","26ULHA","E65000001","E01023966","E02004980","5","4B4","E00121696","E01023966","E02004980","E33027625","E38000049","E63011372","C1","6A2",51.842591,-0.194859,"E37000048","","E23000027",32373,"E56000035","E54000025","E00121696","E01023966","E02004980"
"AL6 0HE","AL6  0HE","AL6 0HE","198001","","E10000015","E58000638","E07000242","E05015354","E04004728","0","526394","0216399","1","E18000006","E40000007","E92000001","E12000006","5","E14001516","E15000006","E24000005","E30000272","E16000150","E07000242","26UDGQ","E00119199","26UDGQ","E65000001","E01023467","E02004879","5","4D2","E00119199","E01023467","E02004879","E33027183","E38000049","E63011407","C1","6A4",51.831912,-0.167125,"E37000048","","E23000027",27434,"E56000035","E54000025","E00119199","E01023467","E02007093"
"AL6 0HF","AL6  0HF","AL6 0HF","198001","","E10000015","E58000638","E07000242","E05015368","E04004752","0","526568","0216390","1","E18000006","E40000007","E92000001","E12000006","5","E14001393","E15000006","E24000005","E30000272","E16000150","E07000242","26UDGX","E00119289","26UDGX","E65000001","E01023485","E02004887","5","4D1","E00119289","E01023485","E02004887","E33027223","E38000049","E63011407","C1","6A4",51.831792,-0.164605,"E37000048","","E23000027",23337,"E56000035","E54000025","E00119289","E01023485","E02004887"
"AL6 0HG","AL6  0HG","AL6 0HG","198001","","E10000015","E58000638","E07000242","E05015368","E04004752","0","526442","0216315","1","E18000006","E40000007","E92000001","E12000006","5","E14001393","E15000006","E24000005","E30000272","E16000150","E07000242","26UDGX","E00119289","26UDGX","E65000001","E01023485","E02004887","5","4D1","E00119289","E01023485","E02004887","E33027223","E38000049","E63011407","C1","6A4",51.831154,-0.166434,"E37000048","","E23000027",23337,"E56000035","E54000025","E00119289","E01023485","E02004887"
"AL6 0HH","AL6  0HH","AL6 0HH","198001","","E10000015","E58000638","E07000242","E05015368","E04004752","0","526526","0216200","1","E18000006","E40000007","E92000001","E12000006","5","E14001393","E15000006","E24000005","E30000272","E16000150","E07000242","26UDGX","E00119289","26UDGX","E65000001","E01023485","E02004887","5","4D1","E00119289","E01023485","E02004887","E33027223","E38000049","E63011407","C1","6A4",51.830094,-0.165283,"E37000048","","E23000027",23337,"E56000035","E54000025","E00119289","E01023485","E02004887"
"AL6 0HJ","AL6  0HJ","AL6 0HJ","198001","","E10000015","E58000638","E07000242","E05015368","E04004752","0","526767","0216224","1","E18000006","E40000007","E92000001","E12000006","5","E14001393","E15000006","E24000005","E30000272","E16000150","E07000242","26UDGX","E00119289","26UDGX","E65000001","E01023485","E02004887","5","4D1","E00119289","E01023485","E02004887","E33027223","E38000049","E63011407","C1","6A4",51.830255,-0.161779,"E37000048","","E23000027",23337,"E56000035","E54000025","E00119289","E01023485","E02004887"
"AL6 0HL","AL6  0HL","AL6 0HL","198001","","E10000015","E58000638","E07000242","E05015368","E04004752","0","526523","0215910","1","E18000006","E40000007","E92000001","E12000006","5","E14001393","E15000006","E24000005","E30000272","E16000150","E07000242","26UDGX","E00119289","26UDGX","E65000001","E01023485","E02004887","5","4D1","E00119289","E01023485","E02004887","E33027223","E38000049","E63011407","C1","6A4",51.827489,-0.165433,"E37000048","","E23000027",23337,"E56000035","E54000025","E00119289","E01023485","E02004887"
"AL6 0HN","AL6  0HN","AL6 0HN","198001","","E10000015","E58000638","E07000242","E05015368","E04004752","0","526388","0216074","1","E18000006","E40000007","E92000001","E12000006","5","E14001393","E15000006","E24000005","E30000272","E16000150","E07000242","26UDGX","E00119289","26UDGX","E65000001","E01023485","E02004887","5","4D1","E00119289","E01023485","E02004887","E33027223","E38000049","E63011407","C1","6A4",51.828993,-0.167331,"E37000048","","E23000027",23337,"E56000035","E54000025","E00119289","E01023485","E02004887"
"AL6 0HP","AL6  0HP","AL6 0HP","198001","","E10000015","E58000638","E07000242","E05015368","E04004752","0","526577","0216066","1","E18000006","E40000007","E92000001","E12000006","5","E14001393","E15000006","E24000005","E30000272","E16000150","E07000242","26UDGX","E00119289","26UDGX","E65000001","E01023485","E02004887","5","4D1","E00119289","E01023485","E02004887","E33027223","E38000049","E63011407","C1","6A4",51.828879,-0.164592,"E37000048","","E23000027",23337,"E56000035","E54000025","E00119289","E01023485","E02004887"
"AL6 0HQ","AL6  0HQ","AL6 0HQ","198001","","E10000015","E58000638","E07000242","E05015368","E04004752","0","526598","0216266","1","E18000006","E40000007","E92000001","E12000006","5","E14001393","E15000006","E24000005","E30000272","E16000150","E07000242","26UDGX","E00119289","26UDGX","E65000001","E01023485","E02004887","5","4D1","E00119289","E01023485","E02004887","E33027223","E38000049","E63011407","C1","6A4",51.830671,-0.164215,"E37000048","","E23000027",23337,"E56000035","E54000025","E00119289","E01023485","E02004887"
"AL6 0HR","AL6  0HR","AL6 0HR","198001","200108","E10000015","E58000623","E07000241","E05011069","E43000083","1","524487","0213299","1","E18000006","E40000007","E92000001","E12000006","5","E14001573","E15000006","E24000005","E30000272","E16000150","E07000241","26ULGX","E00121637","26ULGX","E65000001","E01023954","E02004986","5","5B2","E00121637","E01023954","E02004986","E33024496","E38000049","E63011463","C1","7A3",51.804482,-0.195898,"E37000048","","E23000027",7164,"E56000035","E54000025","E00190264","E01035604","E02004986"
"AL6 0HS","AL6  0HS","AL6 0HS","198307","200107","E10000015","E58000675","E07000241","E05011072","E04004822","1","525533","0216336","6","E18000006","E40000007","E92000001","E12000006","5","E14001573","E15000006","E24000005","E30000272","E16000150","E07000241","26ULHB","E00121718","26ULHB","E65000001","E01023971","E02004980","5","4B3","E00121718","E01023971","E02004980","E33027624","E38000049","E63011407","C1","6A1",51.831540,-0.179636,"E37000048","","E23000027",32577,"E56000035","E54000025","E00121718","E01023971","E02004980"
"AL6 0HT","AL6  0HT","AL6 0HT","199712","","E10000015","E58000638","E07000242","E05015368","E04004752","0","527090","0214675","1","E18000006","E40000007","E92000001","E12000006","5","E14001393","E15000006","E24000005","E30000272","E16000150","E07000242","26UDGY","E00119295","26UDGY","E65000001","E01023486","E02004887","5","4A2","E00119295","E01023486","E02004887","E33027219","E38000049","E63011431","E1","6B2",51.816262,-0.157662,"E37000048","","E23000027",24565,"E56000035","E54000025","E00119295","E01023486","E02004887"
"AL6 0HU","AL6  0HU","AL6 0HU","199507","","E10000015","E58000675","E07000241","E05011073","E04004822","0","524365","0217448","1","E18000006","E40000007","E92000001","E12000006","5","E14001573","E15000006","E24000005","E30000272","E16000150","E07000241","26ULHA","E00121697","26ULHA","E65000001","E01023966","E02004980","5","4B3","E00121697","E01023966","E02004980","E33027625","E38000049","E63011372","C1","6A1",51.841801,-0.196154,"E37000048","","E23000027",32373,"E56000035","E54000025","E00121697","E01023966","E02004980"
"AL6 0HW","AL6  0HW","AL6 0HW","198001","","E10000015","E58000638","E07000242","E05015354","E04004728","0","526343","0216311","1","E18000006","E40000007","E92000001","E12000006","5","E14001516","E15000006","E24000005","E30000272","E16000150","E07000242","26UDGQ","E00119199","26UDGQ","E65000001","E01023467","E02004879","5","4D2","E00119199","E01023467","E02004879","E33027183","E38000049","E63011407","C1","6A4",51.831133,-0.167897,"E37000048","","E23000027",27434,"E56000035","E54000025","E00119199","E01023467","E02007093"
"AL6 0HY","AL6  0HY","AL6 0HY","199002","199012","E10000015","E58000638","E07000242","E05015368","E04004752","1","527200","0214700","8","E18000006","E40000007","E92000001","E12000006","5","E14001393","E15000006","E24000005","E30000272","E16000150","E07000242","26UDGY","E00119297","26UDGY","E65000001","E01023486","E02004887","5","3A2","E00119297","E01023486","E02004887","E33027219","E38000049","E63011431","E1","1B2",51.816462,-0.156058,"E37000048","","E23000027",24565,"E56000035","E54000025","E00119297","E01023486","E02004887"
"AL6 0HZ","AL6  0HZ","AL6 0HZ","198307","","E10000015","E58000638","E07000242","E05015368","E04004752","0","527159","0214625","1","E18000006","E40000007","E92000001","E12000006","5","E14001393","E15000006","E24000005","E30000272","E16000150","E07000242","26UDGY","E00119295","26UDGY","E65000001","E01023486","E02004887","5","4A2","E00119295","E01023486","E02004887","E33027219","E38000049","E63011431","E1","6B2",51.815797,-0.156680,"E37000048","","E23000027",24565,"E56000035","E54000025","E00119295","E01023486","E02004887"
"AL6 0JA","AL6  0JA","AL6 0JA","199109","200812","E10000015","E58000623","E07000241","E05011069","E43000083","1","524487","0213299","1","E18000006","E40000007","E92000001","E12000006","5","E14001573","E15000006","E24000005","E30000272","E16000150","E07000241","26ULGX","E00121637","26ULGX","E65000001","E01023954","E02004986","5","5B2","E00121637","E01023954","E02004986","E33024496","E38000049","E63011463","C1","7A3",51.804482,-0.195898,"E37000048","","E23000027",7164,"E56000035","E54000025","E00190264","E01035604","E02004986"
"AL6 0JB","AL6  0JB","AL6 0JB","198307","","E10000015","E58000638","E07000242","E05015368","E04004752","0","526615","0214079","1","E18000006","E40000007","E92000001","E12000006","5","E14001393","E15000006","E24000005","E30000272","E16000150","E07000242","26UDGY","E00119295","26UDGY","E65000001","E01023486","E02004887","5","4A2","E00119295","E01023486","E02004887","E33027219","E38000049","","E1","6B2",51.811021,-0.164741,"E37000048","","E23000027",24565,"E56000035","E54000025","E00119295","E01023486","E02004887"
"AL6 0JD","AL6  0JD","AL6 0JD","198001","","E10000015","E58000638","E07000242","E05015368","E04004752","0","527202","0213443","1","E18000006","E40000007","E92000001","E12000006","5","E14001393","E15000006","E24000005","E30000272","E16000150","E07000242","26UDGY","E00119297","26UDGY","E65000001","E01023486","E02004887","5","3A2","E00119297","E01023486","E02004887","E33027219","E38000049","","E1","1B2",51.805166,-0.156490,"E37000048","","E23000027",24565,"E56000035","E54000025","E00119297","E01023486","E02004887"
"AL6 0JE","AL6  0JE","AL6 0JE","198001","","E10000015","E58000622","E07000241","E05011068","E43000083","0","527296","0213210","1","E18000006","E40000007","E92000001","E12000006","5","E14001573","E15000006","E24000005","E30000272","E16000150","E07000241","26ULGW","E00121615","26ULGW","E65000001","E01023950","E02004984","5","6D1","E00121615","E01023950","E02004984","E33027637","E38000049","","C1","5A2",51.803057,-0.155187,"E37000048","","E23000027",28284,"E56000035","E54000025","E00121615","E01023950","E02004984"
"AL6 0JF","AL6  0JF","AL6 0JF","199706","202110","E10000015","E58000638","E07000242","E05015368","E04004752","0","527061","0214263","1","E18000006","E40000007","E92000001","E12000006","5","E14001393","E15000006","E24000005","E30000272","E16000150","E07000242","26UDGY","E00119295","26UDGY","E65000001","E01023486","E02004887","5","4A2","E00119295","E01023486","E02004887","E33027219","E38000049","","E1","6B2",51.812567,-0.158234,"E37000048","","E23000027",24565,"E56000035","E54000025","E00119295","E01023486","E02004887"
"AL6 0JG","AL6  0JG","AL6 0JG","198001","201702","E10000015","E58000638","E07000242","E05015368","E04004752","1","527162","0213710","1","E18000006","E40000007","E92000001","E12000006","5","E14001393","E15000006","E24000005","E30000272","E16000150","E07000242","26UDGY","E00119297","26UDGY","E65000001","E01023486","E02004887","5","3A2","E00119297","E01023486","E02004887","E33027219","E38000049","","E1","1B2",51.807574,-0.156972,"E37000048","","E23000027",24565,"E56000035","E54000025","E00119297","E01023486","E02004887"
"AL6 0JH","AL6  0JH","AL6 0JH","199606","200107","E10000015","E58000675","E07000241","E05011072","E04004822","1","525533","0216336","6","E18000006","E40000007","E92000001","E12000006","5","E14001573","E15000006","E24000005","E30000272","E16000150","E07000241","26ULHB","E00121718","26ULHB","E65000001","E01023971","E02004980","5","4B3","E00121718","E01023971","E02004980","E33027624","E38000049","E63011407","C1","6A1",51.831540,-0.179636,"E37000048","","E23000027",32577,"E56000035","E54000025","E00121718","E01023971","E02004980"
"AL6 0JJ","AL6  0JJ","AL6 0JJ","198001","","E10000015","E58000638","E07000242","E05015368","E04004752","0","527155","0214425","1","E18000006","E40000007","E92000001","E12000006","5","E14001393","E15000006","E24000005","E30000272","E16000150","E07000242","26UDGY","E00119297","26UDGY","E65000001","E01023486","E02004887","5","3A2","E00119297","E01023486","E02004887","E33027219","E38000049","E63011431","E1","1B2",51.814001,-0.156811,"E37000048","","E23000027",24565,"E56000035","E54000025","E00119297","E01023486","E02004887"
"AL6 0JL","AL6  0JL","AL6 0JL","198001","","E10000015","E58000638","E07000242","E05015368","E04004752","0","527158","0214306","1","E18000006","E40000007","E92000001","E12000006","5","E14001393","E15000006","E24000005","E30000272","E16000150","E07000242","26UDGY","E00119297","26UDGY","E65000001","E01023486","E02004887","5","3A2","E00119297","E01023486","E02004887","E33027219","E38000049","E63011431","E1","1B2",51.812931,-0.156812,"E37000048","","E23000027",24565,"E56000035","E54000025","E00119297","E01023486","E02004887"
"AL6 0JN","AL6  0JN","AL6 0JN","198001","","E10000015","E58000638","E07000242","E05015368","E04004752","0","526848","0214478","1","E18000006","E40000007","E92000001","E12000006","5","E14001393","E15000006","E24000005","E30000272","E16000150","E07000242","26UDGY","E00119295","26UDGY","E65000001","E01023486","E02004887","5","4A2","E00119295","E01023486","E02004887","E33027219","E38000049","","E1","6B2",51.814553,-0.161217,"E37000048","","E23000027",24565,"E56000035","E54000025","E00119295","E01023486","E02004887"
"AL6 0JP","AL6  0JP","AL6 0JP","198001","","E10000015","E58000638","E07000242","E05015368","E04004752","0","526734","0214622","1","E18000006","E40000007","E92000001","E12000006","5","E14001393","E15000006","E24000005","E30000272","E16000150","E07000242","26UDGY","E00119295","26UDGY","E65000001","E01023486","E02004887","5","4A2","E00119295","E01023486","E02004887","E33027219","E38000049","","E1","6B2",51.815867,-0.162843,"E37000048","","E23000027",24565,"E56000035","E54000025","E00119295","E01023486","E02004887"
"AL6 0JQ","AL6  0JQ","AL6 0JQ","198001","","E10000015","E58000638","E07000242","E05015368","E04004752","0","527162","0213710","1","E18000006","E40000007","E92000001","E12000006","5","E14001393","E15000006","E24000005","E30000272","E16000150","E07000242","26UDGY","E00119297","26UDGY","E65000001","E01023486","E02004887","5","3A2","E00119297","E01023486","E02004887","E33027219","E38000049","","E1","1B2",51.807574,-0.156972,"E37000048","","E23000027",24565,"E56000035","E54000025","E00119297","E01023486","E02004887"
"AL6 0JR","AL6  0JR","AL6 0JR","198001","","E10000015","E58000638","E07000242","E05015368","E04004752","0","527120","0214528","1","E18000006","E40000007","E92000001","E12000006","5","E14001393","E15000006","E24000005","E30000272","E16000150","E07000242","26UDGY","E00119297","26UDGY","E65000001","E01023486","E02004887","5","3A2","E00119297","E01023486","E02004887","E33027219","E38000049","E63011431","E1","1B2",51.814935,-0.157281,"E37000048","","E23000027",24565,"E56000035","E54000025","E00119297","E01023486","E02004887"
"AL6 0JS","AL6  0JS","AL6 0JS","198001","","E10000015","E58000638","E07000242","E05015368","E04004752","0","527268","0214683","1","E18000006","E40000007","E92000001","E12000006","5","E14001393","E15000006","E24000005","E30000272","E16000150","E07000242","26UDGY","E00119296","26UDGY","E65000001","E01023486","E02004887","5","6A1","E00119296","E01023486","E02004887","E33027219","E38000049","E63011431","E1","6B2",51.816294,-0.155078,"E37000048","","E23000027",24565,"E56000035","E54000025","E00119296","E01023486","E02004887"
"AL6 0JT","AL6  0JT","AL6 0JT","198001","","E10000015","E58000638","E07000242","E05015368","E04004752","0","527288","0214594","1","E18000006","E40000007","E92000001","E12000006","5","E14001393","E15000006","E24000005","E30000272","E16000150","E07000242","26UDGY","E00119297","26UDGY","E65000001","E01023486","E02004887","5","3A2","E00119297","E01023486","E02004887","E33027219","E38000049","E63011431","E1","1B2",51.815489,-0.154821,"E37000048","","E23000027",24565,"E56000035","E54000025","E00119297","E01023486","E02004887"
"AL6 0JU","AL6  0JU","AL6 0JU","198001","","E10000015","E58000638","E07000242","E05015368","E04004752","0","527216","0214547","1","E18000006","E40000007","E92000001","E12000006","5","E14001393","E15000006","E24000005","E30000272","E16000150","E07000242","26UDGY","E00119297","26UDGY","E65000001","E01023486","E02004887","5","3A2","E00119297","E01023486","E02004887","E33027219","E38000049","E63011431","E1","1B2",51.815083,-0.155882,"E37000048","","E23000027",24565,"E56000035","E54000025","E00119297","E01023486","E02004887"
"AL6 0JW","AL6  0JW","AL6 0JW","198001","","E10000015","E58000638","E07000242","E05015368","E04004752","0","526645","0214529","1","E18000006","E40000007","E92000001","E12000006","5","E14001393","E15000006","E24000005","E30000272","E16000150","E07000242","26UDGY","E00119295","26UDGY","E65000001","E01023486","E02004887","5","4A2","E00119295","E01023486","E02004887","E33027219","E38000049","","E1","6B2",51.815051,-0.164168,"E37000048","","E23000027",24565,"E56000035","E54000025","E00119295","E01023486","E02004887"
"AL6 0JX","AL6  0JX","AL6 0JX","198001","","E10000015","E58000638","E07000242","E05015368","E04004752","0","527203","0214660","1","E18000006","E40000007","E92000001","E12000006","5","E14001393","E15000006","E24000005","E30000272","E16000150","E07000242","26UDGY","E00119297","26UDGY","E65000001","E01023486","E02004887","5","3A2","E00119297","E01023486","E02004887","E33027219","E38000049","E63011431","E1","1B2",51.816102,-0.156029,"E37000048","","E23000027",24565,"E56000035","E54000025","E00119297","E01023486","E02004887"
"AL6 0JY","AL6  0JY","AL6 0JY","198001","","E10000015","E58000638","E07000242","E05015368","E04004752","0","527361","0214640","1","E18000006","E40000007","E92000001","E12000006","5","E14001393","E15000006","E24000005","E30000272","E16000150","E07000242","26UDGY","E00119296","26UDGY","E65000001","E01023486","E02004887","5","6A1","E00119296","E01023486","E02004887","E33027219","E38000049","E63011431","E1","6B2",51.815893,-0.153720,"E37000048","","E23000027",24565,"E56000035","E54000025","E00119296","E01023486","E02004887"
"AL6 0JZ","AL6  0JZ","AL6 0JZ","198001","","E10000015","E58000638","E07000242","E05015368","E04004752","0","527415","0214710","1","E18000006","E40000007","E92000001","E12000006","5","E14001393","E15000006","E24000005","E30000272","E16000150","E07000242","26UDGY","E00119296","26UDGY","E65000001","E01023486","E02004887","5","6A1","E00119296","E01023486","E02004887","E33027219","E38000049","E63011431","E1","6B2",51.816503,-0.152937,"E37000048","","E23000027",24565,"E56000035","E54000025","E00119296","E01023486","E02004887"
"AL6 0LA","AL6  0LA","AL6 0LA","198001","","E10000015","E58000638","E07000242","E05015368","E04004752","0","527280","0214729","1","E18000006","E40000007","E92000001","E12000006","5","E14001393","E15000006","E24000005","E30000272","E16000150","E07000242","26UDGY","E00119296","26UDGY","E65000001","E01023486","E02004887","5","6A1","E00119296","E01023486","E02004887","E33027219","E38000049","E63011431","E1","6B2",51.816704,-0.154888,"E37000048","","E23000027",24565,"E56000035","E54000025","E00119296","E01023486","E02004887"
"AL6 0LB","AL6  0LB","AL6 0LB","198001","","E10000015","E58000638","E07000242","E05015368","E04004752","0","527155","0214739","1","E18000006","E40000007","E92000001","E12000006","5","E14001393","E15000006","E24000005","E30000272","E16000150","E07000242","26UDGY","E00119295","26UDGY","E65000001","E01023486","E02004887","5","4A2","E00119295","E01023486","E02004887","E33027219","E38000049","E63011431","E1","6B2",51.816823,-0.156696,"E37000048","","E23000027",24565,"E56000035","E54000025","E00119295","E01023486","E02004887"
"AL6 0LD","AL6  0LD","AL6 0LD","199612","","E10000015","E58000638","E07000242","E05015368","E04004752","0","527220","0214806","1","E18000006","E40000007","E92000001","E12000006","5","E14001393","E15000006","E24000005","E30000272","E16000150","E07000242","26UDGY","E00119295","26UDGY","E65000001","E01023486","E02004887","5","4A2","E00119295","E01023486","E02004887","E33027219","E38000049","E63011431","E1","6B2",51.817410,-0.155729,"E37000048","","E23000027",24565,"E56000035","E54000025","E00119295","E01023486","E02004887"
"AL6 0LE","AL6  0LE","AL6 0LE","198001","","E10000015","E58000638","E07000242","E05015368","E04004752","0","527175","0215015","1","E18000006","E40000007","E92000001","E12000006","5","E14001393","E15000006","E24000005","E30000272","E16000150","E07000242","26UDGY","E00119295","26UDGY","E65000001","E01023486","E02004887","5","4A2","E00119295","E01023486","E02004887","E33027219","E38000049","E63011431","E1","6B2",51.819298,-0.156305,"E37000048","","E23000027",24565,"E56000035","E54000025","E00119295","E01023486","E02004887"
"AL6 0LF","AL6  0LF","AL6 0LF","198001","","E10000015","E58000638","E07000242","E05015368","E04004752","0","527265","0214889","1","E18000006","E40000007","E92000001","E12000006","5","E14001393","E15000006","E24000005","E30000272","E16000150","E07000242","26UDGY","E00119295","26UDGY","E65000001","E01023486","E02004887","5","4A2","E00119295","E01023486","E02004887","E33027219","E38000049","E63011431","E1","6B2",51.818146,-0.155046,"E37000048","","E23000027",24565,"E56000035","E54000025","E00119295","E01023486","E02004887"
"AL6 0LG","AL6  0LG","AL6 0LG","198001","","E10000015","E58000638","E07000242","E05015368","E04004752","0","527214","0214953","1","E18000006","E40000007","E92000001","E12000006","5","E14001393","E15000006","E24000005","E30000272","E16000150","E07000242","26UDGY","E00119296","26UDGY","E65000001","E01023486","E02004887","5","6A1","E00119296","E01023486","E02004887","E33027219","E38000049","E63011431","E1","6B2",51.818732,-0.155762,"E37000048","","E23000027",24565,"E56000035","E54000025","E00119296","E01023486","E02004887"
"AL6 0LH","AL6  0LH","AL6 0LH","198001","","E10000015","E58000638","E07000242","E05015368","E04004752","0","527266","0215228","1","E18000006","E40000007","E92000001","E12000006","5","E14001393","E15000006","E24000005","E30000272","E16000150","E07000242","26UDGY","E00119296","26UDGY","E65000001","E01023486","E02004887","5","6A1","E00119296","E01023486","E02004887","E33027219","E38000049","E63011431","E1","6B2",51.821198,-0.154881,"E37000048","","E23000027",24565,"E56000035","E54000025","E00119296","E01023486","E02004887"
"AL6 0LJ","AL6  0LJ","AL6 0LJ","198001","","E10000015","E58000638","E07000242","E05015368","E04004752","0","527177","0215334","1","E18000006","E40000007","E92000001","E12000006","5","E14001393","E15000006","E24000005","E30000272","E16000150","E07000242","26UDGX","E00119289","26UDGX","E65000001","E01023485","E02004887","5","4D1","E00119289","E01023485","E02004887","E33027223","E38000049","E63011431","C1","6A4",51.822165,-0.156159,"E37000048","","E23000027",23337,"E56000035","E54000025","E00119289","E01023485","E02004887"
"AL6 0LL","AL6  0LL","AL6 0LL","198001","","E10000015","E58000638","E07000242","E05015368","E04004752","0","527359","0215645","1","E18000006","E40000007","E92000001","E12000006","5","E14001393","E15000006","E24000005","E30000272","E16000150","E07000242","26UDGX","E00119289","26UDGX","E65000001","E01023485","E02004887","5","4D1","E00119289","E01023485","E02004887","E33027223","E38000049","","C1","6A4",51.824924,-0.153380,"E37000048","","E23000027",23337,"E56000035","E54000025","E00119289","E01023485","E02004887"
"AL6 0LN","AL6  0LN","AL6 0LN","198001","","E10000015","E58000638","E07000242","E05015368","E04004752","0","527774","0216073","1","E18000006","E40000007","E92000001","E12000006","5","E14001393","E15000006","E24000005","E30000272","E16000150","E07000242","26UDGX","E00119289","26UDGX","E65000001","E01023485","E02004887","5","4D1","E00119289","E01023485","E02004887","E33027223","E38000049","","C1","6A4",51.828669,-0.147229,"E37000048","","E23000027",23337,"E56000035","E54000025","E00119289","E01023485","E02004887"
"AL6 0LP","AL6  0LP","AL6 0LP","198001","","E10000015","E58000638","E07000242","E05015368","E04004752","0","527859","0216154","1","E18000006","E40000007","E92000001","E12000006","5","E14001393","E15000006","E24000005","E30000272","E16000150","E07000242","26UDGX","E00119289","26UDGX","E65000001","E01023485","E02004887","5","4D1","E00119289","E01023485","E02004887","E33027223","E38000049","","C1","6A4",51.829378,-0.145967,"E37000048","","E23000027",23337,"E56000035","E54000025","E00119289","E01023485","E02004887"
"AL6 0LQ","AL6  0LQ","AL6 0LQ","198001","","E10000015","E58000638","E07000242","E05015368","E04004752","0","527288","0215034","1","E18000006","E40000007","E92000001","E12000006","5","E14001393","E15000006","E24000005","E30000272","E16000150","E07000242","26UDGY","E00119296","26UDGY","E65000001","E01023486","E02004887","5","6A1","E00119296","E01023486","E02004887","E33027219","E38000049","E63011431","E1","6B2",51.819443,-0.154660,"E37000048","","E23000027",24565,"E56000035","E54000025","E00119296","E01023486","E02004887"
"AL6 0LR","AL6  0LR","AL6 0LR","198001","","E10000015","E58000638","E07000242","E05015368","E04004752","0","527736","0216252","1","E18000006","E40000007","E92000001","E12000006","5","E14001393","E15000006","E24000005","E30000272","E16000150","E07000242","26UDGX","E00119289","26UDGX","E65000001","E01023485","E02004887","5","4D1","E00119289","E01023485","E02004887","E33027223","E38000049","","C1","6A4",51.830293,-0.147688,"E37000048","","E23000027",23337,"E56000035","E54000025","E00119289","E01023485","E02004887"
"AL6 0LS","AL6  0LS","AL6 0LS","198001","","E10000015","E58000638","E07000242","E05015368","E04004752","0","527123","0214783","1","E18000006","E40000007","E92000001","E12000006","5","E14001393","E15000006","E24000005","E30000272","E16000150","E07000242","26UDGY","E00119295","26UDGY","E65000001","E01023486","E02004887","5","4A2","E00119295","E01023486","E02004887","E33027219","E38000049","E63011431","E1","6B2",51.817225,-0.157144,"E37000048","","E23000027",24565,"E56000035","E54000025","E00119295","E01023486","E02004887"
"AL6 0LT","AL6  0LT","AL6 0LT","198001","","E10000015","E58000638","E07000242","E05015368","E04004752","0","527587","0216795","1","E18000006","E40000007","E92000001","E12000006","5","E14001393","E15000006","E24000005","E30000272","E16000150","E07000242","26UDGX","E00119288","26UDGX","E65000001","E01023485","E02004887","5","4B3","E00119288","E01023485","E02004887","E33027223","E38000049","E63011407","C1","6A2",51.835200,-0.149676,"E37000048","","E23000027",23337,"E56000035","E54000025","E00119288","E01023485","E02004887"
"AL6 0LU","AL6  0LU","AL6 0LU","198001","","E10000015","E58000638","E07000242","E05015368","E04004752","0","527097","0215317","1","E18000006","E40000007","E92000001","E12000006","5","E14001393","E15000006","E24000005","E30000272","E16000150","E07000242","26UDGX","E00119289","26UDGX","E65000001","E01023485","E02004887","5","4D1","E00119289","E01023485","E02004887","E33027223","E38000049","E63011431","C1","6A4",51.822030,-0.157325,"E37000048","","E23000027",23337,"E56000035","E54000025","E00119289","E01023485","E02004887"
"AL6 0LW","AL6  0LW","AL6 0LW","198001","","E10000015","E58000638","E07000242","E05015368","E04004752","0","527788","0216180","1","E18000006","E40000007","E92000001","E12000006","5","E14001393","E15000006","E24000005","E30000272","E16000150","E07000242","26UDGX","E00119289","26UDGX","E65000001","E01023485","E02004887","5","4D1","E00119289","E01023485","E02004887","E33027223","E38000049","","C1","6A4",51.829634,-0.146961,"E37000048","","E23000027",23337,"E56000035","E54000025","E00119289","E01023485","E02004887"
"AL6 0LX","AL6  0LX","AL6 0LX","198001","","E10000015","E58000638","E07000242","E05015368","E04004752","0","527039","0215378","1","E18000006","E40000007","E92000001","E12000006","5","E14001393","E15000006","E24000005","E30000272","E16000150","E07000242","26UDGX","E00119289","26UDGX","E65000001","E01023485","E02004887","5","4D1","E00119289","E01023485","E02004887","E33027223","E38000049","E63011431","C1","6A4",51.822591,-0.158144,"E37000048","","E23000027",23337,"E56000035","E54000025","E00119289","E01023485","E02004887"
"AL6 0LY","AL6  0LY","AL6 0LY","198001","","E10000015","E58000638","E07000242","E05015368","E04004752","0","526781","0215447","1","E18000006","E40000007","E92000001","E12000006","5","E14001393","E15000006","E24000005","E30000272","E16000150","E07000242","26UDGX","E00119289","26UDGX","E65000001","E01023485","E02004887","5","4D1","E00119289","E01023485","E02004887","E33027223","E38000049","E63011407","C1","6A4",51.823270,-0.161860,"E37000048","","E23000027",23337,"E56000035","E54000025","E00119289","E01023485","E02004887"
"AL6 0LZ","AL6  0LZ","AL6 0LZ","198001","","E10000015","E58000638","E07000242","E05015368","E04004752","0","526667","0215612","1","E18000006","E40000007","E92000001","E12000006","5","E14001393","E15000006","E24000005","E30000272","E16000150","E07000242","26UDGX","E00119289","26UDGX","E65000001","E01023485","E02004887","5","4D1","E00119289","E01023485","E02004887","E33027223","E38000049","E63011407","C1","6A4",51.824778,-0.163453,"E37000048","","E23000027",23337,"E56000035","E54000025","E00119289","E01023485","E02004887"
"AL6 0NA","AL6  0NA","AL6 0NA","199412","199501","E10000015","E58000638","E07000242","E05015354","E04004728","1","526300","0216500","8","E18000006","E40000007","E92000001","E12000006","5","E14001516","E15000006","E24000005","E30000272","E16000150","E07000242","26UDGQ","E00119199","26UDGQ","E65000001","E01023467","E02004879","5","4D2","E00119199","E01023467","E02004879","E33027183","E38000049","E63011407","C1","6A4",51.832841,-0.168452,"E37000048","","E23000027",27434,"E56000035","E54000025","E00119199","E01023467","E02007093"
"AL6 0NB","AL6  0NB","AL6 0NB","199412","199501","E10000015","E58000638","E07000242","E05015354","E04004728","1","526300","0216500","8","E18000006","E40000007","E92000001","E12000006","5","E14001516","E15000006","E24000005","E30000272","E16000150","E07000242","26UDGQ","E00119199","26UDGQ","E65000001","E01023467","E02004879","5","4D2","E00119199","E01023467","E02004879","E33027183","E38000049","E63011407","C1","6A4",51.832841,-0.168452,"E37000048","","E23000027",27434,"E56000035","E54000025","E00119199","E01023467","E02007093"
"AL6 0ND","AL6  0ND","AL6 0ND","199301","201611","E10000015","E58000623","E07000241","E05011069","E43000083","1","524487","0213299","1","E18000006","E40000007","E92000001","E12000006","5","E14001573","E15000006","E24000005","E30000272","E16000150","E07000241","26ULGX","E00121637","26ULGX","E65000001","E01023954","E02004986","5","5B2","E00121637","E01023954","E02004986","E33024496","E38000049","E63011463","C1","7A3",51.804482,-0.195898,"E37000048","","E23000027",7164,"E56000035","E54000025","E00190264","E01035604","E02004986"
"AL6 0NE","AL6  0NE","AL6 0NE","199405","200101","E10000015","E58000675","E07000241","E05011072","E04004822","1","525533","0216336","6","E18000006","E40000007","E92000001","E12000006","5","E14001573","E15000006","E24000005","E30000272","E16000150","E07000241","26ULHB","E00121718","26ULHB","E65000001","E01023971","E02004980","5","4B3","E00121718","E01023971","E02004980","E33027624","E38000049","E63011407","C1","6A1",51.831540,-0.179636,"E37000048","","E23000027",32577,"E56000035","E54000025","E00121718","E01023971","E02004980"
"AL6 0NF","AL6  0NF","AL6 0NF","199812","199912","E10000015","E58000675","E07000241","E05011072","E04004822","1","525613","0216460","6","E18000006","E40000007","E92000001","E12000006","5","E14001573","E15000006","E24000005","E30000272","E16000150","E07000241","26ULHB","E00121718","26ULHB","E65000001","E01023971","E02004980","5","4B3","E00121718","E01023971","E02004980","E33027624","E38000049","E63011407","C1","6A1",51.832637,-0.178431,"E37000048","","E23000027",32577,"E56000035","E54000025","E00121718","E01023971","E02004980"
"AL6 0NG","AL6  0NG","AL6 0NG","198704","","E10000015","E58000675","E07000241","E05011073","E04004822","0","524073","0217269","1","E18000006","E40000007","E92000001","E12000006","5","E14001573","E15000006","E24000005","E30000272","E16000150","E07000241","26ULHA","E00121693","26ULHA","E65000001","E01023966","E02004980","5","4D2","E00121693","E01023966","E02004980","E33027625","E38000049","E63011372","C1","6A4",51.840257,-0.200455,"E37000048","","E23000027",32373,"E56000035","E54000025","E00121693","E01023966","E02004980"
"AL6 0NH","AL6  0NH","AL6 0NH","198001","","E10000015","E58000638","E07000242","E05015354","E04004728","0","526569","0216613","1","E18000006","E40000007","E92000001","E12000006","5","E14001516","E15000006","E24000005","E30000272","E16000150","E07000242","26UDGQ","E00119199","26UDGQ","E65000001","E01023467","E02004879","5","4D2","E00119199","E01023467","E02004879","E33027183","E38000049","E63011407","C1","6A4",51.833803,-0.164483,"E37000048","","E23000027",27434,"E56000035","E54000025","E00119199","E01023467","E02007093"
"AL6 0NJ","AL6  0NJ","AL6 0NJ","198001","","E10000015","E58000638","E07000242","E05015354","E04004728","0","526843","0216912","1","E18000006","E40000007","E92000001","E12000006","5","E14001516","E15000006","E24000005","E30000272","E16000150","E07000242","26UDGQ","E00119199","26UDGQ","E65000001","E01023467","E02004879","5","4D2","E00119199","E01023467","E02004879","E33027183","E38000049","E63011407","C1","6A4",51.836421,-0.160425,"E37000048","","E23000027",27434,"E56000035","E54000025","E00119199","E01023467","E02007093"
"AL6 0NL","AL6  0NL","AL6 0NL","198001","","E10000015","E58000638","E07000242","E05015354","E04004728","0","527031","0216889","1","E18000006","E40000007","E92000001","E12000006","5","E14001516","E15000006","E24000005","E30000272","E16000150","E07000242","26UDGQ","E00119199","26UDGQ","E65000001","E01023467","E02004879","5","4D2","E00119199","E01023467","E02004879","E33027183","E38000049","E63011407","C1","6A4",51.836171,-0.157706,"E37000048","","E23000027",27434,"E56000035","E54000025","E00119199","E01023467","E02007093"
"AL6 0NN","AL6  0NN","AL6 0NN","198001","","E10000015","E58000638","E07000242","E05015354","E04004728","0","527111","0216835","1","E18000006","E40000007","E92000001","E12000006","5","E14001516","E15000006","E24000005","E30000272","E16000150","E07000242","26UDGQ","E00119199","26UDGQ","E65000001","E01023467","E02004879","5","4D2","E00119199","E01023467","E02004879","E33027183","E38000049","E63011407","C1","6A4",51.835668,-0.156565,"E37000048","","E23000027",27434,"E56000035","E54000025","E00119199","E01023467","E02007093"
"AL6 0NP","AL6  0NP","AL6 0NP","198001","","E10000015","E58000638","E07000242","E05015368","E04004752","0","526943","0216673","1","E18000006","E40000007","E92000001","E12000006","5","E14001393","E15000006","E24000005","E30000272","E16000150","E07000242","26UDGX","E00119288","26UDGX","E65000001","E01023485","E02004887","5","4B3","E00119288","E01023485","E02004887","E33027223","E38000049","E63011407","C1","6A2",51.834250,-0.159062,"E37000048","","E23000027",23337,"E56000035","E54000025","E00119288","E01023485","E02004887"
"AL6 0NQ","AL6  0NQ","AL6 0NQ","198001","","E10000015","E58000638","E07000242","E05015354","E04004728","0","526328","0216538","1","E18000006","E40000007","E92000001","E12000006","5","E14001516","E15000006","E24000005","E30000272","E16000150","E07000242","26UDGQ","E00119199","26UDGQ","E65000001","E01023467","E02004879","5","4D2","E00119199","E01023467","E02004879","E33027183","E38000049","E63011407","C1","6A4",51.833177,-0.168032,"E37000048","","E23000027",27434,"E56000035","E54000025","E00119199","E01023467","E02007093"
"AL6 0NR","AL6  0NR","AL6 0NR","198001","","E10000015","E58000638","E07000242","E05015368","E04004752","0","526881","0216515","1","E18000006","E40000007","E92000001","E12000006","5","E14001393","E15000006","E24000005","E30000272","E16000150","E07000242","26UDGX","E00119288","26UDGX","E65000001","E01023485","E02004887","5","4B3","E00119288","E01023485","E02004887","E33027223","E38000049","E63011407","C1","6A2",51.832845,-0.160019,"E37000048","","E23000027",23337,"E56000035","E54000025","E00119288","E01023485","E02004887"
"AL6 0NS","AL6  0NS","AL6 0NS","198001","","E10000015","E58000638","E07000242","E05015368","E04004752","0","526977","0216485","1","E18000006","E40000007","E92000001","E12000006","5","E14001393","E15000006","E24000005","E30000272","E16000150","E07000242","26UDGX","E00119288","26UDGX","E65000001","E01023485","E02004887","5","4B3","E00119288","E01023485","E02004887","E33027223","E38000049","E63011407","C1","6A2",51.832553,-0.158637,"E37000048","","E23000027",23337,"E56000035","E54000025","E00119288","E01023485","E02004887"
"AL6 0NT","AL6  0NT","AL6 0NT","199812","199906","E10000015","E58000638","E07000242","E05015368","E04004752","1","526800","0216300","8","E18000006","E40000007","E92000001","E12000006","5","E14001393","E15000006","E24000005","E30000272","E16000150","E07000242","26UDGX","E00119288","26UDGX","E65000001","E01023485","E02004887","5","4B3","E00119288","E01023485","E02004887","E33027223","E38000049","E63011407","C1","6A2",51.830931,-0.161272,"E37000048","","E23000027",23337,"E56000035","E54000025","E00119288","E01023485","E02004887"
"AL6 0NU","AL6  0NU","AL6 0NU","198001","","E10000015","E58000638","E07000242","E05015368","E04004752","0","526760","0216418","1","E18000006","E40000007","E92000001","E12000006","5","E14001393","E15000006","E24000005","E30000272","E16000150","E07000242","26UDGX","E00119288","26UDGX","E65000001","E01023485","E02004887","5","4B3","E00119288","E01023485","E02004887","E33027223","E38000049","E63011407","C1","6A2",51.832000,-0.161809,"E37000048","","E23000027",23337,"E56000035","E54000025","E00119288","E01023485","E02004887"
"AL6 0NW","AL6  0NW","AL6 0NW","198001","","E10000015","E58000638","E07000242","E05015368","E04004752","0","526993","0216689","1","E18000006","E40000007","E92000001","E12000006","5","E14001393","E15000006","E24000005","E30000272","E16000150","E07000242","26UDGX","E00119288","26UDGX","E65000001","E01023485","E02004887","5","4B3","E00119288","E01023485","E02004887","E33027223","E38000049","E63011407","C1","6A2",51.834383,-0.158331,"E37000048","","E23000027",23337,"E56000035","E54000025","E00119288","E01023485","E02004887"
"AL6 0NX","AL6  0NX","AL6 0NX","198001","","E10000015","E58000638","E07000242","E05015368","E04004752","0","526834","0216403","1","E18000006","E40000007","E92000001","E12000006","5","E14001393","E15000006","E24000005","E30000272","E16000150","E07000242","26UDGX","E00119288","26UDGX","E65000001","E01023485","E02004887","5","4B3","E00119288","E01023485","E02004887","E33027223","E38000049","E63011407","C1","6A2",51.831849,-0.160742,"E37000048","","E23000027",23337,"E56000035","E54000025","E00119288","E01023485","E02004887"
"AL6 0NY","AL6  0NY","AL6 0NY","198001","","E10000015","E58000638","E07000242","E05015368","E04004752","0","527052","0216406","1","E18000006","E40000007","E92000001","E12000006","5","E14001393","E15000006","E24000005","E30000272","E16000150","E07000242","26UDGX","E00119288","26UDGX","E65000001","E01023485","E02004887","5","4B3","E00119288","E01023485","E02004887","E33027223","E38000049","E63011407","C1","6A2",51.831826,-0.157579,"E37000048","","E23000027",23337,"E56000035","E54000025","E00119288","E01023485","E02004887"
"AL6 0NZ","AL6  0NZ","AL6 0NZ","198001","","E10000015","E58000638","E07000242","E05015368","E04004752","0","527126","0216397","1","E18000006","E40000007","E92000001","E12000006","5","E14001393","E15000006","E24000005","E30000272","E16000150","E07000242","26UDGX","E00119288","26UDGX","E65000001","E01023485","E02004887","5","4B3","E00119288","E01023485","E02004887","E33027223","E38000049","E63011407","C1","6A2",51.831729,-0.156509,"E37000048","","E23000027",23337,"E56000035","E54000025","E00119288","E01023485","E02004887"
"AL6 0PA","AL6  0PA","AL6 0PA","198001","","E10000015","E58000638","E07000242","E05015368","E04004752","0","526892","0216095","1","E18000006","E40000007","E92000001","E12000006","5","E14001393","E15000006","E24000005","E30000272","E16000150","E07000242","26UDGX","E00119289","26UDGX","E65000001","E01023485","E02004887","5","4D1","E00119289","E01023485","E02004887","E33027223","E38000049","E63011407","C1","6A4",51.829068,-0.160013,"E37000048","","E23000027",23337,"E56000035","E54000025","E00119289","E01023485","E02004887"
"AL6 0PB","AL6  0PB","AL6 0PB","198001","","E10000015","E58000638","E07000242","E05015368","E04004752","0","526777","0216154","1","E18000006","E40000007","E92000001","E12000006","5","E14001393","E15000006","E24000005","E30000272","E16000150","E07000242","26UDGX","E00119289","26UDGX","E65000001","E01023485","E02004887","5","4D1","E00119289","E01023485","E02004887","E33027223","E38000049","E63011407","C1","6A4",51.829624,-0.161659,"E37000048","","E23000027",23337,"E56000035","E54000025","E00119289","E01023485","E02004887"
"AL6 0PD","AL6  0PD","AL6 0PD","198001","","E10000015","E58000638","E07000242","E05015368","E04004752","0","526757","0216049","1","E18000006","E40000007","E92000001","E12000006","5","E14001393","E15000006","E24000005","E30000272","E16000150","E07000242","26UDGX","E00119289","26UDGX","E65000001","E01023485","E02004887","5","4D1","E00119289","E01023485","E02004887","E33027223","E38000049","E63011407","C1","6A4",51.828685,-0.161988,"E37000048","","E23000027",23337,"E56000035","E54000025","E00119289","E01023485","E02004887"
"AL6 0PE","AL6  0PE","AL6 0PE","198001","","E10000015","E58000638","E07000242","E05015354","E04004728","0","526313","0216657","1","E18000006","E40000007","E92000001","E12000006","5","E14001516","E15000006","E24000005","E30000272","E16000150","E07000242","26UDGQ","E00119199","26UDGQ","E65000001","E01023467","E02004879","5","4D2","E00119199","E01023467","E02004879","E33027183","E38000049","E63011407","C1","6A4",51.834249,-0.168206,"E37000048","","E23000027",27434,"E56000035","E54000025","E00119199","E01023467","E02007093"
"AL6 0PF","AL6  0PF","AL6 0PF","199208","199912","E10000015","E58000675","E07000241","E05011072","E04004822","1","525613","0216460","6","E18000006","E40000007","E92000001","E12000006","5","E14001573","E15000006","E24000005","E30000272","E16000150","E07000241","26ULHB","E00121718","26ULHB","E65000001","E01023971","E02004980","5","4B3","E00121718","E01023971","E02004980","E33027624","E38000049","E63011407","C1","6A1",51.832637,-0.178431,"E37000048","","E23000027",32577,"E56000035","E54000025","E00121718","E01023971","E02004980"
"AL6 0PG","AL6  0PG","AL6 0PG","199002","","E10000015","E58000646","E07000099","E05015768","E04004773","0","524072","0217659","1","E18000006","E40000007","E92000001","E12000006","5","E14001516","E15000006","E24000005","E30000272","E16000150","E07000099","26UFGT","E00119992","26UFGT","E65000001","E01023627","E02004923","5","3C1","E00119992","E01023627","E02004923","E33027397","E38000049","E63011372","C1","6A1",51.843762,-0.200329,"E37000048","","E23000027",25694,"E56000035","E54000025","E00119992","E01023627","E02004923"
"AL6 0PH","AL6  0PH","AL6 0PH","198001","","E10000015","E58000675","E07000241","E05011073","E04004822","0","524441","0217472","1","E18000006","E40000007","E92000001","E12000006","5","E14001573","E15000006","E24000005","E30000272","E16000150","E07000241","26ULHA","E00121689","26ULHA","E65000001","E01023966","E02004980","5","4D1","E00121689","E01023966","E02004980","E33027625","E38000049","E63011372","C1","5B1",51.841993,-0.195067,"E37000048","","E23000027",32373,"E56000035","E54000025","E00121689","E01023966","E02004980"
"AL6 0PJ","AL6  0PJ","AL6 0PJ","198001","","E10000015","E58000675","E07000241","E05011073","E04004822","0","524089","0217392","1","E18000006","E40000007","E92000001","E12000006","5","E14001573","E15000006","E24000005","E30000272","E16000150","E07000241","26ULHA","E00121697","26ULHA","E65000001","E01023966","E02004980","5","4B3","E00121697","E01023966","E02004980","E33027625","E38000049","E63011372","C1","6A1",51.841359,-0.200178,"E37000048","","E23000027",32373,"E56000035","E54000025","E00121697","E01023966","E02004980"
"AL6 0PL","AL6  0PL","AL6 0PL","198001","","E10000015","E58000675","E07000241","E05011073","E04004822","0","523885","0217005","1","E18000006","E40000007","E92000001","E12000006","5","E14001573","E15000006","E24000005","E30000272","E16000150","E07000241","26ULHB","E00121712","26ULHB","E65000001","E01023968","E02004981","5","4D2","E00121712","E01023968","E02004981","E33027631","E38000049","E63011372","C1","6A4",51.837927,-0.203276,"E37000048","","E23000027",27444,"E56000035","E54000025","E00121712","E01023968","E02004981"
"AL6 0PN","AL6  0PN","AL6 0PN","198001","","E10000015","E58000675","E07000241","E05011073","E04004822","0","523947","0217177","1","E18000006","E40000007","E92000001","E12000006","5","E14001573","E15000006","E24000005","E30000272","E16000150","E07000241","26ULHA","E00121693","26ULHA","E65000001","E01023966","E02004980","5","4D2","E00121693","E01023966","E02004980","E33027625","E38000049","E63011372","C1","6A4",51.839459,-0.202315,"E37000048","","E23000027",32373,"E56000035","E54000025","E00121693","E01023966","E02004980"
"AL6 0PP","AL6  0PP","AL6 0PP","198001","","E10000015","E58000675","E07000241","E05011073","E04004822","0","523833","0217547","1","E18000006","E40000007","E92000001","E12000006","5","E14001573","E15000006","E24000005","E30000272","E16000150","E07000241","26ULHA","E00121693","26ULHA","E65000001","E01023966","E02004980","5","4D2","E00121693","E01023966","E02004980","E33027625","E38000049","E63011372","C1","6A4",51.842809,-0.203837,"E37000048","","E23000027",32373,"E56000035","E54000025","E00121693","E01023966","E02004980"
"AL6 0PQ","AL6  0PQ","AL6 0PQ","199002","","E10000015","E58000646","E07000099","E05015768","E04004773","0","524107","0217719","1","E18000006","E40000007","E92000001","E12000006","5","E14001516","E15000006","E24000005","E30000272","E16000150","E07000099","26UFGT","E00119992","26UFGT","E65000001","E01023627","E02004923","5","3C1","E00119992","E01023627","E02004923","E33027397","E38000049","E63011372","C1","6A1",51.844294,-0.199800,"E37000048","","E23000027",25694,"E56000035","E54000025","E00119992","E01023627","E02004923"
"AL6 0PR","AL6  0PR","AL6 0PR","198001","","E10000015","E58000675","E07000241","E05011073","E04004822","0","523987","0217447","1","E18000006","E40000007","E92000001","E12000006","5","E14001573","E15000006","E24000005","E30000272","E16000150","E07000241","26ULHA","E00121697","26ULHA","E65000001","E01023966","E02004980","5","4B3","E00121697","E01023966","E02004980","E33027625","E38000049","E63011372","C1","6A1",51.841876,-0.201638,"E37000048","","E23000027",32373,"E56000035","E54000025","E00121697","E01023966","E02004980"
"AL6 0PS","AL6  0PS","AL6 0PS","198001","","E10000015","E58000675","E07000241","E05011073","E04004822","0","524171","0217244","1","E18000006","E40000007","E92000001","E12000006","5","E14001573","E15000006","E24000005","E30000272","E16000150","E07000241","26ULHA","E00121693","26ULHA","E65000001","E01023966","E02004980","5","4D2","E00121693","E01023966","E02004980","E33027625","E38000049","E63011372","C1","6A4",51.840011,-0.199042,"E37000048","","E23000027",32373,"E56000035","E54000025","E00121693","E01023966","E02004980"
"AL6 0PT","AL6  0PT","AL6 0PT","198001","","E10000015","E58000675","E07000241","E05011073","E04004822","0","524176","0217375","1","E18000006","E40000007","E92000001","E12000006","5","E14001573","E15000006","E24000005","E30000272","E16000150","E07000241","26ULHA","E00121697","26ULHA","E65000001","E01023966","E02004980","5","4B3","E00121697","E01023966","E02004980","E33027625","E38000049","E63011372","C1","6A1",51.841187,-0.198922,"E37000048","","E23000027",32373,"E56000035","E54000025","E00121697","E01023966","E02004980"
"AL6 0PU","AL6  0PU","AL6 0PU","198001","","E10000015","E58000675","E07000241","E05011073","E04004822","0","524187","0217414","1","E18000006","E40000007","E92000001","E12000006","5","E14001573","E15000006","E24000005","E30000272","E16000150","E07000241","26ULHA","E00121697","26ULHA","E65000001","E01023966","E02004980","5","4B3","E00121697","E01023966","E02004980","E33027625","E38000049","E63011372","C1","6A1",51.841535,-0.198749,"E37000048","","E23000027",32373,"E56000035","E54000025","E00121697","E01023966","E02004980"
"AL6 0PW","AL6  0PW","AL6 0PW","198001","","E10000015","E58000675","E07000241","E05011073","E04004822","0","523788","0217468","1","E18000006","E40000007","E92000001","E12000006","5","E14001573","E15000006","E24000005","E30000272","E16000150","E07000241","26ULHA","E00121693","26ULHA","E65000001","E01023966","E02004980","5","4D2","E00121693","E01023966","E02004980","E33027625","E38000049","E63011372","C1","6A4",51.842109,-0.204518,"E37000048","","E23000027",32373,"E56000035","E54000025","E00121693","E01023966","E02004980"
"AL6 0PX","AL6  0PX","AL6 0PX","198001","","E10000015","E58000675","E07000241","E05011073","E04004822","0","524304","0217416","1","E18000006","E40000007","E92000001","E12000006","5","E14001573","E15000006","E24000005","E30000272","E16000150","E07000241","26ULHA","E00121697","26ULHA","E65000001","E01023966","E02004980","5","4B3","E00121697","E01023966","E02004980","E33027625","E38000049","E63011372","C1","6A1",51.841527,-0.197051,"E37000048","","E23000027",32373,"E56000035","E54000025","E00121697","E01023966","E02004980"
"AL6 0PY","AL6  0PY","AL6 0PY","198001","","E10000015","E58000675","E07000241","E05011073","E04004822","0","524321","0217602","1","E18000006","E40000007","E92000001","E12000006","5","E14001573","E15000006","E24000005","E30000272","E16000150","E07000241","26ULHA","E00121689","26ULHA","E65000001","E01023966","E02004980","5","4D1","E00121689","E01023966","E02004980","E33027625","E38000049","E63011372","C1","5B1",51.843195,-0.196737,"E37000048","","E23000027",32373,"E56000035","E54000025","E00121689","E01023966","E02004980"
"AL6 0PZ","AL6  0PZ","AL6 0PZ","198001","","E10000015","E58000675","E07000241","E05011073","E04004822","0","524170","0217790","1","E18000006","E40000007","E92000001","E12000006","5","E14001573","E15000006","E24000005","E30000272","E16000150","E07000241","26ULHA","E00121696","26ULHA","E65000001","E01023966","E02004980","5","4B4","E00121696","E01023966","E02004980","E33027625","E38000049","E63011372","C1","6A2",51.844918,-0.198860,"E37000048","","E23000027",32373,"E56000035","E54000025","E00121696","E01023966","E02004980"
"AL6 0QA","AL6  0QA","AL6 0QA","198001","","E10000015","E58000646","E07000099","E05015768","E04004773","0","524157","0217862","1","E18000006","E40000007","E92000001","E12000006","5","E14001516","E15000006","E24000005","E30000272","E16000150","E07000099","26UFGT","E00119992","26UFGT","E65000001","E01023627","E02004923","5","3C1","E00119992","E01023627","E02004923","E33027397","E38000049","E63011372","C1","6A1",51.845561,-0.199047,"E37000048","","E23000027",25694,"E56000035","E54000025","E00119992","E01023627","E02004923"
"AL6 0QB","AL6  0QB","AL6 0QB","198001","","E10000015","E58000675","E07000241","E05011073","E04004822","0","524512","0217816","1","E18000006","E40000007","E92000001","E12000006","5","E14001573","E15000006","E24000005","E30000272","E16000150","E07000241","26ULHA","E00121689","26ULHA","E65000001","E01023966","E02004980","5","4D1","E00121689","E01023966","E02004980","E33027625","E38000049","E63011372","C1","5B1",51.845076,-0.193889,"E37000048","","E23000027",32373,"E56000035","E54000025","E00121689","E01023966","E02004980"
"AL6 0QD","AL6  0QD","AL6 0QD","198001","","E10000015","E58000675","E07000241","E05011073","E04004822","0","524391","0217818","1","E18000006","E40000007","E92000001","E12000006","5","E14001573","E15000006","E24000005","E30000272","E16000150","E07000241","26ULHA","E00121689","26ULHA","E65000001","E01023966","E02004980","5","4D1","E00121689","E01023966","E02004980","E33027625","E38000049","E63011372","C1","5B1",51.845120,-0.195644,"E37000048","","E23000027",32373,"E56000035","E54000025","E00121689","E01023966","E02004980"
"AL6 0QE","AL6  0QE","AL6 0QE","198001","","E10000015","E58000675","E07000241","E05011073","E04004822","0","524457","0217904","1","E18000006","E40000007","E92000001","E12000006","5","E14001573","E15000006","E24000005","E30000272","E16000150","E07000241","26ULHA","E00121696","26ULHA","E65000001","E01023966","E02004980","5","4B4","E00121696","E01023966","E02004980","E33027625","E38000049","E63011372","C1","6A2",51.845879,-0.194655,"E37000048","","E23000027",32373,"E56000035","E54000025","E00121696","E01023966","E02004980"
"AL6 0QF","AL6  0QF","AL6 0QF","198001","","E10000015","E58000675","E07000241","E05011073","E04004822","0","524498","0217906","1","E18000006","E40000007","E92000001","E12000006","5","E14001573","E15000006","E24000005","E30000272","E16000150","E07000241","26ULHA","E00121696","26ULHA","E65000001","E01023966","E02004980","5","4B4","E00121696","E01023966","E02004980","E33027625","E38000049","E63011372","C1","6A2",51.845887,-0.194060,"E37000048","","E23000027",32373,"E56000035","E54000025","E00121696","E01023966","E02004980"
"AL6 0QG","AL6  0QG","AL6 0QG","198001","","E10000015","E58000675","E07000241","E05011073","E04004822","0","524515","0217637","1","E18000006","E40000007","E92000001","E12000006","5","E14001573","E15000006","E24000005","E30000272","E16000150","E07000241","26ULHA","E00121696","26ULHA","E65000001","E01023966","E02004980","5","4B4","E00121696","E01023966","E02004980","E33027625","E38000049","E63011372","C1","6A2",51.843466,-0.193910,"E37000048","","E23000027",32373,"E56000035","E54000025","E00121696","E01023966","E02004980"
"AL6 0QH","AL6  0QH","AL6 0QH","198001","","E10000015","E58000675","E07000241","E05011073","E04004822","0","524342","0217672","1","E18000006","E40000007","E92000001","E12000006","5","E14001573","E15000006","E24000005","E30000272","E16000150","E07000241","26ULHA","E00121689","26ULHA","E65000001","E01023966","E02004980","5","4D1","E00121689","E01023966","E02004980","E33027625","E38000049","E63011372","C1","5B1",51.843819,-0.196407,"E37000048","","E23000027",32373,"E56000035","E54000025","E00121689","E01023966","E02004980"
"AL6 0QJ","AL6  0QJ","AL6 0QJ","198001","","E10000015","E58000675","E07000241","E05011073","E04004822","0","524440","0217669","1","E18000006","E40000007","E92000001","E12000006","5","E14001573","E15000006","E24000005","E30000272","E16000150","E07000241","26ULHA","E00121696","26ULHA","E65000001","E01023966","E02004980","5","4B4","E00121696","E01023966","E02004980","E33027625","E38000049","E63011372","C1","6A2",51.843771,-0.194986,"E37000048","","E23000027",32373,"E56000035","E54000025","E00121696","E01023966","E02004980"
"AL6 0QL","AL6  0QL","AL6 0QL","198001","","E10000015","E58000675","E07000241","E05011073","E04004822","0","524127","0217546","1","E18000006","E40000007","E92000001","E12000006","5","E14001573","E15000006","E24000005","E30000272","E16000150","E07000241","26ULHA","E00121697","26ULHA","E65000001","E01023966","E02004980","5","4B3","E00121697","E01023966","E02004980","E33027625","E38000049","E63011372","C1","6A1",51.842735,-0.199572,"E37000048","","E23000027",32373,"E56000035","E54000025","E00121697","E01023966","E02004980"
"AL6 0QN","AL6  0QN","AL6 0QN","198001","","E10000015","E58000675","E07000241","E05011073","E04004822","0","524248","0217550","1","E18000006","E40000007","E92000001","E12000006","5","E14001573","E15000006","E24000005","E30000272","E16000150","E07000241","26ULHA","E00121697","26ULHA","E65000001","E01023966","E02004980","5","4B3","E00121697","E01023966","E02004980","E33027625","E38000049","E63011372","C1","6A1",51.842744,-0.197815,"E37000048","","E23000027",32373,"E56000035","E54000025","E00121697","E01023966","E02004980"
"AL6 0QP","AL6  0QP","AL6 0QP","198001","","E10000015","E58000675","E07000241","E05011073","E04004822","0","524134","0217638","1","E18000006","E40000007","E92000001","E12000006","5","E14001573","E15000006","E24000005","E30000272","E16000150","E07000241","26ULHA","E00121689","26ULHA","E65000001","E01023966","E02004980","5","4D1","E00121689","E01023966","E02004980","E33027625","E38000049","E63011372","C1","5B1",51.843560,-0.199437,"E37000048","","E23000027",32373,"E56000035","E54000025","E00121689","E01023966","E02004980"
"AL6 0QQ","AL6  0QQ","AL6 0QQ","198001","","E10000015","E58000675","E07000241","E05011073","E04004822","0","524412","0217754","1","E18000006","E40000007","E92000001","E12000006","5","E14001573","E15000006","E24000005","E30000272","E16000150","E07000241","26ULHA","E00121689","26ULHA","E65000001","E01023966","E02004980","5","4D1","E00121689","E01023966","E02004980","E33027625","E38000049","E63011372","C1","5B1",51.844541,-0.195362,"E37000048","","E23000027",32373,"E56000035","E54000025","E00121689","E01023966","E02004980"
"AL6 0QR","AL6  0QR","AL6 0QR","198001","","E10000015","E58000675","E07000241","E05011073","E04004822","0","523980","0217400","1","E18000006","E40000007","E92000001","E12000006","5","E14001573","E15000006","E24000005","E30000272","E16000150","E07000241","26ULHA","E00121697","26ULHA","E65000001","E01023966","E02004980","5","4B3","E00121697","E01023966","E02004980","E33027625","E38000049","E63011372","C1","6A1",51.841455,-0.201757,"E37000048","","E23000027",32373,"E56000035","E54000025","E00121697","E01023966","E02004980"
"AL6 0QS","AL6  0QS","AL6 0QS","198001","","E10000015","E58000675","E07000241","E05011072","E04004822","0","524475","0217376","1","E18000006","E40000007","E92000001","E12000006","5","E14001573","E15000006","E24000005","E30000272","E16000150","E07000241","26ULHA","E00121694","26ULHA","E65000001","E01023966","E02004980","5","4B3","E00121694","E01023966","E02004980","E33027625","E38000049","E63011372","C1","6A2",51.841130,-0.194584,"E37000048","","E23000027",32373,"E56000035","E54000025","E00121694","E01023966","E02004980"
"AL6 0QT","AL6  0QT","AL6 0QT","198001","","E10000015","E58000675","E07000241","E05011072","E04004822","0","524544","0217388","1","E18000006","E40000007","E92000001","E12000006","5","E14001573","E15000006","E24000005","E30000272","E16000150","E07000241","26ULHA","E00121694","26ULHA","E65000001","E01023966","E02004980","5","4B3","E00121694","E01023966","E02004980","E33027625","E38000049","E63011372","C1","6A2",51.841222,-0.193579,"E37000048","","E23000027",32373,"E56000035","E54000025","E00121694","E01023966","E02004980"
"AL6 0QU","AL6  0QU","AL6 0QU","198001","","E10000015","E58000675","E07000241","E05011072","E04004822","0","524591","0217236","1","E18000006","E40000007","E92000001","E12000006","5","E14001573","E15000006","E24000005","E30000272","E16000150","E07000241","26ULHA","E00121694","26ULHA","E65000001","E01023966","E02004980","5","4B3","E00121694","E01023966","E02004980","E33027625","E38000049","E63011372","C1","6A2",51.839846,-0.192951,"E37000048","","E23000027",32373,"E56000035","E54000025","E00121694","E01023966","E02004980"
"AL6 0QW","AL6  0QW","AL6 0QW","198001","","E10000015","E58000675","E07000241","E05011073","E04004822","0","524202","0217630","1","E18000006","E40000007","E92000001","E12000006","5","E14001573","E15000006","E24000005","E30000272","E16000150","E07000241","26ULHA","E00121697","26ULHA","E65000001","E01023966","E02004980","5","4B3","E00121697","E01023966","E02004980","E33027625","E38000049","E63011372","C1","6A1",51.843473,-0.198454,"E37000048","","E23000027",32373,"E56000035","E54000025","E00121697","E01023966","E02004980"
"AL6 0QX","AL6  0QX","AL6 0QX","198001","","E10000015","E58000675","E07000241","E05011072","E04004822","0","524662","0217076","1","E18000006","E40000007","E92000001","E12000006","5","E14001573","E15000006","E24000005","E30000272","E16000150","E07000241","26ULHA","E00121694","26ULHA","E65000001","E01023966","E02004980","5","4B3","E00121694","E01023966","E02004980","E33027625","E38000049","E63011372","C1","6A2",51.838385,-0.192003,"E37000048","","E23000027",32373,"E56000035","E54000025","E00121694","E01023966","E02004980"
"AL6 0QY","AL6  0QY","AL6 0QY","199002","","E10000015","E58000675","E07000241","E05011073","E04004822","0","524269","0217632","1","E18000006","E40000007","E92000001","E12000006","5","E14001573","E15000006","E24000005","E30000272","E16000150","E07000241","26ULHA","E00121689","26ULHA","E65000001","E01023966","E02004980","5","4D1","E00121689","E01023966","E02004980","E33027625","E38000049","E63011372","C1","5B1",51.843476,-0.197481,"E37000048","","E23000027",32373,"E56000035","E54000025","E00121689","E01023966","E02004980"
"AL6 0QZ","AL6  0QZ","AL6 0QZ","198001","","E10000015","E58000675","E07000241","E05011072","E04004822","0","524708","0217280","1","E18000006","E40000007","E92000001","E12000006","5","E14001573","E15000006","E24000005","E30000272","E16000150","E07000241","26ULHA","E00121694","26ULHA","E65000001","E01023966","E02004980","5","4B3","E00121694","E01023966","E02004980","E33027625","E38000049","E63011372","C1","6A2",51.840215,-0.191238,"E37000048","","E23000027",32373,"E56000035","E54000025","E00121694","E01023966","E02004980"
"AL6 0RA","AL6  0RA","AL6 0RA","198001","","E10000015","E58000675","E07000241","E05011072","E04004822","0","524743","0217222","1","E18000006","E40000007","E92000001","E12000006","5","E14001573","E15000006","E24000005","E30000272","E16000150","E07000241","26ULHA","E00121694","26ULHA","E65000001","E01023966","E02004980","5","4B3","E00121694","E01023966","E02004980","E33027625","E38000049","E63011372","C1","6A2",51.839686,-0.190751,"E37000048","","E23000027",32373,"E56000035","E54000025","E00121694","E01023966","E02004980"
"AL6 0RB","AL6  0RB","AL6 0RB","198001","","E10000015","E58000675","E07000241","E05011072","E04004822","0","524784","0217158","1","E18000006","E40000007","E92000001","E12000006","5","E14001573","E15000006","E24000005","E30000272","E16000150","E07000241","26ULHA","E00121694","26ULHA","E65000001","E01023966","E02004980","5","4B3","E00121694","E01023966","E02004980","E33027625","E38000049","E63011372","C1","6A2",51.839102,-0.190180,"E37000048","","E23000027",32373,"E56000035","E54000025","E00121694","E01023966","E02004980"
"AL6 0RD","AL6  0RD","AL6 0RD","198001","","E10000015","E58000675","E07000241","E05011072","E04004822","0","524741","0217381","1","E18000006","E40000007","E92000001","E12000006","5","E14001573","E15000006","E24000005","E30000272","E16000150","E07000241","26ULHA","E00121694","26ULHA","E65000001","E01023966","E02004980","5","4B3","E00121694","E01023966","E02004980","E33027625","E38000049","E63011372","C1","6A2",51.841115,-0.190723,"E37000048","","E23000027",32373,"E56000035","E54000025","E00121694","E01023966","E02004980"
"AL6 0RE","AL6  0RE","AL6 0RE","198001","","E10000015","E58000675","E07000241","E05011072","E04004822","0","524649","0217435","1","E18000006","E40000007","E92000001","E12000006","5","E14001573","E15000006","E24000005","E30000272","E16000150","E07000241","26ULHA","E00121694","26ULHA","E65000001","E01023966","E02004980","5","4B3","E00121694","E01023966","E02004980","E33027625","E38000049","E63011372","C1","6A2",51.841621,-0.192038,"E37000048","","E23000027",32373,"E56000035","E54000025","E00121694","E01023966","E02004980"
"AL6 0RF","AL6  0RF","AL6 0RF","198001","","E10000015","E58000675","E07000241","E05011072","E04004822","0","524784","0217353","1","E18000006","E40000007","E92000001","E12000006","5","E14001573","E15000006","E24000005","E30000272","E16000150","E07000241","26ULHA","E00121695","26ULHA","E65000001","E01023965","E02004980","5","4B3","E00121695","E01023965","E02004980","E33027625","E38000049","E63011372","C1","6A2",51.840854,-0.190109,"E37000048","","E23000027",32617,"E56000035","E54000025","E00121695","E01023965","E02004980"
"AL6 0RG","AL6  0RG","AL6 0RG","198001","","E10000015","E58000675","E07000241","E05011072","E04004822","0","524778","0217571","1","E18000006","E40000007","E92000001","E12000006","5","E14001573","E15000006","E24000005","E30000272","E16000150","E07000241","26ULHA","E00121695","26ULHA","E65000001","E01023965","E02004980","5","4B3","E00121695","E01023965","E02004980","E33027625","E38000049","E63011372","C1","6A2",51.842815,-0.190118,"E37000048","","E23000027",32617,"E56000035","E54000025","E00121695","E01023965","E02004980"
"AL6 0RH","AL6  0RH","AL6 0RH","198001","","E10000015","E58000675","E07000241","E05011072","E04004822","0","524847","0217449","1","E18000006","E40000007","E92000001","E12000006","5","E14001573","E15000006","E24000005","E30000272","E16000150","E07000241","26ULHA","E00121695","26ULHA","E65000001","E01023965","E02004980","5","4B3","E00121695","E01023965","E02004980","E33027625","E38000049","E63011372","C1","6A2",51.841703,-0.189161,"E37000048","","E23000027",32617,"E56000035","E54000025","E00121695","E01023965","E02004980"
"AL6 0RJ","AL6  0RJ","AL6 0RJ","199912","","E10000015","E58000675","E07000241","E05011072","E04004822","0","524720","0217491","1","E18000006","E40000007","E92000001","E12000006","5","E14001573","E15000006","E24000005","E30000272","E16000150","E07000241","26ULHA","E00121695","26ULHA","E65000001","E01023965","E02004980","5","4B3","E00121695","E01023965","E02004980","E33027625","E38000049","E63011372","C1","6A2",51.842109,-0.190988,"E37000048","","E23000027",32617,"E56000035","E54000025","E00121695","E01023965","E02004980"
"AL6 0RL","AL6  0RL","AL6 0RL","198001","","E10000015","E58000675","E07000241","E05011072","E04004822","0","524819","0217390","1","E18000006","E40000007","E92000001","E12000006","5","E14001573","E15000006","E24000005","E30000272","E16000150","E07000241","26ULHA","E00121695","26ULHA","E65000001","E01023965","E02004980","5","4B3","E00121695","E01023965","E02004980","E33027625","E38000049","E63011372","C1","6A2",51.841179,-0.189588,"E37000048","","E23000027",32617,"E56000035","E54000025","E00121695","E01023965","E02004980"
"AL6 0RN","AL6  0RN","AL6 0RN","198001","","E10000015","E58000675","E07000241","E05011072","E04004822","0","524935","0217204","1","E18000006","E40000007","E92000001","E12000006","5","E14001573","E15000006","E24000005","E30000272","E16000150","E07000241","26ULHA","E00121695","26ULHA","E65000001","E01023965","E02004980","5","4B3","E00121695","E01023965","E02004980","E33027625","E38000049","E63011372","C1","6A2",51.839481,-0.187972,"E37000048","","E23000027",32617,"E56000035","E54000025","E00121695","E01023965","E02004980"
"AL6 0RP","AL6  0RP","AL6 0RP","198001","","E10000015","E58000675","E07000241","E05011072","E04004822","0","525004","0217392","1","E18000006","E40000007","E92000001","E12000006","5","E14001573","E15000006","E24000005","E30000272","E16000150","E07000241","26ULHA","E00121695","26ULHA","E65000001","E01023965","E02004980","5","4B3","E00121695","E01023965","E02004980","E33027625","E38000049","E63011372","C1","6A2",51.841156,-0.186904,"E37000048","","E23000027",32617,"E56000035","E54000025","E00121695","E01023965","E02004980"
"AL6 0RQ","AL6  0RQ","AL6 0RQ","198001","","E10000015","E58000675","E07000241","E05011072","E04004822","0","524765","0217489","1","E18000006","E40000007","E92000001","E12000006","5","E14001573","E15000006","E24000005","E30000272","E16000150","E07000241","26ULHA","E00121695","26ULHA","E65000001","E01023965","E02004980","5","4B3","E00121695","E01023965","E02004980","E33027625","E38000049","E63011372","C1","6A2",51.842081,-0.190336,"E37000048","","E23000027",32617,"E56000035","E54000025","E00121695","E01023965","E02004980"
"AL6 0RR","AL6  0RR","AL6 0RR","198001","","E10000015","E58000675","E07000241","E05011072","E04004822","0","524951","0217367","1","E18000006","E40000007","E92000001","E12000006","5","E14001573","E15000006","E24000005","E30000272","E16000150","E07000241","26ULHA","E00121695","26ULHA","E65000001","E01023965","E02004980","5","4B3","E00121695","E01023965","E02004980","E33027625","E38000049","E63011372","C1","6A2",51.840936,-0.187706,"E37000048","","E23000027",32617,"E56000035","E54000025","E00121695","E01023965","E02004980"
"AL6 0RS","AL6  0RS","AL6 0RS","198001","","E10000015","E58000675","E07000241","E05011072","E04004822","0","525119","0217319","1","E18000006","E40000007","E92000001","E12000006","5","E14001573","E15000006","E24000005","E30000272","E16000150","E07000241","26ULHA","E00121690","26ULHA","E65000001","E01023965","E02004980","5","4B3","E00121690","E01023965","E02004980","E33027625","E38000049","E63011372","C1","6A2",51.840474,-0.185262,"E37000048","","E23000027",32617,"E56000035","E54000025","E00121690","E01023965","E02004980"
"AL6 0RT","AL6  0RT","AL6 0RT","200106","201504","E10000015","E58000623","E07000241","E05011069","E43000083","1","524487","0213299","1","E18000006","E40000007","E92000001","E12000006","5","E14001573","E15000006","E24000005","E30000272","E16000150","E07000241","26ULGX","E00121637","26ULGX","E65000001","E01023954","E02004986","5","5B2","E00121637","E01023954","E02004986","E33024496","E38000049","E63011463","C1","7A3",51.804482,-0.195898,"E37000048","","E23000027",7164,"E56000035","E54000025","E00190264","E01035604","E02004986"
"AL6 0RU","AL6  0RU","AL6 0RU","198001","","E10000015","E58000675","E07000241","E05011072","E04004822","0","525190","0217343","1","E18000006","E40000007","E92000001","E12000006","5","E14001573","E15000006","E24000005","E30000272","E16000150","E07000241","26ULHA","E00121690","26ULHA","E65000001","E01023965","E02004980","5","4B3","E00121690","E01023965","E02004980","E33027625","E38000049","E63011372","C1","6A2",51.840674,-0.184223,"E37000048","","E23000027",32617,"E56000035","E54000025","E00121690","E01023965","E02004980"
"AL6 0RW","AL6  0RW","AL6 0RW","198001","","E10000015","E58000675","E07000241","E05011072","E04004822","0","525070","0217213","1","E18000006","E40000007","E92000001","E12000006","5","E14001573","E15000006","E24000005","E30000272","E16000150","E07000241","26ULHA","E00121690","26ULHA","E65000001","E01023965","E02004980","5","4B3","E00121690","E01023965","E02004980","E33027625","E38000049","E63011372","C1","6A2",51.839532,-0.186011,"E37000048","","E23000027",32617,"E56000035","E54000025","E00121690","E01023965","E02004980"
"AL6 0RX","AL6  0RX","AL6 0RX","198001","","E10000015","E58000675","E07000241","E05011072","E04004822","0","525157","0217461","1","E18000006","E40000007","E92000001","E12000006","5","E14001573","E15000006","E24000005","E30000272","E16000150","E07000241","26ULHA","E00121690","26ULHA","E65000001","E01023965","E02004980","5","4B3","E00121690","E01023965","E02004980","E33027625","E38000049","E63011372","C1","6A2",51.841741,-0.184659,"E37000048","","E23000027",32617,"E56000035","E54000025","E00121690","E01023965","E02004980"
"AL6 0RY","AL6  0RY","AL6 0RY","198001","","E10000015","E58000675","E07000241","E05011072","E04004822","0","525123","0217480","1","E18000006","E40000007","E92000001","E12000006","5","E14001573","E15000006","E24000005","E30000272","E16000150","E07000241","26ULHA","E00121690","26ULHA","E65000001","E01023965","E02004980","5","4B3","E00121690","E01023965","E02004980","E33027625","E38000049","E63011372","C1","6A2",51.841920,-0.185145,"E37000048","","E23000027",32617,"E56000035","E54000025","E00121690","E01023965","E02004980"
"AL6 0RZ","AL6  0RZ","AL6 0RZ","198001","","E10000015","E58000675","E07000241","E05011072","E04004822","0","524994","0217453","1","E18000006","E40000007","E92000001","E12000006","5","E14001573","E15000006","E24000005","E30000272","E16000150","E07000241","26ULHA","E00121695","26ULHA","E65000001","E01023965","E02004980","5","4B3","E00121695","E01023965","E02004980","E33027625","E38000049","E63011372","C1","6A2",51.841706,-0.187027,"E37000048","","E23000027",32617,"E56000035","E54000025","E00121695","E01023965","E02004980"
"AL6 0SA","AL6  0SA","AL6 0SA","198001","","E10000015","E58000675","E07000241","E05011072","E04004822","0","524995","0217494","1","E18000006","E40000007","E92000001","E12000006","5","E14001573","E15000006","E24000005","E30000272","E16000150","E07000241","26ULHA","E00121695","26ULHA","E65000001","E01023965","E02004980","5","4B3","E00121695","E01023965","E02004980","E33027625","E38000049","E63011372","C1","6A2",51.842074,-0.186997,"E37000048","","E23000027",32617,"E56000035","E54000025","E00121695","E01023965","E02004980"
"AL6 0SB","AL6  0SB","AL6 0SB","198001","","E10000015","E58000675","E07000241","E05011072","E04004822","0","524933","0217517","1","E18000006","E40000007","E92000001","E12000006","5","E14001573","E15000006","E24000005","E30000272","E16000150","E07000241","26ULHA","E00121695","26ULHA","E65000001","E01023965","E02004980","5","4B3","E00121695","E01023965","E02004980","E33027625","E38000049","E63011372","C1","6A2",51.842295,-0.187889,"E37000048","","E23000027",32617,"E56000035","E54000025","E00121695","E01023965","E02004980"
"AL6 0SD","AL6  0SD","AL6 0SD","198001","","E10000015","E58000675","E07000241","E05011072","E04004822","0","525158","0217543","1","E18000006","E40000007","E92000001","E12000006","5","E14001573","E15000006","E24000005","E30000272","E16000150","E07000241","26ULHA","E00121690","26ULHA","E65000001","E01023965","E02004980","5","4B3","E00121690","E01023965","E02004980","E33027625","E38000049","E63011372","C1","6A2",51.842478,-0.184615,"E37000048","","E23000027",32617,"E56000035","E54000025","E00121690","E01023965","E02004980"
"AL6 0SE","AL6  0SE","AL6 0SE","198001","","E10000015","E58000675","E07000241","E05011072","E04004822","0","525208","0217505","1","E18000006","E40000007","E92000001","E12000006","5","E14001573","E15000006","E24000005","E30000272","E16000150","E07000241","26ULHA","E00121690","26ULHA","E65000001","E01023965","E02004980","5","4B3","E00121690","E01023965","E02004980","E33027625","E38000049","E63011372","C1","6A2",51.842125,-0.183903,"E37000048","","E23000027",32617,"E56000035","E54000025","E00121690","E01023965","E02004980"
"AL6 0SF","AL6  0SF","AL6 0SF","198001","","E10000015","E58000675","E07000241","E05011072","E04004822","0","525241","0217541","1","E18000006","E40000007","E92000001","E12000006","5","E14001573","E15000006","E24000005","E30000272","E16000150","E07000241","26ULHA","E00121690","26ULHA","E65000001","E01023965","E02004980","5","4B3","E00121690","E01023965","E02004980","E33027625","E38000049","E63011372","C1","6A2",51.842441,-0.183411,"E37000048","","E23000027",32617,"E56000035","E54000025","E00121690","E01023965","E02004980"
"AL6 0SG","AL6  0SG","AL6 0SG","198001","","E10000015","E58000675","E07000241","E05011072","E04004822","0","525061","0217621","1","E18000006","E40000007","E92000001","E12000006","5","E14001573","E15000006","E24000005","E30000272","E16000150","E07000241","26ULHA","E00121690","26ULHA","E65000001","E01023965","E02004980","5","4B3","E00121690","E01023965","E02004980","E33027625","E38000049","E63011372","C1","6A2",51.843201,-0.185994,"E37000048","","E23000027",32617,"E56000035","E54000025","E00121690","E01023965","E02004980"
"AL6 0SH","AL6  0SH","AL6 0SH","198001","","E10000015","E58000675","E07000241","E05011072","E04004822","0","524611","0217474","1","E18000006","E40000007","E92000001","E12000006","5","E14001573","E15000006","E24000005","E30000272","E16000150","E07000241","26ULHA","E00121694","26ULHA","E65000001","E01023966","E02004980","5","4B3","E00121694","E01023966","E02004980","E33027625","E38000049","E63011372","C1","6A2",51.841980,-0.192576,"E37000048","","E23000027",32373,"E56000035","E54000025","E00121694","E01023966","E02004980"
"AL6 0SJ","AL6  0SJ","AL6 0SJ","198001","","E10000015","E58000675","E07000241","E05011072","E04004822","0","525039","0217350","1","E18000006","E40000007","E92000001","E12000006","5","E14001573","E15000006","E24000005","E30000272","E16000150","E07000241","26ULHA","E00121690","26ULHA","E65000001","E01023965","E02004980","5","4B3","E00121690","E01023965","E02004980","E33027625","E38000049","E63011372","C1","6A2",51.840770,-0.186411,"E37000048","","E23000027",32617,"E56000035","E54000025","E00121690","E01023965","E02004980"
"AL6 0SL","AL6  0SL","AL6 0SL","198001","","E10000015","E58000675","E07000241","E05011072","E04004822","0","524602","0217316","1","E18000006","E40000007","E92000001","E12000006","5","E14001573","E15000006","E24000005","E30000272","E16000150","E07000241","26ULHA","E00121694","26ULHA","E65000001","E01023966","E02004980","5","4B3","E00121694","E01023966","E02004980","E33027625","E38000049","E63011372","C1","6A2",51.840562,-0.192763,"E37000048","","E23000027",32373,"E56000035","E54000025","E00121694","E01023966","E02004980"
"AL6 0SN","AL6  0SN","AL6 0SN","200006","","E10000015","E58000675","E07000241","E05011072","E04004822","0","524750","0214749","1","E18000006","E40000007","E92000001","E12000006","5","E14001573","E15000006","E24000005","E30000272","E16000150","E07000241","26ULHB","E00121709","26ULHB","E65000001","E01023971","E02004980","5","4A2","E00121709","E01023971","E02004980","E33027624","E38000049","E63011463","C1","6A1",51.817461,-0.191540,"E37000048","","E23000027",32577,"E56000035","E54000025","E00121709","E01023971","E02004980"
"AL6 0SP","AL6  0SP","AL6 0SP","200006","","E10000015","E58000675","E07000241","E05011072","E04004822","0","524740","0214867","1","E18000006","E40000007","E92000001","E12000006","5","E14001573","E15000006","E24000005","E30000272","E16000150","E07000241","26ULHB","E00121709","26ULHB","E65000001","E01023971","E02004980","5","4A2","E00121709","E01023971","E02004980","E33027624","E38000049","E63011463","C1","6A1",51.818523,-0.191643,"E37000048","","E23000027",32577,"E56000035","E54000025","E00121709","E01023971","E02004980"
"AL6 0SQ","AL6  0SQ","AL6 0SQ","198001","","E10000015","E58000675","E07000241","E05011072","E04004822","0","524689","0217510","1","E18000006","E40000007","E92000001","E12000006","5","E14001573","E15000006","E24000005","E30000272","E16000150","E07000241","26ULHA","E00121694","26ULHA","E65000001","E01023966","E02004980","5","4B3","E00121694","E01023966","E02004980","E33027625","E38000049","E63011372","C1","6A2",51.842286,-0.191431,"E37000048","","E23000027",32373,"E56000035","E54000025","E00121694","E01023966","E02004980"
"AL6 0SR","AL6  0SR","AL6 0SR","200006","","E10000015","E58000675","E07000241","E05011072","E04004822","0","524793","0214827","1","E18000006","E40000007","E92000001","E12000006","5","E14001573","E15000006","E24000005","E30000272","E16000150","E07000241","26ULHB","E00121709","26ULHB","E65000001","E01023971","E02004980","5","4A2","E00121709","E01023971","E02004980","E33027624","E38000049","E63011463","C1","6A1",51.818152,-0.190888,"E37000048","","E23000027",32577,"E56000035","E54000025","E00121709","E01023971","E02004980"
"AL6 0SS","AL6  0SS","AL6 0SS","198607","","E10000015","E58000675","E07000241","E05011073","E04004822","0","523947","0217267","1","E18000006","E40000007","E92000001","E12000006","5","E14001573","E15000006","E24000005","E30000272","E16000150","E07000241","26ULHA","E00121693","26ULHA","E65000001","E01023966","E02004980","5","4D2","E00121693","E01023966","E02004980","E33027625","E38000049","E63011372","C1","6A4",51.840261,-0.202307,"E37000048","","E23000027",32373,"E56000035","E54000025","E00121693","E01023966","E02004980"
"AL6 0ST","AL6  0ST","AL6 0ST","200006","","E10000015","E58000675","E07000241","E05011072","E04004822","0","524100","0215098","1","E18000006","E40000007","E92000001","E12000006","5","E14001573","E15000006","E24000005","E30000272","E16000150","E07000241","26ULHB","E00121709","26ULHB","E65000001","E01023971","E02004980","5","4A2","E00121709","E01023971","E02004980","E33027624","E38000049","E63011463","C1","6A1",51.820742,-0.200840,"E37000048","","E23000027",32577,"E56000035","E54000025","E00121709","E01023971","E02004980"
"AL6 0SU","AL6  0SU","AL6 0SU","198710","200006","E10000015","E58000675","E07000241","E05011072","E04004822","1","525533","0216336","6","E18000006","E40000007","E92000001","E12000006","5","E14001573","E15000006","E24000005","E30000272","E16000150","E07000241","26ULHB","E00121718","26ULHB","E65000001","E01023971","E02004980","5","4B3","E00121718","E01023971","E02004980","E33027624","E38000049","E63011407","C1","6A1",51.831540,-0.179636,"E37000048","","E23000027",32577,"E56000035","E54000025","E00121718","E01023971","E02004980"
"AL6 0SW","AL6  0SW","AL6 0SW","200006","","E10000015","E58000675","E07000241","E05011072","E04004822","0","524673","0214855","1","E18000006","E40000007","E92000001","E12000006","5","E14001573","E15000006","E24000005","E30000272","E16000150","E07000241","26ULHB","E00121709","26ULHB","E65000001","E01023971","E02004980","5","4A2","E00121709","E01023971","E02004980","E33027624","E38000049","E63011463","C1","6A1",51.818430,-0.192618,"E37000048","","E23000027",32577,"E56000035","E54000025","E00121709","E01023971","E02004980"
"AL6 0SX","AL6  0SX","AL6 0SX","199002","","E10000015","E58000675","E07000241","E05011072","E04004822","0","525109","0217983","1","E18000006","E40000007","E92000001","E12000006","5","E14001573","E15000006","E24000005","E30000272","E16000150","E07000241","26ULHA","E00121692","26ULHA","E65000001","E01023965","E02004980","5","4D2","E00121692","E01023965","E02004980","E33027625","E38000049","E63011372","C1","6A1",51.846443,-0.185167,"E37000048","","E23000027",32617,"E56000035","E54000025","E00121692","E01023965","E02004980"
"AL6 0SY","AL6  0SY","AL6 0SY","200610","","E10000015","E58000638","E07000242","E05015354","E04004728","0","526335","0216556","1","E18000006","E40000007","E92000001","E12000006","5","E14001516","E15000006","E24000005","E30000272","E16000150","E07000242","26UDGQ","E00119199","26UDGQ","E65000001","E01023467","E02004879","5","4D2","E00119199","E01023467","E02004879","E33027183","E38000049","E63011407","C1","6A4",51.833337,-0.167923,"E37000048","","E23000027",27434,"E56000035","E54000025","E00119199","E01023467","E02007093"
"AL6 0SZ","AL6  0SZ","AL6 0SZ","201210","","E10000015","E58000675","E07000241","E05011072","E04004822","0","525204","0218103","1","E18000006","E40000007","E92000001","E12000006","5","E14001573","E15000006","E24000005","E30000272","E16000150","E07000241","26ULHA","E00121692","26ULHA","E65000001","E01023965","E02004980","5","4D2","E00121692","E01023965","E02004980","E33027625","E38000049","E63011372","C1","6A1",51.847493,-0.183769,"E37000048","","E23000027",32617,"E56000035","E54000025","E00121692","E01023965","E02004980"
"AL6 0TA","AL6  0TA","AL6 0TA","198001","","E10000015","E58000675","E07000241","E05011073","E04004822","0","524489","0217487","1","E18000006","E40000007","E92000001","E12000006","5","E14001573","E15000006","E24000005","E30000272","E16000150","E07000241","26ULHA","E00121689","26ULHA","E65000001","E01023966","E02004980","5","4D1","E00121689","E01023966","E02004980","E33027625","E38000049","E63011372","C1","5B1",51.842117,-0.194365,"E37000048","","E23000027",32373,"E56000035","E54000025","E00121689","E01023966","E02004980"
"AL6 0TB","AL6  0TB","AL6 0TB","198001","","E10000015","E58000675","E07000241","E05011073","E04004822","0","524695","0217626","1","E18000006","E40000007","E92000001","E12000006","5","E14001573","E15000006","E24000005","E30000272","E16000150","E07000241","26ULHA","E00121696","26ULHA","E65000001","E01023966","E02004980","5","4B4","E00121696","E01023966","E02004980","E33027625","E38000049","E63011372","C1","6A2",51.843327,-0.191302,"E37000048","","E23000027",32373,"E56000035","E54000025","E00121696","E01023966","E02004980"
"AL6 0TD","AL6  0TD","AL6 0TD","198001","","E10000015","E58000675","E07000241","E05011073","E04004822","0","524633","0217617","1","E18000006","E40000007","E92000001","E12000006","5","E14001573","E15000006","E24000005","E30000272","E16000150","E07000241","26ULHA","E00121696","26ULHA","E65000001","E01023966","E02004980","5","4B4","E00121696","E01023966","E02004980","E33027625","E38000049","E63011372","C1","6A2",51.843260,-0.192205,"E37000048","","E23000027",32373,"E56000035","E54000025","E00121696","E01023966","E02004980"
"AL6 0TE","AL6  0TE","AL6 0TE","198001","","E10000015","E58000675","E07000241","E05011073","E04004822","0","524625","0217834","1","E18000006","E40000007","E92000001","E12000006","5","E14001573","E15000006","E24000005","E30000272","E16000150","E07000241","26ULHA","E00121696","26ULHA","E65000001","E01023966","E02004980","5","4B4","E00121696","E01023966","E02004980","E33027625","E38000049","E63011372","C1","6A2",51.845212,-0.192243,"E37000048","","E23000027",32373,"E56000035","E54000025","E00121696","E01023966","E02004980"
"AL6 0TF","AL6  0TF","AL6 0TF","198001","","E10000015","E58000675","E07000241","E05011073","E04004822","0","524667","0217820","1","E18000006","E40000007","E92000001","E12000006","5","E14001573","E15000006","E24000005","E30000272","E16000150","E07000241","26ULHA","E00121696","26ULHA","E65000001","E01023966","E02004980","5","4B4","E00121696","E01023966","E02004980","E33027625","E38000049","E63011372","C1","6A2",51.845077,-0.191639,"E37000048","","E23000027",32373,"E56000035","E54000025","E00121696","E01023966","E02004980"
"AL6 0TH","AL6  0TH","AL6 0TH","198001","","E10000015","E58000675","E07000241","E05011073","E04004822","0","524716","0217879","1","E18000006","E40000007","E92000001","E12000006","5","E14001573","E15000006","E24000005","E30000272","E16000150","E07000241","26ULHA","E00121696","26ULHA","E65000001","E01023966","E02004980","5","4B4","E00121696","E01023966","E02004980","E33027625","E38000049","E63011372","C1","6A2",51.845596,-0.190906,"E37000048","","E23000027",32373,"E56000035","E54000025","E00121696","E01023966","E02004980"
"AL6 0TJ","AL6  0TJ","AL6 0TJ","198001","","E10000015","E58000675","E07000241","E05011073","E04004822","0","524740","0217898","1","E18000006","E40000007","E92000001","E12000006","5","E14001573","E15000006","E24000005","E30000272","E16000150","E07000241","26ULHA","E00121696","26ULHA","E65000001","E01023966","E02004980","5","4B4","E00121696","E01023966","E02004980","E33027625","E38000049","E63011372","C1","6A2",51.845762,-0.190551,"E37000048","","E23000027",32373,"E56000035","E54000025","E00121696","E01023966","E02004980"
"AL6 0TL","AL6  0TL","AL6 0TL","198001","","E10000015","E58000675","E07000241","E05011073","E04004822","0","524727","0217734","1","E18000006","E40000007","E92000001","E12000006","5","E14001573","E15000006","E24000005","E30000272","E16000150","E07000241","26ULHA","E00121696","26ULHA","E65000001","E01023966","E02004980","5","4B4","E00121696","E01023966","E02004980","E33027625","E38000049","E63011372","C1","6A2",51.844291,-0.190799,"E37000048","","E23000027",32373,"E56000035","E54000025","E00121696","E01023966","E02004980"
"AL6 0TN","AL6  0TN","AL6 0TN","198001","","E10000015","E58000675","E07000241","E05011072","E04004822","0","525032","0218118","1","E18000006","E40000007","E92000001","E12000006","5","E14001573","E15000006","E24000005","E30000272","E16000150","E07000241","26ULHA","E00121691","26ULHA","E65000001","E01023965","E02004980","5","4B3","E00121691","E01023965","E02004980","E33027625","E38000049","E63011372","C1","6A2",51.847673,-0.186235,"E37000048","","E23000027",32617,"E56000035","E54000025","E00121691","E01023965","E02004980"
"AL6 0TP","AL6  0TP","AL6 0TP","198001","","E10000015","E58000675","E07000241","E05011072","E04004822","0","525085","0218340","1","E18000006","E40000007","E92000001","E12000006","5","E14001573","E15000006","E24000005","E30000272","E16000150","E07000241","26ULHA","E00121691","26ULHA","E65000001","E01023965","E02004980","5","4B3","E00121691","E01023965","E02004980","E33027625","E38000049","E63011372","C1","6A2",51.849657,-0.185386,"E37000048","","E23000027",32617,"E56000035","E54000025","E00121691","E01023965","E02004980"
"AL6 0TQ","AL6  0TQ","AL6 0TQ","198001","","E10000015","E58000675","E07000241","E05011073","E04004822","0","524716","0217775","1","E18000006","E40000007","E92000001","E12000006","5","E14001573","E15000006","E24000005","E30000272","E16000150","E07000241","26ULHA","E00121696","26ULHA","E65000001","E01023966","E02004980","5","4B4","E00121696","E01023966","E02004980","E33027625","E38000049","E63011372","C1","6A2",51.844662,-0.190944,"E37000048","","E23000027",32373,"E56000035","E54000025","E00121696","E01023966","E02004980"
"AL6 0TR","AL6  0TR","AL6 0TR","198001","","E10000015","E58000675","E07000241","E05011072","E04004822","0","525076","0218254","1","E18000006","E40000007","E92000001","E12000006","5","E14001573","E15000006","E24000005","E30000272","E16000150","E07000241","26ULHA","E00121691","26ULHA","E65000001","E01023965","E02004980","5","4B3","E00121691","E01023965","E02004980","E33027625","E38000049","E63011372","C1","6A2",51.848886,-0.185548,"E37000048","","E23000027",32617,"E56000035","E54000025","E00121691","E01023965","E02004980"
"AL6 0TS","AL6  0TS","AL6 0TS","198001","","E10000015","E58000675","E07000241","E05011072","E04004822","0","525167","0218241","1","E18000006","E40000007","E92000001","E12000006","5","E14001573","E15000006","E24000005","E30000272","E16000150","E07000241","26ULHA","E00121691","26ULHA","E65000001","E01023965","E02004980","5","4B3","E00121691","E01023965","E02004980","E33027625","E38000049","E63011372","C1","6A2",51.848749,-0.184232,"E37000048","","E23000027",32617,"E56000035","E54000025","E00121691","E01023965","E02004980"
"AL6 0TT","AL6  0TT","AL6 0TT","198001","","E10000015","E58000675","E07000241","E05011072","E04004822","0","525062","0218057","1","E18000006","E40000007","E92000001","E12000006","5","E14001573","E15000006","E24000005","E30000272","E16000150","E07000241","26ULHA","E00121692","26ULHA","E65000001","E01023965","E02004980","5","4D2","E00121692","E01023965","E02004980","E33027625","E38000049","E63011372","C1","6A1",51.847119,-0.185822,"E37000048","","E23000027",32617,"E56000035","E54000025","E00121692","E01023965","E02004980"
"AL6 0TU","AL6  0TU","AL6 0TU","198001","","E10000015","E58000675","E07000241","E05011072","E04004822","0","525025","0217938","1","E18000006","E40000007","E92000001","E12000006","5","E14001573","E15000006","E24000005","E30000272","E16000150","E07000241","26ULHA","E00121692","26ULHA","E65000001","E01023965","E02004980","5","4D2","E00121692","E01023965","E02004980","E33027625","E38000049","E63011372","C1","6A1",51.846057,-0.186402,"E37000048","","E23000027",32617,"E56000035","E54000025","E00121692","E01023965","E02004980"
"AL6 0TW","AL6  0TW","AL6 0TW","198001","","E10000015","E58000675","E07000241","E05011072","E04004822","0","525036","0218232","1","E18000006","E40000007","E92000001","E12000006","5","E14001573","E15000006","E24000005","E30000272","E16000150","E07000241","26ULHA","E00121691","26ULHA","E65000001","E01023965","E02004980","5","4B3","E00121691","E01023965","E02004980","E33027625","E38000049","E63011372","C1","6A2",51.848697,-0.186136,"E37000048","","E23000027",32617,"E56000035","E54000025","E00121691","E01023965","E02004980"
"AL6 0TX","AL6  0TX","AL6 0TX","198001","","E10000015","E58000675","E07000241","E05011072","E04004822","0","525124","0218022","1","E18000006","E40000007","E92000001","E12000006","5","E14001573","E15000006","E24000005","E30000272","E16000150","E07000241","26ULHA","E00121692","26ULHA","E65000001","E01023965","E02004980","5","4D2","E00121692","E01023965","E02004980","E33027625","E38000049","E63011372","C1","6A1",51.846790,-0.184935,"E37000048","","E23000027",32617,"E56000035","E54000025","E00121692","E01023965","E02004980"
"AL6 0TY","AL6  0TY","AL6 0TY","198001","","E10000015","E58000675","E07000241","E05011072","E04004822","0","525182","0217884","1","E18000006","E40000007","E92000001","E12000006","5","E14001573","E15000006","E24000005","E30000272","E16000150","E07000241","26ULHA","E00121692","26ULHA","E65000001","E01023965","E02004980","5","4D2","E00121692","E01023965","E02004980","E33027625","E38000049","E63011372","C1","6A1",51.845537,-0.184143,"E37000048","","E23000027",32617,"E56000035","E54000025","E00121692","E01023965","E02004980"
"AL6 0TZ","AL6  0TZ","AL6 0TZ","198001","","E10000015","E58000675","E07000241","E05011072","E04004822","0","525117","0217900","1","E18000006","E40000007","E92000001","E12000006","5","E14001573","E15000006","E24000005","E30000272","E16000150","E07000241","26ULHA","E00121692","26ULHA","E65000001","E01023965","E02004980","5","4D2","E00121692","E01023965","E02004980","E33027625","E38000049","E63011372","C1","6A1",51.845688,-0.185105,"E37000048","","E23000027",32617,"E56000035","E54000025","E00121692","E01023965","E02004980"
"AL6 0UA","AL6  0UA","AL6 0UA","198001","","E10000015","E58000675","E07000241","E05011072","E04004822","0","525147","0217841","1","E18000006","E40000007","E92000001","E12000006","5","E14001573","E15000006","E24000005","E30000272","E16000150","E07000241","26ULHA","E00121692","26ULHA","E65000001","E01023965","E02004980","5","4D2","E00121692","E01023965","E02004980","E33027625","E38000049","E63011372","C1","6A1",51.845158,-0.184667,"E37000048","","E23000027",32617,"E56000035","E54000025","E00121692","E01023965","E02004980"
"AL6 0UB","AL6  0UB","AL6 0UB","198001","","E10000015","E58000675","E07000241","E05011072","E04004822","0","525081","0217800","1","E18000006","E40000007","E92000001","E12000006","5","E14001573","E15000006","E24000005","E30000272","E16000150","E07000241","26ULHA","E00121692","26ULHA","E65000001","E01023965","E02004980","5","4D2","E00121692","E01023965","E02004980","E33027625","E38000049","E63011372","C1","6A1",51.844805,-0.185639,"E37000048","","E23000027",32617,"E56000035","E54000025","E00121692","E01023965","E02004980"
"AL6 0UD","AL6  0UD","AL6 0UD","198001","","E10000015","E58000675","E07000241","E05011072","E04004822","0","524983","0217894","1","E18000006","E40000007","E92000001","E12000006","5","E14001573","E15000006","E24000005","E30000272","E16000150","E07000241","26ULHA","E00121692","26ULHA","E65000001","E01023965","E02004980","5","4D2","E00121692","E01023965","E02004980","E33027625","E38000049","E63011372","C1","6A1",51.845671,-0.187027,"E37000048","","E23000027",32617,"E56000035","E54000025","E00121692","E01023965","E02004980"
"AL6 0UE","AL6  0UE","AL6 0UE","198001","","E10000015","E58000675","E07000241","E05011072","E04004822","0","524849","0217806","1","E18000006","E40000007","E92000001","E12000006","5","E14001573","E15000006","E24000005","E30000272","E16000150","E07000241","26ULHA","E00121695","26ULHA","E65000001","E01023965","E02004980","5","4B3","E00121695","E01023965","E02004980","E33027625","E38000049","E63011372","C1","6A2",51.844911,-0.189003,"E37000048","","E23000027",32617,"E56000035","E54000025","E00121695","E01023965","E02004980"
"AL6 0UG","AL6  0UG","AL6 0UG","198001","","E10000015","E58000675","E07000241","E05011072","E04004822","0","524947","0217796","1","E18000006","E40000007","E92000001","E12000006","5","E14001573","E15000006","E24000005","E30000272","E16000150","E07000241","26ULHA","E00121692","26ULHA","E65000001","E01023965","E02004980","5","4D2","E00121692","E01023965","E02004980","E33027625","E38000049","E63011372","C1","6A1",51.844799,-0.187585,"E37000048","","E23000027",32617,"E56000035","E54000025","E00121692","E01023965","E02004980"
"AL6 0UH","AL6  0UH","AL6 0UH","198001","","E10000015","E58000675","E07000241","E05011072","E04004822","0","524843","0217636","1","E18000006","E40000007","E92000001","E12000006","5","E14001573","E15000006","E24000005","E30000272","E16000150","E07000241","26ULHA","E00121695","26ULHA","E65000001","E01023965","E02004980","5","4B3","E00121695","E01023965","E02004980","E33027625","E38000049","E63011372","C1","6A2",51.843384,-0.189151,"E37000048","","E23000027",32617,"E56000035","E54000025","E00121695","E01023965","E02004980"
"AL6 0UJ","AL6  0UJ","AL6 0UJ","198001","","E10000015","E58000675","E07000241","E05011072","E04004822","0","524888","0217693","1","E18000006","E40000007","E92000001","E12000006","5","E14001573","E15000006","E24000005","E30000272","E16000150","E07000241","26ULHA","E00121695","26ULHA","E65000001","E01023965","E02004980","5","4B3","E00121695","E01023965","E02004980","E33027625","E38000049","E63011372","C1","6A2",51.843886,-0.188478,"E37000048","","E23000027",32617,"E56000035","E54000025","E00121695","E01023965","E02004980"
"AL6 0UL","AL6  0UL","AL6 0UL","198001","","E10000015","E58000675","E07000241","E05011072","E04004822","0","525111","0217698","1","E18000006","E40000007","E92000001","E12000006","5","E14001573","E15000006","E24000005","E30000272","E16000150","E07000241","26ULHA","E00121690","26ULHA","E65000001","E01023965","E02004980","5","4B3","E00121690","E01023965","E02004980","E33027625","E38000049","E63011372","C1","6A2",51.843874,-0.185265,"E37000048","","E23000027",32617,"E56000035","E54000025","E00121690","E01023965","E02004980"
"AL6 0UN","AL6  0UN","AL6 0UN","198001","","E10000015","E58000675","E07000241","E05011072","E04004822","0","525140","0217623","1","E18000006","E40000007","E92000001","E12000006","5","E14001573","E15000006","E24000005","E30000272","E16000150","E07000241","26ULHA","E00121690","26ULHA","E65000001","E01023965","E02004980","5","4B3","E00121690","E01023965","E02004980","E33027625","E38000049","E63011372","C1","6A2",51.843201,-0.184847,"E37000048","","E23000027",32617,"E56000035","E54000025","E00121690","E01023965","E02004980"
"AL6 0UP","AL6  0UP","AL6 0UP","198710","199012","E10000015","E58000675","E07000241","E05011072","E04004822","1","524900","0217800","8","E18000006","E40000007","E92000001","E12000006","5","E14001573","E15000006","E24000005","E30000272","E16000150","E07000241","26ULHA","E00121692","26ULHA","E65000001","E01023965","E02004980","5","4D2","E00121692","E01023965","E02004980","E33027625","E38000049","E63011372","C1","6A1",51.844838,-0.188289,"E37000048","","E23000027",32617,"E56000035","E54000025","E00121692","E01023965","E02004980"
"AL6 0UQ","AL6  0UQ","AL6 0UQ","198001","","E10000015","E58000675","E07000241","E05011072","E04004822","0","524810","0217678","1","E18000006","E40000007","E92000001","E12000006","5","E14001573","E15000006","E24000005","E30000272","E16000150","E07000241","26ULHA","E00121695","26ULHA","E65000001","E01023965","E02004980","5","4B3","E00121695","E01023965","E02004980","E33027625","E38000049","E63011372","C1","6A2",51.843769,-0.189615,"E37000048","","E23000027",32617,"E56000035","E54000025","E00121695","E01023965","E02004980"
"AL6 0UR","AL6  0UR","AL6 0UR","198604","","E10000015","E58000675","E07000241","E05011072","E04004822","0","524974","0218131","1","E18000006","E40000007","E92000001","E12000006","5","E14001573","E15000006","E24000005","E30000272","E16000150","E07000241","26ULHA","E00121691","26ULHA","E65000001","E01023965","E02004980","5","4B3","E00121691","E01023965","E02004980","E33027625","E38000049","E63011372","C1","6A2",51.847803,-0.187072,"E37000048","","E23000027",32617,"E56000035","E54000025","E00121691","E01023965","E02004980"
"AL6 0US","AL6  0US","AL6 0US","201202","201601","E10000015","E58000675","E07000241","E05011072","E04004823","0","525350","0217022","1","E18000006","E40000007","E92000001","E12000006","5","E14001573","E15000006","E24000005","E30000272","E16000150","E07000241","26ULHA","E00121701","26ULHA","E65000001","E01023967","E02004980","5","6B2","E00121701","E01023967","E02004980","E33027624","E38000049","","C1","8C1",51.837746,-0.182042,"E37000048","","E23000027",27937,"E56000035","E54000025","E00121701","E01023967","E02004980"
"AL6 0UU","AL6  0UU","AL6 0UU","198504","","E10000015","E58000675","E07000241","E05011072","E04004822","0","524856","0218090","1","E18000006","E40000007","E92000001","E12000006","5","E14001573","E15000006","E24000005","E30000272","E16000150","E07000241","26ULHA","E00121691","26ULHA","E65000001","E01023965","E02004980","5","4B3","E00121691","E01023965","E02004980","E33027625","E38000049","E63011372","C1","6A2",51.847454,-0.188823,"E37000048","","E23000027",32617,"E56000035","E54000025","E00121691","E01023965","E02004980"
"AL6 0UW","AL6  0UW","AL6 0UW","198001","","E10000015","E58000675","E07000241","E05011072","E04004822","0","524922","0217597","1","E18000006","E40000007","E92000001","E12000006","5","E14001573","E15000006","E24000005","E30000272","E16000150","E07000241","26ULHA","E00121695","26ULHA","E65000001","E01023965","E02004980","5","4B3","E00121695","E01023965","E02004980","E33027625","E38000049","E63011372","C1","6A2",51.843016,-0.188019,"E37000048","","E23000027",32617,"E56000035","E54000025","E00121695","E01023965","E02004980"
"AL6 0UX","AL6  0UX","AL6 0UX","198504","","E10000015","E58000675","E07000241","E05011072","E04004822","0","524932","0218028","1","E18000006","E40000007","E92000001","E12000006","5","E14001573","E15000006","E24000005","E30000272","E16000150","E07000241","26ULHA","E00121691","26ULHA","E65000001","E01023965","E02004980","5","4B3","E00121691","E01023965","E02004980","E33027625","E38000049","E63011372","C1","6A2",51.846887,-0.187719,"E37000048","","E23000027",32617,"E56000035","E54000025","E00121691","E01023965","E02004980"
"AL6 0UY","AL6  0UY","AL6 0UY","198504","","E10000015","E58000675","E07000241","E05011072","E04004822","0","524827","0217995","1","E18000006","E40000007","E92000001","E12000006","5","E14001573","E15000006","E24000005","E30000272","E16000150","E07000241","26ULHA","E00121691","26ULHA","E65000001","E01023965","E02004980","5","4B3","E00121691","E01023965","E02004980","E33027625","E38000049","E63011372","C1","6A2",51.846614,-0.189254,"E37000048","","E23000027",32617,"E56000035","E54000025","E00121691","E01023965","E02004980"
"AL6 0UZ","AL6  0UZ","AL6 0UZ","198504","","E10000015","E58000675","E07000241","E05011072","E04004822","0","524938","0218081","1","E18000006","E40000007","E92000001","E12000006","5","E14001573","E15000006","E24000005","E30000272","E16000150","E07000241","26ULHA","E00121691","26ULHA","E65000001","E01023965","E02004980","5","4B3","E00121691","E01023965","E02004980","E33027625","E38000049","E63011372","C1","6A2",51.847362,-0.187612,"E37000048","","E23000027",32617,"E56000035","E54000025","E00121691","E01023965","E02004980"
"AL6 0WA","AL6  0WA","AL6 0WA","200206","200301","E10000015","E58000675","E07000241","E05011072","E04004822","1","524942","0218086","5","E18000006","E40000007","E92000001","E12000006","5","E14001573","E15000006","E24000005","E30000272","E16000150","E07000241","26ULHA","E00121691","26ULHA","E65000001","E01023965","E02004980","5","4B3","E00121691","E01023965","E02004980","E33027625","E38000049","E63011372","C1","6A2",51.847399,-0.187577,"E37000048","","E23000027",32617,"E56000035","E54000025","E00121691","E01023965","E02004980"
"AL6 0WB","AL6  0WB","AL6 0WB","200206","200510","E10000015","E58000675","E07000241","E05011072","E04004822","1","524942","0218086","5","E18000006","E40000007","E92000001","E12000006","5","E14001573","E15000006","E24000005","E30000272","E16000150","E07000241","26ULHA","E00121691","26ULHA","E65000001","E01023965","E02004980","5","4B3","E00121691","E01023965","E02004980","E33027625","E38000049","E63011372","C1","6A2",51.847399,-0.187577,"E37000048","","E23000027",32617,"E56000035","E54000025","E00121691","E01023965","E02004980"
"AL6 0WG","AL6  0WG","AL6 0WG","201105","","E10000015","E58000623","E07000241","E05011069","E43000083","1","524487","0213299","1","E18000006","E40000007","E92000001","E12000006","5","E14001573","E15000006","E24000005","E30000272","E16000150","E07000241","26ULGX","E00121637","26ULGX","E65000001","E01023954","E02004986","5","5B2","E00121637","E01023954","E02004986","E33024496","E38000049","E63011463","C1","7A3",51.804482,-0.195898,"E37000048","","E23000027",7164,"E56000035","E54000025","E00190264","E01035604","E02004986"
"AL6 0WJ","AL6  0WJ","AL6 0WJ","201108","201301","E10000015","E58000623","E07000241","E05011069","E43000083","1","524487","0213299","1","E18000006","E40000007","E92000001","E12000006","5","E14001573","E15000006","E24000005","E30000272","E16000150","E07000241","26ULGX","E00121637","26ULGX","E65000001","E01023954","E02004986","5","5B2","E00121637","E01023954","E02004986","E33024496","E38000049","E63011463","C1","7A3",51.804482,-0.195898,"E37000048","","E23000027",7164,"E56000035","E54000025","E00190264","E01035604","E02004986"
"AL6 0WN","AL6  0WN","AL6 0WN","200402","200507","E10000015","E58000675","E07000241","E05011072","E04004822","1","524942","0218086","5","E18000006","E40000007","E92000001","E12000006","5","E14001573","E15000006","E24000005","E30000272","E16000150","E07000241","26ULHA","E00121691","26ULHA","E65000001","E01023965","E02004980","5","4B3","E00121691","E01023965","E02004980","E33027625","E38000049","E63011372","C1","6A2",51.847399,-0.187577,"E37000048","","E23000027",32617,"E56000035","E54000025","E00121691","E01023965","E02004980"
"AL6 0WQ","AL6  0WQ","AL6 0WQ","200311","201511","E10000015","E58000623","E07000241","E05011069","E43000083","1","524487","0213299","1","E18000006","E40000007","E92000001","E12000006","5","E14001573","E15000006","E24000005","E30000272","E16000150","E07000241","26ULGX","E00121637","26ULGX","E65000001","E01023954","E02004986","5","5B2","E00121637","E01023954","E02004986","E33024496","E38000049","E63011463","C1","7A3",51.804482,-0.195898,"E37000048","","E23000027",7164,"E56000035","E54000025","E00190264","E01035604","E02004986"
"AL6 0WT","AL6  0WT","AL6 0WT","200302","200808","E10000015","E58000623","E07000241","E05011069","E43000083","1","524487","0213299","1","E18000006","E40000007","E92000001","E12000006","5","E14001573","E15000006","E24000005","E30000272","E16000150","E07000241","26ULGX","E00121637","26ULGX","E65000001","E01023954","E02004986","5","5B2","E00121637","E01023954","E02004986","E33024496","E38000049","E63011463","C1","7A3",51.804482,-0.195898,"E37000048","","E23000027",7164,"E56000035","E54000025","E00190264","E01035604","E02004986"
"AL6 0WU","AL6  0WU","AL6 0WU","200712","200801","E10000015","E58000623","E07000241","E05011069","E43000083","1","524487","0213299","1","E18000006","E40000007","E92000001","E12000006","5","E14001573","E15000006","E24000005","E30000272","E16000150","E07000241","26ULGX","E00121637","26ULGX","E65000001","E01023954","E02004986","5","5B2","E00121637","E01023954","E02004986","E33024496","E38000049","E63011463","C1","7A3",51.804482,-0.195898,"E37000048","","E23000027",7164,"E56000035","E54000025","E00190264","E01035604","E02004986"
"AL6 0WW","AL6  0WW","AL6 0WW","200408","201209","E10000015","E58000623","E07000241","E05011069","E43000083","1","524487","0213299","1","E18000006","E40000007","E92000001","E12000006","5","E14001573","E15000006","E24000005","E30000272","E16000150","E07000241","26ULGX","E00121637","26ULGX","E65000001","E01023954","E02004986","5","5B2","E00121637","E01023954","E02004986","E33024496","E38000049","E63011463","C1","7A3",51.804482,-0.195898,"E37000048","","E23000027",7164,"E56000035","E54000025","E00190264","E01035604","E02004986"
"AL6 0WX","AL6  0WX","AL6 0WX","200207","200402","E10000015","E58000675","E07000241","E05011072","E04004822","1","524942","0218086","5","E18000006","E40000007","E92000001","E12000006","5","E14001573","E15000006","E24000005","E30000272","E16000150","E07000241","26ULHA","E00121691","26ULHA","E65000001","E01023965","E02004980","5","4B3","E00121691","E01023965","E02004980","E33027625","E38000049","E63011372","C1","6A2",51.847399,-0.187577,"E37000048","","E23000027",32617,"E56000035","E54000025","E00121691","E01023965","E02004980"
"AL6 0WY","AL6  0WY","AL6 0WY","200409","","E10000015","E58000623","E07000241","E05011069","E43000083","1","524487","0213299","1","E18000006","E40000007","E92000001","E12000006","5","E14001573","E15000006","E24000005","E30000272","E16000150","E07000241","26ULGX","E00121637","26ULGX","E65000001","E01023954","E02004986","5","5B2","E00121637","E01023954","E02004986","E33024496","E38000049","E63011463","C1","7A3",51.804482,-0.195898,"E37000048","","E23000027",7164,"E56000035","E54000025","E00190264","E01035604","E02004986"
"AL6 0WZ","AL6  0WZ","AL6 0WZ","200211","200604","E10000015","E58000675","E07000241","E05011072","E04004822","1","524942","0218086","5","E18000006","E40000007","E92000001","E12000006","5","E14001573","E15000006","E24000005","E30000272","E16000150","E07000241","26ULHA","E00121691","26ULHA","E65000001","E01023965","E02004980","5","4B3","E00121691","E01023965","E02004980","E33027625","E38000049","E63011372","C1","6A2",51.847399,-0.187577,"E37000048","","E23000027",32617,"E56000035","E54000025","E00121691","E01023965","E02004980"
"AL6 0XA","AL6  0XA","AL6 0XA","198001","201001","E10000015","E58000623","E07000241","E05011069","E43000083","1","524487","0213299","1","E18000006","E40000007","E92000001","E12000006","5","E14001573","E15000006","E24000005","E30000272","E16000150","E07000241","26ULGX","E00121637","26ULGX","E65000001","E01023954","E02004986","5","5B2","E00121637","E01023954","E02004986","E33024496","E38000049","E63011463","C1","7A3",51.804482,-0.195898,"E37000048","","E23000027",7164,"E56000035","E54000025","E00190264","E01035604","E02004986"
"AL6 0XB","AL6  0XB","AL6 0XB","198001","","E10000015","E58000675","E07000241","E05011073","E04004822","0","523871","0217670","1","E18000006","E40000007","E92000001","E12000006","5","E14001573","E15000006","E24000005","E30000272","E16000150","E07000241","26ULHA","E00121693","26ULHA","E65000001","E01023966","E02004980","5","4D2","E00121693","E01023966","E02004980","E33027625","E38000049","E63011372","C1","6A4",51.843906,-0.203242,"E37000048","","E23000027",32373,"E56000035","E54000025","E00121693","E01023966","E02004980"
"AL6 0XD","AL6  0XD","AL6 0XD","198106","","E10000015","E58000675","E07000241","E05011073","E04004822","0","524015","0217290","1","E18000006","E40000007","E92000001","E12000006","5","E14001573","E15000006","E24000005","E30000272","E16000150","E07000241","26ULHA","E00121697","26ULHA","E65000001","E01023966","E02004980","5","4B3","E00121697","E01023966","E02004980","E33027625","E38000049","E63011372","C1","6A1",51.840459,-0.201288,"E37000048","","E23000027",32373,"E56000035","E54000025","E00121697","E01023966","E02004980"
"AL6 0XE","AL6  0XE","AL6 0XE","198106","","E10000015","E58000675","E07000241","E05011073","E04004822","0","524072","0217211","1","E18000006","E40000007","E92000001","E12000006","5","E14001573","E15000006","E24000005","E30000272","E16000150","E07000241","26ULHA","E00121693","26ULHA","E65000001","E01023966","E02004980","5","4D2","E00121693","E01023966","E02004980","E33027625","E38000049","E63011372","C1","6A4",51.839736,-0.200490,"E37000048","","E23000027",32373,"E56000035","E54000025","E00121693","E01023966","E02004980"
"AL6 0XF","AL6  0XF","AL6 0XF","198106","","E10000015","E58000675","E07000241","E05011073","E04004822","0","524033","0217128","1","E18000006","E40000007","E92000001","E12000006","5","E14001573","E15000006","E24000005","E30000272","E16000150","E07000241","26ULHA","E00121693","26ULHA","E65000001","E01023966","E02004980","5","4D2","E00121693","E01023966","E02004980","E33027625","E38000049","E63011372","C1","6A4",51.838992,-0.201109,"E37000048","","E23000027",32373,"E56000035","E54000025","E00121693","E01023966","E02004980"
"AL6 0XG","AL6  0XG","AL6 0XG","198301","","E10000015","E58000675","E07000241","E05011073","E04004822","0","524107","0217171","1","E18000006","E40000007","E92000001","E12000006","5","E14001573","E15000006","E24000005","E30000272","E16000150","E07000241","26ULHA","E00121693","26ULHA","E65000001","E01023966","E02004980","5","4D2","E00121693","E01023966","E02004980","E33027625","E38000049","E63011372","C1","6A4",51.839362,-0.200020,"E37000048","","E23000027",32373,"E56000035","E54000025","E00121693","E01023966","E02004980"
"AL6 0XH","AL6  0XH","AL6 0XH","198510","","E10000015","E58000675","E07000241","E05011073","E04004822","0","524135","0217234","1","E18000006","E40000007","E92000001","E12000006","5","E14001573","E15000006","E24000005","E30000272","E16000150","E07000241","26ULHA","E00121693","26ULHA","E65000001","E01023966","E02004980","5","4D2","E00121693","E01023966","E02004980","E33027625","E38000049","E63011372","C1","6A4",51.839929,-0.199568,"E37000048","","E23000027",32373,"E56000035","E54000025","E00121693","E01023966","E02004980"
"AL6 0XJ","AL6  0XJ","AL6 0XJ","199308","199507","E10000015","E58000675","E07000241","E05011073","E04004822","1","524100","0217200","8","E18000006","E40000007","E92000001","E12000006","5","E14001573","E15000006","E24000005","E30000272","E16000150","E07000241","26ULHA","E00121693","26ULHA","E65000001","E01023966","E02004980","5","4D2","E00121693","E01023966","E02004980","E33027625","E38000049","E63011372","C1","6A4",51.839625,-0.200112,"E37000048","","E23000027",32373,"E56000035","E54000025","E00121693","E01023966","E02004980"
"AL6 0XL","AL6  0XL","AL6 0XL","199308","200108","E10000015","E58000623","E07000241","E05011069","E43000083","1","524487","0213299","1","E18000006","E40000007","E92000001","E12000006","5","E14001573","E15000006","E24000005","E30000272","E16000150","E07000241","26ULGX","E00121637","26ULGX","E65000001","E01023954","E02004986","5","5B2","E00121637","E01023954","E02004986","E33024496","E38000049","E63011463","C1","7A3",51.804482,-0.195898,"E37000048","","E23000027",7164,"E56000035","E54000025","E00190264","E01035604","E02004986"
"AL6 0XN","AL6  0XN","AL6 0XN","199405","199501","E10000015","E58000675","E07000241","E05011073","E04004822","1","524100","0217200","8","E18000006","E40000007","E92000001","E12000006","5","E14001573","E15000006","E24000005","E30000272","E16000150","E07000241","26ULHA","E00121693","26ULHA","E65000001","E01023966","E02004980","5","4D2","E00121693","E01023966","E02004980","E33027625","E38000049","E63011372","C1","6A4",51.839625,-0.200112,"E37000048","","E23000027",32373,"E56000035","E54000025","E00121693","E01023966","E02004980"
"AL6 0XP","AL6  0XP","AL6 0XP","199412","200009","E10000015","E58000675","E07000241","E05011072","E04004822","1","525533","0216336","6","E18000006","E40000007","E92000001","E12000006","5","E14001573","E15000006","E24000005","E30000272","E16000150","E07000241","26ULHB","E00121718","26ULHB","E65000001","E01023971","E02004980","5","4B3","E00121718","E01023971","E02004980","E33027624","E38000049","E63011407","C1","6A1",51.831540,-0.179636,"E37000048","","E23000027",32577,"E56000035","E54000025","E00121718","E01023971","E02004980"
"AL6 0XQ","AL6  0XQ","AL6 0XQ","198307","","E10000015","E58000675","E07000241","E05011073","E04004822","0","523996","0217153","1","E18000006","E40000007","E92000001","E12000006","5","E14001573","E15000006","E24000005","E30000272","E16000150","E07000241","26ULHA","E00121693","26ULHA","E65000001","E01023966","E02004980","5","4D2","E00121693","E01023966","E02004980","E33027625","E38000049","E63011372","C1","6A4",51.839232,-0.201613,"E37000048","","E23000027",32373,"E56000035","E54000025","E00121693","E01023966","E02004980"
"AL6 0XR","AL6  0XR","AL6 0XR","199507","199612","E10000015","E58000675","E07000241","E05011073","E04004822","1","524100","0217200","8","E18000006","E40000007","E92000001","E12000006","5","E14001573","E15000006","E24000005","E30000272","E16000150","E07000241","26ULHA","E00121693","26ULHA","E65000001","E01023966","E02004980","5","4D2","E00121693","E01023966","E02004980","E33027625","E38000049","E63011372","C1","6A4",51.839625,-0.200112,"E37000048","","E23000027",32373,"E56000035","E54000025","E00121693","E01023966","E02004980"
"AL6 0XS","AL6  0XS","AL6 0XS","199507","200006","E10000015","E58000675","E07000241","E05011072","E04004822","1","525533","0216336","6","E18000006","E40000007","E92000001","E12000006","5","E14001573","E15000006","E24000005","E30000272","E16000150","E07000241","26ULHB","E00121718","26ULHB","E65000001","E01023971","E02004980","5","4B3","E00121718","E01023971","E02004980","E33027624","E38000049","E63011407","C1","6A1",51.831540,-0.179636,"E37000048","","E23000027",32577,"E56000035","E54000025","E00121718","E01023971","E02004980"
"AL6 0XT","AL6  0XT","AL6 0XT","199806","199906","E10000015","E58000675","E07000241","E05011072","E04004822","1","525613","0216460","6","E18000006","E40000007","E92000001","E12000006","5","E14001573","E15000006","E24000005","E30000272","E16000150","E07000241","26ULHB","E00121718","26ULHB","E65000001","E01023971","E02004980","5","4B3","E00121718","E01023971","E02004980","E33027624","E38000049","E63011407","C1","6A1",51.832637,-0.178431,"E37000048","","E23000027",32577,"E56000035","E54000025","E00121718","E01023971","E02004980"
"AL6 0XU","AL6  0XU","AL6 0XU","200209","200601","E10000015","E58000623","E07000241","E05011069","E43000083","1","524487","0213299","1","E18000006","E40000007","E92000001","E12000006","5","E14001573","E15000006","E24000005","E30000272","E16000150","E07000241","26ULGX","E00121637","26ULGX","E65000001","E01023954","E02004986","5","5B2","E00121637","E01023954","E02004986","E33024496","E38000049","E63011463","C1","7A3",51.804482,-0.195898,"E37000048","","E23000027",7164,"E56000035","E54000025","E00190264","E01035604","E02004986"
"AL6 0XW","AL6  0XW","AL6 0XW","199412","200101","E10000015","E58000675","E07000241","E05011072","E04004822","1","525533","0216336","6","E18000006","E40000007","E92000001","E12000006","5","E14001573","E15000006","E24000005","E30000272","E16000150","E07000241","26ULHB","E00121718","26ULHB","E65000001","E01023971","E02004980","5","4B3","E00121718","E01023971","E02004980","E33027624","E38000049","E63011407","C1","6A1",51.831540,-0.179636,"E37000048","","E23000027",32577,"E56000035","E54000025","E00121718","E01023971","E02004980"
"AL6 0XX","AL6  0XX","AL6 0XX","199512","200707","E10000015","E58000623","E07000241","E05011069","E43000083","1","524487","0213299","1","E18000006","E40000007","E92000001","E12000006","5","E14001573","E15000006","E24000005","E30000272","E16000150","E07000241","26ULGX","E00121637","26ULGX","E65000001","E01023954","E02004986","5","5B2","E00121637","E01023954","E02004986","E33024496","E38000049","E63011463","C1","7A3",51.804482,-0.195898,"E37000048","","E23000027",7164,"E56000035","E54000025","E00190264","E01035604","E02004986"
"AL6 0XY","AL6  0XY","AL6 0XY","200406","200607","E10000015","E58000623","E07000241","E05011069","E43000083","1","524487","0213299","5","E18000006","E40000007","E92000001","E12000006","5","E14001573","E15000006","E24000005","E30000272","E16000150","E07000241","26ULGX","E00121637","26ULGX","E65000001","E01023954","E02004986","5","5B2","E00121637","E01023954","E02004986","E33024496","E38000049","E63011463","C1","7A3",51.804482,-0.195898,"E37000048","","E23000027",7164,"E56000035","E54000025","E00190264","E01035604","E02004986"
"AL6 0XZ","AL6  0XZ","AL6 0XZ","200210","200211","E10000015","E58000623","E07000241","E05011069","E43000083","1","524487","0213299","5","E18000006","E40000007","E92000001","E12000006","5","E14001573","E15000006","E24000005","E30000272","E16000150","E07000241","26ULGX","E00121637","26ULGX","E65000001","E01023954","E02004986","5","5B2","E00121637","E01023954","E02004986","E33024496","E38000049","E63011463","C1","7A3",51.804482,-0.195898,"E37000048","","E23000027",7164,"E56000035","E54000025","E00190264","E01035604","E02004986"
"AL6 0YJ","AL6  0YJ","AL6 0YJ","200706","200707","E10000015","E58000623","E07000241","E05011069","E43000083","1","524487","0213299","1","E18000006","E40000007","E92000001","E12000006","5","E14001573","E15000006","E24000005","E30000272","E16000150","E07000241","26ULGX","E00121637","26ULGX","E65000001","E01023954","E02004986","5","5B2","E00121637","E01023954","E02004986","E33024496","E38000049","E63011463","C1","7A3",51.804482,-0.195898,"E37000048","","E23000027",7164,"E56000035","E54000025","E00190264","E01035604","E02004986"
"AL6 0YQ","AL6  0YQ","AL6 0YQ","200407","200602","E10000015","E58000623","E07000241","E05011069","E43000083","1","524487","0213299","5","E18000006","E40000007","E92000001","E12000006","5","E14001573","E15000006","E24000005","E30000272","E16000150","E07000241","26ULGX","E00121637","26ULGX","E65000001","E01023954","E02004986","5","5B2","E00121637","E01023954","E02004986","E33024496","E38000049","E63011463","C1","7A3",51.804482,-0.195898,"E37000048","","E23000027",7164,"E56000035","E54000025","E00190264","E01035604","E02004986"
"AL6 0YX","AL6  0YX","AL6 0YX","200012","200806","E10000015","E58000623","E07000241","E05011069","E43000083","1","524487","0213299","1","E18000006","E40000007","E92000001","E12000006","5","E14001573","E15000006","E24000005","E30000272","E16000150","E07000241","26ULGX","E00121637","26ULGX","E65000001","E01023954","E02004986","5","5B2","E00121637","E01023954","E02004986","E33024496","E38000049","E63011463","C1","7A3",51.804482,-0.195898,"E37000048","","E23000027",7164,"E56000035","E54000025","E00190264","E01035604","E02004986"
"AL6 0YZ","AL6  0YZ","AL6 0YZ","200012","200601","E10000015","E58000623","E07000241","E05011069","E43000083","1","524487","0213299","1","E18000006","E40000007","E92000001","E12000006","5","E14001573","E15000006","E24000005","E30000272","E16000150","E07000241","26ULGX","E00121637","26ULGX","E65000001","E01023954","E02004986","5","5B2","E00121637","E01023954","E02004986","E33024496","E38000049","E63011463","C1","7A3",51.804482,-0.195898,"E37000048","","E23000027",7164,"E56000035","E54000025","E00190264","E01035604","E02004986"
"AL6 0ZD","AL6  0ZD","AL6 0ZD","199712","200201","E10000015","E58000623","E07000241","E05011069","E43000083","1","524487","0213299","1","E18000006","E40000007","E92000001","E12000006","5","E14001573","E15000006","E24000005","E30000272","E16000150","E07000241","26ULGX","E00121637","26ULGX","E65000001","E01023954","E02004986","5","5B2","E00121637","E01023954","E02004986","E33024496","E38000049","E63011463","C1","7A3",51.804482,-0.195898,"E37000048","","E23000027",7164,"E56000035","E54000025","E00190264","E01035604","E02004986"
"AL6 0ZE","AL6  0ZE","AL6 0ZE","199712","200006","E10000015","E58000675","E07000241","E05011072","E04004822","1","525533","0216336","6","E18000006","E40000007","E92000001","E12000006","5","E14001573","E15000006","E24000005","E30000272","E16000150","E07000241","26ULHB","E00121718","26ULHB","E65000001","E01023971","E02004980","5","4B3","E00121718","E01023971","E02004980","E33027624","E38000049","E63011407","C1","6A1",51.831540,-0.179636,"E37000048","","E23000027",32577,"E56000035","E54000025","E00121718","E01023971","E02004980"
"AL6 0ZF","AL6  0ZF","AL6 0ZF","199806","200101","E10000015","E58000675","E07000241","E05011072","E04004822","1","525533","0216336","6","E18000006","E40000007","E92000001","E12000006","5","E14001573","E15000006","E24000005","E30000272","E16000150","E07000241","26ULHB","E00121718","26ULHB","E65000001","E01023971","E02004980","5","4B3","E00121718","E01023971","E02004980","E33027624","E38000049","E63011407","C1","6A1",51.831540,-0.179636,"E37000048","","E23000027",32577,"E56000035","E54000025","E00121718","E01023971","E02004980"
"AL6 0ZG","AL6  0ZG","AL6 0ZG","199806","200208","E10000015","E58000623","E07000241","E05011069","E43000083","1","524487","0213299","1","E18000006","E40000007","E92000001","E12000006","5","E14001573","E15000006","E24000005","E30000272","E16000150","E07000241","26ULGX","E00121637","26ULGX","E65000001","E01023954","E02004986","5","5B2","E00121637","E01023954","E02004986","E33024496","E38000049","E63011463","C1","7A3",51.804482,-0.195898,"E37000048","","E23000027",7164,"E56000035","E54000025","E00190264","E01035604","E02004986"
"AL6 0ZH","AL6  0ZH","AL6 0ZH","199812","199906","E10000015","E58000675","E07000241","E05011073","E04004822","1","523900","0217100","8","E18000006","E40000007","E92000001","E12000006","5","E14001573","E15000006","E24000005","E30000272","E16000150","E07000241","26ULHA","E00121693","26ULHA","E65000001","E01023966","E02004980","5","4D2","E00121693","E01023966","E02004980","E33027625","E38000049","E63011372","C1","6A4",51.838770,-0.203049,"E37000048","","E23000027",32373,"E56000035","E54000025","E00121693","E01023966","E02004980"
"AL6 0ZJ","AL6  0ZJ","AL6 0ZJ","199812","199912","E10000015","E58000675","E07000241","E05011073","E04004822","1","523900","0217100","8","E18000006","E40000007","E92000001","E12000006","5","E14001573","E15000006","E24000005","E30000272","E16000150","E07000241","26ULHA","E00121693","26ULHA","E65000001","E01023966","E02004980","5","4D2","E00121693","E01023966","E02004980","E33027625","E38000049","E63011372","C1","6A4",51.838770,-0.203049,"E37000048","","E23000027",32373,"E56000035","E54000025","E00121693","E01023966","E02004980"
"AL6 0ZL","AL6  0ZL","AL6 0ZL","199812","200111","E10000015","E58000623","E07000241","E05011069","E43000083","1","524487","0213299","1","E18000006","E40000007","E92000001","E12000006","5","E14001573","E15000006","E24000005","E30000272","E16000150","E07000241","26ULGX","E00121637","26ULGX","E65000001","E01023954","E02004986","5","5B2","E00121637","E01023954","E02004986","E33024496","E38000049","E63011463","C1","7A3",51.804482,-0.195898,"E37000048","","E23000027",7164,"E56000035","E54000025","E00190264","E01035604","E02004986"
"AL6 0ZN","AL6  0ZN","AL6 0ZN","199906","200705","E10000015","E58000623","E07000241","E05011069","E43000083","1","524487","0213299","1","E18000006","E40000007","E92000001","E12000006","5","E14001573","E15000006","E24000005","E30000272","E16000150","E07000241","26ULGX","E00121637","26ULGX","E65000001","E01023954","E02004986","5","5B2","E00121637","E01023954","E02004986","E33024496","E38000049","E63011463","C1","7A3",51.804482,-0.195898,"E37000048","","E23000027",7164,"E56000035","E54000025","E00190264","E01035604","E02004986"
"AL6 0ZP","AL6  0ZP","AL6 0ZP","199912","200101","E10000015","E58000675","E07000241","E05011072","E04004822","1","525533","0216336","6","E18000006","E40000007","E92000001","E12000006","5","E14001573","E15000006","E24000005","E30000272","E16000150","E07000241","26ULHB","E00121718","26ULHB","E65000001","E01023971","E02004980","5","4B3","E00121718","E01023971","E02004980","E33027624","E38000049","E63011407","C1","6A1",51.831540,-0.179636,"E37000048","","E23000027",32577,"E56000035","E54000025","E00121718","E01023971","E02004980"
"AL6 0ZQ","AL6  0ZQ","AL6 0ZQ","200012","200609","E10000015","E58000623","E07000241","E05011069","E43000083","1","524487","0213299","1","E18000006","E40000007","E92000001","E12000006","5","E14001573","E15000006","E24000005","E30000272","E16000150","E07000241","26ULGX","E00121637","26ULGX","E65000001","E01023954","E02004986","5","5B2","E00121637","E01023954","E02004986","E33024496","E38000049","E63011463","C1","7A3",51.804482,-0.195898,"E37000048","","E23000027",7164,"E56000035","E54000025","E00190264","E01035604","E02004986"
"AL6 0ZR","AL6  0ZR","AL6 0ZR","200012","200806","E10000015","E58000623","E07000241","E05011069","E43000083","1","524487","0213299","1","E18000006","E40000007","E92000001","E12000006","5","E14001573","E15000006","E24000005","E30000272","E16000150","E07000241","26ULGX","E00121637","26ULGX","E65000001","E01023954","E02004986","5","5B2","E00121637","E01023954","E02004986","E33024496","E38000049","E63011463","C1","7A3",51.804482,-0.195898,"E37000048","","E23000027",7164,"E56000035","E54000025","E00190264","E01035604","E02004986"
"AL6 0ZS","AL6  0ZS","AL6 0ZS","200006","200808","E10000015","E58000623","E07000241","E05011069","E43000083","1","524487","0213299","1","E18000006","E40000007","E92000001","E12000006","5","E14001573","E15000006","E24000005","E30000272","E16000150","E07000241","26ULGX","E00121637","26ULGX","E65000001","E01023954","E02004986","5","5B2","E00121637","E01023954","E02004986","E33024496","E38000049","E63011463","C1","7A3",51.804482,-0.195898,"E37000048","","E23000027",7164,"E56000035","E54000025","E00190264","E01035604","E02004986"
"AL6 0ZT","AL6  0ZT","AL6 0ZT","199812","200101","E10000015","E58000675","E07000241","E05011072","E04004822","1","525533","0216336","6","E18000006","E40000007","E92000001","E12000006","5","E14001573","E15000006","E24000005","E30000272","E16000150","E07000241","26ULHB","E00121718","26ULHB","E65000001","E01023971","E02004980","5","4B3","E00121718","E01023971","E02004980","E33027624","E38000049","E63011407","C1","6A1",51.831540,-0.179636,"E37000048","","E23000027",32577,"E56000035","E54000025","E00121718","E01023971","E02004980"
"AL6 0ZU","AL6  0ZU","AL6 0ZU","201210","","E10000015","E58000623","E07000241","E05011069","E43000083","1","524487","0213299","1","E18000006","E40000007","E92000001","E12000006","5","E14001573","E15000006","E24000005","E30000272","E16000150","E07000241","26ULGX","E00121637","26ULGX","E65000001","E01023954","E02004986","5","5B2","E00121637","E01023954","E02004986","E33024496","E38000049","E63011463","C1","7A3",51.804482,-0.195898,"E37000048","","E23000027",7164,"E56000035","E54000025","E00190264","E01035604","E02004986"
"AL6 0ZW","AL6  0ZW","AL6 0ZW","200006","200802","E10000015","E58000623","E07000241","E05011069","E43000083","1","524487","0213299","1","E18000006","E40000007","E92000001","E12000006","5","E14001573","E15000006","E24000005","E30000272","E16000150","E07000241","26ULGX","E00121637","26ULGX","E65000001","E01023954","E02004986","5","5B2","E00121637","E01023954","E02004986","E33024496","E38000049","E63011463","C1","7A3",51.804482,-0.195898,"E37000048","","E23000027",7164,"E56000035","E54000025","E00190264","E01035604","E02004986"
"AL6 0ZX","AL6  0ZX","AL6 0ZX","199912","200104","E10000015","E58000675","E07000241","E05011072","E04004822","1","525533","0216336","6","E18000006","E40000007","E92000001","E12000006","5","E14001573","E15000006","E24000005","E30000272","E16000150","E07000241","26ULHB","E00121718","26ULHB","E65000001","E01023971","E02004980","5","4B3","E00121718","E01023971","E02004980","E33027624","E38000049","E63011407","C1","6A1",51.831540,-0.179636,"E37000048","","E23000027",32577,"E56000035","E54000025","E00121718","E01023971","E02004980"
"AL6 0ZY","AL6  0ZY","AL6 0ZY","199906","200303","E10000015","E58000623","E07000241","E05011069","E43000083","1","524487","0213299","1","E18000006","E40000007","E92000001","E12000006","5","E14001573","E15000006","E24000005","E30000272","E16000150","E07000241","26ULGX","E00121637","26ULGX","E65000001","E01023954","E02004986","5","5B2","E00121637","E01023954","E02004986","E33024496","E38000049","E63011463","C1","7A3",51.804482,-0.195898,"E37000048","","E23000027",7164,"E56000035","E54000025","E00190264","E01035604","E02004986"
"AL6 0ZZ","AL6  0ZZ","AL6 0ZZ","200006","200604","E10000015","E58000623","E07000241","E05011069","E43000083","1","524487","0213299","1","E18000006","E40000007","E92000001","E12000006","5","E14001573","E15000006","E24000005","E30000272","E16000150","E07000241","26ULGX","E00121637","26ULGX","E65000001","E01023954","E02004986","5","5B2","E00121637","E01023954","E02004986","E33024496","E38000049","E63011463","C1","7A3",51.804482,-0.195898,"E37000048","","E23000027",7164,"E56000035","E54000025","E00190264","E01035604","E02004986"
"AL6 9AA","AL6  9AA","AL6 9AA","198001","","E10000015","E58000675","E07000241","E05011073","E04004817","0","522155","0213802","1","E18000006","E40000007","E92000001","E12000006","5","E14001573","E15000006","E24000005","E30000272","E16000150","E07000241","26ULHB","E00121703","26ULHB","E65000001","E01023969","E02004981","8","3C1","E00173259","E01023969","E02004981","E33027632","E38000049","","E1","1B2",51.809523,-0.229502,"E37000048","","E23000027",27770,"E56000035","E54000025","E00173259","E01023969","E02004981"
"AL6 9AB","AL6  9AB","AL6 9AB","198001","","E10000015","E58000675","E07000241","E05011073","E04004817","0","522169","0214069","1","E18000006","E40000007","E92000001","E12000006","5","E14001573","E15000006","E24000005","E30000272","E16000150","E07000241","26ULHB","E00121703","26ULHB","E65000001","E01023969","E02004981","8","3C1","E00173259","E01023969","E02004981","E33027632","E38000049","","E1","1B2",51.811919,-0.229205,"E37000048","","E23000027",27770,"E56000035","E54000025","E00173259","E01023969","E02004981"
"AL6 9AD","AL6  9AD","AL6 9AD","198001","","E10000015","E58000675","E07000241","E05011073","E04004817","0","522293","0214666","1","E18000006","E40000007","E92000001","E12000006","5","E14001573","E15000006","E24000005","E30000272","E16000150","E07000241","26ULHB","E00121703","26ULHB","E65000001","E01023969","E02004981","8","3C1","E00173259","E01023969","E02004981","E33027632","E38000049","","E1","1B2",51.817257,-0.227196,"E37000048","","E23000027",27770,"E56000035","E54000025","E00173259","E01023969","E02004981"
"AL6 9AE","AL6  9AE","AL6 9AE","198001","","E10000015","E58000675","E07000241","E05011073","E04004817","0","522494","0215372","1","E18000006","E40000007","E92000001","E12000006","5","E14001573","E15000006","E24000005","E30000272","E16000150","E07000241","26ULHB","E00121703","26ULHB","E65000001","E01023969","E02004981","8","3C1","E00173259","E01023969","E02004981","E33027632","E38000049","","E1","1B2",51.823558,-0.224032,"E37000048","","E23000027",27770,"E56000035","E54000025","E00173259","E01023969","E02004981"
"AL6 9AF","AL6  9AF","AL6 9AF","198001","","E10000015","E58000675","E07000241","E05011073","E04004822","0","522326","0214991","1","E18000006","E40000007","E92000001","E12000006","5","E14001573","E15000006","E24000005","E30000272","E16000150","E07000241","26ULHB","E00121705","26ULHB","E65000001","E01023970","E02004981","5","5B2","E00121705","E01023970","E02004981","E33027632","E38000049","","C1","4A1",51.820171,-0.226603,"E37000048","","E23000027",17242,"E56000035","E54000025","E00190339","E01023970","E02004981"
"AL6 9AG","AL6  9AG","AL6 9AG","199507","200402","E10000015","E58000623","E07000241","E05011069","E43000083","1","524487","0213299","1","E18000006","E40000007","E92000001","E12000006","5","E14001573","E15000006","E24000005","E30000272","E16000150","E07000241","26ULGX","E00121637","26ULGX","E65000001","E01023954","E02004986","5","5B2","E00121637","E01023954","E02004986","E33024496","E38000049","E63011463","C1","7A3",51.804482,-0.195898,"E37000048","","E23000027",7164,"E56000035","E54000025","E00190264","E01035604","E02004986"
"AL6 9AH","AL6  9AH","AL6 9AH","198001","","E10000015","E58000622","E07000241","E05011070","E43000083","0","522529","0214405","1","E18000006","E40000007","E92000001","E12000006","5","E14001573","E15000006","E24000005","E30000272","E16000150","E07000241","26ULGY","E00121661","26ULGY","E65000001","E01023959","E02004982","8","4A2","E00121661","E01023959","E02004982","E33027634","E38000049","","F1","6A1",51.814860,-0.223867,"E37000048","","E23000027",32657,"E56000035","E54000025","E00121661","E01023959","E02004982"
"AL6 9AJ","AL6  9AJ","AL6 9AJ","198001","","E10000015","E58000623","E07000241","E05011060","E43000083","0","522387","0214157","1","E18000006","E40000007","E92000001","E12000006","5","E14001573","E15000006","E24000005","E30000272","E16000150","E07000241","26ULGL","E00121438","26ULGL","E65000001","E01023919","E02004985","5","4B4","E00121438","E01023919","E02004985","E33027641","E38000049","","C1","6A4",51.812656,-0.226037,"E37000048","","E23000027",32599,"E56000035","E54000025","E00121438","E01023919","E02004985"
"AL6 9AL","AL6  9AL","AL6 9AL","198001","","E10000015","E58000622","E07000241","E05011070","E43000083","0","522756","0214463","1","E18000006","E40000007","E92000001","E12000006","5","E14001573","E15000006","E24000005","E30000272","E16000150","E07000241","26ULGY","E00121661","26ULGY","E65000001","E01023959","E02004982","8","4A2","E00121661","E01023959","E02004982","E33027634","E38000049","","F1","6A1",51.815332,-0.220555,"E37000048","","E23000027",32657,"E56000035","E54000025","E00121661","E01023959","E02004982"
"AL6 9AN","AL6  9AN","AL6 9AN","198001","199812","E10000015","E58000622","E07000241","E05011070","E43000083","0","522577","0214266","3","E18000006","E40000007","E92000001","E12000006","5","E14001573","E15000006","E24000005","E30000272","E16000150","E07000241","26ULGY","E00121661","26ULGY","E65000001","E01023959","E02004982","8","4A2","E00121661","E01023959","E02004982","E33027634","E38000049","","F1","6A1",51.813594,-0.223244,"E37000048","","E23000027",32657,"E56000035","E54000025","E00121661","E01023959","E02004982"
"AL6 9AP","AL6  9AP","AL6 9AP","199501","199912","E10000015","E58000675","E07000241","E05011073","E04004822","1","522940","0216362","6","E18000006","E40000007","E92000001","E12000006","5","E14001573","E15000006","E24000005","E30000272","E16000150","E07000241","26ULHB","E00121713","26ULHB","E65000001","E01023968","E02004981","5","4B4","E00121713","E01023968","E02004981","E33027631","E38000049","E63011412","C1","6A4",51.832350,-0.217237,"E37000048","","E23000027",27444,"E56000035","E54000025","E00121713","E01023968","E02004981"
"AL6 9AQ","AL6  9AQ","AL6 9AQ","198001","199112","E10000015","E58000675","E07000241","E05011073","E04004822","0","522500","0215000","8","E18000006","E40000007","E92000001","E12000006","5","E14001573","E15000006","E24000005","E30000272","E16000150","E07000241","26ULHB","E00121705","26ULHB","E65000001","E01023970","E02004981","5","5B2","E00121705","E01023970","E02004981","E33027632","E38000049","","C1","4A1",51.820207,-0.224101,"E37000048","","E23000027",17242,"E56000035","E54000025","E00190339","E01023970","E02004981"
"AL6 9AR","AL6  9AR","AL6 9AR","198001","201109","E10000015","E58000675","E07000241","E05011073","E04004822","1","522464","0214978","1","E18000006","E40000007","E92000001","E12000006","5","E14001573","E15000006","E24000005","E30000272","E16000150","E07000241","26ULHB","E00121705","26ULHB","E65000001","E01023970","E02004981","5","5B2","E00121705","E01023970","E02004981","E33027632","E38000049","","C1","4A1",51.820017,-0.224631,"E37000048","","E23000027",17242,"E56000035","E54000025","E00190339","E01023970","E02004981"
"AL6 9AS","AL6  9AS","AL6 9AS","198710","","E10000015","E58000675","E07000241","E05011073","E04004822","0","522977","0215767","1","E18000006","E40000007","E92000001","E12000006","5","E14001573","E15000006","E24000005","E30000272","E16000150","E07000241","26ULHB","E00121704","26ULHB","E65000001","E01023970","E02004981","5","1C1","E00121704","E01023970","E02004981","E33027626","E38000049","E63011412","C1","8C1",51.827644,-0.215963,"E37000048","","E23000027",17242,"E56000035","E54000025","E00121704","E01023970","E02004981"
"AL6 9AT","AL6  9AT","AL6 9AT","199002","","E10000015","E58000675","E07000241","E05011073","E04004822","0","522787","0215618","1","E18000006","E40000007","E92000001","E12000006","5","E14001573","E15000006","E24000005","E30000272","E16000150","E07000241","26ULHB","E00121717","26ULHB","E65000001","E01023970","E02004981","5","1C2","E00121717","E01023970","E02004981","E33027627","E38000049","E63011412","C1","8C3",51.825705,-0.219696,"E37000048","","E23000027",17242,"E56000035","E54000025","E00121717","E01023970","E02004981"
"AL6 9AU","AL6  9AU","AL6 9AU","199002","","E10000015","E58000675","E07000241","E05011073","E04004822","0","523089","0215781","1","E18000006","E40000007","E92000001","E12000006","5","E14001573","E15000006","E24000005","E30000272","E16000150","E07000241","26ULHB","E00121704","26ULHB","E65000001","E01023970","E02004981","5","1C1","E00121704","E01023970","E02004981","E33027626","E38000049","E63011412","C1","8C1",51.827103,-0.215259,"E37000048","","E23000027",17242,"E56000035","E54000025","E00121704","E01023970","E02004981"
"AL6 9AW","AL6  9AW","AL6 9AW","199606","199906","E10000015","E58000675","E07000241","E05011073","E04004822","1","522874","0216239","6","E18000006","E40000007","E92000001","E12000006","5","E14001573","E15000006","E24000005","E30000272","E16000150","E07000241","26ULHB","E00121715","26ULHB","E65000001","E01023969","E02004981","5","6B2","E00121715","E01023969","E02004981","E33027630","E38000049","E63011412","C1","5B3",51.831259,-0.218238,"E37000048","","E23000027",27770,"E56000035","E54000025","E00121715","E01023969","E02004981"
"AL6 9AX","AL6  9AX","AL6 9AX","199301","199405","E10000015","E58000675","E07000241","E05011073","E04004822","1","523100","0215800","8","E18000006","E40000007","E92000001","E12000006","5","E14001573","E15000006","E24000005","E30000272","E16000150","E07000241","26ULHB","E00121704","26ULHB","E65000001","E01023970","E02004981","5","1C1","E00121704","E01023970","E02004981","E33027626","E38000049","E63011412","C1","8C1",51.827264,-0.215116,"E37000048","","E23000027",17242,"E56000035","E54000025","E00121704","E01023970","E02004981"
"AL6 9AY","AL6  9AY","AL6 9AY","199712","199812","E10000015","E58000675","E07000241","E05011073","E04004822","1","522874","0216239","6","E18000006","E40000007","E92000001","E12000006","5","E14001573","E15000006","E24000005","E30000272","E16000150","E07000241","26ULHB","E00121715","26ULHB","E65000001","E01023969","E02004981","5","6B2","E00121715","E01023969","E02004981","E33027630","E38000049","E63011412","C1","5B3",51.831259,-0.218238,"E37000048","","E23000027",27770,"E56000035","E54000025","E00121715","E01023969","E02004981"
"AL6 9AZ","AL6  9AZ","AL6 9AZ","199712","200812","E10000015","E58000623","E07000241","E05011069","E43000083","1","524487","0213299","1","E18000006","E40000007","E92000001","E12000006","5","E14001573","E15000006","E24000005","E30000272","E16000150","E07000241","26ULGX","E00121637","26ULGX","E65000001","E01023954","E02004986","5","5B2","E00121637","E01023954","E02004986","E33024496","E38000049","E63011463","C1","7A3",51.804482,-0.195898,"E37000048","","E23000027",7164,"E56000035","E54000025","E00190264","E01035604","E02004986"
"AL6 9BA","AL6  9BA","AL6 9BA","198001","","E10000015","E58000675","E07000241","E05011073","E04004817","0","521867","0213956","1","E18000006","E40000007","E92000001","E12000006","5","E14001573","E15000006","E24000005","E30000272","E16000150","E07000241","26ULHB","E00121703","26ULHB","E65000001","E01023969","E02004981","8","3C1","E00173259","E01023969","E02004981","E33027632","E38000049","","E1","1B2",51.810963,-0.233647,"E37000048","","E23000027",27770,"E56000035","E54000025","E00173259","E01023969","E02004981"
"AL6 9BB","AL6  9BB","AL6 9BB","198001","","E10000015","E58000675","E07000241","E05011073","E04004817","0","521752","0214223","1","E18000006","E40000007","E92000001","E12000006","5","E14001573","E15000006","E24000005","E30000272","E16000150","E07000241","26ULHB","E00121703","26ULHB","E65000001","E01023969","E02004981","8","3C1","E00173259","E01023969","E02004981","E33027632","E38000049","","E1","1B2",51.813394,-0.235197,"E37000048","","E23000027",27770,"E56000035","E54000025","E00173259","E01023969","E02004981"
"AL6 9BD","AL6  9BD","AL6 9BD","198001","","E10000015","E58000675","E07000241","E05011073","E04004817","0","521921","0214350","1","E18000006","E40000007","E92000001","E12000006","5","E14001573","E15000006","E24000005","E30000272","E16000150","E07000241","26ULHB","E00121703","26ULHB","E65000001","E01023969","E02004981","8","3C1","E00173259","E01023969","E02004981","E33027632","E38000049","","E1","1B2",51.814499,-0.232702,"E37000048","","E23000027",27770,"E56000035","E54000025","E00173259","E01023969","E02004981"
"AL6 9BE","AL6  9BE","AL6 9BE","198001","","E10000015","E58000675","E07000241","E05011073","E04004817","0","522128","0214423","1","E18000006","E40000007","E92000001","E12000006","5","E14001573","E15000006","E24000005","E30000272","E16000150","E07000241","26ULHB","E00121703","26ULHB","E65000001","E01023969","E02004981","8","3C1","E00173259","E01023969","E02004981","E33027632","E38000049","","E1","1B2",51.815110,-0.229675,"E37000048","","E23000027",27770,"E56000035","E54000025","E00173259","E01023969","E02004981"
"AL6 9BF","AL6  9BF","AL6 9BF","199612","199707","E10000015","E58000675","E07000241","E05011073","E04004817","1","522009","0214563","8","E18000006","E40000007","E92000001","E12000006","5","E14001573","E15000006","E24000005","E30000272","E16000150","E07000241","26ULHB","E00121703","26ULHB","E65000001","E01023969","E02004981","8","3C1","E00173259","E01023969","E02004981","E33027632","E38000049","","E1","1B2",51.816387,-0.231375,"E37000048","","E23000027",27770,"E56000035","E54000025","E00173259","E01023969","E02004981"
"AL6 9BG","AL6  9BG","AL6 9BG","198001","","E10000015","E58000675","E07000241","E05011073","E04004817","0","521812","0215174","1","E18000006","E40000007","E92000001","E12000006","5","E14001573","E15000006","E24000005","E30000272","E16000150","E07000241","26ULHB","E00121703","26ULHB","E65000001","E01023969","E02004981","8","3C1","E00173259","E01023969","E02004981","E33027632","E38000049","","E1","1B2",51.821921,-0.234017,"E37000048","","E23000027",27770,"E56000035","E54000025","E00173259","E01023969","E02004981"
"AL6 9BH","AL6  9BH","AL6 9BH","198001","","E10000015","E58000675","E07000241","E05011073","E04004817","0","521143","0214933","1","E18000006","E40000007","E92000001","E12000006","5","E14001573","E15000006","E24000005","E30000272","E16000150","E07000241","26ULHB","E00121703","26ULHB","E65000001","E01023969","E02004981","8","3C1","E00173259","E01023969","E02004981","E33027632","E38000049","","E1","1B2",51.819900,-0.243803,"E37000048","","E23000027",27770,"E56000035","E54000025","E00173259","E01023969","E02004981"
"AL6 9BJ","AL6  9BJ","AL6 9BJ","198001","","E10000015","E58000675","E07000241","E05011073","E04004817","0","521175","0216140","1","E18000006","E40000007","E92000001","E12000006","5","E14001573","E15000006","E24000005","E30000272","E16000150","E07000241","26ULHB","E00121703","26ULHB","E65000001","E01023969","E02004981","8","3C1","E00173259","E01023969","E02004981","E33027632","E38000049","","E1","1B2",51.830747,-0.242892,"E37000048","","E23000027",27770,"E56000035","E54000025","E00173259","E01023969","E02004981"
"AL6 9BL","AL6  9BL","AL6 9BL","198001","","E10000015","E58000675","E07000241","E05011073","E04004816","0","519977","0216265","1","E18000006","E40000007","E92000001","E12000006","5","E14001573","E15000006","E24000005","E30000272","E16000150","E07000241","26ULHB","E00121702","26ULHB","E65000001","E01023969","E02004981","7","3C2","E00173259","E01023969","E02004981","E33027632","E38000049","","E1","1B2",51.832129,-0.260226,"E37000048","","E23000027",27770,"E56000035","E54000025","E00173259","E01023969","E02004981"
"AL6 9BN","AL6  9BN","AL6 9BN","198001","","E10000015","E58000675","E07000241","E05011073","E04004816","0","519827","0216458","1","E18000006","E40000007","E92000001","E12000006","5","E14001573","E15000006","E24000005","E30000272","E16000150","E07000241","26ULHB","E00121702","26ULHB","E65000001","E01023969","E02004981","7","3C2","E00173259","E01023969","E02004981","E33027632","E38000049","","E1","1B2",51.833896,-0.262335,"E37000048","","E23000027",27770,"E56000035","E54000025","E00173259","E01023969","E02004981"
"AL6 9BP","AL6  9BP","AL6 9BP","198001","","E10000015","E58000675","E07000241","E05011073","E04004816","0","519480","0217005","1","E18000006","E40000007","E92000001","E12000006","5","E14001573","E15000006","E24000005","E30000272","E16000150","E07000241","26ULHB","E00121702","26ULHB","E65000001","E01023969","E02004981","7","3C2","E00173259","E01023969","E02004981","E33027632","E38000049","","E1","1B2",51.838879,-0.267204,"E37000048","","E23000027",27770,"E56000035","E54000025","E00173259","E01023969","E02004981"
"AL6 9BQ","AL6  9BQ","AL6 9BQ","198001","","E10000015","E58000675","E07000241","E05011073","E04004817","0","521386","0215449","1","E18000006","E40000007","E92000001","E12000006","5","E14001573","E15000006","E24000005","E30000272","E16000150","E07000241","26ULHB","E00121703","26ULHB","E65000001","E01023969","E02004981","8","3C1","E00173259","E01023969","E02004981","E33027632","E38000049","","E1","1B2",51.824485,-0.240098,"E37000048","","E23000027",27770,"E56000035","E54000025","E00173259","E01023969","E02004981"
"AL6 9BS","AL6  9BS","AL6 9BS","198001","","E10000015","E58000646","E07000099","E05015758","E04004773","0","519493","0217516","1","E18000006","E40000007","E92000001","E12000006","5","E14001516","E15000006","E24000005","E30000272","E16000150","E07000099","26UFGG","E00119837","26UFGG","E65000001","E01023595","E02004923","5","3A1","E00119837","E01023595","E02004923","E33027392","E38000049","","C1","1B2",51.843475,-0.266815,"E37000048","","E23000027",30588,"E56000035","E54000025","E00119837","E01023595","E02004923"
"AL6 9BT","AL6  9BT","AL6 9BT","198001","","E10000015","E58000675","E07000241","E05011073","E04004816","0","519513","0216825","1","E18000006","E40000007","E92000001","E12000006","5","E14001573","E15000006","E24000005","E30000272","E16000150","E07000241","26ULHB","E00121702","26ULHB","E65000001","E01023969","E02004981","7","3C2","E00173259","E01023969","E02004981","E33027632","E38000049","","E1","1B2",51.837254,-0.266787,"E37000048","","E23000027",27770,"E56000035","E54000025","E00173259","E01023969","E02004981"
"AL6 9BU","AL6  9BU","AL6 9BU","198001","","E10000015","E58000675","E07000241","E05011073","E04004816","0","519454","0216831","1","E18000006","E40000007","E92000001","E12000006","5","E14001573","E15000006","E24000005","E30000272","E16000150","E07000241","26ULHB","E00121702","26ULHB","E65000001","E01023969","E02004981","7","3C2","E00173259","E01023969","E02004981","E33027632","E38000049","","E1","1B2",51.837321,-0.267641,"E37000048","","E23000027",27770,"E56000035","E54000025","E00173259","E01023969","E02004981"
"AL6 9BW","AL6  9BW","AL6 9BW","198001","","E10000015","E58000675","E07000241","E05011073","E04004816","0","519843","0216719","1","E18000006","E40000007","E92000001","E12000006","5","E14001573","E15000006","E24000005","E30000272","E16000150","E07000241","26ULHB","E00121702","26ULHB","E65000001","E01023969","E02004981","7","3C2","E00173259","E01023969","E02004981","E33027632","E38000049","","E1","1B2",51.836238,-0.262012,"E37000048","","E23000027",27770,"E56000035","E54000025","E00173259","E01023969","E02004981"
"AL6 9BX","AL6  9BX","AL6 9BX","198001","","E10000015","E58000675","E07000241","E05011073","E04004816","0","519440","0216675","1","E18000006","E40000007","E92000001","E12000006","5","E14001573","E15000006","E24000005","E30000272","E16000150","E07000241","26ULHB","E00121702","26ULHB","E65000001","E01023969","E02004981","7","3C2","E00173259","E01023969","E02004981","E33027632","E38000049","","E1","1B2",51.835922,-0.267898,"E37000048","","E23000027",27770,"E56000035","E54000025","E00173259","E01023969","E02004981"
"AL6 9BY","AL6  9BY","AL6 9BY","198001","","E10000015","E58000675","E07000241","E05011073","E04004816","0","519113","0216732","1","E18000006","E40000007","E92000001","E12000006","5","E14001573","E15000006","E24000005","E30000272","E16000150","E07000241","26ULHB","E00121702","26ULHB","E65000001","E01023969","E02004981","7","3C2","E00173259","E01023969","E02004981","E33027632","E38000049","","E1","1B2",51.836511,-0.272598,"E37000048","","E23000027",27770,"E56000035","E54000025","E00173259","E01023969","E02004981"
"AL6 9BZ","AL6  9BZ","AL6 9BZ","198001","","E10000015","E58000675","E07000241","E05011073","E04004816","0","519118","0216889","1","E18000006","E40000007","E92000001","E12000006","5","E14001573","E15000006","E24000005","E30000272","E16000150","E07000241","26ULHB","E00121702","26ULHB","E65000001","E01023969","E02004981","7","3C2","E00173259","E01023969","E02004981","E33027632","E38000049","","E1","1B2",51.837921,-0.272471,"E37000048","","E23000027",27770,"E56000035","E54000025","E00173259","E01023969","E02004981"
"AL6 9DA","AL6  9DA","AL6 9DA","198001","","E10000015","E58000625","E07000240","E05013962","E04013289","0","519428","0216348","1","E18000006","E40000007","E92000001","E12000006","5","E14001268","E15000006","E24000005","E30000237","E16000150","E07000240","26UGGS","E00120594","26UGGS","E65000001","E01023748","E02004927","8","3C2","E00120594","E01023748","E02004927","E33027412","E38000079","","F1","1B2",51.832993,-0.268160,"E37000048","","E23000027",27718,"E56000035","E54000025","E00120594","E01023748","E02004927"
"AL6 9DB","AL6  9DB","AL6 9DB","198001","","E10000015","E58000625","E07000240","E05013962","E04013289","0","519182","0215802","1","E18000006","E40000007","E92000001","E12000006","5","E14001268","E15000006","E24000005","E30000237","E16000150","E07000240","26UGGS","E00120594","26UGGS","E65000001","E01023748","E02004927","8","3C2","E00120594","E01023748","E02004927","E33027412","E38000079","","F1","1B2",51.828131,-0.271941,"E37000048","","E23000027",27718,"E56000035","E54000025","E00120594","E01023748","E02004927"
"AL6 9DD","AL6  9DD","AL6 9DD","199208","199412","E10000015","E58000675","E07000241","E05011073","E04004817","1","520400","0215500","8","E18000006","E40000007","E92000001","E12000006","5","E14001573","E15000006","E24000005","E30000272","E16000150","E07000241","26ULHB","E00121703","26ULHB","E65000001","E01023969","E02004981","8","3C1","E00173259","E01023969","E02004981","E33027632","E38000049","","E1","1B2",51.825156,-0.254380,"E37000048","","E23000027",27770,"E56000035","E54000025","E00173259","E01023969","E02004981"
"AL6 9DE","AL6  9DE","AL6 9DE","198504","199912","E10000015","E58000675","E07000241","E05011073","E04004822","1","522940","0216362","6","E18000006","E40000007","E92000001","E12000006","5","E14001573","E15000006","E24000005","E30000272","E16000150","E07000241","26ULHB","E00121713","26ULHB","E65000001","E01023968","E02004981","5","4B4","E00121713","E01023968","E02004981","E33027631","E38000049","E63011412","C1","6A4",51.832350,-0.217237,"E37000048","","E23000027",27444,"E56000035","E54000025","E00121713","E01023968","E02004981"
"AL6 9DF","AL6  9DF","AL6 9DF","199002","","E10000015","E58000675","E07000241","E05011073","E04004822","0","523088","0215956","1","E18000006","E40000007","E92000001","E12000006","5","E14001573","E15000006","E24000005","E30000272","E16000150","E07000241","26ULHB","E00121704","26ULHB","E65000001","E01023970","E02004981","5","1C1","E00121704","E01023970","E02004981","E33027626","E38000049","E63011412","C1","8C1",51.828676,-0.215211,"E37000048","","E23000027",17242,"E56000035","E54000025","E00121704","E01023970","E02004981"
"AL6 9DG","AL6  9DG","AL6 9DG","199301","199507","E10000015","E58000675","E07000241","E05011073","E04004822","1","523100","0215900","8","E18000006","E40000007","E92000001","E12000006","5","E14001573","E15000006","E24000005","E30000272","E16000150","E07000241","26ULHB","E00121704","26ULHB","E65000001","E01023970","E02004981","5","1C1","E00121704","E01023970","E02004981","E33027626","E38000049","E63011412","C1","8C1",51.828163,-0.215081,"E37000048","","E23000027",17242,"E56000035","E54000025","E00121704","E01023970","E02004981"
"AL6 9DH","AL6  9DH","AL6 9DH","199706","200101","E10000015","E58000675","E07000241","E05011073","E04004822","1","522940","0216362","6","E18000006","E40000007","E92000001","E12000006","5","E14001573","E15000006","E24000005","E30000272","E16000150","E07000241","26ULHB","E00121713","26ULHB","E65000001","E01023968","E02004981","5","4B4","E00121713","E01023968","E02004981","E33027631","E38000049","E63011412","C1","6A4",51.832350,-0.217237,"E37000048","","E23000027",27444,"E56000035","E54000025","E00121713","E01023968","E02004981"
"AL6 9DJ","AL6  9DJ","AL6 9DJ","198001","","E10000015","E58000675","E07000241","E05011073","E04004822","0","523014","0215722","1","E18000006","E40000007","E92000001","E12000006","5","E14001573","E15000006","E24000005","E30000272","E16000150","E07000241","26ULHB","E00121717","26ULHB","E65000001","E01023970","E02004981","5","1C2","E00121717","E01023970","E02004981","E33027627","E38000049","E63011412","C1","8C3",51.826582,-0.216391,"E37000048","","E23000027",17242,"E56000035","E54000025","E00121717","E01023970","E02004981"
"AL6 9DL","AL6  9DL","AL6 9DL","198001","","E10000015","E58000675","E07000241","E05011073","E04004822","0","523195","0215796","1","E18000006","E40000007","E92000001","E12000006","5","E14001573","E15000006","E24000005","E30000272","E16000150","E07000241","26ULHB","E00121704","26ULHB","E65000001","E01023970","E02004981","5","1C1","E00121704","E01023970","E02004981","E33027626","E38000049","E63011412","C1","8C1",51.827214,-0.213716,"E37000048","","E23000027",17242,"E56000035","E54000025","E00121704","E01023970","E02004981"
"AL6 9DN","AL6  9DN","AL6 9DN","198001","","E10000015","E58000675","E07000241","E05011073","E04004822","0","523267","0215753","1","E18000006","E40000007","E92000001","E12000006","5","E14001573","E15000006","E24000005","E30000272","E16000150","E07000241","26ULHB","E00121704","26ULHB","E65000001","E01023970","E02004981","5","1C1","E00121704","E01023970","E02004981","E33027626","E38000049","E63011412","C1","8C1",51.826812,-0.212687,"E37000048","","E23000027",17242,"E56000035","E54000025","E00121704","E01023970","E02004981"
"AL6 9DP","AL6  9DP","AL6 9DP","198001","","E10000015","E58000675","E07000241","E05011073","E04004822","0","523135","0215833","1","E18000006","E40000007","E92000001","E12000006","5","E14001573","E15000006","E24000005","E30000272","E16000150","E07000241","26ULHB","E00121704","26ULHB","E65000001","E01023970","E02004981","5","1C1","E00121704","E01023970","E02004981","E33027626","E38000049","E63011412","C1","8C1",51.827553,-0.214597,"E37000048","","E23000027",17242,"E56000035","E54000025","E00121704","E01023970","E02004981"
"AL6 9DQ","AL6  9DQ","AL6 9DQ","198504","","E10000015","E58000675","E07000241","E05011073","E04004822","0","523354","0216057","1","E18000006","E40000007","E92000001","E12000006","5","E14001573","E15000006","E24000005","E30000272","E16000150","E07000241","26ULHB","E00121711","26ULHB","E65000001","E01023968","E02004981","5","6B2","E00121711","E01023968","E02004981","E33027626","E38000049","E63011412","C1","5B3",51.829525,-0.211317,"E37000048","","E23000027",27444,"E56000035","E54000025","E00121711","E01023968","E02004981"
"AL6 9DR","AL6  9DR","AL6 9DR","199007","199212","E10000015","E58000675","E07000241","E05011073","E04004822","1","523100","0215900","8","E18000006","E40000007","E92000001","E12000006","5","E14001573","E15000006","E24000005","E30000272","E16000150","E07000241","26ULHB","E00121704","26ULHB","E65000001","E01023970","E02004981","5","1C1","E00121704","E01023970","E02004981","E33027626","E38000049","E63011412","C1","8C1",51.828163,-0.215081,"E37000048","","E23000027",17242,"E56000035","E54000025","E00121704","E01023970","E02004981"
"AL6 9DS","AL6  9DS","AL6 9DS","198001","","E10000015","E58000675","E07000241","E05011073","E04004822","0","523066","0216002","1","E18000006","E40000007","E92000001","E12000006","5","E14001573","E15000006","E24000005","E30000272","E16000150","E07000241","26ULHB","E00121715","26ULHB","E65000001","E01023969","E02004981","5","6B2","E00121715","E01023969","E02004981","E33027630","E38000049","E63011412","C1","5B3",51.829094,-0.215514,"E37000048","","E23000027",27770,"E56000035","E54000025","E00121715","E01023969","E02004981"
"AL6 9DT","AL6  9DT","AL6 9DT","199712","199912","E10000015","E58000675","E07000241","E05011073","E04004822","1","522940","0216362","6","E18000006","E40000007","E92000001","E12000006","5","E14001573","E15000006","E24000005","E30000272","E16000150","E07000241","26ULHB","E00121713","26ULHB","E65000001","E01023968","E02004981","5","4B4","E00121713","E01023968","E02004981","E33027631","E38000049","E63011412","C1","6A4",51.832350,-0.217237,"E37000048","","E23000027",27444,"E56000035","E54000025","E00121713","E01023968","E02004981"
"AL6 9DU","AL6  9DU","AL6 9DU","198001","199501","E10000015","E58000675","E07000241","E05011073","E04004822","1","523000","0215900","8","E18000006","E40000007","E92000001","E12000006","5","E14001573","E15000006","E24000005","E30000272","E16000150","E07000241","26ULHB","E00121704","26ULHB","E65000001","E01023970","E02004981","5","1C1","E00121704","E01023970","E02004981","E33027626","E38000049","E63011412","C1","8C1",51.828185,-0.216531,"E37000048","","E23000027",17242,"E56000035","E54000025","E00121704","E01023970","E02004981"
"AL6 9DW","AL6  9DW","AL6 9DW","198001","","E10000015","E58000675","E07000241","E05011073","E04004822","0","523195","0215843","1","E18000006","E40000007","E92000001","E12000006","5","E14001573","E15000006","E24000005","E30000272","E16000150","E07000241","26ULHB","E00121704","26ULHB","E65000001","E01023970","E02004981","5","1C1","E00121704","E01023970","E02004981","E33027626","E38000049","E63011412","C1","8C1",51.827637,-0.213699,"E37000048","","E23000027",17242,"E56000035","E54000025","E00121704","E01023970","E02004981"
"AL6 9DX","AL6  9DX","AL6 9DX","199507","199706","E10000015","E58000675","E07000241","E05011073","E04004822","0","522900","0216000","8","E18000006","E40000007","E92000001","E12000006","5","E14001573","E15000006","E24000005","E30000272","E16000150","E07000241","26ULHB","E00121719","26ULHB","E65000001","E01023969","E02004981","5","6B2","E00121719","E01023969","E02004981","E33027627","E38000049","E63011412","C1","5B3",51.829106,-0.217946,"E37000048","","E23000027",27770,"E56000035","E54000025","E00121719","E01023969","E02004981"
"AL6 9DY","AL6  9DY","AL6 9DY","198001","","E10000015","E58000675","E07000241","E05011073","E04004822","0","522996","0216049","1","E18000006","E40000007","E92000001","E12000006","5","E14001573","E15000006","E24000005","E30000272","E16000150","E07000241","26ULHB","E00121719","26ULHB","E65000001","E01023969","E02004981","5","6B2","E00121719","E01023969","E02004981","E33027627","E38000049","E63011412","C1","5B3",51.829532,-0.216512,"E37000048","","E23000027",27770,"E56000035","E54000025","E00121719","E01023969","E02004981"
"AL6 9DZ","AL6  9DZ","AL6 9DZ","198001","","E10000015","E58000675","E07000241","E05011073","E04004822","0","523021","0216052","1","E18000006","E40000007","E92000001","E12000006","5","E14001573","E15000006","E24000005","E30000272","E16000150","E07000241","26ULHB","E00121719","26ULHB","E65000001","E01023969","E02004981","5","6B2","E00121719","E01023969","E02004981","E33027627","E38000049","E63011412","C1","5B3",51.829546,-0.216173,"E37000048","","E23000027",27770,"E56000035","E54000025","E00121719","E01023969","E02004981"
"AL6 9EA","AL6  9EA","AL6 9EA","198001","","E10000015","E58000675","E07000241","E05011073","E04004822","0","522951","0216121","1","E18000006","E40000007","E92000001","E12000006","5","E14001573","E15000006","E24000005","E30000272","E16000150","E07000241","26ULHB","E00121715","26ULHB","E65000001","E01023969","E02004981","5","6B2","E00121715","E01023969","E02004981","E33027630","E38000049","E63011412","C1","5B3",51.830189,-0.217139,"E37000048","","E23000027",27770,"E56000035","E54000025","E00121715","E01023969","E02004981"
"AL6 9EB","AL6  9EB","AL6 9EB","199706","199812","E10000015","E58000638","E07000242","E05015368","E04004752","1","527900","0216000","8","E18000006","E40000007","E92000001","E12000006","5","E14001393","E15000006","E24000005","E30000272","E16000150","E07000242","26UDGX","E00119289","26UDGX","E65000001","E01023485","E02004887","5","4D1","E00119289","E01023485","E02004887","E33027223","E38000049","","C1","6A4",51.827985,-0.145429,"E37000048","","E23000027",23337,"E56000035","E54000025","E00119289","E01023485","E02004887"
"AL6 9ED","AL6  9ED","AL6 9ED","198001","","E10000015","E58000675","E07000241","E05011073","E04004822","0","523017","0216081","1","E18000006","E40000007","E92000001","E12000006","5","E14001573","E15000006","E24000005","E30000272","E16000150","E07000241","26ULHB","E00121719","26ULHB","E65000001","E01023969","E02004981","5","6B2","E00121719","E01023969","E02004981","E33027627","E38000049","E63011412","C1","5B3",51.829815,-0.216196,"E37000048","","E23000027",27770,"E56000035","E54000025","E00121719","E01023969","E02004981"
"AL6 9EE","AL6  9EE","AL6 9EE","198001","","E10000015","E58000675","E07000241","E05011073","E04004822","0","523071","0216180","1","E18000006","E40000007","E92000001","E12000006","5","E14001573","E15000006","E24000005","E30000272","E16000150","E07000241","26ULHB","E00121715","26ULHB","E65000001","E01023969","E02004981","5","6B2","E00121715","E01023969","E02004981","E33027630","E38000049","E63011412","C1","5B3",51.830692,-0.215378,"E37000048","","E23000027",27770,"E56000035","E54000025","E00121715","E01023969","E02004981"
"AL6 9EF","AL6  9EF","AL6 9EF","198001","","E10000015","E58000675","E07000241","E05011073","E04004822","1","523032","0216103","1","E18000006","E40000007","E92000001","E12000006","5","E14001573","E15000006","E24000005","E30000272","E16000150","E07000241","26ULHB","E00121719","26ULHB","E65000001","E01023969","E02004981","5","6B2","E00121719","E01023969","E02004981","E33027627","E38000049","E63011412","C1","5B3",51.830002,-0.215995,"E37000048","","E23000027",27770,"E56000035","E54000025","E00121719","E01023969","E02004981"
"AL6 9EG","AL6  9EG","AL6 9EG","198001","","E10000015","E58000675","E07000241","E05011073","E04004822","0","523098","0216215","1","E18000006","E40000007","E92000001","E12000006","5","E14001573","E15000006","E24000005","E30000272","E16000150","E07000241","26ULHB","E00121715","26ULHB","E65000001","E01023969","E02004981","5","6B2","E00121715","E01023969","E02004981","E33027630","E38000049","E63011412","C1","5B3",51.831001,-0.214974,"E37000048","","E23000027",27770,"E56000035","E54000025","E00121715","E01023969","E02004981"
"AL6 9EH","AL6  9EH","AL6 9EH","198001","","E10000015","E58000675","E07000241","E05011073","E04004822","0","523065","0216044","1","E18000006","E40000007","E92000001","E12000006","5","E14001573","E15000006","E24000005","E30000272","E16000150","E07000241","26ULHB","E00121715","26ULHB","E65000001","E01023969","E02004981","5","6B2","E00121715","E01023969","E02004981","E33027630","E38000049","E63011412","C1","5B3",51.829472,-0.215513,"E37000048","","E23000027",27770,"E56000035","E54000025","E00121715","E01023969","E02004981"
"AL6 9EJ","AL6  9EJ","AL6 9EJ","198001","","E10000015","E58000675","E07000241","E05011073","E04004822","0","523085","0216018","1","E18000006","E40000007","E92000001","E12000006","5","E14001573","E15000006","E24000005","E30000272","E16000150","E07000241","26ULHB","E00121715","26ULHB","E65000001","E01023969","E02004981","5","6B2","E00121715","E01023969","E02004981","E33027630","E38000049","E63011412","C1","5B3",51.829234,-0.215232,"E37000048","","E23000027",27770,"E56000035","E54000025","E00121715","E01023969","E02004981"
"AL6 9EL","AL6  9EL","AL6 9EL","198001","","E10000015","E58000675","E07000241","E05011073","E04004822","0","523126","0216013","1","E18000006","E40000007","E92000001","E12000006","5","E14001573","E15000006","E24000005","E30000272","E16000150","E07000241","26ULHB","E00121704","26ULHB","E65000001","E01023970","E02004981","5","1C1","E00121704","E01023970","E02004981","E33027626","E38000049","E63011412","C1","8C1",51.829180,-0.214640,"E37000048","","E23000027",17242,"E56000035","E54000025","E00121704","E01023970","E02004981"
"AL6 9EN","AL6  9EN","AL6 9EN","198001","","E10000015","E58000675","E07000241","E05011073","E04004822","0","523173","0216069","1","E18000006","E40000007","E92000001","E12000006","5","E14001573","E15000006","E24000005","E30000272","E16000150","E07000241","26ULHB","E00121714","26ULHB","E65000001","E01023969","E02004981","5","6D1","E00121714","E01023969","E02004981","E33027630","E38000049","E63011412","C1","5B3",51.829673,-0.213938,"E37000048","","E23000027",27770,"E56000035","E54000025","E00121714","E01023969","E02004981"
"AL6 9EP","AL6  9EP","AL6 9EP","198001","","E10000015","E58000675","E07000241","E05011073","E04004822","0","523244","0215984","1","E18000006","E40000007","E92000001","E12000006","5","E14001573","E15000006","E24000005","E30000272","E16000150","E07000241","26ULHB","E00121704","26ULHB","E65000001","E01023970","E02004981","5","1C1","E00121704","E01023970","E02004981","E33027626","E38000049","E63011412","C1","8C1",51.828893,-0.212938,"E37000048","","E23000027",17242,"E56000035","E54000025","E00121704","E01023970","E02004981"
"AL6 9EQ","AL6  9EQ","AL6 9EQ","198001","","E10000015","E58000675","E07000241","E05011073","E04004822","0","523090","0216140","1","E18000006","E40000007","E92000001","E12000006","5","E14001573","E15000006","E24000005","E30000272","E16000150","E07000241","26ULHB","E00121715","26ULHB","E65000001","E01023969","E02004981","5","6B2","E00121715","E01023969","E02004981","E33027630","E38000049","E63011412","C1","5B3",51.830322,-0.215141,"E37000048","","E23000027",27770,"E56000035","E54000025","E00121715","E01023969","E02004981"
"AL6 9ER","AL6  9ER","AL6 9ER","198001","","E10000015","E58000675","E07000241","E05011073","E04004822","0","523231","0216031","1","E18000006","E40000007","E92000001","E12000006","5","E14001573","E15000006","E24000005","E30000272","E16000150","E07000241","26ULHB","E00121704","26ULHB","E65000001","E01023970","E02004981","5","1C1","E00121704","E01023970","E02004981","E33027626","E38000049","E63011412","C1","8C1",51.829318,-0.213110,"E37000048","","E23000027",17242,"E56000035","E54000025","E00121704","E01023970","E02004981"
"AL6 9ES","AL6  9ES","AL6 9ES","198001","","E10000015","E58000675","E07000241","E05011073","E04004822","0","523271","0216107","1","E18000006","E40000007","E92000001","E12000006","5","E14001573","E15000006","E24000005","E30000272","E16000150","E07000241","26ULHB","E00121711","26ULHB","E65000001","E01023968","E02004981","5","6B2","E00121711","E01023968","E02004981","E33027626","E38000049","E63011412","C1","5B3",51.829992,-0.212503,"E37000048","","E23000027",27444,"E56000035","E54000025","E00121711","E01023968","E02004981"
"AL6 9ET","AL6  9ET","AL6 9ET","198001","","E10000015","E58000675","E07000241","E05011073","E04004822","0","523210","0216196","1","E18000006","E40000007","E92000001","E12000006","5","E14001573","E15000006","E24000005","E30000272","E16000150","E07000241","26ULHB","E00121714","26ULHB","E65000001","E01023969","E02004981","5","6D1","E00121714","E01023969","E02004981","E33027630","E38000049","E63011412","C1","5B3",51.830806,-0.213356,"E37000048","","E23000027",27770,"E56000035","E54000025","E00121714","E01023969","E02004981"
"AL6 9EU","AL6  9EU","AL6 9EU","198001","","E10000015","E58000675","E07000241","E05011073","E04004822","0","523182","0216134","1","E18000006","E40000007","E92000001","E12000006","5","E14001573","E15000006","E24000005","E30000272","E16000150","E07000241","26ULHB","E00121714","26ULHB","E65000001","E01023969","E02004981","5","6D1","E00121714","E01023969","E02004981","E33027630","E38000049","E63011412","C1","5B3",51.830255,-0.213784,"E37000048","","E23000027",27770,"E56000035","E54000025","E00121714","E01023969","E02004981"
"AL6 9EW","AL6  9EW","AL6 9EW","198001","","E10000015","E58000675","E07000241","E05011073","E04004822","1","523123","0216053","1","E18000006","E40000007","E92000001","E12000006","5","E14001573","E15000006","E24000005","E30000272","E16000150","E07000241","26ULHB","E00121714","26ULHB","E65000001","E01023969","E02004981","5","6D1","E00121714","E01023969","E02004981","E33027630","E38000049","E63011412","C1","5B3",51.829533,-0.214693,"E37000048","","E23000027",27770,"E56000035","E54000025","E00121714","E01023969","E02004981"
"AL6 9EX","AL6  9EX","AL6 9EX","198001","","E10000015","E58000675","E07000241","E05011073","E04004822","0","523283","0216172","1","E18000006","E40000007","E92000001","E12000006","5","E14001573","E15000006","E24000005","E30000272","E16000150","E07000241","26ULHB","E00121714","26ULHB","E65000001","E01023969","E02004981","5","6D1","E00121714","E01023969","E02004981","E33027630","E38000049","E63011412","C1","5B3",51.830567,-0.212330,"E37000048","","E23000027",27770,"E56000035","E54000025","E00121714","E01023969","E02004981"
"AL6 9EY","AL6  9EY","AL6 9EY","198001","","E10000015","E58000675","E07000241","E05011073","E04004822","0","523185","0216230","1","E18000006","E40000007","E92000001","E12000006","5","E14001573","E15000006","E24000005","E30000272","E16000150","E07000241","26ULHB","E00121715","26ULHB","E65000001","E01023969","E02004981","5","6B2","E00121715","E01023969","E02004981","E33027630","E38000049","E63011412","C1","5B3",51.831117,-0.213707,"E37000048","","E23000027",27770,"E56000035","E54000025","E00121715","E01023969","E02004981"
"AL6 9EZ","AL6  9EZ","AL6 9EZ","198001","","E10000015","E58000675","E07000241","E05011073","E04004822","0","523158","0216192","1","E18000006","E40000007","E92000001","E12000006","5","E14001573","E15000006","E24000005","E30000272","E16000150","E07000241","26ULHB","E00121715","26ULHB","E65000001","E01023969","E02004981","5","6B2","E00121715","E01023969","E02004981","E33027630","E38000049","E63011412","C1","5B3",51.830781,-0.214112,"E37000048","","E23000027",27770,"E56000035","E54000025","E00121715","E01023969","E02004981"
"AL6 9FA","AL6  9FA","AL6 9FA","200112","200402","E10000015","E58000623","E07000241","E05011069","E43000083","1","524487","0213299","1","E18000006","E40000007","E92000001","E12000006","5","E14001573","E15000006","E24000005","E30000272","E16000150","E07000241","26ULGX","E00121637","26ULGX","E65000001","E01023954","E02004986","5","5B2","E00121637","E01023954","E02004986","E33024496","E38000049","E63011463","C1","7A3",51.804482,-0.195898,"E37000048","","E23000027",7164,"E56000035","E54000025","E00190264","E01035604","E02004986"
"AL6 9FB","AL6  9FB","AL6 9FB","199712","","E10000015","E58000675","E07000241","E05011073","E04004822","0","523264","0216457","1","E18000006","E40000007","E92000001","E12000006","5","E14001573","E15000006","E24000005","E30000272","E16000150","E07000241","26ULHB","E00121713","26ULHB","E65000001","E01023968","E02004981","5","4B4","E00121713","E01023968","E02004981","E33027631","E38000049","E63011412","C1","6A4",51.833139,-0.212480,"E37000048","","E23000027",27444,"E56000035","E54000025","E00121713","E01023968","E02004981"
"AL6 9FD","AL6  9FD","AL6 9FD","200212","","E10000015","E58000675","E07000241","E05011073","E04004822","0","523292","0215521","1","E18000006","E40000007","E92000001","E12000006","5","E14001573","E15000006","E24000005","E30000272","E16000150","E07000241","26ULHB","E00121705","26ULHB","E65000001","E01023970","E02004981","5","5B2","E00121705","E01023970","E02004981","E33027632","E38000049","E63011412","C1","4A1",51.824715,-0.212431,"E37000048","","E23000027",17242,"E56000035","E54000025","E00190336","E01023970","E02004981"
"AL6 9FE","AL6  9FE","AL6 9FE","200305","","E10000015","E58000675","E07000241","E05011073","E04004822","0","523243","0215433","1","E18000006","E40000007","E92000001","E12000006","5","E14001573","E15000006","E24000005","E30000272","E16000150","E07000241","26ULHB","E00121705","26ULHB","E65000001","E01023970","E02004981","5","5B2","E00121705","E01023970","E02004981","E33027632","E38000049","E63011412","C1","4A1",51.823935,-0.213173,"E37000048","","E23000027",17242,"E56000035","E54000025","E00190336","E01023970","E02004981"
"AL6 9FF","AL6  9FF","AL6 9FF","201510","","E10000015","E58000675","E07000241","E05011073","E04004822","0","522609","0215186","1","E18000006","E40000007","E92000001","E12000006","5","E14001573","E15000006","E24000005","E30000272","E16000150","E07000241","26ULHB","E00121717","26ULHB","E65000001","E01023970","E02004981","5","1C2","E00121717","E01023970","E02004981","E33027627","E38000049","","C1","8C3",51.821861,-0.222431,"E37000048","","E23000027",17242,"E56000035","E54000025","E00121717","E01023970","E02004981"
"AL6 9FG","AL6  9FG","AL6 9FG","200804","","E10000015","E58000675","E07000241","E05011073","E04004822","0","523438","0215946","1","E18000006","E40000007","E92000001","E12000006","5","E14001573","E15000006","E24000005","E30000272","E16000150","E07000241","26ULHB","E00121711","26ULHB","E65000001","E01023968","E02004981","5","6B2","E00121711","E01023968","E02004981","E33027626","E38000049","","C1","5B3",51.828502,-0.210162,"E37000048","","E23000027",27444,"E56000035","E54000025","E00121711","E01023968","E02004981"
"AL6 9FH","AL6  9FH","AL6 9FH","201010","","E10000015","E58000675","E07000241","E05011073","E04004822","0","523162","0215516","1","E18000006","E40000007","E92000001","E12000006","5","E14001573","E15000006","E24000005","E30000272","E16000150","E07000241","26ULHB","E00121711","26ULHB","E65000001","E01023968","E02004981","5","6B2","E00121711","E01023968","E02004981","E33027626","E38000049","E63011412","C1","5B3",51.824705,-0.214294,"E37000048","","E23000027",27444,"E56000035","E54000025","E00121711","E01023968","E02004981"
"AL6 9FJ","AL6  9FJ","AL6 9FJ","201010","","E10000015","E58000675","E07000241","E05011073","E04004822","0","523184","0215512","1","E18000006","E40000007","E92000001","E12000006","5","E14001573","E15000006","E24000005","E30000272","E16000150","E07000241","26ULHB","E00121711","26ULHB","E65000001","E01023968","E02004981","5","6B2","E00121711","E01023968","E02004981","E33027626","E38000049","E63011412","C1","5B3",51.824658,-0.214000,"E37000048","","E23000027",27444,"E56000035","E54000025","E00121711","E01023968","E02004981"
"AL6 9FL","AL6  9FL","AL6 9FL","201009","","E10000015","E58000675","E07000241","E05011073","E04004822","0","522867","0216023","1","E18000006","E40000007","E92000001","E12000006","5","E14001573","E15000006","E24000005","E30000272","E16000150","E07000241","26ULHB","E00121719","26ULHB","E65000001","E01023969","E02004981","5","6B2","E00121719","E01023969","E02004981","E33027627","E38000049","E63011412","C1","5B3",51.829326,-0.218393,"E37000048","","E23000027",27770,"E56000035","E54000025","E00121719","E01023969","E02004981"
"AL6 9FN","AL6  9FN","AL6 9FN","201307","","E10000015","E58000675","E07000241","E05011073","E04004822","0","522761","0215769","1","E18000006","E40000007","E92000001","E12000006","5","E14001573","E15000006","E24000005","E30000272","E16000150","E07000241","26ULHB","E00121719","26ULHB","E65000001","E01023969","E02004981","5","6B2","E00121719","E01023969","E02004981","E33027627","E38000049","E63011412","C1","5B3",51.827060,-0.220044,"E37000048","","E23000027",27770,"E56000035","E54000025","E00121719","E01023969","E02004981"
"AL6 9FP","AL6  9FP","AL6 9FP","201510","","E10000015","E58000675","E07000241","E05011073","E04004822","0","523521","0216606","1","E18000006","E40000007","E92000001","E12000006","5","E14001573","E15000006","E24000005","E30000272","E16000150","E07000241","26ULHB","E00121712","26ULHB","E65000001","E01023968","E02004981","5","4D2","E00121712","E01023968","E02004981","E33027631","E38000049","E63011412","C1","6A4",51.834422,-0.208699,"E37000048","","E23000027",27444,"E56000035","E54000025","E00121712","E01023968","E02004981"
"AL6 9FQ","AL6  9FQ","AL6 9FQ","201510","","E10000015","E58000675","E07000241","E05011073","E04004822","0","523478","0216580","1","E18000006","E40000007","E92000001","E12000006","5","E14001573","E15000006","E24000005","E30000272","E16000150","E07000241","26ULHB","E00121712","26ULHB","E65000001","E01023968","E02004981","5","4D2","E00121712","E01023968","E02004981","E33027631","E38000049","E63011412","C1","6A4",51.834197,-0.209332,"E37000048","","E23000027",27444,"E56000035","E54000025","E00121712","E01023968","E02004981"
"AL6 9FR","AL6  9FR","AL6 9FR","201510","","E10000015","E58000675","E07000241","E05011073","E04004822","0","523434","0216536","1","E18000006","E40000007","E92000001","E12000006","5","E14001573","E15000006","E24000005","E30000272","E16000150","E07000241","26ULHB","E00121712","26ULHB","E65000001","E01023968","E02004981","5","4D2","E00121712","E01023968","E02004981","E33027631","E38000049","E63011412","C1","6A4",51.833812,-0.209986,"E37000048","","E23000027",27444,"E56000035","E54000025","E00121712","E01023968","E02004981"
"AL6 9FS","AL6  9FS","AL6 9FS","201510","","E10000015","E58000675","E07000241","E05011073","E04004822","0","523514","0216585","1","E18000006","E40000007","E92000001","E12000006","5","E14001573","E15000006","E24000005","E30000272","E16000150","E07000241","26ULHB","E00121712","26ULHB","E65000001","E01023968","E02004981","5","4D2","E00121712","E01023968","E02004981","E33027631","E38000049","E63011412","C1","6A4",51.834234,-0.208808,"E37000048","","E23000027",27444,"E56000035","E54000025","E00121712","E01023968","E02004981"
"AL6 9FT","AL6  9FT","AL6 9FT","201510","","E10000015","E58000675","E07000241","E05011073","E04004822","0","523473","0216537","1","E18000006","E40000007","E92000001","E12000006","5","E14001573","E15000006","E24000005","E30000272","E16000150","E07000241","26ULHB","E00121712","26ULHB","E65000001","E01023968","E02004981","5","4D2","E00121712","E01023968","E02004981","E33027631","E38000049","E63011412","C1","6A4",51.833812,-0.209420,"E37000048","","E23000027",27444,"E56000035","E54000025","E00121712","E01023968","E02004981"
"AL6 9FU","AL6  9FU","AL6 9FU","201506","","E10000015","E58000675","E07000241","E05011073","E04004822","0","522548","0215211","1","E18000006","E40000007","E92000001","E12000006","5","E14001573","E15000006","E24000005","E30000272","E16000150","E07000241","26ULHB","E00121717","26ULHB","E65000001","E01023970","E02004981","5","1C2","E00121717","E01023970","E02004981","E33027627","E38000049","","C1","8C3",51.822093,-0.223330,"E37000048","","E23000027",17242,"E56000035","E54000025","E00121717","E01023970","E02004981"
"AL6 9FW","AL6  9FW","AL6 9FW","201606","","E10000015","E58000675","E07000241","E05011073","E04004822","0","522406","0215085","1","E18000006","E40000007","E92000001","E12000006","5","E14001573","E15000006","E24000005","E30000272","E16000150","E07000241","26ULHB","E00121705","26ULHB","E65000001","E01023970","E02004981","5","5B2","E00121705","E01023970","E02004981","E33027632","E38000049","","C1","4A1",51.820998,-0.225410,"E37000048","","E23000027",17242,"E56000035","E54000025","E00190339","E01023970","E02004981"
"AL6 9FX","AL6  9FX","AL6 9FX","201606","","E10000015","E58000675","E07000241","E05011073","E04004822","0","522409","0215049","1","E18000006","E40000007","E92000001","E12000006","5","E14001573","E15000006","E24000005","E30000272","E16000150","E07000241","26ULHB","E00121705","26ULHB","E65000001","E01023970","E02004981","5","5B2","E00121705","E01023970","E02004981","E33027632","E38000049","","C1","4A1",51.820674,-0.225379,"E37000048","","E23000027",17242,"E56000035","E54000025","E00190339","E01023970","E02004981"
"AL6 9FY","AL6  9FY","AL6 9FY","201704","","E10000015","E58000675","E07000241","E05011073","E04004822","0","522430","0214933","1","E18000006","E40000007","E92000001","E12000006","5","E14001573","E15000006","E24000005","E30000272","E16000150","E07000241","26ULHB","E00121705","26ULHB","E65000001","E01023970","E02004981","5","5B2","E00121705","E01023970","E02004981","E33027632","E38000049","","C1","4A1",51.819627,-0.225116,"E37000048","","E23000027",17242,"E56000035","E54000025","E00190339","E01023970","E02004981"
"AL6 9FZ","AL6  9FZ","AL6 9FZ","201710","","E10000015","E58000675","E07000241","E05011073","E04004822","0","522494","0214865","1","E18000006","E40000007","E92000001","E12000006","5","E14001573","E15000006","E24000005","E30000272","E16000150","E07000241","26ULHB","E00121705","26ULHB","E65000001","E01023970","E02004981","5","5B2","E00121705","E01023970","E02004981","E33027632","E38000049","","C1","4A1",51.819002,-0.224212,"E37000048","","E23000027",17242,"E56000035","E54000025","E00190339","E01023970","E02004981"
"AL6 9GA","AL6  9GA","AL6 9GA","201508","","E10000015","E58000675","E07000241","E05011073","E04004822","0","522527","0214852","1","E18000006","E40000007","E92000001","E12000006","5","E14001573","E15000006","E24000005","E30000272","E16000150","E07000241","26ULHB","E00121705","26ULHB","E65000001","E01023970","E02004981","5","5B2","E00121705","E01023970","E02004981","E33027632","E38000049","","C1","4A1",51.818878,-0.223738,"E37000048","","E23000027",17242,"E56000035","E54000025","E00190241","E01023970","E02004981"
"AL6 9GB","AL6  9GB","AL6 9GB","201508","","E10000015","E58000675","E07000241","E05011073","E04004822","0","522644","0214987","1","E18000006","E40000007","E92000001","E12000006","5","E14001573","E15000006","E24000005","E30000272","E16000150","E07000241","26ULHB","E00121705","26ULHB","E65000001","E01023970","E02004981","5","5B2","E00121705","E01023970","E02004981","E33027632","E38000049","","C1","4A1",51.820065,-0.221993,"E37000048","","E23000027",17242,"E56000035","E54000025","E00190241","E01023970","E02004981"
"AL6 9GD","AL6  9GD","AL6 9GD","201710","","E10000015","E58000675","E07000241","E05011073","E04004822","0","522607","0215044","1","E18000006","E40000007","E92000001","E12000006","5","E14001573","E15000006","E24000005","E30000272","E16000150","E07000241","26ULHB","E00121705","26ULHB","E65000001","E01023970","E02004981","5","5B2","E00121705","E01023970","E02004981","E33027632","E38000049","","C1","4A1",51.820586,-0.222510,"E37000048","","E23000027",17242,"E56000035","E54000025","E00190339","E01023970","E02004981"
"AL6 9GE","AL6  9GE","AL6 9GE","201710","","E10000015","E58000675","E07000241","E05011073","E04004822","0","522607","0215001","1","E18000006","E40000007","E92000001","E12000006","5","E14001573","E15000006","E24000005","E30000272","E16000150","E07000241","26ULHB","E00121705","26ULHB","E65000001","E01023970","E02004981","5","5B2","E00121705","E01023970","E02004981","E33027632","E38000049","","C1","4A1",51.820199,-0.222525,"E37000048","","E23000027",17242,"E56000035","E54000025","E00190339","E01023970","E02004981"
"AL6 9GF","AL6  9GF","AL6 9GF","201601","","E10000015","E58000675","E07000241","E05011073","E04004822","0","522540","0215068","1","E18000006","E40000007","E92000001","E12000006","5","E14001573","E15000006","E24000005","E30000272","E16000150","E07000241","26ULHB","E00121705","26ULHB","E65000001","E01023970","E02004981","5","5B2","E00121705","E01023970","E02004981","E33027632","E38000049","","C1","4A1",51.820816,-0.223473,"E37000048","","E23000027",17242,"E56000035","E54000025","E00190339","E01023970","E02004981"
"AL6 9GG","AL6  9GG","AL6 9GG","201903","","E10000015","E58000675","E07000241","E05011073","E04004822","0","522537","0214993","1","E18000006","E40000007","E92000001","E12000006","5","E14001573","E15000006","E24000005","E30000272","E16000150","E07000241","26ULHB","E00121705","26ULHB","E65000001","E01023970","E02004981","5","5B2","E00121705","E01023970","E02004981","E33027632","E38000049","","C1","4A1",51.820143,-0.223543,"E37000048","","E23000027",17242,"E56000035","E54000025","E00190339","E01023970","E02004981"
"AL6 9GH","AL6  9GH","AL6 9GH","201508","","E10000015","E58000675","E07000241","E05011073","E04004822","0","522511","0214976","1","E18000006","E40000007","E92000001","E12000006","5","E14001573","E15000006","E24000005","E30000272","E16000150","E07000241","26ULHB","E00121705","26ULHB","E65000001","E01023970","E02004981","5","5B2","E00121705","E01023970","E02004981","E33027632","E38000049","","C1","4A1",51.819996,-0.223926,"E37000048","","E23000027",17242,"E56000035","E54000025","E00190339","E01023970","E02004981"
"AL6 9GJ","AL6  9GJ","AL6 9GJ","201506","","E10000015","E58000675","E07000241","E05011073","E04004822","0","522557","0214863","1","E18000006","E40000007","E92000001","E12000006","5","E14001573","E15000006","E24000005","E30000272","E16000150","E07000241","26ULHB","E00121705","26ULHB","E65000001","E01023970","E02004981","5","5B2","E00121705","E01023970","E02004981","E33027632","E38000049","","C1","4A1",51.818963,-0.223323,"E37000048","","E23000027",17242,"E56000035","E54000025","E00190339","E01023970","E02004981"
"AL6 9GL","AL6  9GL","AL6 9GL","201508","","E10000015","E58000675","E07000241","E05011073","E04004822","0","522709","0214962","1","E18000006","E40000007","E92000001","E12000006","5","E14001573","E15000006","E24000005","E30000272","E16000150","E07000241","26ULHB","E00121705","26ULHB","E65000001","E01023970","E02004981","5","5B2","E00121705","E01023970","E02004981","E33027632","E38000049","","C1","4A1",51.819826,-0.221060,"E37000048","","E23000027",17242,"E56000035","E54000025","E00190241","E01023970","E02004981"
"AL6 9GN","AL6  9GN","AL6 9GN","201806","","E10000015","E58000675","E07000241","E05011073","E04004822","0","522536","0214930","1","E18000006","E40000007","E92000001","E12000006","5","E14001573","E15000006","E24000005","E30000272","E16000150","E07000241","26ULHB","E00121705","26ULHB","E65000001","E01023970","E02004981","5","5B2","E00121705","E01023970","E02004981","E33027632","E38000049","","C1","4A1",51.819577,-0.223580,"E37000048","","E23000027",17242,"E56000035","E54000025","E00190339","E01023970","E02004981"
"AL6 9GP","AL6  9GP","AL6 9GP","201509","","E10000015","E58000646","E07000099","E05015768","E04004773","0","522402","0217398","1","E18000006","E40000007","E92000001","E12000006","5","E14001516","E15000006","E24000005","E30000272","E16000150","E07000099","26UFGT","E00119991","26UFGT","E65000001","E01023627","E02004923","8","3C1","E00119991","E01023627","E02004923","E33027397","E38000049","E63011372","F1","1B2",51.841785,-0.224651,"E37000048","","E23000027",25694,"E56000035","E54000025","E00119991","E01023627","E02004923"
"AL6 9GQ","AL6  9GQ","AL6 9GQ","201904","","E10000015","E58000646","E07000099","E05015768","E04004773","0","523173","0219521","1","E18000006","E40000007","E92000001","E12000006","5","E14001516","E15000006","E24000005","E30000272","E16000150","E07000099","26UFGT","E00119991","26UFGT","E65000001","E01023627","E02004923","8","3C1","E00119991","E01023627","E02004923","E33027397","E38000049","","F1","1B2",51.860694,-0.212710,"E37000048","","E23000027",25694,"E56000035","E54000025","E00119991","E01023627","E02004923"
"AL6 9GR","AL6  9GR","AL6 9GR","201906","","E10000015","E58000646","E07000099","E05015768","E04004773","0","523714","0218561","1","E18000006","E40000007","E92000001","E12000006","5","E14001516","E15000006","E24000005","E30000272","E16000150","E07000099","26UFGT","E00119992","26UFGT","E65000001","E01023627","E02004923","5","3C1","E00119992","E01023627","E02004923","E33027397","E38000049","E63011372","C1","6A1",51.851948,-0.205201,"E37000048","","E23000027",25694,"E56000035","E54000025","E00119992","E01023627","E02004923"
"AL6 9GS","AL6  9GS","AL6 9GS","201912","","E10000015","E58000675","E07000241","E05011073","E04004822","0","523057","0216289","1","E18000006","E40000007","E92000001","E12000006","5","E14001573","E15000006","E24000005","E30000272","E16000150","E07000241","26ULHB","E00121715","26ULHB","E65000001","E01023969","E02004981","5","6B2","E00121715","E01023969","E02004981","E33027630","E38000049","E63011412","C1","5B3",51.831675,-0.215542,"E37000048","","E23000027",27770,"E56000035","E54000025","E00121715","E01023969","E02004981"
"AL6 9HA","AL6  9HA","AL6 9HA","198001","","E10000015","E58000675","E07000241","E05011073","E04004822","0","523126","0216151","1","E18000006","E40000007","E92000001","E12000006","5","E14001573","E15000006","E24000005","E30000272","E16000150","E07000241","26ULHB","E00121715","26ULHB","E65000001","E01023969","E02004981","5","6B2","E00121715","E01023969","E02004981","E33027630","E38000049","E63011412","C1","5B3",51.830420,-0.214591,"E37000048","","E23000027",27770,"E56000035","E54000025","E00121715","E01023969","E02004981"
"AL6 9HB","AL6  9HB","AL6 9HB","198001","","E10000015","E58000675","E07000241","E05011073","E04004822","0","522816","0216220","1","E18000006","E40000007","E92000001","E12000006","5","E14001573","E15000006","E24000005","E30000272","E16000150","E07000241","26ULHB","E00121715","26ULHB","E65000001","E01023969","E02004981","5","6B2","E00121715","E01023969","E02004981","E33027630","E38000049","E63011412","C1","5B3",51.831108,-0.219062,"E37000048","","E23000027",27770,"E56000035","E54000025","E00121715","E01023969","E02004981"
"AL6 9HD","AL6  9HD","AL6 9HD","198001","199706","E10000015","E58000675","E07000241","E05011073","E04004822","1","523000","0216000","8","E18000006","E40000007","E92000001","E12000006","5","E14001573","E15000006","E24000005","E30000272","E16000150","E07000241","26ULHB","E00121719","26ULHB","E65000001","E01023969","E02004981","5","6B2","E00121719","E01023969","E02004981","E33027627","E38000049","E63011412","C1","5B3",51.829084,-0.216496,"E37000048","","E23000027",27770,"E56000035","E54000025","E00121719","E01023969","E02004981"
"AL6 9HE","AL6  9HE","AL6 9HE","198106","199507","E10000015","E58000675","E07000241","E05011073","E04004822","1","523100","0216200","8","E18000006","E40000007","E92000001","E12000006","5","E14001573","E15000006","E24000005","E30000272","E16000150","E07000241","26ULHB","E00121715","26ULHB","E65000001","E01023969","E02004981","5","6B2","E00121715","E01023969","E02004981","E33027630","E38000049","E63011412","C1","5B3",51.830859,-0.214974,"E37000048","","E23000027",27770,"E56000035","E54000025","E00121715","E01023969","E02004981"
"AL6 9HF","AL6  9HF","AL6 9HF","199002","199912","E10000015","E58000675","E07000241","E05011073","E04004822","1","522940","0216362","6","E18000006","E40000007","E92000001","E12000006","5","E14001573","E15000006","E24000005","E30000272","E16000150","E07000241","26ULHB","E00121713","26ULHB","E65000001","E01023968","E02004981","5","4B4","E00121713","E01023968","E02004981","E33027631","E38000049","E63011412","C1","6A4",51.832350,-0.217237,"E37000048","","E23000027",27444,"E56000035","E54000025","E00121713","E01023968","E02004981"
"AL6 9HG","AL6  9HG","AL6 9HG","198402","199912","E10000015","E58000675","E07000241","E05011073","E04004822","1","522940","0216362","6","E18000006","E40000007","E92000001","E12000006","5","E14001573","E15000006","E24000005","E30000272","E16000150","E07000241","26ULHB","E00121713","26ULHB","E65000001","E01023968","E02004981","5","4B4","E00121713","E01023968","E02004981","E33027631","E38000049","E63011412","C1","6A4",51.832350,-0.217237,"E37000048","","E23000027",27444,"E56000035","E54000025","E00121713","E01023968","E02004981"
"AL6 9HH","AL6  9HH","AL6 9HH","200106","","E10000015","E58000623","E07000241","E05011069","E43000083","1","524487","0213299","1","E18000006","E40000007","E92000001","E12000006","5","E14001573","E15000006","E24000005","E30000272","E16000150","E07000241","26ULGX","E00121637","26ULGX","E65000001","E01023954","E02004986","5","5B2","E00121637","E01023954","E02004986","E33024496","E38000049","E63011463","C1","7A3",51.804482,-0.195898,"E37000048","","E23000027",7164,"E56000035","E54000025","E00190264","E01035604","E02004986"
"AL6 9HN","AL6  9HN","AL6 9HN","200611","","E10000015","E58000675","E07000241","E05011073","E04004822","0","522453","0215891","1","E18000006","E40000007","E92000001","E12000006","5","E14001573","E15000006","E24000005","E30000272","E16000150","E07000241","26ULHB","E00121717","26ULHB","E65000001","E01023970","E02004981","5","1C2","E00121717","E01023970","E02004981","E33027627","E38000049","E63011412","C1","8C3",51.828224,-0.224468,"E37000048","","E23000027",17242,"E56000035","E54000025","E00121717","E01023970","E02004981"
"AL6 9HP","AL6  9HP","AL6 9HP","198001","200803","E10000015","E58000675","E07000241","E05011073","E04004822","1","523153","0215506","1","E18000006","E40000007","E92000001","E12000006","5","E14001573","E15000006","E24000005","E30000272","E16000150","E07000241","26ULHB","E00121705","26ULHB","E65000001","E01023970","E02004981","5","5B2","E00121705","E01023970","E02004981","E33027632","E38000049","E63011412","C1","4A1",51.824611,-0.214452,"E37000048","","E23000027",17242,"E56000035","E54000025","E00190336","E01023970","E02004981"
"AL6 9HQ","AL6  9HQ","AL6 9HQ","199507","","E10000015","E58000675","E07000241","E05011073","E04004822","0","523041","0216157","1","E18000006","E40000007","E92000001","E12000006","5","E14001573","E15000006","E24000005","E30000272","E16000150","E07000241","26ULHB","E00121715","26ULHB","E65000001","E01023969","E02004981","5","6B2","E00121715","E01023969","E02004981","E33027630","E38000049","E63011412","C1","5B3",51.830492,-0.215821,"E37000048","","E23000027",27770,"E56000035","E54000025","E00121715","E01023969","E02004981"
"AL6 9HR","AL6  9HR","AL6 9HR","198704","","E10000015","E58000675","E07000241","E05011073","E04004822","0","523273","0216275","1","E18000006","E40000007","E92000001","E12000006","5","E14001573","E15000006","E24000005","E30000272","E16000150","E07000241","26ULHB","E00121714","26ULHB","E65000001","E01023969","E02004981","5","6D1","E00121714","E01023969","E02004981","E33027630","E38000049","E63011412","C1","5B3",51.831502,-0.212414,"E37000048","","E23000027",27770,"E56000035","E54000025","E00121714","E01023969","E02004981"
"AL6 9HS","AL6  9HS","AL6 9HS","198001","","E10000015","E58000675","E07000241","E05011073","E04004822","0","523342","0215715","1","E18000006","E40000007","E92000001","E12000006","5","E14001573","E15000006","E24000005","E30000272","E16000150","E07000241","26ULHB","E00121711","26ULHB","E65000001","E01023968","E02004981","5","6B2","E00121711","E01023968","E02004981","E33027626","E38000049","E63011412","C1","5B3",51.826454,-0.211613,"E37000048","","E23000027",27444,"E56000035","E54000025","E00121711","E01023968","E02004981"
"AL6 9HT","AL6  9HT","AL6 9HT","199812","","E10000015","E58000675","E07000241","E05011073","E04004822","0","523180","0215343","1","E18000006","E40000007","E92000001","E12000006","5","E14001573","E15000006","E24000005","E30000272","E16000150","E07000241","26ULHB","E00121705","26ULHB","E65000001","E01023970","E02004981","5","5B2","E00121705","E01023970","E02004981","E33027632","E38000049","E63011412","C1","4A1",51.823147,-0.214094,"E37000048","","E23000027",17242,"E56000035","E54000025","E00190241","E01023970","E02004981"
"AL6 9HU","AL6  9HU","AL6 9HU","198001","","E10000015","E58000675","E07000241","E05011073","E04004822","0","523084","0215435","1","E18000006","E40000007","E92000001","E12000006","5","E14001573","E15000006","E24000005","E30000272","E16000150","E07000241","26ULHB","E00121706","26ULHB","E65000001","E01023970","E02004981","5","1C3","E00121706","E01023970","E02004981","E33027632","E38000049","E63011412","C1","8A1",51.823995,-0.215454,"E37000048","","E23000027",17242,"E56000035","E54000025","E00121706","E01023970","E02004981"
"AL6 9HW","AL6  9HW","AL6 9HW","198001","199012","E10000015","E58000675","E07000241","E05011073","E04004822","0","523100","0215400","8","E18000006","E40000007","E92000001","E12000006","5","E14001573","E15000006","E24000005","E30000272","E16000150","E07000241","26ULHB","E00121706","26ULHB","E65000001","E01023970","E02004981","5","1C3","E00121706","E01023970","E02004981","E33027632","E38000049","E63011412","C1","8A1",51.823670,-0.215258,"E37000048","","E23000027",17242,"E56000035","E54000025","E00121706","E01023970","E02004981"
"AL6 9HX","AL6  9HX","AL6 9HX","198001","","E10000015","E58000675","E07000241","E05011073","E04004822","0","523122","0215491","1","E18000006","E40000007","E92000001","E12000006","5","E14001573","E15000006","E24000005","E30000272","E16000150","E07000241","26ULHB","E00121705","26ULHB","E65000001","E01023970","E02004981","5","5B2","E00121705","E01023970","E02004981","E33027632","E38000049","E63011412","C1","4A1",51.824483,-0.214907,"E37000048","","E23000027",17242,"E56000035","E54000025","E00190336","E01023970","E02004981"
"AL6 9HY","AL6  9HY","AL6 9HY","198001","","E10000015","E58000675","E07000241","E05011073","E04004822","0","523097","0215569","1","E18000006","E40000007","E92000001","E12000006","5","E14001573","E15000006","E24000005","E30000272","E16000150","E07000241","26ULHB","E00121706","26ULHB","E65000001","E01023970","E02004981","5","1C3","E00121706","E01023970","E02004981","E33027632","E38000049","E63011412","C1","8A1",51.825196,-0.215218,"E37000048","","E23000027",17242,"E56000035","E54000025","E00121706","E01023970","E02004981"
"AL6 9HZ","AL6  9HZ","AL6 9HZ","198001","","E10000015","E58000675","E07000241","E05011073","E04004822","0","523136","0215574","1","E18000006","E40000007","E92000001","E12000006","5","E14001573","E15000006","E24000005","E30000272","E16000150","E07000241","26ULHB","E00121705","26ULHB","E65000001","E01023970","E02004981","5","5B2","E00121705","E01023970","E02004981","E33027632","E38000049","E63011412","C1","4A1",51.825226,-0.214674,"E37000048","","E23000027",17242,"E56000035","E54000025","E00190336","E01023970","E02004981"
"AL6 9JA","AL6  9JA","AL6 9JA","198001","","E10000015","E58000675","E07000241","E05011073","E04004822","0","523144","0215602","1","E18000006","E40000007","E92000001","E12000006","5","E14001573","E15000006","E24000005","E30000272","E16000150","E07000241","26ULHB","E00121711","26ULHB","E65000001","E01023968","E02004981","5","6B2","E00121711","E01023968","E02004981","E33027626","E38000049","E63011412","C1","5B3",51.825482,-0.214524,"E37000048","","E23000027",27444,"E56000035","E54000025","E00121711","E01023968","E02004981"
"AL6 9JB","AL6  9JB","AL6 9JB","198001","","E10000015","E58000675","E07000241","E05011073","E04004822","0","523125","0215713","1","E18000006","E40000007","E92000001","E12000006","5","E14001573","E15000006","E24000005","E30000272","E16000150","E07000241","26ULHB","E00121704","26ULHB","E65000001","E01023970","E02004981","5","1C1","E00121704","E01023970","E02004981","E33027626","E38000049","E63011412","C1","8C1",51.826484,-0.214761,"E37000048","","E23000027",17242,"E56000035","E54000025","E00121704","E01023970","E02004981"
"AL6 9JD","AL6  9JD","AL6 9JD","198001","","E10000015","E58000675","E07000241","E05011073","E04004822","0","523164","0215786","1","E18000006","E40000007","E92000001","E12000006","5","E14001573","E15000006","E24000005","E30000272","E16000150","E07000241","26ULHB","E00121704","26ULHB","E65000001","E01023970","E02004981","5","1C1","E00121704","E01023970","E02004981","E33027626","E38000049","E63011412","C1","8C1",51.827131,-0.214169,"E37000048","","E23000027",17242,"E56000035","E54000025","E00121704","E01023970","E02004981"
"AL6 9JE","AL6  9JE","AL6 9JE","198001","","E10000015","E58000675","E07000241","E05011073","E04004822","0","523226","0215671","1","E18000006","E40000007","E92000001","E12000006","5","E14001573","E15000006","E24000005","E30000272","E16000150","E07000241","26ULHB","E00121711","26ULHB","E65000001","E01023968","E02004981","5","6B2","E00121711","E01023968","E02004981","E33027626","E38000049","E63011412","C1","5B3",51.826084,-0.213311,"E37000048","","E23000027",27444,"E56000035","E54000025","E00121711","E01023968","E02004981"
"AL6 9JF","AL6  9JF","AL6 9JF","198001","","E10000015","E58000675","E07000241","E05011073","E04004822","0","523164","0215711","1","E18000006","E40000007","E92000001","E12000006","5","E14001573","E15000006","E24000005","E30000272","E16000150","E07000241","26ULHB","E00121711","26ULHB","E65000001","E01023968","E02004981","5","6B2","E00121711","E01023968","E02004981","E33027626","E38000049","E63011412","C1","5B3",51.826451,-0.214220,"E37000048","","E23000027",27444,"E56000035","E54000025","E00121711","E01023968","E02004981"
"AL6 9JG","AL6  9JG","AL6 9JG","198001","","E10000015","E58000675","E07000241","E05011073","E04004822","0","523004","0215610","1","E18000006","E40000007","E92000001","E12000006","5","E14001573","E15000006","E24000005","E30000272","E16000150","E07000241","26ULHB","E00121706","26ULHB","E65000001","E01023970","E02004981","5","1C3","E00121706","E01023970","E02004981","E33027632","E38000049","E63011412","C1","8A1",51.825578,-0.216576,"E37000048","","E23000027",17242,"E56000035","E54000025","E00121706","E01023970","E02004981"
"AL6 9JH","AL6  9JH","AL6 9JH","198001","","E10000015","E58000675","E07000241","E05011073","E04004822","0","523018","0215386","1","E18000006","E40000007","E92000001","E12000006","5","E14001573","E15000006","E24000005","E30000272","E16000150","E07000241","26ULHB","E00121705","26ULHB","E65000001","E01023970","E02004981","5","5B2","E00121705","E01023970","E02004981","E33027632","E38000049","E63011412","C1","4A1",51.823569,-0.216428,"E37000048","","E23000027",17242,"E56000035","E54000025","E00190241","E01023970","E02004981"
"AL6 9JJ","AL6  9JJ","AL6 9JJ","198001","","E10000015","E58000675","E07000241","E05011073","E04004822","0","522937","0215351","1","E18000006","E40000007","E92000001","E12000006","5","E14001573","E15000006","E24000005","E30000272","E16000150","E07000241","26ULHB","E00121705","26ULHB","E65000001","E01023970","E02004981","5","5B2","E00121705","E01023970","E02004981","E33027632","E38000049","E63011412","C1","4A1",51.823272,-0.217616,"E37000048","","E23000027",17242,"E56000035","E54000025","E00190241","E01023970","E02004981"
"AL6 9JL","AL6  9JL","AL6 9JL","198001","","E10000015","E58000675","E07000241","E05011073","E04004822","0","522966","0215443","1","E18000006","E40000007","E92000001","E12000006","5","E14001573","E15000006","E24000005","E30000272","E16000150","E07000241","26ULHB","E00121705","26ULHB","E65000001","E01023970","E02004981","5","5B2","E00121705","E01023970","E02004981","E33027632","E38000049","E63011412","C1","4A1",51.824093,-0.217162,"E37000048","","E23000027",17242,"E56000035","E54000025","E00190241","E01023970","E02004981"
"AL6 9JN","AL6  9JN","AL6 9JN","198001","","E10000015","E58000675","E07000241","E05011073","E04004822","0","522962","0215499","1","E18000006","E40000007","E92000001","E12000006","5","E14001573","E15000006","E24000005","E30000272","E16000150","E07000241","26ULHB","E00121706","26ULHB","E65000001","E01023970","E02004981","5","1C3","E00121706","E01023970","E02004981","E33027632","E38000049","E63011412","C1","8A1",51.824590,-0.217225,"E37000048","","E23000027",17242,"E56000035","E54000025","E00121706","E01023970","E02004981"
"AL6 9JP","AL6  9JP","AL6 9JP","198001","","E10000015","E58000675","E07000241","E05011073","E04004822","0","522909","0215433","1","E18000006","E40000007","E92000001","E12000006","5","E14001573","E15000006","E24000005","E30000272","E16000150","E07000241","26ULHB","E00121706","26ULHB","E65000001","E01023970","E02004981","5","1C3","E00121706","E01023970","E02004981","E33027632","E38000049","E63011412","C1","8A1",51.824015,-0.217993,"E37000048","","E23000027",17242,"E56000035","E54000025","E00121706","E01023970","E02004981"
"AL6 9JQ","AL6  9JQ","AL6 9JQ","198001","","E10000015","E58000675","E07000241","E05011073","E04004822","0","523042","0215568","1","E18000006","E40000007","E92000001","E12000006","5","E14001573","E15000006","E24000005","E30000272","E16000150","E07000241","26ULHB","E00121706","26ULHB","E65000001","E01023970","E02004981","5","1C3","E00121706","E01023970","E02004981","E33027632","E38000049","E63011412","C1","8A1",51.825199,-0.216016,"E37000048","","E23000027",17242,"E56000035","E54000025","E00121706","E01023970","E02004981"
"AL6 9JR","AL6  9JR","AL6 9JR","198001","","E10000015","E58000675","E07000241","E05011073","E04004822","0","522862","0215418","1","E18000006","E40000007","E92000001","E12000006","5","E14001573","E15000006","E24000005","E30000272","E16000150","E07000241","26ULHB","E00121706","26ULHB","E65000001","E01023970","E02004981","5","1C3","E00121706","E01023970","E02004981","E33027632","E38000049","E63011412","C1","8A1",51.823891,-0.218679,"E37000048","","E23000027",17242,"E56000035","E54000025","E00121706","E01023970","E02004981"
"AL6 9JS","AL6  9JS","AL6 9JS","198001","","E10000015","E58000675","E07000241","E05011073","E04004822","0","522906","0215506","1","E18000006","E40000007","E92000001","E12000006","5","E14001573","E15000006","E24000005","E30000272","E16000150","E07000241","26ULHB","E00121706","26ULHB","E65000001","E01023970","E02004981","5","1C3","E00121706","E01023970","E02004981","E33027632","E38000049","E63011412","C1","8A1",51.824672,-0.218010,"E37000048","","E23000027",17242,"E56000035","E54000025","E00121706","E01023970","E02004981"
"AL6 9JT","AL6  9JT","AL6 9JT","198001","","E10000015","E58000675","E07000241","E05011073","E04004822","0","522833","0215501","1","E18000006","E40000007","E92000001","E12000006","5","E14001573","E15000006","E24000005","E30000272","E16000150","E07000241","26ULHB","E00121717","26ULHB","E65000001","E01023970","E02004981","5","1C2","E00121717","E01023970","E02004981","E33027627","E38000049","E63011412","C1","8C3",51.824643,-0.219071,"E37000048","","E23000027",17242,"E56000035","E54000025","E00121717","E01023970","E02004981"
"AL6 9JU","AL6  9JU","AL6 9JU","198001","","E10000015","E58000675","E07000241","E05011073","E04004822","0","522862","0215487","1","E18000006","E40000007","E92000001","E12000006","5","E14001573","E15000006","E24000005","E30000272","E16000150","E07000241","26ULHB","E00121706","26ULHB","E65000001","E01023970","E02004981","5","1C3","E00121706","E01023970","E02004981","E33027632","E38000049","E63011412","C1","8A1",51.824511,-0.218655,"E37000048","","E23000027",17242,"E56000035","E54000025","E00121706","E01023970","E02004981"
"AL6 9JW","AL6  9JW","AL6 9JW","198001","","E10000015","E58000675","E07000241","E05011073","E04004822","0","522928","0215391","1","E18000006","E40000007","E92000001","E12000006","5","E14001573","E15000006","E24000005","E30000272","E16000150","E07000241","26ULHB","E00121706","26ULHB","E65000001","E01023970","E02004981","5","1C3","E00121706","E01023970","E02004981","E33027632","E38000049","E63011412","C1","8A1",51.823634,-0.217732,"E37000048","","E23000027",17242,"E56000035","E54000025","E00121706","E01023970","E02004981"
"AL6 9JX","AL6  9JX","AL6 9JX","198001","","E10000015","E58000675","E07000241","E05011073","E04004822","0","522805","0215431","1","E18000006","E40000007","E92000001","E12000006","5","E14001573","E15000006","E24000005","E30000272","E16000150","E07000241","26ULHB","E00121705","26ULHB","E65000001","E01023970","E02004981","5","5B2","E00121705","E01023970","E02004981","E33027632","E38000049","E63011412","C1","4A1",51.824020,-0.219501,"E37000048","","E23000027",17242,"E56000035","E54000025","E00190241","E01023970","E02004981"
"AL6 9JY","AL6  9JY","AL6 9JY","198001","","E10000015","E58000675","E07000241","E05011073","E04004822","0","522869","0215335","1","E18000006","E40000007","E92000001","E12000006","5","E14001573","E15000006","E24000005","E30000272","E16000150","E07000241","26ULHB","E00121705","26ULHB","E65000001","E01023970","E02004981","5","5B2","E00121705","E01023970","E02004981","E33027632","E38000049","E63011412","C1","4A1",51.823143,-0.218607,"E37000048","","E23000027",17242,"E56000035","E54000025","E00190241","E01023970","E02004981"
"AL6 9JZ","AL6  9JZ","AL6 9JZ","198001","","E10000015","E58000675","E07000241","E05011073","E04004822","0","522758","0215368","1","E18000006","E40000007","E92000001","E12000006","5","E14001573","E15000006","E24000005","E30000272","E16000150","E07000241","26ULHB","E00121717","26ULHB","E65000001","E01023970","E02004981","5","1C2","E00121717","E01023970","E02004981","E33027627","E38000049","E63011412","C1","8C3",51.823464,-0.220205,"E37000048","","E23000027",17242,"E56000035","E54000025","E00121717","E01023970","E02004981"
"AL6 9LA","AL6  9LA","AL6 9LA","198001","","E10000015","E58000675","E07000241","E05011073","E04004822","0","522984","0215320","1","E18000006","E40000007","E92000001","E12000006","5","E14001573","E15000006","E24000005","E30000272","E16000150","E07000241","26ULHB","E00121705","26ULHB","E65000001","E01023970","E02004981","5","5B2","E00121705","E01023970","E02004981","E33027632","E38000049","E63011412","C1","4A1",51.822976,-0.216969,"E37000048","","E23000027",17242,"E56000035","E54000025","E00190241","E01023970","E02004981"
"AL6 9LB","AL6  9LB","AL6 9LB","198001","","E10000015","E58000675","E07000241","E05011073","E04004822","0","523031","0215299","1","E18000006","E40000007","E92000001","E12000006","5","E14001573","E15000006","E24000005","E30000272","E16000150","E07000241","26ULHB","E00121705","26ULHB","E65000001","E01023970","E02004981","5","5B2","E00121705","E01023970","E02004981","E33027632","E38000049","E63011412","C1","4A1",51.822784,-0.216271,"E37000048","","E23000027",17242,"E56000035","E54000025","E00190241","E01023970","E02004981"
"AL6 9LD","AL6  9LD","AL6 9LD","198001","","E10000015","E58000675","E07000241","E05011073","E04004822","0","523069","0215371","1","E18000006","E40000007","E92000001","E12000006","5","E14001573","E15000006","E24000005","E30000272","E16000150","E07000241","26ULHB","E00121705","26ULHB","E65000001","E01023970","E02004981","5","5B2","E00121705","E01023970","E02004981","E33027632","E38000049","E63011412","C1","4A1",51.823423,-0.215694,"E37000048","","E23000027",17242,"E56000035","E54000025","E00190241","E01023970","E02004981"
"AL6 9LE","AL6  9LE","AL6 9LE","198106","","E10000015","E58000675","E07000241","E05011073","E04004822","0","523191","0215576","1","E18000006","E40000007","E92000001","E12000006","5","E14001573","E15000006","E24000005","E30000272","E16000150","E07000241","26ULHB","E00121711","26ULHB","E65000001","E01023968","E02004981","5","6B2","E00121711","E01023968","E02004981","E33027626","E38000049","E63011412","C1","5B3",51.825238,-0.213852,"E37000048","","E23000027",27444,"E56000035","E54000025","E00121711","E01023968","E02004981"
"AL6 9LF","AL6  9LF","AL6 9LF","199612","","E10000015","E58000675","E07000241","E05011073","E04004822","0","523204","0216392","1","E18000006","E40000007","E92000001","E12000006","5","E14001573","E15000006","E24000005","E30000272","E16000150","E07000241","26ULHB","E00121714","26ULHB","E65000001","E01023969","E02004981","5","6D1","E00121714","E01023969","E02004981","E33027630","E38000049","E63011412","C1","5B3",51.832568,-0.213374,"E37000048","","E23000027",27770,"E56000035","E54000025","E00121714","E01023969","E02004981"
"AL6 9LG","AL6  9LG","AL6 9LG","199412","200101","E10000015","E58000675","E07000241","E05011073","E04004822","1","522940","0216362","6","E18000006","E40000007","E92000001","E12000006","5","E14001573","E15000006","E24000005","E30000272","E16000150","E07000241","26ULHB","E00121713","26ULHB","E65000001","E01023968","E02004981","5","4B4","E00121713","E01023968","E02004981","E33027631","E38000049","E63011412","C1","6A4",51.832350,-0.217237,"E37000048","","E23000027",27444,"E56000035","E54000025","E00121713","E01023968","E02004981"
"AL6 9LH","AL6  9LH","AL6 9LH","199712","","E10000015","E58000675","E07000241","E05011073","E04004822","0","523155","0216241","1","E18000006","E40000007","E92000001","E12000006","5","E14001573","E15000006","E24000005","E30000272","E16000150","E07000241","26ULHB","E00121714","26ULHB","E65000001","E01023969","E02004981","5","6D1","E00121714","E01023969","E02004981","E33027630","E38000049","E63011412","C1","5B3",51.831215,-0.214162,"E37000048","","E23000027",27770,"E56000035","E54000025","E00121714","E01023969","E02004981"
"AL6 9LJ","AL6  9LJ","AL6 9LJ","199612","201208","E10000015","E58000623","E07000241","E05011069","E43000083","1","524487","0213299","1","E18000006","E40000007","E92000001","E12000006","5","E14001573","E15000006","E24000005","E30000272","E16000150","E07000241","26ULGX","E00121637","26ULGX","E65000001","E01023954","E02004986","5","5B2","E00121637","E01023954","E02004986","E33024496","E38000049","E63011463","C1","7A3",51.804482,-0.195898,"E37000048","","E23000027",7164,"E56000035","E54000025","E00190264","E01035604","E02004986"
"AL6 9LL","AL6  9LL","AL6 9LL","198001","202304","E10000015","E58000675","E07000241","E05011073","E04004822","1","523113","0216227","1","E18000006","E40000007","E92000001","E12000006","5","E14001573","E15000006","E24000005","E30000272","E16000150","E07000241","26ULHB","E00121715","26ULHB","E65000001","E01023969","E02004981","5","6B2","E00121715","E01023969","E02004981","E33027630","E38000049","E63011412","C1","5B3",51.831099,-0.214776,"E37000048","","E23000027",27770,"E56000035","E54000025","E00121715","E01023969","E02004981"
"AL6 9LN","AL6  9LN","AL6 9LN","198001","","E10000015","E58000675","E07000241","E05011073","E04004822","0","523152","0216248","1","E18000006","E40000007","E92000001","E12000006","5","E14001573","E15000006","E24000005","E30000272","E16000150","E07000241","26ULHB","E00121714","26ULHB","E65000001","E01023969","E02004981","5","6D1","E00121714","E01023969","E02004981","E33027630","E38000049","E63011412","C1","5B3",51.831286,-0.214179,"E37000048","","E23000027",27770,"E56000035","E54000025","E00121714","E01023969","E02004981"
"AL6 9LP","AL6  9LP","AL6 9LP","198001","","E10000015","E58000675","E07000241","E05011073","E04004822","0","523242","0216291","1","E18000006","E40000007","E92000001","E12000006","5","E14001573","E15000006","E24000005","E30000272","E16000150","E07000241","26ULHB","E00121714","26ULHB","E65000001","E01023969","E02004981","5","6D1","E00121714","E01023969","E02004981","E33027630","E38000049","E63011412","C1","5B3",51.831652,-0.212858,"E37000048","","E23000027",27770,"E56000035","E54000025","E00121714","E01023969","E02004981"
"AL6 9LQ","AL6  9LQ","AL6 9LQ","199612","199812","E10000015","E58000675","E07000241","E05011073","E04004822","1","522874","0216239","6","E18000006","E40000007","E92000001","E12000006","5","E14001573","E15000006","E24000005","E30000272","E16000150","E07000241","26ULHB","E00121715","26ULHB","E65000001","E01023969","E02004981","5","6B2","E00121715","E01023969","E02004981","E33027630","E38000049","E63011412","C1","5B3",51.831259,-0.218238,"E37000048","","E23000027",27770,"E56000035","E54000025","E00121715","E01023969","E02004981"
"AL6 9LR","AL6  9LR","AL6 9LR","198001","","E10000015","E58000675","E07000241","E05011073","E04004822","0","523307","0216405","1","E18000006","E40000007","E92000001","E12000006","5","E14001573","E15000006","E24000005","E30000272","E16000150","E07000241","26ULHB","E00121713","26ULHB","E65000001","E01023968","E02004981","5","4B4","E00121713","E01023968","E02004981","E33027631","E38000049","E63011412","C1","6A4",51.832662,-0.211875,"E37000048","","E23000027",27444,"E56000035","E54000025","E00121713","E01023968","E02004981"
"AL6 9LS","AL6  9LS","AL6 9LS","202001","","E10000015","E58000675","E07000241","E05011073","E04004822","0","523448","0216468","1","E18000006","E40000007","E92000001","E12000006","5","E14001573","E15000006","E24000005","E30000272","E16000150","E07000241","26ULHB","E00121713","26ULHB","E65000001","E01023968","E02004981","5","4B4","E00121713","E01023968","E02004981","E33027631","E38000049","E63011412","C1","6A4",51.833198,-0.209807,"E37000048","","E23000027",27444,"E56000035","E54000025","E00121713","E01023968","E02004981"
"AL6 9LT","AL6  9LT","AL6 9LT","198001","","E10000015","E58000675","E07000241","E05011073","E04004822","0","523379","0216353","1","E18000006","E40000007","E92000001","E12000006","5","E14001573","E15000006","E24000005","E30000272","E16000150","E07000241","26ULHB","E00121713","26ULHB","E65000001","E01023968","E02004981","5","4B4","E00121713","E01023968","E02004981","E33027631","E38000049","E63011412","C1","6A4",51.832179,-0.210849,"E37000048","","E23000027",27444,"E56000035","E54000025","E00121713","E01023968","E02004981"
"AL6 9LU","AL6  9LU","AL6 9LU","198001","","E10000015","E58000675","E07000241","E05011073","E04004822","0","523317","0216236","1","E18000006","E40000007","E92000001","E12000006","5","E14001573","E15000006","E24000005","E30000272","E16000150","E07000241","26ULHB","E00121714","26ULHB","E65000001","E01023969","E02004981","5","6D1","E00121714","E01023969","E02004981","E33027630","E38000049","E63011412","C1","5B3",51.831135,-0.211814,"E37000048","","E23000027",27770,"E56000035","E54000025","E00121714","E01023969","E02004981"
"AL6 9LW","AL6  9LW","AL6 9LW","198001","","E10000015","E58000675","E07000241","E05011073","E04004822","0","523208","0216270","1","E18000006","E40000007","E92000001","E12000006","5","E14001573","E15000006","E24000005","E30000272","E16000150","E07000241","26ULHB","E00121714","26ULHB","E65000001","E01023969","E02004981","5","6D1","E00121714","E01023969","E02004981","E33027630","E38000049","E63011412","C1","5B3",51.831471,-0.213359,"E37000048","","E23000027",27770,"E56000035","E54000025","E00121714","E01023969","E02004981"
"AL6 9LX","AL6  9LX","AL6 9LX","198001","","E10000015","E58000675","E07000241","E05011073","E04004822","0","523172","0216279","1","E18000006","E40000007","E92000001","E12000006","5","E14001573","E15000006","E24000005","E30000272","E16000150","E07000241","26ULHB","E00121715","26ULHB","E65000001","E01023969","E02004981","5","6B2","E00121715","E01023969","E02004981","E33027630","E38000049","E63011412","C1","5B3",51.831553,-0.213902,"E37000048","","E23000027",27770,"E56000035","E54000025","E00121715","E01023969","E02004981"
"AL6 9LY","AL6  9LY","AL6 9LY","198001","","E10000015","E58000675","E07000241","E05011073","E04004822","0","523069","0216334","1","E18000006","E40000007","E92000001","E12000006","5","E14001573","E15000006","E24000005","E30000272","E16000150","E07000241","26ULHB","E00121715","26ULHB","E65000001","E01023969","E02004981","5","6B2","E00121715","E01023969","E02004981","E33027630","E38000049","E63011412","C1","5B3",51.832070,-0.215376,"E37000048","","E23000027",27770,"E56000035","E54000025","E00121715","E01023969","E02004981"
"AL6 9LZ","AL6  9LZ","AL6 9LZ","201006","","E10000015","E58000675","E07000241","E05011073","E04004822","0","523073","0216237","1","E18000006","E40000007","E92000001","E12000006","5","E14001573","E15000006","E24000005","E30000272","E16000150","E07000241","26ULHB","E00121715","26ULHB","E65000001","E01023969","E02004981","5","6B2","E00121715","E01023969","E02004981","E33027630","E38000049","E63011412","C1","5B3",51.831198,-0.215353,"E37000048","","E23000027",27770,"E56000035","E54000025","E00121715","E01023969","E02004981"
"AL6 9NA","AL6  9NA","AL6 9NA","198001","","E10000015","E58000675","E07000241","E05011073","E04004822","0","523036","0216256","1","E18000006","E40000007","E92000001","E12000006","5","E14001573","E15000006","E24000005","E30000272","E16000150","E07000241","26ULHB","E00121713","26ULHB","E65000001","E01023968","E02004981","5","4B4","E00121713","E01023968","E02004981","E33027631","E38000049","E63011412","C1","6A4",51.831383,-0.215859,"E37000048","","E23000027",27444,"E56000035","E54000025","E00121713","E01023968","E02004981"
"AL6 9NB","AL6  9NB","AL6 9NB","198001","","E10000015","E58000675","E07000241","E05011073","E04004822","0","523052","0216324","1","E18000006","E40000007","E92000001","E12000006","5","E14001573","E15000006","E24000005","E30000272","E16000150","E07000241","26ULHB","E00121715","26ULHB","E65000001","E01023969","E02004981","5","6B2","E00121715","E01023969","E02004981","E33027630","E38000049","E63011412","C1","5B3",51.831991,-0.215602,"E37000048","","E23000027",27770,"E56000035","E54000025","E00121715","E01023969","E02004981"
"AL6 9ND","AL6  9ND","AL6 9ND","198001","","E10000015","E58000675","E07000241","E05011073","E04004822","0","523035","0216551","1","E18000006","E40000007","E92000001","E12000006","5","E14001573","E15000006","E24000005","E30000272","E16000150","E07000241","26ULHB","E00121713","26ULHB","E65000001","E01023968","E02004981","5","4B4","E00121713","E01023968","E02004981","E33027631","E38000049","E63011412","C1","6A4",51.834034,-0.215768,"E37000048","","E23000027",27444,"E56000035","E54000025","E00121713","E01023968","E02004981"
"AL6 9NE","AL6  9NE","AL6 9NE","198001","","E10000015","E58000675","E07000241","E05011073","E04004822","0","522849","0216726","1","E18000006","E40000007","E92000001","E12000006","5","E14001573","E15000006","E24000005","E30000272","E16000150","E07000241","26ULHB","E00121710","26ULHB","E65000001","E01023968","E02004981","5","4D2","E00121710","E01023968","E02004981","E33027631","E38000049","E63011412","C1","6A4",51.835648,-0.218404,"E37000048","","E23000027",27444,"E56000035","E54000025","E00121710","E01023968","E02004981"
"AL6 9NF","AL6  9NF","AL6 9NF","198001","","E10000015","E58000646","E07000099","E05015768","E04004773","0","523098","0217187","1","E18000006","E40000007","E92000001","E12000006","5","E14001516","E15000006","E24000005","E30000272","E16000150","E07000099","26UFGT","E00119992","26UFGT","E65000001","E01023627","E02004923","5","3C1","E00119992","E01023627","E02004923","E33027397","E38000049","","C1","6A1",51.839736,-0.214629,"E37000048","","E23000027",25694,"E56000035","E54000025","E00119992","E01023627","E02004923"
"AL6 9NG","AL6  9NG","AL6 9NG","198001","","E10000015","E58000646","E07000099","E05015758","E04004773","0","522603","0217074","1","E18000006","E40000007","E92000001","E12000006","5","E14001516","E15000006","E24000005","E30000272","E16000150","E07000099","26UFGG","E00119837","26UFGG","E65000001","E01023595","E02004923","5","3A1","E00119837","E01023595","E02004923","E33027392","E38000049","E63011372","C1","1B2",51.838823,-0.221874,"E37000048","","E23000027",30588,"E56000035","E54000025","E00119837","E01023595","E02004923"
"AL6 9NH","AL6  9NH","AL6 9NH","198001","","E10000015","E58000675","E07000241","E05011073","E04004822","0","522861","0216458","1","E18000006","E40000007","E92000001","E12000006","5","E14001573","E15000006","E24000005","E30000272","E16000150","E07000241","26ULHB","E00121716","26ULHB","E65000001","E01023969","E02004981","5","1C3","E00121716","E01023969","E02004981","E33027630","E38000049","E63011412","C1","8A2",51.833237,-0.218325,"E37000048","","E23000027",27770,"E56000035","E54000025","E00121716","E01023969","E02004981"
"AL6 9NJ","AL6  9NJ","AL6 9NJ","198001","","E10000015","E58000675","E07000241","E05011073","E04004822","0","522726","0216586","1","E18000006","E40000007","E92000001","E12000006","5","E14001573","E15000006","E24000005","E30000272","E16000150","E07000241","26ULHB","E00121713","26ULHB","E65000001","E01023968","E02004981","5","4B4","E00121713","E01023968","E02004981","E33027631","E38000049","E63011372","C1","6A4",51.834417,-0.220238,"E37000048","","E23000027",27444,"E56000035","E54000025","E00121713","E01023968","E02004981"
"AL6 9NL","AL6  9NL","AL6 9NL","198001","","E10000015","E58000675","E07000241","E05011073","E04004817","0","522361","0216429","1","E18000006","E40000007","E92000001","E12000006","5","E14001573","E15000006","E24000005","E30000272","E16000150","E07000241","26ULHB","E00121703","26ULHB","E65000001","E01023969","E02004981","8","3C1","E00173259","E01023969","E02004981","E33027632","E38000049","E63011372","E1","1B2",51.833079,-0.225612,"E37000048","","E23000027",27770,"E56000035","E54000025","E00173259","E01023969","E02004981"
"AL6 9NN","AL6  9NN","AL6 9NN","198001","","E10000015","E58000646","E07000099","E05015758","E04004773","0","522379","0216596","1","E18000006","E40000007","E92000001","E12000006","5","E14001516","E15000006","E24000005","E30000272","E16000150","E07000099","26UFGG","E00119837","26UFGG","E65000001","E01023595","E02004923","5","3A1","E00119837","E01023595","E02004923","E33027392","E38000049","E63011372","C1","1B2",51.834583,-0.225268,"E37000048","","E23000027",30588,"E56000035","E54000025","E00119837","E01023595","E02004923"
"AL6 9NP","AL6  9NP","AL6 9NP","198001","","E10000015","E58000646","E07000099","E05015758","E04004773","0","522598","0216963","1","E18000006","E40000007","E92000001","E12000006","5","E14001516","E15000006","E24000005","E30000272","E16000150","E07000099","26UFGG","E00119837","26UFGG","E65000001","E01023595","E02004923","5","3A1","E00119837","E01023595","E02004923","E33027392","E38000049","E63011372","C1","1B2",51.837833,-0.221962,"E37000048","","E23000027",30588,"E56000035","E54000025","E00119837","E01023595","E02004923"
"AL6 9NQ","AL6  9NQ","AL6 9NQ","198001","","E10000015","E58000675","E07000241","E05011073","E04004822","0","522955","0216611","1","E18000006","E40000007","E92000001","E12000006","5","E14001573","E15000006","E24000005","E30000272","E16000150","E07000241","26ULHB","E00121713","26ULHB","E65000001","E01023968","E02004981","5","4B4","E00121713","E01023968","E02004981","E33027631","E38000049","E63011412","C1","6A4",51.834591,-0.216908,"E37000048","","E23000027",27444,"E56000035","E54000025","E00121713","E01023968","E02004981"
"AL6 9NR","AL6  9NR","AL6 9NR","200505","","E10000015","E58000646","E07000099","E05015758","E04004773","0","522495","0217037","1","E18000006","E40000007","E92000001","E12000006","5","E14001516","E15000006","E24000005","E30000272","E16000150","E07000099","26UFGG","E00119837","26UFGG","E65000001","E01023595","E02004923","5","3A1","E00119837","E01023595","E02004923","E33027392","E38000049","E63011372","C1","1B2",51.838520,-0.223430,"E37000048","","E23000027",30588,"E56000035","E54000025","E00119837","E01023595","E02004923"
"AL6 9NS","AL6  9NS","AL6 9NS","198001","","E10000015","E58000675","E07000241","E05011073","E04004822","0","522659","0216684","1","E18000006","E40000007","E92000001","E12000006","5","E14001573","E15000006","E24000005","E30000272","E16000150","E07000241","26ULHB","E00121713","26ULHB","E65000001","E01023968","E02004981","5","4B4","E00121713","E01023968","E02004981","E33027631","E38000049","E63011372","C1","6A4",51.835312,-0.221175,"E37000048","","E23000027",27444,"E56000035","E54000025","E00121713","E01023968","E02004981"
"AL6 9NT","AL6  9NT","AL6 9NT","198001","","E10000015","E58000675","E07000241","E05011073","E04004822","0","523245","0216249","1","E18000006","E40000007","E92000001","E12000006","5","E14001573","E15000006","E24000005","E30000272","E16000150","E07000241","26ULHB","E00121714","26ULHB","E65000001","E01023969","E02004981","5","6D1","E00121714","E01023969","E02004981","E33027630","E38000049","E63011412","C1","5B3",51.831274,-0.212830,"E37000048","","E23000027",27770,"E56000035","E54000025","E00121714","E01023969","E02004981"
"AL6 9NU","AL6  9NU","AL6 9NU","199007","","E10000015","E58000675","E07000241","E05011073","E04004822","0","522967","0216363","1","E18000006","E40000007","E92000001","E12000006","5","E14001573","E15000006","E24000005","E30000272","E16000150","E07000241","26ULHB","E00121713","26ULHB","E65000001","E01023968","E02004981","5","4B4","E00121713","E01023968","E02004981","E33027631","E38000049","E63011412","C1","6A4",51.832360,-0.216821,"E37000048","","E23000027",27444,"E56000035","E54000025","E00121713","E01023968","E02004981"
"AL6 9NW","AL6  9NW","AL6 9NW","198001","","E10000015","E58000646","E07000099","E05015758","E04004773","0","522495","0216731","1","E18000006","E40000007","E92000001","E12000006","5","E14001516","E15000006","E24000005","E30000272","E16000150","E07000099","26UFGG","E00119837","26UFGG","E65000001","E01023595","E02004923","5","3A1","E00119837","E01023595","E02004923","E33027392","E38000049","E63011372","C1","1B2",51.835764,-0.223562,"E37000048","","E23000027",30588,"E56000035","E54000025","E00119837","E01023595","E02004923"
"AL6 9NX","AL6  9NX","AL6 9NX","198001","","E10000015","E58000675","E07000241","E05011073","E04004822","0","523428","0216341","1","E18000006","E40000007","E92000001","E12000006","5","E14001573","E15000006","E24000005","E30000272","E16000150","E07000241","26ULHB","E00121714","26ULHB","E65000001","E01023969","E02004981","5","6D1","E00121714","E01023969","E02004981","E33027630","E38000049","E63011412","C1","5B3",51.832061,-0.210143,"E37000048","","E23000027",27770,"E56000035","E54000025","E00121714","E01023969","E02004981"
"AL6 9NY","AL6  9NY","AL6 9NY","199208","199405","E10000015","E58000675","E07000241","E05011073","E04004822","1","523400","0216200","8","E18000006","E40000007","E92000001","E12000006","5","E14001573","E15000006","E24000005","E30000272","E16000150","E07000241","26ULHB","E00121711","26ULHB","E65000001","E01023968","E02004981","5","6B2","E00121711","E01023968","E02004981","E33027626","E38000049","","C1","5B3",51.830793,-0.210623,"E37000048","","E23000027",27444,"E56000035","E54000025","E00121711","E01023968","E02004981"
"AL6 9NZ","AL6  9NZ","AL6 9NZ","200807","201105","E10000015","E58000623","E07000241","E05011069","E43000083","1","524487","0213299","1","E18000006","E40000007","E92000001","E12000006","5","E14001573","E15000006","E24000005","E30000272","E16000150","E07000241","26ULGX","E00121637","26ULGX","E65000001","E01023954","E02004986","5","5B2","E00121637","E01023954","E02004986","E33024496","E38000049","E63011463","C1","7A3",51.804482,-0.195898,"E37000048","","E23000027",7164,"E56000035","E54000025","E00190264","E01035604","E02004986"
"AL6 9PA","AL6  9PA","AL6 9PA","198001","","E10000015","E58000675","E07000241","E05011073","E04004822","0","522912","0216084","1","E18000006","E40000007","E92000001","E12000006","5","E14001573","E15000006","E24000005","E30000272","E16000150","E07000241","26ULHB","E00121719","26ULHB","E65000001","E01023969","E02004981","5","6B2","E00121719","E01023969","E02004981","E33027627","E38000049","E63011412","C1","5B3",51.829865,-0.217718,"E37000048","","E23000027",27770,"E56000035","E54000025","E00121719","E01023969","E02004981"
"AL6 9PB","AL6  9PB","AL6 9PB","198001","","E10000015","E58000675","E07000241","E05011073","E04004822","0","522774","0216116","1","E18000006","E40000007","E92000001","E12000006","5","E14001573","E15000006","E24000005","E30000272","E16000150","E07000241","26ULHB","E00121716","26ULHB","E65000001","E01023969","E02004981","5","1C3","E00121716","E01023969","E02004981","E33027630","E38000049","E63011412","C1","8A2",51.830183,-0.219708,"E37000048","","E23000027",27770,"E56000035","E54000025","E00121716","E01023969","E02004981"
"AL6 9PD","AL6  9PD","AL6 9PD","198001","","E10000015","E58000675","E07000241","E05011073","E04004822","0","522805","0216076","1","E18000006","E40000007","E92000001","E12000006","5","E14001573","E15000006","E24000005","E30000272","E16000150","E07000241","26ULHB","E00121719","26ULHB","E65000001","E01023969","E02004981","5","6B2","E00121719","E01023969","E02004981","E33027627","E38000049","E63011412","C1","5B3",51.829816,-0.219273,"E37000048","","E23000027",27770,"E56000035","E54000025","E00121719","E01023969","E02004981"
"AL6 9PE","AL6  9PE","AL6 9PE","198001","","E10000015","E58000675","E07000241","E05011073","E04004822","0","522728","0216063","1","E18000006","E40000007","E92000001","E12000006","5","E14001573","E15000006","E24000005","E30000272","E16000150","E07000241","26ULHB","E00121716","26ULHB","E65000001","E01023969","E02004981","5","1C3","E00121716","E01023969","E02004981","E33027630","E38000049","E63011412","C1","8A2",51.829716,-0.220394,"E37000048","","E23000027",27770,"E56000035","E54000025","E00121716","E01023969","E02004981"
"AL6 9PF","AL6  9PF","AL6 9PF","198001","","E10000015","E58000675","E07000241","E05011073","E04004822","0","522760","0215968","1","E18000006","E40000007","E92000001","E12000006","5","E14001573","E15000006","E24000005","E30000272","E16000150","E07000241","26ULHB","E00121719","26ULHB","E65000001","E01023969","E02004981","5","6B2","E00121719","E01023969","E02004981","E33027627","E38000049","E63011412","C1","5B3",51.828856,-0.219964,"E37000048","","E23000027",27770,"E56000035","E54000025","E00121719","E01023969","E02004981"
"AL6 9PG","AL6  9PG","AL6 9PG","198001","","E10000015","E58000675","E07000241","E05011073","E04004822","0","522842","0216051","1","E18000006","E40000007","E92000001","E12000006","5","E14001573","E15000006","E24000005","E30000272","E16000150","E07000241","26ULHB","E00121719","26ULHB","E65000001","E01023969","E02004981","5","6B2","E00121719","E01023969","E02004981","E33027627","E38000049","E63011412","C1","5B3",51.829584,-0.218745,"E37000048","","E23000027",27770,"E56000035","E54000025","E00121719","E01023969","E02004981"
"AL6 9PH","AL6  9PH","AL6 9PH","198001","","E10000015","E58000675","E07000241","E05011073","E04004822","0","522837","0215899","1","E18000006","E40000007","E92000001","E12000006","5","E14001573","E15000006","E24000005","E30000272","E16000150","E07000241","26ULHB","E00121719","26ULHB","E65000001","E01023969","E02004981","5","6B2","E00121719","E01023969","E02004981","E33027627","E38000049","E63011412","C1","5B3",51.828219,-0.218872,"E37000048","","E23000027",27770,"E56000035","E54000025","E00121719","E01023969","E02004981"
"AL6 9PJ","AL6  9PJ","AL6 9PJ","198001","","E10000015","E58000675","E07000241","E05011073","E04004822","0","522600","0215766","1","E18000006","E40000007","E92000001","E12000006","5","E14001573","E15000006","E24000005","E30000272","E16000150","E07000241","26ULHB","E00121717","26ULHB","E65000001","E01023970","E02004981","5","1C2","E00121717","E01023970","E02004981","E33027627","E38000049","E63011412","C1","8C3",51.827076,-0.222356,"E37000048","","E23000027",17242,"E56000035","E54000025","E00121717","E01023970","E02004981"
"AL6 9PL","AL6  9PL","AL6 9PL","198001","","E10000015","E58000675","E07000241","E05011073","E04004822","0","522568","0215801","1","E18000006","E40000007","E92000001","E12000006","5","E14001573","E15000006","E24000005","E30000272","E16000150","E07000241","26ULHB","E00121717","26ULHB","E65000001","E01023970","E02004981","5","1C2","E00121717","E01023970","E02004981","E33027627","E38000049","E63011412","C1","8C3",51.827397,-0.222808,"E37000048","","E23000027",17242,"E56000035","E54000025","E00121717","E01023970","E02004981"
"AL6 9PN","AL6  9PN","AL6 9PN","198001","","E10000015","E58000675","E07000241","E05011073","E04004822","0","522619","0215908","1","E18000006","E40000007","E92000001","E12000006","5","E14001573","E15000006","E24000005","E30000272","E16000150","E07000241","26ULHB","E00121719","26ULHB","E65000001","E01023969","E02004981","5","6B2","E00121719","E01023969","E02004981","E33027627","E38000049","E63011412","C1","5B3",51.828347,-0.222030,"E37000048","","E23000027",27770,"E56000035","E54000025","E00121719","E01023969","E02004981"
"AL6 9PP","AL6  9PP","AL6 9PP","198001","","E10000015","E58000675","E07000241","E05011073","E04004822","0","522482","0216085","1","E18000006","E40000007","E92000001","E12000006","5","E14001573","E15000006","E24000005","E30000272","E16000150","E07000241","26ULHB","E00121717","26ULHB","E65000001","E01023970","E02004981","5","1C2","E00121717","E01023970","E02004981","E33027627","E38000049","E63011412","C1","8C3",51.829968,-0.223955,"E37000048","","E23000027",17242,"E56000035","E54000025","E00121717","E01023970","E02004981"
"AL6 9PQ","AL6  9PQ","AL6 9PQ","198001","","E10000015","E58000675","E07000241","E05011073","E04004822","0","522781","0215889","1","E18000006","E40000007","E92000001","E12000006","5","E14001573","E15000006","E24000005","E30000272","E16000150","E07000241","26ULHB","E00121719","26ULHB","E65000001","E01023969","E02004981","5","6B2","E00121719","E01023969","E02004981","E33027627","E38000049","E63011412","C1","5B3",51.828141,-0.219687,"E37000048","","E23000027",27770,"E56000035","E54000025","E00121719","E01023969","E02004981"
"AL6 9PR","AL6  9PR","AL6 9PR","198001","","E10000015","E58000675","E07000241","E05011073","E04004822","0","522532","0216120","1","E18000006","E40000007","E92000001","E12000006","5","E14001573","E15000006","E24000005","E30000272","E16000150","E07000241","26ULHB","E00121716","26ULHB","E65000001","E01023969","E02004981","5","1C3","E00121716","E01023969","E02004981","E33027630","E38000049","E63011412","C1","8A2",51.830272,-0.223217,"E37000048","","E23000027",27770,"E56000035","E54000025","E00121716","E01023969","E02004981"
"AL6 9PS","AL6  9PS","AL6 9PS","198001","","E10000015","E58000675","E07000241","E05011073","E04004822","0","522605","0216121","1","E18000006","E40000007","E92000001","E12000006","5","E14001573","E15000006","E24000005","E30000272","E16000150","E07000241","26ULHB","E00121716","26ULHB","E65000001","E01023969","E02004981","5","1C3","E00121716","E01023969","E02004981","E33027630","E38000049","E63011412","C1","8A2",51.830265,-0.222158,"E37000048","","E23000027",27770,"E56000035","E54000025","E00121716","E01023969","E02004981"
"AL6 9PT","AL6  9PT","AL6 9PT","198001","","E10000015","E58000675","E07000241","E05011073","E04004822","0","522646","0216124","1","E18000006","E40000007","E92000001","E12000006","5","E14001573","E15000006","E24000005","E30000272","E16000150","E07000241","26ULHB","E00121716","26ULHB","E65000001","E01023969","E02004981","5","1C3","E00121716","E01023969","E02004981","E33027630","E38000049","E63011412","C1","8A2",51.830283,-0.221562,"E37000048","","E23000027",27770,"E56000035","E54000025","E00121716","E01023969","E02004981"
"AL6 9PU","AL6  9PU","AL6 9PU","198001","","E10000015","E58000675","E07000241","E05011073","E04004822","0","522457","0216018","1","E18000006","E40000007","E92000001","E12000006","5","E14001573","E15000006","E24000005","E30000272","E16000150","E07000241","26ULHB","E00121717","26ULHB","E65000001","E01023970","E02004981","5","1C2","E00121717","E01023970","E02004981","E33027627","E38000049","E63011412","C1","8C3",51.829372,-0.224341,"E37000048","","E23000027",17242,"E56000035","E54000025","E00121717","E01023970","E02004981"
"AL6 9PW","AL6  9PW","AL6 9PW","198001","","E10000015","E58000675","E07000241","E05011073","E04004822","1","522523","0215902","1","E18000006","E40000007","E92000001","E12000006","5","E14001573","E15000006","E24000005","E30000272","E16000150","E07000241","26ULHB","E00121717","26ULHB","E65000001","E01023970","E02004981","5","1C2","E00121717","E01023970","E02004981","E33027627","E38000049","E63011412","C1","8C3",51.828315,-0.223425,"E37000048","","E23000027",17242,"E56000035","E54000025","E00121717","E01023970","E02004981"
"AL6 9PX","AL6  9PX","AL6 9PX","198001","","E10000015","E58000675","E07000241","E05011073","E04004822","0","522425","0216005","1","E18000006","E40000007","E92000001","E12000006","5","E14001573","E15000006","E24000005","E30000272","E16000150","E07000241","26ULHB","E00121717","26ULHB","E65000001","E01023970","E02004981","5","1C2","E00121717","E01023970","E02004981","E33027627","E38000049","E63011412","C1","8C3",51.829262,-0.224810,"E37000048","","E23000027",17242,"E56000035","E54000025","E00121717","E01023970","E02004981"
"AL6 9PY","AL6  9PY","AL6 9PY","198001","","E10000015","E58000675","E07000241","E05011073","E04004822","0","522662","0215949","1","E18000006","E40000007","E92000001","E12000006","5","E14001573","E15000006","E24000005","E30000272","E16000150","E07000241","26ULHB","E00121719","26ULHB","E65000001","E01023969","E02004981","5","6B2","E00121719","E01023969","E02004981","E33027627","E38000049","E63011412","C1","5B3",51.828700,-0.221416,"E37000048","","E23000027",27770,"E56000035","E54000025","E00121719","E01023969","E02004981"
"AL6 9PZ","AL6  9PZ","AL6 9PZ","198001","","E10000015","E58000675","E07000241","E05011073","E04004822","0","522664","0215899","1","E18000006","E40000007","E92000001","E12000006","5","E14001573","E15000006","E24000005","E30000272","E16000150","E07000241","26ULHB","E00121719","26ULHB","E65000001","E01023969","E02004981","5","6B2","E00121719","E01023969","E02004981","E33027627","E38000049","E63011412","C1","5B3",51.828257,-0.221381,"E37000048","","E23000027",27770,"E56000035","E54000025","E00121719","E01023969","E02004981"
"AL6 9QA","AL6  9QA","AL6 9QA","198001","","E10000015","E58000675","E07000241","E05011073","E04004822","0","522812","0215930","1","E18000006","E40000007","E92000001","E12000006","5","E14001573","E15000006","E24000005","E30000272","E16000150","E07000241","26ULHB","E00121719","26ULHB","E65000001","E01023969","E02004981","5","6B2","E00121719","E01023969","E02004981","E33027627","E38000049","E63011412","C1","5B3",51.828503,-0.219223,"E37000048","","E23000027",27770,"E56000035","E54000025","E00121719","E01023969","E02004981"
"AL6 9QB","AL6  9QB","AL6 9QB","199002","","E10000015","E58000675","E07000241","E05011073","E04004822","0","523137","0216904","1","E18000006","E40000007","E92000001","E12000006","5","E14001573","E15000006","E24000005","E30000272","E16000150","E07000241","26ULHB","E00121710","26ULHB","E65000001","E01023968","E02004981","5","4D2","E00121710","E01023968","E02004981","E33027631","E38000049","E63011412","C1","6A4",51.837184,-0.214163,"E37000048","","E23000027",27444,"E56000035","E54000025","E00121710","E01023968","E02004981"
"AL6 9QD","AL6  9QD","AL6 9QD","199002","","E10000015","E58000675","E07000241","E05011073","E04004822","0","523272","0216874","1","E18000006","E40000007","E92000001","E12000006","5","E14001573","E15000006","E24000005","E30000272","E16000150","E07000241","26ULHB","E00121712","26ULHB","E65000001","E01023968","E02004981","5","4D2","E00121712","E01023968","E02004981","E33027631","E38000049","E63011412","C1","6A4",51.836885,-0.212216,"E37000048","","E23000027",27444,"E56000035","E54000025","E00121712","E01023968","E02004981"
"AL6 9QE","AL6  9QE","AL6 9QE","199002","","E10000015","E58000675","E07000241","E05011073","E04004822","0","523215","0216922","1","E18000006","E40000007","E92000001","E12000006","5","E14001573","E15000006","E24000005","E30000272","E16000150","E07000241","26ULHB","E00121712","26ULHB","E65000001","E01023968","E02004981","5","4D2","E00121712","E01023968","E02004981","E33027631","E38000049","E63011412","C1","6A4",51.837329,-0.213025,"E37000048","","E23000027",27444,"E56000035","E54000025","E00121712","E01023968","E02004981"
"AL6 9QF","AL6  9QF","AL6 9QF","199101","","E10000015","E58000675","E07000241","E05011073","E04004822","0","522714","0215902","1","E18000006","E40000007","E92000001","E12000006","5","E14001573","E15000006","E24000005","E30000272","E16000150","E07000241","26ULHB","E00121719","26ULHB","E65000001","E01023969","E02004981","5","6B2","E00121719","E01023969","E02004981","E33027627","E38000049","E63011412","C1","5B3",51.828273,-0.220654,"E37000048","","E23000027",27770,"E56000035","E54000025","E00121719","E01023969","E02004981"
"AL6 9QG","AL6  9QG","AL6 9QG","199301","200409","E10000015","E58000623","E07000241","E05011069","E43000083","1","524487","0213299","1","E18000006","E40000007","E92000001","E12000006","5","E14001573","E15000006","E24000005","E30000272","E16000150","E07000241","26ULGX","E00121637","26ULGX","E65000001","E01023954","E02004986","5","5B2","E00121637","E01023954","E02004986","E33024496","E38000049","E63011463","C1","7A3",51.804482,-0.195898,"E37000048","","E23000027",7164,"E56000035","E54000025","E00190264","E01035604","E02004986"
"AL6 9QH","AL6  9QH","AL6 9QH","199412","199507","E10000015","E58000675","E07000241","E05011073","E04004822","1","522600","0215800","8","E18000006","E40000007","E92000001","E12000006","5","E14001573","E15000006","E24000005","E30000272","E16000150","E07000241","26ULHB","E00121717","26ULHB","E65000001","E01023970","E02004981","5","1C2","E00121717","E01023970","E02004981","E33027627","E38000049","E63011412","C1","8C3",51.827374,-0.222368,"E37000048","","E23000027",17242,"E56000035","E54000025","E00121717","E01023970","E02004981"
"AL6 9QQ","AL6  9QQ","AL6 9QQ","199405","199507","E10000015","E58000675","E07000241","E05011073","E04004822","1","522600","0215800","8","E18000006","E40000007","E92000001","E12000006","5","E14001573","E15000006","E24000005","E30000272","E16000150","E07000241","26ULHB","E00121717","26ULHB","E65000001","E01023970","E02004981","5","1C2","E00121717","E01023970","E02004981","E33027627","E38000049","E63011412","C1","8C3",51.827374,-0.222368,"E37000048","","E23000027",17242,"E56000035","E54000025","E00121717","E01023970","E02004981"
"AL6 9RA","AL6  9RA","AL6 9RA","198001","","E10000015","E58000675","E07000241","E05011073","E04004822","0","523354","0216582","1","E18000006","E40000007","E92000001","E12000006","5","E14001573","E15000006","E24000005","E30000272","E16000150","E07000241","26ULHB","E00121712","26ULHB","E65000001","E01023968","E02004981","5","4D2","E00121712","E01023968","E02004981","E33027631","E38000049","E63011412","C1","6A4",51.834243,-0.211130,"E37000048","","E23000027",27444,"E56000035","E54000025","E00121712","E01023968","E02004981"
"AL6 9RB","AL6  9RB","AL6 9RB","198001","","E10000015","E58000675","E07000241","E05011073","E04004822","0","523397","0216700","1","E18000006","E40000007","E92000001","E12000006","5","E14001573","E15000006","E24000005","E30000272","E16000150","E07000241","26ULHB","E00121712","26ULHB","E65000001","E01023968","E02004981","5","4D2","E00121712","E01023968","E02004981","E33027631","E38000049","E63011412","C1","6A4",51.835294,-0.210464,"E37000048","","E23000027",27444,"E56000035","E54000025","E00121712","E01023968","E02004981"
"AL6 9RD","AL6  9RD","AL6 9RD","198001","","E10000015","E58000675","E07000241","E05011073","E04004822","0","523306","0216769","1","E18000006","E40000007","E92000001","E12000006","5","E14001573","E15000006","E24000005","E30000272","E16000150","E07000241","26ULHB","E00121712","26ULHB","E65000001","E01023968","E02004981","5","4D2","E00121712","E01023968","E02004981","E33027631","E38000049","E63011412","C1","6A4",51.835934,-0.211760,"E37000048","","E23000027",27444,"E56000035","E54000025","E00121712","E01023968","E02004981"
"AL6 9RE","AL6  9RE","AL6 9RE","198001","","E10000015","E58000675","E07000241","E05011073","E04004822","0","523172","0216794","1","E18000006","E40000007","E92000001","E12000006","5","E14001573","E15000006","E24000005","E30000272","E16000150","E07000241","26ULHB","E00121710","26ULHB","E65000001","E01023968","E02004981","5","4D2","E00121710","E01023968","E02004981","E33027631","E38000049","E63011412","C1","6A4",51.836188,-0.213695,"E37000048","","E23000027",27444,"E56000035","E54000025","E00121710","E01023968","E02004981"
"AL6 9RF","AL6  9RF","AL6 9RF","198001","","E10000015","E58000675","E07000241","E05011073","E04004822","0","523074","0216763","1","E18000006","E40000007","E92000001","E12000006","5","E14001573","E15000006","E24000005","E30000272","E16000150","E07000241","26ULHB","E00121712","26ULHB","E65000001","E01023968","E02004981","5","4D2","E00121712","E01023968","E02004981","E33027631","E38000049","E63011412","C1","6A4",51.835931,-0.215127,"E37000048","","E23000027",27444,"E56000035","E54000025","E00121712","E01023968","E02004981"
"AL6 9RG","AL6  9RG","AL6 9RG","198001","","E10000015","E58000675","E07000241","E05011073","E04004822","0","522963","0216666","1","E18000006","E40000007","E92000001","E12000006","5","E14001573","E15000006","E24000005","E30000272","E16000150","E07000241","26ULHB","E00121712","26ULHB","E65000001","E01023968","E02004981","5","4D2","E00121712","E01023968","E02004981","E33027631","E38000049","E63011412","C1","6A4",51.835084,-0.216772,"E37000048","","E23000027",27444,"E56000035","E54000025","E00121712","E01023968","E02004981"
"AL6 9RH","AL6  9RH","AL6 9RH","198001","","E10000015","E58000675","E07000241","E05011073","E04004822","0","523071","0216652","1","E18000006","E40000007","E92000001","E12000006","5","E14001573","E15000006","E24000005","E30000272","E16000150","E07000241","26ULHB","E00121713","26ULHB","E65000001","E01023968","E02004981","5","4B4","E00121713","E01023968","E02004981","E33027631","E38000049","E63011412","C1","6A4",51.834934,-0.215210,"E37000048","","E23000027",27444,"E56000035","E54000025","E00121713","E01023968","E02004981"
"AL6 9RJ","AL6  9RJ","AL6 9RJ","198001","","E10000015","E58000675","E07000241","E05011073","E04004822","0","523113","0216519","1","E18000006","E40000007","E92000001","E12000006","5","E14001573","E15000006","E24000005","E30000272","E16000150","E07000241","26ULHB","E00121713","26ULHB","E65000001","E01023968","E02004981","5","4B4","E00121713","E01023968","E02004981","E33027631","E38000049","E63011412","C1","6A4",51.833730,-0.214648,"E37000048","","E23000027",27444,"E56000035","E54000025","E00121713","E01023968","E02004981"
"AL6 9RL","AL6  9RL","AL6 9RL","198001","","E10000015","E58000675","E07000241","E05011073","E04004822","0","523138","0216350","1","E18000006","E40000007","E92000001","E12000006","5","E14001573","E15000006","E24000005","E30000272","E16000150","E07000241","26ULHB","E00121713","26ULHB","E65000001","E01023968","E02004981","5","4B4","E00121713","E01023968","E02004981","E33027631","E38000049","E63011412","C1","6A4",51.832199,-0.214370,"E37000048","","E23000027",27444,"E56000035","E54000025","E00121713","E01023968","E02004981"
"AL6 9RN","AL6  9RN","AL6 9RN","198001","","E10000015","E58000675","E07000241","E05011073","E04004822","0","523195","0216501","1","E18000006","E40000007","E92000001","E12000006","5","E14001573","E15000006","E24000005","E30000272","E16000150","E07000241","26ULHB","E00121713","26ULHB","E65000001","E01023968","E02004981","5","4B4","E00121713","E01023968","E02004981","E33027631","E38000049","E63011412","C1","6A4",51.833543,-0.213489,"E37000048","","E23000027",27444,"E56000035","E54000025","E00121713","E01023968","E02004981"
"AL6 9RP","AL6  9RP","AL6 9RP","198001","","E10000015","E58000675","E07000241","E05011073","E04004822","0","523244","0216676","1","E18000006","E40000007","E92000001","E12000006","5","E14001573","E15000006","E24000005","E30000272","E16000150","E07000241","26ULHB","E00121712","26ULHB","E65000001","E01023968","E02004981","5","4D2","E00121712","E01023968","E02004981","E33027631","E38000049","E63011412","C1","6A4",51.835112,-0.212692,"E37000048","","E23000027",27444,"E56000035","E54000025","E00121712","E01023968","E02004981"
"AL6 9RQ","AL6  9RQ","AL6 9RQ","198001","","E10000015","E58000675","E07000241","E05011073","E04004822","0","522999","0216670","1","E18000006","E40000007","E92000001","E12000006","5","E14001573","E15000006","E24000005","E30000272","E16000150","E07000241","26ULHB","E00121713","26ULHB","E65000001","E01023968","E02004981","5","4B4","E00121713","E01023968","E02004981","E33027631","E38000049","E63011412","C1","6A4",51.835112,-0.216248,"E37000048","","E23000027",27444,"E56000035","E54000025","E00121713","E01023968","E02004981"
"AL6 9RR","AL6  9RR","AL6 9RR","198001","","E10000015","E58000675","E07000241","E05011073","E04004822","0","523218","0216622","1","E18000006","E40000007","E92000001","E12000006","5","E14001573","E15000006","E24000005","E30000272","E16000150","E07000241","26ULHB","E00121712","26ULHB","E65000001","E01023968","E02004981","5","4D2","E00121712","E01023968","E02004981","E33027631","E38000049","E63011412","C1","6A4",51.834632,-0.213089,"E37000048","","E23000027",27444,"E56000035","E54000025","E00121712","E01023968","E02004981"
"AL6 9RS","AL6  9RS","AL6 9RS","198001","","E10000015","E58000675","E07000241","E05011073","E04004822","0","523247","0216570","1","E18000006","E40000007","E92000001","E12000006","5","E14001573","E15000006","E24000005","E30000272","E16000150","E07000241","26ULHB","E00121713","26ULHB","E65000001","E01023968","E02004981","5","4B4","E00121713","E01023968","E02004981","E33027631","E38000049","E63011412","C1","6A4",51.834158,-0.212686,"E37000048","","E23000027",27444,"E56000035","E54000025","E00121713","E01023968","E02004981"
"AL6 9RW","AL6  9RW","AL6 9RW","198001","","E10000015","E58000675","E07000241","E05011073","E04004822","0","523148","0216628","1","E18000006","E40000007","E92000001","E12000006","5","E14001573","E15000006","E24000005","E30000272","E16000150","E07000241","26ULHB","E00121713","26ULHB","E65000001","E01023968","E02004981","5","4B4","E00121713","E01023968","E02004981","E33027631","E38000049","E63011412","C1","6A4",51.834701,-0.214102,"E37000048","","E23000027",27444,"E56000035","E54000025","E00121713","E01023968","E02004981"
"AL6 9SA","AL6  9SA","AL6 9SA","199812","","E10000015","E58000675","E07000241","E05011073","E04004822","0","523295","0217205","1","E18000006","E40000007","E92000001","E12000006","5","E14001573","E15000006","E24000005","E30000272","E16000150","E07000241","26ULHB","E00121712","26ULHB","E65000001","E01023968","E02004981","5","4D2","E00121712","E01023968","E02004981","E33027631","E38000049","","C1","6A4",51.839854,-0.211764,"E37000048","","E23000027",27444,"E56000035","E54000025","E00121712","E01023968","E02004981"
"AL6 9SB","AL6  9SB","AL6 9SB","200401","","E10000015","E58000675","E07000241","E05011073","E04004822","0","522563","0215864","1","E18000006","E40000007","E92000001","E12000006","5","E14001573","E15000006","E24000005","E30000272","E16000150","E07000241","26ULHB","E00121717","26ULHB","E65000001","E01023970","E02004981","5","1C2","E00121717","E01023970","E02004981","E33027627","E38000049","E63011412","C1","8C3",51.827958,-0.222882,"E37000048","","E23000027",17242,"E56000035","E54000025","E00121717","E01023970","E02004981"
"AL6 9SD","AL6  9SD","AL6 9SD","198001","","E10000015","E58000646","E07000099","E05015768","E04004773","0","523350","0217301","1","E18000006","E40000007","E92000001","E12000006","5","E14001516","E15000006","E24000005","E30000272","E16000150","E07000099","26UFGT","E00119992","26UFGT","E65000001","E01023627","E02004923","5","3C1","E00119992","E01023627","E02004923","E33027397","E38000049","","C1","6A1",51.840698,-0.210956,"E37000048","","E23000027",25694,"E56000035","E54000025","E00119992","E01023627","E02004923"
"AL6 9SE","AL6  9SE","AL6 9SE","198001","","E10000015","E58000675","E07000241","E05011073","E04004822","0","523620","0217554","1","E18000006","E40000007","E92000001","E12000006","5","E14001573","E15000006","E24000005","E30000272","E16000150","E07000241","26ULHA","E00121693","26ULHA","E65000001","E01023966","E02004980","5","4D2","E00121693","E01023966","E02004980","E33027625","E38000049","E63011372","C1","6A4",51.842919,-0.206925,"E37000048","","E23000027",32373,"E56000035","E54000025","E00121693","E01023966","E02004980"
"AL6 9SF","AL6  9SF","AL6 9SF","198001","","E10000015","E58000646","E07000099","E05015768","E04004773","0","523504","0217430","1","E18000006","E40000007","E92000001","E12000006","5","E14001516","E15000006","E24000005","E30000272","E16000150","E07000099","26UFGT","E00119992","26UFGT","E65000001","E01023627","E02004923","5","3C1","E00119992","E01023627","E02004923","E33027397","E38000049","","C1","6A1",51.841830,-0.208652,"E37000048","","E23000027",25694,"E56000035","E54000025","E00119992","E01023627","E02004923"
"AL6 9SG","AL6  9SG","AL6 9SG","198001","","E10000015","E58000646","E07000099","E05015768","E04004773","0","523583","0217807","1","E18000006","E40000007","E92000001","E12000006","5","E14001516","E15000006","E24000005","E30000272","E16000150","E07000099","26UFGT","E00119992","26UFGT","E65000001","E01023627","E02004923","5","3C1","E00119992","E01023627","E02004923","E33027397","E38000049","E63011372","C1","6A1",51.845201,-0.207371,"E37000048","","E23000027",25694,"E56000035","E54000025","E00119992","E01023627","E02004923"
"AL6 9SH","AL6  9SH","AL6 9SH","198001","","E10000015","E58000646","E07000099","E05015768","E04004773","0","523718","0217932","1","E18000006","E40000007","E92000001","E12000006","5","E14001516","E15000006","E24000005","E30000272","E16000150","E07000099","26UFGT","E00119992","26UFGT","E65000001","E01023627","E02004923","5","3C1","E00119992","E01023627","E02004923","E33027397","E38000049","E63011372","C1","6A1",51.846294,-0.205368,"E37000048","","E23000027",25694,"E56000035","E54000025","E00119992","E01023627","E02004923"
"AL6 9SJ","AL6  9SJ","AL6 9SJ","198001","","E10000015","E58000675","E07000241","E05011073","E04004822","0","523833","0217758","1","E18000006","E40000007","E92000001","E12000006","5","E14001573","E15000006","E24000005","E30000272","E16000150","E07000241","26ULHA","E00121693","26ULHA","E65000001","E01023966","E02004980","5","4D2","E00121693","E01023966","E02004980","E33027625","E38000049","E63011372","C1","6A4",51.844705,-0.203761,"E37000048","","E23000027",32373,"E56000035","E54000025","E00121693","E01023966","E02004980"
"AL6 9SL","AL6  9SL","AL6 9SL","198001","200504","E10000015","E58000646","E07000099","E05015768","E04004773","1","523963","0217838","1","E18000006","E40000007","E92000001","E12000006","5","E14001516","E15000006","E24000005","E30000272","E16000150","E07000099","26UFGT","E00119992","26UFGT","E65000001","E01023627","E02004923","5","3C1","E00119992","E01023627","E02004923","E33027397","E38000049","E63011372","C1","6A1",51.845388,-0.201871,"E37000048","","E23000027",25694,"E56000035","E54000025","E00119992","E01023627","E02004923"
"AL6 9SN","AL6  9SN","AL6 9SN","198001","","E10000015","E58000646","E07000099","E05015768","E04004773","0","523965","0217817","1","E18000006","E40000007","E92000001","E12000006","5","E14001516","E15000006","E24000005","E30000272","E16000150","E07000099","26UFGT","E00119992","26UFGT","E65000001","E01023627","E02004923","5","3C1","E00119992","E01023627","E02004923","E33027397","E38000049","E63011372","C1","6A1",51.845206,-0.201825,"E37000048","","E23000027",25694,"E56000035","E54000025","E00119992","E01023627","E02004923"
"AL6 9SP","AL6  9SP","AL6 9SP","198001","","E10000015","E58000646","E07000099","E05015768","E04004773","0","524064","0217860","1","E18000006","E40000007","E92000001","E12000006","5","E14001516","E15000006","E24000005","E30000272","E16000150","E07000099","26UFGT","E00119992","26UFGT","E65000001","E01023627","E02004923","5","3C1","E00119992","E01023627","E02004923","E33027397","E38000049","E63011372","C1","6A1",51.845570,-0.200373,"E37000048","","E23000027",25694,"E56000035","E54000025","E00119992","E01023627","E02004923"
"AL6 9SQ","AL6  9SQ","AL6 9SQ","198001","","E10000015","E58000675","E07000241","E05011073","E04004822","0","523404","0217666","1","E18000006","E40000007","E92000001","E12000006","5","E14001573","E15000006","E24000005","E30000272","E16000150","E07000241","26ULHB","E00121710","26ULHB","E65000001","E01023968","E02004981","5","4D2","E00121710","E01023968","E02004981","E33027631","E38000049","E63011372","C1","6A4",51.843973,-0.210019,"E37000048","","E23000027",27444,"E56000035","E54000025","E00121710","E01023968","E02004981"
"AL6 9SR","AL6  9SR","AL6 9SR","198001","199806","E10000015","E58000646","E07000099","E05015768","E04004773","0","523900","0217800","8","E18000006","E40000007","E92000001","E12000006","5","E14001516","E15000006","E24000005","E30000272","E16000150","E07000099","26UFGT","E00119992","26UFGT","E65000001","E01023627","E02004923","5","3C1","E00119992","E01023627","E02004923","E33027397","E38000049","E63011372","C1","6A1",51.845061,-0.202798,"E37000048","","E23000027",25694,"E56000035","E54000025","E00119992","E01023627","E02004923"
"AL6 9SS","AL6  9SS","AL6 9SS","198001","","E10000015","E58000646","E07000099","E05015768","E04004773","0","523997","0218003","1","E18000006","E40000007","E92000001","E12000006","5","E14001516","E15000006","E24000005","E30000272","E16000150","E07000099","26UFGT","E00119992","26UFGT","E65000001","E01023627","E02004923","5","3C1","E00119992","E01023627","E02004923","E33027397","E38000049","E63011372","C1","6A1",51.846870,-0.201294,"E37000048","","E23000027",25694,"E56000035","E54000025","E00119992","E01023627","E02004923"
"AL6 9ST","AL6  9ST","AL6 9ST","198001","","E10000015","E58000646","E07000099","E05015768","E04004773","0","523897","0218168","1","E18000006","E40000007","E92000001","E12000006","5","E14001516","E15000006","E24000005","E30000272","E16000150","E07000099","26UFGT","E00119992","26UFGT","E65000001","E01023627","E02004923","5","3C1","E00119992","E01023627","E02004923","E33027397","E38000049","E63011372","C1","6A1",51.848369,-0.202710,"E37000048","","E23000027",25694,"E56000035","E54000025","E00119992","E01023627","E02004923"
"AL6 9SU","AL6  9SU","AL6 9SU","198001","","E10000015","E58000646","E07000099","E05015768","E04004773","0","523998","0218238","1","E18000006","E40000007","E92000001","E12000006","5","E14001516","E15000006","E24000005","E30000272","E16000150","E07000099","26UFGT","E00119992","26UFGT","E65000001","E01023627","E02004923","5","3C1","E00119992","E01023627","E02004923","E33027397","E38000049","E63011372","C1","6A1",51.848975,-0.201219,"E37000048","","E23000027",25694,"E56000035","E54000025","E00119992","E01023627","E02004923"
"AL6 9SW","AL6  9SW","AL6 9SW","198001","","E10000015","E58000646","E07000099","E05015768","E04004773","0","524008","0217903","1","E18000006","E40000007","E92000001","E12000006","5","E14001516","E15000006","E24000005","E30000272","E16000150","E07000099","26UFGT","E00119992","26UFGT","E65000001","E01023627","E02004923","5","3C1","E00119992","E01023627","E02004923","E33027397","E38000049","E63011372","C1","6A1",51.845962,-0.201194,"E37000048","","E23000027",25694,"E56000035","E54000025","E00119992","E01023627","E02004923"
"AL6 9SX","AL6  9SX","AL6 9SX","198001","","E10000015","E58000646","E07000099","E05015768","E04004773","0","523783","0218223","1","E18000006","E40000007","E92000001","E12000006","5","E14001516","E15000006","E24000005","E30000272","E16000150","E07000099","26UFGT","E00119992","26UFGT","E65000001","E01023627","E02004923","5","3C1","E00119992","E01023627","E02004923","E33027397","E38000049","E63011372","C1","6A1",51.848895,-0.204321,"E37000048","","E23000027",25694,"E56000035","E54000025","E00119992","E01023627","E02004923"
"AL6 9SY","AL6  9SY","AL6 9SY","198001","","E10000015","E58000646","E07000099","E05015768","E04004773","0","523852","0218545","1","E18000006","E40000007","E92000001","E12000006","5","E14001516","E15000006","E24000005","E30000272","E16000150","E07000099","26UFGT","E00119992","26UFGT","E65000001","E01023627","E02004923","5","3C1","E00119992","E01023627","E02004923","E33027397","E38000049","E63011372","C1","6A1",51.851766,-0.203228,"E37000048","","E23000027",25694,"E56000035","E54000025","E00119992","E01023627","E02004923"
"AL6 9SZ","AL6  9SZ","AL6 9SZ","198001","","E10000015","E58000646","E07000099","E05015768","E04004773","0","523824","0218412","1","E18000006","E40000007","E92000001","E12000006","5","E14001516","E15000006","E24000005","E30000272","E16000150","E07000099","26UFGT","E00119992","26UFGT","E65000001","E01023627","E02004923","5","3C1","E00119992","E01023627","E02004923","E33027397","E38000049","E63011372","C1","6A1",51.850584,-0.203658,"E37000048","","E23000027",25694,"E56000035","E54000025","E00119992","E01023627","E02004923"
"AL6 9TA","AL6  9TA","AL6 9TA","198001","","E10000015","E58000646","E07000099","E05015768","E04004773","0","523828","0218789","1","E18000006","E40000007","E92000001","E12000006","5","E14001516","E15000006","E24000005","E30000272","E16000150","E07000099","26UFGT","E00119992","26UFGT","E65000001","E01023627","E02004923","5","3C1","E00119992","E01023627","E02004923","E33027397","E38000049","E63011372","C1","6A1",51.853964,-0.203489,"E37000048","","E23000027",25694,"E56000035","E54000025","E00119992","E01023627","E02004923"
"AL6 9TB","AL6  9TB","AL6 9TB","198001","","E10000015","E58000675","E07000241","E05011073","E04004822","0","524008","0218987","1","E18000006","E40000007","E92000001","E12000006","5","E14001573","E15000006","E24000005","E30000272","E16000150","E07000241","26ULHA","E00121691","26ULHA","E65000001","E01023965","E02004980","5","4B3","E00121691","E01023965","E02004980","E33027625","E38000049","E63011372","C1","6A2",51.855711,-0.200782,"E37000048","","E23000027",32617,"E56000035","E54000025","E00121691","E01023965","E02004980"
"AL6 9TD","AL6  9TD","AL6 9TD","198001","","E10000015","E58000675","E07000241","E05011073","E04004822","0","524010","0218688","1","E18000006","E40000007","E92000001","E12000006","5","E14001573","E15000006","E24000005","E30000272","E16000150","E07000241","26ULHA","E00121691","26ULHA","E65000001","E01023965","E02004980","5","4B3","E00121691","E01023965","E02004980","E33027625","E38000049","E63011372","C1","6A2",51.853023,-0.200860,"E37000048","","E23000027",32617,"E56000035","E54000025","E00121691","E01023965","E02004980"
"AL6 9TE","AL6  9TE","AL6 9TE","198001","","E10000015","E58000675","E07000241","E05011073","E04004822","0","524249","0218972","1","E18000006","E40000007","E92000001","E12000006","5","E14001573","E15000006","E24000005","E30000272","E16000150","E07000241","26ULHA","E00121691","26ULHA","E65000001","E01023965","E02004980","5","4B3","E00121691","E01023965","E02004980","E33027625","E38000049","E63011372","C1","6A2",51.855522,-0.197290,"E37000048","","E23000027",32617,"E56000035","E54000025","E00121691","E01023965","E02004980"
"AL6 9TF","AL6  9TF","AL6 9TF","198001","","E10000015","E58000675","E07000241","E05011073","E04004822","0","524136","0219145","1","E18000006","E40000007","E92000001","E12000006","5","E14001573","E15000006","E24000005","E30000272","E16000150","E07000241","26ULHA","E00121691","26ULHA","E65000001","E01023965","E02004980","5","4B3","E00121691","E01023965","E02004980","E33027625","E38000049","E63011372","C1","6A2",51.857102,-0.198868,"E37000048","","E23000027",32617,"E56000035","E54000025","E00121691","E01023965","E02004980"
"AL6 9TG","AL6  9TG","AL6 9TG","198001","","E10000015","E58000675","E07000241","E05011073","E04004822","0","524240","0219190","1","E18000006","E40000007","E92000001","E12000006","5","E14001573","E15000006","E24000005","E30000272","E16000150","E07000241","26ULHA","E00121691","26ULHA","E65000001","E01023965","E02004980","5","4B3","E00121691","E01023965","E02004980","E33027625","E38000049","E63011372","C1","6A2",51.857484,-0.197342,"E37000048","","E23000027",32617,"E56000035","E54000025","E00121691","E01023965","E02004980"
"AL6 9TH","AL6  9TH","AL6 9TH","200106","200207","E10000015","E58000623","E07000241","E05011069","E43000083","1","524487","0213299","1","E18000006","E40000007","E92000001","E12000006","5","E14001573","E15000006","E24000005","E30000272","E16000150","E07000241","26ULGX","E00121637","26ULGX","E65000001","E01023954","E02004986","5","5B2","E00121637","E01023954","E02004986","E33024496","E38000049","E63011463","C1","7A3",51.804482,-0.195898,"E37000048","","E23000027",7164,"E56000035","E54000025","E00190264","E01035604","E02004986"
"AL6 9TJ","AL6  9TJ","AL6 9TJ","200303","","E10000015","E58000646","E07000099","E05015768","E04004773","0","523149","0218798","1","E18000006","E40000007","E92000001","E12000006","5","E14001516","E15000006","E24000005","E30000272","E16000150","E07000099","26UFGT","E00119991","26UFGT","E65000001","E01023627","E02004923","8","3C1","E00119991","E01023627","E02004923","E33027397","E38000049","","F1","1B2",51.854195,-0.213339,"E37000048","","E23000027",25694,"E56000035","E54000025","E00119991","E01023627","E02004923"
"AL6 9TP","AL6  9TP","AL6 9TP","198001","","E10000015","E58000675","E07000241","E05011073","E04004822","0","522936","0217445","1","E18000006","E40000007","E92000001","E12000006","5","E14001573","E15000006","E24000005","E30000272","E16000150","E07000241","26ULHB","E00121710","26ULHB","E65000001","E01023968","E02004981","5","4D2","E00121710","E01023968","E02004981","E33027631","E38000049","E63011372","C1","6A4",51.842090,-0.216887,"E37000048","","E23000027",27444,"E56000035","E54000025","E00121710","E01023968","E02004981"
"AL6 9TQ","AL6  9TQ","AL6 9TQ","198001","","E10000015","E58000675","E07000241","E05011073","E04004822","0","524151","0218844","1","E18000006","E40000007","E92000001","E12000006","5","E14001573","E15000006","E24000005","E30000272","E16000150","E07000241","26ULHA","E00121691","26ULHA","E65000001","E01023965","E02004980","5","4B3","E00121691","E01023965","E02004980","E33027625","E38000049","E63011372","C1","6A2",51.854394,-0.198758,"E37000048","","E23000027",32617,"E56000035","E54000025","E00121691","E01023965","E02004980"
"AL6 9TR","AL6  9TR","AL6 9TR","198001","","E10000015","E58000675","E07000241","E05011073","E04004822","0","523158","0217744","1","E18000006","E40000007","E92000001","E12000006","5","E14001573","E15000006","E24000005","E30000272","E16000150","E07000241","26ULHB","E00121710","26ULHB","E65000001","E01023968","E02004981","5","4D2","E00121710","E01023968","E02004981","E33027631","E38000049","E63011372","C1","6A4",51.844728,-0.213560,"E37000048","","E23000027",27444,"E56000035","E54000025","E00121710","E01023968","E02004981"
"AL6 9TS","AL6  9TS","AL6 9TS","198001","","E10000015","E58000675","E07000241","E05011073","E04004822","0","522571","0217307","1","E18000006","E40000007","E92000001","E12000006","5","E14001573","E15000006","E24000005","E30000272","E16000150","E07000241","26ULHB","E00121710","26ULHB","E65000001","E01023968","E02004981","5","4D2","E00121710","E01023968","E02004981","E33027631","E38000049","E63011372","C1","6A4",51.840930,-0.222231,"E37000048","","E23000027",27444,"E56000035","E54000025","E00121710","E01023968","E02004981"
"AL6 9TT","AL6  9TT","AL6 9TT","198001","","E10000015","E58000675","E07000241","E05011073","E04004822","0","522518","0217231","1","E18000006","E40000007","E92000001","E12000006","5","E14001573","E15000006","E24000005","E30000272","E16000150","E07000241","26ULHB","E00121710","26ULHB","E65000001","E01023968","E02004981","5","4D2","E00121710","E01023968","E02004981","E33027631","E38000049","E63011372","C1","6A4",51.840259,-0.223027,"E37000048","","E23000027",27444,"E56000035","E54000025","E00121710","E01023968","E02004981"
"AL6 9TU","AL6  9TU","AL6 9TU","198001","","E10000015","E58000646","E07000099","E05015758","E04004773","0","522482","0217103","1","E18000006","E40000007","E92000001","E12000006","5","E14001516","E15000006","E24000005","E30000272","E16000150","E07000099","26UFGG","E00119837","26UFGG","E65000001","E01023595","E02004923","5","3A1","E00119837","E01023595","E02004923","E33027392","E38000049","E63011372","C1","1B2",51.839110,-0.223619,"E37000048","","E23000027",30588,"E56000035","E54000025","E00119837","E01023595","E02004923"
"AL6 9TX","AL6  9TX","AL6 9TX","198001","","E10000015","E58000675","E07000241","E05011073","E04004822","0","522677","0217556","1","E18000006","E40000007","E92000001","E12000006","5","E14001573","E15000006","E24000005","E30000272","E16000150","E07000241","26ULHB","E00121710","26ULHB","E65000001","E01023968","E02004981","5","4D2","E00121710","E01023968","E02004981","E33027631","E38000049","E63011372","C1","6A4",51.843145,-0.220605,"E37000048","","E23000027",27444,"E56000035","E54000025","E00121710","E01023968","E02004981"
"AL6 9TY","AL6  9TY","AL6 9TY","198001","","E10000015","E58000646","E07000099","E05015768","E04004773","0","522216","0217548","1","E18000006","E40000007","E92000001","E12000006","5","E14001516","E15000006","E24000005","E30000272","E16000150","E07000099","26UFGT","E00119991","26UFGT","E65000001","E01023627","E02004923","8","3C1","E00119991","E01023627","E02004923","E33027397","E38000049","E63011372","F1","1B2",51.843174,-0.227297,"E37000048","","E23000027",25694,"E56000035","E54000025","E00119991","E01023627","E02004923"
"AL6 9TZ","AL6  9TZ","AL6 9TZ","198001","199612","E10000015","E58000646","E07000099","E05015758","E04004773","1","522200","0217500","8","E18000006","E40000007","E92000001","E12000006","5","E14001516","E15000006","E24000005","E30000272","E16000150","E07000099","26UFGG","E00119832","26UFGG","E65000001","E01023595","E02004923","5","6D2","E00119832","E01023595","E02004923","E33027392","E38000049","E63011372","C1","5A1",51.842739,-0.227570,"E37000048","","E23000027",30588,"E56000035","E54000025","E00119832","E01023595","E02004923"
"AL6 9UA","AL6  9UA","AL6 9UA","198001","","E10000015","E58000646","E07000099","E05015768","E04004773","0","522610","0218110","1","E18000006","E40000007","E92000001","E12000006","5","E14001516","E15000006","E24000005","E30000272","E16000150","E07000099","26UFGT","E00119991","26UFGT","E65000001","E01023627","E02004923","8","3C1","E00119991","E01023627","E02004923","E33027397","E38000049","","F1","1B2",51.848138,-0.221381,"E37000048","","E23000027",25694,"E56000035","E54000025","E00119991","E01023627","E02004923"
"AL6 9UB","AL6  9UB","AL6 9UB","198001","","E10000015","E58000646","E07000099","E05015768","E04004773","0","523150","0218947","1","E18000006","E40000007","E92000001","E12000006","5","E14001516","E15000006","E24000005","E30000272","E16000150","E07000099","26UFGT","E00119991","26UFGT","E65000001","E01023627","E02004923","8","3C1","E00119991","E01023627","E02004923","E33027397","E38000049","","F1","1B2",51.855541,-0.213248,"E37000048","","E23000027",25694,"E56000035","E54000025","E00119991","E01023627","E02004923"
"AL6 9UD","AL6  9UD","AL6 9UD","198001","","E10000015","E58000646","E07000099","E05015768","E04004773","0","523291","0218914","1","E18000006","E40000007","E92000001","E12000006","5","E14001516","E15000006","E24000005","E30000272","E16000150","E07000099","26UFGT","E00119991","26UFGT","E65000001","E01023627","E02004923","8","3C1","E00119991","E01023627","E02004923","E33027397","E38000049","","F1","1B2",51.855213,-0.211214,"E37000048","","E23000027",25694,"E56000035","E54000025","E00119991","E01023627","E02004923"
"AL6 9UE","AL6  9UE","AL6 9UE","198001","","E10000015","E58000646","E07000099","E05015768","E04004773","0","522883","0219284","1","E18000006","E40000007","E92000001","E12000006","5","E14001516","E15000006","E24000005","E30000272","E16000150","E07000099","26UFGT","E00119991","26UFGT","E65000001","E01023627","E02004923","8","3C1","E00119991","E01023627","E02004923","E33027397","E38000049","","F1","1B2",51.858621,-0.217027,"E37000048","","E23000027",25694,"E56000035","E54000025","E00119991","E01023627","E02004923"
"AL6 9UF","AL6  9UF","AL6 9UF","198001","","E10000015","E58000646","E07000099","E05015768","E04004773","0","523585","0219286","1","E18000006","E40000007","E92000001","E12000006","5","E14001516","E15000006","E24000005","E30000272","E16000150","E07000099","26UFGT","E00119991","26UFGT","E65000001","E01023627","E02004923","8","3C1","E00119991","E01023627","E02004923","E33027397","E38000049","E63011372","F1","1B2",51.858491,-0.206814,"E37000048","","E23000027",25694,"E56000035","E54000025","E00119991","E01023627","E02004923"
"AL6 9UG","AL6  9UG","AL6 9UG","198001","","E10000015","E58000646","E07000099","E05015768","E04004773","0","523630","0219010","1","E18000006","E40000007","E92000001","E12000006","5","E14001516","E15000006","E24000005","E30000272","E16000150","E07000099","26UFGT","E00119991","26UFGT","E65000001","E01023627","E02004923","8","3C1","E00119991","E01023627","E02004923","E33027397","E38000049","E63011372","F1","1B2",51.855994,-0.206283,"E37000048","","E23000027",25694,"E56000035","E54000025","E00119991","E01023627","E02004923"
"AL6 9UH","AL6  9UH","AL6 9UH","198001","","E10000015","E58000646","E07000099","E05015758","E04004773","0","522041","0217774","1","E18000006","E40000007","E92000001","E12000006","5","E14001516","E15000006","E24000005","E30000272","E16000150","E07000099","26UFGG","E00119832","26UFGG","E65000001","E01023595","E02004923","5","6D2","E00119832","E01023595","E02004923","E33027392","E38000049","E63011372","C1","5A1",51.845243,-0.229756,"E37000048","","E23000027",30588,"E56000035","E54000025","E00119832","E01023595","E02004923"
"AL6 9UJ","AL6  9UJ","AL6 9UJ","198001","","E10000015","E58000675","E07000241","E05011073","E04004822","0","522466","0217227","1","E18000006","E40000007","E92000001","E12000006","5","E14001573","E15000006","E24000005","E30000272","E16000150","E07000241","26ULHB","E00121710","26ULHB","E65000001","E01023968","E02004981","5","4D2","E00121710","E01023968","E02004981","E33027631","E38000049","E63011372","C1","6A4",51.840234,-0.223783,"E37000048","","E23000027",27444,"E56000035","E54000025","E00121710","E01023968","E02004981"
"AL6 9UL","AL6  9UL","AL6 9UL","198001","199706","E10000015","E58000646","E07000099","E05015768","E04004773","1","522612","0218111","8","E18000006","E40000007","E92000001","E12000006","5","E14001516","E15000006","E24000005","E30000272","E16000150","E07000099","26UFGT","E00119991","26UFGT","E65000001","E01023627","E02004923","8","3C1","E00119991","E01023627","E02004923","E33027397","E38000049","","F1","1B2",51.848140,-0.221376,"E37000048","","E23000027",25694,"E56000035","E54000025","E00119991","E01023627","E02004923"
"AL6 9UN","AL6  9UN","AL6 9UN","202104","","E10000015","E58000646","E07000099","E05015768","E04004773","0","523264","0219432","1","E18000006","E40000007","E92000001","E12000006","5","E14001516","E15000006","E24000005","E30000272","E16000150","E07000099","26UFGT","E00119991","26UFGT","E65000001","E01023627","E02004923","8","3C1","E00119991","E01023627","E02004923","E33027397","E38000049","","F1","1B2",51.859874,-0.211421,"E37000048","","E23000027",25694,"E56000035","E54000025","E00119991","E01023627","E02004923"
"AL6 9UQ","AL6  9UQ","AL6 9UQ","198001","","E10000015","E58000675","E07000241","E05011073","E04004822","0","523782","0218899","1","E18000006","E40000007","E92000001","E12000006","5","E14001573","E15000006","E24000005","E30000272","E16000150","E07000241","26ULHA","E00121691","26ULHA","E65000001","E01023965","E02004980","5","4B3","E00121691","E01023965","E02004980","E33027625","E38000049","E63011372","C1","6A2",51.854970,-0.204093,"E37000048","","E23000027",32617,"E56000035","E54000025","E00121691","E01023965","E02004980"
"AL6 9UZ","AL6  9UZ","AL6 9UZ","199002","199501","E10000015","E58000646","E07000099","E05015758","E04004773","1","522400","0217200","8","E18000006","E40000007","E92000001","E12000006","5","E14001516","E15000006","E24000005","E30000272","E16000150","E07000099","26UFGG","E00119837","26UFGG","E65000001","E01023595","E02004923","5","3A1","E00119837","E01023595","E02004923","E33027392","E38000049","","C1","1B2",51.839999,-0.224774,"E37000048","","E23000027",30588,"E56000035","E54000025","E00119837","E01023595","E02004923"
"AL6 9WA","AL6  9WA","AL6 9WA","200112","200311","E10000015","E58000675","E07000241","E05011073","E04004822","1","523787","0218872","5","E18000006","E40000007","E92000001","E12000006","5","E14001573","E15000006","E24000005","E30000272","E16000150","E07000241","26ULHA","E00121691","26ULHA","E65000001","E01023965","E02004980","5","4B3","E00121691","E01023965","E02004980","E33027625","E38000049","E63011372","C1","6A2",51.854719,-0.204054,"E37000048","","E23000027",32617,"E56000035","E54000025","E00121691","E01023965","E02004980"
"AL6 9WB","AL6  9WB","AL6 9WB","200112","200302","E10000015","E58000675","E07000241","E05011073","E04004822","1","523787","0218872","5","E18000006","E40000007","E92000001","E12000006","5","E14001573","E15000006","E24000005","E30000272","E16000150","E07000241","26ULHA","E00121691","26ULHA","E65000001","E01023965","E02004980","5","4B3","E00121691","E01023965","E02004980","E33027625","E38000049","E63011372","C1","6A2",51.854719,-0.204054,"E37000048","","E23000027",32617,"E56000035","E54000025","E00121691","E01023965","E02004980"
"AL6 9WD","AL6  9WD","AL6 9WD","200206","200207","E10000015","E58000675","E07000241","E05011073","E04004822","1","523787","0218872","5","E18000006","E40000007","E92000001","E12000006","5","E14001573","E15000006","E24000005","E30000272","E16000150","E07000241","26ULHA","E00121691","26ULHA","E65000001","E01023965","E02004980","5","4B3","E00121691","E01023965","E02004980","E33027625","E38000049","E63011372","C1","6A2",51.854719,-0.204054,"E37000048","","E23000027",32617,"E56000035","E54000025","E00121691","E01023965","E02004980"
"AL6 9WG","AL6  9WG","AL6 9WG","200206","200610","E10000015","E58000675","E07000241","E05011073","E04004822","1","523787","0218872","5","E18000006","E40000007","E92000001","E12000006","5","E14001573","E15000006","E24000005","E30000272","E16000150","E07000241","26ULHA","E00121691","26ULHA","E65000001","E01023965","E02004980","5","4B3","E00121691","E01023965","E02004980","E33027625","E38000049","E63011372","C1","6A2",51.854719,-0.204054,"E37000048","","E23000027",32617,"E56000035","E54000025","E00121691","E01023965","E02004980"
"AL6 9WJ","AL6  9WJ","AL6 9WJ","200209","200711","E10000015","E58000623","E07000241","E05011069","E43000083","1","524487","0213299","1","E18000006","E40000007","E92000001","E12000006","5","E14001573","E15000006","E24000005","E30000272","E16000150","E07000241","26ULGX","E00121637","26ULGX","E65000001","E01023954","E02004986","5","5B2","E00121637","E01023954","E02004986","E33024496","E38000049","E63011463","C1","7A3",51.804482,-0.195898,"E37000048","","E23000027",7164,"E56000035","E54000025","E00190264","E01035604","E02004986"
"AL6 9WQ","AL6  9WQ","AL6 9WQ","200309","200806","E10000015","E58000623","E07000241","E05011069","E43000083","1","524487","0213299","1","E18000006","E40000007","E92000001","E12000006","5","E14001573","E15000006","E24000005","E30000272","E16000150","E07000241","26ULGX","E00121637","26ULGX","E65000001","E01023954","E02004986","5","5B2","E00121637","E01023954","E02004986","E33024496","E38000049","E63011463","C1","7A3",51.804482,-0.195898,"E37000048","","E23000027",7164,"E56000035","E54000025","E00190264","E01035604","E02004986"
"AL6 9XA","AL6  9XA","AL6 9XA","199501","201510","E10000015","E58000675","E07000241","E05011073","E04004822","0","523484","0216558","1","E18000006","E40000007","E92000001","E12000006","5","E14001573","E15000006","E24000005","E30000272","E16000150","E07000241","26ULHB","E00121712","26ULHB","E65000001","E01023968","E02004981","5","4D2","E00121712","E01023968","E02004981","E33027631","E38000049","E63011412","C1","6A4",51.833992,-0.209277,"E37000048","","E23000027",27444,"E56000035","E54000025","E00121712","E01023968","E02004981"
"AL6 9XB","AL6  9XB","AL6 9XB","198001","201005","E10000015","E58000675","E07000241","E05011073","E04004822","0","523484","0216558","1","E18000006","E40000007","E92000001","E12000006","5","E14001573","E15000006","E24000005","E30000272","E16000150","E07000241","26ULHB","E00121712","26ULHB","E65000001","E01023968","E02004981","5","4D2","E00121712","E01023968","E02004981","E33027631","E38000049","E63011412","C1","6A4",51.833992,-0.209277,"E37000048","","E23000027",27444,"E56000035","E54000025","E00121712","E01023968","E02004981"
"AL6 9XJ","AL6  9XJ","AL6 9XJ","200308","200812","E10000015","E58000623","E07000241","E05011069","E43000083","1","524487","0213299","1","E18000006","E40000007","E92000001","E12000006","5","E14001573","E15000006","E24000005","E30000272","E16000150","E07000241","26ULGX","E00121637","26ULGX","E65000001","E01023954","E02004986","5","5B2","E00121637","E01023954","E02004986","E33024496","E38000049","E63011463","C1","7A3",51.804482,-0.195898,"E37000048","","E23000027",7164,"E56000035","E54000025","E00190264","E01035604","E02004986"
"AL6 9XL","AL6  9XL","AL6 9XL","200405","201008","E10000015","E58000623","E07000241","E05011069","E43000083","1","524487","0213299","1","E18000006","E40000007","E92000001","E12000006","5","E14001573","E15000006","E24000005","E30000272","E16000150","E07000241","26ULGX","E00121637","26ULGX","E65000001","E01023954","E02004986","5","5B2","E00121637","E01023954","E02004986","E33024496","E38000049","E63011463","C1","7A3",51.804482,-0.195898,"E37000048","","E23000027",7164,"E56000035","E54000025","E00190264","E01035604","E02004986"
"AL6 9XN","AL6  9XN","AL6 9XN","200303","200404","E10000015","E58000675","E07000241","E05011073","E04004822","1","523484","0216558","5","E18000006","E40000007","E92000001","E12000006","5","E14001573","E15000006","E24000005","E30000272","E16000150","E07000241","26ULHB","E00121712","26ULHB","E65000001","E01023968","E02004981","5","4D2","E00121712","E01023968","E02004981","E33027631","E38000049","E63011412","C1","6A4",51.833992,-0.209277,"E37000048","","E23000027",27444,"E56000035","E54000025","E00121712","E01023968","E02004981"
"AL6 9XP","AL6  9XP","AL6 9XP","200308","200609","E10000015","E58000675","E07000241","E05011073","E04004822","1","523484","0216558","5","E18000006","E40000007","E92000001","E12000006","5","E14001573","E15000006","E24000005","E30000272","E16000150","E07000241","26ULHB","E00121712","26ULHB","E65000001","E01023968","E02004981","5","4D2","E00121712","E01023968","E02004981","E33027631","E38000049","E63011412","C1","6A4",51.833992,-0.209277,"E37000048","","E23000027",27444,"E56000035","E54000025","E00121712","E01023968","E02004981"
"AL6 9XQ","AL6  9XQ","AL6 9XQ","200303","200808","E10000015","E58000623","E07000241","E05011069","E43000083","1","524487","0213299","1","E18000006","E40000007","E92000001","E12000006","5","E14001573","E15000006","E24000005","E30000272","E16000150","E07000241","26ULGX","E00121637","26ULGX","E65000001","E01023954","E02004986","5","5B2","E00121637","E01023954","E02004986","E33024496","E38000049","E63011463","C1","7A3",51.804482,-0.195898,"E37000048","","E23000027",7164,"E56000035","E54000025","E00190264","E01035604","E02004986"
"AL6 9XR","AL6  9XR","AL6 9XR","200310","200603","E10000015","E58000675","E07000241","E05011073","E04004822","1","523484","0216558","5","E18000006","E40000007","E92000001","E12000006","5","E14001573","E15000006","E24000005","E30000272","E16000150","E07000241","26ULHB","E00121712","26ULHB","E65000001","E01023968","E02004981","5","4D2","E00121712","E01023968","E02004981","E33027631","E38000049","E63011412","C1","6A4",51.833992,-0.209277,"E37000048","","E23000027",27444,"E56000035","E54000025","E00121712","E01023968","E02004981"
"AL6 9XS","AL6  9XS","AL6 9XS","200303","200311","E10000015","E58000675","E07000241","E05011073","E04004822","1","523484","0216558","5","E18000006","E40000007","E92000001","E12000006","5","E14001573","E15000006","E24000005","E30000272","E16000150","E07000241","26ULHB","E00121712","26ULHB","E65000001","E01023968","E02004981","5","4D2","E00121712","E01023968","E02004981","E33027631","E38000049","E63011412","C1","6A4",51.833992,-0.209277,"E37000048","","E23000027",27444,"E56000035","E54000025","E00121712","E01023968","E02004981"
"AL6 9XU","AL6  9XU","AL6 9XU","200403","200805","E10000015","E58000623","E07000241","E05011069","E43000083","1","524487","0213299","1","E18000006","E40000007","E92000001","E12000006","5","E14001573","E15000006","E24000005","E30000272","E16000150","E07000241","26ULGX","E00121637","26ULGX","E65000001","E01023954","E02004986","5","5B2","E00121637","E01023954","E02004986","E33024496","E38000049","E63011463","C1","7A3",51.804482,-0.195898,"E37000048","","E23000027",7164,"E56000035","E54000025","E00190264","E01035604","E02004986"
"AL6 9XW","AL6  9XW","AL6 9XW","200401","200803","E10000015","E58000623","E07000241","E05011069","E43000083","1","524487","0213299","1","E18000006","E40000007","E92000001","E12000006","5","E14001573","E15000006","E24000005","E30000272","E16000150","E07000241","26ULGX","E00121637","26ULGX","E65000001","E01023954","E02004986","5","5B2","E00121637","E01023954","E02004986","E33024496","E38000049","E63011463","C1","7A3",51.804482,-0.195898,"E37000048","","E23000027",7164,"E56000035","E54000025","E00190264","E01035604","E02004986"
"AL6 9XZ","AL6  9XZ","AL6 9XZ","200302","200808","E10000015","E58000623","E07000241","E05011069","E43000083","1","524487","0213299","1","E18000006","E40000007","E92000001","E12000006","5","E14001573","E15000006","E24000005","E30000272","E16000150","E07000241","26ULGX","E00121637","26ULGX","E65000001","E01023954","E02004986","5","5B2","E00121637","E01023954","E02004986","E33024496","E38000049","E63011463","C1","7A3",51.804482,-0.195898,"E37000048","","E23000027",7164,"E56000035","E54000025","E00190264","E01035604","E02004986"
"AL6 9ZF","AL6  9ZF","AL6 9ZF","200012","200311","E10000015","E58000623","E07000241","E05011069","E43000083","1","524487","0213299","1","E18000006","E40000007","E92000001","E12000006","5","E14001573","E15000006","E24000005","E30000272","E16000150","E07000241","26ULGX","E00121637","26ULGX","E65000001","E01023954","E02004986","5","5B2","E00121637","E01023954","E02004986","E33024496","E38000049","E63011463","C1","7A3",51.804482,-0.195898,"E37000048","","E23000027",7164,"E56000035","E54000025","E00190264","E01035604","E02004986"
"AL6 9ZG","AL6  9ZG","AL6 9ZG","199812","199912","E10000015","E58000675","E07000241","E05011073","E04004822","1","522940","0216362","6","E18000006","E40000007","E92000001","E12000006","5","E14001573","E15000006","E24000005","E30000272","E16000150","E07000241","26ULHB","E00121713","26ULHB","E65000001","E01023968","E02004981","5","4B4","E00121713","E01023968","E02004981","E33027631","E38000049","E63011412","C1","6A4",51.832350,-0.217237,"E37000048","","E23000027",27444,"E56000035","E54000025","E00121713","E01023968","E02004981"
"AL6 9ZH","AL6  9ZH","AL6 9ZH","199812","200009","E10000015","E58000675","E07000241","E05011073","E04004822","1","522940","0216362","6","E18000006","E40000007","E92000001","E12000006","5","E14001573","E15000006","E24000005","E30000272","E16000150","E07000241","26ULHB","E00121713","26ULHB","E65000001","E01023968","E02004981","5","4B4","E00121713","E01023968","E02004981","E33027631","E38000049","E63011412","C1","6A4",51.832350,-0.217237,"E37000048","","E23000027",27444,"E56000035","E54000025","E00121713","E01023968","E02004981"
"AL6 9ZJ","AL6  9ZJ","AL6 9ZJ","200006","200302","E10000015","E58000623","E07000241","E05011069","E43000083","1","524487","0213299","1","E18000006","E40000007","E92000001","E12000006","5","E14001573","E15000006","E24000005","E30000272","E16000150","E07000241","26ULGX","E00121637","26ULGX","E65000001","E01023954","E02004986","5","5B2","E00121637","E01023954","E02004986","E33024496","E38000049","E63011463","C1","7A3",51.804482,-0.195898,"E37000048","","E23000027",7164,"E56000035","E54000025","E00190264","E01035604","E02004986"
"AL6 9ZL","AL6  9ZL","AL6 9ZL","199912","200602","E10000015","E58000623","E07000241","E05011069","E43000083","1","524487","0213299","1","E18000006","E40000007","E92000001","E12000006","5","E14001573","E15000006","E24000005","E30000272","E16000150","E07000241","26ULGX","E00121637","26ULGX","E65000001","E01023954","E02004986","5","5B2","E00121637","E01023954","E02004986","E33024496","E38000049","E63011463","C1","7A3",51.804482,-0.195898,"E37000048","","E23000027",7164,"E56000035","E54000025","E00190264","E01035604","E02004986"
"AL6 9ZN","AL6  9ZN","AL6 9ZN","199912","200105","E10000015","E58000675","E07000241","E05011073","E04004822","1","522940","0216362","6","E18000006","E40000007","E92000001","E12000006","5","E14001573","E15000006","E24000005","E30000272","E16000150","E07000241","26ULHB","E00121713","26ULHB","E65000001","E01023968","E02004981","5","4B4","E00121713","E01023968","E02004981","E33027631","E38000049","E63011412","C1","6A4",51.832350,-0.217237,"E37000048","","E23000027",27444,"E56000035","E54000025","E00121713","E01023968","E02004981"
"AL6 9ZP","AL6  9ZP","AL6 9ZP","200006","200104","E10000015","E58000675","E07000241","E05011073","E04004822","1","522940","0216362","6","E18000006","E40000007","E92000001","E12000006","5","E14001573","E15000006","E24000005","E30000272","E16000150","E07000241","26ULHB","E00121713","26ULHB","E65000001","E01023968","E02004981","5","4B4","E00121713","E01023968","E02004981","E33027631","E38000049","E63011412","C1","6A4",51.832350,-0.217237,"E37000048","","E23000027",27444,"E56000035","E54000025","E00121713","E01023968","E02004981"
"AL6 9ZQ","AL6  9ZQ","AL6 9ZQ","200303","200809","E10000015","E58000623","E07000241","E05011069","E43000083","1","524487","0213299","1","E18000006","E40000007","E92000001","E12000006","5","E14001573","E15000006","E24000005","E30000272","E16000150","E07000241","26ULGX","E00121637","26ULGX","E65000001","E01023954","E02004986","5","5B2","E00121637","E01023954","E02004986","E33024496","E38000049","E63011463","C1","7A3",51.804482,-0.195898,"E37000048","","E23000027",7164,"E56000035","E54000025","E00190264","E01035604","E02004986"
"AL6 9ZR","AL6  9ZR","AL6 9ZR","200012","200604","E10000015","E58000623","E07000241","E05011069","E43000083","1","524487","0213299","1","E18000006","E40000007","E92000001","E12000006","5","E14001573","E15000006","E24000005","E30000272","E16000150","E07000241","26ULGX","E00121637","26ULGX","E65000001","E01023954","E02004986","5","5B2","E00121637","E01023954","E02004986","E33024496","E38000049","E63011463","C1","7A3",51.804482,-0.195898,"E37000048","","E23000027",7164,"E56000035","E54000025","E00190264","E01035604","E02004986"
"AL6 9ZS","AL6  9ZS","AL6 9ZS","200012","200602","E10000015","E58000623","E07000241","E05011069","E43000083","1","524487","0213299","1","E18000006","E40000007","E92000001","E12000006","5","E14001573","E15000006","E24000005","E30000272","E16000150","E07000241","26ULGX","E00121637","26ULGX","E65000001","E01023954","E02004986","5","5B2","E00121637","E01023954","E02004986","E33024496","E38000049","E63011463","C1","7A3",51.804482,-0.195898,"E37000048","","E23000027",7164,"E56000035","E54000025","E00190264","E01035604","E02004986"
"AL6 9ZT","AL6  9ZT","AL6 9ZT","200012","201208","E10000015","E58000623","E07000241","E05011069","E43000083","1","524487","0213299","1","E18000006","E40000007","E92000001","E12000006","5","E14001573","E15000006","E24000005","E30000272","E16000150","E07000241","26ULGX","E00121637","26ULGX","E65000001","E01023954","E02004986","5","5B2","E00121637","E01023954","E02004986","E33024496","E38000049","E63011463","C1","7A3",51.804482,-0.195898,"E37000048","","E23000027",7164,"E56000035","E54000025","E00190264","E01035604","E02004986"
"AL6 9ZU","AL6  9ZU","AL6 9ZU","200006","200107","E10000015","E58000675","E07000241","E05011073","E04004822","1","522940","0216362","6","E18000006","E40000007","E92000001","E12000006","5","E14001573","E15000006","E24000005","E30000272","E16000150","E07000241","26ULHB","E00121713","26ULHB","E65000001","E01023968","E02004981","5","4B4","E00121713","E01023968","E02004981","E33027631","E38000049","E63011412","C1","6A4",51.832350,-0.217237,"E37000048","","E23000027",27444,"E56000035","E54000025","E00121713","E01023968","E02004981"
"AL6 9ZW","AL6  9ZW","AL6 9ZW","200006","200806","E10000015","E58000623","E07000241","E05011069","E43000083","1","524487","0213299","1","E18000006","E40000007","E92000001","E12000006","5","E14001573","E15000006","E24000005","E30000272","E16000150","E07000241","26ULGX","E00121637","26ULGX","E65000001","E01023954","E02004986","5","5B2","E00121637","E01023954","E02004986","E33024496","E38000049","E63011463","C1","7A3",51.804482,-0.195898,"E37000048","","E23000027",7164,"E56000035","E54000025","E00190264","E01035604","E02004986"
"AL6 9ZX","AL6  9ZX","AL6 9ZX","200006","200302","E10000015","E58000623","E07000241","E05011069","E43000083","1","524487","0213299","1","E18000006","E40000007","E92000001","E12000006","5","E14001573","E15000006","E24000005","E30000272","E16000150","E07000241","26ULGX","E00121637","26ULGX","E65000001","E01023954","E02004986","5","5B2","E00121637","E01023954","E02004986","E33024496","E38000049","E63011463","C1","7A3",51.804482,-0.195898,"E37000048","","E23000027",7164,"E56000035","E54000025","E00190264","E01035604","E02004986"
"AL6 9ZY","AL6  9ZY","AL6 9ZY","200006","200103","E10000015","E58000675","E07000241","E05011073","E04004822","1","522940","0216362","6","E18000006","E40000007","E92000001","E12000006","5","E14001573","E15000006","E24000005","E30000272","E16000150","E07000241","26ULHB","E00121713","26ULHB","E65000001","E01023968","E02004981","5","4B4","E00121713","E01023968","E02004981","E33027631","E38000049","E63011412","C1","6A4",51.832350,-0.217237,"E37000048","","E23000027",27444,"E56000035","E54000025","E00121713","E01023968","E02004981"
"AL7 1AA","AL7  1AA","AL7 1AA","198001","","E10000015","E58000623","E07000241","E05011069","E43000083","1","524487","0213299","1","E18000006","E40000007","E92000001","E12000006","5","E14001573","E15000006","E24000005","E30000272","E16000150","E07000241","26ULGX","E00121637","26ULGX","E65000001","E01023954","E02004986","5","5B2","E00121637","E01023954","E02004986","E33024496","E38000049","E63011463","C1","7A3",51.804482,-0.195898,"E37000048","","E23000027",7164,"E56000035","E54000025","E00190264","E01035604","E02004986"
"AL7 1AB","AL7  1AB","AL7 1AB","202107","","E10000015","E58000623","E07000241","E05011069","E43000083","1","524487","0213299","1","E18000006","E40000007","E92000001","E12000006","5","E14001573","E15000006","E24000005","E30000272","E16000150","E07000241","26ULGX","E00121637","26ULGX","E65000001","E01023954","E02004986","5","5B2","E00121637","E01023954","E02004986","E33024496","E38000049","E63011463","C1","7A3",51.804489,-0.195874,"E37000048","","E23000027",7164,"E56000035","E54000025","E00190264","E01035604","E02004986"
"AL7 1AD","AL7  1AD","AL7 1AD","199812","","E10000015","E58000622","E07000241","E05011059","E43000083","0","524819","0213167","1","E18000006","E40000007","E92000001","E12000006","5","E14001573","E15000006","E24000005","E30000272","E16000150","E07000241","26ULGK","E00121425","26ULGK","E65000001","E01023912","E02004983","5","6C1","E00121425","E01023912","E02004983","E33024472","E38000049","E63011463","C1","7A2",51.803222,-0.191133,"E37000048","","E23000027",27552,"E56000035","E54000025","E00121425","E01023912","E02004983"
"AL7 1AE","AL7  1AE","AL7 1AE","198803","200402","E10000015","E58000623","E07000241","E05011069","E43000083","1","524487","0213299","1","E18000006","E40000007","E92000001","E12000006","5","E14001573","E15000006","E24000005","E30000272","E16000150","E07000241","26ULGX","E00121637","26ULGX","E65000001","E01023954","E02004986","5","5B2","E00121637","E01023954","E02004986","E33024496","E38000049","E63011463","C1","7A3",51.804482,-0.195898,"E37000048","","E23000027",7164,"E56000035","E54000025","E00190264","E01035604","E02004986"
"AL7 1AF","AL7  1AF","AL7 1AF","198001","199507","E10000015","E58000623","E07000241","E05011069","E43000083","1","524700","0213000","8","E18000006","E40000007","E92000001","E12000006","5","E14001573","E15000006","E24000005","E30000272","E16000150","E07000241","26ULGX","E00121637","26ULGX","E65000001","E01023954","E02004986","5","5B2","E00121637","E01023954","E02004986","E33024500","E38000049","E63011463","C1","7A3",51.801748,-0.192918,"E37000048","","E23000027",7164,"E56000035","E54000025","E00190264","E01035604","E02004986"
"AL7 1AG","AL7  1AG","AL7 1AG","198001","200506","E10000015","E58000623","E07000241","E05011069","E43000083","1","524600","0213200","5","E18000006","E40000007","E92000001","E12000006","5","E14001573","E15000006","E24000005","E30000272","E16000150","E07000241","26ULGX","E00121637","26ULGX","E65000001","E01023954","E02004986","5","5B2","E00121637","E01023954","E02004986","E33024499","E38000049","E63011463","C1","7A3",51.803567,-0.194296,"E37000048","","E23000027",7164,"E56000035","E54000025","E00190264","E01035604","E02004986"
"AL7 1AH","AL7  1AH","AL7 1AH","201711","","E10000015","E58000623","E07000241","E05011069","E43000083","0","524621","0213342","1","E18000006","E40000007","E92000001","E12000006","5","E14001573","E15000006","E24000005","E30000272","E16000150","E07000241","26ULGX","E00121637","26ULGX","E65000001","E01023954","E02004986","5","5B2","E00121637","E01023954","E02004986","E33024499","E38000049","E63011463","C1","7A3",51.804845,-0.193916,"E37000048","","E23000027",7164,"E56000035","E54000025","E00190264","E01035604","E02004986"
"AL7 1AJ","AL7  1AJ","AL7 1AJ","199912","","E10000015","E58000622","E07000241","E05011059","E43000083","0","525024","0213315","1","E18000006","E40000007","E92000001","E12000006","5","E14001573","E15000006","E24000005","E30000272","E16000150","E07000241","26ULGK","E00121425","26ULGK","E65000001","E01023912","E02004983","5","6C1","E00121425","E01023912","E02004983","E33024471","E38000049","E63011463","C1","7A2",51.804513,-0.188084,"E37000048","","E23000027",27552,"E56000035","E54000025","E00121425","E01023912","E02004983"
"AL7 1AL","AL7  1AL","AL7 1AL","199002","200112","E10000015","E58000623","E07000241","E05011069","E43000083","1","524487","0213299","1","E18000006","E40000007","E92000001","E12000006","5","E14001573","E15000006","E24000005","E30000272","E16000150","E07000241","26ULGX","E00121637","26ULGX","E65000001","E01023954","E02004986","5","5B2","E00121637","E01023954","E02004986","E33024496","E38000049","E63011463","C1","7A3",51.804482,-0.195898,"E37000048","","E23000027",7164,"E56000035","E54000025","E00190264","E01035604","E02004986"
"AL7 1AN","AL7  1AN","AL7 1AN","198001","","E10000015","E58000622","E07000241","E05011059","E43000083","0","524948","0213239","1","E18000006","E40000007","E92000001","E12000006","5","E14001573","E15000006","E24000005","E30000272","E16000150","E07000241","26ULGK","E00121425","26ULGK","E65000001","E01023912","E02004983","5","6C1","E00121425","E01023912","E02004983","E33024470","E38000049","E63011463","C1","7A2",51.804094,-0.188913,"E37000048","","E23000027",27552,"E56000035","E54000025","E00121425","E01023912","E02004983"
"AL7 1AP","AL7  1AP","AL7 1AP","199912","","E10000015","E58000622","E07000241","E05011059","E43000083","1","525184","0212930","1","E18000006","E40000007","E92000001","E12000006","5","E14001573","E15000006","E24000005","E30000272","E16000150","E07000241","26ULGK","E00121425","26ULGK","E65000001","E01023912","E02004983","5","6C1","E00121425","E01023912","E02004983","E33024474","E38000049","E63011463","C1","7A2",51.801011,-0.185928,"E37000048","","E23000027",27552,"E56000035","E54000025","E00121425","E01023912","E02004983"
"AL7 1AQ","AL7  1AQ","AL7 1AQ","198001","199501","E10000015","E58000623","E07000241","E05011069","E43000083","1","524600","0213200","8","E18000006","E40000007","E92000001","E12000006","5","E14001573","E15000006","E24000005","E30000272","E16000150","E07000241","26ULGX","E00121637","26ULGX","E65000001","E01023954","E02004986","5","5B2","E00121637","E01023954","E02004986","E33024499","E38000049","E63011463","C1","7A3",51.803567,-0.194296,"E37000048","","E23000027",7164,"E56000035","E54000025","E00190264","E01035604","E02004986"
"AL7 1AR","AL7  1AR","AL7 1AR","198604","199412","E10000015","E58000622","E07000241","E05011059","E43000083","1","524800","0213200","8","E18000006","E40000007","E92000001","E12000006","5","E14001573","E15000006","E24000005","E30000272","E16000150","E07000241","26ULGK","E00121425","26ULGK","E65000001","E01023912","E02004983","5","6C1","E00121425","E01023912","E02004983","E33024472","E38000049","E63011463","C1","7A2",51.803523,-0.191397,"E37000048","","E23000027",27552,"E56000035","E54000025","E00121425","E01023912","E02004983"
"AL7 1AS","AL7  1AS","AL7 1AS","199501","202308","E10000015","E58000623","E07000241","E05011069","E43000083","1","524607","0213319","1","E18000006","E40000007","E92000001","E12000006","5","E14001573","E15000006","E24000005","E30000272","E16000150","E07000241","26ULGX","E00121637","26ULGX","E65000001","E01023954","E02004986","5","5B2","E00121637","E01023954","E02004986","E33024499","E38000049","E63011463","C1","7A3",51.804635,-0.194152,"E37000048","","E23000027",7164,"E56000035","E54000025","E00190264","E01035604","E02004986"
"AL7 1AT","AL7  1AT","AL7 1AT","199612","200809","E10000015","E58000622","E07000241","E05011059","E43000083","1","525055","0213031","1","E18000006","E40000007","E92000001","E12000006","5","E14001573","E15000006","E24000005","E30000272","E16000150","E07000241","26ULGK","E00121425","26ULGK","E65000001","E01023912","E02004983","5","6C1","E00121425","E01023912","E02004983","E33024474","E38000049","E63011463","C1","7A2",51.801947,-0.187761,"E37000048","","E23000027",27552,"E56000035","E54000025","E00121425","E01023912","E02004983"
"AL7 1AU","AL7  1AU","AL7 1AU","198001","","E10000015","E58000623","E07000241","E05011069","E43000083","0","524732","0213153","1","E18000006","E40000007","E92000001","E12000006","5","E14001573","E15000006","E24000005","E30000272","E16000150","E07000241","26ULGX","E00121637","26ULGX","E65000001","E01023954","E02004986","5","5B2","E00121637","E01023954","E02004986","E33024500","E38000049","E63011463","C1","7A3",51.803116,-0.192399,"E37000048","","E23000027",7164,"E56000035","E54000025","E00190264","E01035604","E02004986"
"AL7 1AW","AL7  1AW","AL7 1AW","199512","200402","E10000015","E58000623","E07000241","E05011069","E43000083","1","524487","0213299","1","E18000006","E40000007","E92000001","E12000006","5","E14001573","E15000006","E24000005","E30000272","E16000150","E07000241","26ULGX","E00121637","26ULGX","E65000001","E01023954","E02004986","5","5B2","E00121637","E01023954","E02004986","E33024496","E38000049","E63011463","C1","7A3",51.804482,-0.195898,"E37000048","","E23000027",7164,"E56000035","E54000025","E00190264","E01035604","E02004986"
"AL7 1AX","AL7  1AX","AL7 1AX","198001","","E10000015","E58000622","E07000241","E05011059","E43000083","1","524855","0213266","1","E18000006","E40000007","E92000001","E12000006","5","E14001573","E15000006","E24000005","E30000272","E16000150","E07000241","26ULGK","E00121425","26ULGK","E65000001","E01023912","E02004983","5","6C1","E00121425","E01023912","E02004983","E33024472","E38000049","E63011463","C1","7A2",51.804104,-0.190576,"E37000048","","E23000027",27552,"E56000035","E54000025","E00121425","E01023912","E02004983"
"AL7 1AY","AL7  1AY","AL7 1AY","199208","","E10000015","E58000622","E07000241","E05011059","E43000083","0","524753","0213283","1","E18000006","E40000007","E92000001","E12000006","5","E14001573","E15000006","E24000005","E30000272","E16000150","E07000241","26ULGK","E00121425","26ULGK","E65000001","E01023912","E02004983","5","6C1","E00121425","E01023912","E02004983","E33024472","E38000049","E63011463","C1","7A2",51.804286,-0.192024,"E37000048","","E23000027",27552,"E56000035","E54000025","E00121425","E01023912","E02004983"
"AL7 1AZ","AL7  1AZ","AL7 1AZ","198001","200006","E10000015","E58000622","E07000241","E05011059","E43000083","1","524938","0213317","1","E18000006","E40000007","E92000001","E12000006","5","E14001573","E15000006","E24000005","E30000272","E16000150","E07000241","26ULGK","E00121425","26ULGK","E65000001","E01023912","E02004983","5","6C1","E00121425","E01023912","E02004983","E33024470","E38000049","E63011463","C1","7A2",51.804543,-0.189354,"E37000048","","E23000027",27552,"E56000035","E54000025","E00121425","E01023912","E02004983"
"AL7 1BA","AL7  1BA","AL7 1BA","198001","","E10000015","E58000622","E07000241","E05011059","E43000083","0","524953","0213332","1","E18000006","E40000007","E92000001","E12000006","5","E14001573","E15000006","E24000005","E30000272","E16000150","E07000241","26ULGK","E00121425","26ULGK","E65000001","E01023912","E02004983","5","6C1","E00121425","E01023912","E02004983","E33024470","E38000049","E63011463","C1","7A2",51.804675,-0.189131,"E37000048","","E23000027",27552,"E56000035","E54000025","E00121425","E01023912","E02004983"
"AL7 1BB","AL7  1BB","AL7 1BB","199706","199912","E10000015","E58000622","E07000241","E05011059","E43000083","1","524994","0213918","6","E18000006","E40000007","E92000001","E12000006","5","E14001573","E15000006","E24000005","E30000272","E16000150","E07000241","26ULGK","E00121421","26ULGK","E65000001","E01023912","E02004983","5","1C3","E00121421","E01023912","E02004983","E33024469","E38000049","E63011463","C1","8B2",51.809932,-0.188326,"E37000048","","E23000027",27552,"E56000035","E54000025","E00121421","E01023912","E02004983"
"AL7 1BD","AL7  1BD","AL7 1BD","198001","","E10000015","E58000623","E07000241","E05011069","E43000083","0","524626","0213215","1","E18000006","E40000007","E92000001","E12000006","5","E14001573","E15000006","E24000005","E30000272","E16000150","E07000241","26ULGX","E00121637","26ULGX","E65000001","E01023954","E02004986","5","5B2","E00121637","E01023954","E02004986","E33024499","E38000049","E63011463","C1","7A3",51.803696,-0.193914,"E37000048","","E23000027",7164,"E56000035","E54000025","E00190264","E01035604","E02004986"
"AL7 1BE","AL7  1BE","AL7 1BE","198607","200608","E10000015","E58000622","E07000241","E05011059","E43000083","1","524782","0213243","1","E18000006","E40000007","E92000001","E12000006","5","E14001573","E15000006","E24000005","E30000272","E16000150","E07000241","26ULGK","E00121425","26ULGK","E65000001","E01023912","E02004983","5","6C1","E00121425","E01023912","E02004983","E33024472","E38000049","E63011463","C1","7A2",51.803913,-0.191642,"E37000048","","E23000027",27552,"E56000035","E54000025","E00121425","E01023912","E02004983"
"AL7 1BF","AL7  1BF","AL7 1BF","200001","200009","E10000015","E58000622","E07000241","E05011059","E43000083","1","524994","0213918","6","E18000006","E40000007","E92000001","E12000006","5","E14001573","E15000006","E24000005","E30000272","E16000150","E07000241","26ULGK","E00121421","26ULGK","E65000001","E01023912","E02004983","5","1C3","E00121421","E01023912","E02004983","E33024469","E38000049","E63011463","C1","8B2",51.809932,-0.188326,"E37000048","","E23000027",27552,"E56000035","E54000025","E00121421","E01023912","E02004983"
"AL7 1BG","AL7  1BG","AL7 1BG","198704","200102","E10000015","E58000623","E07000241","E05011069","E43000083","0","524932","0212676","1","E18000006","E40000007","E92000001","E12000006","5","E14001573","E15000006","E24000005","E30000272","E16000150","E07000241","26ULGX","E00121635","26ULGX","E65000001","E01023958","E02004986","5","1A3","E00121635","E01023958","E02004986","E33024495","E38000049","E63011463","C1","4A1",51.798784,-0.189672,"E37000048","","E23000027",7219,"E56000035","E54000025","E00121635","E01023958","E02004986"
"AL7 1BH","AL7  1BH","AL7 1BH","198510","","E10000015","E58000623","E07000241","E05011069","E43000083","0","524497","0213005","1","E18000006","E40000007","E92000001","E12000006","5","E14001573","E15000006","E24000005","E30000272","E16000150","E07000241","26ULGX","E00121637","26ULGX","E65000001","E01023954","E02004986","5","5B2","E00121637","E01023954","E02004986","E33024499","E38000049","E63011463","C1","7A3",51.801844,-0.195834,"E37000048","","E23000027",7164,"E56000035","E54000025","E00190264","E01035604","E02004986"
"AL7 1BJ","AL7  1BJ","AL7 1BJ","199002","","E10000015","E58000622","E07000241","E05011059","E43000083","0","524837","0213316","1","E18000006","E40000007","E92000001","E12000006","5","E14001573","E15000006","E24000005","E30000272","E16000150","E07000241","26ULGK","E00121425","26ULGK","E65000001","E01023912","E02004983","5","6C1","E00121425","E01023912","E02004983","E33024473","E38000049","E63011463","C1","7A2",51.804563,-0.190794,"E37000048","","E23000027",27552,"E56000035","E54000025","E00121425","E01023912","E02004983"
"AL7 1BL","AL7  1BL","AL7 1BL","199002","201008","E10000015","E58000623","E07000241","E05011069","E43000083","1","524383","0213451","1","E18000006","E40000007","E92000001","E12000006","5","E14001573","E15000006","E24000005","E30000272","E16000150","E07000241","26ULGX","E00121637","26ULGX","E65000001","E01023954","E02004986","5","5B2","E00121637","E01023954","E02004986","E33024501","E38000049","E63011463","C1","7A3",51.805871,-0.197351,"E37000048","","E23000027",7164,"E56000035","E54000025","E00190345","E01035604","E02004986"
"AL7 1BN","AL7  1BN","AL7 1BN","198301","199501","E10000015","E58000623","E07000241","E05011069","E43000083","1","524600","0213100","8","E18000006","E40000007","E92000001","E12000006","5","E14001573","E15000006","E24000005","E30000272","E16000150","E07000241","26ULGX","E00121637","26ULGX","E65000001","E01023954","E02004986","5","5B2","E00121637","E01023954","E02004986","E33024497","E38000049","E63011463","C1","7A3",51.802669,-0.194332,"E37000048","","E23000027",7164,"E56000035","E54000025","E00190264","E01035604","E02004986"
"AL7 1BP","AL7  1BP","AL7 1BP","199002","200505","E10000015","E58000623","E07000241","E05011069","E43000083","1","524624","0213100","1","E18000006","E40000007","E92000001","E12000006","5","E14001573","E15000006","E24000005","E30000272","E16000150","E07000241","26ULGX","E00121637","26ULGX","E65000001","E01023954","E02004986","5","5B2","E00121637","E01023954","E02004986","E33024497","E38000049","E63011463","C1","7A3",51.802663,-0.193984,"E37000048","","E23000027",7164,"E56000035","E54000025","E00190264","E01035604","E02004986"
"AL7 1BQ","AL7  1BQ","AL7 1BQ","198001","","E10000015","E58000622","E07000241","E05011059","E43000083","1","525111","0212985","1","E18000006","E40000007","E92000001","E12000006","5","E14001573","E15000006","E24000005","E30000272","E16000150","E07000241","26ULGK","E00121425","26ULGK","E65000001","E01023912","E02004983","5","6C1","E00121425","E01023912","E02004983","E33024474","E38000049","E63011463","C1","7A2",51.801528,-0.186941,"E37000048","","E23000027",27552,"E56000035","E54000025","E00121425","E01023912","E02004983"
"AL7 1BS","AL7  1BS","AL7 1BS","199612","202406","E10000015","E58000623","E07000241","E05011069","E43000083","1","524586","0212834","1","E18000006","E40000007","E92000001","E12000006","5","E14001573","E15000006","E24000005","E30000272","E16000150","E07000241","26ULGX","E00121637","26ULGX","E65000001","E01023954","E02004986","5","5B2","E00121637","E01023954","E02004986","E33024503","E38000049","E63011463","C1","7A3",51.800281,-0.194630,"E37000048","","E23000027",7164,"E56000035","E54000025","E00190264","E01035604","E02004986"
"AL7 1BT","AL7  1BT","AL7 1BT","199007","199812","E10000015","E58000622","E07000241","E05011059","E43000083","1","524994","0213918","6","E18000006","E40000007","E92000001","E12000006","5","E14001573","E15000006","E24000005","E30000272","E16000150","E07000241","26ULGK","E00121421","26ULGK","E65000001","E01023912","E02004983","5","1C3","E00121421","E01023912","E02004983","E33024469","E38000049","E63011463","C1","8B2",51.809932,-0.188326,"E37000048","","E23000027",27552,"E56000035","E54000025","E00121421","E01023912","E02004983"
"AL7 1BU","AL7  1BU","AL7 1BU","199501","201811","E10000015","E58000623","E07000241","E05011069","E43000083","1","524487","0213299","1","E18000006","E40000007","E92000001","E12000006","5","E14001573","E15000006","E24000005","E30000272","E16000150","E07000241","26ULGX","E00121637","26ULGX","E65000001","E01023954","E02004986","5","5B2","E00121637","E01023954","E02004986","E33024496","E38000049","E63011463","C1","7A3",51.804482,-0.195898,"E37000048","","E23000027",7164,"E56000035","E54000025","E00190264","E01035604","E02004986"
"AL7 1BW","AL7  1BW","AL7 1BW","199002","","E10000015","E58000623","E07000241","E05011069","E43000083","0","524614","0213051","1","E18000006","E40000007","E92000001","E12000006","5","E14001573","E15000006","E24000005","E30000272","E16000150","E07000241","26ULGX","E00121637","26ULGX","E65000001","E01023954","E02004986","5","5B2","E00121637","E01023954","E02004986","E33024497","E38000049","E63011463","C1","7A3",51.802232,-0.194122,"E37000048","","E23000027",7164,"E56000035","E54000025","E00190264","E01035604","E02004986"
"AL7 1BX","AL7  1BX","AL7 1BX","198504","","E10000015","E58000622","E07000241","E05011072","E43000083","0","524834","0214590","1","E18000006","E40000007","E92000001","E12000006","5","E14001573","E15000006","E24000005","E30000272","E16000150","E07000241","26ULGK","E00121431","26ULGK","E65000001","E01023915","E02004983","5","6B2","E00121431","E01023915","E02004983","E33027636","E38000049","E63011463","C1","5A3",51.816006,-0.190404,"E37000048","","E23000027",18997,"E56000035","E54000025","E00121431","E01023915","E02004983"
"AL7 1BY","AL7  1BY","AL7 1BY","198504","","E10000015","E58000622","E07000241","E05011072","E43000083","0","524840","0214522","1","E18000006","E40000007","E92000001","E12000006","5","E14001573","E15000006","E24000005","E30000272","E16000150","E07000241","26ULGK","E00121431","26ULGK","E65000001","E01023915","E02004983","5","6B2","E00121431","E01023915","E02004983","E33027636","E38000049","E63011463","C1","5A3",51.815401,-0.190317,"E37000048","","E23000027",18997,"E56000035","E54000025","E00121431","E01023915","E02004983"
"AL7 1BZ","AL7  1BZ","AL7 1BZ","199002","200006","E10000015","E58000622","E07000241","E05011059","E43000083","1","524982","0213869","6","E18000006","E40000007","E92000001","E12000006","5","E14001573","E15000006","E24000005","E30000272","E16000150","E07000241","26ULGK","E00121421","26ULGK","E65000001","E01023912","E02004983","5","1C3","E00121421","E01023912","E02004983","E33024469","E38000049","E63011463","C1","8B2",51.809494,-0.188518,"E37000048","","E23000027",27552,"E56000035","E54000025","E00121421","E01023912","E02004983"
"AL7 1DA","AL7  1DA","AL7 1DA","198001","","E10000015","E58000622","E07000241","E05011059","E43000083","0","524700","0214007","1","E18000006","E40000007","E92000001","E12000006","5","E14001573","E15000006","E24000005","E30000272","E16000150","E07000241","26ULGK","E00121417","26ULGK","E65000001","E01023915","E02004983","5","1A3","E00121417","E01023915","E02004983","E33024466","E38000049","E63011463","C1","8D2",51.810797,-0.192556,"E37000048","","E23000027",18997,"E56000035","E54000025","E00121417","E01023915","E02004983"
"AL7 1DB","AL7  1DB","AL7 1DB","198001","","E10000015","E58000622","E07000241","E05011059","E43000083","0","524710","0214083","1","E18000006","E40000007","E92000001","E12000006","5","E14001573","E15000006","E24000005","E30000272","E16000150","E07000241","26ULGK","E00121417","26ULGK","E65000001","E01023915","E02004983","5","1A3","E00121417","E01023915","E02004983","E33024466","E38000049","E63011463","C1","8D2",51.811485,-0.192360,"E37000048","","E23000027",18997,"E56000035","E54000025","E00121417","E01023915","E02004983"
"AL7 1DD","AL7  1DD","AL7 1DD","198001","","E10000015","E58000622","E07000241","E05011059","E43000083","0","524866","0214192","1","E18000006","E40000007","E92000001","E12000006","5","E14001573","E15000006","E24000005","E30000272","E16000150","E07000241","26ULGK","E00121418","26ULGK","E65000001","E01023914","E02004983","5","5B3","E00121418","E01023914","E02004983","E33027636","E38000049","E63011463","C1","7A3",51.812404,-0.190147,"E37000048","","E23000027",12508,"E56000035","E54000025","E00121418","E01023914","E02004983"
"AL7 1DE","AL7  1DE","AL7 1DE","198001","","E10000015","E58000622","E07000241","E05011059","E43000083","0","524846","0214176","1","E18000006","E40000007","E92000001","E12000006","5","E14001573","E15000006","E24000005","E30000272","E16000150","E07000241","26ULGK","E00121418","26ULGK","E65000001","E01023914","E02004983","5","5B3","E00121418","E01023914","E02004983","E33027636","E38000049","E63011463","C1","7A3",51.812283,-0.190379,"E37000048","","E23000027",12508,"E56000035","E54000025","E00121418","E01023914","E02004983"
"AL7 1DF","AL7  1DF","AL7 1DF","198001","202109","E10000015","E58000622","E07000241","E05011059","E43000083","1","524920","0214272","1","E18000006","E40000007","E92000001","E12000006","5","E14001573","E15000006","E24000005","E30000272","E16000150","E07000241","26ULGK","E00121418","26ULGK","E65000001","E01023914","E02004983","5","5B3","E00121418","E01023914","E02004983","E33027636","E38000049","E63011463","C1","7A3",51.813130,-0.189271,"E37000048","","E23000027",12508,"E56000035","E54000025","E00121418","E01023914","E02004983"
"AL7 1DG","AL7  1DG","AL7 1DG","198001","","E10000015","E58000622","E07000241","E05011059","E43000083","0","524952","0214325","1","E18000006","E40000007","E92000001","E12000006","5","E14001573","E15000006","E24000005","E30000272","E16000150","E07000241","26ULGK","E00121418","26ULGK","E65000001","E01023914","E02004983","5","5B3","E00121418","E01023914","E02004983","E33027636","E38000049","E63011463","C1","7A3",51.813605,-0.188764,"E37000048","","E23000027",12508,"E56000035","E54000025","E00121418","E01023914","E02004983"
"AL7 1DH","AL7  1DH","AL7 1DH","198001","","E10000015","E58000622","E07000241","E05011072","E43000083","0","524742","0214152","1","E18000006","E40000007","E92000001","E12000006","5","E14001573","E15000006","E24000005","E30000272","E16000150","E07000241","26ULGK","E00121416","26ULGK","E65000001","E01023915","E02004983","5","1C1","E00121416","E01023915","E02004983","E33027636","E38000049","E63011463","C1","8D2",51.812097,-0.191871,"E37000048","","E23000027",18997,"E56000035","E54000025","E00121416","E01023915","E02004983"
"AL7 1DJ","AL7  1DJ","AL7 1DJ","198001","","E10000015","E58000622","E07000241","E05011072","E43000083","0","524615","0214119","1","E18000006","E40000007","E92000001","E12000006","5","E14001573","E15000006","E24000005","E30000272","E16000150","E07000241","26ULGK","E00121433","26ULGK","E65000001","E01023914","E02004983","5","1C1","E00121433","E01023914","E02004983","E33027636","E38000049","E63011463","C1","8D2",51.811829,-0.193724,"E37000048","","E23000027",12508,"E56000035","E54000025","E00121433","E01023914","E02004983"
"AL7 1DL","AL7  1DL","AL7 1DL","198001","","E10000015","E58000622","E07000241","E05011072","E43000083","0","524603","0214300","1","E18000006","E40000007","E92000001","E12000006","5","E14001573","E15000006","E24000005","E30000272","E16000150","E07000241","26ULGK","E00121433","26ULGK","E65000001","E01023914","E02004983","5","1C1","E00121433","E01023914","E02004983","E33027636","E38000049","E63011463","C1","8D2",51.813458,-0.193833,"E37000048","","E23000027",12508,"E56000035","E54000025","E00121433","E01023914","E02004983"
"AL7 1DN","AL7  1DN","AL7 1DN","198001","","E10000015","E58000622","E07000241","E05011072","E43000083","0","524685","0214454","1","E18000006","E40000007","E92000001","E12000006","5","E14001573","E15000006","E24000005","E30000272","E16000150","E07000241","26ULGK","E00121433","26ULGK","E65000001","E01023914","E02004983","5","1C1","E00121433","E01023914","E02004983","E33027636","E38000049","E63011463","C1","8D2",51.814824,-0.192589,"E37000048","","E23000027",12508,"E56000035","E54000025","E00121433","E01023914","E02004983"
"AL7 1DP","AL7  1DP","AL7 1DP","198001","","E10000015","E58000622","E07000241","E05011072","E43000083","0","524766","0214621","1","E18000006","E40000007","E92000001","E12000006","5","E14001573","E15000006","E24000005","E30000272","E16000150","E07000241","26ULGK","E00121431","26ULGK","E65000001","E01023915","E02004983","5","6B2","E00121431","E01023915","E02004983","E33027636","E38000049","E63011463","C1","5A3",51.816307,-0.191354,"E37000048","","E23000027",18997,"E56000035","E54000025","E00121431","E01023915","E02004983"
"AL7 1DQ","AL7  1DQ","AL7 1DQ","198001","","E10000015","E58000622","E07000241","E05011072","E43000083","0","524879","0214313","1","E18000006","E40000007","E92000001","E12000006","5","E14001573","E15000006","E24000005","E30000272","E16000150","E07000241","26ULGK","E00121418","26ULGK","E65000001","E01023914","E02004983","5","5B3","E00121418","E01023914","E02004983","E33027636","E38000049","E63011463","C1","7A3",51.813514,-0.189827,"E37000048","","E23000027",12508,"E56000035","E54000025","E00121418","E01023914","E02004983"
"AL7 1DR","AL7  1DR","AL7 1DR","198001","","E10000015","E58000622","E07000241","E05011072","E43000083","0","524694","0214634","1","E18000006","E40000007","E92000001","E12000006","5","E14001573","E15000006","E24000005","E30000272","E16000150","E07000241","26ULGK","E00121431","26ULGK","E65000001","E01023915","E02004983","5","6B2","E00121431","E01023915","E02004983","E33027636","E38000049","E63011463","C1","5A3",51.816440,-0.192393,"E37000048","","E23000027",18997,"E56000035","E54000025","E00121431","E01023915","E02004983"
"AL7 1DS","AL7  1DS","AL7 1DS","198001","","E10000015","E58000622","E07000241","E05011072","E43000083","0","524848","0214471","1","E18000006","E40000007","E92000001","E12000006","5","E14001573","E15000006","E24000005","E30000272","E16000150","E07000241","26ULGK","E00121431","26ULGK","E65000001","E01023915","E02004983","5","6B2","E00121431","E01023915","E02004983","E33027636","E38000049","E63011463","C1","5A3",51.814941,-0.190219,"E37000048","","E23000027",18997,"E56000035","E54000025","E00121431","E01023915","E02004983"
"AL7 1DT","AL7  1DT","AL7 1DT","199606","200209","E10000015","E58000623","E07000241","E05011069","E43000083","1","524487","0213299","1","E18000006","E40000007","E92000001","E12000006","5","E14001573","E15000006","E24000005","E30000272","E16000150","E07000241","26ULGX","E00121637","26ULGX","E65000001","E01023954","E02004986","5","5B2","E00121637","E01023954","E02004986","E33024496","E38000049","E63011463","C1","7A3",51.804482,-0.195898,"E37000048","","E23000027",7164,"E56000035","E54000025","E00190264","E01035604","E02004986"
"AL7 1DU","AL7  1DU","AL7 1DU","198001","","E10000015","E58000622","E07000241","E05011072","E43000083","0","524828","0214448","1","E18000006","E40000007","E92000001","E12000006","5","E14001573","E15000006","E24000005","E30000272","E16000150","E07000241","26ULGK","E00121418","26ULGK","E65000001","E01023914","E02004983","5","5B3","E00121418","E01023914","E02004983","E33027636","E38000049","E63011463","C1","7A3",51.814738,-0.190517,"E37000048","","E23000027",12508,"E56000035","E54000025","E00121418","E01023914","E02004983"
"AL7 1DW","AL7  1DW","AL7 1DW","198001","","E10000015","E58000622","E07000241","E05011072","E43000083","0","524659","0214632","1","E18000006","E40000007","E92000001","E12000006","5","E14001573","E15000006","E24000005","E30000272","E16000150","E07000241","26ULGK","E00121431","26ULGK","E65000001","E01023915","E02004983","5","6B2","E00121431","E01023915","E02004983","E33027636","E38000049","E63011463","C1","5A3",51.816430,-0.192902,"E37000048","","E23000027",18997,"E56000035","E54000025","E00121431","E01023915","E02004983"
"AL7 1DX","AL7  1DX","AL7 1DX","198001","","E10000015","E58000622","E07000241","E05011072","E43000083","0","524812","0214379","1","E18000006","E40000007","E92000001","E12000006","5","E14001573","E15000006","E24000005","E30000272","E16000150","E07000241","26ULGK","E00121418","26ULGK","E65000001","E01023914","E02004983","5","5B3","E00121418","E01023914","E02004983","E33027636","E38000049","E63011463","C1","7A3",51.814122,-0.190774,"E37000048","","E23000027",12508,"E56000035","E54000025","E00121418","E01023914","E02004983"
"AL7 1DY","AL7  1DY","AL7 1DY","199612","200006","E10000015","E58000622","E07000241","E05011059","E43000083","1","524982","0213869","6","E18000006","E40000007","E92000001","E12000006","5","E14001573","E15000006","E24000005","E30000272","E16000150","E07000241","26ULGK","E00121421","26ULGK","E65000001","E01023912","E02004983","5","1C3","E00121421","E01023912","E02004983","E33024469","E38000049","E63011463","C1","8B2",51.809494,-0.188518,"E37000048","","E23000027",27552,"E56000035","E54000025","E00121421","E01023912","E02004983"
"AL7 1DZ","AL7  1DZ","AL7 1DZ","198001","","E10000015","E58000622","E07000241","E05011072","E43000083","0","524755","0214212","1","E18000006","E40000007","E92000001","E12000006","5","E14001573","E15000006","E24000005","E30000272","E16000150","E07000241","26ULGK","E00121416","26ULGK","E65000001","E01023915","E02004983","5","1C1","E00121416","E01023915","E02004983","E33027636","E38000049","E63011463","C1","8D2",51.812634,-0.191661,"E37000048","","E23000027",18997,"E56000035","E54000025","E00121416","E01023915","E02004983"
"AL7 1EA","AL7  1EA","AL7 1EA","198001","","E10000015","E58000622","E07000241","E05011072","E43000083","0","524705","0214210","1","E18000006","E40000007","E92000001","E12000006","5","E14001573","E15000006","E24000005","E30000272","E16000150","E07000241","26ULGK","E00121416","26ULGK","E65000001","E01023915","E02004983","5","1C1","E00121416","E01023915","E02004983","E33027636","E38000049","E63011463","C1","8D2",51.812627,-0.192387,"E37000048","","E23000027",18997,"E56000035","E54000025","E00121416","E01023915","E02004983"
"AL7 1EB","AL7  1EB","AL7 1EB","198001","","E10000015","E58000622","E07000241","E05011072","E43000083","0","524776","0214367","1","E18000006","E40000007","E92000001","E12000006","5","E14001573","E15000006","E24000005","E30000272","E16000150","E07000241","26ULGK","E00121433","26ULGK","E65000001","E01023914","E02004983","5","1C1","E00121433","E01023914","E02004983","E33027636","E38000049","E63011463","C1","8D2",51.814022,-0.191301,"E37000048","","E23000027",12508,"E56000035","E54000025","E00121433","E01023914","E02004983"
"AL7 1ED","AL7  1ED","AL7 1ED","198001","","E10000015","E58000622","E07000241","E05011072","E43000083","0","524709","0214408","1","E18000006","E40000007","E92000001","E12000006","5","E14001573","E15000006","E24000005","E30000272","E16000150","E07000241","26ULGK","E00121433","26ULGK","E65000001","E01023914","E02004983","5","1C1","E00121433","E01023914","E02004983","E33027636","E38000049","E63011463","C1","8D2",51.814405,-0.192257,"E37000048","","E23000027",12508,"E56000035","E54000025","E00121433","E01023914","E02004983"
"AL7 1EE","AL7  1EE","AL7 1EE","198001","","E10000015","E58000622","E07000241","E05011072","E43000083","0","524731","0214344","1","E18000006","E40000007","E92000001","E12000006","5","E14001573","E15000006","E24000005","E30000272","E16000150","E07000241","26ULGK","E00121416","26ULGK","E65000001","E01023915","E02004983","5","1C1","E00121416","E01023915","E02004983","E33027636","E38000049","E63011463","C1","8D2",51.813825,-0.191961,"E37000048","","E23000027",18997,"E56000035","E54000025","E00121416","E01023915","E02004983"
"AL7 1EF","AL7  1EF","AL7 1EF","198001","","E10000015","E58000622","E07000241","E05011072","E43000083","0","524622","0214266","1","E18000006","E40000007","E92000001","E12000006","5","E14001573","E15000006","E24000005","E30000272","E16000150","E07000241","26ULGK","E00121416","26ULGK","E65000001","E01023915","E02004983","5","1C1","E00121416","E01023915","E02004983","E33027636","E38000049","E63011463","C1","8D2",51.813149,-0.193570,"E37000048","","E23000027",18997,"E56000035","E54000025","E00121416","E01023915","E02004983"
"AL7 1EG","AL7  1EG","AL7 1EG","198001","","E10000015","E58000622","E07000241","E05011072","E43000083","0","524690","0214281","1","E18000006","E40000007","E92000001","E12000006","5","E14001573","E15000006","E24000005","E30000272","E16000150","E07000241","26ULGK","E00121416","26ULGK","E65000001","E01023915","E02004983","5","1C1","E00121416","E01023915","E02004983","E33027636","E38000049","E63011463","C1","8D2",51.813268,-0.192578,"E37000048","","E23000027",18997,"E56000035","E54000025","E00121416","E01023915","E02004983"
"AL7 1EH","AL7  1EH","AL7 1EH","198504","200705","E10000015","E58000622","E07000241","E05011059","E43000083","1","524896","0213405","1","E18000006","E40000007","E92000001","E12000006","5","E14001573","E15000006","E24000005","E30000272","E16000150","E07000241","26ULGK","E00121425","26ULGK","E65000001","E01023912","E02004983","5","6C1","E00121425","E01023912","E02004983","E33024473","E38000049","E63011463","C1","7A2",51.805344,-0.189931,"E37000048","","E23000027",27552,"E56000035","E54000025","E00121425","E01023912","E02004983"
"AL7 1EJ","AL7  1EJ","AL7 1EJ","198504","199812","E10000015","E58000622","E07000241","E05011059","E43000083","1","524994","0213918","6","E18000006","E40000007","E92000001","E12000006","5","E14001573","E15000006","E24000005","E30000272","E16000150","E07000241","26ULGK","E00121421","26ULGK","E65000001","E01023912","E02004983","5","1C3","E00121421","E01023912","E02004983","E33024469","E38000049","E63011463","C1","8B2",51.809932,-0.188326,"E37000048","","E23000027",27552,"E56000035","E54000025","E00121421","E01023912","E02004983"
"AL7 1EL","AL7  1EL","AL7 1EL","199002","","E10000015","E58000622","E07000241","E05011059","E43000083","0","524787","0213707","1","E18000006","E40000007","E92000001","E12000006","5","E14001573","E15000006","E24000005","E30000272","E16000150","E07000241","26ULGK","E00121417","26ULGK","E65000001","E01023915","E02004983","5","1A3","E00121417","E01023915","E02004983","E33024467","E38000049","E63011463","C1","8D2",51.808088,-0.191379,"E37000048","","E23000027",18997,"E56000035","E54000025","E00121417","E01023915","E02004983"
"AL7 1EN","AL7  1EN","AL7 1EN","198402","","E10000015","E58000622","E07000241","E05011059","E43000083","0","524984","0213829","1","E18000006","E40000007","E92000001","E12000006","5","E14001573","E15000006","E24000005","E30000272","E16000150","E07000241","26ULGK","E00121421","26ULGK","E65000001","E01023912","E02004983","5","1C3","E00121421","E01023912","E02004983","E33024468","E38000049","E63011463","C1","8B2",51.809134,-0.188503,"E37000048","","E23000027",27552,"E56000035","E54000025","E00121421","E01023912","E02004983"
"AL7 1EP","AL7  1EP","AL7 1EP","199301","","E10000015","E58000622","E07000241","E05011059","E43000083","0","524835","0213403","1","E18000006","E40000007","E92000001","E12000006","5","E14001573","E15000006","E24000005","E30000272","E16000150","E07000241","26ULGK","E00121425","26ULGK","E65000001","E01023912","E02004983","5","6C1","E00121425","E01023912","E02004983","E33024473","E38000049","E63011463","C1","7A2",51.805339,-0.190816,"E37000048","","E23000027",27552,"E56000035","E54000025","E00121425","E01023912","E02004983"
"AL7 1EQ","AL7  1EQ","AL7 1EQ","198001","","E10000015","E58000622","E07000241","E05011072","E43000083","0","524650","0214119","1","E18000006","E40000007","E92000001","E12000006","5","E14001573","E15000006","E24000005","E30000272","E16000150","E07000241","26ULGK","E00121416","26ULGK","E65000001","E01023915","E02004983","5","1C1","E00121416","E01023915","E02004983","E33027636","E38000049","E63011463","C1","8D2",51.811821,-0.193217,"E37000048","","E23000027",18997,"E56000035","E54000025","E00121416","E01023915","E02004983"
"AL7 1ER","AL7  1ER","AL7 1ER","199512","200402","E10000015","E58000623","E07000241","E05011069","E43000083","1","524487","0213299","1","E18000006","E40000007","E92000001","E12000006","5","E14001573","E15000006","E24000005","E30000272","E16000150","E07000241","26ULGX","E00121637","26ULGX","E65000001","E01023954","E02004986","5","5B2","E00121637","E01023954","E02004986","E33024496","E38000049","E63011463","C1","7A3",51.804482,-0.195898,"E37000048","","E23000027",7164,"E56000035","E54000025","E00190264","E01035604","E02004986"
"AL7 1ES","AL7  1ES","AL7 1ES","199007","200805","E10000015","E58000623","E07000241","E05011069","E43000083","1","524487","0213299","1","E18000006","E40000007","E92000001","E12000006","5","E14001573","E15000006","E24000005","E30000272","E16000150","E07000241","26ULGX","E00121637","26ULGX","E65000001","E01023954","E02004986","5","5B2","E00121637","E01023954","E02004986","E33024496","E38000049","E63011463","C1","7A3",51.804482,-0.195898,"E37000048","","E23000027",7164,"E56000035","E54000025","E00190264","E01035604","E02004986"
"AL7 1ET","AL7  1ET","AL7 1ET","198001","202112","E10000015","E58000622","E07000241","E05011059","E43000083","1","524816","0213932","1","E18000006","E40000007","E92000001","E12000006","5","E14001573","E15000006","E24000005","E30000272","E16000150","E07000241","26ULGK","E00121417","26ULGK","E65000001","E01023915","E02004983","5","1A3","E00121417","E01023915","E02004983","E33024466","E38000049","E63011463","C1","8D2",51.810097,-0.190901,"E37000048","","E23000027",18997,"E56000035","E54000025","E00121417","E01023915","E02004983"
"AL7 1EU","AL7  1EU","AL7 1EU","198001","","E10000015","E58000622","E07000241","E05011059","E43000083","1","524924","0213866","1","E18000006","E40000007","E92000001","E12000006","5","E14001573","E15000006","E24000005","E30000272","E16000150","E07000241","26ULGK","E00121421","26ULGK","E65000001","E01023912","E02004983","5","1C3","E00121421","E01023912","E02004983","E33024469","E38000049","E63011463","C1","8B2",51.809480,-0.189359,"E37000048","","E23000027",27552,"E56000035","E54000025","E00121421","E01023912","E02004983"
"AL7 1EW","AL7  1EW","AL7 1EW","198307","","E10000015","E58000622","E07000241","E05011059","E43000083","0","524759","0213450","1","E18000006","E40000007","E92000001","E12000006","5","E14001573","E15000006","E24000005","E30000272","E16000150","E07000241","26ULGK","E00121425","26ULGK","E65000001","E01023912","E02004983","5","6C1","E00121425","E01023912","E02004983","E33024473","E38000049","E63011463","C1","7A2",51.805785,-0.191877,"E37000048","","E23000027",27552,"E56000035","E54000025","E00121425","E01023912","E02004983"
"AL7 1EX","AL7  1EX","AL7 1EX","200507","200801","E10000015","E58000622","E07000241","E05011059","E43000083","0","524881","0213716","3","E18000006","E40000007","E92000001","E12000006","5","E14001573","E15000006","E24000005","E30000272","E16000150","E07000241","26ULGK","E00121421","26ULGK","E65000001","E01023912","E02004983","5","1C3","E00121421","E01023912","E02004983","E33024468","E38000049","E63011463","C1","8B2",51.808142,-0.190037,"E37000048","","E23000027",27552,"E56000035","E54000025","E00121421","E01023912","E02004983"
"AL7 1EY","AL7  1EY","AL7 1EY","198001","200402","E10000015","E58000623","E07000241","E05011069","E43000083","1","524487","0213299","1","E18000006","E40000007","E92000001","E12000006","5","E14001573","E15000006","E24000005","E30000272","E16000150","E07000241","26ULGX","E00121637","26ULGX","E65000001","E01023954","E02004986","5","5B2","E00121637","E01023954","E02004986","E33024496","E38000049","E63011463","C1","7A3",51.804482,-0.195898,"E37000048","","E23000027",7164,"E56000035","E54000025","E00190264","E01035604","E02004986"
"AL7 1EZ","AL7  1EZ","AL7 1EZ","198001","200510","E10000015","E58000623","E07000241","E05011069","E43000083","1","524487","0213299","1","E18000006","E40000007","E92000001","E12000006","5","E14001573","E15000006","E24000005","E30000272","E16000150","E07000241","26ULGX","E00121637","26ULGX","E65000001","E01023954","E02004986","5","5B2","E00121637","E01023954","E02004986","E33024496","E38000049","E63011463","C1","7A3",51.804482,-0.195898,"E37000048","","E23000027",7164,"E56000035","E54000025","E00190264","E01035604","E02004986"
"AL7 1FA","AL7  1FA","AL7 1FA","200106","200611","E10000015","E58000623","E07000241","E05011069","E43000083","1","524487","0213299","1","E18000006","E40000007","E92000001","E12000006","5","E14001573","E15000006","E24000005","E30000272","E16000150","E07000241","26ULGX","E00121637","26ULGX","E65000001","E01023954","E02004986","5","5B2","E00121637","E01023954","E02004986","E33024496","E38000049","E63011463","C1","7A3",51.804482,-0.195898,"E37000048","","E23000027",7164,"E56000035","E54000025","E00190264","E01035604","E02004986"
"AL7 1FB","AL7  1FB","AL7 1FB","200112","200506","E10000015","E58000622","E07000241","E05011059","E43000083","1","524783","0213294","1","E18000006","E40000007","E92000001","E12000006","5","E14001573","E15000006","E24000005","E30000272","E16000150","E07000241","26ULGK","E00121425","26ULGK","E65000001","E01023912","E02004983","5","6C1","E00121425","E01023912","E02004983","E33024472","E38000049","E63011463","C1","7A2",51.804371,-0.191609,"E37000048","","E23000027",27552,"E56000035","E54000025","E00121425","E01023912","E02004983"
"AL7 1FE","AL7  1FE","AL7 1FE","200206","","E10000015","E58000623","E07000241","E05011069","E43000083","1","524255","0213249","1","E18000006","E40000007","E92000001","E12000006","5","E14001573","E15000006","E24000005","E30000272","E16000150","E07000241","26ULGX","E00121637","26ULGX","E65000001","E01023954","E02004986","5","5B2","E00121637","E01023954","E02004986","E33024501","E38000049","E63011463","C1","7A3",51.804084,-0.199279,"E37000048","","E23000027",7164,"E56000035","E54000025","E00190274","E01035604","E02004986"
"AL7 1FF","AL7  1FF","AL7 1FF","200302","","E10000015","E58000676","E07000241","E05011068","E43000083","0","525762","0212443","1","E18000006","E40000007","E92000001","E12000006","5","E14001573","E15000006","E24000005","E30000272","E16000150","E07000241","26ULGT","E00121578","26ULGT","E65000001","E01023944","E02004987","5","1C1","E00173226","E01023944","E02004987","E33027648","E38000049","E63011463","C1","5A2",51.796505,-0.177726,"E37000048","","E23000027",20388,"E56000035","E54000025","E00173226","E01023944","E02004987"
"AL7 1FG","AL7  1FG","AL7 1FG","200302","","E10000015","E58000676","E07000241","E05011068","E43000083","0","525812","0212364","1","E18000006","E40000007","E92000001","E12000006","5","E14001573","E15000006","E24000005","E30000272","E16000150","E07000241","26ULGT","E00121578","26ULGT","E65000001","E01023944","E02004987","5","1C1","E00173226","E01023944","E02004987","E33027648","E38000049","E63011463","C1","5A2",51.795784,-0.177030,"E37000048","","E23000027",20388,"E56000035","E54000025","E00173226","E01023944","E02004987"
"AL7 1FH","AL7  1FH","AL7 1FH","200307","","E10000015","E58000676","E07000241","E05011068","E43000083","0","525698","0212426","1","E18000006","E40000007","E92000001","E12000006","5","E14001573","E15000006","E24000005","E30000272","E16000150","E07000241","26ULGT","E00121578","26ULGT","E65000001","E01023944","E02004987","5","1C1","E00173226","E01023944","E02004987","E33027648","E38000049","E63011463","C1","5A2",51.796366,-0.178660,"E37000048","","E23000027",20388,"E56000035","E54000025","E00173226","E01023944","E02004987"
"AL7 1FJ","AL7  1FJ","AL7 1FJ","200607","","E10000015","E58000676","E07000241","E05011068","E43000083","0","525658","0212460","1","E18000006","E40000007","E92000001","E12000006","5","E14001573","E15000006","E24000005","E30000272","E16000150","E07000241","26ULGT","E00121578","26ULGT","E65000001","E01023944","E02004987","5","1C1","E00173226","E01023944","E02004987","E33027648","E38000049","E63011463","C1","5A2",51.796681,-0.179228,"E37000048","","E23000027",20388,"E56000035","E54000025","E00173226","E01023944","E02004987"
"AL7 1FL","AL7  1FL","AL7 1FL","200607","","E10000015","E58000676","E07000241","E05011068","E43000083","0","525618","0212495","1","E18000006","E40000007","E92000001","E12000006","5","E14001573","E15000006","E24000005","E30000272","E16000150","E07000241","26ULGT","E00121578","26ULGT","E65000001","E01023944","E02004987","5","1C1","E00173226","E01023944","E02004987","E33027648","E38000049","E63011463","C1","5A2",51.797004,-0.179795,"E37000048","","E23000027",20388,"E56000035","E54000025","E00173226","E01023944","E02004987"
"AL7 1FN","AL7  1FN","AL7 1FN","200607","","E10000015","E58000676","E07000241","E05011068","E43000083","0","525583","0212557","1","E18000006","E40000007","E92000001","E12000006","5","E14001573","E15000006","E24000005","E30000272","E16000150","E07000241","26ULGT","E00121578","26ULGT","E65000001","E01023944","E02004987","5","1C1","E00173256","E01023944","E02004987","E33027648","E38000049","E63011463","C1","4A3",51.797569,-0.180280,"E37000048","","E23000027",20388,"E56000035","E54000025","E00173256","E01023944","E02004987"
"AL7 1FP","AL7  1FP","AL7 1FP","200607","","E10000015","E58000676","E07000241","E05011068","E43000083","0","525742","0212541","1","E18000006","E40000007","E92000001","E12000006","5","E14001573","E15000006","E24000005","E30000272","E16000150","E07000241","26ULGT","E00121578","26ULGT","E65000001","E01023944","E02004987","5","1C1","E00173256","E01023944","E02004987","E33027648","E38000049","E63011463","C1","4A3",51.797390,-0.177981,"E37000048","","E23000027",20388,"E56000035","E54000025","E00173256","E01023944","E02004987"
"AL7 1FQ","AL7  1FQ","AL7 1FQ","200601","","E10000015","E58000676","E07000241","E05011068","E43000083","0","525644","0212581","1","E18000006","E40000007","E92000001","E12000006","5","E14001573","E15000006","E24000005","E30000272","E16000150","E07000241","26ULGT","E00121578","26ULGT","E65000001","E01023944","E02004987","5","1C1","E00173256","E01023944","E02004987","E33027648","E38000049","E63011463","C1","4A3",51.797771,-0.179387,"E37000048","","E23000027",20388,"E56000035","E54000025","E00173256","E01023944","E02004987"
"AL7 1FR","AL7  1FR","AL7 1FR","200601","","E10000015","E58000676","E07000241","E05011068","E43000083","0","525622","0212558","1","E18000006","E40000007","E92000001","E12000006","5","E14001573","E15000006","E24000005","E30000272","E16000150","E07000241","26ULGT","E00121578","26ULGT","E65000001","E01023944","E02004987","5","1C1","E00173256","E01023944","E02004987","E33027648","E38000049","E63011463","C1","4A3",51.797570,-0.179714,"E37000048","","E23000027",20388,"E56000035","E54000025","E00173256","E01023944","E02004987"
"AL7 1FS","AL7  1FS","AL7 1FS","200607","","E10000015","E58000622","E07000241","E05011059","E43000083","0","524938","0213600","1","E18000006","E40000007","E92000001","E12000006","5","E14001573","E15000006","E24000005","E30000272","E16000150","E07000241","26ULGK","E00121421","26ULGK","E65000001","E01023912","E02004983","5","1C3","E00121421","E01023912","E02004983","E33024468","E38000049","E63011463","C1","8B2",51.807087,-0.189252,"E37000048","","E23000027",27552,"E56000035","E54000025","E00121421","E01023912","E02004983"
"AL7 1FT","AL7  1FT","AL7 1FT","200603","","E10000015","E58000622","E07000241","E05011059","E43000083","0","524937","0213668","1","E18000006","E40000007","E92000001","E12000006","5","E14001573","E15000006","E24000005","E30000272","E16000150","E07000241","26ULGK","E00121421","26ULGK","E65000001","E01023912","E02004983","5","1C3","E00121421","E01023912","E02004983","E33024468","E38000049","E63011463","C1","8B2",51.807704,-0.189218,"E37000048","","E23000027",27552,"E56000035","E54000025","E00121421","E01023912","E02004983"
"AL7 1FU","AL7  1FU","AL7 1FU","201704","","E10000015","E58000623","E07000241","E05011069","E43000083","0","524392","0213448","1","E18000006","E40000007","E92000001","E12000006","5","E14001573","E15000006","E24000005","E30000272","E16000150","E07000241","26ULGX","E00121637","26ULGX","E65000001","E01023954","E02004986","5","5B2","E00121637","E01023954","E02004986","E33024501","E38000049","E63011463","C1","7A3",51.805849,-0.197198,"E37000048","","E23000027",7164,"E56000035","E54000025","E00190345","E01035604","E02004986"
"AL7 1FW","AL7  1FW","AL7 1FW","201212","","E10000015","E58000676","E07000241","E05011068","E43000083","0","525593","0212675","1","E18000006","E40000007","E92000001","E12000006","5","E14001573","E15000006","E24000005","E30000272","E16000150","E07000241","26ULGT","E00121578","26ULGT","E65000001","E01023944","E02004987","5","1C1","E00173256","E01023944","E02004987","E33027648","E38000049","E63011463","C1","4A3",51.798627,-0.180092,"E37000048","","E23000027",20388,"E56000035","E54000025","E00173256","E01023944","E02004987"
"AL7 1FX","AL7  1FX","AL7 1FX","201402","","E10000015","E58000622","E07000241","E05011059","E43000083","0","525015","0213838","1","E18000006","E40000007","E92000001","E12000006","5","E14001573","E15000006","E24000005","E30000272","E16000150","E07000241","26ULGK","E00121421","26ULGK","E65000001","E01023912","E02004983","5","1C3","E00121421","E01023912","E02004983","E33024468","E38000049","E63011463","C1","8B2",51.809208,-0.188050,"E37000048","","E23000027",27552,"E56000035","E54000025","E00121421","E01023912","E02004983"
"AL7 1FY","AL7  1FY","AL7 1FY","201608","","E10000015","E58000623","E07000241","E05011069","E43000083","0","524358","0213494","1","E18000006","E40000007","E92000001","E12000006","5","E14001573","E15000006","E24000005","E30000272","E16000150","E07000241","26ULGX","E00121637","26ULGX","E65000001","E01023954","E02004986","5","5B2","E00121637","E01023954","E02004986","E33024501","E38000049","E63011463","C1","7A3",51.806270,-0.197674,"E37000048","","E23000027",7164,"E56000035","E54000025","E00190271","E01035604","E02004986"
"AL7 1FZ","AL7  1FZ","AL7 1FZ","201705","","E10000015","E58000622","E07000241","E05011059","E43000083","0","524948","0213903","1","E18000006","E40000007","E92000001","E12000006","5","E14001573","E15000006","E24000005","E30000272","E16000150","E07000241","26ULGK","E00121421","26ULGK","E65000001","E01023912","E02004983","5","1C3","E00121421","E01023912","E02004983","E33024469","E38000049","E63011463","C1","8B2",51.809814,-0.188974,"E37000048","","E23000027",27552,"E56000035","E54000025","E00121421","E01023912","E02004983"
"AL7 1GA","AL7  1GA","AL7 1GA","199712","","E10000015","E58000622","E07000241","E05011059","E43000083","1","524441","0213909","1","E18000006","E40000007","E92000001","E12000006","5","E14001573","E15000006","E24000005","E30000272","E16000150","E07000241","26ULGK","E00121417","26ULGK","E65000001","E01023915","E02004983","5","1A3","E00121417","E01023915","E02004983","E33024467","E38000049","E63011463","C1","8D2",51.809974,-0.196346,"E37000048","","E23000027",18997,"E56000035","E54000025","E00121417","E01023915","E02004983"
"AL7 1GB","AL7  1GB","AL7 1GB","199712","","E10000015","E58000622","E07000241","E05011059","E43000083","1","524691","0213845","1","E18000006","E40000007","E92000001","E12000006","5","E14001573","E15000006","E24000005","E30000272","E16000150","E07000241","26ULGK","E00121417","26ULGK","E65000001","E01023915","E02004983","5","1A3","E00121417","E01023915","E02004983","E33024466","E38000049","E63011463","C1","8D2",51.809343,-0.192745,"E37000048","","E23000027",18997,"E56000035","E54000025","E00121417","E01023915","E02004983"
"AL7 1GD","AL7  1GD","AL7 1GD","201602","","E10000015","E58000623","E07000241","E05011069","E43000083","0","524932","0212676","1","E18000006","E40000007","E92000001","E12000006","5","E14001573","E15000006","E24000005","E30000272","E16000150","E07000241","26ULGX","E00121635","26ULGX","E65000001","E01023958","E02004986","5","1A3","E00121635","E01023958","E02004986","E33024495","E38000049","E63011463","C1","4A1",51.798784,-0.189672,"E37000048","","E23000027",7219,"E56000035","E54000025","E00121635","E01023958","E02004986"
"AL7 1GE","AL7  1GE","AL7 1GE","201004","202406","E10000015","E58000622","E07000241","E05011059","E43000083","0","525138","0213682","1","E18000006","E40000007","E92000001","E12000006","5","E14001573","E15000006","E24000005","E30000272","E16000150","E07000241","26ULGK","E00121421","26ULGK","E65000001","E01023912","E02004983","5","1C3","E00121421","E01023912","E02004983","E33024469","E38000049","E63011463","C1","8B2",51.807779,-0.186323,"E37000048","","E23000027",27552,"E56000035","E54000025","E00121421","E01023912","E02004983"
"AL7 1GF","AL7  1GF","AL7 1GF","201609","","E10000015","E58000623","E07000241","E05011069","E43000083","0","524207","0213148","1","E18000006","E40000007","E92000001","E12000006","5","E14001573","E15000006","E24000005","E30000272","E16000150","E07000241","26ULGX","E00121637","26ULGX","E65000001","E01023954","E02004986","5","5B2","E00121637","E01023954","E02004986","E33024501","E38000049","E63011463","C1","7A3",51.803194,-0.199987,"E37000048","","E23000027",7164,"E56000035","E54000025","E00190274","E01035604","E02004986"
"AL7 1GG","AL7  1GG","AL7 1GG","201612","","E10000015","E58000623","E07000241","E05011069","E43000083","0","524771","0212710","1","E18000006","E40000007","E92000001","E12000006","5","E14001573","E15000006","E24000005","E30000272","E16000150","E07000241","26ULGX","E00121638","26ULGX","E65000001","E01023958","E02004986","5","5B1","E00121638","E01023958","E02004986","E33027642","E38000049","E63011463","C1","7A3",51.799132,-0.191968,"E37000048","","E23000027",7219,"E56000035","E54000025","E00121638","E01023958","E02004986"
"AL7 1GH","AL7  1GH","AL7 1GH","201710","","E10000015","E58000623","E07000241","E05011069","E43000083","0","524367","0213400","1","E18000006","E40000007","E92000001","E12000006","5","E14001573","E15000006","E24000005","E30000272","E16000150","E07000241","26ULGX","E00121637","26ULGX","E65000001","E01023954","E02004986","5","5B2","E00121637","E01023954","E02004986","E33024501","E38000049","E63011463","C1","7A3",51.805423,-0.197577,"E37000048","","E23000027",7164,"E56000035","E54000025","E00190274","E01035604","E02004986"
"AL7 1GJ","AL7  1GJ","AL7 1GJ","201809","","E10000015","E58000623","E07000241","E05011069","E43000083","0","524476","0213474","1","E18000006","E40000007","E92000001","E12000006","5","E14001573","E15000006","E24000005","E30000272","E16000150","E07000241","26ULGX","E00121637","26ULGX","E65000001","E01023954","E02004986","5","5B2","E00121637","E01023954","E02004986","E33024501","E38000049","E63011463","C1","7A3",51.806064,-0.195971,"E37000048","","E23000027",7164,"E56000035","E54000025","E00190264","E01035604","E02004986"
"AL7 1GL","AL7  1GL","AL7 1GL","200106","202209","E10000015","E58000623","E07000241","E05011069","E43000083","1","524932","0212676","1","E18000006","E40000007","E92000001","E12000006","5","E14001573","E15000006","E24000005","E30000272","E16000150","E07000241","26ULGX","E00121635","26ULGX","E65000001","E01023958","E02004986","5","1A3","E00121635","E01023958","E02004986","E33024495","E38000049","E63011463","C1","4A1",51.798784,-0.189672,"E37000048","","E23000027",7219,"E56000035","E54000025","E00121635","E01023958","E02004986"
"AL7 1GN","AL7  1GN","AL7 1GN","199606","202301","E10000015","E58000622","E07000241","E05011059","E43000083","1","524960","0213123","1","E18000006","E40000007","E92000001","E12000006","5","E14001573","E15000006","E24000005","E30000272","E16000150","E07000241","26ULGK","E00121425","26ULGK","E65000001","E01023912","E02004983","5","6C1","E00121425","E01023912","E02004983","E33024472","E38000049","E63011463","C1","7A2",51.802795,-0.189105,"E37000048","","E23000027",27552,"E56000035","E54000025","E00121425","E01023912","E02004983"
"AL7 1GP","AL7  1GP","AL7 1GP","201801","","E10000015","E58000623","E07000241","E05011069","E43000083","0","524252","0213431","1","E18000006","E40000007","E92000001","E12000006","5","E14001573","E15000006","E24000005","E30000272","E16000150","E07000241","26ULGX","E00121637","26ULGX","E65000001","E01023954","E02004986","5","5B2","E00121637","E01023954","E02004986","E33024501","E38000049","E63011463","C1","7A3",51.805727,-0.199234,"E37000048","","E23000027",7164,"E56000035","E54000025","E00190274","E01035604","E02004986"
"AL7 1GQ","AL7  1GQ","AL7 1GQ","202105","","E10000015","E58000623","E07000241","E05011069","E43000083","0","524199","0213453","1","E18000006","E40000007","E92000001","E12000006","5","E14001573","E15000006","E24000005","E30000272","E16000150","E07000241","26ULGX","E00121637","26ULGX","E65000001","E01023954","E02004986","5","5B2","E00121637","E01023954","E02004986","E33024501","E38000049","E63011463","C1","7A3",51.805937,-0.199994,"E37000048","","E23000027",7164,"E56000035","E54000025","E00190274","E01035604","E02004986"
"AL7 1GR","AL7  1GR","AL7 1GR","201712","","E10000015","E58000623","E07000241","E05011069","E43000083","0","524303","0213429","1","E18000006","E40000007","E92000001","E12000006","5","E14001573","E15000006","E24000005","E30000272","E16000150","E07000241","26ULGX","E00121637","26ULGX","E65000001","E01023954","E02004986","5","5B2","E00121637","E01023954","E02004986","E33024501","E38000049","E63011463","C1","7A3",51.805698,-0.198495,"E37000048","","E23000027",7164,"E56000035","E54000025","E00190274","E01035604","E02004986"
"AL7 1GS","AL7  1GS","AL7 1GS","201804","","E10000015","E58000623","E07000241","E05011069","E43000083","0","524295","0213484","1","E18000006","E40000007","E92000001","E12000006","5","E14001573","E15000006","E24000005","E30000272","E16000150","E07000241","26ULGX","E00121637","26ULGX","E65000001","E01023954","E02004986","5","5B2","E00121637","E01023954","E02004986","E33024501","E38000049","E63011463","C1","7A3",51.806194,-0.198591,"E37000048","","E23000027",7164,"E56000035","E54000025","E00190271","E01035604","E02004986"
"AL7 1GT","AL7  1GT","AL7 1GT","201805","","E10000015","E58000623","E07000241","E05011069","E43000083","0","524224","0213502","1","E18000006","E40000007","E92000001","E12000006","5","E14001573","E15000006","E24000005","E30000272","E16000150","E07000241","26ULGX","E00121637","26ULGX","E65000001","E01023954","E02004986","5","5B2","E00121637","E01023954","E02004986","E33024501","E38000049","E63011463","C1","7A3",51.806371,-0.199614,"E37000048","","E23000027",7164,"E56000035","E54000025","E00190271","E01035604","E02004986"
"AL7 1GU","AL7  1GU","AL7 1GU","201602","","E10000015","E58000622","E07000241","E05011059","E43000083","0","524985","0213247","1","E18000006","E40000007","E92000001","E12000006","5","E14001573","E15000006","E24000005","E30000272","E16000150","E07000241","26ULGK","E00121425","26ULGK","E65000001","E01023912","E02004983","5","6C1","E00121425","E01023912","E02004983","E33024470","E38000049","E63011463","C1","7A2",51.803904,-0.188698,"E37000048","","E23000027",27552,"E56000035","E54000025","E00121425","E01023912","E02004983"
"AL7 1GW","AL7  1GW","AL7 1GW","201806","","E10000015","E58000623","E07000241","E05011069","E43000083","0","524792","0212953","1","E18000006","E40000007","E92000001","E12000006","5","E14001573","E15000006","E24000005","E30000272","E16000150","E07000241","26ULGX","E00121637","26ULGX","E65000001","E01023954","E02004986","5","5B2","E00121637","E01023954","E02004986","E33024500","E38000049","E63011463","C1","7A3",51.801311,-0.191577,"E37000048","","E23000027",7164,"E56000035","E54000025","E00190264","E01035604","E02004986"
"AL7 1GX","AL7  1GX","AL7 1GX","200708","","E10000015","E58000622","E07000241","E05011059","E43000083","0","525213","0212963","1","E18000006","E40000007","E92000001","E12000006","5","E14001573","E15000006","E24000005","E30000272","E16000150","E07000241","26ULGK","E00121425","26ULGK","E65000001","E01023912","E02004983","5","6C1","E00121425","E01023912","E02004983","E33024471","E38000049","E63011463","C1","7A2",51.801301,-0.185496,"E37000048","","E23000027",27552,"E56000035","E54000025","E00121425","E01023912","E02004983"
"AL7 1GY","AL7  1GY","AL7 1GY","200409","","E10000015","E58000623","E07000241","E05011069","E43000083","0","524862","0212660","1","E18000006","E40000007","E92000001","E12000006","5","E14001573","E15000006","E24000005","E30000272","E16000150","E07000241","26ULGX","E00121636","26ULGX","E65000001","E01023958","E02004986","5","1A3","E00121636","E01023958","E02004986","E33027642","E38000049","E63011463","C1","7A3",51.798656,-0.190692,"E37000048","","E23000027",7219,"E56000035","E54000025","E00121636","E01023958","E02004986"
"AL7 1GZ","AL7  1GZ","AL7 1GZ","200409","","E10000015","E58000623","E07000241","E05011069","E43000083","0","524823","0212685","1","E18000006","E40000007","E92000001","E12000006","5","E14001573","E15000006","E24000005","E30000272","E16000150","E07000241","26ULGX","E00121638","26ULGX","E65000001","E01023958","E02004986","5","5B1","E00121638","E01023958","E02004986","E33027642","E38000049","E63011463","C1","7A3",51.798890,-0.191249,"E37000048","","E23000027",7219,"E56000035","E54000025","E00121638","E01023958","E02004986"
"AL7 1HA","AL7  1HA","AL7 1HA","198504","","E10000015","E58000622","E07000241","E05011059","E43000083","0","524971","0213385","1","E18000006","E40000007","E92000001","E12000006","5","E14001573","E15000006","E24000005","E30000272","E16000150","E07000241","26ULGK","E00121425","26ULGK","E65000001","E01023912","E02004983","5","6C1","E00121425","E01023912","E02004983","E33024473","E38000049","E63011463","C1","7A2",51.805147,-0.188851,"E37000048","","E23000027",27552,"E56000035","E54000025","E00121425","E01023912","E02004983"
"AL7 1HB","AL7  1HB","AL7 1HB","200112","","E10000015","E58000623","E07000241","E05011069","E43000083","1","524177","0213263","1","E18000006","E40000007","E92000001","E12000006","5","E14001573","E15000006","E24000005","E30000272","E16000150","E07000241","26ULGX","E00121637","26ULGX","E65000001","E01023954","E02004986","5","5B2","E00121637","E01023954","E02004986","E33024501","E38000049","E63011463","C1","7A3",51.804227,-0.200405,"E37000048","","E23000027",7164,"E56000035","E54000025","E00190274","E01035604","E02004986"
"AL7 1HD","AL7  1HD","AL7 1HD","198001","200402","E10000015","E58000623","E07000241","E05011069","E43000083","1","524487","0213299","1","E18000006","E40000007","E92000001","E12000006","5","E14001573","E15000006","E24000005","E30000272","E16000150","E07000241","26ULGX","E00121637","26ULGX","E65000001","E01023954","E02004986","5","5B2","E00121637","E01023954","E02004986","E33024496","E38000049","E63011463","C1","7A3",51.804482,-0.195898,"E37000048","","E23000027",7164,"E56000035","E54000025","E00190264","E01035604","E02004986"
"AL7 1HE","AL7  1HE","AL7 1HE","200509","","E10000015","E58000623","E07000241","E05011069","E43000083","0","524442","0213400","1","E18000006","E40000007","E92000001","E12000006","5","E14001573","E15000006","E24000005","E30000272","E16000150","E07000241","26ULGX","E00121637","26ULGX","E65000001","E01023954","E02004986","5","5B2","E00121637","E01023954","E02004986","E33024501","E38000049","E63011463","C1","7A3",51.805406,-0.196490,"E37000048","","E23000027",7164,"E56000035","E54000025","E00190264","E01035604","E02004986"
"AL7 1HF","AL7  1HF","AL7 1HF","200207","201210","E10000015","E58000623","E07000241","E05011069","E43000083","1","524232","0213129","1","E18000006","E40000007","E92000001","E12000006","5","E14001573","E15000006","E24000005","E30000272","E16000150","E07000241","26ULGX","E00121637","26ULGX","E65000001","E01023954","E02004986","5","5B2","E00121637","E01023954","E02004986","E33024501","E38000049","E63011463","C1","7A3",51.803011,-0.199656,"E37000048","","E23000027",7164,"E56000035","E54000025","E00190274","E01035604","E02004986"
"AL7 1HG","AL7  1HG","AL7 1HG","199002","","E10000015","E58000623","E07000241","E05011069","E43000083","0","524800","0213075","1","E18000006","E40000007","E92000001","E12000006","5","E14001573","E15000006","E24000005","E30000272","E16000150","E07000241","26ULGX","E00121637","26ULGX","E65000001","E01023954","E02004986","5","5B2","E00121637","E01023954","E02004986","E33024500","E38000049","E63011463","C1","7A3",51.802406,-0.191417,"E37000048","","E23000027",7164,"E56000035","E54000025","E00190264","E01035604","E02004986"
"AL7 1HH","AL7  1HH","AL7 1HH","200508","","E10000015","E58000623","E07000241","E05011069","E43000083","0","524570","0213372","1","E18000006","E40000007","E92000001","E12000006","5","E14001573","E15000006","E24000005","E30000272","E16000150","E07000241","26ULGX","E00121637","26ULGX","E65000001","E01023954","E02004986","5","5B2","E00121637","E01023954","E02004986","E33024499","E38000049","E63011463","C1","7A3",51.805126,-0.194645,"E37000048","","E23000027",7164,"E56000035","E54000025","E00190264","E01035604","E02004986"
"AL7 1HJ","AL7  1HJ","AL7 1HJ","198504","","E10000015","E58000623","E07000241","E05011069","E43000083","0","524228","0213326","1","E18000006","E40000007","E92000001","E12000006","5","E14001573","E15000006","E24000005","E30000272","E16000150","E07000241","26ULGX","E00121637","26ULGX","E65000001","E01023954","E02004986","5","5B2","E00121637","E01023954","E02004986","E33024501","E38000049","E63011463","C1","7A3",51.804782,-0.199643,"E37000048","","E23000027",7164,"E56000035","E54000025","E00190274","E01035604","E02004986"
"AL7 1HL","AL7  1HL","AL7 1HL","198001","","E10000015","E58000623","E07000241","E05011069","E43000083","0","524406","0212952","1","E18000006","E40000007","E92000001","E12000006","5","E14001573","E15000006","E24000005","E30000272","E16000150","E07000241","26ULGX","E00121637","26ULGX","E65000001","E01023954","E02004986","5","5B2","E00121637","E01023954","E02004986","E33024499","E38000049","E63011463","C1","7A3",51.801382,-0.197197,"E37000048","","E23000027",7164,"E56000035","E54000025","E00190340","E01035604","E02004986"
"AL7 1HN","AL7  1HN","AL7 1HN","199712","","E10000015","E58000676","E07000241","E05011068","E43000083","0","526104","0212042","1","E18000006","E40000007","E92000001","E12000006","5","E14001573","E15000006","E24000005","E30000272","E16000150","E07000241","26ULGT","E00121585","26ULGT","E65000001","E01023943","E02004987","5","6B2","E00121585","E01023943","E02004987","E33027647","E38000049","E63011463","C1","5A2",51.792831,-0.172890,"E37000048","","E23000027",17758,"E56000035","E54000025","E00121585","E01023943","E02004987"
"AL7 1HP","AL7  1HP","AL7 1HP","199606","200108","E10000015","E58000622","E07000241","E05011059","E43000083","1","525058","0213214","1","E18000006","E40000007","E92000001","E12000006","5","E14001573","E15000006","E24000005","E30000272","E16000150","E07000241","26ULGK","E00121425","26ULGK","E65000001","E01023912","E02004983","5","6C1","E00121425","E01023912","E02004983","E33024470","E38000049","E63011463","C1","7A2",51.803591,-0.187652,"E37000048","","E23000027",27552,"E56000035","E54000025","E00121425","E01023912","E02004983"
"AL7 1HQ","AL7  1HQ","AL7 1HQ","199712","","E10000015","E58000676","E07000241","E05011068","E43000083","0","525990","0212140","1","E18000006","E40000007","E92000001","E12000006","5","E14001573","E15000006","E24000005","E30000272","E16000150","E07000241","26ULGT","E00121585","26ULGT","E65000001","E01023943","E02004987","5","6B2","E00121585","E01023943","E02004987","E33027647","E38000049","E63011463","C1","5A2",51.793737,-0.174506,"E37000048","","E23000027",17758,"E56000035","E54000025","E00121585","E01023943","E02004987"
"AL7 1HR","AL7  1HR","AL7 1HR","199712","","E10000015","E58000676","E07000241","E05011068","E43000083","0","526085","0212115","1","E18000006","E40000007","E92000001","E12000006","5","E14001573","E15000006","E24000005","E30000272","E16000150","E07000241","26ULGT","E00121585","26ULGT","E65000001","E01023943","E02004987","5","6B2","E00121585","E01023943","E02004987","E33027647","E38000049","E63011463","C1","5A2",51.793491,-0.173138,"E37000048","","E23000027",17758,"E56000035","E54000025","E00121585","E01023943","E02004987"
"AL7 1HS","AL7  1HS","AL7 1HS","198301","199507","E10000015","E58000623","E07000241","E05011069","E43000083","0","524300","0212900","8","E18000006","E40000007","E92000001","E12000006","5","E14001573","E15000006","E24000005","E30000272","E16000150","E07000241","26ULGX","E00121637","26ULGX","E65000001","E01023954","E02004986","5","5B2","E00121637","E01023954","E02004986","E33024498","E38000049","E63011463","C1","7A3",51.800938,-0.198752,"E37000048","","E23000027",7164,"E56000035","E54000025","E00190340","E01035604","E02004986"
"AL7 1HT","AL7  1HT","AL7 1HT","200401","","E10000015","E58000623","E07000241","E05011069","E43000083","0","524228","0213326","1","E18000006","E40000007","E92000001","E12000006","5","E14001573","E15000006","E24000005","E30000272","E16000150","E07000241","26ULGX","E00121637","26ULGX","E65000001","E01023954","E02004986","5","5B2","E00121637","E01023954","E02004986","E33024501","E38000049","E63011463","C1","7A3",51.804782,-0.199643,"E37000048","","E23000027",7164,"E56000035","E54000025","E00190274","E01035604","E02004986"
"AL7 1HU","AL7  1HU","AL7 1HU","200206","","E10000015","E58000623","E07000241","E05011069","E43000083","0","524305","0213232","1","E18000006","E40000007","E92000001","E12000006","5","E14001573","E15000006","E24000005","E30000272","E16000150","E07000241","26ULGX","E00121637","26ULGX","E65000001","E01023954","E02004986","5","5B2","E00121637","E01023954","E02004986","E33024501","E38000049","E63011463","C1","7A3",51.803920,-0.198561,"E37000048","","E23000027",7164,"E56000035","E54000025","E00190274","E01035604","E02004986"
"AL7 1HW","AL7  1HW","AL7 1HW","200211","","E10000015","E58000623","E07000241","E05011069","E43000083","0","524228","0213326","1","E18000006","E40000007","E92000001","E12000006","5","E14001573","E15000006","E24000005","E30000272","E16000150","E07000241","26ULGX","E00121637","26ULGX","E65000001","E01023954","E02004986","5","5B2","E00121637","E01023954","E02004986","E33024501","E38000049","E63011463","C1","7A3",51.804782,-0.199643,"E37000048","","E23000027",7164,"E56000035","E54000025","E00190274","E01035604","E02004986"
"AL7 1HX","AL7  1HX","AL7 1HX","200604","","E10000015","E58000623","E07000241","E05011069","E43000083","0","524369","0212982","1","E18000006","E40000007","E92000001","E12000006","5","E14001573","E15000006","E24000005","E30000272","E16000150","E07000241","26ULGX","E00121637","26ULGX","E65000001","E01023954","E02004986","5","5B2","E00121637","E01023954","E02004986","E33024499","E38000049","E63011463","C1","7A3",51.801666,-0.197698,"E37000048","","E23000027",7164,"E56000035","E54000025","E00190340","E01035604","E02004986"
"AL7 1HY","AL7  1HY","AL7 1HY","198001","199412","E10000015","E58000623","E07000241","E05011069","E43000083","1","524400","0212900","8","E18000006","E40000007","E92000001","E12000006","5","E14001573","E15000006","E24000005","E30000272","E16000150","E07000241","26ULGX","E00121637","26ULGX","E65000001","E01023954","E02004986","5","5B2","E00121637","E01023954","E02004986","E33024498","E38000049","E63011463","C1","7A3",51.800916,-0.197302,"E37000048","","E23000027",7164,"E56000035","E54000025","E00190340","E01035604","E02004986"
"AL7 1HZ","AL7  1HZ","AL7 1HZ","199606","200505","E10000015","E58000623","E07000241","E05011069","E43000083","1","524671","0212932","1","E18000006","E40000007","E92000001","E12000006","5","E14001573","E15000006","E24000005","E30000272","E16000150","E07000241","26ULGX","E00121637","26ULGX","E65000001","E01023954","E02004986","5","5B2","E00121637","E01023954","E02004986","E33024497","E38000049","E63011463","C1","7A3",51.801143,-0.193363,"E37000048","","E23000027",7164,"E56000035","E54000025","E00190264","E01035604","E02004986"
"AL7 1JA","AL7  1JA","AL7 1JA","198001","","E10000015","E58000623","E07000241","E05011069","E43000083","0","524876","0212955","1","E18000006","E40000007","E92000001","E12000006","5","E14001573","E15000006","E24000005","E30000272","E16000150","E07000241","26ULGX","E00121635","26ULGX","E65000001","E01023958","E02004986","5","1A3","E00121635","E01023958","E02004986","E33024494","E38000049","E63011463","C1","4A1",51.801304,-0.190383,"E37000048","","E23000027",7219,"E56000035","E54000025","E00121635","E01023958","E02004986"
"AL7 1JB","AL7  1JB","AL7 1JB","200304","200504","E10000015","E58000622","E07000241","E05011059","E43000083","1","525237","0213014","1","E18000006","E40000007","E92000001","E12000006","5","E14001573","E15000006","E24000005","E30000272","E16000150","E07000241","26ULGK","E00121425","26ULGK","E65000001","E01023912","E02004983","5","6C1","E00121425","E01023912","E02004983","E33024471","E38000049","E63011463","C1","7A2",51.801754,-0.185129,"E37000048","","E23000027",27552,"E56000035","E54000025","E00121425","E01023912","E02004983"
"AL7 1JD","AL7  1JD","AL7 1JD","198001","","E10000015","E58000623","E07000241","E05011069","E43000083","0","524966","0212849","1","E18000006","E40000007","E92000001","E12000006","5","E14001573","E15000006","E24000005","E30000272","E16000150","E07000241","26ULGX","E00121635","26ULGX","E65000001","E01023958","E02004986","5","1A3","E00121635","E01023958","E02004986","E33024494","E38000049","E63011463","C1","4A1",51.800331,-0.189117,"E37000048","","E23000027",7219,"E56000035","E54000025","E00121635","E01023958","E02004986"
"AL7 1JE","AL7  1JE","AL7 1JE","199612","","E10000015","E58000623","E07000241","E05011069","E43000083","0","524434","0213019","1","E18000006","E40000007","E92000001","E12000006","5","E14001573","E15000006","E24000005","E30000272","E16000150","E07000241","26ULGX","E00121637","26ULGX","E65000001","E01023954","E02004986","5","5B2","E00121637","E01023954","E02004986","E33024499","E38000049","E63011463","C1","7A3",51.801978,-0.196767,"E37000048","","E23000027",7164,"E56000035","E54000025","E00190264","E01035604","E02004986"
"AL7 1JF","AL7  1JF","AL7 1JF","198001","199412","E10000015","E58000623","E07000241","E05011069","E43000083","1","525000","0212700","8","E18000006","E40000007","E92000001","E12000006","5","E14001573","E15000006","E24000005","E30000272","E16000150","E07000241","26ULGX","E00121635","26ULGX","E65000001","E01023958","E02004986","5","1A3","E00121635","E01023958","E02004986","E33024494","E38000049","E63011463","C1","4A1",51.798985,-0.188678,"E37000048","","E23000027",7219,"E56000035","E54000025","E00121635","E01023958","E02004986"
"AL7 1JG","AL7  1JG","AL7 1JG","199002","","E10000015","E58000623","E07000241","E05011069","E43000083","0","524825","0213029","1","E18000006","E40000007","E92000001","E12000006","5","E14001573","E15000006","E24000005","E30000272","E16000150","E07000241","26ULGX","E00121637","26ULGX","E65000001","E01023954","E02004986","5","5B2","E00121637","E01023954","E02004986","E33024500","E38000049","E63011463","C1","7A3",51.801987,-0.191071,"E37000048","","E23000027",7164,"E56000035","E54000025","E00190264","E01035604","E02004986"
"AL7 1JH","AL7  1JH","AL7 1JH","198001","199412","E10000015","E58000623","E07000241","E05011069","E43000083","1","524900","0212700","8","E18000006","E40000007","E92000001","E12000006","5","E14001573","E15000006","E24000005","E30000272","E16000150","E07000241","26ULGX","E00121635","26ULGX","E65000001","E01023958","E02004986","5","1A3","E00121635","E01023958","E02004986","E33024495","E38000049","E63011463","C1","4A1",51.799007,-0.190127,"E37000048","","E23000027",7219,"E56000035","E54000025","E00121635","E01023958","E02004986"
"AL7 1JJ","AL7  1JJ","AL7 1JJ","198106","199412","E10000015","E58000623","E07000241","E05011069","E43000083","1","524800","0212800","8","E18000006","E40000007","E92000001","E12000006","5","E14001573","E15000006","E24000005","E30000272","E16000150","E07000241","26ULGX","E00121635","26ULGX","E65000001","E01023958","E02004986","5","1A3","E00121635","E01023958","E02004986","E33024494","E38000049","E63011463","C1","4A1",51.799928,-0.191541,"E37000048","","E23000027",7219,"E56000035","E54000025","E00121635","E01023958","E02004986"
"AL7 1JL","AL7  1JL","AL7 1JL","198001","199507","E10000015","E58000623","E07000241","E05011069","E43000083","0","524700","0212800","8","E18000006","E40000007","E92000001","E12000006","5","E14001573","E15000006","E24000005","E30000272","E16000150","E07000241","26ULGX","E00121637","26ULGX","E65000001","E01023954","E02004986","5","5B2","E00121637","E01023954","E02004986","E33024503","E38000049","E63011463","C1","7A3",51.799950,-0.192990,"E37000048","","E23000027",7164,"E56000035","E54000025","E00190264","E01035604","E02004986"
"AL7 1JN","AL7  1JN","AL7 1JN","198001","","E10000015","E58000623","E07000241","E05011069","E43000083","0","524894","0212645","1","E18000006","E40000007","E92000001","E12000006","5","E14001573","E15000006","E24000005","E30000272","E16000150","E07000241","26ULGX","E00121636","26ULGX","E65000001","E01023958","E02004986","5","1A3","E00121636","E01023958","E02004986","E33027642","E38000049","E63011463","C1","7A3",51.798514,-0.190234,"E37000048","","E23000027",7219,"E56000035","E54000025","E00121636","E01023958","E02004986"
"AL7 1JP","AL7  1JP","AL7 1JP","198704","200103","E10000015","E58000623","E07000241","E05011069","E43000083","1","524833","0212985","1","E18000006","E40000007","E92000001","E12000006","5","E14001573","E15000006","E24000005","E30000272","E16000150","E07000241","26ULGX","E00121637","26ULGX","E65000001","E01023954","E02004986","5","5B2","E00121637","E01023954","E02004986","E33024500","E38000049","E63011463","C1","7A3",51.801583,-0.190996,"E37000048","","E23000027",7164,"E56000035","E54000025","E00190264","E01035604","E02004986"
"AL7 1JQ","AL7  1JQ","AL7 1JQ","199507","","E10000015","E58000623","E07000241","E05011069","E43000083","0","524986","0212732","1","E18000006","E40000007","E92000001","E12000006","5","E14001573","E15000006","E24000005","E30000272","E16000150","E07000241","26ULGX","E00121635","26ULGX","E65000001","E01023958","E02004986","5","1A3","E00121635","E01023958","E02004986","E33024494","E38000049","E63011463","C1","4A1",51.799276,-0.188869,"E37000048","","E23000027",7219,"E56000035","E54000025","E00121635","E01023958","E02004986"
"AL7 1JR","AL7  1JR","AL7 1JR","199606","","E10000015","E58000623","E07000241","E05011069","E43000083","0","524571","0212917","1","E18000006","E40000007","E92000001","E12000006","5","E14001573","E15000006","E24000005","E30000272","E16000150","E07000241","26ULGX","E00121637","26ULGX","E65000001","E01023954","E02004986","5","5B2","E00121637","E01023954","E02004986","E33024497","E38000049","E63011463","C1","7A3",51.801037,-0.194793,"E37000048","","E23000027",7164,"E56000035","E54000025","E00190264","E01035604","E02004986"
"AL7 1JS","AL7  1JS","AL7 1JS","198504","200505","E10000015","E58000623","E07000241","E05011069","E43000083","1","524500","0212900","5","E18000006","E40000007","E92000001","E12000006","5","E14001573","E15000006","E24000005","E30000272","E16000150","E07000241","26ULGX","E00121637","26ULGX","E65000001","E01023954","E02004986","5","5B2","E00121637","E01023954","E02004986","E33024503","E38000049","E63011463","C1","7A3",51.800894,-0.195853,"E37000048","","E23000027",7164,"E56000035","E54000025","E00190340","E01035604","E02004986"
"AL7 1JT","AL7  1JT","AL7 1JT","199606","199806","E10000015","E58000622","E07000241","E05011059","E43000083","1","524981","0213952","6","E18000006","E40000007","E92000001","E12000006","5","E14001573","E15000006","E24000005","E30000272","E16000150","E07000241","26ULGK","E00121421","26ULGK","E65000001","E01023912","E02004983","5","1C3","E00121421","E01023912","E02004983","E33024469","E38000049","E63011463","C1","8B2",51.810240,-0.188502,"E37000048","","E23000027",27552,"E56000035","E54000025","E00121421","E01023912","E02004983"
"AL7 1JU","AL7  1JU","AL7 1JU","198001","","E10000015","E58000623","E07000241","E05011069","E43000083","0","524608","0212827","1","E18000006","E40000007","E92000001","E12000006","5","E14001573","E15000006","E24000005","E30000272","E16000150","E07000241","26ULGX","E00121637","26ULGX","E65000001","E01023954","E02004986","5","5B2","E00121637","E01023954","E02004986","E33024503","E38000049","E63011463","C1","7A3",51.800214,-0.194314,"E37000048","","E23000027",7164,"E56000035","E54000025","E00190264","E01035604","E02004986"
"AL7 1JW","AL7  1JW","AL7 1JW","199706","200305","E10000015","E58000623","E07000241","E05011069","E43000083","1","524868","0212646","1","E18000006","E40000007","E92000001","E12000006","5","E14001573","E15000006","E24000005","E30000272","E16000150","E07000241","26ULGX","E00121636","26ULGX","E65000001","E01023958","E02004986","5","1A3","E00121636","E01023958","E02004986","E33027642","E38000049","E63011463","C1","7A3",51.798529,-0.190610,"E37000048","","E23000027",7219,"E56000035","E54000025","E00121636","E01023958","E02004986"
"AL7 1JX","AL7  1JX","AL7 1JX","198001","199112","E10000015","E58000623","E07000241","E05011069","E43000083","0","524000","0212900","8","E18000006","E40000007","E92000001","E12000006","5","E14001573","E15000006","E24000005","E30000272","E16000150","E07000241","26ULGX","E00121641","26ULGX","E65000001","E01023954","E02004986","5","5B3","E00121641","E01023954","E02004986","E33027643","E38000049","E63011463","C1","4A3",51.801005,-0.203100,"E37000048","","E23000027",7164,"E56000035","E54000025","E00190254","E01035605","E02004986"
"AL7 1JY","AL7  1JY","AL7 1JY","198001","","E10000015","E58000623","E07000241","E05011069","E43000083","0","524691","0212766","1","E18000006","E40000007","E92000001","E12000006","5","E14001573","E15000006","E24000005","E30000272","E16000150","E07000241","26ULGX","E00121637","26ULGX","E65000001","E01023954","E02004986","5","5B2","E00121637","E01023954","E02004986","E33024503","E38000049","E63011463","C1","7A3",51.799647,-0.193133,"E37000048","","E23000027",7164,"E56000035","E54000025","E00190264","E01035604","E02004986"
"AL7 1JZ","AL7  1JZ","AL7 1JZ","198504","199812","E10000015","E58000623","E07000241","E05011069","E43000083","1","524800","0212900","8","E18000006","E40000007","E92000001","E12000006","5","E14001573","E15000006","E24000005","E30000272","E16000150","E07000241","26ULGX","E00121635","26ULGX","E65000001","E01023958","E02004986","5","1A3","E00121635","E01023958","E02004986","E33024494","E38000049","E63011463","C1","4A1",51.800827,-0.191505,"E37000048","","E23000027",7219,"E56000035","E54000025","E00121635","E01023958","E02004986"
"AL7 1LA","AL7  1LA","AL7 1LA","200302","","E10000015","E58000623","E07000241","E05011069","E43000083","0","524806","0212770","1","E18000006","E40000007","E92000001","E12000006","5","E14001573","E15000006","E24000005","E30000272","E16000150","E07000241","26ULGX","E00121635","26ULGX","E65000001","E01023958","E02004986","5","1A3","E00121635","E01023958","E02004986","E33024494","E38000049","E63011463","C1","4A1",51.799657,-0.191464,"E37000048","","E23000027",7219,"E56000035","E54000025","E00121635","E01023958","E02004986"
"AL7 1LB","AL7  1LB","AL7 1LB","199002","199501","E10000015","E58000622","E07000241","E05011059","E43000083","1","524700","0213700","8","E18000006","E40000007","E92000001","E12000006","5","E14001573","E15000006","E24000005","E30000272","E16000150","E07000241","26ULGK","E00121417","26ULGK","E65000001","E01023915","E02004983","5","1A3","E00121417","E01023915","E02004983","E33024467","E38000049","E63011463","C1","8D2",51.808038,-0.192667,"E37000048","","E23000027",18997,"E56000035","E54000025","E00121417","E01023915","E02004983"
"AL7 1LD","AL7  1LD","AL7 1LD","198504","201105","E10000015","E58000622","E07000241","E05011059","E43000083","1","524724","0213508","1","E18000006","E40000007","E92000001","E12000006","5","E14001573","E15000006","E24000005","E30000272","E16000150","E07000241","26ULGK","E00121425","26ULGK","E65000001","E01023912","E02004983","5","6C1","E00121425","E01023912","E02004983","E33024473","E38000049","E63011463","C1","7A2",51.806308,-0.192388,"E37000048","","E23000027",27552,"E56000035","E54000025","E00121425","E01023912","E02004983"
"AL7 1LE","AL7  1LE","AL7 1LE","198604","","E10000015","E58000623","E07000241","E05011069","E43000083","0","524512","0212950","1","E18000006","E40000007","E92000001","E12000006","5","E14001573","E15000006","E24000005","E30000272","E16000150","E07000241","26ULGX","E00121637","26ULGX","E65000001","E01023954","E02004986","5","5B2","E00121637","E01023954","E02004986","E33024497","E38000049","E63011463","C1","7A3",51.801340,-0.195661,"E37000048","","E23000027",7164,"E56000035","E54000025","E00190264","E01035604","E02004986"
"AL7 1LF","AL7  1LF","AL7 1LF","198607","200402","E10000015","E58000623","E07000241","E05011069","E43000083","1","524487","0213299","1","E18000006","E40000007","E92000001","E12000006","5","E14001573","E15000006","E24000005","E30000272","E16000150","E07000241","26ULGX","E00121637","26ULGX","E65000001","E01023954","E02004986","5","5B2","E00121637","E01023954","E02004986","E33024496","E38000049","E63011463","C1","7A3",51.804482,-0.195898,"E37000048","","E23000027",7164,"E56000035","E54000025","E00190264","E01035604","E02004986"
"AL7 1LG","AL7  1LG","AL7 1LG","198704","201508","E10000015","E58000623","E07000241","E05011069","E43000083","1","524586","0212998","1","E18000006","E40000007","E92000001","E12000006","5","E14001573","E15000006","E24000005","E30000272","E16000150","E07000241","26ULGX","E00121637","26ULGX","E65000001","E01023954","E02004986","5","5B2","E00121637","E01023954","E02004986","E33024497","E38000049","E63011463","C1","7A3",51.801755,-0.194571,"E37000048","","E23000027",7164,"E56000035","E54000025","E00190264","E01035604","E02004986"
"AL7 1LH","AL7  1LH","AL7 1LH","199002","199906","E10000015","E58000622","E07000241","E05011059","E43000083","1","524700","0213700","8","E18000006","E40000007","E92000001","E12000006","5","E14001573","E15000006","E24000005","E30000272","E16000150","E07000241","26ULGK","E00121417","26ULGK","E65000001","E01023915","E02004983","5","1A3","E00121417","E01023915","E02004983","E33024467","E38000049","E63011463","C1","8D2",51.808038,-0.192667,"E37000048","","E23000027",18997,"E56000035","E54000025","E00121417","E01023915","E02004983"
"AL7 1LJ","AL7  1LJ","AL7 1LJ","198001","199501","E10000015","E58000622","E07000241","E05011059","E43000083","1","525000","0213700","8","E18000006","E40000007","E92000001","E12000006","5","E14001573","E15000006","E24000005","E30000272","E16000150","E07000241","26ULGK","E00121421","26ULGK","E65000001","E01023912","E02004983","5","1C3","E00121421","E01023912","E02004983","E33024468","E38000049","E63011463","C1","8B2",51.807971,-0.188318,"E37000048","","E23000027",27552,"E56000035","E54000025","E00121421","E01023912","E02004983"
"AL7 1LL","AL7  1LL","AL7 1LL","198504","199501","E10000015","E58000623","E07000241","E05011069","E43000083","1","524400","0212900","8","E18000006","E40000007","E92000001","E12000006","5","E14001573","E15000006","E24000005","E30000272","E16000150","E07000241","26ULGX","E00121637","26ULGX","E65000001","E01023954","E02004986","5","5B2","E00121637","E01023954","E02004986","E33024498","E38000049","E63011463","C1","7A3",51.800916,-0.197302,"E37000048","","E23000027",7164,"E56000035","E54000025","E00190340","E01035604","E02004986"
"AL7 1LN","AL7  1LN","AL7 1LN","198001","200103","E10000015","E58000623","E07000241","E05011069","E43000083","1","524846","0212856","1","E18000006","E40000007","E92000001","E12000006","5","E14001573","E15000006","E24000005","E30000272","E16000150","E07000241","26ULGX","E00121635","26ULGX","E65000001","E01023958","E02004986","5","1A3","E00121635","E01023958","E02004986","E33024494","E38000049","E63011463","C1","4A1",51.800421,-0.190854,"E37000048","","E23000027",7219,"E56000035","E54000025","E00121635","E01023958","E02004986"
"AL7 1LP","AL7  1LP","AL7 1LP","198001","","E10000015","E58000623","E07000241","E05011069","E43000083","0","524873","0212725","1","E18000006","E40000007","E92000001","E12000006","5","E14001573","E15000006","E24000005","E30000272","E16000150","E07000241","26ULGX","E00121635","26ULGX","E65000001","E01023958","E02004986","5","1A3","E00121635","E01023958","E02004986","E33024495","E38000049","E63011463","C1","4A1",51.799238,-0.190509,"E37000048","","E23000027",7219,"E56000035","E54000025","E00121635","E01023958","E02004986"
"AL7 1LQ","AL7  1LQ","AL7 1LQ","199002","199507","E10000015","E58000623","E07000241","E05011069","E43000083","1","524300","0213200","8","E18000006","E40000007","E92000001","E12000006","5","E14001573","E15000006","E24000005","E30000272","E16000150","E07000241","26ULGX","E00121637","26ULGX","E65000001","E01023954","E02004986","5","5B2","E00121637","E01023954","E02004986","E33024501","E38000049","E63011463","C1","7A3",51.803634,-0.198644,"E37000048","","E23000027",7164,"E56000035","E54000025","E00190274","E01035604","E02004986"
"AL7 1LR","AL7  1LR","AL7 1LR","198203","200102","E10000015","E58000623","E07000241","E05011069","E43000083","1","524587","0213015","1","E18000006","E40000007","E92000001","E12000006","5","E14001573","E15000006","E24000005","E30000272","E16000150","E07000241","26ULGX","E00121637","26ULGX","E65000001","E01023954","E02004986","5","5B2","E00121637","E01023954","E02004986","E33024497","E38000049","E63011463","C1","7A3",51.801908,-0.194551,"E37000048","","E23000027",7164,"E56000035","E54000025","E00190264","E01035604","E02004986"
"AL7 1LS","AL7  1LS","AL7 1LS","199002","199806","E10000015","E58000622","E07000241","E05011059","E43000083","1","524690","0213845","8","E18000006","E40000007","E92000001","E12000006","5","E14001573","E15000006","E24000005","E30000272","E16000150","E07000241","26ULGK","E00121417","26ULGK","E65000001","E01023915","E02004983","5","1A3","E00121417","E01023915","E02004983","E33024466","E38000049","E63011463","C1","8D2",51.809344,-0.192759,"E37000048","","E23000027",18997,"E56000035","E54000025","E00121417","E01023915","E02004983"
"AL7 1LT","AL7  1LT","AL7 1LT","198301","","E10000015","E58000622","E07000241","E05011059","E43000083","0","525124","0213009","1","E18000006","E40000007","E92000001","E12000006","5","E14001573","E15000006","E24000005","E30000272","E16000150","E07000241","26ULGK","E00121425","26ULGK","E65000001","E01023912","E02004983","5","6C1","E00121425","E01023912","E02004983","E33024474","E38000049","E63011463","C1","7A2",51.801734,-0.186769,"E37000048","","E23000027",27552,"E56000035","E54000025","E00121425","E01023912","E02004983"
"AL7 1LU","AL7  1LU","AL7 1LU","198307","201405","E10000015","E58000623","E07000241","E05011069","E43000083","1","524487","0213299","1","E18000006","E40000007","E92000001","E12000006","5","E14001573","E15000006","E24000005","E30000272","E16000150","E07000241","26ULGX","E00121637","26ULGX","E65000001","E01023954","E02004986","5","5B2","E00121637","E01023954","E02004986","E33024496","E38000049","E63011463","C1","7A3",51.804482,-0.195898,"E37000048","","E23000027",7164,"E56000035","E54000025","E00190264","E01035604","E02004986"
"AL7 1LW","AL7  1LW","AL7 1LW","198001","199806","E10000015","E58000622","E07000241","E05011059","E43000083","1","524981","0213952","6","E18000006","E40000007","E92000001","E12000006","5","E14001573","E15000006","E24000005","E30000272","E16000150","E07000241","26ULGK","E00121421","26ULGK","E65000001","E01023912","E02004983","5","1C3","E00121421","E01023912","E02004983","E33024469","E38000049","E63011463","C1","8B2",51.810240,-0.188502,"E37000048","","E23000027",27552,"E56000035","E54000025","E00121421","E01023912","E02004983"
"AL7 1LX","AL7  1LX","AL7 1LX","198504","199507","E10000015","E58000623","E07000241","E05011069","E43000083","1","524900","0212700","8","E18000006","E40000007","E92000001","E12000006","5","E14001573","E15000006","E24000005","E30000272","E16000150","E07000241","26ULGX","E00121635","26ULGX","E65000001","E01023958","E02004986","5","1A3","E00121635","E01023958","E02004986","E33024495","E38000049","E63011463","C1","4A1",51.799007,-0.190127,"E37000048","","E23000027",7219,"E56000035","E54000025","E00121635","E01023958","E02004986"
"AL7 1LY","AL7  1LY","AL7 1LY","199101","","E10000015","E58000622","E07000241","E05011059","E43000083","0","525058","0213214","1","E18000006","E40000007","E92000001","E12000006","5","E14001573","E15000006","E24000005","E30000272","E16000150","E07000241","26ULGK","E00121425","26ULGK","E65000001","E01023912","E02004983","5","6C1","E00121425","E01023912","E02004983","E33024470","E38000049","E63011463","C1","7A2",51.803598,-0.187627,"E37000048","","E23000027",27552,"E56000035","E54000025","E00121425","E01023912","E02004983"
"AL7 1LZ","AL7  1LZ","AL7 1LZ","199101","201008","E10000015","E58000622","E07000241","E05011059","E43000083","1","525072","0213816","1","E18000006","E40000007","E92000001","E12000006","5","E14001573","E15000006","E24000005","E30000272","E16000150","E07000241","26ULGK","E00121421","26ULGK","E65000001","E01023912","E02004983","5","1C3","E00121421","E01023912","E02004983","E33024468","E38000049","E63011463","C1","8B2",51.808998,-0.187232,"E37000048","","E23000027",27552,"E56000035","E54000025","E00121421","E01023912","E02004983"
"AL7 1NA","AL7  1NA","AL7 1NA","198001","","E10000015","E58000622","E07000241","E05011059","E43000083","0","525100","0214153","1","E18000006","E40000007","E92000001","E12000006","5","E14001573","E15000006","E24000005","E30000272","E16000150","E07000241","26ULGK","E00121414","26ULGK","E65000001","E01023914","E02004983","5","1C3","E00121414","E01023914","E02004983","E33027636","E38000049","E63011463","C1","8A1",51.812026,-0.186680,"E37000048","","E23000027",12508,"E56000035","E54000025","E00121414","E01023914","E02004983"
"AL7 1NB","AL7  1NB","AL7 1NB","198001","","E10000015","E58000622","E07000241","E05011059","E43000083","0","524938","0214207","1","E18000006","E40000007","E92000001","E12000006","5","E14001573","E15000006","E24000005","E30000272","E16000150","E07000241","26ULGK","E00121420","26ULGK","E65000001","E01023914","E02004983","5","5B2","E00121420","E01023914","E02004983","E33027636","E38000049","E63011463","C1","8C1",51.812548,-0.189009,"E37000048","","E23000027",12508,"E56000035","E54000025","E00121420","E01023914","E02004983"
"AL7 1ND","AL7  1ND","AL7 1ND","198001","","E10000015","E58000622","E07000241","E05011059","E43000083","0","525073","0214104","1","E18000006","E40000007","E92000001","E12000006","5","E14001573","E15000006","E24000005","E30000272","E16000150","E07000241","26ULGK","E00121420","26ULGK","E65000001","E01023914","E02004983","5","5B2","E00121420","E01023914","E02004983","E33027636","E38000049","E63011463","C1","8C1",51.811586,-0.187114,"E37000048","","E23000027",12508,"E56000035","E54000025","E00121420","E01023914","E02004983"
"AL7 1NE","AL7  1NE","AL7 1NE","198001","","E10000015","E58000622","E07000241","E05011059","E43000083","0","525151","0214143","1","E18000006","E40000007","E92000001","E12000006","5","E14001573","E15000006","E24000005","E30000272","E16000150","E07000241","26ULGK","E00121414","26ULGK","E65000001","E01023914","E02004983","5","1C3","E00121414","E01023914","E02004983","E33027636","E38000049","E63011463","C1","8A1",51.811919,-0.185969,"E37000048","","E23000027",12508,"E56000035","E54000025","E00121414","E01023914","E02004983"
"AL7 1NF","AL7  1NF","AL7 1NF","198001","","E10000015","E58000622","E07000241","E05011059","E43000083","0","525190","0213943","1","E18000006","E40000007","E92000001","E12000006","5","E14001573","E15000006","E24000005","E30000272","E16000150","E07000241","26ULGK","E00121421","26ULGK","E65000001","E01023912","E02004983","5","1C3","E00121421","E01023912","E02004983","E33024469","E38000049","E63011463","C1","8B2",51.810119,-0.185451,"E37000048","","E23000027",27552,"E56000035","E54000025","E00121421","E01023912","E02004983"
"AL7 1NG","AL7  1NG","AL7 1NG","198001","","E10000015","E58000622","E07000241","E05011059","E43000083","0","525128","0213877","1","E18000006","E40000007","E92000001","E12000006","5","E14001573","E15000006","E24000005","E30000272","E16000150","E07000241","26ULGK","E00121421","26ULGK","E65000001","E01023912","E02004983","5","1C3","E00121421","E01023912","E02004983","E33024469","E38000049","E63011463","C1","8B2",51.809540,-0.186374,"E37000048","","E23000027",27552,"E56000035","E54000025","E00121421","E01023912","E02004983"
"AL7 1NH","AL7  1NH","AL7 1NH","198001","","E10000015","E58000622","E07000241","E05011059","E43000083","0","525132","0213976","1","E18000006","E40000007","E92000001","E12000006","5","E14001573","E15000006","E24000005","E30000272","E16000150","E07000241","26ULGK","E00121421","26ULGK","E65000001","E01023912","E02004983","5","1C3","E00121421","E01023912","E02004983","E33024469","E38000049","E63011463","C1","8B2",51.810429,-0.186280,"E37000048","","E23000027",27552,"E56000035","E54000025","E00121421","E01023912","E02004983"
"AL7 1NJ","AL7  1NJ","AL7 1NJ","198001","","E10000015","E58000622","E07000241","E05011059","E43000083","0","525047","0214050","1","E18000006","E40000007","E92000001","E12000006","5","E14001573","E15000006","E24000005","E30000272","E16000150","E07000241","26ULGK","E00121420","26ULGK","E65000001","E01023914","E02004983","5","5B2","E00121420","E01023914","E02004983","E33027636","E38000049","E63011463","C1","8C1",51.811106,-0.187510,"E37000048","","E23000027",12508,"E56000035","E54000025","E00121420","E01023914","E02004983"
"AL7 1NL","AL7  1NL","AL7 1NL","198001","","E10000015","E58000622","E07000241","E05011059","E43000083","0","524999","0213987","1","E18000006","E40000007","E92000001","E12000006","5","E14001573","E15000006","E24000005","E30000272","E16000150","E07000241","26ULGK","E00121421","26ULGK","E65000001","E01023912","E02004983","5","1C3","E00121421","E01023912","E02004983","E33024469","E38000049","E63011463","C1","8B2",51.810557,-0.188204,"E37000048","","E23000027",27552,"E56000035","E54000025","E00121421","E01023912","E02004983"
"AL7 1NN","AL7  1NN","AL7 1NN","198001","","E10000015","E58000622","E07000241","E05011059","E43000083","0","524898","0214018","1","E18000006","E40000007","E92000001","E12000006","5","E14001573","E15000006","E24000005","E30000272","E16000150","E07000241","26ULGK","E00121417","26ULGK","E65000001","E01023915","E02004983","5","1A3","E00121417","E01023915","E02004983","E33024466","E38000049","E63011463","C1","8D2",51.810858,-0.189657,"E37000048","","E23000027",18997,"E56000035","E54000025","E00121417","E01023915","E02004983"
"AL7 1NP","AL7  1NP","AL7 1NP","198001","","E10000015","E58000622","E07000241","E05011059","E43000083","0","524921","0214109","1","E18000006","E40000007","E92000001","E12000006","5","E14001573","E15000006","E24000005","E30000272","E16000150","E07000241","26ULGK","E00121420","26ULGK","E65000001","E01023914","E02004983","5","5B2","E00121420","E01023914","E02004983","E33027636","E38000049","E63011463","C1","8C1",51.811671,-0.189291,"E37000048","","E23000027",12508,"E56000035","E54000025","E00121420","E01023914","E02004983"
"AL7 1NQ","AL7  1NQ","AL7 1NQ","198001","","E10000015","E58000622","E07000241","E05011059","E43000083","0","525052","0213908","1","E18000006","E40000007","E92000001","E12000006","5","E14001573","E15000006","E24000005","E30000272","E16000150","E07000241","26ULGK","E00121421","26ULGK","E65000001","E01023912","E02004983","5","1C3","E00121421","E01023912","E02004983","E33024469","E38000049","E63011463","C1","8B2",51.809829,-0.187489,"E37000048","","E23000027",27552,"E56000035","E54000025","E00121421","E01023912","E02004983"
"AL7 1NR","AL7  1NR","AL7 1NR","198001","","E10000015","E58000622","E07000241","E05011059","E43000083","0","524889","0214161","1","E18000006","E40000007","E92000001","E12000006","5","E14001573","E15000006","E24000005","E30000272","E16000150","E07000241","26ULGK","E00121420","26ULGK","E65000001","E01023914","E02004983","5","5B2","E00121420","E01023914","E02004983","E33027636","E38000049","E63011463","C1","8C1",51.812146,-0.189736,"E37000048","","E23000027",12508,"E56000035","E54000025","E00121420","E01023914","E02004983"
"AL7 1NS","AL7  1NS","AL7 1NS","198001","","E10000015","E58000622","E07000241","E05011059","E43000083","0","524962","0214111","1","E18000006","E40000007","E92000001","E12000006","5","E14001573","E15000006","E24000005","E30000272","E16000150","E07000241","26ULGK","E00121420","26ULGK","E65000001","E01023914","E02004983","5","5B2","E00121420","E01023914","E02004983","E33027636","E38000049","E63011463","C1","8C1",51.811680,-0.188696,"E37000048","","E23000027",12508,"E56000035","E54000025","E00121420","E01023914","E02004983"
"AL7 1NT","AL7  1NT","AL7 1NT","198001","","E10000015","E58000622","E07000241","E05011059","E43000083","0","525009","0214335","1","E18000006","E40000007","E92000001","E12000006","5","E14001573","E15000006","E24000005","E30000272","E16000150","E07000241","26ULGK","E00121419","26ULGK","E65000001","E01023914","E02004983","5","1C1","E00121419","E01023914","E02004983","E33027636","E38000049","E63011463","C1","8C1",51.813682,-0.187934,"E37000048","","E23000027",12508,"E56000035","E54000025","E00121419","E01023914","E02004983"
"AL7 1NU","AL7  1NU","AL7 1NU","198001","","E10000015","E58000622","E07000241","E05011059","E43000083","0","524996","0214235","1","E18000006","E40000007","E92000001","E12000006","5","E14001573","E15000006","E24000005","E30000272","E16000150","E07000241","26ULGK","E00121414","26ULGK","E65000001","E01023914","E02004983","5","1C3","E00121414","E01023914","E02004983","E33027636","E38000049","E63011463","C1","8A1",51.812787,-0.188158,"E37000048","","E23000027",12508,"E56000035","E54000025","E00121414","E01023914","E02004983"
"AL7 1NW","AL7  1NW","AL7 1NW","198001","","E10000015","E58000622","E07000241","E05011059","E43000083","0","524827","0214107","1","E18000006","E40000007","E92000001","E12000006","5","E14001573","E15000006","E24000005","E30000272","E16000150","E07000241","26ULGK","E00121417","26ULGK","E65000001","E01023915","E02004983","5","1A3","E00121417","E01023915","E02004983","E33024466","E38000049","E63011463","C1","8D2",51.811674,-0.190655,"E37000048","","E23000027",18997,"E56000035","E54000025","E00121417","E01023915","E02004983"
"AL7 1NX","AL7  1NX","AL7 1NX","198001","","E10000015","E58000622","E07000241","E05011059","E43000083","0","525048","0214334","1","E18000006","E40000007","E92000001","E12000006","5","E14001573","E15000006","E24000005","E30000272","E16000150","E07000241","26ULGK","E00121419","26ULGK","E65000001","E01023914","E02004983","5","1C1","E00121419","E01023914","E02004983","E33027636","E38000049","E63011463","C1","8C1",51.813665,-0.187369,"E37000048","","E23000027",12508,"E56000035","E54000025","E00121419","E01023914","E02004983"
"AL7 1NY","AL7  1NY","AL7 1NY","198001","","E10000015","E58000622","E07000241","E05011059","E43000083","0","525007","0214399","1","E18000006","E40000007","E92000001","E12000006","5","E14001573","E15000006","E24000005","E30000272","E16000150","E07000241","26ULGK","E00121418","26ULGK","E65000001","E01023914","E02004983","5","5B3","E00121418","E01023914","E02004983","E33027636","E38000049","E63011463","C1","7A3",51.814258,-0.187940,"E37000048","","E23000027",12508,"E56000035","E54000025","E00121418","E01023914","E02004983"
"AL7 1NZ","AL7  1NZ","AL7 1NZ","198001","","E10000015","E58000622","E07000241","E05011059","E43000083","0","525159","0214366","1","E18000006","E40000007","E92000001","E12000006","5","E14001573","E15000006","E24000005","E30000272","E16000150","E07000241","26ULGK","E00121434","26ULGK","E65000001","E01023914","E02004983","5","5B3","E00121434","E01023914","E02004983","E33027636","E38000049","E63011463","C1","7A3",51.813927,-0.185748,"E37000048","","E23000027",12508,"E56000035","E54000025","E00121434","E01023914","E02004983"
"AL7 1PA","AL7  1PA","AL7 1PA","198001","","E10000015","E58000622","E07000241","E05011059","E43000083","0","525104","0214356","1","E18000006","E40000007","E92000001","E12000006","5","E14001573","E15000006","E24000005","E30000272","E16000150","E07000241","26ULGK","E00121419","26ULGK","E65000001","E01023914","E02004983","5","1C1","E00121419","E01023914","E02004983","E33027636","E38000049","E63011463","C1","8C1",51.813850,-0.186549,"E37000048","","E23000027",12508,"E56000035","E54000025","E00121419","E01023914","E02004983"
"AL7 1PB","AL7  1PB","AL7 1PB","198001","","E10000015","E58000622","E07000241","E05011059","E43000083","0","525116","0214304","1","E18000006","E40000007","E92000001","E12000006","5","E14001573","E15000006","E24000005","E30000272","E16000150","E07000241","26ULGK","E00121419","26ULGK","E65000001","E01023914","E02004983","5","1C1","E00121419","E01023914","E02004983","E33027636","E38000049","E63011463","C1","8C1",51.813380,-0.186394,"E37000048","","E23000027",12508,"E56000035","E54000025","E00121419","E01023914","E02004983"
"AL7 1PD","AL7  1PD","AL7 1PD","198001","","E10000015","E58000622","E07000241","E05011059","E43000083","0","525267","0214247","1","E18000006","E40000007","E92000001","E12000006","5","E14001573","E15000006","E24000005","E30000272","E16000150","E07000241","26ULGK","E00121414","26ULGK","E65000001","E01023914","E02004983","5","1C3","E00121414","E01023914","E02004983","E33027636","E38000049","E63011463","C1","8A1",51.812834,-0.184225,"E37000048","","E23000027",12508,"E56000035","E54000025","E00121414","E01023914","E02004983"
"AL7 1PE","AL7  1PE","AL7 1PE","198001","","E10000015","E58000622","E07000241","E05011059","E43000083","0","525297","0214070","1","E18000006","E40000007","E92000001","E12000006","5","E14001573","E15000006","E24000005","E30000272","E16000150","E07000241","26ULGK","E00121414","26ULGK","E65000001","E01023914","E02004983","5","1C3","E00121414","E01023914","E02004983","E33027636","E38000049","E63011463","C1","8A1",51.811237,-0.183854,"E37000048","","E23000027",12508,"E56000035","E54000025","E00121414","E01023914","E02004983"
"AL7 1PF","AL7  1PF","AL7 1PF","198001","","E10000015","E58000622","E07000241","E05011059","E43000083","0","525349","0214023","1","E18000006","E40000007","E92000001","E12000006","5","E14001573","E15000006","E24000005","E30000272","E16000150","E07000241","26ULGK","E00121414","26ULGK","E65000001","E01023914","E02004983","5","1C3","E00121414","E01023914","E02004983","E33027636","E38000049","E63011463","C1","8A1",51.810802,-0.183117,"E37000048","","E23000027",12508,"E56000035","E54000025","E00121414","E01023914","E02004983"
"AL7 1PG","AL7  1PG","AL7 1PG","198001","","E10000015","E58000622","E07000241","E05011059","E43000083","0","525380","0214002","1","E18000006","E40000007","E92000001","E12000006","5","E14001573","E15000006","E24000005","E30000272","E16000150","E07000241","26ULGK","E00121421","26ULGK","E65000001","E01023912","E02004983","5","1C3","E00121421","E01023912","E02004983","E33024469","E38000049","E63011463","C1","8B2",51.810600,-0.182700,"E37000048","","E23000027",27552,"E56000035","E54000025","E00121421","E01023912","E02004983"
"AL7 1PH","AL7  1PH","AL7 1PH","198001","","E10000015","E58000622","E07000241","E05011059","E43000083","0","525213","0214026","1","E18000006","E40000007","E92000001","E12000006","5","E14001573","E15000006","E24000005","E30000272","E16000150","E07000241","26ULGK","E00121414","26ULGK","E65000001","E01023914","E02004983","5","1C3","E00121414","E01023914","E02004983","E33027636","E38000049","E63011463","C1","8A1",51.810860,-0.185088,"E37000048","","E23000027",12508,"E56000035","E54000025","E00121414","E01023914","E02004983"
"AL7 1PJ","AL7  1PJ","AL7 1PJ","198001","","E10000015","E58000622","E07000241","E05011059","E43000083","0","525227","0214107","1","E18000006","E40000007","E92000001","E12000006","5","E14001573","E15000006","E24000005","E30000272","E16000150","E07000241","26ULGK","E00121419","26ULGK","E65000001","E01023914","E02004983","5","1C1","E00121419","E01023914","E02004983","E33027636","E38000049","E63011463","C1","8C1",51.811585,-0.184855,"E37000048","","E23000027",12508,"E56000035","E54000025","E00121419","E01023914","E02004983"
"AL7 1PL","AL7  1PL","AL7 1PL","198001","","E10000015","E58000622","E07000241","E05011059","E43000083","0","525137","0214228","1","E18000006","E40000007","E92000001","E12000006","5","E14001573","E15000006","E24000005","E30000272","E16000150","E07000241","26ULGK","E00121419","26ULGK","E65000001","E01023914","E02004983","5","1C1","E00121419","E01023914","E02004983","E33027636","E38000049","E63011463","C1","8C1",51.812692,-0.186117,"E37000048","","E23000027",12508,"E56000035","E54000025","E00121419","E01023914","E02004983"
"AL7 1PN","AL7  1PN","AL7 1PN","198001","","E10000015","E58000622","E07000241","E05011059","E43000083","0","525275","0214178","1","E18000006","E40000007","E92000001","E12000006","5","E14001573","E15000006","E24000005","E30000272","E16000150","E07000241","26ULGK","E00121419","26ULGK","E65000001","E01023914","E02004983","5","1C1","E00121419","E01023914","E02004983","E33027636","E38000049","E63011463","C1","8C1",51.812212,-0.184134,"E37000048","","E23000027",12508,"E56000035","E54000025","E00121419","E01023914","E02004983"
"AL7 1PP","AL7  1PP","AL7 1PP","198001","","E10000015","E58000622","E07000241","E05011059","E43000083","0","525175","0214264","1","E18000006","E40000007","E92000001","E12000006","5","E14001573","E15000006","E24000005","E30000272","E16000150","E07000241","26ULGK","E00121414","26ULGK","E65000001","E01023914","E02004983","5","1C3","E00121414","E01023914","E02004983","E33027636","E38000049","E63011463","C1","8A1",51.813007,-0.185553,"E37000048","","E23000027",12508,"E56000035","E54000025","E00121414","E01023914","E02004983"
"AL7 1PQ","AL7  1PQ","AL7 1PQ","198001","","E10000015","E58000622","E07000241","E05011059","E43000083","0","525282","0214033","1","E18000006","E40000007","E92000001","E12000006","5","E14001573","E15000006","E24000005","E30000272","E16000150","E07000241","26ULGK","E00121414","26ULGK","E65000001","E01023914","E02004983","5","1C3","E00121414","E01023914","E02004983","E33027636","E38000049","E63011463","C1","8A1",51.810907,-0.184085,"E37000048","","E23000027",12508,"E56000035","E54000025","E00121414","E01023914","E02004983"
"AL7 1PR","AL7  1PR","AL7 1PR","198001","","E10000015","E58000622","E07000241","E05011059","E43000083","0","525257","0213987","1","E18000006","E40000007","E92000001","E12000006","5","E14001573","E15000006","E24000005","E30000272","E16000150","E07000241","26ULGK","E00121414","26ULGK","E65000001","E01023914","E02004983","5","1C3","E00121414","E01023914","E02004983","E33027636","E38000049","E63011463","C1","8A1",51.810500,-0.184464,"E37000048","","E23000027",12508,"E56000035","E54000025","E00121414","E01023914","E02004983"
"AL7 1PS","AL7  1PS","AL7 1PS","198106","","E10000015","E58000622","E07000241","E05011059","E43000083","0","525340","0214057","1","E18000006","E40000007","E92000001","E12000006","5","E14001573","E15000006","E24000005","E30000272","E16000150","E07000241","26ULGK","E00121414","26ULGK","E65000001","E01023914","E02004983","5","1C3","E00121414","E01023914","E02004983","E33027636","E38000049","E63011463","C1","8A1",51.811110,-0.183235,"E37000048","","E23000027",12508,"E56000035","E54000025","E00121414","E01023914","E02004983"
"AL7 1PT","AL7  1PT","AL7 1PT","199612","199812","E10000015","E58000622","E07000241","E05011059","E43000083","1","524994","0213918","6","E18000006","E40000007","E92000001","E12000006","5","E14001573","E15000006","E24000005","E30000272","E16000150","E07000241","26ULGK","E00121421","26ULGK","E65000001","E01023912","E02004983","5","1C3","E00121421","E01023912","E02004983","E33024469","E38000049","E63011463","C1","8B2",51.809932,-0.188326,"E37000048","","E23000027",27552,"E56000035","E54000025","E00121421","E01023912","E02004983"
"AL7 1PU","AL7  1PU","AL7 1PU","199002","199507","E10000015","E58000622","E07000241","E05011059","E43000083","1","525100","0213400","8","E18000006","E40000007","E92000001","E12000006","5","E14001573","E15000006","E24000005","E30000272","E16000150","E07000241","26ULGK","E00121425","26ULGK","E65000001","E01023912","E02004983","5","6C1","E00121425","E01023912","E02004983","E33024473","E38000049","","C1","7A2",51.805253,-0.186976,"E37000048","","E23000027",27552,"E56000035","E54000025","E00121425","E01023912","E02004983"
"AL7 1PW","AL7  1PW","AL7 1PW","198001","","E10000015","E58000622","E07000241","E05011059","E43000083","0","525076","0214223","1","E18000006","E40000007","E92000001","E12000006","5","E14001573","E15000006","E24000005","E30000272","E16000150","E07000241","26ULGK","E00121419","26ULGK","E65000001","E01023914","E02004983","5","1C1","E00121419","E01023914","E02004983","E33027636","E38000049","E63011463","C1","8C1",51.812661,-0.187003,"E37000048","","E23000027",12508,"E56000035","E54000025","E00121419","E01023914","E02004983"
"AL7 1PX","AL7  1PX","AL7 1PX","199208","200307","E10000015","E58000622","E07000241","E05011059","E43000083","1","525094","0212923","1","E18000006","E40000007","E92000001","E12000006","5","E14001573","E15000006","E24000005","E30000272","E16000150","E07000241","26ULGK","E00121425","26ULGK","E65000001","E01023912","E02004983","5","6C1","E00121425","E01023912","E02004983","E33024474","E38000049","E63011463","C1","7A2",51.800968,-0.187235,"E37000048","","E23000027",27552,"E56000035","E54000025","E00121425","E01023912","E02004983"
"AL7 1PY","AL7  1PY","AL7 1PY","199612","199712","E10000015","E58000622","E07000241","E05011059","E43000083","1","524981","0213952","6","E18000006","E40000007","E92000001","E12000006","5","E14001573","E15000006","E24000005","E30000272","E16000150","E07000241","26ULGK","E00121421","26ULGK","E65000001","E01023912","E02004983","5","1C3","E00121421","E01023912","E02004983","E33024469","E38000049","E63011463","C1","8B2",51.810240,-0.188502,"E37000048","","E23000027",27552,"E56000035","E54000025","E00121421","E01023912","E02004983"
"AL7 1PZ","AL7  1PZ","AL7 1PZ","198307","","E10000015","E58000622","E07000241","E05011059","E43000083","0","525530","0213087","1","E18000006","E40000007","E92000001","E12000006","5","E14001573","E15000006","E24000005","E30000272","E16000150","E07000241","26ULGK","E00121429","26ULGK","E65000001","E01023912","E02004983","5","6A2","E00121429","E01023912","E02004983","E33027635","E38000049","E63011463","C1","5A3",51.802351,-0.180831,"E37000048","","E23000027",27552,"E56000035","E54000025","E00121429","E01023912","E02004983"
"AL7 1QA","AL7  1QA","AL7 1QA","198001","","E10000015","E58000622","E07000241","E05011059","E43000083","1","525354","0212819","1","E18000006","E40000007","E92000001","E12000006","5","E14001573","E15000006","E24000005","E30000272","E16000150","E07000241","26ULGK","E00121429","26ULGK","E65000001","E01023912","E02004983","5","6A2","E00121429","E01023912","E02004983","E33027635","E38000049","E63011463","C1","5A3",51.799975,-0.183504,"E37000048","","E23000027",27552,"E56000035","E54000025","E00121429","E01023912","E02004983"
"AL7 1QB","AL7  1QB","AL7 1QB","199706","200402","E10000015","E58000623","E07000241","E05011069","E43000083","1","524487","0213299","1","E18000006","E40000007","E92000001","E12000006","5","E14001573","E15000006","E24000005","E30000272","E16000150","E07000241","26ULGX","E00121637","26ULGX","E65000001","E01023954","E02004986","5","5B2","E00121637","E01023954","E02004986","E33024496","E38000049","E63011463","C1","7A3",51.804482,-0.195898,"E37000048","","E23000027",7164,"E56000035","E54000025","E00190264","E01035604","E02004986"
"AL7 1QD","AL7  1QD","AL7 1QD","198001","","E10000015","E58000622","E07000241","E05011059","E43000083","0","525620","0213297","1","E18000006","E40000007","E92000001","E12000006","5","E14001573","E15000006","E24000005","E30000272","E16000150","E07000241","26ULGK","E00121428","26ULGK","E65000001","E01023912","E02004983","5","6A2","E00121428","E01023912","E02004983","E33027635","E38000049","E63011463","C1","5A1",51.804218,-0.179450,"E37000048","","E23000027",27552,"E56000035","E54000025","E00121428","E01023912","E02004983"
"AL7 1QE","AL7  1QE","AL7 1QE","198001","","E10000015","E58000622","E07000241","E05011059","E43000083","0","525629","0213242","1","E18000006","E40000007","E92000001","E12000006","5","E14001573","E15000006","E24000005","E30000272","E16000150","E07000241","26ULGK","E00121428","26ULGK","E65000001","E01023912","E02004983","5","6A2","E00121428","E01023912","E02004983","E33027635","E38000049","E63011463","C1","5A1",51.803721,-0.179340,"E37000048","","E23000027",27552,"E56000035","E54000025","E00121428","E01023912","E02004983"
"AL7 1QF","AL7  1QF","AL7 1QF","198001","","E10000015","E58000622","E07000241","E05011059","E43000083","0","525523","0213184","1","E18000006","E40000007","E92000001","E12000006","5","E14001573","E15000006","E24000005","E30000272","E16000150","E07000241","26ULGK","E00121428","26ULGK","E65000001","E01023912","E02004983","5","6A2","E00121428","E01023912","E02004983","E33027635","E38000049","E63011463","C1","5A1",51.803224,-0.180897,"E37000048","","E23000027",27552,"E56000035","E54000025","E00121428","E01023912","E02004983"
"AL7 1QG","AL7  1QG","AL7 1QG","198001","","E10000015","E58000622","E07000241","E05011059","E43000083","0","525564","0213173","1","E18000006","E40000007","E92000001","E12000006","5","E14001573","E15000006","E24000005","E30000272","E16000150","E07000241","26ULGK","E00121428","26ULGK","E65000001","E01023912","E02004983","5","6A2","E00121428","E01023912","E02004983","E33027635","E38000049","E63011463","C1","5A1",51.803116,-0.180307,"E37000048","","E23000027",27552,"E56000035","E54000025","E00121428","E01023912","E02004983"
"AL7 1QH","AL7  1QH","AL7 1QH","198001","","E10000015","E58000622","E07000241","E05011059","E43000083","0","525461","0213353","1","E18000006","E40000007","E92000001","E12000006","5","E14001573","E15000006","E24000005","E30000272","E16000150","E07000241","26ULGK","E00121424","26ULGK","E65000001","E01023912","E02004983","5","6B2","E00121424","E01023912","E02004983","E33027635","E38000049","E63011463","C1","5A3",51.804756,-0.181735,"E37000048","","E23000027",27552,"E56000035","E54000025","E00121424","E01023912","E02004983"
"AL7 1QJ","AL7  1QJ","AL7 1QJ","198001","","E10000015","E58000622","E07000241","E05011059","E43000083","0","525485","0213261","1","E18000006","E40000007","E92000001","E12000006","5","E14001573","E15000006","E24000005","E30000272","E16000150","E07000241","26ULGK","E00121429","26ULGK","E65000001","E01023912","E02004983","5","6A2","E00121429","E01023912","E02004983","E33027635","E38000049","E63011463","C1","5A3",51.803924,-0.181420,"E37000048","","E23000027",27552,"E56000035","E54000025","E00121429","E01023912","E02004983"
"AL7 1QL","AL7  1QL","AL7 1QL","198001","","E10000015","E58000622","E07000241","E05011059","E43000083","0","525376","0213246","1","E18000006","E40000007","E92000001","E12000006","5","E14001573","E15000006","E24000005","E30000272","E16000150","E07000241","26ULGK","E00121429","26ULGK","E65000001","E01023912","E02004983","5","6A2","E00121429","E01023912","E02004983","E33027635","E38000049","E63011463","C1","5A3",51.803814,-0.183006,"E37000048","","E23000027",27552,"E56000035","E54000025","E00121429","E01023912","E02004983"
"AL7 1QN","AL7  1QN","AL7 1QN","198001","","E10000015","E58000622","E07000241","E05011059","E43000083","0","525342","0213261","1","E18000006","E40000007","E92000001","E12000006","5","E14001573","E15000006","E24000005","E30000272","E16000150","E07000241","26ULGK","E00121429","26ULGK","E65000001","E01023912","E02004983","5","6A2","E00121429","E01023912","E02004983","E33027635","E38000049","E63011463","C1","5A3",51.803956,-0.183493,"E37000048","","E23000027",27552,"E56000035","E54000025","E00121429","E01023912","E02004983"
"AL7 1QP","AL7  1QP","AL7 1QP","198001","","E10000015","E58000622","E07000241","E05011059","E43000083","0","525231","0213331","1","E18000006","E40000007","E92000001","E12000006","5","E14001573","E15000006","E24000005","E30000272","E16000150","E07000241","26ULGK","E00121425","26ULGK","E65000001","E01023912","E02004983","5","6C1","E00121425","E01023912","E02004983","E33024473","E38000049","E63011463","C1","7A2",51.804610,-0.185077,"E37000048","","E23000027",27552,"E56000035","E54000025","E00121425","E01023912","E02004983"
"AL7 1QQ","AL7  1QQ","AL7 1QQ","198001","","E10000015","E58000622","E07000241","E05011059","E43000083","0","525502","0213294","1","E18000006","E40000007","E92000001","E12000006","5","E14001573","E15000006","E24000005","E30000272","E16000150","E07000241","26ULGK","E00121428","26ULGK","E65000001","E01023912","E02004983","5","6A2","E00121428","E01023912","E02004983","E33027635","E38000049","E63011463","C1","5A1",51.804217,-0.181162,"E37000048","","E23000027",27552,"E56000035","E54000025","E00121428","E01023912","E02004983"
"AL7 1QR","AL7  1QR","AL7 1QR","198001","","E10000015","E58000622","E07000241","E05011059","E43000083","0","525170","0213368","1","E18000006","E40000007","E92000001","E12000006","5","E14001573","E15000006","E24000005","E30000272","E16000150","E07000241","26ULGK","E00121425","26ULGK","E65000001","E01023912","E02004983","5","6C1","E00121425","E01023912","E02004983","E33024473","E38000049","E63011463","C1","7A2",51.804956,-0.185948,"E37000048","","E23000027",27552,"E56000035","E54000025","E00121425","E01023912","E02004983"
"AL7 1QS","AL7  1QS","AL7 1QS","198001","","E10000015","E58000622","E07000241","E05011059","E43000083","0","525153","0213313","1","E18000006","E40000007","E92000001","E12000006","5","E14001573","E15000006","E24000005","E30000272","E16000150","E07000241","26ULGK","E00121425","26ULGK","E65000001","E01023912","E02004983","5","6C1","E00121425","E01023912","E02004983","E33024473","E38000049","E63011463","C1","7A2",51.804466,-0.186214,"E37000048","","E23000027",27552,"E56000035","E54000025","E00121425","E01023912","E02004983"
"AL7 1QT","AL7  1QT","AL7 1QT","198001","","E10000015","E58000622","E07000241","E05011059","E43000083","0","525267","0213178","1","E18000006","E40000007","E92000001","E12000006","5","E14001573","E15000006","E24000005","E30000272","E16000150","E07000241","26ULGK","E00121425","26ULGK","E65000001","E01023912","E02004983","5","6C1","E00121425","E01023912","E02004983","E33024471","E38000049","E63011463","C1","7A2",51.803227,-0.184611,"E37000048","","E23000027",27552,"E56000035","E54000025","E00121425","E01023912","E02004983"
"AL7 1QU","AL7  1QU","AL7 1QU","198001","","E10000015","E58000622","E07000241","E05011059","E43000083","0","525285","0213276","1","E18000006","E40000007","E92000001","E12000006","5","E14001573","E15000006","E24000005","E30000272","E16000150","E07000241","26ULGK","E00121429","26ULGK","E65000001","E01023912","E02004983","5","6A2","E00121429","E01023912","E02004983","E33027635","E38000049","E63011463","C1","5A3",51.804097,-0.184339,"E37000048","","E23000027",27552,"E56000035","E54000025","E00121429","E01023912","E02004983"
"AL7 1QW","AL7  1QW","AL7 1QW","198001","","E10000015","E58000622","E07000241","E05011059","E43000083","0","525282","0213329","1","E18000006","E40000007","E92000001","E12000006","5","E14001573","E15000006","E24000005","E30000272","E16000150","E07000241","26ULGK","E00121424","26ULGK","E65000001","E01023912","E02004983","5","6B2","E00121424","E01023912","E02004983","E33027635","E38000049","E63011463","C1","5A3",51.804581,-0.184339,"E37000048","","E23000027",27552,"E56000035","E54000025","E00121424","E01023912","E02004983"
"AL7 1QX","AL7  1QX","AL7 1QX","198001","","E10000015","E58000622","E07000241","E05011059","E43000083","0","525434","0213158","1","E18000006","E40000007","E92000001","E12000006","5","E14001573","E15000006","E24000005","E30000272","E16000150","E07000241","26ULGK","E00121429","26ULGK","E65000001","E01023912","E02004983","5","6A2","E00121429","E01023912","E02004983","E33027635","E38000049","E63011463","C1","5A3",51.803010,-0.182197,"E37000048","","E23000027",27552,"E56000035","E54000025","E00121429","E01023912","E02004983"
"AL7 1QY","AL7  1QY","AL7 1QY","198001","","E10000015","E58000622","E07000241","E05011059","E43000083","0","525457","0213100","1","E18000006","E40000007","E92000001","E12000006","5","E14001573","E15000006","E24000005","E30000272","E16000150","E07000241","26ULGK","E00121429","26ULGK","E65000001","E01023912","E02004983","5","6A2","E00121429","E01023912","E02004983","E33027635","E38000049","E63011463","C1","5A3",51.802484,-0.181884,"E37000048","","E23000027",27552,"E56000035","E54000025","E00121429","E01023912","E02004983"
"AL7 1QZ","AL7  1QZ","AL7 1QZ","198001","","E10000015","E58000622","E07000241","E05011059","E43000083","0","525126","0213310","1","E18000006","E40000007","E92000001","E12000006","5","E14001573","E15000006","E24000005","E30000272","E16000150","E07000241","26ULGK","E00121425","26ULGK","E65000001","E01023912","E02004983","5","6C1","E00121425","E01023912","E02004983","E33024471","E38000049","E63011463","C1","7A2",51.804438,-0.186632,"E37000048","","E23000027",27552,"E56000035","E54000025","E00121425","E01023912","E02004983"
"AL7 1RA","AL7  1RA","AL7 1RA","199002","200006","E10000015","E58000622","E07000241","E05011059","E43000083","1","524982","0213869","6","E18000006","E40000007","E92000001","E12000006","5","E14001573","E15000006","E24000005","E30000272","E16000150","E07000241","26ULGK","E00121421","26ULGK","E65000001","E01023912","E02004983","5","1C3","E00121421","E01023912","E02004983","E33024469","E38000049","E63011463","C1","8B2",51.809494,-0.188518,"E37000048","","E23000027",27552,"E56000035","E54000025","E00121421","E01023912","E02004983"
"AL7 1RB","AL7  1RB","AL7 1RB","198001","","E10000015","E58000622","E07000241","E05011059","E43000083","0","525534","0213343","1","E18000006","E40000007","E92000001","E12000006","5","E14001573","E15000006","E24000005","E30000272","E16000150","E07000241","26ULGK","E00121422","26ULGK","E65000001","E01023913","E02004983","5","1C3","E00121422","E01023913","E02004983","E33027635","E38000049","E63011463","C1","5A1",51.804650,-0.180680,"E37000048","","E23000027",18894,"E56000035","E54000025","E00121422","E01023913","E02004983"
"AL7 1RD","AL7  1RD","AL7 1RD","198001","","E10000015","E58000622","E07000241","E05011059","E43000083","0","525662","0213338","1","E18000006","E40000007","E92000001","E12000006","5","E14001573","E15000006","E24000005","E30000272","E16000150","E07000241","26ULGK","E00121422","26ULGK","E65000001","E01023913","E02004983","5","1C3","E00121422","E01023913","E02004983","E33027635","E38000049","E63011463","C1","5A1",51.804577,-0.178827,"E37000048","","E23000027",18894,"E56000035","E54000025","E00121422","E01023913","E02004983"
"AL7 1RE","AL7  1RE","AL7 1RE","198001","","E10000015","E58000622","E07000241","E05011059","E43000083","0","525660","0213378","1","E18000006","E40000007","E92000001","E12000006","5","E14001573","E15000006","E24000005","E30000272","E16000150","E07000241","26ULGK","E00121422","26ULGK","E65000001","E01023913","E02004983","5","1C3","E00121422","E01023913","E02004983","E33027635","E38000049","E63011463","C1","5A1",51.804936,-0.178841,"E37000048","","E23000027",18894,"E56000035","E54000025","E00121422","E01023913","E02004983"
"AL7 1RF","AL7  1RF","AL7 1RF","198001","","E10000015","E58000622","E07000241","E05011059","E43000083","0","525455","0213403","1","E18000006","E40000007","E92000001","E12000006","5","E14001573","E15000006","E24000005","E30000272","E16000150","E07000241","26ULGK","E00121424","26ULGK","E65000001","E01023912","E02004983","5","6B2","E00121424","E01023912","E02004983","E33027635","E38000049","E63011463","C1","5A3",51.805207,-0.181804,"E37000048","","E23000027",27552,"E56000035","E54000025","E00121424","E01023912","E02004983"
"AL7 1RG","AL7  1RG","AL7 1RG","198001","","E10000015","E58000622","E07000241","E05011059","E43000083","0","525482","0213432","1","E18000006","E40000007","E92000001","E12000006","5","E14001573","E15000006","E24000005","E30000272","E16000150","E07000241","26ULGK","E00121422","26ULGK","E65000001","E01023913","E02004983","5","1C3","E00121422","E01023913","E02004983","E33027635","E38000049","E63011463","C1","5A1",51.805462,-0.181402,"E37000048","","E23000027",18894,"E56000035","E54000025","E00121422","E01023913","E02004983"
"AL7 1RH","AL7  1RH","AL7 1RH","198001","","E10000015","E58000622","E07000241","E05011059","E43000083","0","525377","0213478","1","E18000006","E40000007","E92000001","E12000006","5","E14001573","E15000006","E24000005","E30000272","E16000150","E07000241","26ULGK","E00121424","26ULGK","E65000001","E01023912","E02004983","5","6B2","E00121424","E01023912","E02004983","E33027635","E38000049","E63011463","C1","5A3",51.805899,-0.182908,"E37000048","","E23000027",27552,"E56000035","E54000025","E00121424","E01023912","E02004983"
"AL7 1RJ","AL7  1RJ","AL7 1RJ","198001","","E10000015","E58000622","E07000241","E05011059","E43000083","0","525386","0213412","1","E18000006","E40000007","E92000001","E12000006","5","E14001573","E15000006","E24000005","E30000272","E16000150","E07000241","26ULGK","E00121424","26ULGK","E65000001","E01023912","E02004983","5","6B2","E00121424","E01023912","E02004983","E33027635","E38000049","E63011463","C1","5A3",51.805303,-0.182801,"E37000048","","E23000027",27552,"E56000035","E54000025","E00121424","E01023912","E02004983"
"AL7 1RL","AL7  1RL","AL7 1RL","198001","","E10000015","E58000622","E07000241","E05011059","E43000083","0","525286","0213519","1","E18000006","E40000007","E92000001","E12000006","5","E14001573","E15000006","E24000005","E30000272","E16000150","E07000241","26ULGK","E00121424","26ULGK","E65000001","E01023912","E02004983","5","6B2","E00121424","E01023912","E02004983","E33027635","E38000049","E63011463","C1","5A3",51.806281,-0.184237,"E37000048","","E23000027",27552,"E56000035","E54000025","E00121424","E01023912","E02004983"
"AL7 1RN","AL7  1RN","AL7 1RN","198001","","E10000015","E58000622","E07000241","E05011059","E43000083","0","525302","0213453","1","E18000006","E40000007","E92000001","E12000006","5","E14001573","E15000006","E24000005","E30000272","E16000150","E07000241","26ULGK","E00121424","26ULGK","E65000001","E01023912","E02004983","5","6B2","E00121424","E01023912","E02004983","E33027635","E38000049","E63011463","C1","5A3",51.805684,-0.184029,"E37000048","","E23000027",27552,"E56000035","E54000025","E00121424","E01023912","E02004983"
"AL7 1RP","AL7  1RP","AL7 1RP","198001","","E10000015","E58000622","E07000241","E05011059","E43000083","0","525229","0213400","1","E18000006","E40000007","E92000001","E12000006","5","E14001573","E15000006","E24000005","E30000272","E16000150","E07000241","26ULGK","E00121425","26ULGK","E65000001","E01023912","E02004983","5","6C1","E00121425","E01023912","E02004983","E33024473","E38000049","E63011463","C1","7A2",51.805231,-0.185081,"E37000048","","E23000027",27552,"E56000035","E54000025","E00121425","E01023912","E02004983"
"AL7 1RQ","AL7  1RQ","AL7 1RQ","198001","","E10000015","E58000622","E07000241","E05011059","E43000083","0","525419","0213477","1","E18000006","E40000007","E92000001","E12000006","5","E14001573","E15000006","E24000005","E30000272","E16000150","E07000241","26ULGK","E00121424","26ULGK","E65000001","E01023912","E02004983","5","6B2","E00121424","E01023912","E02004983","E33027635","E38000049","E63011463","C1","5A3",51.805880,-0.182299,"E37000048","","E23000027",27552,"E56000035","E54000025","E00121424","E01023912","E02004983"
"AL7 1RR","AL7  1RR","AL7 1RR","199002","202405","E10000015","E58000623","E07000241","E05011069","E43000083","1","524146","0212974","1","E18000006","E40000007","E92000001","E12000006","5","E14001573","E15000006","E24000005","E30000272","E16000150","E07000241","26ULGX","E00121637","26ULGX","E65000001","E01023954","E02004986","5","5B2","E00121637","E01023954","E02004986","E33024498","E38000049","E63011463","C1","7A3",51.801644,-0.200933,"E37000048","","E23000027",7164,"E56000035","E54000025","E00190340","E01035604","E02004986"
"AL7 1RS","AL7  1RS","AL7 1RS","199201","199906","E10000015","E58000622","E07000241","E05011059","E43000083","0","525100","0213000","8","E18000006","E40000007","E92000001","E12000006","5","E14001573","E15000006","E24000005","E30000272","E16000150","E07000241","26ULGK","E00121425","26ULGK","E65000001","E01023912","E02004983","5","6C1","E00121425","E01023912","E02004983","E33024474","E38000049","E63011463","C1","7A2",51.801658,-0.187120,"E37000048","","E23000027",27552,"E56000035","E54000025","E00121425","E01023912","E02004983"
"AL7 1RT","AL7  1RT","AL7 1RT","199712","199906","E10000015","E58000622","E07000241","E05011059","E43000083","1","524994","0213918","6","E18000006","E40000007","E92000001","E12000006","5","E14001573","E15000006","E24000005","E30000272","E16000150","E07000241","26ULGK","E00121421","26ULGK","E65000001","E01023912","E02004983","5","1C3","E00121421","E01023912","E02004983","E33024469","E38000049","E63011463","C1","8B2",51.809932,-0.188326,"E37000048","","E23000027",27552,"E56000035","E54000025","E00121421","E01023912","E02004983"
"AL7 1RU","AL7  1RU","AL7 1RU","200501","200501","E10000015","E58000623","E07000241","E05011069","E43000083","0","524671","0212932","1","E18000006","E40000007","E92000001","E12000006","5","E14001573","E15000006","E24000005","E30000272","E16000150","E07000241","26ULGX","E00121637","26ULGX","E65000001","E01023954","E02004986","5","5B2","E00121637","E01023954","E02004986","E33024497","E38000049","E63011463","C1","7A3",51.801143,-0.193363,"E37000048","","E23000027",7164,"E56000035","E54000025","E00190264","E01035604","E02004986"
"AL7 1RW","AL7  1RW","AL7 1RW","198001","","E10000015","E58000622","E07000241","E05011059","E43000083","0","525282","0213405","1","E18000006","E40000007","E92000001","E12000006","5","E14001573","E15000006","E24000005","E30000272","E16000150","E07000241","26ULGK","E00121425","26ULGK","E65000001","E01023912","E02004983","5","6C1","E00121425","E01023912","E02004983","E33024473","E38000049","E63011463","C1","7A2",51.805264,-0.184311,"E37000048","","E23000027",27552,"E56000035","E54000025","E00121425","E01023912","E02004983"
"AL7 1RX","AL7  1RX","AL7 1RX","199308","","E10000015","E58000623","E07000241","E05011069","E43000083","0","524568","0213286","1","E18000006","E40000007","E92000001","E12000006","5","E14001573","E15000006","E24000005","E30000272","E16000150","E07000241","26ULGX","E00121637","26ULGX","E65000001","E01023954","E02004986","5","5B2","E00121637","E01023954","E02004986","E33024499","E38000049","E63011463","C1","7A3",51.804354,-0.194704,"E37000048","","E23000027",7164,"E56000035","E54000025","E00190264","E01035604","E02004986"
"AL7 1RY","AL7  1RY","AL7 1RY","199308","","E10000015","E58000676","E07000241","E05011068","E43000083","0","525629","0212745","1","E18000006","E40000007","E92000001","E12000006","5","E14001573","E15000006","E24000005","E30000272","E16000150","E07000241","26ULGT","E00121578","26ULGT","E65000001","E01023944","E02004987","5","1C1","E00173256","E01023944","E02004987","E33027648","E38000049","E63011463","C1","4A3",51.799255,-0.179520,"E37000048","","E23000027",20388,"E56000035","E54000025","E00173256","E01023944","E02004987"
"AL7 1RZ","AL7  1RZ","AL7 1RZ","199712","200512","E10000015","E58000623","E07000241","E05011069","E43000083","1","524487","0213299","1","E18000006","E40000007","E92000001","E12000006","5","E14001573","E15000006","E24000005","E30000272","E16000150","E07000241","26ULGX","E00121637","26ULGX","E65000001","E01023954","E02004986","5","5B2","E00121637","E01023954","E02004986","E33024496","E38000049","E63011463","C1","7A3",51.804482,-0.195898,"E37000048","","E23000027",7164,"E56000035","E54000025","E00190264","E01035604","E02004986"
"AL7 1SA","AL7  1SA","AL7 1SA","199002","","E10000015","E58000623","E07000241","E05011069","E43000083","1","524911","0212820","1","E18000006","E40000007","E92000001","E12000006","5","E14001573","E15000006","E24000005","E30000272","E16000150","E07000241","26ULGX","E00121635","26ULGX","E65000001","E01023958","E02004986","5","1A3","E00121635","E01023958","E02004986","E33024494","E38000049","E63011463","C1","4A1",51.800083,-0.189925,"E37000048","","E23000027",7219,"E56000035","E54000025","E00121635","E01023958","E02004986"
"AL7 1SB","AL7  1SB","AL7 1SB","198803","","E10000015","E58000623","E07000241","E05011069","E43000083","0","524891","0212834","1","E18000006","E40000007","E92000001","E12000006","5","E14001573","E15000006","E24000005","E30000272","E16000150","E07000241","26ULGX","E00121635","26ULGX","E65000001","E01023958","E02004986","5","1A3","E00121635","E01023958","E02004986","E33024494","E38000049","E63011463","C1","4A1",51.800220,-0.190185,"E37000048","","E23000027",7219,"E56000035","E54000025","E00121635","E01023958","E02004986"
"AL7 1SD","AL7  1SD","AL7 1SD","198001","","E10000015","E58000622","E07000241","E05011072","E43000083","0","524413","0214110","1","E18000006","E40000007","E92000001","E12000006","5","E14001573","E15000006","E24000005","E30000272","E16000150","E07000241","26ULGK","E00121417","26ULGK","E65000001","E01023915","E02004983","5","1A3","E00121417","E01023915","E02004983","E33024467","E38000049","E63011463","C1","8D2",51.811793,-0.196656,"E37000048","","E23000027",18997,"E56000035","E54000025","E00121417","E01023915","E02004983"
"AL7 1SE","AL7  1SE","AL7 1SE","198001","","E10000015","E58000622","E07000241","E05011072","E43000083","0","524502","0214051","1","E18000006","E40000007","E92000001","E12000006","5","E14001573","E15000006","E24000005","E30000272","E16000150","E07000241","26ULGK","E00121433","26ULGK","E65000001","E01023914","E02004983","5","1C1","E00121433","E01023914","E02004983","E33027636","E38000049","E63011463","C1","8D2",51.811243,-0.195387,"E37000048","","E23000027",12508,"E56000035","E54000025","E00121433","E01023914","E02004983"
"AL7 1SF","AL7  1SF","AL7 1SF","198001","","E10000015","E58000622","E07000241","E05011072","E43000083","0","524468","0214239","1","E18000006","E40000007","E92000001","E12000006","5","E14001573","E15000006","E24000005","E30000272","E16000150","E07000241","26ULGK","E00121415","26ULGK","E65000001","E01023915","E02004983","5","7A2","E00121415","E01023915","E02004983","E33027636","E38000049","E63011463","C1","4A2",51.812934,-0.195836,"E37000048","","E23000027",18997,"E56000035","E54000025","E00121415","E01023915","E02004983"
"AL7 1SG","AL7  1SG","AL7 1SG","199208","199501","E10000015","E58000622","E07000241","E05011072","E43000083","1","524600","0214500","8","E18000006","E40000007","E92000001","E12000006","5","E14001573","E15000006","E24000005","E30000272","E16000150","E07000241","26ULGK","E00121432","26ULGK","E65000001","E01023915","E02004983","5","6B2","E00121432","E01023915","E02004983","E33027636","E38000049","E63011463","C1","5A3",51.815250,-0.193829,"E37000048","","E23000027",18997,"E56000035","E54000025","E00121432","E01023915","E02004983"
"AL7 1SH","AL7  1SH","AL7 1SH","199301","199405","E10000015","E58000675","E07000241","E05011072","E04004822","1","524800","0214700","8","E18000006","E40000007","E92000001","E12000006","5","E14001573","E15000006","E24000005","E30000272","E16000150","E07000241","26ULHB","E00121709","26ULHB","E65000001","E01023971","E02004980","5","4A2","E00121709","E01023971","E02004980","E33027624","E38000049","E63011463","C1","6A1",51.817003,-0.190857,"E37000048","","E23000027",32577,"E56000035","E54000025","E00121709","E01023971","E02004980"
"AL7 1SJ","AL7  1SJ","AL7 1SJ","199301","199912","E10000015","E58000622","E07000241","E05011059","E43000083","1","524994","0213918","6","E18000006","E40000007","E92000001","E12000006","5","E14001573","E15000006","E24000005","E30000272","E16000150","E07000241","26ULGK","E00121421","26ULGK","E65000001","E01023912","E02004983","5","1C3","E00121421","E01023912","E02004983","E33024469","E38000049","E63011463","C1","8B2",51.809932,-0.188326,"E37000048","","E23000027",27552,"E56000035","E54000025","E00121421","E01023912","E02004983"
"AL7 1SL","AL7  1SL","AL7 1SL","199301","200806","E10000015","E58000623","E07000241","E05011069","E43000083","1","524487","0213299","1","E18000006","E40000007","E92000001","E12000006","5","E14001573","E15000006","E24000005","E30000272","E16000150","E07000241","26ULGX","E00121637","26ULGX","E65000001","E01023954","E02004986","5","5B2","E00121637","E01023954","E02004986","E33024496","E38000049","E63011463","C1","7A3",51.804482,-0.195898,"E37000048","","E23000027",7164,"E56000035","E54000025","E00190264","E01035604","E02004986"
"AL7 1SN","AL7  1SN","AL7 1SN","198001","200006","E10000015","E58000675","E07000241","E05011072","E04004822","0","524791","0214742","1","E18000006","E40000007","E92000001","E12000006","5","E14001573","E15000006","E24000005","E30000272","E16000150","E07000241","26ULHB","E00121709","26ULHB","E65000001","E01023971","E02004980","5","4A2","E00121709","E01023971","E02004980","E33027624","E38000049","E63011463","C1","6A1",51.817382,-0.190972,"E37000048","","E23000027",32577,"E56000035","E54000025","E00121709","E01023971","E02004980"
"AL7 1SP","AL7  1SP","AL7 1SP","198001","200006","E10000015","E58000675","E07000241","E05011072","E04004822","0","524740","0214873","1","E18000006","E40000007","E92000001","E12000006","5","E14001573","E15000006","E24000005","E30000272","E16000150","E07000241","26ULHB","E00121709","26ULHB","E65000001","E01023971","E02004980","5","4A2","E00121709","E01023971","E02004980","E33027624","E38000049","E63011463","C1","6A1",51.818571,-0.191665,"E37000048","","E23000027",32577,"E56000035","E54000025","E00121709","E01023971","E02004980"
"AL7 1SQ","AL7  1SQ","AL7 1SQ","199712","","E10000015","E58000623","E07000241","E05011069","E43000083","1","524487","0213299","1","E18000006","E40000007","E92000001","E12000006","5","E14001573","E15000006","E24000005","E30000272","E16000150","E07000241","26ULGX","E00121637","26ULGX","E65000001","E01023954","E02004986","5","5B2","E00121637","E01023954","E02004986","E33024496","E38000049","E63011463","C1","7A3",51.804482,-0.195898,"E37000048","","E23000027",7164,"E56000035","E54000025","E00190264","E01035604","E02004986"
"AL7 1SR","AL7  1SR","AL7 1SR","198001","200006","E10000015","E58000675","E07000241","E05011072","E04004822","0","524798","0214817","1","E18000006","E40000007","E92000001","E12000006","5","E14001573","E15000006","E24000005","E30000272","E16000150","E07000241","26ULHB","E00121709","26ULHB","E65000001","E01023971","E02004980","5","4A2","E00121709","E01023971","E02004980","E33027624","E38000049","E63011463","C1","6A1",51.818054,-0.190844,"E37000048","","E23000027",32577,"E56000035","E54000025","E00121709","E01023971","E02004980"
"AL7 1SS","AL7  1SS","AL7 1SS","199308","200402","E10000015","E58000623","E07000241","E05011069","E43000083","1","524487","0213299","1","E18000006","E40000007","E92000001","E12000006","5","E14001573","E15000006","E24000005","E30000272","E16000150","E07000241","26ULGX","E00121637","26ULGX","E65000001","E01023954","E02004986","5","5B2","E00121637","E01023954","E02004986","E33024496","E38000049","E63011463","C1","7A3",51.804482,-0.195898,"E37000048","","E23000027",7164,"E56000035","E54000025","E00190264","E01035604","E02004986"
"AL7 1ST","AL7  1ST","AL7 1ST","199308","200108","E10000015","E58000623","E07000241","E05011069","E43000083","1","524487","0213299","1","E18000006","E40000007","E92000001","E12000006","5","E14001573","E15000006","E24000005","E30000272","E16000150","E07000241","26ULGX","E00121637","26ULGX","E65000001","E01023954","E02004986","5","5B2","E00121637","E01023954","E02004986","E33024496","E38000049","E63011463","C1","7A3",51.804482,-0.195898,"E37000048","","E23000027",7164,"E56000035","E54000025","E00190264","E01035604","E02004986"
"AL7 1SU","AL7  1SU","AL7 1SU","198001","199412","E10000015","E58000623","E07000241","E05011069","E43000083","0","524500","0212800","8","E18000006","E40000007","E92000001","E12000006","5","E14001573","E15000006","E24000005","E30000272","E16000150","E07000241","26ULGX","E00121637","26ULGX","E65000001","E01023954","E02004986","5","5B2","E00121637","E01023954","E02004986","E33024503","E38000049","E63011463","C1","7A3",51.799995,-0.195889,"E37000048","","E23000027",7164,"E56000035","E54000025","E00190340","E01035604","E02004986"
"AL7 1SW","AL7  1SW","AL7 1SW","198001","200006","E10000015","E58000675","E07000241","E05011072","E04004822","0","524600","0214800","8","E18000006","E40000007","E92000001","E12000006","5","E14001573","E15000006","E24000005","E30000272","E16000150","E07000241","26ULHB","E00121709","26ULHB","E65000001","E01023971","E02004980","5","4A2","E00121709","E01023971","E02004980","E33027624","E38000049","E63011463","C1","6A1",51.817946,-0.193721,"E37000048","","E23000027",32577,"E56000035","E54000025","E00121709","E01023971","E02004980"
"AL7 1SX","AL7  1SX","AL7 1SX","200106","200203","E10000015","E58000623","E07000241","E05011069","E43000083","1","524487","0213299","1","E18000006","E40000007","E92000001","E12000006","5","E14001573","E15000006","E24000005","E30000272","E16000150","E07000241","26ULGX","E00121637","26ULGX","E65000001","E01023954","E02004986","5","5B2","E00121637","E01023954","E02004986","E33024496","E38000049","E63011463","C1","7A3",51.804482,-0.195898,"E37000048","","E23000027",7164,"E56000035","E54000025","E00190264","E01035604","E02004986"
"AL7 1SY","AL7  1SY","AL7 1SY","199405","","E10000015","E58000623","E07000241","E05011069","E43000083","1","524487","0213299","1","E18000006","E40000007","E92000001","E12000006","5","E14001573","E15000006","E24000005","E30000272","E16000150","E07000241","26ULGX","E00121637","26ULGX","E65000001","E01023954","E02004986","5","5B2","E00121637","E01023954","E02004986","E33024496","E38000049","E63011463","C1","7A3",51.804482,-0.195898,"E37000048","","E23000027",7164,"E56000035","E54000025","E00190264","E01035604","E02004986"
"AL7 1SZ","AL7  1SZ","AL7 1SZ","199501","199812","E10000015","E58000622","E07000241","E05011059","E43000083","1","524994","0213918","6","E18000006","E40000007","E92000001","E12000006","5","E14001573","E15000006","E24000005","E30000272","E16000150","E07000241","26ULGK","E00121421","26ULGK","E65000001","E01023912","E02004983","5","1C3","E00121421","E01023912","E02004983","E33024469","E38000049","E63011463","C1","8B2",51.809932,-0.188326,"E37000048","","E23000027",27552,"E56000035","E54000025","E00121421","E01023912","E02004983"
"AL7 1TA","AL7  1TA","AL7 1TA","198001","","E10000015","E58000622","E07000241","E05011059","E43000083","0","525728","0213445","1","E18000006","E40000007","E92000001","E12000006","5","E14001573","E15000006","E24000005","E30000272","E16000150","E07000241","26ULGK","E00121422","26ULGK","E65000001","E01023913","E02004983","5","1C3","E00121422","E01023913","E02004983","E33027635","E38000049","E63011463","C1","5A1",51.805517,-0.177856,"E37000048","","E23000027",18894,"E56000035","E54000025","E00121422","E01023913","E02004983"
"AL7 1TB","AL7  1TB","AL7 1TB","199512","199906","E10000015","E58000622","E07000241","E05011059","E43000083","1","524994","0213918","6","E18000006","E40000007","E92000001","E12000006","5","E14001573","E15000006","E24000005","E30000272","E16000150","E07000241","26ULGK","E00121421","26ULGK","E65000001","E01023912","E02004983","5","1C3","E00121421","E01023912","E02004983","E33024469","E38000049","E63011463","C1","8B2",51.809932,-0.188326,"E37000048","","E23000027",27552,"E56000035","E54000025","E00121421","E01023912","E02004983"
"AL7 1TD","AL7  1TD","AL7 1TD","199612","200006","E10000015","E58000622","E07000241","E05011059","E43000083","1","524994","0213918","6","E18000006","E40000007","E92000001","E12000006","5","E14001573","E15000006","E24000005","E30000272","E16000150","E07000241","26ULGK","E00121421","26ULGK","E65000001","E01023912","E02004983","5","1C3","E00121421","E01023912","E02004983","E33024469","E38000049","E63011463","C1","8B2",51.809932,-0.188326,"E37000048","","E23000027",27552,"E56000035","E54000025","E00121421","E01023912","E02004983"
"AL7 1TE","AL7  1TE","AL7 1TE","199412","199912","E10000015","E58000622","E07000241","E05011059","E43000083","1","524994","0213918","6","E18000006","E40000007","E92000001","E12000006","5","E14001573","E15000006","E24000005","E30000272","E16000150","E07000241","26ULGK","E00121421","26ULGK","E65000001","E01023912","E02004983","5","1C3","E00121421","E01023912","E02004983","E33024469","E38000049","E63011463","C1","8B2",51.809932,-0.188326,"E37000048","","E23000027",27552,"E56000035","E54000025","E00121421","E01023912","E02004983"
"AL7 1TF","AL7  1TF","AL7 1TF","199208","200006","E10000015","E58000622","E07000241","E05011059","E43000083","1","524994","0213918","6","E18000006","E40000007","E92000001","E12000006","5","E14001573","E15000006","E24000005","E30000272","E16000150","E07000241","26ULGK","E00121421","26ULGK","E65000001","E01023912","E02004983","5","1C3","E00121421","E01023912","E02004983","E33024469","E38000049","E63011463","C1","8B2",51.809932,-0.188326,"E37000048","","E23000027",27552,"E56000035","E54000025","E00121421","E01023912","E02004983"
"AL7 1TG","AL7  1TG","AL7 1TG","199308","200808","E10000015","E58000623","E07000241","E05011069","E43000083","1","524487","0213299","1","E18000006","E40000007","E92000001","E12000006","5","E14001573","E15000006","E24000005","E30000272","E16000150","E07000241","26ULGX","E00121637","26ULGX","E65000001","E01023954","E02004986","5","5B2","E00121637","E01023954","E02004986","E33024496","E38000049","E63011463","C1","7A3",51.804482,-0.195898,"E37000048","","E23000027",7164,"E56000035","E54000025","E00190264","E01035604","E02004986"
"AL7 1TH","AL7  1TH","AL7 1TH","199906","200110","E10000015","E58000623","E07000241","E05011069","E43000083","1","524487","0213299","1","E18000006","E40000007","E92000001","E12000006","5","E14001573","E15000006","E24000005","E30000272","E16000150","E07000241","26ULGX","E00121637","26ULGX","E65000001","E01023954","E02004986","5","5B2","E00121637","E01023954","E02004986","E33024496","E38000049","E63011463","C1","7A3",51.804482,-0.195898,"E37000048","","E23000027",7164,"E56000035","E54000025","E00190264","E01035604","E02004986"
"AL7 1TJ","AL7  1TJ","AL7 1TJ","199308","199507","E10000015","E58000622","E07000241","E05011059","E43000083","1","525700","0213400","8","E18000006","E40000007","E92000001","E12000006","5","E14001573","E15000006","E24000005","E30000272","E16000150","E07000241","26ULGK","E00121422","26ULGK","E65000001","E01023913","E02004983","5","1C3","E00121422","E01023913","E02004983","E33027635","E38000049","E63011463","C1","5A1",51.805119,-0.178278,"E37000048","","E23000027",18894,"E56000035","E54000025","E00121422","E01023913","E02004983"
"AL7 1TL","AL7  1TL","AL7 1TL","199308","199906","E10000015","E58000622","E07000241","E05011059","E43000083","0","524384","0213675","1","E18000006","E40000007","E92000001","E12000006","5","E14001573","E15000006","E24000005","E30000272","E16000150","E07000241","26ULGK","E00121417","26ULGK","E65000001","E01023915","E02004983","5","1A3","E00121417","E01023915","E02004983","E33024467","E38000049","E63011463","C1","8D2",51.807884,-0.197257,"E37000048","","E23000027",18997,"E56000035","E54000025","E00121417","E01023915","E02004983"
"AL7 1TN","AL7  1TN","AL7 1TN","199308","","E10000015","E58000622","E07000241","E05011059","E43000083","0","524598","0213978","1","E18000006","E40000007","E92000001","E12000006","5","E14001573","E15000006","E24000005","E30000272","E16000150","E07000241","26ULGK","E00121417","26ULGK","E65000001","E01023915","E02004983","5","1A3","E00121417","E01023915","E02004983","E33024467","E38000049","E63011463","C1","8D2",51.810559,-0.194045,"E37000048","","E23000027",18997,"E56000035","E54000025","E00121417","E01023915","E02004983"
"AL7 1TP","AL7  1TP","AL7 1TP","199405","","E10000015","E58000622","E07000241","E05011059","E43000083","0","525723","0212767","1","E18000006","E40000007","E92000001","E12000006","5","E14001573","E15000006","E24000005","E30000272","E16000150","E07000241","26ULGW","E00121621","26ULGW","E65000001","E01023951","E02004984","5","5B3","E00121621","E01023951","E02004984","E33027638","E38000049","E63011463","C1","4A1",51.799432,-0.178149,"E37000048","","E23000027",9435,"E56000035","E54000025","E00121621","E01023951","E02004984"
"AL7 1TQ","AL7  1TQ","AL7 1TQ","199308","200402","E10000015","E58000623","E07000241","E05011069","E43000083","1","524487","0213299","1","E18000006","E40000007","E92000001","E12000006","5","E14001573","E15000006","E24000005","E30000272","E16000150","E07000241","26ULGX","E00121637","26ULGX","E65000001","E01023954","E02004986","5","5B2","E00121637","E01023954","E02004986","E33024496","E38000049","E63011463","C1","7A3",51.804482,-0.195898,"E37000048","","E23000027",7164,"E56000035","E54000025","E00190264","E01035604","E02004986"
"AL7 1TR","AL7  1TR","AL7 1TR","199412","","E10000015","E58000622","E07000241","E05011059","E43000083","0","525344","0214319","1","E18000006","E40000007","E92000001","E12000006","5","E14001573","E15000006","E24000005","E30000272","E16000150","E07000241","26ULGK","E00121421","26ULGK","E65000001","E01023912","E02004983","5","1C3","E00121421","E01023912","E02004983","E33024469","E38000049","E63011463","C1","8B2",51.813464,-0.183082,"E37000048","","E23000027",27552,"E56000035","E54000025","E00121421","E01023912","E02004983"
"AL7 1TS","AL7  1TS","AL7 1TS","199412","","E10000015","E58000622","E07000241","E05011059","E43000083","1","525115","0213141","1","E18000006","E40000007","E92000001","E12000006","5","E14001573","E15000006","E24000005","E30000272","E16000150","E07000241","26ULGK","E00121425","26ULGK","E65000001","E01023912","E02004983","5","6C1","E00121425","E01023912","E02004983","E33024471","E38000049","E63011463","C1","7A2",51.802922,-0.186852,"E37000048","","E23000027",27552,"E56000035","E54000025","E00121425","E01023912","E02004983"
"AL7 1TT","AL7  1TT","AL7 1TT","199501","199912","E10000015","E58000622","E07000241","E05011059","E43000083","1","524994","0213918","6","E18000006","E40000007","E92000001","E12000006","5","E14001573","E15000006","E24000005","E30000272","E16000150","E07000241","26ULGK","E00121421","26ULGK","E65000001","E01023912","E02004983","5","1C3","E00121421","E01023912","E02004983","E33024469","E38000049","E63011463","C1","8B2",51.809932,-0.188326,"E37000048","","E23000027",27552,"E56000035","E54000025","E00121421","E01023912","E02004983"
"AL7 1TU","AL7  1TU","AL7 1TU","199507","199812","E10000015","E58000622","E07000241","E05011059","E43000083","1","524994","0213918","6","E18000006","E40000007","E92000001","E12000006","5","E14001573","E15000006","E24000005","E30000272","E16000150","E07000241","26ULGK","E00121421","26ULGK","E65000001","E01023912","E02004983","5","1C3","E00121421","E01023912","E02004983","E33024469","E38000049","E63011463","C1","8B2",51.809932,-0.188326,"E37000048","","E23000027",27552,"E56000035","E54000025","E00121421","E01023912","E02004983"
"AL7 1TW","AL7  1TW","AL7 1TW","199308","","E10000015","E58000622","E07000241","E05011059","E43000083","0","524335","0213566","1","E18000006","E40000007","E92000001","E12000006","5","E14001573","E15000006","E24000005","E30000272","E16000150","E07000241","26ULGK","E00121417","26ULGK","E65000001","E01023915","E02004983","5","1A3","E00121417","E01023915","E02004983","E33024467","E38000049","E63011463","C1","8D2",51.807891,-0.197233,"E37000048","","E23000027",18997,"E56000035","E54000025","E00121417","E01023915","E02004983"
"AL7 1TX","AL7  1TX","AL7 1TX","199507","199812","E10000015","E58000622","E07000241","E05011059","E43000083","1","524994","0213918","6","E18000006","E40000007","E92000001","E12000006","5","E14001573","E15000006","E24000005","E30000272","E16000150","E07000241","26ULGK","E00121421","26ULGK","E65000001","E01023912","E02004983","5","1C3","E00121421","E01023912","E02004983","E33024469","E38000049","E63011463","C1","8B2",51.809932,-0.188326,"E37000048","","E23000027",27552,"E56000035","E54000025","E00121421","E01023912","E02004983"
"AL7 1TY","AL7  1TY","AL7 1TY","199512","199812","E10000015","E58000622","E07000241","E05011059","E43000083","1","524994","0213918","6","E18000006","E40000007","E92000001","E12000006","5","E14001573","E15000006","E24000005","E30000272","E16000150","E07000241","26ULGK","E00121421","26ULGK","E65000001","E01023912","E02004983","5","1C3","E00121421","E01023912","E02004983","E33024469","E38000049","E63011463","C1","8B2",51.809932,-0.188326,"E37000048","","E23000027",27552,"E56000035","E54000025","E00121421","E01023912","E02004983"
"AL7 1TZ","AL7  1TZ","AL7 1TZ","199512","199712","E10000015","E58000622","E07000241","E05011059","E43000083","1","524981","0213952","6","E18000006","E40000007","E92000001","E12000006","5","E14001573","E15000006","E24000005","E30000272","E16000150","E07000241","26ULGK","E00121421","26ULGK","E65000001","E01023912","E02004983","5","1C3","E00121421","E01023912","E02004983","E33024469","E38000049","E63011463","C1","8B2",51.810240,-0.188502,"E37000048","","E23000027",27552,"E56000035","E54000025","E00121421","E01023912","E02004983"
"AL7 1UA","AL7  1UA","AL7 1UA","198001","","E10000015","E58000622","E07000241","E05011072","E43000083","0","524592","0214605","1","E18000006","E40000007","E92000001","E12000006","5","E14001573","E15000006","E24000005","E30000272","E16000150","E07000241","26ULGK","E00121432","26ULGK","E65000001","E01023915","E02004983","5","6B2","E00121432","E01023915","E02004983","E33027636","E38000049","E63011463","C1","5A3",51.816202,-0.193883,"E37000048","","E23000027",18997,"E56000035","E54000025","E00121432","E01023915","E02004983"
"AL7 1UB","AL7  1UB","AL7 1UB","198001","","E10000015","E58000622","E07000241","E05011072","E43000083","0","524490","0214503","1","E18000006","E40000007","E92000001","E12000006","5","E14001573","E15000006","E24000005","E30000272","E16000150","E07000241","26ULGK","E00121432","26ULGK","E65000001","E01023915","E02004983","5","6B2","E00121432","E01023915","E02004983","E33027636","E38000049","E63011463","C1","5A3",51.815301,-0.195423,"E37000048","","E23000027",18997,"E56000035","E54000025","E00121432","E01023915","E02004983"
"AL7 1UD","AL7  1UD","AL7 1UD","198001","","E10000015","E58000622","E07000241","E05011072","E43000083","0","524538","0214509","1","E18000006","E40000007","E92000001","E12000006","5","E14001573","E15000006","E24000005","E30000272","E16000150","E07000241","26ULGK","E00121432","26ULGK","E65000001","E01023915","E02004983","5","6B2","E00121432","E01023915","E02004983","E33027636","E38000049","E63011463","C1","5A3",51.815344,-0.194725,"E37000048","","E23000027",18997,"E56000035","E54000025","E00121432","E01023915","E02004983"
"AL7 1UE","AL7  1UE","AL7 1UE","198001","","E10000015","E58000622","E07000241","E05011072","E43000083","0","524565","0214446","1","E18000006","E40000007","E92000001","E12000006","5","E14001573","E15000006","E24000005","E30000272","E16000150","E07000241","26ULGK","E00121432","26ULGK","E65000001","E01023915","E02004983","5","6B2","E00121432","E01023915","E02004983","E33027636","E38000049","E63011463","C1","5A3",51.814772,-0.194356,"E37000048","","E23000027",18997,"E56000035","E54000025","E00121432","E01023915","E02004983"
"AL7 1UF","AL7  1UF","AL7 1UF","198001","","E10000015","E58000622","E07000241","E05011072","E43000083","0","524490","0214436","1","E18000006","E40000007","E92000001","E12000006","5","E14001573","E15000006","E24000005","E30000272","E16000150","E07000241","26ULGK","E00121432","26ULGK","E65000001","E01023915","E02004983","5","6B2","E00121432","E01023915","E02004983","E33027636","E38000049","E63011463","C1","5A3",51.814706,-0.195423,"E37000048","","E23000027",18997,"E56000035","E54000025","E00121432","E01023915","E02004983"
"AL7 1UG","AL7  1UG","AL7 1UG","198001","","E10000015","E58000622","E07000241","E05011072","E43000083","0","524499","0214317","1","E18000006","E40000007","E92000001","E12000006","5","E14001573","E15000006","E24000005","E30000272","E16000150","E07000241","26ULGK","E00121415","26ULGK","E65000001","E01023915","E02004983","5","7A2","E00121415","E01023915","E02004983","E33027636","E38000049","E63011463","C1","4A2",51.813634,-0.195335,"E37000048","","E23000027",18997,"E56000035","E54000025","E00121415","E01023915","E02004983"
"AL7 1UH","AL7  1UH","AL7 1UH","198001","","E10000015","E58000622","E07000241","E05011072","E43000083","0","524460","0214385","1","E18000006","E40000007","E92000001","E12000006","5","E14001573","E15000006","E24000005","E30000272","E16000150","E07000241","26ULGK","E00121415","26ULGK","E65000001","E01023915","E02004983","5","7A2","E00121415","E01023915","E02004983","E33027636","E38000049","E63011463","C1","4A2",51.814254,-0.195876,"E37000048","","E23000027",18997,"E56000035","E54000025","E00121415","E01023915","E02004983"
"AL7 1UJ","AL7  1UJ","AL7 1UJ","198001","","E10000015","E58000622","E07000241","E05011072","E43000083","0","524603","0214518","1","E18000006","E40000007","E92000001","E12000006","5","E14001573","E15000006","E24000005","E30000272","E16000150","E07000241","26ULGK","E00121432","26ULGK","E65000001","E01023915","E02004983","5","6B2","E00121432","E01023915","E02004983","E33027636","E38000049","E63011463","C1","5A3",51.815418,-0.193755,"E37000048","","E23000027",18997,"E56000035","E54000025","E00121432","E01023915","E02004983"
"AL7 1UL","AL7  1UL","AL7 1UL","199002","","E10000015","E58000622","E07000241","E05011059","E43000083","0","525281","0214378","1","E18000006","E40000007","E92000001","E12000006","5","E14001573","E15000006","E24000005","E30000272","E16000150","E07000241","26ULGK","E00121434","26ULGK","E65000001","E01023914","E02004983","5","5B3","E00121434","E01023914","E02004983","E33027636","E38000049","E63011463","C1","7A3",51.814008,-0.183974,"E37000048","","E23000027",12508,"E56000035","E54000025","E00121434","E01023914","E02004983"
"AL7 1UN","AL7  1UN","AL7 1UN","199002","","E10000015","E58000622","E07000241","E05011059","E43000083","0","525145","0214453","1","E18000006","E40000007","E92000001","E12000006","5","E14001573","E15000006","E24000005","E30000272","E16000150","E07000241","26ULGK","E00121434","26ULGK","E65000001","E01023914","E02004983","5","5B3","E00121434","E01023914","E02004983","E33027636","E38000049","E63011463","C1","7A3",51.814712,-0.185919,"E37000048","","E23000027",12508,"E56000035","E54000025","E00121434","E01023914","E02004983"
"AL7 1UP","AL7  1UP","AL7 1UP","199208","","E10000015","E58000622","E07000241","E05011072","E43000083","0","524544","0214597","1","E18000006","E40000007","E92000001","E12000006","5","E14001573","E15000006","E24000005","E30000272","E16000150","E07000241","26ULGK","E00121432","26ULGK","E65000001","E01023915","E02004983","5","6B2","E00121432","E01023915","E02004983","E33027636","E38000049","E63011463","C1","5A3",51.816134,-0.194606,"E37000048","","E23000027",18997,"E56000035","E54000025","E00121432","E01023915","E02004983"
"AL7 1UQ","AL7  1UQ","AL7 1UQ","198001","","E10000015","E58000622","E07000241","E05011072","E43000083","0","524434","0214306","1","E18000006","E40000007","E92000001","E12000006","5","E14001573","E15000006","E24000005","E30000272","E16000150","E07000241","26ULGK","E00121415","26ULGK","E65000001","E01023915","E02004983","5","7A2","E00121415","E01023915","E02004983","E33027636","E38000049","E63011463","C1","4A2",51.813543,-0.196305,"E37000048","","E23000027",18997,"E56000035","E54000025","E00121415","E01023915","E02004983"
"AL7 1UR","AL7  1UR","AL7 1UR","199501","200808","E10000015","E58000623","E07000241","E05011069","E43000083","1","524487","0213299","1","E18000006","E40000007","E92000001","E12000006","5","E14001573","E15000006","E24000005","E30000272","E16000150","E07000241","26ULGX","E00121637","26ULGX","E65000001","E01023954","E02004986","5","5B2","E00121637","E01023954","E02004986","E33024496","E38000049","E63011463","C1","7A3",51.804482,-0.195898,"E37000048","","E23000027",7164,"E56000035","E54000025","E00190264","E01035604","E02004986"
"AL7 1US","AL7  1US","AL7 1US","199712","199906","E10000015","E58000622","E07000241","E05011059","E43000083","1","524994","0213918","6","E18000006","E40000007","E92000001","E12000006","5","E14001573","E15000006","E24000005","E30000272","E16000150","E07000241","26ULGK","E00121421","26ULGK","E65000001","E01023912","E02004983","5","1C3","E00121421","E01023912","E02004983","E33024469","E38000049","E63011463","C1","8B2",51.809932,-0.188326,"E37000048","","E23000027",27552,"E56000035","E54000025","E00121421","E01023912","E02004983"
"AL7 1UT","AL7  1UT","AL7 1UT","199806","","E10000015","E58000623","E07000241","E05011069","E43000083","0","524757","0212816","1","E18000006","E40000007","E92000001","E12000006","5","E14001573","E15000006","E24000005","E30000272","E16000150","E07000241","26ULGX","E00121635","26ULGX","E65000001","E01023958","E02004986","5","1A3","E00121635","E01023958","E02004986","E33024494","E38000049","E63011463","C1","4A1",51.800150,-0.191952,"E37000048","","E23000027",7219,"E56000035","E54000025","E00121635","E01023958","E02004986"
"AL7 1UU","AL7  1UU","AL7 1UU","200106","200107","E10000015","E58000622","E07000241","E05011072","E43000083","1","524546","0214602","5","E18000006","E40000007","E92000001","E12000006","5","E14001573","E15000006","E24000005","E30000272","E16000150","E07000241","26ULGK","E00121432","26ULGK","E65000001","E01023915","E02004983","5","6B2","E00121432","E01023915","E02004983","E33027636","E38000049","E63011463","C1","5A3",51.816178,-0.194575,"E37000048","","E23000027",18997,"E56000035","E54000025","E00121432","E01023915","E02004983"
"AL7 1UW","AL7  1UW","AL7 1UW","199002","","E10000015","E58000622","E07000241","E05011059","E43000083","0","525175","0214478","1","E18000006","E40000007","E92000001","E12000006","5","E14001573","E15000006","E24000005","E30000272","E16000150","E07000241","26ULGK","E00121434","26ULGK","E65000001","E01023914","E02004983","5","5B3","E00121434","E01023914","E02004983","E33027636","E38000049","E63011463","C1","7A3",51.814930,-0.185475,"E37000048","","E23000027",12508,"E56000035","E54000025","E00121434","E01023914","E02004983"
"AL7 1UX","AL7  1UX","AL7 1UX","200106","201412","E10000015","E58000623","E07000241","E05011069","E43000083","1","524487","0213299","1","E18000006","E40000007","E92000001","E12000006","5","E14001573","E15000006","E24000005","E30000272","E16000150","E07000241","26ULGX","E00121637","26ULGX","E65000001","E01023954","E02004986","5","5B2","E00121637","E01023954","E02004986","E33024496","E38000049","E63011463","C1","7A3",51.804482,-0.195898,"E37000048","","E23000027",7164,"E56000035","E54000025","E00190264","E01035604","E02004986"
"AL7 1UY","AL7  1UY","AL7 1UY","200106","201412","E10000015","E58000623","E07000241","E05011069","E43000083","1","524487","0213299","1","E18000006","E40000007","E92000001","E12000006","5","E14001573","E15000006","E24000005","E30000272","E16000150","E07000241","26ULGX","E00121637","26ULGX","E65000001","E01023954","E02004986","5","5B2","E00121637","E01023954","E02004986","E33024496","E38000049","E63011463","C1","7A3",51.804482,-0.195898,"E37000048","","E23000027",7164,"E56000035","E54000025","E00190264","E01035604","E02004986"
"AL7 1UZ","AL7  1UZ","AL7 1UZ","200106","200806","E10000015","E58000623","E07000241","E05011069","E43000083","1","524487","0213299","1","E18000006","E40000007","E92000001","E12000006","5","E14001573","E15000006","E24000005","E30000272","E16000150","E07000241","26ULGX","E00121637","26ULGX","E65000001","E01023954","E02004986","5","5B2","E00121637","E01023954","E02004986","E33024496","E38000049","E63011463","C1","7A3",51.804482,-0.195898,"E37000048","","E23000027",7164,"E56000035","E54000025","E00190264","E01035604","E02004986"
"AL7 1WA","AL7  1WA","AL7 1WA","200106","200704","E10000015","E58000623","E07000241","E05011069","E43000083","1","524487","0213299","1","E18000006","E40000007","E92000001","E12000006","5","E14001573","E15000006","E24000005","E30000272","E16000150","E07000241","26ULGX","E00121637","26ULGX","E65000001","E01023954","E02004986","5","5B2","E00121637","E01023954","E02004986","E33024496","E38000049","E63011463","C1","7A3",51.804482,-0.195898,"E37000048","","E23000027",7164,"E56000035","E54000025","E00190264","E01035604","E02004986"
"AL7 1WB","AL7  1WB","AL7 1WB","200112","200605","E10000015","E58000623","E07000241","E05011069","E43000083","1","524487","0213299","1","E18000006","E40000007","E92000001","E12000006","5","E14001573","E15000006","E24000005","E30000272","E16000150","E07000241","26ULGX","E00121637","26ULGX","E65000001","E01023954","E02004986","5","5B2","E00121637","E01023954","E02004986","E33024496","E38000049","E63011463","C1","7A3",51.804482,-0.195898,"E37000048","","E23000027",7164,"E56000035","E54000025","E00190264","E01035604","E02004986"
"AL7 1WD","AL7  1WD","AL7 1WD","200112","200408","E10000015","E58000623","E07000241","E05011069","E43000083","1","524487","0213299","5","E18000006","E40000007","E92000001","E12000006","5","E14001573","E15000006","E24000005","E30000272","E16000150","E07000241","26ULGX","E00121637","26ULGX","E65000001","E01023954","E02004986","5","5B2","E00121637","E01023954","E02004986","E33024496","E38000049","E63011463","C1","7A3",51.804482,-0.195898,"E37000048","","E23000027",7164,"E56000035","E54000025","E00190264","E01035604","E02004986"
"AL7 1WE","AL7  1WE","AL7 1WE","200112","200808","E10000015","E58000623","E07000241","E05011069","E43000083","1","524487","0213299","1","E18000006","E40000007","E92000001","E12000006","5","E14001573","E15000006","E24000005","E30000272","E16000150","E07000241","26ULGX","E00121637","26ULGX","E65000001","E01023954","E02004986","5","5B2","E00121637","E01023954","E02004986","E33024496","E38000049","E63011463","C1","7A3",51.804482,-0.195898,"E37000048","","E23000027",7164,"E56000035","E54000025","E00190264","E01035604","E02004986"
"AL7 1WF","AL7  1WF","AL7 1WF","200206","200301","E10000015","E58000623","E07000241","E05011069","E43000083","1","524487","0213299","5","E18000006","E40000007","E92000001","E12000006","5","E14001573","E15000006","E24000005","E30000272","E16000150","E07000241","26ULGX","E00121637","26ULGX","E65000001","E01023954","E02004986","5","5B2","E00121637","E01023954","E02004986","E33024496","E38000049","E63011463","C1","7A3",51.804482,-0.195898,"E37000048","","E23000027",7164,"E56000035","E54000025","E00190264","E01035604","E02004986"
"AL7 1WG","AL7  1WG","AL7 1WG","200206","200510","E10000015","E58000623","E07000241","E05011069","E43000083","1","524487","0213299","5","E18000006","E40000007","E92000001","E12000006","5","E14001573","E15000006","E24000005","E30000272","E16000150","E07000241","26ULGX","E00121637","26ULGX","E65000001","E01023954","E02004986","5","5B2","E00121637","E01023954","E02004986","E33024496","E38000049","E63011463","C1","7A3",51.804482,-0.195898,"E37000048","","E23000027",7164,"E56000035","E54000025","E00190264","E01035604","E02004986"
"AL7 1WH","AL7  1WH","AL7 1WH","202107","","E10000015","E58000623","E07000241","E05011069","E43000083","0","524276","0213529","1","E18000006","E40000007","E92000001","E12000006","5","E14001573","E15000006","E24000005","E30000272","E16000150","E07000241","26ULGX","E00121637","26ULGX","E65000001","E01023954","E02004986","5","5B2","E00121637","E01023954","E02004986","E33024501","E38000049","E63011463","C1","7A3",51.806602,-0.198851,"E37000048","","E23000027",7164,"E56000035","E54000025","E00190271","E01035604","E02004986"
"AL7 1WJ","AL7  1WJ","AL7 1WJ","200205","201506","E10000015","E58000623","E07000241","E05011069","E43000083","1","524487","0213299","1","E18000006","E40000007","E92000001","E12000006","5","E14001573","E15000006","E24000005","E30000272","E16000150","E07000241","26ULGX","E00121637","26ULGX","E65000001","E01023954","E02004986","5","5B2","E00121637","E01023954","E02004986","E33024496","E38000049","E63011463","C1","7A3",51.804482,-0.195898,"E37000048","","E23000027",7164,"E56000035","E54000025","E00190264","E01035604","E02004986"
"AL7 1WL","AL7  1WL","AL7 1WL","202008","","E10000015","E58000623","E07000241","E05011069","E43000083","0","524817","0212888","1","E18000006","E40000007","E92000001","E12000006","5","E14001573","E15000006","E24000005","E30000272","E16000150","E07000241","26ULGX","E00121635","26ULGX","E65000001","E01023958","E02004986","5","1A3","E00121635","E01023958","E02004986","E33024494","E38000049","E63011463","C1","4A1",51.800722,-0.191238,"E37000048","","E23000027",7219,"E56000035","E54000025","E00121635","E01023958","E02004986"
"AL7 1WN","AL7  1WN","AL7 1WN","202106","","E10000015","E58000622","E07000241","E05011059","E43000083","0","524810","0214004","1","E18000006","E40000007","E92000001","E12000006","5","E14001573","E15000006","E24000005","E30000272","E16000150","E07000241","26ULGK","E00121417","26ULGK","E65000001","E01023915","E02004983","5","1A3","E00121417","E01023915","E02004983","E33024466","E38000049","E63011463","C1","8D2",51.810752,-0.190938,"E37000048","","E23000027",18997,"E56000035","E54000025","E00121417","E01023915","E02004983"
"AL7 1WP","AL7  1WP","AL7 1WP","202203","","E10000015","E58000622","E07000241","E05011059","E43000083","0","524801","0213953","1","E18000006","E40000007","E92000001","E12000006","5","E14001573","E15000006","E24000005","E30000272","E16000150","E07000241","26ULGK","E00121417","26ULGK","E65000001","E01023915","E02004983","5","1A3","E00121417","E01023915","E02004983","E33024466","E38000049","E63011463","C1","8D2",51.810324,-0.191144,"E37000048","","E23000027",18997,"E56000035","E54000025","E00121417","E01023915","E02004983"
"AL7 1WQ","AL7  1WQ","AL7 1WQ","202204","","E10000015","E58000622","E07000241","E05011059","E43000083","0","524742","0213945","1","E18000006","E40000007","E92000001","E12000006","5","E14001573","E15000006","E24000005","E30000272","E16000150","E07000241","26ULGK","E00121417","26ULGK","E65000001","E01023915","E02004983","5","1A3","E00121417","E01023915","E02004983","E33024466","E38000049","E63011463","C1","8D2",51.810237,-0.191945,"E37000048","","E23000027",18997,"E56000035","E54000025","E00121417","E01023915","E02004983"
"AL7 1WS","AL7  1WS","AL7 1WS","202203","","E10000015","E58000622","E07000241","E05011059","E43000083","0","524767","0213925","1","E18000006","E40000007","E92000001","E12000006","5","E14001573","E15000006","E24000005","E30000272","E16000150","E07000241","26ULGK","E00121417","26ULGK","E65000001","E01023915","E02004983","5","1A3","E00121417","E01023915","E02004983","E33024466","E38000049","E63011463","C1","8D2",51.810052,-0.191590,"E37000048","","E23000027",18997,"E56000035","E54000025","E00121417","E01023915","E02004983"
"AL7 1WT","AL7  1WT","AL7 1WT","202207","","E10000015","E58000622","E07000241","E05011059","E43000083","0","524792","0213905","1","E18000006","E40000007","E92000001","E12000006","5","E14001573","E15000006","E24000005","E30000272","E16000150","E07000241","26ULGK","E00121417","26ULGK","E65000001","E01023915","E02004983","5","1A3","E00121417","E01023915","E02004983","E33024466","E38000049","E63011463","C1","8D2",51.809867,-0.191235,"E37000048","","E23000027",18997,"E56000035","E54000025","E00121417","E01023915","E02004983"
"AL7 1WU","AL7  1WU","AL7 1WU","202309","","E10000015","E58000622","E07000241","E05011059","E43000083","0","524823","0213881","1","E18000006","E40000007","E92000001","E12000006","5","E14001573","E15000006","E24000005","E30000272","E16000150","E07000241","26ULGK","E00121417","26ULGK","E65000001","E01023915","E02004983","5","1A3","E00121417","E01023915","E02004983","E33024466","E38000049","E63011463","C1","8D2",51.809644,-0.190794,"E37000048","","E23000027",18997,"E56000035","E54000025","E00121417","E01023915","E02004983"
"AL7 1WW","AL7  1WW","AL7 1WW","202108","","E10000015","E58000623","E07000241","E05011069","E43000083","0","524849","0212930","1","E18000006","E40000007","E92000001","E12000006","5","E14001573","E15000006","E24000005","E30000272","E16000150","E07000241","26ULGX","E00121637","26ULGX","E65000001","E01023954","E02004986","5","5B2","E00121637","E01023954","E02004986","E33024500","E38000049","E63011463","C1","7A3",51.801092,-0.190759,"E37000048","","E23000027",7164,"E56000035","E54000025","E00190264","E01035604","E02004986"
"AL7 1WX","AL7  1WX","AL7 1WX","202306","","E10000015","E58000622","E07000241","E05011059","E43000083","0","524894","0213292","1","E18000006","E40000007","E92000001","E12000006","5","E14001573","E15000006","E24000005","E30000272","E16000150","E07000241","26ULGK","E00121425","26ULGK","E65000001","E01023912","E02004983","5","6C1","E00121425","E01023912","E02004983","E33024472","E38000049","E63011463","C1","7A2",51.804335,-0.189977,"E37000048","","E23000027",27552,"E56000035","E54000025","E00121425","E01023912","E02004983"
"AL7 1XN","AL7  1XN","AL7 1XN","200302","","E10000015","E58000623","E07000241","E05011069","E43000083","1","524487","0213299","1","E18000006","E40000007","E92000001","E12000006","5","E14001573","E15000006","E24000005","E30000272","E16000150","E07000241","26ULGX","E00121637","26ULGX","E65000001","E01023954","E02004986","5","5B2","E00121637","E01023954","E02004986","E33024496","E38000049","E63011463","C1","7A3",51.804482,-0.195898,"E37000048","","E23000027",7164,"E56000035","E54000025","E00190264","E01035604","E02004986"
"AL7 1XQ","AL7  1XQ","AL7 1XQ","200306","200602","E10000015","E58000622","E07000241","E05011059","E43000083","1","524995","0213795","6","E18000006","E40000007","E92000001","E12000006","5","E14001573","E15000006","E24000005","E30000272","E16000150","E07000241","26ULGK","E00121421","26ULGK","E65000001","E01023912","E02004983","5","1C3","E00121421","E01023912","E02004983","E33024468","E38000049","E63011463","C1","8B2",51.808826,-0.188356,"E37000048","","E23000027",27552,"E56000035","E54000025","E00121421","E01023912","E02004983"
"AL7 1XS","AL7  1XS","AL7 1XS","200307","200809","E10000015","E58000623","E07000241","E05011069","E43000083","1","524487","0213299","1","E18000006","E40000007","E92000001","E12000006","5","E14001573","E15000006","E24000005","E30000272","E16000150","E07000241","26ULGX","E00121637","26ULGX","E65000001","E01023954","E02004986","5","5B2","E00121637","E01023954","E02004986","E33024496","E38000049","E63011463","C1","7A3",51.804482,-0.195898,"E37000048","","E23000027",7164,"E56000035","E54000025","E00190264","E01035604","E02004986"
"AL7 1XT","AL7  1XT","AL7 1XT","200302","200806","E10000015","E58000623","E07000241","E05011069","E43000083","1","524487","0213299","1","E18000006","E40000007","E92000001","E12000006","5","E14001573","E15000006","E24000005","E30000272","E16000150","E07000241","26ULGX","E00121637","26ULGX","E65000001","E01023954","E02004986","5","5B2","E00121637","E01023954","E02004986","E33024496","E38000049","E63011463","C1","7A3",51.804482,-0.195898,"E37000048","","E23000027",7164,"E56000035","E54000025","E00190264","E01035604","E02004986"
"AL7 1XY","AL7  1XY","AL7 1XY","199812","199912","E10000015","E58000622","E07000241","E05011059","E43000083","1","524994","0213918","6","E18000006","E40000007","E92000001","E12000006","5","E14001573","E15000006","E24000005","E30000272","E16000150","E07000241","26ULGK","E00121421","26ULGK","E65000001","E01023912","E02004983","5","1C3","E00121421","E01023912","E02004983","E33024469","E38000049","E63011463","C1","8B2",51.809932,-0.188326,"E37000048","","E23000027",27552,"E56000035","E54000025","E00121421","E01023912","E02004983"
"AL7 1YA","AL7  1YA","AL7 1YA","200707","200908","E10000015","E58000623","E07000241","E05011069","E43000083","1","524487","0213299","1","E18000006","E40000007","E92000001","E12000006","5","E14001573","E15000006","E24000005","E30000272","E16000150","E07000241","26ULGX","E00121637","26ULGX","E65000001","E01023954","E02004986","5","5B2","E00121637","E01023954","E02004986","E33024496","E38000049","E63011463","C1","7A3",51.804482,-0.195898,"E37000048","","E23000027",7164,"E56000035","E54000025","E00190264","E01035604","E02004986"
"AL7 1YR","AL7  1YR","AL7 1YR","201611","201808","E10000015","E58000623","E07000241","E05011069","E43000083","1","524487","0213299","1","E18000006","E40000007","E92000001","E12000006","5","E14001573","E15000006","E24000005","E30000272","E16000150","E07000241","26ULGX","E00121637","26ULGX","E65000001","E01023954","E02004986","5","5B2","E00121637","E01023954","E02004986","E33024496","E38000049","E63011463","C1","7A3",51.804489,-0.195874,"E37000048","","E23000027",7164,"E56000035","E54000025","E00190264","E01035604","E02004986"
"AL7 1YW","AL7  1YW","AL7 1YW","200106","200808","E10000015","E58000623","E07000241","E05011069","E43000083","1","524487","0213299","1","E18000006","E40000007","E92000001","E12000006","5","E14001573","E15000006","E24000005","E30000272","E16000150","E07000241","26ULGX","E00121637","26ULGX","E65000001","E01023954","E02004986","5","5B2","E00121637","E01023954","E02004986","E33024496","E38000049","E63011463","C1","7A3",51.804482,-0.195898,"E37000048","","E23000027",7164,"E56000035","E54000025","E00190264","E01035604","E02004986"
"AL7 1YX","AL7  1YX","AL7 1YX","200106","201202","E10000015","E58000623","E07000241","E05011069","E43000083","1","524487","0213299","1","E18000006","E40000007","E92000001","E12000006","5","E14001573","E15000006","E24000005","E30000272","E16000150","E07000241","26ULGX","E00121637","26ULGX","E65000001","E01023954","E02004986","5","5B2","E00121637","E01023954","E02004986","E33024496","E38000049","E63011463","C1","7A3",51.804482,-0.195898,"E37000048","","E23000027",7164,"E56000035","E54000025","E00190264","E01035604","E02004986"
"AL7 1YZ","AL7  1YZ","AL7 1YZ","200012","200402","E10000015","E58000623","E07000241","E05011069","E43000083","1","524487","0213299","1","E18000006","E40000007","E92000001","E12000006","5","E14001573","E15000006","E24000005","E30000272","E16000150","E07000241","26ULGX","E00121637","26ULGX","E65000001","E01023954","E02004986","5","5B2","E00121637","E01023954","E02004986","E33024496","E38000049","E63011463","C1","7A3",51.804482,-0.195898,"E37000048","","E23000027",7164,"E56000035","E54000025","E00190264","E01035604","E02004986"
"AL7 1ZD","AL7  1ZD","AL7 1ZD","199712","199906","E10000015","E58000622","E07000241","E05011059","E43000083","1","524994","0213918","6","E18000006","E40000007","E92000001","E12000006","5","E14001573","E15000006","E24000005","E30000272","E16000150","E07000241","26ULGK","E00121421","26ULGK","E65000001","E01023912","E02004983","5","1C3","E00121421","E01023912","E02004983","E33024469","E38000049","E63011463","C1","8B2",51.809932,-0.188326,"E37000048","","E23000027",27552,"E56000035","E54000025","E00121421","E01023912","E02004983"
"AL7 1ZE","AL7  1ZE","AL7 1ZE","199806","200402","E10000015","E58000623","E07000241","E05011069","E43000083","1","524487","0213299","1","E18000006","E40000007","E92000001","E12000006","5","E14001573","E15000006","E24000005","E30000272","E16000150","E07000241","26ULGX","E00121637","26ULGX","E65000001","E01023954","E02004986","5","5B2","E00121637","E01023954","E02004986","E33024496","E38000049","E63011463","C1","7A3",51.804482,-0.195898,"E37000048","","E23000027",7164,"E56000035","E54000025","E00190264","E01035604","E02004986"
"AL7 1ZF","AL7  1ZF","AL7 1ZF","199806","200402","E10000015","E58000623","E07000241","E05011069","E43000083","1","524487","0213299","1","E18000006","E40000007","E92000001","E12000006","5","E14001573","E15000006","E24000005","E30000272","E16000150","E07000241","26ULGX","E00121637","26ULGX","E65000001","E01023954","E02004986","5","5B2","E00121637","E01023954","E02004986","E33024496","E38000049","E63011463","C1","7A3",51.804482,-0.195898,"E37000048","","E23000027",7164,"E56000035","E54000025","E00190264","E01035604","E02004986"
"AL7 1ZG","AL7  1ZG","AL7 1ZG","199806","200009","E10000015","E58000622","E07000241","E05011059","E43000083","1","524982","0213869","6","E18000006","E40000007","E92000001","E12000006","5","E14001573","E15000006","E24000005","E30000272","E16000150","E07000241","26ULGK","E00121421","26ULGK","E65000001","E01023912","E02004983","5","1C3","E00121421","E01023912","E02004983","E33024469","E38000049","E63011463","C1","8B2",51.809494,-0.188518,"E37000048","","E23000027",27552,"E56000035","E54000025","E00121421","E01023912","E02004983"
"AL7 1ZH","AL7  1ZH","AL7 1ZH","199806","199912","E10000015","E58000622","E07000241","E05011059","E43000083","1","524994","0213918","6","E18000006","E40000007","E92000001","E12000006","5","E14001573","E15000006","E24000005","E30000272","E16000150","E07000241","26ULGK","E00121421","26ULGK","E65000001","E01023912","E02004983","5","1C3","E00121421","E01023912","E02004983","E33024469","E38000049","E63011463","C1","8B2",51.809932,-0.188326,"E37000048","","E23000027",27552,"E56000035","E54000025","E00121421","E01023912","E02004983"
"AL7 1ZJ","AL7  1ZJ","AL7 1ZJ","199806","199912","E10000015","E58000622","E07000241","E05011059","E43000083","1","524994","0213918","6","E18000006","E40000007","E92000001","E12000006","5","E14001573","E15000006","E24000005","E30000272","E16000150","E07000241","26ULGK","E00121421","26ULGK","E65000001","E01023912","E02004983","5","1C3","E00121421","E01023912","E02004983","E33024469","E38000049","E63011463","C1","8B2",51.809932,-0.188326,"E37000048","","E23000027",27552,"E56000035","E54000025","E00121421","E01023912","E02004983"
"AL7 1ZL","AL7  1ZL","AL7 1ZL","199806","199912","E10000015","E58000622","E07000241","E05011059","E43000083","1","524994","0213918","6","E18000006","E40000007","E92000001","E12000006","5","E14001573","E15000006","E24000005","E30000272","E16000150","E07000241","26ULGK","E00121421","26ULGK","E65000001","E01023912","E02004983","5","1C3","E00121421","E01023912","E02004983","E33024469","E38000049","E63011463","C1","8B2",51.809932,-0.188326,"E37000048","","E23000027",27552,"E56000035","E54000025","E00121421","E01023912","E02004983"
"AL7 1ZN","AL7  1ZN","AL7 1ZN","199806","200402","E10000015","E58000623","E07000241","E05011069","E43000083","1","524487","0213299","1","E18000006","E40000007","E92000001","E12000006","5","E14001573","E15000006","E24000005","E30000272","E16000150","E07000241","26ULGX","E00121637","26ULGX","E65000001","E01023954","E02004986","5","5B2","E00121637","E01023954","E02004986","E33024496","E38000049","E63011463","C1","7A3",51.804482,-0.195898,"E37000048","","E23000027",7164,"E56000035","E54000025","E00190264","E01035604","E02004986"
"AL7 1ZP","AL7  1ZP","AL7 1ZP","199806","200306","E10000015","E58000623","E07000241","E05011069","E43000083","1","524487","0213299","1","E18000006","E40000007","E92000001","E12000006","5","E14001573","E15000006","E24000005","E30000272","E16000150","E07000241","26ULGX","E00121637","26ULGX","E65000001","E01023954","E02004986","5","5B2","E00121637","E01023954","E02004986","E33024496","E38000049","E63011463","C1","7A3",51.804482,-0.195898,"E37000048","","E23000027",7164,"E56000035","E54000025","E00190264","E01035604","E02004986"
"AL7 1ZQ","AL7  1ZQ","AL7 1ZQ","199806","200306","E10000015","E58000623","E07000241","E05011069","E43000083","1","524487","0213299","1","E18000006","E40000007","E92000001","E12000006","5","E14001573","E15000006","E24000005","E30000272","E16000150","E07000241","26ULGX","E00121637","26ULGX","E65000001","E01023954","E02004986","5","5B2","E00121637","E01023954","E02004986","E33024496","E38000049","E63011463","C1","7A3",51.804482,-0.195898,"E37000048","","E23000027",7164,"E56000035","E54000025","E00190264","E01035604","E02004986"
"AL7 1ZR","AL7  1ZR","AL7 1ZR","202208","202407","E10000015","E58000623","E07000241","E05011069","E43000083","1","524487","0213299","1","E18000006","E40000007","E92000001","E12000006","5","E14001573","E15000006","E24000005","E30000272","E16000150","E07000241","26ULGX","E00121637","26ULGX","E65000001","E01023954","E02004986","5","5B2","E00121637","E01023954","E02004986","E33024496","E38000049","E63011463","C1","7A3",51.804489,-0.195874,"E37000048","","E23000027",7164,"E56000035","E54000025","E00190264","E01035604","E02004986"
"AL7 1ZS","AL7  1ZS","AL7 1ZS","199912","200812","E10000015","E58000623","E07000241","E05011069","E43000083","1","524487","0213299","1","E18000006","E40000007","E92000001","E12000006","5","E14001573","E15000006","E24000005","E30000272","E16000150","E07000241","26ULGX","E00121637","26ULGX","E65000001","E01023954","E02004986","5","5B2","E00121637","E01023954","E02004986","E33024496","E38000049","E63011463","C1","7A3",51.804482,-0.195898,"E37000048","","E23000027",7164,"E56000035","E54000025","E00190264","E01035604","E02004986"
"AL7 1ZT","AL7  1ZT","AL7 1ZT","200012","200402","E10000015","E58000623","E07000241","E05011069","E43000083","1","524487","0213299","1","E18000006","E40000007","E92000001","E12000006","5","E14001573","E15000006","E24000005","E30000272","E16000150","E07000241","26ULGX","E00121637","26ULGX","E65000001","E01023954","E02004986","5","5B2","E00121637","E01023954","E02004986","E33024496","E38000049","E63011463","C1","7A3",51.804482,-0.195898,"E37000048","","E23000027",7164,"E56000035","E54000025","E00190264","E01035604","E02004986"
"AL7 1ZU","AL7  1ZU","AL7 1ZU","200006","200110","E10000015","E58000623","E07000241","E05011069","E43000083","1","524487","0213299","1","E18000006","E40000007","E92000001","E12000006","5","E14001573","E15000006","E24000005","E30000272","E16000150","E07000241","26ULGX","E00121637","26ULGX","E65000001","E01023954","E02004986","5","5B2","E00121637","E01023954","E02004986","E33024496","E38000049","E63011463","C1","7A3",51.804482,-0.195898,"E37000048","","E23000027",7164,"E56000035","E54000025","E00190264","E01035604","E02004986"
"AL7 1ZW","AL7  1ZW","AL7 1ZW","200006","200701","E10000015","E58000623","E07000241","E05011069","E43000083","1","524487","0213299","1","E18000006","E40000007","E92000001","E12000006","5","E14001573","E15000006","E24000005","E30000272","E16000150","E07000241","26ULGX","E00121637","26ULGX","E65000001","E01023954","E02004986","5","5B2","E00121637","E01023954","E02004986","E33024496","E38000049","E63011463","C1","7A3",51.804482,-0.195898,"E37000048","","E23000027",7164,"E56000035","E54000025","E00190264","E01035604","E02004986"
"AL7 1ZX","AL7  1ZX","AL7 1ZX","200106","200203","E10000015","E58000623","E07000241","E05011069","E43000083","1","524487","0213299","1","E18000006","E40000007","E92000001","E12000006","5","E14001573","E15000006","E24000005","E30000272","E16000150","E07000241","26ULGX","E00121637","26ULGX","E65000001","E01023954","E02004986","5","5B2","E00121637","E01023954","E02004986","E33024496","E38000049","E63011463","C1","7A3",51.804482,-0.195898,"E37000048","","E23000027",7164,"E56000035","E54000025","E00190264","E01035604","E02004986"
"AL7 1ZY","AL7  1ZY","AL7 1ZY","199912","200112","E10000015","E58000623","E07000241","E05011069","E43000083","1","524487","0213299","1","E18000006","E40000007","E92000001","E12000006","5","E14001573","E15000006","E24000005","E30000272","E16000150","E07000241","26ULGX","E00121637","26ULGX","E65000001","E01023954","E02004986","5","5B2","E00121637","E01023954","E02004986","E33024496","E38000049","E63011463","C1","7A3",51.804482,-0.195898,"E37000048","","E23000027",7164,"E56000035","E54000025","E00190264","E01035604","E02004986"
"AL7 1ZZ","AL7  1ZZ","AL7 1ZZ","200006","200808","E10000015","E58000623","E07000241","E05011069","E43000083","1","524487","0213299","1","E18000006","E40000007","E92000001","E12000006","5","E14001573","E15000006","E24000005","E30000272","E16000150","E07000241","26ULGX","E00121637","26ULGX","E65000001","E01023954","E02004986","5","5B2","E00121637","E01023954","E02004986","E33024496","E38000049","E63011463","C1","7A3",51.804482,-0.195898,"E37000048","","E23000027",7164,"E56000035","E54000025","E00190264","E01035604","E02004986"
"AL7 2AA","AL7  2AA","AL7 2AA","199002","","E10000015","E58000676","E07000241","E05011066","E43000083","0","525464","0212565","1","E18000006","E40000007","E92000001","E12000006","5","E14001573","E15000006","E24000005","E30000272","E16000150","E07000241","26ULGT","E00121578","26ULGT","E65000001","E01023944","E02004987","5","1C1","E00173228","E01023944","E02004987","E33027644","E38000049","E63011463","C1","8D2",51.797668,-0.182001,"E37000048","","E23000027",20388,"E56000035","E54000025","E00173228","E01023944","E02004987"
"AL7 2AB","AL7  2AB","AL7 2AB","198001","199812","E10000015","E58000622","E07000241","E05011059","E43000083","0","525500","0212600","8","E18000006","E40000007","E92000001","E12000006","5","E14001573","E15000006","E24000005","E30000272","E16000150","E07000241","26ULGK","E00121429","26ULGK","E65000001","E01023912","E02004983","5","6A2","E00121429","E01023912","E02004983","E33027635","E38000049","E63011463","C1","5A3",51.797974,-0.181467,"E37000048","","E23000027",27552,"E56000035","E54000025","E00121429","E01023912","E02004983"
"AL7 2AD","AL7  2AD","AL7 2AD","198001","","E10000015","E58000676","E07000241","E05011068","E43000083","0","525496","0212783","1","E18000006","E40000007","E92000001","E12000006","5","E14001573","E15000006","E24000005","E30000272","E16000150","E07000241","26ULGT","E00121578","26ULGT","E65000001","E01023944","E02004987","5","1C1","E00173256","E01023944","E02004987","E33027648","E38000049","E63011463","C1","4A3",51.799626,-0.181434,"E37000048","","E23000027",20388,"E56000035","E54000025","E00173256","E01023944","E02004987"
"AL7 2AE","AL7  2AE","AL7 2AE","198001","200302","E10000015","E58000676","E07000241","E05011066","E43000083","0","525400","0212600","5","E18000006","E40000007","E92000001","E12000006","5","E14001573","E15000006","E24000005","E30000272","E16000150","E07000241","26ULGT","E00121578","26ULGT","E65000001","E01023944","E02004987","5","1C1","E00173228","E01023944","E02004987","E33027644","E38000049","E63011463","C1","8D2",51.797997,-0.182916,"E37000048","","E23000027",20388,"E56000035","E54000025","E00173228","E01023944","E02004987"
"AL7 2AF","AL7  2AF","AL7 2AF","198001","","E10000015","E58000622","E07000241","E05011059","E43000083","1","525654","0213071","1","E18000006","E40000007","E92000001","E12000006","5","E14001573","E15000006","E24000005","E30000272","E16000150","E07000241","26ULGW","E00121631","26ULGW","E65000001","E01023951","E02004984","5","6A2","E00121631","E01023951","E02004984","E33027638","E38000049","E63011463","C1","6B2",51.802172,-0.179064,"E37000048","","E23000027",9435,"E56000035","E54000025","E00121631","E01023951","E02004984"
"AL7 2AG","AL7  2AG","AL7 2AG","198001","","E10000015","E58000622","E07000241","E05011059","E43000083","0","525591","0213137","1","E18000006","E40000007","E92000001","E12000006","5","E14001573","E15000006","E24000005","E30000272","E16000150","E07000241","26ULGK","E00121428","26ULGK","E65000001","E01023912","E02004983","5","6A2","E00121428","E01023912","E02004983","E33027635","E38000049","E63011463","C1","5A1",51.802786,-0.179929,"E37000048","","E23000027",27552,"E56000035","E54000025","E00121428","E01023912","E02004983"
"AL7 2AH","AL7  2AH","AL7 2AH","198001","","E10000015","E58000622","E07000241","E05011059","E43000083","0","525741","0213252","1","E18000006","E40000007","E92000001","E12000006","5","E14001573","E15000006","E24000005","E30000272","E16000150","E07000241","26ULGW","E00121631","26ULGW","E65000001","E01023951","E02004984","5","6A2","E00121631","E01023951","E02004984","E33027638","E38000049","E63011463","C1","6B2",51.803786,-0.177713,"E37000048","","E23000027",9435,"E56000035","E54000025","E00121631","E01023951","E02004984"
"AL7 2AJ","AL7  2AJ","AL7 2AJ","198001","","E10000015","E58000622","E07000241","E05011059","E43000083","0","525944","0213266","1","E18000006","E40000007","E92000001","E12000006","5","E14001573","E15000006","E24000005","E30000272","E16000150","E07000241","26ULGW","E00121630","26ULGW","E65000001","E01023951","E02004984","5","6B2","E00121630","E01023951","E02004984","E33027638","E38000049","E63011463","C1","5B3",51.803866,-0.174765,"E37000048","","E23000027",9435,"E56000035","E54000025","E00121630","E01023951","E02004984"
"AL7 2AL","AL7  2AL","AL7 2AL","198001","","E10000015","E58000622","E07000241","E05011059","E43000083","0","525953","0213208","1","E18000006","E40000007","E92000001","E12000006","5","E14001573","E15000006","E24000005","E30000272","E16000150","E07000241","26ULGW","E00121630","26ULGW","E65000001","E01023951","E02004984","5","6B2","E00121630","E01023951","E02004984","E33027638","E38000049","E63011463","C1","5B3",51.803343,-0.174655,"E37000048","","E23000027",9435,"E56000035","E54000025","E00121630","E01023951","E02004984"
"AL7 2AN","AL7  2AN","AL7 2AN","198001","","E10000015","E58000622","E07000241","E05011059","E43000083","0","525895","0213175","1","E18000006","E40000007","E92000001","E12000006","5","E14001573","E15000006","E24000005","E30000272","E16000150","E07000241","26ULGW","E00121631","26ULGW","E65000001","E01023951","E02004984","5","6A2","E00121631","E01023951","E02004984","E33027638","E38000049","E63011463","C1","6B2",51.803059,-0.175508,"E37000048","","E23000027",9435,"E56000035","E54000025","E00121631","E01023951","E02004984"
"AL7 2AP","AL7  2AP","AL7 2AP","198001","","E10000015","E58000622","E07000241","E05011059","E43000083","0","525870","0213270","1","E18000006","E40000007","E92000001","E12000006","5","E14001573","E15000006","E24000005","E30000272","E16000150","E07000241","26ULGW","E00121631","26ULGW","E65000001","E01023951","E02004984","5","6A2","E00121631","E01023951","E02004984","E33027638","E38000049","E63011463","C1","6B2",51.803919,-0.175836,"E37000048","","E23000027",9435,"E56000035","E54000025","E00121631","E01023951","E02004984"
"AL7 2AQ","AL7  2AQ","AL7 2AQ","198001","","E10000015","E58000622","E07000241","E05011059","E43000083","0","525696","0213293","1","E18000006","E40000007","E92000001","E12000006","5","E14001573","E15000006","E24000005","E30000272","E16000150","E07000241","26ULGK","E00121422","26ULGK","E65000001","E01023913","E02004983","5","1C3","E00121422","E01023913","E02004983","E33027635","E38000049","E63011463","C1","5A1",51.804165,-0.178350,"E37000048","","E23000027",18894,"E56000035","E54000025","E00121422","E01023913","E02004983"
"AL7 2AR","AL7  2AR","AL7 2AR","198001","","E10000015","E58000622","E07000241","E05011059","E43000083","0","525780","0213237","1","E18000006","E40000007","E92000001","E12000006","5","E14001573","E15000006","E24000005","E30000272","E16000150","E07000241","26ULGW","E00121631","26ULGW","E65000001","E01023951","E02004984","5","6A2","E00121631","E01023951","E02004984","E33027638","E38000049","E63011463","C1","6B2",51.803642,-0.177153,"E37000048","","E23000027",9435,"E56000035","E54000025","E00121631","E01023951","E02004984"
"AL7 2AS","AL7  2AS","AL7 2AS","198001","","E10000015","E58000622","E07000241","E05011059","E43000083","0","525785","0213118","1","E18000006","E40000007","E92000001","E12000006","5","E14001573","E15000006","E24000005","E30000272","E16000150","E07000241","26ULGW","E00121631","26ULGW","E65000001","E01023951","E02004984","5","6A2","E00121631","E01023951","E02004984","E33027638","E38000049","E63011463","C1","6B2",51.802572,-0.177123,"E37000048","","E23000027",9435,"E56000035","E54000025","E00121631","E01023951","E02004984"
"AL7 2AT","AL7  2AT","AL7 2AT","198001","","E10000015","E58000622","E07000241","E05011059","E43000083","0","525730","0213152","1","E18000006","E40000007","E92000001","E12000006","5","E14001573","E15000006","E24000005","E30000272","E16000150","E07000241","26ULGW","E00121631","26ULGW","E65000001","E01023951","E02004984","5","6A2","E00121631","E01023951","E02004984","E33027638","E38000049","E63011463","C1","6B2",51.802890,-0.177908,"E37000048","","E23000027",9435,"E56000035","E54000025","E00121631","E01023951","E02004984"
"AL7 2AU","AL7  2AU","AL7 2AU","198001","","E10000015","E58000622","E07000241","E05011059","E43000083","0","525847","0213164","1","E18000006","E40000007","E92000001","E12000006","5","E14001573","E15000006","E24000005","E30000272","E16000150","E07000241","26ULGW","E00121631","26ULGW","E65000001","E01023951","E02004984","5","6A2","E00121631","E01023951","E02004984","E33027638","E38000049","E63011463","C1","6B2",51.802971,-0.176208,"E37000048","","E23000027",9435,"E56000035","E54000025","E00121631","E01023951","E02004984"
"AL7 2AW","AL7  2AW","AL7 2AW","198001","","E10000015","E58000622","E07000241","E05011059","E43000083","0","525915","0213233","1","E18000006","E40000007","E92000001","E12000006","5","E14001573","E15000006","E24000005","E30000272","E16000150","E07000241","26ULGW","E00121630","26ULGW","E65000001","E01023951","E02004984","5","6B2","E00121630","E01023951","E02004984","E33027638","E38000049","E63011463","C1","5B3",51.803576,-0.175197,"E37000048","","E23000027",9435,"E56000035","E54000025","E00121630","E01023951","E02004984"
"AL7 2AX","AL7  2AX","AL7 2AX","198001","","E10000015","E58000622","E07000241","E05011059","E43000083","0","526049","0213160","1","E18000006","E40000007","E92000001","E12000006","5","E14001573","E15000006","E24000005","E30000272","E16000150","E07000241","26ULGK","E00121430","26ULGK","E65000001","E01023913","E02004983","5","5B1","E00121430","E01023913","E02004983","E33027635","E38000049","E63011463","C1","7A3",51.802890,-0.173281,"E37000048","","E23000027",18894,"E56000035","E54000025","E00121430","E01023913","E02004983"
"AL7 2AY","AL7  2AY","AL7 2AY","198001","","E10000015","E58000622","E07000241","E05011059","E43000083","0","525992","0212939","1","E18000006","E40000007","E92000001","E12000006","5","E14001573","E15000006","E24000005","E30000272","E16000150","E07000241","26ULGW","E00121630","26ULGW","E65000001","E01023951","E02004984","5","6B2","E00121630","E01023951","E02004984","E33027638","E38000049","E63011463","C1","5B3",51.800910,-0.174213,"E37000048","","E23000027",9435,"E56000035","E54000025","E00121630","E01023951","E02004984"
"AL7 2AZ","AL7  2AZ","AL7 2AZ","198001","","E10000015","E58000622","E07000241","E05011059","E43000083","0","526076","0212715","1","E18000006","E40000007","E92000001","E12000006","5","E14001573","E15000006","E24000005","E30000272","E16000150","E07000241","26ULGW","E00121619","26ULGW","E65000001","E01023952","E02004984","5","5B1","E00121619","E01023952","E02004984","E33027638","E38000049","E63011463","C1","7A2",51.798885,-0.173051,"E37000048","","E23000027",16541,"E56000035","E54000025","E00121619","E01023952","E02004984"
"AL7 2BA","AL7  2BA","AL7 2BA","198001","","E10000015","E58000622","E07000241","E05011059","E43000083","0","526132","0212742","1","E18000006","E40000007","E92000001","E12000006","5","E14001573","E15000006","E24000005","E30000272","E16000150","E07000241","26ULGW","E00121620","26ULGW","E65000001","E01023952","E02004984","5","5A2","E00121620","E01023952","E02004984","E33027638","E38000049","E63011463","C1","7D2",51.799115,-0.172230,"E37000048","","E23000027",16541,"E56000035","E54000025","E00121620","E01023952","E02004984"
"AL7 2BB","AL7  2BB","AL7 2BB","198001","","E10000015","E58000622","E07000241","E05011059","E43000083","0","526110","0212706","1","E18000006","E40000007","E92000001","E12000006","5","E14001573","E15000006","E24000005","E30000272","E16000150","E07000241","26ULGW","E00121619","26ULGW","E65000001","E01023952","E02004984","5","5B1","E00121619","E01023952","E02004984","E33027638","E38000049","E63011463","C1","7A2",51.798796,-0.172562,"E37000048","","E23000027",16541,"E56000035","E54000025","E00121619","E01023952","E02004984"
"AL7 2BD","AL7  2BD","AL7 2BD","198001","","E10000015","E58000622","E07000241","E05011059","E43000083","0","526016","0212780","1","E18000006","E40000007","E92000001","E12000006","5","E14001573","E15000006","E24000005","E30000272","E16000150","E07000241","26ULGW","E00121619","26ULGW","E65000001","E01023952","E02004984","5","5B1","E00121619","E01023952","E02004984","E33027638","E38000049","E63011463","C1","7A2",51.799476,-0.173923,"E37000048","","E23000027",16541,"E56000035","E54000025","E00121619","E01023952","E02004984"
"AL7 2BE","AL7  2BE","AL7 2BE","198001","","E10000015","E58000622","E07000241","E05011059","E43000083","0","526026","0212822","1","E18000006","E40000007","E92000001","E12000006","5","E14001573","E15000006","E24000005","E30000272","E16000150","E07000241","26ULGW","E00121619","26ULGW","E65000001","E01023952","E02004984","5","5B1","E00121619","E01023952","E02004984","E33027638","E38000049","E63011463","C1","7A2",51.799858,-0.173737,"E37000048","","E23000027",16541,"E56000035","E54000025","E00121619","E01023952","E02004984"
"AL7 2BF","AL7  2BF","AL7 2BF","200006","","E10000015","E58000622","E07000241","E05011059","E43000083","0","526163","0212911","1","E18000006","E40000007","E92000001","E12000006","5","E14001573","E15000006","E24000005","E30000272","E16000150","E07000241","26ULGW","E00121611","26ULGW","E65000001","E01023951","E02004984","5","5B3","E00121611","E01023951","E02004984","E33027638","E38000049","E63011463","C1","3C1",51.800627,-0.171719,"E37000048","","E23000027",9435,"E56000035","E54000025","E00121611","E01023951","E02004984"
"AL7 2BG","AL7  2BG","AL7 2BG","198001","","E10000015","E58000622","E07000241","E05011059","E43000083","0","526059","0212888","1","E18000006","E40000007","E92000001","E12000006","5","E14001573","E15000006","E24000005","E30000272","E16000150","E07000241","26ULGW","E00121619","26ULGW","E65000001","E01023952","E02004984","5","5B1","E00121619","E01023952","E02004984","E33027638","E38000049","E63011463","C1","7A2",51.800437,-0.173260,"E37000048","","E23000027",16541,"E56000035","E54000025","E00121619","E01023952","E02004984"
"AL7 2BH","AL7  2BH","AL7 2BH","198001","","E10000015","E58000622","E07000241","E05011059","E43000083","0","525419","0212625","1","E18000006","E40000007","E92000001","E12000006","5","E14001573","E15000006","E24000005","E30000272","E16000150","E07000241","26ULGK","E00121429","26ULGK","E65000001","E01023912","E02004983","5","6A2","E00121429","E01023912","E02004983","E33027635","E38000049","E63011463","C1","5A3",51.798217,-0.182632,"E37000048","","E23000027",27552,"E56000035","E54000025","E00121429","E01023912","E02004983"
"AL7 2BJ","AL7  2BJ","AL7 2BJ","198001","","E10000015","E58000622","E07000241","E05011059","E43000083","0","525907","0213080","1","E18000006","E40000007","E92000001","E12000006","5","E14001573","E15000006","E24000005","E30000272","E16000150","E07000241","26ULGW","E00121631","26ULGW","E65000001","E01023951","E02004984","5","6A2","E00121631","E01023951","E02004984","E33027638","E38000049","E63011463","C1","6B2",51.802203,-0.175369,"E37000048","","E23000027",9435,"E56000035","E54000025","E00121631","E01023951","E02004984"
"AL7 2BL","AL7  2BL","AL7 2BL","198001","","E10000015","E58000622","E07000241","E05011059","E43000083","0","525966","0213109","1","E18000006","E40000007","E92000001","E12000006","5","E14001573","E15000006","E24000005","E30000272","E16000150","E07000241","26ULGW","E00121630","26ULGW","E65000001","E01023951","E02004984","5","6B2","E00121630","E01023951","E02004984","E33027638","E38000049","E63011463","C1","5B3",51.802450,-0.174503,"E37000048","","E23000027",9435,"E56000035","E54000025","E00121630","E01023951","E02004984"
"AL7 2BN","AL7  2BN","AL7 2BN","198001","","E10000015","E58000622","E07000241","E05011059","E43000083","0","525894","0213006","1","E18000006","E40000007","E92000001","E12000006","5","E14001573","E15000006","E24000005","E30000272","E16000150","E07000241","26ULGW","E00121630","26ULGW","E65000001","E01023951","E02004984","5","6B2","E00121630","E01023951","E02004984","E33027638","E38000049","E63011463","C1","5B3",51.801541,-0.175584,"E37000048","","E23000027",9435,"E56000035","E54000025","E00121630","E01023951","E02004984"
"AL7 2BP","AL7  2BP","AL7 2BP","198001","","E10000015","E58000622","E07000241","E05011059","E43000083","0","525951","0212978","1","E18000006","E40000007","E92000001","E12000006","5","E14001573","E15000006","E24000005","E30000272","E16000150","E07000241","26ULGW","E00121630","26ULGW","E65000001","E01023951","E02004984","5","6B2","E00121630","E01023951","E02004984","E33027638","E38000049","E63011463","C1","5B3",51.801270,-0.174793,"E37000048","","E23000027",9435,"E56000035","E54000025","E00121630","E01023951","E02004984"
"AL7 2BQ","AL7  2BQ","AL7 2BQ","198001","","E10000015","E58000622","E07000241","E05011059","E43000083","0","526128","0212974","1","E18000006","E40000007","E92000001","E12000006","5","E14001573","E15000006","E24000005","E30000272","E16000150","E07000241","26ULGW","E00121611","26ULGW","E65000001","E01023951","E02004984","5","5B3","E00121611","E01023951","E02004984","E33027638","E38000049","E63011463","C1","3C1",51.801194,-0.172229,"E37000048","","E23000027",9435,"E56000035","E54000025","E00121611","E01023951","E02004984"
"AL7 2BS","AL7  2BS","AL7 2BS","198001","","E10000015","E58000622","E07000241","E05011059","E43000083","0","526130","0212669","1","E18000006","E40000007","E92000001","E12000006","5","E14001573","E15000006","E24000005","E30000272","E16000150","E07000241","26ULGW","E00121620","26ULGW","E65000001","E01023952","E02004984","5","5A2","E00121620","E01023952","E02004984","E33027638","E38000049","E63011463","C1","7D2",51.798453,-0.172311,"E37000048","","E23000027",16541,"E56000035","E54000025","E00121620","E01023952","E02004984"
"AL7 2BT","AL7  2BT","AL7 2BT","200810","","E10000015","E58000676","E07000241","E05011068","E43000083","0","525575","0212784","1","E18000006","E40000007","E92000001","E12000006","5","E14001573","E15000006","E24000005","E30000272","E16000150","E07000241","26ULGT","E00121578","26ULGT","E65000001","E01023944","E02004987","5","1C1","E00173256","E01023944","E02004987","E33027648","E38000049","E63011463","C1","4A3",51.799611,-0.180313,"E37000048","","E23000027",20388,"E56000035","E54000025","E00173256","E01023944","E02004987"
"AL7 2BU","AL7  2BU","AL7 2BU","198106","200505","E10000015","E58000622","E07000241","E05011059","E43000083","1","525478","0212619","1","E18000006","E40000007","E92000001","E12000006","5","E14001573","E15000006","E24000005","E30000272","E16000150","E07000241","26ULGK","E00121429","26ULGK","E65000001","E01023912","E02004983","5","6A2","E00121429","E01023912","E02004983","E33027635","E38000049","E63011463","C1","5A3",51.798150,-0.181779,"E37000048","","E23000027",27552,"E56000035","E54000025","E00121429","E01023912","E02004983"
"AL7 2BW","AL7  2BW","AL7 2BW","198001","","E10000015","E58000622","E07000241","E05011059","E43000083","0","526005","0213028","1","E18000006","E40000007","E92000001","E12000006","5","E14001573","E15000006","E24000005","E30000272","E16000150","E07000241","26ULGW","E00121630","26ULGW","E65000001","E01023951","E02004984","5","6B2","E00121630","E01023951","E02004984","E33027638","E38000049","E63011463","C1","5B3",51.801714,-0.173967,"E37000048","","E23000027",9435,"E56000035","E54000025","E00121630","E01023951","E02004984"
"AL7 2BX","AL7  2BX","AL7 2BX","199208","199912","E10000015","E58000622","E07000241","E05011059","E43000083","1","526279","0212794","6","E18000006","E40000007","E92000001","E12000006","5","E14001573","E15000006","E24000005","E30000272","E16000150","E07000241","26ULGW","E00121613","26ULGW","E65000001","E01023950","E02004984","5","6B2","E00121613","E01023950","E02004984","E33027637","E38000049","E63011463","C1","5A2",51.799543,-0.170106,"E37000048","","E23000027",28284,"E56000035","E54000025","E00121613","E01023950","E02004984"
"AL7 2BY","AL7  2BY","AL7 2BY","199002","199501","E10000015","E58000676","E07000241","E05011066","E43000083","1","525400","0212600","8","E18000006","E40000007","E92000001","E12000006","5","E14001573","E15000006","E24000005","E30000272","E16000150","E07000241","26ULGT","E00121578","26ULGT","E65000001","E01023944","E02004987","5","1C1","E00173228","E01023944","E02004987","E33027644","E38000049","E63011463","C1","8D2",51.797997,-0.182916,"E37000048","","E23000027",20388,"E56000035","E54000025","E00173228","E01023944","E02004987"
"AL7 2BZ","AL7  2BZ","AL7 2BZ","199002","199512","E10000015","E58000676","E07000241","E05011066","E43000083","1","525400","0212600","8","E18000006","E40000007","E92000001","E12000006","5","E14001573","E15000006","E24000005","E30000272","E16000150","E07000241","26ULGT","E00121578","26ULGT","E65000001","E01023944","E02004987","5","1C1","E00173228","E01023944","E02004987","E33027644","E38000049","E63011463","C1","8D2",51.797997,-0.182916,"E37000048","","E23000027",20388,"E56000035","E54000025","E00173228","E01023944","E02004987"
"AL7 2DA","AL7  2DA","AL7 2DA","198001","","E10000015","E58000676","E07000241","E05011068","E43000083","0","525556","0212329","1","E18000006","E40000007","E92000001","E12000006","5","E14001573","E15000006","E24000005","E30000272","E16000150","E07000241","26ULGT","E00121578","26ULGT","E65000001","E01023944","E02004987","5","1C1","E00173226","E01023944","E02004987","E33027648","E38000049","E63011463","C1","5A2",51.795533,-0.180728,"E37000048","","E23000027",20388,"E56000035","E54000025","E00173226","E01023944","E02004987"
"AL7 2DB","AL7  2DB","AL7 2DB","198001","","E10000015","E58000676","E07000241","E05011066","E43000083","0","525514","0212336","1","E18000006","E40000007","E92000001","E12000006","5","E14001573","E15000006","E24000005","E30000272","E16000150","E07000241","26ULGT","E00121578","26ULGT","E65000001","E01023944","E02004987","5","1C1","E00173228","E01023944","E02004987","E33027644","E38000049","E63011463","C1","8D2",51.795605,-0.181334,"E37000048","","E23000027",20388,"E56000035","E54000025","E00173228","E01023944","E02004987"
"AL7 2DD","AL7  2DD","AL7 2DD","198301","200402","E10000015","E58000622","E07000241","E05011059","E43000083","1","525500","0212600","5","E18000006","E40000007","E92000001","E12000006","5","E14001573","E15000006","E24000005","E30000272","E16000150","E07000241","26ULGK","E00121429","26ULGK","E65000001","E01023912","E02004983","5","6A2","E00121429","E01023912","E02004983","E33027635","E38000049","E63011463","C1","5A3",51.797974,-0.181467,"E37000048","","E23000027",27552,"E56000035","E54000025","E00121429","E01023912","E02004983"
"AL7 2DE","AL7  2DE","AL7 2DE","198301","199412","E10000015","E58000622","E07000241","E05011059","E43000083","1","526200","0213000","8","E18000006","E40000007","E92000001","E12000006","5","E14001573","E15000006","E24000005","E30000272","E16000150","E07000241","26ULGW","E00121629","26ULGW","E65000001","E01023951","E02004984","5","5B2","E00121629","E01023951","E02004984","E33027638","E38000049","E63011463","C1","7C3",51.801412,-0.171176,"E37000048","","E23000027",9435,"E56000035","E54000025","E00121629","E01023951","E02004984"
"AL7 2DF","AL7  2DF","AL7 2DF","199512","199912","E10000015","E58000622","E07000241","E05011059","E43000083","1","526279","0212794","6","E18000006","E40000007","E92000001","E12000006","5","E14001573","E15000006","E24000005","E30000272","E16000150","E07000241","26ULGW","E00121613","26ULGW","E65000001","E01023950","E02004984","5","6B2","E00121613","E01023950","E02004984","E33027637","E38000049","E63011463","C1","5A2",51.799543,-0.170106,"E37000048","","E23000027",28284,"E56000035","E54000025","E00121613","E01023950","E02004984"
"AL7 2DG","AL7  2DG","AL7 2DG","198001","","E10000015","E58000622","E07000241","E05011059","E43000083","0","526045","0213380","1","E18000006","E40000007","E92000001","E12000006","5","E14001573","E15000006","E24000005","E30000272","E16000150","E07000241","26ULGK","E00121430","26ULGK","E65000001","E01023913","E02004983","5","5B1","E00121430","E01023913","E02004983","E33027635","E38000049","E63011463","C1","7A3",51.804868,-0.173259,"E37000048","","E23000027",18894,"E56000035","E54000025","E00121430","E01023913","E02004983"
"AL7 2DH","AL7  2DH","AL7 2DH","198001","","E10000015","E58000622","E07000241","E05011059","E43000083","0","526107","0213390","1","E18000006","E40000007","E92000001","E12000006","5","E14001573","E15000006","E24000005","E30000272","E16000150","E07000241","26ULGK","E00121430","26ULGK","E65000001","E01023913","E02004983","5","5B1","E00121430","E01023913","E02004983","E33027635","E38000049","E63011463","C1","7A3",51.804944,-0.172357,"E37000048","","E23000027",18894,"E56000035","E54000025","E00121430","E01023913","E02004983"
"AL7 2DJ","AL7  2DJ","AL7 2DJ","198001","","E10000015","E58000622","E07000241","E05011059","E43000083","0","526002","0213463","1","E18000006","E40000007","E92000001","E12000006","5","E14001573","E15000006","E24000005","E30000272","E16000150","E07000241","26ULGK","E00121422","26ULGK","E65000001","E01023913","E02004983","5","1C3","E00121422","E01023913","E02004983","E33027635","E38000049","E63011463","C1","5A1",51.805623,-0.173853,"E37000048","","E23000027",18894,"E56000035","E54000025","E00121422","E01023913","E02004983"
"AL7 2DL","AL7  2DL","AL7 2DL","198001","","E10000015","E58000622","E07000241","E05011059","E43000083","0","525917","0213398","1","E18000006","E40000007","E92000001","E12000006","5","E14001573","E15000006","E24000005","E30000272","E16000150","E07000241","26ULGK","E00121426","26ULGK","E65000001","E01023913","E02004983","5","5C1","E00121426","E01023913","E02004983","E33027635","E38000049","E63011463","C1","3C1",51.805052,-0.175134,"E37000048","","E23000027",18894,"E56000035","E54000025","E00121426","E01023913","E02004983"
"AL7 2DN","AL7  2DN","AL7 2DN","198001","","E10000015","E58000622","E07000241","E05011059","E43000083","0","525954","0213368","1","E18000006","E40000007","E92000001","E12000006","5","E14001573","E15000006","E24000005","E30000272","E16000150","E07000241","26ULGK","E00121426","26ULGK","E65000001","E01023913","E02004983","5","5C1","E00121426","E01023913","E02004983","E33027635","E38000049","E63011463","C1","3C1",51.804774,-0.174608,"E37000048","","E23000027",18894,"E56000035","E54000025","E00121426","E01023913","E02004983"
"AL7 2DP","AL7  2DP","AL7 2DP","198001","","E10000015","E58000622","E07000241","E05011059","E43000083","0","526006","0213257","1","E18000006","E40000007","E92000001","E12000006","5","E14001573","E15000006","E24000005","E30000272","E16000150","E07000241","26ULGK","E00121430","26ULGK","E65000001","E01023913","E02004983","5","5B1","E00121430","E01023913","E02004983","E33027635","E38000049","E63011463","C1","7A3",51.803765,-0.173895,"E37000048","","E23000027",18894,"E56000035","E54000025","E00121430","E01023913","E02004983"
"AL7 2DQ","AL7  2DQ","AL7 2DQ","198001","","E10000015","E58000622","E07000241","E05011059","E43000083","0","526032","0213434","1","E18000006","E40000007","E92000001","E12000006","5","E14001573","E15000006","E24000005","E30000272","E16000150","E07000241","26ULGK","E00121430","26ULGK","E65000001","E01023913","E02004983","5","5B1","E00121430","E01023913","E02004983","E33027635","E38000049","E63011463","C1","7A3",51.805356,-0.173428,"E37000048","","E23000027",18894,"E56000035","E54000025","E00121430","E01023913","E02004983"
"AL7 2DR","AL7  2DR","AL7 2DR","198001","","E10000015","E58000622","E07000241","E05011059","E43000083","0","526102","0213280","1","E18000006","E40000007","E92000001","E12000006","5","E14001573","E15000006","E24000005","E30000272","E16000150","E07000241","26ULGK","E00121430","26ULGK","E65000001","E01023913","E02004983","5","5B1","E00121430","E01023913","E02004983","E33027635","E38000049","E63011463","C1","7A3",51.803950,-0.172495,"E37000048","","E23000027",18894,"E56000035","E54000025","E00121430","E01023913","E02004983"
"AL7 2DS","AL7  2DS","AL7 2DS","198001","","E10000015","E58000622","E07000241","E05011059","E43000083","0","525903","0213449","1","E18000006","E40000007","E92000001","E12000006","5","E14001573","E15000006","E24000005","E30000272","E16000150","E07000241","26ULGK","E00121426","26ULGK","E65000001","E01023913","E02004983","5","5C1","E00121426","E01023913","E02004983","E33027635","E38000049","E63011463","C1","3C1",51.805513,-0.175318,"E37000048","","E23000027",18894,"E56000035","E54000025","E00121426","E01023913","E02004983"
"AL7 2DT","AL7  2DT","AL7 2DT","199706","199806","E10000015","E58000622","E07000241","E05011059","E43000083","1","526281","0212798","6","E18000006","E40000007","E92000001","E12000006","5","E14001573","E15000006","E24000005","E30000272","E16000150","E07000241","26ULGW","E00121613","26ULGW","E65000001","E01023950","E02004984","5","6B2","E00121613","E01023950","E02004984","E33027637","E38000049","E63011463","C1","5A2",51.799578,-0.170075,"E37000048","","E23000027",28284,"E56000035","E54000025","E00121613","E01023950","E02004984"
"AL7 2DU","AL7  2DU","AL7 2DU","198001","","E10000015","E58000622","E07000241","E05011059","E43000083","0","525998","0213513","1","E18000006","E40000007","E92000001","E12000006","5","E14001573","E15000006","E24000005","E30000272","E16000150","E07000241","26ULGK","E00121422","26ULGK","E65000001","E01023913","E02004983","5","1C3","E00121422","E01023913","E02004983","E33027635","E38000049","E63011463","C1","5A1",51.806074,-0.173892,"E37000048","","E23000027",18894,"E56000035","E54000025","E00121422","E01023913","E02004983"
"AL7 2DW","AL7  2DW","AL7 2DW","198001","","E10000015","E58000622","E07000241","E05011059","E43000083","0","525972","0213323","1","E18000006","E40000007","E92000001","E12000006","5","E14001573","E15000006","E24000005","E30000272","E16000150","E07000241","26ULGK","E00121426","26ULGK","E65000001","E01023913","E02004983","5","5C1","E00121426","E01023913","E02004983","E33027635","E38000049","E63011463","C1","3C1",51.804366,-0.174364,"E37000048","","E23000027",18894,"E56000035","E54000025","E00121426","E01023913","E02004983"
"AL7 2DX","AL7  2DX","AL7 2DX","198001","","E10000015","E58000622","E07000241","E05011059","E43000083","0","526089","0213513","1","E18000006","E40000007","E92000001","E12000006","5","E14001573","E15000006","E24000005","E30000272","E16000150","E07000241","26ULGK","E00121423","26ULGK","E65000001","E01023913","E02004983","5","1A3","E00121423","E01023913","E02004983","E33027635","E38000049","E63011463","C1","8B1",51.806053,-0.172573,"E37000048","","E23000027",18894,"E56000035","E54000025","E00121423","E01023913","E02004983"
"AL7 2DY","AL7  2DY","AL7 2DY","198001","","E10000015","E58000622","E07000241","E05011059","E43000083","0","526164","0213501","1","E18000006","E40000007","E92000001","E12000006","5","E14001573","E15000006","E24000005","E30000272","E16000150","E07000241","26ULGK","E00121423","26ULGK","E65000001","E01023913","E02004983","5","1A3","E00121423","E01023913","E02004983","E33027635","E38000049","E63011463","C1","8B1",51.805928,-0.171490,"E37000048","","E23000027",18894,"E56000035","E54000025","E00121423","E01023913","E02004983"
"AL7 2DZ","AL7  2DZ","AL7 2DZ","198001","","E10000015","E58000622","E07000241","E05011059","E43000083","0","526202","0213492","1","E18000006","E40000007","E92000001","E12000006","5","E14001573","E15000006","E24000005","E30000272","E16000150","E07000241","26ULGK","E00121423","26ULGK","E65000001","E01023913","E02004983","5","1A3","E00121423","E01023913","E02004983","E33027635","E38000049","E63011463","C1","8B1",51.805839,-0.170943,"E37000048","","E23000027",18894,"E56000035","E54000025","E00121423","E01023913","E02004983"
"AL7 2EA","AL7  2EA","AL7 2EA","198001","","E10000015","E58000622","E07000241","E05011059","E43000083","0","526275","0213482","1","E18000006","E40000007","E92000001","E12000006","5","E14001573","E15000006","E24000005","E30000272","E16000150","E07000241","26ULGK","E00121423","26ULGK","E65000001","E01023913","E02004983","5","1A3","E00121423","E01023913","E02004983","E33027635","E38000049","E63011463","C1","8B1",51.805733,-0.169888,"E37000048","","E23000027",18894,"E56000035","E54000025","E00121423","E01023913","E02004983"
"AL7 2EB","AL7  2EB","AL7 2EB","198001","","E10000015","E58000622","E07000241","E05011059","E43000083","0","526260","0213379","1","E18000006","E40000007","E92000001","E12000006","5","E14001573","E15000006","E24000005","E30000272","E16000150","E07000241","26ULGK","E00121423","26ULGK","E65000001","E01023913","E02004983","5","1A3","E00121423","E01023913","E02004983","E33027635","E38000049","E63011463","C1","8B1",51.804810,-0.170143,"E37000048","","E23000027",18894,"E56000035","E54000025","E00121423","E01023913","E02004983"
"AL7 2ED","AL7  2ED","AL7 2ED","198001","","E10000015","E58000622","E07000241","E05011059","E43000083","0","526015","0213774","1","E18000006","E40000007","E92000001","E12000006","5","E14001573","E15000006","E24000005","E30000272","E16000150","E07000241","26ULGK","E00121422","26ULGK","E65000001","E01023913","E02004983","5","1C3","E00121422","E01023913","E02004983","E33027635","E38000049","E63011463","C1","5A1",51.808409,-0.173576,"E37000048","","E23000027",18894,"E56000035","E54000025","E00121422","E01023913","E02004983"
"AL7 2EE","AL7  2EE","AL7 2EE","198001","","E10000015","E58000622","E07000241","E05011059","E43000083","0","526224","0213402","1","E18000006","E40000007","E92000001","E12000006","5","E14001573","E15000006","E24000005","E30000272","E16000150","E07000241","26ULGK","E00121423","26ULGK","E65000001","E01023913","E02004983","5","1A3","E00121423","E01023913","E02004983","E33027635","E38000049","E63011463","C1","8B1",51.805025,-0.170657,"E37000048","","E23000027",18894,"E56000035","E54000025","E00121423","E01023913","E02004983"
"AL7 2EF","AL7  2EF","AL7 2EF","198001","","E10000015","E58000622","E07000241","E05011059","E43000083","0","526140","0213364","1","E18000006","E40000007","E92000001","E12000006","5","E14001573","E15000006","E24000005","E30000272","E16000150","E07000241","26ULGK","E00121423","26ULGK","E65000001","E01023913","E02004983","5","1A3","E00121423","E01023913","E02004983","E33027635","E38000049","E63011463","C1","8B1",51.804703,-0.171888,"E37000048","","E23000027",18894,"E56000035","E54000025","E00121423","E01023913","E02004983"
"AL7 2EG","AL7  2EG","AL7 2EG","198001","","E10000015","E58000622","E07000241","E05011059","E43000083","0","526232","0213352","1","E18000006","E40000007","E92000001","E12000006","5","E14001573","E15000006","E24000005","E30000272","E16000150","E07000241","26ULGK","E00121427","26ULGK","E65000001","E01023913","E02004983","5","5B1","E00121427","E01023913","E02004983","E33027635","E38000049","E63011463","C1","7A2",51.804574,-0.170559,"E37000048","","E23000027",18894,"E56000035","E54000025","E00121427","E01023913","E02004983"
"AL7 2EH","AL7  2EH","AL7 2EH","198001","","E10000015","E58000622","E07000241","E05011059","E43000083","0","526124","0213208","1","E18000006","E40000007","E92000001","E12000006","5","E14001573","E15000006","E24000005","E30000272","E16000150","E07000241","26ULGK","E00121427","26ULGK","E65000001","E01023913","E02004983","5","5B1","E00121427","E01023913","E02004983","E33027635","E38000049","E63011463","C1","7A2",51.803304,-0.172177,"E37000048","","E23000027",18894,"E56000035","E54000025","E00121427","E01023913","E02004983"
"AL7 2EJ","AL7  2EJ","AL7 2EJ","198001","","E10000015","E58000622","E07000241","E05011059","E43000083","0","526189","0213127","1","E18000006","E40000007","E92000001","E12000006","5","E14001573","E15000006","E24000005","E30000272","E16000150","E07000241","26ULGW","E00121611","26ULGW","E65000001","E01023951","E02004984","5","5B3","E00121611","E01023951","E02004984","E33027638","E38000049","E63011463","C1","3C1",51.802562,-0.171264,"E37000048","","E23000027",9435,"E56000035","E54000025","E00121611","E01023951","E02004984"
"AL7 2EL","AL7  2EL","AL7 2EL","198001","","E10000015","E58000622","E07000241","E05011059","E43000083","0","526263","0213049","1","E18000006","E40000007","E92000001","E12000006","5","E14001573","E15000006","E24000005","E30000272","E16000150","E07000241","26ULGW","E00121629","26ULGW","E65000001","E01023951","E02004984","5","5B2","E00121629","E01023951","E02004984","E33027638","E38000049","E63011463","C1","7C3",51.801838,-0.170245,"E37000048","","E23000027",9435,"E56000035","E54000025","E00121629","E01023951","E02004984"
"AL7 2EN","AL7  2EN","AL7 2EN","198001","","E10000015","E58000622","E07000241","E05011059","E43000083","0","526211","0213025","1","E18000006","E40000007","E92000001","E12000006","5","E14001573","E15000006","E24000005","E30000272","E16000150","E07000241","26ULGW","E00121629","26ULGW","E65000001","E01023951","E02004984","5","5B2","E00121629","E01023951","E02004984","E33027638","E38000049","E63011463","C1","7C3",51.801634,-0.171007,"E37000048","","E23000027",9435,"E56000035","E54000025","E00121629","E01023951","E02004984"
"AL7 2EP","AL7  2EP","AL7 2EP","198001","","E10000015","E58000622","E07000241","E05011059","E43000083","0","526259","0212866","1","E18000006","E40000007","E92000001","E12000006","5","E14001573","E15000006","E24000005","E30000272","E16000150","E07000241","26ULGW","E00121616","26ULGW","E65000001","E01023951","E02004984","5","5B2","E00121616","E01023951","E02004984","E33027638","E38000049","E63011463","C1","7A3",51.800194,-0.170370,"E37000048","","E23000027",9435,"E56000035","E54000025","E00121616","E01023951","E02004984"
"AL7 2EQ","AL7  2EQ","AL7 2EQ","198001","","E10000015","E58000622","E07000241","E05011059","E43000083","0","526111","0213139","1","E18000006","E40000007","E92000001","E12000006","5","E14001573","E15000006","E24000005","E30000272","E16000150","E07000241","26ULGK","E00121427","26ULGK","E65000001","E01023913","E02004983","5","5B1","E00121427","E01023913","E02004983","E33027635","E38000049","E63011463","C1","7A2",51.802687,-0.172390,"E37000048","","E23000027",18894,"E56000035","E54000025","E00121427","E01023913","E02004983"
"AL7 2ER","AL7  2ER","AL7 2ER","198001","","E10000015","E58000622","E07000241","E05011059","E43000083","0","526188","0212946","1","E18000006","E40000007","E92000001","E12000006","5","E14001573","E15000006","E24000005","E30000272","E16000150","E07000241","26ULGW","E00121616","26ULGW","E65000001","E01023951","E02004984","5","5B2","E00121616","E01023951","E02004984","E33027638","E38000049","E63011463","C1","7A3",51.800929,-0.171370,"E37000048","","E23000027",9435,"E56000035","E54000025","E00121616","E01023951","E02004984"
"AL7 2ES","AL7  2ES","AL7 2ES","198001","","E10000015","E58000622","E07000241","E05011059","E43000083","0","526149","0212817","1","E18000006","E40000007","E92000001","E12000006","5","E14001573","E15000006","E24000005","E30000272","E16000150","E07000241","26ULGW","E00121611","26ULGW","E65000001","E01023951","E02004984","5","5B3","E00121611","E01023951","E02004984","E33027638","E38000049","E63011463","C1","3C1",51.799779,-0.171982,"E37000048","","E23000027",9435,"E56000035","E54000025","E00121611","E01023951","E02004984"
"AL7 2ET","AL7  2ET","AL7 2ET","199706","199812","E10000015","E58000622","E07000241","E05011059","E43000083","1","526279","0212794","6","E18000006","E40000007","E92000001","E12000006","5","E14001573","E15000006","E24000005","E30000272","E16000150","E07000241","26ULGW","E00121613","26ULGW","E65000001","E01023950","E02004984","5","6B2","E00121613","E01023950","E02004984","E33027637","E38000049","E63011463","C1","5A2",51.799543,-0.170106,"E37000048","","E23000027",28284,"E56000035","E54000025","E00121613","E01023950","E02004984"
"AL7 2EU","AL7  2EU","AL7 2EU","198001","","E10000015","E58000622","E07000241","E05011059","E43000083","0","526235","0212771","1","E18000006","E40000007","E92000001","E12000006","5","E14001573","E15000006","E24000005","E30000272","E16000150","E07000241","26ULGW","E00121616","26ULGW","E65000001","E01023951","E02004984","5","5B2","E00121616","E01023951","E02004984","E33027638","E38000049","E63011463","C1","7A3",51.799352,-0.170726,"E37000048","","E23000027",9435,"E56000035","E54000025","E00121616","E01023951","E02004984"
"AL7 2EW","AL7  2EW","AL7 2EW","198001","","E10000015","E58000622","E07000241","E05011059","E43000083","0","526200","0213066","1","E18000006","E40000007","E92000001","E12000006","5","E14001573","E15000006","E24000005","E30000272","E16000150","E07000241","26ULGW","E00121611","26ULGW","E65000001","E01023951","E02004984","5","5B3","E00121611","E01023951","E02004984","E33027638","E38000049","E63011463","C1","3C1",51.802005,-0.171152,"E37000048","","E23000027",9435,"E56000035","E54000025","E00121611","E01023951","E02004984"
"AL7 2EX","AL7  2EX","AL7 2EX","198001","","E10000015","E58000622","E07000241","E05011059","E43000083","0","526215","0212727","1","E18000006","E40000007","E92000001","E12000006","5","E14001573","E15000006","E24000005","E30000272","E16000150","E07000241","26ULGW","E00121616","26ULGW","E65000001","E01023951","E02004984","5","5B2","E00121616","E01023951","E02004984","E33027638","E38000049","E63011463","C1","7A3",51.798955,-0.171058,"E37000048","","E23000027",9435,"E56000035","E54000025","E00121616","E01023951","E02004984"
"AL7 2EY","AL7  2EY","AL7 2EY","199512","201307","E10000015","E58000623","E07000241","E05011069","E43000083","1","524487","0213299","1","E18000006","E40000007","E92000001","E12000006","5","E14001573","E15000006","E24000005","E30000272","E16000150","E07000241","26ULGX","E00121637","26ULGX","E65000001","E01023954","E02004986","5","5B2","E00121637","E01023954","E02004986","E33024496","E38000049","E63011463","C1","7A3",51.804482,-0.195898,"E37000048","","E23000027",7164,"E56000035","E54000025","E00190264","E01035604","E02004986"
"AL7 2EZ","AL7  2EZ","AL7 2EZ","199612","199712","E10000015","E58000622","E07000241","E05011059","E43000083","1","526281","0212798","6","E18000006","E40000007","E92000001","E12000006","5","E14001573","E15000006","E24000005","E30000272","E16000150","E07000241","26ULGW","E00121613","26ULGW","E65000001","E01023950","E02004984","5","6B2","E00121613","E01023950","E02004984","E33027637","E38000049","E63011463","C1","5A2",51.799578,-0.170075,"E37000048","","E23000027",28284,"E56000035","E54000025","E00121613","E01023950","E02004984"
"AL7 2FA","AL7  2FA","AL7 2FA","201108","","E10000015","E58000676","E07000241","E05011068","E43000083","0","525565","0212665","1","E18000006","E40000007","E92000001","E12000006","5","E14001573","E15000006","E24000005","E30000272","E16000150","E07000241","26ULGT","E00121578","26ULGT","E65000001","E01023944","E02004987","5","1C1","E00173256","E01023944","E02004987","E33027648","E38000049","E63011463","C1","4A3",51.798544,-0.180501,"E37000048","","E23000027",20388,"E56000035","E54000025","E00173256","E01023944","E02004987"
"AL7 2FB","AL7  2FB","AL7 2FB","201303","","E10000015","E58000676","E07000241","E05011066","E43000083","0","525373","0212592","1","E18000006","E40000007","E92000001","E12000006","5","E14001573","E15000006","E24000005","E30000272","E16000150","E07000241","26ULGT","E00121578","26ULGT","E65000001","E01023944","E02004987","5","1C1","E00173228","E01023944","E02004987","E33027644","E38000049","E63011463","C1","8D2",51.797931,-0.183311,"E37000048","","E23000027",20388,"E56000035","E54000025","E00173228","E01023944","E02004987"
"AL7 2FD","AL7  2FD","AL7 2FD","200910","","E10000015","E58000622","E07000241","E05011059","E43000083","0","525543","0212993","1","E18000006","E40000007","E92000001","E12000006","5","E14001573","E15000006","E24000005","E30000272","E16000150","E07000241","26ULGW","E00121631","26ULGW","E65000001","E01023951","E02004984","5","6A2","E00121631","E01023951","E02004984","E33027638","E38000049","E63011463","C1","6B2",51.801496,-0.180702,"E37000048","","E23000027",9435,"E56000035","E54000025","E00121631","E01023951","E02004984"
"AL7 2FE","AL7  2FE","AL7 2FE","201411","","E10000015","E58000622","E07000241","E05011059","E43000083","0","525586","0212929","1","E18000006","E40000007","E92000001","E12000006","5","E14001573","E15000006","E24000005","E30000272","E16000150","E07000241","26ULGW","E00121630","26ULGW","E65000001","E01023951","E02004984","5","6B2","E00121630","E01023951","E02004984","E33027638","E38000049","E63011463","C1","5B3",51.800948,-0.180129,"E37000048","","E23000027",9435,"E56000035","E54000025","E00121630","E01023951","E02004984"
"AL7 2FF","AL7  2FF","AL7 2FF","201703","","E10000015","E58000622","E07000241","E05011068","E43000083","0","526584","0212848","1","E18000006","E40000007","E92000001","E12000006","5","E14001573","E15000006","E24000005","E30000272","E16000150","E07000241","26ULGW","E00121612","26ULGW","E65000001","E01023950","E02004984","5","4A2","E00121612","E01023950","E02004984","E33027637","E38000049","E63011463","C1","6A1",51.799965,-0.165640,"E37000048","","E23000027",28284,"E56000035","E54000025","E00121612","E01023950","E02004984"
"AL7 2FJ","AL7  2FJ","AL7 2FJ","199912","202411","E10000015","E58000623","E07000241","E05011069","E43000083","1","524487","0213299","1","E18000006","E40000007","E92000001","E12000006","5","E14001573","E15000006","E24000005","E30000272","E16000150","E07000241","26ULGX","E00121637","26ULGX","E65000001","E01023954","E02004986","5","5B2","E00121637","E01023954","E02004986","E33024496","E38000049","E63011463","C1","7A3",51.804482,-0.195898,"E37000048","","E23000027",7164,"E56000035","E54000025","E00190264","E01035604","E02004986"
"AL7 2GA","AL7  2GA","AL7 2GA","199612","199812","E10000015","E58000622","E07000241","E05011059","E43000083","1","526279","0212794","6","E18000006","E40000007","E92000001","E12000006","5","E14001573","E15000006","E24000005","E30000272","E16000150","E07000241","26ULGW","E00121613","26ULGW","E65000001","E01023950","E02004984","5","6B2","E00121613","E01023950","E02004984","E33027637","E38000049","E63011463","C1","5A2",51.799543,-0.170106,"E37000048","","E23000027",28284,"E56000035","E54000025","E00121613","E01023950","E02004984"
"AL7 2HA","AL7  2HA","AL7 2HA","198001","","E10000015","E58000622","E07000241","E05011059","E43000083","0","526395","0213018","1","E18000006","E40000007","E92000001","E12000006","5","E14001573","E15000006","E24000005","E30000272","E16000150","E07000241","26ULGW","E00121629","26ULGW","E65000001","E01023951","E02004984","5","5B2","E00121629","E01023951","E02004984","E33027638","E38000049","E63011463","C1","7C3",51.801536,-0.168317,"E37000048","","E23000027",9435,"E56000035","E54000025","E00121629","E01023951","E02004984"
"AL7 2HB","AL7  2HB","AL7 2HB","198001","","E10000015","E58000622","E07000241","E05011059","E43000083","0","526262","0213179","1","E18000006","E40000007","E92000001","E12000006","5","E14001573","E15000006","E24000005","E30000272","E16000150","E07000241","26ULGW","E00121629","26ULGW","E65000001","E01023951","E02004984","5","5B2","E00121629","E01023951","E02004984","E33027638","E38000049","E63011463","C1","7C3",51.803013,-0.170187,"E37000048","","E23000027",9435,"E56000035","E54000025","E00121629","E01023951","E02004984"
"AL7 2HD","AL7  2HD","AL7 2HD","198001","","E10000015","E58000622","E07000241","E05011059","E43000083","0","526202","0213241","1","E18000006","E40000007","E92000001","E12000006","5","E14001573","E15000006","E24000005","E30000272","E16000150","E07000241","26ULGK","E00121427","26ULGK","E65000001","E01023913","E02004983","5","5B1","E00121427","E01023913","E02004983","E33027635","E38000049","E63011463","C1","7A2",51.803577,-0.171059,"E37000048","","E23000027",18894,"E56000035","E54000025","E00121427","E01023913","E02004983"
"AL7 2HE","AL7  2HE","AL7 2HE","198001","","E10000015","E58000622","E07000241","E05011059","E43000083","0","526314","0212976","1","E18000006","E40000007","E92000001","E12000006","5","E14001573","E15000006","E24000005","E30000272","E16000150","E07000241","26ULGW","E00121616","26ULGW","E65000001","E01023951","E02004984","5","5B2","E00121616","E01023951","E02004984","E33027638","E38000049","E63011463","C1","7A3",51.801177,-0.169507,"E37000048","","E23000027",9435,"E56000035","E54000025","E00121616","E01023951","E02004984"
"AL7 2HF","AL7  2HF","AL7 2HF","198106","","E10000015","E58000622","E07000241","E05011068","E43000083","0","526375","0212513","1","E18000006","E40000007","E92000001","E12000006","5","E14001573","E15000006","E24000005","E30000272","E16000150","E07000241","26ULGW","E00121623","26ULGW","E65000001","E01023953","E02004984","5","6D1","E00121623","E01023953","E02004984","E33027637","E38000049","E63011463","C1","5A2",51.796996,-0.168817,"E37000048","","E23000027",30850,"E56000035","E54000025","E00121623","E01023953","E02004984"
"AL7 2HG","AL7  2HG","AL7 2HG","198106","","E10000015","E58000622","E07000241","E05011068","E43000083","0","526287","0212492","1","E18000006","E40000007","E92000001","E12000006","5","E14001573","E15000006","E24000005","E30000272","E16000150","E07000241","26ULGW","E00121623","26ULGW","E65000001","E01023953","E02004984","5","6D1","E00121623","E01023953","E02004984","E33027637","E38000049","E63011463","C1","5A2",51.796833,-0.170074,"E37000048","","E23000027",30850,"E56000035","E54000025","E00121623","E01023953","E02004984"
"AL7 2HH","AL7  2HH","AL7 2HH","198301","","E10000015","E58000622","E07000241","E05011068","E43000083","0","526354","0212430","1","E18000006","E40000007","E92000001","E12000006","5","E14001573","E15000006","E24000005","E30000272","E16000150","E07000241","26ULGW","E00121623","26ULGW","E65000001","E01023953","E02004984","5","6D1","E00121623","E01023953","E02004984","E33027637","E38000049","E63011463","C1","5A2",51.796255,-0.169151,"E37000048","","E23000027",30850,"E56000035","E54000025","E00121623","E01023953","E02004984"
"AL7 2HJ","AL7  2HJ","AL7 2HJ","198301","","E10000015","E58000622","E07000241","E05011068","E43000083","0","526203","0212482","1","E18000006","E40000007","E92000001","E12000006","5","E14001573","E15000006","E24000005","E30000272","E16000150","E07000241","26ULGW","E00121626","26ULGW","E65000001","E01023953","E02004984","5","6D1","E00121626","E01023953","E02004984","E33027637","E38000049","E63011463","C1","5A3",51.796756,-0.171321,"E37000048","","E23000027",30850,"E56000035","E54000025","E00121626","E01023953","E02004984"
"AL7 2HL","AL7  2HL","AL7 2HL","198301","","E10000015","E58000622","E07000241","E05011068","E43000083","0","526184","0212189","1","E18000006","E40000007","E92000001","E12000006","5","E14001573","E15000006","E24000005","E30000272","E16000150","E07000241","26ULGW","E00121627","26ULGW","E65000001","E01023953","E02004984","5","4D2","E00121627","E01023953","E02004984","E33027637","E38000049","E63011463","C1","5B3",51.794134,-0.171677,"E37000048","","E23000027",30850,"E56000035","E54000025","E00121627","E01023953","E02004984"
"AL7 2HN","AL7  2HN","AL7 2HN","198301","","E10000015","E58000622","E07000241","E05011068","E43000083","0","526311","0212383","1","E18000006","E40000007","E92000001","E12000006","5","E14001573","E15000006","E24000005","E30000272","E16000150","E07000241","26ULGW","E00121627","26ULGW","E65000001","E01023953","E02004984","5","4D2","E00121627","E01023953","E02004984","E33027637","E38000049","E63011463","C1","5B3",51.795848,-0.169766,"E37000048","","E23000027",30850,"E56000035","E54000025","E00121627","E01023953","E02004984"
"AL7 2HP","AL7  2HP","AL7 2HP","198307","","E10000015","E58000622","E07000241","E05011068","E43000083","0","526347","0212269","1","E18000006","E40000007","E92000001","E12000006","5","E14001573","E15000006","E24000005","E30000272","E16000150","E07000241","26ULGW","E00121627","26ULGW","E65000001","E01023953","E02004984","5","4D2","E00121627","E01023953","E02004984","E33027637","E38000049","E63011463","C1","5B3",51.794809,-0.169311,"E37000048","","E23000027",30850,"E56000035","E54000025","E00121627","E01023953","E02004984"
"AL7 2HQ","AL7  2HQ","AL7 2HQ","198106","","E10000015","E58000622","E07000241","E05011068","E43000083","0","526613","0212491","1","E18000006","E40000007","E92000001","E12000006","5","E14001573","E15000006","E24000005","E30000272","E16000150","E07000241","26ULGW","E00121617","26ULGW","E65000001","E01023952","E02004984","5","5A2","E00121617","E01023952","E02004984","E33027637","E38000049","E63011463","C1","7D3",51.796744,-0.165375,"E37000048","","E23000027",16541,"E56000035","E54000025","E00121617","E01023952","E02004984"
"AL7 2HR","AL7  2HR","AL7 2HR","198307","","E10000015","E58000622","E07000241","E05011068","E43000083","0","526438","0212313","1","E18000006","E40000007","E92000001","E12000006","5","E14001573","E15000006","E24000005","E30000272","E16000150","E07000241","26ULGW","E00121610","26ULGW","E65000001","E01023953","E02004984","5","4A2","E00121610","E01023953","E02004984","E33027637","E38000049","E63011463","C1","6A1",51.795191,-0.167951,"E37000048","","E23000027",30850,"E56000035","E54000025","E00121610","E01023953","E02004984"
"AL7 2HS","AL7  2HS","AL7 2HS","198307","","E10000015","E58000622","E07000241","E05011068","E43000083","0","526546","0212269","1","E18000006","E40000007","E92000001","E12000006","5","E14001573","E15000006","E24000005","E30000272","E16000150","E07000241","26ULGW","E00121610","26ULGW","E65000001","E01023953","E02004984","5","4A2","E00121610","E01023953","E02004984","E33027637","E38000049","E63011463","C1","6A1",51.794771,-0.166401,"E37000048","","E23000027",30850,"E56000035","E54000025","E00121610","E01023953","E02004984"
"AL7 2HT","AL7  2HT","AL7 2HT","198307","","E10000015","E58000622","E07000241","E05011068","E43000083","0","526566","0212169","1","E18000006","E40000007","E92000001","E12000006","5","E14001573","E15000006","E24000005","E30000272","E16000150","E07000241","26ULGW","E00121610","26ULGW","E65000001","E01023953","E02004984","5","4A2","E00121610","E01023953","E02004984","E33027637","E38000049","E63011463","C1","6A1",51.793868,-0.166148,"E37000048","","E23000027",30850,"E56000035","E54000025","E00121610","E01023953","E02004984"
"AL7 2HU","AL7  2HU","AL7 2HU","198307","","E10000015","E58000622","E07000241","E05011068","E43000083","0","526541","0212190","1","E18000006","E40000007","E92000001","E12000006","5","E14001573","E15000006","E24000005","E30000272","E16000150","E07000241","26ULGW","E00121610","26ULGW","E65000001","E01023953","E02004984","5","4A2","E00121610","E01023953","E02004984","E33027637","E38000049","E63011463","C1","6A1",51.794062,-0.166503,"E37000048","","E23000027",30850,"E56000035","E54000025","E00121610","E01023953","E02004984"
"AL7 2HW","AL7  2HW","AL7 2HW","198301","","E10000015","E58000622","E07000241","E05011068","E43000083","0","526325","0212417","1","E18000006","E40000007","E92000001","E12000006","5","E14001573","E15000006","E24000005","E30000272","E16000150","E07000241","26ULGW","E00121623","26ULGW","E65000001","E01023953","E02004984","5","6D1","E00121623","E01023953","E02004984","E33027637","E38000049","E63011463","C1","5A2",51.796151,-0.169551,"E37000048","","E23000027",30850,"E56000035","E54000025","E00121623","E01023953","E02004984"
"AL7 2HX","AL7  2HX","AL7 2HX","198307","","E10000015","E58000622","E07000241","E05011068","E43000083","0","526452","0212224","1","E18000006","E40000007","E92000001","E12000006","5","E14001573","E15000006","E24000005","E30000272","E16000150","E07000241","26ULGW","E00121610","26ULGW","E65000001","E01023953","E02004984","5","4A2","E00121610","E01023953","E02004984","E33027637","E38000049","E63011463","C1","6A1",51.794388,-0.167780,"E37000048","","E23000027",30850,"E56000035","E54000025","E00121610","E01023953","E02004984"
"AL7 2HY","AL7  2HY","AL7 2HY","198307","","E10000015","E58000622","E07000241","E05011068","E43000083","0","526283","0212367","1","E18000006","E40000007","E92000001","E12000006","5","E14001573","E15000006","E24000005","E30000272","E16000150","E07000241","26ULGW","E00121627","26ULGW","E65000001","E01023953","E02004984","5","4D2","E00121627","E01023953","E02004984","E33027637","E38000049","E63011463","C1","5B3",51.795704,-0.170203,"E37000048","","E23000027",30850,"E56000035","E54000025","E00121627","E01023953","E02004984"
"AL7 2HZ","AL7  2HZ","AL7 2HZ","198307","","E10000015","E58000622","E07000241","E05011068","E43000083","0","526206","0212397","1","E18000006","E40000007","E92000001","E12000006","5","E14001573","E15000006","E24000005","E30000272","E16000150","E07000241","26ULGW","E00121626","26ULGW","E65000001","E01023953","E02004984","5","6D1","E00121626","E01023953","E02004984","E33027637","E38000049","E63011463","C1","5A3",51.795998,-0.171282,"E37000048","","E23000027",30850,"E56000035","E54000025","E00121626","E01023953","E02004984"
"AL7 2JA","AL7  2JA","AL7 2JA","198307","","E10000015","E58000622","E07000241","E05011068","E43000083","0","526171","0212362","1","E18000006","E40000007","E92000001","E12000006","5","E14001573","E15000006","E24000005","E30000272","E16000150","E07000241","26ULGW","E00121626","26ULGW","E65000001","E01023953","E02004984","5","6D1","E00121626","E01023953","E02004984","E33027637","E38000049","E63011463","C1","5A3",51.795685,-0.171828,"E37000048","","E23000027",30850,"E56000035","E54000025","E00121626","E01023953","E02004984"
"AL7 2JB","AL7  2JB","AL7 2JB","198307","","E10000015","E58000622","E07000241","E05011068","E43000083","0","526459","0212565","1","E18000006","E40000007","E92000001","E12000006","5","E14001573","E15000006","E24000005","E30000272","E16000150","E07000241","26ULGW","E00121617","26ULGW","E65000001","E01023952","E02004984","5","5A2","E00121617","E01023952","E02004984","E33027637","E38000049","E63011463","C1","7D3",51.797444,-0.167580,"E37000048","","E23000027",16541,"E56000035","E54000025","E00121617","E01023952","E02004984"
"AL7 2JD","AL7  2JD","AL7 2JD","198307","","E10000015","E58000622","E07000241","E05011068","E43000083","0","526418","0212593","1","E18000006","E40000007","E92000001","E12000006","5","E14001573","E15000006","E24000005","E30000272","E16000150","E07000241","26ULGW","E00121617","26ULGW","E65000001","E01023952","E02004984","5","5A2","E00121617","E01023952","E02004984","E33027637","E38000049","E63011463","C1","7D3",51.797705,-0.168164,"E37000048","","E23000027",16541,"E56000035","E54000025","E00121617","E01023952","E02004984"
"AL7 2JE","AL7  2JE","AL7 2JE","201108","201109","E10000015","E58000622","E07000241","E05011068","E43000083","0","526418","0212593","5","E18000006","E40000007","E92000001","E12000006","5","E14001573","E15000006","E24000005","E30000272","E16000150","E07000241","26ULGW","E00121617","26ULGW","E65000001","E01023952","E02004984","5","5A2","E00121617","E01023952","E02004984","E33027637","E38000049","E63011463","C1","7D3",51.797705,-0.168164,"E37000048","","E23000027",16541,"E56000035","E54000025","E00121617","E01023952","E02004984"
"AL7 2JF","AL7  2JF","AL7 2JF","198604","199507","E10000015","E58000676","E07000241","E05011068","E43000083","0","525700","0212600","8","E18000006","E40000007","E92000001","E12000006","5","E14001573","E15000006","E24000005","E30000272","E16000150","E07000241","26ULGT","E00121578","26ULGT","E65000001","E01023944","E02004987","5","1C1","E00173256","E01023944","E02004987","E33027648","E38000049","E63011463","C1","4A3",51.797929,-0.178568,"E37000048","","E23000027",20388,"E56000035","E54000025","E00173256","E01023944","E02004987"
"AL7 2JG","AL7  2JG","AL7 2JG","198510","","E10000015","E58000622","E07000241","E05011068","E43000083","0","526043","0212345","1","E18000006","E40000007","E92000001","E12000006","5","E14001573","E15000006","E24000005","E30000272","E16000150","E07000241","26ULGW","E00121624","26ULGW","E65000001","E01023952","E02004984","5","6B2","E00121624","E01023952","E02004984","E33027638","E38000049","E63011463","C1","5A3",51.795567,-0.173664,"E37000048","","E23000027",16541,"E56000035","E54000025","E00121624","E01023952","E02004984"
"AL7 2JH","AL7  2JH","AL7 2JH","198504","","E10000015","E58000622","E07000241","E05011068","E43000083","0","526142","0212463","1","E18000006","E40000007","E92000001","E12000006","5","E14001573","E15000006","E24000005","E30000272","E16000150","E07000241","26ULGW","E00121626","26ULGW","E65000001","E01023953","E02004984","5","6D1","E00121626","E01023953","E02004984","E33027637","E38000049","E63011463","C1","5A3",51.796599,-0.172212,"E37000048","","E23000027",30850,"E56000035","E54000025","E00121626","E01023953","E02004984"
"AL7 2JJ","AL7  2JJ","AL7 2JJ","198504","","E10000015","E58000622","E07000241","E05011068","E43000083","0","526045","0212390","1","E18000006","E40000007","E92000001","E12000006","5","E14001573","E15000006","E24000005","E30000272","E16000150","E07000241","26ULGW","E00121624","26ULGW","E65000001","E01023952","E02004984","5","6B2","E00121624","E01023952","E02004984","E33027638","E38000049","E63011463","C1","5A3",51.795971,-0.173618,"E37000048","","E23000027",16541,"E56000035","E54000025","E00121624","E01023952","E02004984"
"AL7 2JL","AL7  2JL","AL7 2JL","198604","","E10000015","E58000622","E07000241","E05011068","E43000083","0","526535","0212458","1","E18000006","E40000007","E92000001","E12000006","5","E14001573","E15000006","E24000005","E30000272","E16000150","E07000241","26ULGW","E00121625","26ULGW","E65000001","E01023953","E02004984","5","5B1","E00121625","E01023953","E02004984","E33027637","E38000049","E63011463","C1","7C1",51.796472,-0.166492,"E37000048","","E23000027",30850,"E56000035","E54000025","E00121625","E01023953","E02004984"
"AL7 2JN","AL7  2JN","AL7 2JN","198604","","E10000015","E58000622","E07000241","E05011068","E43000083","0","526554","0212420","1","E18000006","E40000007","E92000001","E12000006","5","E14001573","E15000006","E24000005","E30000272","E16000150","E07000241","26ULGW","E00121625","26ULGW","E65000001","E01023953","E02004984","5","5B1","E00121625","E01023953","E02004984","E33027637","E38000049","E63011463","C1","7C1",51.796126,-0.166230,"E37000048","","E23000027",30850,"E56000035","E54000025","E00121625","E01023953","E02004984"
"AL7 2JP","AL7  2JP","AL7 2JP","198504","","E10000015","E58000622","E07000241","E05011068","E43000083","0","526609","0212358","1","E18000006","E40000007","E92000001","E12000006","5","E14001573","E15000006","E24000005","E30000272","E16000150","E07000241","26ULGW","E00121625","26ULGW","E65000001","E01023953","E02004984","5","5B1","E00121625","E01023953","E02004984","E33027637","E38000049","E63011463","C1","7C1",51.795556,-0.165456,"E37000048","","E23000027",30850,"E56000035","E54000025","E00121625","E01023953","E02004984"
"AL7 2JQ","AL7  2JQ","AL7 2JQ","198402","","E10000015","E58000622","E07000241","E05011068","E43000083","0","526092","0212346","1","E18000006","E40000007","E92000001","E12000006","5","E14001573","E15000006","E24000005","E30000272","E16000150","E07000241","26ULGW","E00121627","26ULGW","E65000001","E01023953","E02004984","5","4D2","E00121627","E01023953","E02004984","E33027637","E38000049","E63011463","C1","5B3",51.795565,-0.172953,"E37000048","","E23000027",30850,"E56000035","E54000025","E00121627","E01023953","E02004984"
"AL7 2JR","AL7  2JR","AL7 2JR","198504","","E10000015","E58000622","E07000241","E05011068","E43000083","0","526572","0212353","1","E18000006","E40000007","E92000001","E12000006","5","E14001573","E15000006","E24000005","E30000272","E16000150","E07000241","26ULGW","E00121625","26ULGW","E65000001","E01023953","E02004984","5","5B1","E00121625","E01023953","E02004984","E33027637","E38000049","E63011463","C1","7C1",51.795520,-0.165994,"E37000048","","E23000027",30850,"E56000035","E54000025","E00121625","E01023953","E02004984"
"AL7 2JS","AL7  2JS","AL7 2JS","198510","","E10000015","E58000622","E07000241","E05011068","E43000083","0","526473","0212414","1","E18000006","E40000007","E92000001","E12000006","5","E14001573","E15000006","E24000005","E30000272","E16000150","E07000241","26ULGW","E00121625","26ULGW","E65000001","E01023953","E02004984","5","5B1","E00121625","E01023953","E02004984","E33027637","E38000049","E63011463","C1","7C1",51.796090,-0.167407,"E37000048","","E23000027",30850,"E56000035","E54000025","E00121625","E01023953","E02004984"
"AL7 2JT","AL7  2JT","AL7 2JT","198510","","E10000015","E58000622","E07000241","E05011068","E43000083","0","526533","0212373","1","E18000006","E40000007","E92000001","E12000006","5","E14001573","E15000006","E24000005","E30000272","E16000150","E07000241","26ULGW","E00121625","26ULGW","E65000001","E01023953","E02004984","5","5B1","E00121625","E01023953","E02004984","E33027637","E38000049","E63011463","C1","7C1",51.795708,-0.166552,"E37000048","","E23000027",30850,"E56000035","E54000025","E00121625","E01023953","E02004984"
"AL7 2JU","AL7  2JU","AL7 2JU","198504","","E10000015","E58000622","E07000241","E05011068","E43000083","0","526012","0212255","1","E18000006","E40000007","E92000001","E12000006","5","E14001573","E15000006","E24000005","E30000272","E16000150","E07000241","26ULGW","E00121628","26ULGW","E65000001","E01023952","E02004984","5","6B2","E00121628","E01023952","E02004984","E33027638","E38000049","E63011463","C1","5A3",51.794759,-0.174171,"E37000048","","E23000027",16541,"E56000035","E54000025","E00121628","E01023952","E02004984"
"AL7 2JW","AL7  2JW","AL7 2JW","198607","","E10000015","E58000622","E07000241","E05011068","E43000083","0","526642","0212259","1","E18000006","E40000007","E92000001","E12000006","5","E14001573","E15000006","E24000005","E30000272","E16000150","E07000241","26ULGW","E00121617","26ULGW","E65000001","E01023952","E02004984","5","5A2","E00121617","E01023952","E02004984","E33027637","E38000049","E63011463","C1","7D3",51.794659,-0.165014,"E37000048","","E23000027",16541,"E56000035","E54000025","E00121617","E01023952","E02004984"
"AL7 2JX","AL7  2JX","AL7 2JX","198504","","E10000015","E58000622","E07000241","E05011068","E43000083","0","526008","0212315","1","E18000006","E40000007","E92000001","E12000006","5","E14001573","E15000006","E24000005","E30000272","E16000150","E07000241","26ULGW","E00121624","26ULGW","E65000001","E01023952","E02004984","5","6B2","E00121624","E01023952","E02004984","E33027638","E38000049","E63011463","C1","5A3",51.795299,-0.174208,"E37000048","","E23000027",16541,"E56000035","E54000025","E00121624","E01023952","E02004984"
"AL7 2JY","AL7  2JY","AL7 2JY","200706","200707","E10000015","E58000623","E07000241","E05011069","E43000083","1","524487","0213299","1","E18000006","E40000007","E92000001","E12000006","5","E14001573","E15000006","E24000005","E30000272","E16000150","E07000241","26ULGX","E00121637","26ULGX","E65000001","E01023954","E02004986","5","5B2","E00121637","E01023954","E02004986","E33024496","E38000049","E63011463","C1","7A3",51.804482,-0.195898,"E37000048","","E23000027",7164,"E56000035","E54000025","E00190264","E01035604","E02004986"
"AL7 2JZ","AL7  2JZ","AL7 2JZ","200106","200408","E10000015","E58000623","E07000241","E05011069","E43000083","1","524487","0213299","1","E18000006","E40000007","E92000001","E12000006","5","E14001573","E15000006","E24000005","E30000272","E16000150","E07000241","26ULGX","E00121637","26ULGX","E65000001","E01023954","E02004986","5","5B2","E00121637","E01023954","E02004986","E33024496","E38000049","E63011463","C1","7A3",51.804482,-0.195898,"E37000048","","E23000027",7164,"E56000035","E54000025","E00190264","E01035604","E02004986"
"AL7 2LA","AL7  2LA","AL7 2LA","198001","","E10000015","E58000676","E07000241","E05011068","E43000083","0","525910","0212614","1","E18000006","E40000007","E92000001","E12000006","5","E14001573","E15000006","E24000005","E30000272","E16000150","E07000241","26ULGW","E00121621","26ULGW","E65000001","E01023951","E02004984","5","5B3","E00121621","E01023951","E02004984","E33027638","E38000049","E63011463","C1","4A1",51.798015,-0.175494,"E37000048","","E23000027",9435,"E56000035","E54000025","E00121621","E01023951","E02004984"
"AL7 2LB","AL7  2LB","AL7 2LB","198001","","E10000015","E58000676","E07000241","E05011068","E43000083","0","525822","0212624","1","E18000006","E40000007","E92000001","E12000006","5","E14001573","E15000006","E24000005","E30000272","E16000150","E07000241","26ULGW","E00121621","26ULGW","E65000001","E01023951","E02004984","5","5B3","E00121621","E01023951","E02004984","E33027638","E38000049","E63011463","C1","4A1",51.798118,-0.176791,"E37000048","","E23000027",9435,"E56000035","E54000025","E00121621","E01023951","E02004984"
"AL7 2LD","AL7  2LD","AL7 2LD","198001","","E10000015","E58000676","E07000241","E05011068","E43000083","0","525871","0212610","1","E18000006","E40000007","E92000001","E12000006","5","E14001573","E15000006","E24000005","E30000272","E16000150","E07000241","26ULGW","E00121621","26ULGW","E65000001","E01023951","E02004984","5","5B3","E00121621","E01023951","E02004984","E33027638","E38000049","E63011463","C1","4A1",51.797987,-0.176061,"E37000048","","E23000027",9435,"E56000035","E54000025","E00121621","E01023951","E02004984"
"AL7 2LE","AL7  2LE","AL7 2LE","198001","","E10000015","E58000676","E07000241","E05011068","E43000083","0","525906","0212511","1","E18000006","E40000007","E92000001","E12000006","5","E14001573","E15000006","E24000005","E30000272","E16000150","E07000241","26ULGW","E00121628","26ULGW","E65000001","E01023952","E02004984","5","6B2","E00121628","E01023952","E02004984","E33027638","E38000049","E63011463","C1","5A3",51.797090,-0.175589,"E37000048","","E23000027",16541,"E56000035","E54000025","E00121628","E01023952","E02004984"
"AL7 2LF","AL7  2LF","AL7 2LF","198001","","E10000015","E58000676","E07000241","E05011068","E43000083","0","525854","0212471","1","E18000006","E40000007","E92000001","E12000006","5","E14001573","E15000006","E24000005","E30000272","E16000150","E07000241","26ULGW","E00121621","26ULGW","E65000001","E01023951","E02004984","5","5B3","E00121621","E01023951","E02004984","E33027638","E38000049","E63011463","C1","4A1",51.796742,-0.176357,"E37000048","","E23000027",9435,"E56000035","E54000025","E00121621","E01023951","E02004984"
"AL7 2LG","AL7  2LG","AL7 2LG","198001","","E10000015","E58000676","E07000241","E05011068","E43000083","0","525959","0212493","1","E18000006","E40000007","E92000001","E12000006","5","E14001573","E15000006","E24000005","E30000272","E16000150","E07000241","26ULGW","E00121628","26ULGW","E65000001","E01023952","E02004984","5","6B2","E00121628","E01023952","E02004984","E33027638","E38000049","E63011463","C1","5A3",51.796916,-0.174828,"E37000048","","E23000027",16541,"E56000035","E54000025","E00121628","E01023952","E02004984"
"AL7 2LH","AL7  2LH","AL7 2LH","198001","","E10000015","E58000676","E07000241","E05011068","E43000083","0","525931","0212342","1","E18000006","E40000007","E92000001","E12000006","5","E14001573","E15000006","E24000005","E30000272","E16000150","E07000241","26ULGW","E00121628","26ULGW","E65000001","E01023952","E02004984","5","6B2","E00121628","E01023952","E02004984","E33027638","E38000049","E63011463","C1","5A3",51.795559,-0.175314,"E37000048","","E23000027",16541,"E56000035","E54000025","E00121628","E01023952","E02004984"
"AL7 2LJ","AL7  2LJ","AL7 2LJ","198001","","E10000015","E58000676","E07000241","E05011068","E43000083","0","525964","0212448","1","E18000006","E40000007","E92000001","E12000006","5","E14001573","E15000006","E24000005","E30000272","E16000150","E07000241","26ULGW","E00121624","26ULGW","E65000001","E01023952","E02004984","5","6B2","E00121624","E01023952","E02004984","E33027638","E38000049","E63011463","C1","5A3",51.796511,-0.174771,"E37000048","","E23000027",16541,"E56000035","E54000025","E00121624","E01023952","E02004984"
"AL7 2LL","AL7  2LL","AL7 2LL","198001","","E10000015","E58000676","E07000241","E05011068","E43000083","0","526025","0212417","1","E18000006","E40000007","E92000001","E12000006","5","E14001573","E15000006","E24000005","E30000272","E16000150","E07000241","26ULGW","E00121624","26ULGW","E65000001","E01023952","E02004984","5","6B2","E00121624","E01023952","E02004984","E33027638","E38000049","E63011463","C1","5A3",51.796212,-0.173924,"E37000048","","E23000027",16541,"E56000035","E54000025","E00121624","E01023952","E02004984"
"AL7 2LN","AL7  2LN","AL7 2LN","198001","","E10000015","E58000676","E07000241","E05011068","E43000083","0","526052","0212461","1","E18000006","E40000007","E92000001","E12000006","5","E14001573","E15000006","E24000005","E30000272","E16000150","E07000241","26ULGW","E00121624","26ULGW","E65000001","E01023952","E02004984","5","6B2","E00121624","E01023952","E02004984","E33027638","E38000049","E63011463","C1","5A3",51.796608,-0.173491,"E37000048","","E23000027",16541,"E56000035","E54000025","E00121624","E01023952","E02004984"
"AL7 2LP","AL7  2LP","AL7 2LP","198001","","E10000015","E58000676","E07000241","E05011068","E43000083","0","525920","0212555","1","E18000006","E40000007","E92000001","E12000006","5","E14001573","E15000006","E24000005","E30000272","E16000150","E07000241","26ULGW","E00121628","26ULGW","E65000001","E01023952","E02004984","5","6B2","E00121628","E01023952","E02004984","E33027638","E38000049","E63011463","C1","5A3",51.797482,-0.175370,"E37000048","","E23000027",16541,"E56000035","E54000025","E00121628","E01023952","E02004984"
"AL7 2LQ","AL7  2LQ","AL7 2LQ","198001","","E10000015","E58000676","E07000241","E05011068","E43000083","0","525881","0212410","1","E18000006","E40000007","E92000001","E12000006","5","E14001573","E15000006","E24000005","E30000272","E16000150","E07000241","26ULGW","E00121628","26ULGW","E65000001","E01023952","E02004984","5","6B2","E00121628","E01023952","E02004984","E33027638","E38000049","E63011463","C1","5A3",51.796188,-0.175988,"E37000048","","E23000027",16541,"E56000035","E54000025","E00121628","E01023952","E02004984"
"AL7 2LR","AL7  2LR","AL7 2LR","198001","","E10000015","E58000676","E07000241","E05011068","E43000083","0","525991","0212571","1","E18000006","E40000007","E92000001","E12000006","5","E14001573","E15000006","E24000005","E30000272","E16000150","E07000241","26ULGW","E00121619","26ULGW","E65000001","E01023952","E02004984","5","5B1","E00121619","E01023952","E02004984","E33027638","E38000049","E63011463","C1","7A2",51.797610,-0.174336,"E37000048","","E23000027",16541,"E56000035","E54000025","E00121619","E01023952","E02004984"
"AL7 2LS","AL7  2LS","AL7 2LS","198106","","E10000015","E58000676","E07000241","E05011068","E43000083","0","526081","0212543","1","E18000006","E40000007","E92000001","E12000006","5","E14001573","E15000006","E24000005","E30000272","E16000150","E07000241","26ULGW","E00121620","26ULGW","E65000001","E01023952","E02004984","5","5A2","E00121620","E01023952","E02004984","E33027638","E38000049","E63011463","C1","7D2",51.797332,-0.173067,"E37000048","","E23000027",16541,"E56000035","E54000025","E00121620","E01023952","E02004984"
"AL7 2LT","AL7  2LT","AL7 2LT","198106","","E10000015","E58000676","E07000241","E05011068","E43000083","0","526166","0212546","1","E18000006","E40000007","E92000001","E12000006","5","E14001573","E15000006","E24000005","E30000272","E16000150","E07000241","26ULGW","E00121620","26ULGW","E65000001","E01023952","E02004984","5","5A2","E00121620","E01023952","E02004984","E33027638","E38000049","E63011463","C1","7D2",51.797303,-0.171806,"E37000048","","E23000027",16541,"E56000035","E54000025","E00121620","E01023952","E02004984"
"AL7 2LU","AL7  2LU","AL7 2LU","198604","","E10000015","E58000622","E07000241","E05011059","E43000083","0","525766","0212726","1","E18000006","E40000007","E92000001","E12000006","5","E14001573","E15000006","E24000005","E30000272","E16000150","E07000241","26ULGW","E00121621","26ULGW","E65000001","E01023951","E02004984","5","5B3","E00121621","E01023951","E02004984","E33027638","E38000049","E63011463","C1","4A1",51.799047,-0.177566,"E37000048","","E23000027",9435,"E56000035","E54000025","E00121621","E01023951","E02004984"
"AL7 2LW","AL7  2LW","AL7 2LW","198001","","E10000015","E58000676","E07000241","E05011068","E43000083","0","526007","0212507","1","E18000006","E40000007","E92000001","E12000006","5","E14001573","E15000006","E24000005","E30000272","E16000150","E07000241","26ULGW","E00121624","26ULGW","E65000001","E01023952","E02004984","5","6B2","E00121624","E01023952","E02004984","E33027638","E38000049","E63011463","C1","5A3",51.797025,-0.174152,"E37000048","","E23000027",16541,"E56000035","E54000025","E00121624","E01023952","E02004984"
"AL7 2LX","AL7  2LX","AL7 2LX","198704","","E10000015","E58000622","E07000241","E05011059","E43000083","0","526313","0212766","1","E18000006","E40000007","E92000001","E12000006","5","E14001573","E15000006","E24000005","E30000272","E16000150","E07000241","26ULGW","E00121622","26ULGW","E65000001","E01023952","E02004984","5","6D1","E00121622","E01023952","E02004984","E33027637","E38000049","E63011463","C1","5A3",51.799283,-0.169623,"E37000048","","E23000027",16541,"E56000035","E54000025","E00121622","E01023952","E02004984"
"AL7 2LY","AL7  2LY","AL7 2LY","198704","","E10000015","E58000622","E07000241","E05011059","E43000083","0","526321","0212793","1","E18000006","E40000007","E92000001","E12000006","5","E14001573","E15000006","E24000005","E30000272","E16000150","E07000241","26ULGW","E00121622","26ULGW","E65000001","E01023952","E02004984","5","6D1","E00121622","E01023952","E02004984","E33027637","E38000049","E63011463","C1","5A3",51.799531,-0.169472,"E37000048","","E23000027",16541,"E56000035","E54000025","E00121622","E01023952","E02004984"
"AL7 2LZ","AL7  2LZ","AL7 2LZ","198704","","E10000015","E58000622","E07000241","E05011059","E43000083","0","526368","0212777","1","E18000006","E40000007","E92000001","E12000006","5","E14001573","E15000006","E24000005","E30000272","E16000150","E07000241","26ULGW","E00121622","26ULGW","E65000001","E01023952","E02004984","5","6D1","E00121622","E01023952","E02004984","E33027637","E38000049","E63011463","C1","5A3",51.799376,-0.168796,"E37000048","","E23000027",16541,"E56000035","E54000025","E00121622","E01023952","E02004984"
"AL7 2NA","AL7  2NA","AL7 2NA","198704","","E10000015","E58000622","E07000241","E05011059","E43000083","0","526390","0212826","1","E18000006","E40000007","E92000001","E12000006","5","E14001573","E15000006","E24000005","E30000272","E16000150","E07000241","26ULGW","E00121622","26ULGW","E65000001","E01023952","E02004984","5","6D1","E00121622","E01023952","E02004984","E33027637","E38000049","E63011463","C1","5A3",51.799812,-0.168460,"E37000048","","E23000027",16541,"E56000035","E54000025","E00121622","E01023952","E02004984"
"AL7 2NB","AL7  2NB","AL7 2NB","198704","","E10000015","E58000622","E07000241","E05011059","E43000083","0","526288","0212812","1","E18000006","E40000007","E92000001","E12000006","5","E14001573","E15000006","E24000005","E30000272","E16000150","E07000241","26ULGW","E00121613","26ULGW","E65000001","E01023950","E02004984","5","6B2","E00121613","E01023950","E02004984","E33027637","E38000049","E63011463","C1","5A2",51.799709,-0.169943,"E37000048","","E23000027",28284,"E56000035","E54000025","E00121613","E01023950","E02004984"
"AL7 2ND","AL7  2ND","AL7 2ND","198704","","E10000015","E58000622","E07000241","E05011059","E43000083","0","526295","0212727","1","E18000006","E40000007","E92000001","E12000006","5","E14001573","E15000006","E24000005","E30000272","E16000150","E07000241","26ULGW","E00121622","26ULGW","E65000001","E01023952","E02004984","5","6D1","E00121622","E01023952","E02004984","E33027637","E38000049","E63011463","C1","5A3",51.798943,-0.169873,"E37000048","","E23000027",16541,"E56000035","E54000025","E00121622","E01023952","E02004984"
"AL7 2NE","AL7  2NE","AL7 2NE","198704","","E10000015","E58000622","E07000241","E05011059","E43000083","0","526246","0212709","1","E18000006","E40000007","E92000001","E12000006","5","E14001573","E15000006","E24000005","E30000272","E16000150","E07000241","26ULGW","E00121622","26ULGW","E65000001","E01023952","E02004984","5","6D1","E00121622","E01023952","E02004984","E33027637","E38000049","E63011463","C1","5A3",51.798786,-0.170615,"E37000048","","E23000027",16541,"E56000035","E54000025","E00121622","E01023952","E02004984"
"AL7 2NF","AL7  2NF","AL7 2NF","198704","","E10000015","E58000622","E07000241","E05011059","E43000083","0","526324","0212835","1","E18000006","E40000007","E92000001","E12000006","5","E14001573","E15000006","E24000005","E30000272","E16000150","E07000241","26ULGW","E00121622","26ULGW","E65000001","E01023952","E02004984","5","6D1","E00121622","E01023952","E02004984","E33027637","E38000049","E63011463","C1","5A3",51.799907,-0.169413,"E37000048","","E23000027",16541,"E56000035","E54000025","E00121622","E01023952","E02004984"
"AL7 2NG","AL7  2NG","AL7 2NG","198710","","E10000015","E58000622","E07000241","E05011059","E43000083","0","526432","0212827","1","E18000006","E40000007","E92000001","E12000006","5","E14001573","E15000006","E24000005","E30000272","E16000150","E07000241","26ULGW","E00121612","26ULGW","E65000001","E01023950","E02004984","5","4A2","E00121612","E01023950","E02004984","E33027637","E38000049","E63011463","C1","6A1",51.799811,-0.167851,"E37000048","","E23000027",28284,"E56000035","E54000025","E00121612","E01023950","E02004984"
"AL7 2NH","AL7  2NH","AL7 2NH","198704","","E10000015","E58000622","E07000241","E05011059","E43000083","0","526348","0212944","1","E18000006","E40000007","E92000001","E12000006","5","E14001573","E15000006","E24000005","E30000272","E16000150","E07000241","26ULGW","E00121613","26ULGW","E65000001","E01023950","E02004984","5","6B2","E00121613","E01023950","E02004984","E33027637","E38000049","E63011463","C1","5A2",51.800881,-0.169026,"E37000048","","E23000027",28284,"E56000035","E54000025","E00121613","E01023950","E02004984"
"AL7 2NJ","AL7  2NJ","AL7 2NJ","198704","","E10000015","E58000622","E07000241","E05011059","E43000083","0","526468","0212884","1","E18000006","E40000007","E92000001","E12000006","5","E14001573","E15000006","E24000005","E30000272","E16000150","E07000241","26ULGW","E00121613","26ULGW","E65000001","E01023950","E02004984","5","6B2","E00121613","E01023950","E02004984","E33027637","E38000049","E63011463","C1","5A2",51.800315,-0.167308,"E37000048","","E23000027",28284,"E56000035","E54000025","E00121613","E01023950","E02004984"
"AL7 2NL","AL7  2NL","AL7 2NL","198704","","E10000015","E58000622","E07000241","E05011059","E43000083","0","526378","0212856","1","E18000006","E40000007","E92000001","E12000006","5","E14001573","E15000006","E24000005","E30000272","E16000150","E07000241","26ULGW","E00121613","26ULGW","E65000001","E01023950","E02004984","5","6B2","E00121613","E01023950","E02004984","E33027637","E38000049","E63011463","C1","5A2",51.800084,-0.168623,"E37000048","","E23000027",28284,"E56000035","E54000025","E00121613","E01023950","E02004984"
"AL7 2NN","AL7  2NN","AL7 2NN","199002","","E10000015","E58000622","E07000241","E05011059","E43000083","0","526534","0212973","1","E18000006","E40000007","E92000001","E12000006","5","E14001573","E15000006","E24000005","E30000272","E16000150","E07000241","26ULGW","E00121613","26ULGW","E65000001","E01023950","E02004984","5","6B2","E00121613","E01023950","E02004984","E33027637","E38000049","E63011463","C1","5A2",51.801100,-0.166319,"E37000048","","E23000027",28284,"E56000035","E54000025","E00121613","E01023950","E02004984"
"AL7 2NP","AL7  2NP","AL7 2NP","199002","","E10000015","E58000622","E07000241","E05011059","E43000083","0","526512","0213077","1","E18000006","E40000007","E92000001","E12000006","5","E14001573","E15000006","E24000005","E30000272","E16000150","E07000241","26ULGW","E00121632","26ULGW","E65000001","E01023950","E02004984","5","6B2","E00121632","E01023950","E02004984","E33027637","E38000049","E63011463","C1","5B3",51.802033,-0.166626,"E37000048","","E23000027",28284,"E56000035","E54000025","E00121632","E01023950","E02004984"
"AL7 2NQ","AL7  2NQ","AL7 2NQ","198704","","E10000015","E58000622","E07000241","E05011059","E43000083","0","526402","0212902","1","E18000006","E40000007","E92000001","E12000006","5","E14001573","E15000006","E24000005","E30000272","E16000150","E07000241","26ULGW","E00121613","26ULGW","E65000001","E01023950","E02004984","5","6B2","E00121613","E01023950","E02004984","E33027637","E38000049","E63011463","C1","5A2",51.800492,-0.168258,"E37000048","","E23000027",28284,"E56000035","E54000025","E00121613","E01023950","E02004984"
"AL7 2PA","AL7  2PA","AL7 2PA","198803","","E10000015","E58000622","E07000241","E05011068","E43000083","0","526559","0212651","1","E18000006","E40000007","E92000001","E12000006","5","E14001573","E15000006","E24000005","E30000272","E16000150","E07000241","26ULGW","E00121618","26ULGW","E65000001","E01023952","E02004984","5","6D1","E00121618","E01023952","E02004984","E33027637","E38000049","E63011463","C1","5A3",51.798201,-0.166074,"E37000048","","E23000027",16541,"E56000035","E54000025","E00121618","E01023952","E02004984"
"AL7 2PB","AL7  2PB","AL7 2PB","198803","","E10000015","E58000622","E07000241","E05011068","E43000083","0","526522","0212683","1","E18000006","E40000007","E92000001","E12000006","5","E14001573","E15000006","E24000005","E30000272","E16000150","E07000241","26ULGW","E00121618","26ULGW","E65000001","E01023952","E02004984","5","6D1","E00121618","E01023952","E02004984","E33027637","E38000049","E63011463","C1","5A3",51.798490,-0.166624,"E37000048","","E23000027",16541,"E56000035","E54000025","E00121618","E01023952","E02004984"
"AL7 2PD","AL7  2PD","AL7 2PD","198803","","E10000015","E58000622","E07000241","E05011068","E43000083","0","526513","0212761","1","E18000006","E40000007","E92000001","E12000006","5","E14001573","E15000006","E24000005","E30000272","E16000150","E07000241","26ULGW","E00121612","26ULGW","E65000001","E01023950","E02004984","5","4A2","E00121612","E01023950","E02004984","E33027637","E38000049","E63011463","C1","6A1",51.799193,-0.166726,"E37000048","","E23000027",28284,"E56000035","E54000025","E00121612","E01023950","E02004984"
"AL7 2PE","AL7  2PE","AL7 2PE","198710","","E10000015","E58000622","E07000241","E05011068","E43000083","0","526706","0212733","1","E18000006","E40000007","E92000001","E12000006","5","E14001573","E15000006","E24000005","E30000272","E16000150","E07000241","26ULGW","E00121612","26ULGW","E65000001","E01023950","E02004984","5","4A2","E00121612","E01023950","E02004984","E33027637","E38000049","E63011463","C1","6A1",51.798904,-0.163913,"E37000048","","E23000027",28284,"E56000035","E54000025","E00121612","E01023950","E02004984"
"AL7 2PF","AL7  2PF","AL7 2PF","198710","","E10000015","E58000622","E07000241","E05011068","E43000083","0","526656","0212763","1","E18000006","E40000007","E92000001","E12000006","5","E14001573","E15000006","E24000005","E30000272","E16000150","E07000241","26ULGW","E00121612","26ULGW","E65000001","E01023950","E02004984","5","4A2","E00121612","E01023950","E02004984","E33027637","E38000049","E63011463","C1","6A1",51.799185,-0.164627,"E37000048","","E23000027",28284,"E56000035","E54000025","E00121612","E01023950","E02004984"
"AL7 2PG","AL7  2PG","AL7 2PG","198704","","E10000015","E58000622","E07000241","E05011068","E43000083","0","526376","0212695","1","E18000006","E40000007","E92000001","E12000006","5","E14001573","E15000006","E24000005","E30000272","E16000150","E07000241","26ULGW","E00121622","26ULGW","E65000001","E01023952","E02004984","5","6D1","E00121622","E01023952","E02004984","E33027637","E38000049","E63011463","C1","5A3",51.798637,-0.168710,"E37000048","","E23000027",16541,"E56000035","E54000025","E00121622","E01023952","E02004984"
"AL7 2PH","AL7  2PH","AL7 2PH","198704","","E10000015","E58000622","E07000241","E05011068","E43000083","0","526475","0212686","1","E18000006","E40000007","E92000001","E12000006","5","E14001573","E15000006","E24000005","E30000272","E16000150","E07000241","26ULGW","E00121618","26ULGW","E65000001","E01023952","E02004984","5","6D1","E00121618","E01023952","E02004984","E33027637","E38000049","E63011463","C1","5A3",51.798534,-0.167279,"E37000048","","E23000027",16541,"E56000035","E54000025","E00121618","E01023952","E02004984"
"AL7 2PJ","AL7  2PJ","AL7 2PJ","198704","","E10000015","E58000622","E07000241","E05011068","E43000083","0","526416","0212703","1","E18000006","E40000007","E92000001","E12000006","5","E14001573","E15000006","E24000005","E30000272","E16000150","E07000241","26ULGW","E00121622","26ULGW","E65000001","E01023952","E02004984","5","6D1","E00121622","E01023952","E02004984","E33027637","E38000049","E63011463","C1","5A3",51.798700,-0.168128,"E37000048","","E23000027",16541,"E56000035","E54000025","E00121622","E01023952","E02004984"
"AL7 2PL","AL7  2PL","AL7 2PL","198704","","E10000015","E58000622","E07000241","E05011068","E43000083","0","526438","0212732","1","E18000006","E40000007","E92000001","E12000006","5","E14001573","E15000006","E24000005","E30000272","E16000150","E07000241","26ULGW","E00121618","26ULGW","E65000001","E01023952","E02004984","5","6D1","E00121618","E01023952","E02004984","E33027637","E38000049","E63011463","C1","5A3",51.798956,-0.167798,"E37000048","","E23000027",16541,"E56000035","E54000025","E00121618","E01023952","E02004984"
"AL7 2PN","AL7  2PN","AL7 2PN","199002","","E10000015","E58000622","E07000241","E05011068","E43000083","0","526784","0212842","1","E18000006","E40000007","E92000001","E12000006","5","E14001573","E15000006","E24000005","E30000272","E16000150","E07000241","26ULGW","E00121612","26ULGW","E65000001","E01023950","E02004984","5","4A2","E00121612","E01023950","E02004984","E33027637","E38000049","E63011463","C1","6A1",51.799866,-0.162743,"E37000048","","E23000027",28284,"E56000035","E54000025","E00121612","E01023950","E02004984"
"AL7 2PP","AL7  2PP","AL7 2PP","199002","","E10000015","E58000622","E07000241","E05011068","E43000083","0","526617","0213116","1","E18000006","E40000007","E92000001","E12000006","5","E14001573","E15000006","E24000005","E30000272","E16000150","E07000241","26ULGW","E00121632","26ULGW","E65000001","E01023950","E02004984","5","6B2","E00121632","E01023950","E02004984","E33027637","E38000049","E63011463","C1","5B3",51.802366,-0.165064,"E37000048","","E23000027",28284,"E56000035","E54000025","E00121632","E01023950","E02004984"
"AL7 2PQ","AL7  2PQ","AL7 2PQ","198704","","E10000015","E58000622","E07000241","E05011068","E43000083","0","526360","0212644","1","E18000006","E40000007","E92000001","E12000006","5","E14001573","E15000006","E24000005","E30000272","E16000150","E07000241","26ULGW","E00121622","26ULGW","E65000001","E01023952","E02004984","5","6D1","E00121622","E01023952","E02004984","E33027637","E38000049","E63011463","C1","5A3",51.798176,-0.168986,"E37000048","","E23000027",16541,"E56000035","E54000025","E00121622","E01023952","E02004984"
"AL7 2PR","AL7  2PR","AL7 2PR","199002","","E10000015","E58000622","E07000241","E05011068","E43000083","0","526826","0212959","1","E18000006","E40000007","E92000001","E12000006","5","E14001573","E15000006","E24000005","E30000272","E16000150","E07000241","26ULGW","E00121614","26ULGW","E65000001","E01023950","E02004984","5","4A2","E00121614","E01023950","E02004984","E33027637","E38000049","E63011463","C1","6A1",51.800908,-0.162092,"E37000048","","E23000027",28284,"E56000035","E54000025","E00121614","E01023950","E02004984"
"AL7 2PS","AL7  2PS","AL7 2PS","199101","","E10000015","E58000622","E07000241","E05011068","E43000083","0","526740","0212975","1","E18000006","E40000007","E92000001","E12000006","5","E14001573","E15000006","E24000005","E30000272","E16000150","E07000241","26ULGW","E00121612","26ULGW","E65000001","E01023950","E02004984","5","4A2","E00121612","E01023950","E02004984","E33027637","E38000049","E63011463","C1","6A1",51.801071,-0.163332,"E37000048","","E23000027",28284,"E56000035","E54000025","E00121612","E01023950","E02004984"
"AL7 2PT","AL7  2PT","AL7 2PT","199002","","E10000015","E58000622","E07000241","E05011068","E43000083","0","526654","0212977","1","E18000006","E40000007","E92000001","E12000006","5","E14001573","E15000006","E24000005","E30000272","E16000150","E07000241","26ULGW","E00121612","26ULGW","E65000001","E01023950","E02004984","5","4A2","E00121612","E01023950","E02004984","E33027637","E38000049","E63011463","C1","6A1",51.801109,-0.164578,"E37000048","","E23000027",28284,"E56000035","E54000025","E00121612","E01023950","E02004984"
"AL7 2PU","AL7  2PU","AL7 2PU","199002","","E10000015","E58000622","E07000241","E05011068","E43000083","0","526751","0213090","1","E18000006","E40000007","E92000001","E12000006","5","E14001573","E15000006","E24000005","E30000272","E16000150","E07000241","26ULGW","E00121632","26ULGW","E65000001","E01023950","E02004984","5","6B2","E00121632","E01023950","E02004984","E33027637","E38000049","E63011463","C1","5B3",51.802102,-0.163131,"E37000048","","E23000027",28284,"E56000035","E54000025","E00121632","E01023950","E02004984"
"AL7 2PW","AL7  2PW","AL7 2PW","199002","","E10000015","E58000622","E07000241","E05011068","E43000083","0","526846","0213045","1","E18000006","E40000007","E92000001","E12000006","5","E14001573","E15000006","E24000005","E30000272","E16000150","E07000241","26ULGW","E00121632","26ULGW","E65000001","E01023950","E02004984","5","6B2","E00121632","E01023950","E02004984","E33027637","E38000049","E63011463","C1","5B3",51.801670,-0.161796,"E37000048","","E23000027",28284,"E56000035","E54000025","E00121632","E01023950","E02004984"
"AL7 2PX","AL7  2PX","AL7 2PX","199002","","E10000015","E58000622","E07000241","E05011068","E43000083","0","526894","0212947","1","E18000006","E40000007","E92000001","E12000006","5","E14001573","E15000006","E24000005","E30000272","E16000150","E07000241","26ULGW","E00121614","26ULGW","E65000001","E01023950","E02004984","5","4A2","E00121614","E01023950","E02004984","E33027637","E38000049","E63011463","C1","6A1",51.800785,-0.161110,"E37000048","","E23000027",28284,"E56000035","E54000025","E00121614","E01023950","E02004984"
"AL7 2PY","AL7  2PY","AL7 2PY","199002","","E10000015","E58000622","E07000241","E05011068","E43000083","0","526859","0212824","1","E18000006","E40000007","E92000001","E12000006","5","E14001573","E15000006","E24000005","E30000272","E16000150","E07000241","26ULGW","E00121614","26ULGW","E65000001","E01023950","E02004984","5","4A2","E00121614","E01023950","E02004984","E33027637","E38000049","E63011463","C1","6A1",51.799681,-0.161688,"E37000048","","E23000027",28284,"E56000035","E54000025","E00121614","E01023950","E02004984"
"AL7 2PZ","AL7  2PZ","AL7 2PZ","199002","","E10000015","E58000622","E07000241","E05011068","E43000083","0","526965","0212855","1","E18000006","E40000007","E92000001","E12000006","5","E14001573","E15000006","E24000005","E30000272","E16000150","E07000241","26ULGW","E00121614","26ULGW","E65000001","E01023950","E02004984","5","4A2","E00121614","E01023950","E02004984","E33027637","E38000049","E63011463","C1","6A1",51.799942,-0.160115,"E37000048","","E23000027",28284,"E56000035","E54000025","E00121614","E01023950","E02004984"
"AL7 2QA","AL7  2QA","AL7 2QA","199002","","E10000015","E58000622","E07000241","E05011068","E43000083","0","527141","0212831","1","E18000006","E40000007","E92000001","E12000006","5","E14001573","E15000006","E24000005","E30000272","E16000150","E07000241","26ULGW","E00121615","26ULGW","E65000001","E01023950","E02004984","5","6D1","E00121615","E01023950","E02004984","E33027637","E38000049","E63011463","C1","5A2",51.799686,-0.157573,"E37000048","","E23000027",28284,"E56000035","E54000025","E00121615","E01023950","E02004984"
"AL7 2QB","AL7  2QB","AL7 2QB","202102","","E10000015","E58000622","E07000241","E05011068","E43000083","0","526624","0212897","1","E18000006","E40000007","E92000001","E12000006","5","E14001573","E15000006","E24000005","E30000272","E16000150","E07000241","26ULGW","E00121612","26ULGW","E65000001","E01023950","E02004984","5","4A2","E00121612","E01023950","E02004984","E33027637","E38000049","E63011463","C1","6A1",51.800397,-0.165042,"E37000048","","E23000027",28284,"E56000035","E54000025","E00121612","E01023950","E02004984"
"AL7 2QD","AL7  2QD","AL7 2QD","199002","199112","E10000015","E58000622","E07000241","E05011068","E43000083","1","526900","0213000","8","E18000006","E40000007","E92000001","E12000006","5","E14001573","E15000006","E24000005","E30000272","E16000150","E07000241","26ULGW","E00121614","26ULGW","E65000001","E01023950","E02004984","5","4A2","E00121614","E01023950","E02004984","E33027637","E38000049","E63011463","C1","6A1",51.801253,-0.161030,"E37000048","","E23000027",28284,"E56000035","E54000025","E00121614","E01023950","E02004984"
"AL7 2QE","AL7  2QE","AL7 2QE","199002","199012","E10000015","E58000622","E07000241","E05011068","E43000083","1","526900","0213000","8","E18000006","E40000007","E92000001","E12000006","5","E14001573","E15000006","E24000005","E30000272","E16000150","E07000241","26ULGW","E00121614","26ULGW","E65000001","E01023950","E02004984","5","4A2","E00121614","E01023950","E02004984","E33027637","E38000049","E63011463","C1","6A1",51.801253,-0.161030,"E37000048","","E23000027",28284,"E56000035","E54000025","E00121614","E01023950","E02004984"
"AL7 2QF","AL7  2QF","AL7 2QF","199007","","E10000015","E58000622","E07000241","E05011068","E43000083","0","527181","0212762","1","E18000006","E40000007","E92000001","E12000006","5","E14001573","E15000006","E24000005","E30000272","E16000150","E07000241","26ULGW","E00121615","26ULGW","E65000001","E01023950","E02004984","5","6D1","E00121615","E01023950","E02004984","E33027637","E38000049","E63011463","C1","5A2",51.799057,-0.157018,"E37000048","","E23000027",28284,"E56000035","E54000025","E00121615","E01023950","E02004984"
"AL7 2QG","AL7  2QG","AL7 2QG","199007","","E10000015","E58000622","E07000241","E05011068","E43000083","0","527077","0212921","1","E18000006","E40000007","E92000001","E12000006","5","E14001573","E15000006","E24000005","E30000272","E16000150","E07000241","26ULGW","E00121614","26ULGW","E65000001","E01023950","E02004984","5","4A2","E00121614","E01023950","E02004984","E33027637","E38000049","E63011463","C1","6A1",51.800510,-0.158467,"E37000048","","E23000027",28284,"E56000035","E54000025","E00121614","E01023950","E02004984"
"AL7 2QH","AL7  2QH","AL7 2QH","199109","","E10000015","E58000622","E07000241","E05011068","E43000083","0","527200","0212934","1","E18000006","E40000007","E92000001","E12000006","5","E14001573","E15000006","E24000005","E30000272","E16000150","E07000241","26ULGW","E00121615","26ULGW","E65000001","E01023950","E02004984","5","6D1","E00121615","E01023950","E02004984","E33027637","E38000049","E63011463","C1","5A2",51.800598,-0.156680,"E37000048","","E23000027",28284,"E56000035","E54000025","E00121615","E01023950","E02004984"
"AL7 2QJ","AL7  2QJ","AL7 2QJ","199301","","E10000015","E58000622","E07000241","E05011068","E43000083","0","526985","0213033","1","E18000006","E40000007","E92000001","E12000006","5","E14001573","E15000006","E24000005","E30000272","E16000150","E07000241","26ULGW","E00121614","26ULGW","E65000001","E01023950","E02004984","5","4A2","E00121614","E01023950","E02004984","E33027637","E38000049","E63011463","C1","6A1",51.801537,-0.159760,"E37000048","","E23000027",28284,"E56000035","E54000025","E00121614","E01023950","E02004984"
"AL7 2QL","AL7  2QL","AL7 2QL","199301","","E10000015","E58000622","E07000241","E05011068","E43000083","0","527151","0212978","1","E18000006","E40000007","E92000001","E12000006","5","E14001573","E15000006","E24000005","E30000272","E16000150","E07000241","26ULGW","E00121615","26ULGW","E65000001","E01023950","E02004984","5","6D1","E00121615","E01023950","E02004984","E33027637","E38000049","E63011463","C1","5A2",51.801005,-0.157374,"E37000048","","E23000027",28284,"E56000035","E54000025","E00121615","E01023950","E02004984"
"AL7 2QP","AL7  2QP","AL7 2QP","199405","199912","E10000015","E58000622","E07000241","E05011059","E43000083","1","526279","0212794","6","E18000006","E40000007","E92000001","E12000006","5","E14001573","E15000006","E24000005","E30000272","E16000150","E07000241","26ULGW","E00121613","26ULGW","E65000001","E01023950","E02004984","5","6B2","E00121613","E01023950","E02004984","E33027637","E38000049","E63011463","C1","5A2",51.799543,-0.170106,"E37000048","","E23000027",28284,"E56000035","E54000025","E00121613","E01023950","E02004984"
"AL7 2QR","AL7  2QR","AL7 2QR","199507","199912","E10000015","E58000622","E07000241","E05011059","E43000083","1","526279","0212794","6","E18000006","E40000007","E92000001","E12000006","5","E14001573","E15000006","E24000005","E30000272","E16000150","E07000241","26ULGW","E00121613","26ULGW","E65000001","E01023950","E02004984","5","6B2","E00121613","E01023950","E02004984","E33027637","E38000049","E63011463","C1","5A2",51.799543,-0.170106,"E37000048","","E23000027",28284,"E56000035","E54000025","E00121613","E01023950","E02004984"
"AL7 2RG","AL7  2RG","AL7 2RG","199002","","E10000015","E58000622","E07000241","E05011068","E43000083","0","526557","0212575","1","E18000006","E40000007","E92000001","E12000006","5","E14001573","E15000006","E24000005","E30000272","E16000150","E07000241","26ULGW","E00121617","26ULGW","E65000001","E01023952","E02004984","5","5A2","E00121617","E01023952","E02004984","E33027637","E38000049","E63011463","C1","7D3",51.797512,-0.166156,"E37000048","","E23000027",16541,"E56000035","E54000025","E00121617","E01023952","E02004984"
"AL7 2RH","AL7  2RH","AL7 2RH","199002","","E10000015","E58000622","E07000241","E05011068","E43000083","0","526525","0212527","1","E18000006","E40000007","E92000001","E12000006","5","E14001573","E15000006","E24000005","E30000272","E16000150","E07000241","26ULGW","E00121625","26ULGW","E65000001","E01023953","E02004984","5","5B1","E00121625","E01023953","E02004984","E33027637","E38000049","E63011463","C1","7C1",51.797088,-0.166638,"E37000048","","E23000027",30850,"E56000035","E54000025","E00121625","E01023953","E02004984"
"AL7 2RT","AL7  2RT","AL7 2RT","200503","","E10000015","E58000622","E07000241","E05011068","E43000083","0","526675","0212557","1","E18000006","E40000007","E92000001","E12000006","5","E14001573","E15000006","E24000005","E30000272","E16000150","E07000241","26ULGW","E00121617","26ULGW","E65000001","E01023952","E02004984","5","5A2","E00121617","E01023952","E02004984","E33027637","E38000049","E63011463","C1","7D3",51.797323,-0.164453,"E37000048","","E23000027",16541,"E56000035","E54000025","E00121617","E01023952","E02004984"
"AL7 2SB","AL7  2SB","AL7 2SB","199612","199708","E10000015","E58000622","E07000241","E05011068","E43000083","1","526557","0212575","8","E18000006","E40000007","E92000001","E12000006","5","E14001573","E15000006","E24000005","E30000272","E16000150","E07000241","26ULGW","E00121617","26ULGW","E65000001","E01023952","E02004984","5","5A2","E00121617","E01023952","E02004984","E33027637","E38000049","E63011463","C1","7D3",51.797512,-0.166156,"E37000048","","E23000027",16541,"E56000035","E54000025","E00121617","E01023952","E02004984"
"AL7 2TB","AL7  2TB","AL7 2TB","199208","199501","E10000015","E58000622","E07000241","E05011068","E43000083","1","526500","0212500","8","E18000006","E40000007","E92000001","E12000006","5","E14001573","E15000006","E24000005","E30000272","E16000150","E07000241","26ULGW","E00121625","26ULGW","E65000001","E01023953","E02004984","5","5B1","E00121625","E01023953","E02004984","E33027637","E38000049","E63011463","C1","7C1",51.796851,-0.167010,"E37000048","","E23000027",30850,"E56000035","E54000025","E00121625","E01023953","E02004984"
"AL7 2WA","AL7  2WA","AL7 2WA","200112","200402","E10000015","E58000622","E07000241","E05011068","E43000083","1","526525","0212527","5","E18000006","E40000007","E92000001","E12000006","5","E14001573","E15000006","E24000005","E30000272","E16000150","E07000241","26ULGW","E00121625","26ULGW","E65000001","E01023953","E02004984","5","5B1","E00121625","E01023953","E02004984","E33027637","E38000049","E63011463","C1","7C1",51.797088,-0.166638,"E37000048","","E23000027",30850,"E56000035","E54000025","E00121625","E01023953","E02004984"
"AL7 2WB","AL7  2WB","AL7 2WB","200112","200211","E10000015","E58000622","E07000241","E05011068","E43000083","1","526525","0212527","5","E18000006","E40000007","E92000001","E12000006","5","E14001573","E15000006","E24000005","E30000272","E16000150","E07000241","26ULGW","E00121625","26ULGW","E65000001","E01023953","E02004984","5","5B1","E00121625","E01023953","E02004984","E33027637","E38000049","E63011463","C1","7C1",51.797088,-0.166638,"E37000048","","E23000027",30850,"E56000035","E54000025","E00121625","E01023953","E02004984"
"AL7 2WD","AL7  2WD","AL7 2WD","200206","200904","E10000015","E58000623","E07000241","E05011069","E43000083","1","524487","0213299","1","E18000006","E40000007","E92000001","E12000006","5","E14001573","E15000006","E24000005","E30000272","E16000150","E07000241","26ULGX","E00121637","26ULGX","E65000001","E01023954","E02004986","5","5B2","E00121637","E01023954","E02004986","E33024496","E38000049","E63011463","C1","7A3",51.804482,-0.195898,"E37000048","","E23000027",7164,"E56000035","E54000025","E00190264","E01035604","E02004986"
"AL7 2WJ","AL7  2WJ","AL7 2WJ","200207","200602","E10000015","E58000622","E07000241","E05011068","E43000083","1","526525","0212527","5","E18000006","E40000007","E92000001","E12000006","5","E14001573","E15000006","E24000005","E30000272","E16000150","E07000241","26ULGW","E00121625","26ULGW","E65000001","E01023953","E02004984","5","5B1","E00121625","E01023953","E02004984","E33027637","E38000049","E63011463","C1","7C1",51.797088,-0.166638,"E37000048","","E23000027",30850,"E56000035","E54000025","E00121625","E01023953","E02004984"
"AL7 2XH","AL7  2XH","AL7 2XH","200310","200603","E10000015","E58000622","E07000241","E05011068","E43000083","1","526525","0212527","5","E18000006","E40000007","E92000001","E12000006","5","E14001573","E15000006","E24000005","E30000272","E16000150","E07000241","26ULGW","E00121625","26ULGW","E65000001","E01023953","E02004984","5","5B1","E00121625","E01023953","E02004984","E33027637","E38000049","E63011463","C1","7C1",51.797088,-0.166638,"E37000048","","E23000027",30850,"E56000035","E54000025","E00121625","E01023953","E02004984"
"AL7 2XL","AL7  2XL","AL7 2XL","199007","199112","E10000015","E58000622","E07000241","E05011059","E43000083","1","526100","0212700","8","E18000006","E40000007","E92000001","E12000006","5","E14001573","E15000006","E24000005","E30000272","E16000150","E07000241","26ULGW","E00121619","26ULGW","E65000001","E01023952","E02004984","5","5B1","E00121619","E01023952","E02004984","E33027638","E38000049","E63011463","C1","7A2",51.798738,-0.172734,"E37000048","","E23000027",16541,"E56000035","E54000025","E00121619","E01023952","E02004984"
"AL7 2XN","AL7  2XN","AL7 2XN","200407","200709","E10000015","E58000623","E07000241","E05011069","E43000083","1","524487","0213299","1","E18000006","E40000007","E92000001","E12000006","5","E14001573","E15000006","E24000005","E30000272","E16000150","E07000241","26ULGX","E00121637","26ULGX","E65000001","E01023954","E02004986","5","5B2","E00121637","E01023954","E02004986","E33024496","E38000049","E63011463","C1","7A3",51.804482,-0.195898,"E37000048","","E23000027",7164,"E56000035","E54000025","E00190264","E01035604","E02004986"
"AL7 2XQ","AL7  2XQ","AL7 2XQ","200406","200607","E10000015","E58000622","E07000241","E05011068","E43000083","1","526525","0212527","5","E18000006","E40000007","E92000001","E12000006","5","E14001573","E15000006","E24000005","E30000272","E16000150","E07000241","26ULGW","E00121625","26ULGW","E65000001","E01023953","E02004984","5","5B1","E00121625","E01023953","E02004984","E33027637","E38000049","E63011463","C1","7C1",51.797088,-0.166638,"E37000048","","E23000027",30850,"E56000035","E54000025","E00121625","E01023953","E02004984"
"AL7 2XR","AL7  2XR","AL7 2XR","200403","200806","E10000015","E58000623","E07000241","E05011069","E43000083","1","524487","0213299","1","E18000006","E40000007","E92000001","E12000006","5","E14001573","E15000006","E24000005","E30000272","E16000150","E07000241","26ULGX","E00121637","26ULGX","E65000001","E01023954","E02004986","5","5B2","E00121637","E01023954","E02004986","E33024496","E38000049","E63011463","C1","7A3",51.804482,-0.195898,"E37000048","","E23000027",7164,"E56000035","E54000025","E00190264","E01035604","E02004986"
"AL7 2XZ","AL7  2XZ","AL7 2XZ","200707","200804","E10000015","E58000623","E07000241","E05011069","E43000083","1","524487","0213299","1","E18000006","E40000007","E92000001","E12000006","5","E14001573","E15000006","E24000005","E30000272","E16000150","E07000241","26ULGX","E00121637","26ULGX","E65000001","E01023954","E02004986","5","5B2","E00121637","E01023954","E02004986","E33024496","E38000049","E63011463","C1","7A3",51.804482,-0.195898,"E37000048","","E23000027",7164,"E56000035","E54000025","E00190264","E01035604","E02004986"
"AL7 2YZ","AL7  2YZ","AL7 2YZ","200307","200408","E10000015","E58000622","E07000241","E05011068","E43000083","1","526525","0212527","5","E18000006","E40000007","E92000001","E12000006","5","E14001573","E15000006","E24000005","E30000272","E16000150","E07000241","26ULGW","E00121625","26ULGW","E65000001","E01023953","E02004984","5","5B1","E00121625","E01023953","E02004984","E33027637","E38000049","E63011463","C1","7C1",51.797088,-0.166638,"E37000048","","E23000027",30850,"E56000035","E54000025","E00121625","E01023953","E02004984"
"AL7 2ZD","AL7  2ZD","AL7 2ZD","199806","200402","E10000015","E58000623","E07000241","E05011069","E43000083","1","524487","0213299","1","E18000006","E40000007","E92000001","E12000006","5","E14001573","E15000006","E24000005","E30000272","E16000150","E07000241","26ULGX","E00121637","26ULGX","E65000001","E01023954","E02004986","5","5B2","E00121637","E01023954","E02004986","E33024496","E38000049","E63011463","C1","7A3",51.804482,-0.195898,"E37000048","","E23000027",7164,"E56000035","E54000025","E00190264","E01035604","E02004986"
"AL7 2ZE","AL7  2ZE","AL7 2ZE","199806","200105","E10000015","E58000622","E07000241","E05011059","E43000083","1","526279","0212794","6","E18000006","E40000007","E92000001","E12000006","5","E14001573","E15000006","E24000005","E30000272","E16000150","E07000241","26ULGW","E00121613","26ULGW","E65000001","E01023950","E02004984","5","6B2","E00121613","E01023950","E02004984","E33027637","E38000049","E63011463","C1","5A2",51.799543,-0.170106,"E37000048","","E23000027",28284,"E56000035","E54000025","E00121613","E01023950","E02004984"
"AL7 2ZF","AL7  2ZF","AL7 2ZF","199812","200211","E10000015","E58000623","E07000241","E05011069","E43000083","1","524487","0213299","1","E18000006","E40000007","E92000001","E12000006","5","E14001573","E15000006","E24000005","E30000272","E16000150","E07000241","26ULGX","E00121637","26ULGX","E65000001","E01023954","E02004986","5","5B2","E00121637","E01023954","E02004986","E33024496","E38000049","E63011463","C1","7A3",51.804482,-0.195898,"E37000048","","E23000027",7164,"E56000035","E54000025","E00190264","E01035604","E02004986"
"AL7 2ZG","AL7  2ZG","AL7 2ZG","199906","199912","E10000015","E58000622","E07000241","E05011068","E43000083","1","526500","0212500","8","E18000006","E40000007","E92000001","E12000006","5","E14001573","E15000006","E24000005","E30000272","E16000150","E07000241","26ULGW","E00121625","26ULGW","E65000001","E01023953","E02004984","5","5B1","E00121625","E01023953","E02004984","E33027637","E38000049","E63011463","C1","7C1",51.796851,-0.167010,"E37000048","","E23000027",30850,"E56000035","E54000025","E00121625","E01023953","E02004984"
"AL7 2ZH","AL7  2ZH","AL7 2ZH","199906","200101","E10000015","E58000622","E07000241","E05011059","E43000083","1","526279","0212794","6","E18000006","E40000007","E92000001","E12000006","5","E14001573","E15000006","E24000005","E30000272","E16000150","E07000241","26ULGW","E00121613","26ULGW","E65000001","E01023950","E02004984","5","6B2","E00121613","E01023950","E02004984","E33027637","E38000049","E63011463","C1","5A2",51.799543,-0.170106,"E37000048","","E23000027",28284,"E56000035","E54000025","E00121613","E01023950","E02004984"
"AL7 2ZJ","AL7  2ZJ","AL7 2ZJ","199906","200101","E10000015","E58000622","E07000241","E05011059","E43000083","1","526279","0212794","6","E18000006","E40000007","E92000001","E12000006","5","E14001573","E15000006","E24000005","E30000272","E16000150","E07000241","26ULGW","E00121613","26ULGW","E65000001","E01023950","E02004984","5","6B2","E00121613","E01023950","E02004984","E33027637","E38000049","E63011463","C1","5A2",51.799543,-0.170106,"E37000048","","E23000027",28284,"E56000035","E54000025","E00121613","E01023950","E02004984"
"AL7 2ZL","AL7  2ZL","AL7 2ZL","199912","200107","E10000015","E58000622","E07000241","E05011059","E43000083","1","526279","0212794","6","E18000006","E40000007","E92000001","E12000006","5","E14001573","E15000006","E24000005","E30000272","E16000150","E07000241","26ULGW","E00121613","26ULGW","E65000001","E01023950","E02004984","5","6B2","E00121613","E01023950","E02004984","E33027637","E38000049","E63011463","C1","5A2",51.799543,-0.170106,"E37000048","","E23000027",28284,"E56000035","E54000025","E00121613","E01023950","E02004984"
"AL7 2ZN","AL7  2ZN","AL7 2ZN","200406","200908","E10000015","E58000623","E07000241","E05011069","E43000083","1","524487","0213299","1","E18000006","E40000007","E92000001","E12000006","5","E14001573","E15000006","E24000005","E30000272","E16000150","E07000241","26ULGX","E00121637","26ULGX","E65000001","E01023954","E02004986","5","5B2","E00121637","E01023954","E02004986","E33024496","E38000049","E63011463","C1","7A3",51.804482,-0.195898,"E37000048","","E23000027",7164,"E56000035","E54000025","E00190264","E01035604","E02004986"
"AL7 2ZP","AL7  2ZP","AL7 2ZP","200406","200607","E10000015","E58000623","E07000241","E05011069","E43000083","1","524487","0213299","5","E18000006","E40000007","E92000001","E12000006","5","E14001573","E15000006","E24000005","E30000272","E16000150","E07000241","26ULGX","E00121637","26ULGX","E65000001","E01023954","E02004986","5","5B2","E00121637","E01023954","E02004986","E33024496","E38000049","E63011463","C1","7A3",51.804482,-0.195898,"E37000048","","E23000027",7164,"E56000035","E54000025","E00190264","E01035604","E02004986"
"AL7 2ZQ","AL7  2ZQ","AL7 2ZQ","200208","200409","E10000015","E58000623","E07000241","E05011069","E43000083","1","524487","0213299","5","E18000006","E40000007","E92000001","E12000006","5","E14001573","E15000006","E24000005","E30000272","E16000150","E07000241","26ULGX","E00121637","26ULGX","E65000001","E01023954","E02004986","5","5B2","E00121637","E01023954","E02004986","E33024496","E38000049","E63011463","C1","7A3",51.804482,-0.195898,"E37000048","","E23000027",7164,"E56000035","E54000025","E00190264","E01035604","E02004986"
"AL7 2ZR","AL7  2ZR","AL7 2ZR","200208","200309","E10000015","E58000623","E07000241","E05011069","E43000083","1","524487","0213299","5","E18000006","E40000007","E92000001","E12000006","5","E14001573","E15000006","E24000005","E30000272","E16000150","E07000241","26ULGX","E00121637","26ULGX","E65000001","E01023954","E02004986","5","5B2","E00121637","E01023954","E02004986","E33024496","E38000049","E63011463","C1","7A3",51.804482,-0.195898,"E37000048","","E23000027",7164,"E56000035","E54000025","E00190264","E01035604","E02004986"
"AL7 2ZS","AL7  2ZS","AL7 2ZS","200012","200112","E10000015","E58000623","E07000241","E05011069","E43000083","1","524487","0213299","1","E18000006","E40000007","E92000001","E12000006","5","E14001573","E15000006","E24000005","E30000272","E16000150","E07000241","26ULGX","E00121637","26ULGX","E65000001","E01023954","E02004986","5","5B2","E00121637","E01023954","E02004986","E33024496","E38000049","E63011463","C1","7A3",51.804482,-0.195898,"E37000048","","E23000027",7164,"E56000035","E54000025","E00190264","E01035604","E02004986"
"AL7 2ZT","AL7  2ZT","AL7 2ZT","200012","200108","E10000015","E58000623","E07000241","E05011069","E43000083","1","524487","0213299","1","E18000006","E40000007","E92000001","E12000006","5","E14001573","E15000006","E24000005","E30000272","E16000150","E07000241","26ULGX","E00121637","26ULGX","E65000001","E01023954","E02004986","5","5B2","E00121637","E01023954","E02004986","E33024496","E38000049","E63011463","C1","7A3",51.804482,-0.195898,"E37000048","","E23000027",7164,"E56000035","E54000025","E00190264","E01035604","E02004986"
"AL7 2ZU","AL7  2ZU","AL7 2ZU","200012","200408","E10000015","E58000623","E07000241","E05011069","E43000083","1","524487","0213299","1","E18000006","E40000007","E92000001","E12000006","5","E14001573","E15000006","E24000005","E30000272","E16000150","E07000241","26ULGX","E00121637","26ULGX","E65000001","E01023954","E02004986","5","5B2","E00121637","E01023954","E02004986","E33024496","E38000049","E63011463","C1","7A3",51.804482,-0.195898,"E37000048","","E23000027",7164,"E56000035","E54000025","E00190264","E01035604","E02004986"
"AL7 2ZW","AL7  2ZW","AL7 2ZW","200012","200110","E10000015","E58000623","E07000241","E05011069","E43000083","1","524487","0213299","1","E18000006","E40000007","E92000001","E12000006","5","E14001573","E15000006","E24000005","E30000272","E16000150","E07000241","26ULGX","E00121637","26ULGX","E65000001","E01023954","E02004986","5","5B2","E00121637","E01023954","E02004986","E33024496","E38000049","E63011463","C1","7A3",51.804482,-0.195898,"E37000048","","E23000027",7164,"E56000035","E54000025","E00190264","E01035604","E02004986"
"AL7 2ZX","AL7  2ZX","AL7 2ZX","199912","200107","E10000015","E58000622","E07000241","E05011059","E43000083","1","526279","0212794","6","E18000006","E40000007","E92000001","E12000006","5","E14001573","E15000006","E24000005","E30000272","E16000150","E07000241","26ULGW","E00121613","26ULGW","E65000001","E01023950","E02004984","5","6B2","E00121613","E01023950","E02004984","E33027637","E38000049","E63011463","C1","5A2",51.799543,-0.170106,"E37000048","","E23000027",28284,"E56000035","E54000025","E00121613","E01023950","E02004984"
"AL7 2ZY","AL7  2ZY","AL7 2ZY","199912","200006","E10000015","E58000622","E07000241","E05011059","E43000083","1","526279","0212794","6","E18000006","E40000007","E92000001","E12000006","5","E14001573","E15000006","E24000005","E30000272","E16000150","E07000241","26ULGW","E00121613","26ULGW","E65000001","E01023950","E02004984","5","6B2","E00121613","E01023950","E02004984","E33027637","E38000049","E63011463","C1","5A2",51.799543,-0.170106,"E37000048","","E23000027",28284,"E56000035","E54000025","E00121613","E01023950","E02004984"
"AL7 3AA","AL7  3AA","AL7 3AA","199412","199507","E10000015","E58000623","E07000241","E05011069","E43000083","1","524200","0212300","8","E18000006","E40000007","E92000001","E12000006","5","E14001573","E15000006","E24000005","E30000272","E16000150","E07000241","26ULGX","E00121642","26ULGX","E65000001","E01023956","E02004986","5","1B2","E00121642","E01023956","E02004986","E33027643","E38000049","E63011463","C1","4A1",51.795568,-0.200416,"E37000048","","E23000027",12788,"E56000035","E54000025","E00121642","E01023956","E02004986"
"AL7 3AB","AL7  3AB","AL7 3AB","199412","","E10000015","E58000623","E07000241","E05011069","E43000083","0","523885","0212332","1","E18000006","E40000007","E92000001","E12000006","5","E14001573","E15000006","E24000005","E30000272","E16000150","E07000241","26ULGX","E00121639","26ULGX","E65000001","E01023954","E02004986","5","1C1","E00121639","E01023954","E02004986","E33027643","E38000049","E63011463","C1","4A1",51.795932,-0.204945,"E37000048","","E23000027",7164,"E56000035","E54000025","E00121639","E01035605","E02004986"
"AL7 3AD","AL7  3AD","AL7 3AD","199208","200104","E10000015","E58000623","E07000241","E05011069","E43000083","1","524857","0212190","6","E18000006","E40000007","E92000001","E12000006","5","E14001573","E15000006","E24000005","E30000272","E16000150","E07000241","26ULGX","E00121644","26ULGX","E65000001","E01023955","E02004986","5","1A3","E00121644","E01023955","E02004986","E33027642","E38000049","E63011463","C1","8D2",51.794434,-0.190934,"E37000048","","E23000027",11090,"E56000035","E54000025","E00121644","E01023955","E02004986"
"AL7 3AE","AL7  3AE","AL7 3AE","199412","","E10000015","E58000623","E07000241","E05011069","E43000083","0","524477","0212745","1","E18000006","E40000007","E92000001","E12000006","5","E14001573","E15000006","E24000005","E30000272","E16000150","E07000241","26ULGX","E00121637","26ULGX","E65000001","E01023954","E02004986","5","5B2","E00121637","E01023954","E02004986","E33024503","E38000049","E63011463","C1","7A3",51.799512,-0.196217,"E37000048","","E23000027",7164,"E56000035","E54000025","E00190340","E01035604","E02004986"
"AL7 3AF","AL7  3AF","AL7 3AF","198504","","E10000015","E58000623","E07000241","E05011069","E43000083","0","524207","0212380","1","E18000006","E40000007","E92000001","E12000006","5","E14001573","E15000006","E24000005","E30000272","E16000150","E07000241","26ULGX","E00121642","26ULGX","E65000001","E01023956","E02004986","5","1B2","E00121642","E01023956","E02004986","E33027643","E38000049","E63011463","C1","4A1",51.796292,-0.200261,"E37000048","","E23000027",12788,"E56000035","E54000025","E00121642","E01023956","E02004986"
"AL7 3AG","AL7  3AG","AL7 3AG","198504","","E10000015","E58000623","E07000241","E05011069","E43000083","0","524157","0212258","1","E18000006","E40000007","E92000001","E12000006","5","E14001573","E15000006","E24000005","E30000272","E16000150","E07000241","26ULGX","E00121643","26ULGX","E65000001","E01023954","E02004986","5","5B3","E00121643","E01023954","E02004986","E33027643","E38000049","E63011463","C1","4A2",51.795207,-0.201030,"E37000048","","E23000027",7164,"E56000035","E54000025","E00121643","E01035605","E02004986"
"AL7 3AH","AL7  3AH","AL7 3AH","198001","199906","E10000015","E58000623","E07000241","E05011069","E43000083","0","524300","0212800","8","E18000006","E40000007","E92000001","E12000006","5","E14001573","E15000006","E24000005","E30000272","E16000150","E07000241","26ULGX","E00121637","26ULGX","E65000001","E01023954","E02004986","5","5B2","E00121637","E01023954","E02004986","E33024498","E38000049","E63011463","C1","7A3",51.800039,-0.198788,"E37000048","","E23000027",7164,"E56000035","E54000025","E00190340","E01035604","E02004986"
"AL7 3AJ","AL7  3AJ","AL7 3AJ","198704","","E10000015","E58000623","E07000241","E05011069","E43000083","0","524328","0212363","1","E18000006","E40000007","E92000001","E12000006","5","E14001573","E15000006","E24000005","E30000272","E16000150","E07000241","26ULGX","E00121642","26ULGX","E65000001","E01023956","E02004986","5","1B2","E00121642","E01023956","E02004986","E33027643","E38000049","E63011463","C1","4A1",51.796113,-0.198514,"E37000048","","E23000027",12788,"E56000035","E54000025","E00121642","E01023956","E02004986"
"AL7 3AL","AL7  3AL","AL7 3AL","200106","200504","E10000015","E58000623","E07000241","E05011069","E43000083","1","524334","0212992","1","E18000006","E40000007","E92000001","E12000006","5","E14001573","E15000006","E24000005","E30000272","E16000150","E07000241","26ULGX","E00121637","26ULGX","E65000001","E01023954","E02004986","5","5B2","E00121637","E01023954","E02004986","E33024499","E38000049","E63011463","C1","7A3",51.801757,-0.198226,"E37000048","","E23000027",7164,"E56000035","E54000025","E00190340","E01035604","E02004986"
"AL7 3AN","AL7  3AN","AL7 3AN","199906","200705","E10000015","E58000623","E07000241","E05011069","E43000083","1","524487","0213299","1","E18000006","E40000007","E92000001","E12000006","5","E14001573","E15000006","E24000005","E30000272","E16000150","E07000241","26ULGX","E00121637","26ULGX","E65000001","E01023954","E02004986","5","5B2","E00121637","E01023954","E02004986","E33024496","E38000049","E63011463","C1","7A3",51.804482,-0.195898,"E37000048","","E23000027",7164,"E56000035","E54000025","E00190264","E01035604","E02004986"
"AL7 3AP","AL7  3AP","AL7 3AP","199007","199501","E10000015","E58000623","E07000241","E05011069","E43000083","1","524400","0212700","8","E18000006","E40000007","E92000001","E12000006","5","E14001573","E15000006","E24000005","E30000272","E16000150","E07000241","26ULGX","E00121637","26ULGX","E65000001","E01023954","E02004986","5","5B2","E00121637","E01023954","E02004986","E33024502","E38000049","E63011463","C1","7A3",51.799119,-0.197374,"E37000048","","E23000027",7164,"E56000035","E54000025","E00190340","E01035604","E02004986"
"AL7 3AQ","AL7  3AQ","AL7 3AQ","200211","200604","E10000015","E58000623","E07000241","E05011069","E43000083","1","524352","0212890","1","E18000006","E40000007","E92000001","E12000006","5","E14001573","E15000006","E24000005","E30000272","E16000150","E07000241","26ULGX","E00121637","26ULGX","E65000001","E01023954","E02004986","5","5B2","E00121637","E01023954","E02004986","E33024498","E38000049","E63011463","C1","7A3",51.800837,-0.198002,"E37000048","","E23000027",7164,"E56000035","E54000025","E00190340","E01035604","E02004986"
"AL7 3AR","AL7  3AR","AL7 3AR","198001","199507","E10000015","E58000623","E07000241","E05011069","E43000083","1","524300","0212700","8","E18000006","E40000007","E92000001","E12000006","5","E14001573","E15000006","E24000005","E30000272","E16000150","E07000241","26ULGX","E00121637","26ULGX","E65000001","E01023954","E02004986","5","5B2","E00121637","E01023954","E02004986","E33024502","E38000049","E63011463","C1","7A3",51.799141,-0.198824,"E37000048","","E23000027",7164,"E56000035","E54000025","E00190340","E01035604","E02004986"
"AL7 3AS","AL7  3AS","AL7 3AS","199501","200602","E10000015","E58000623","E07000241","E05011069","E43000083","1","524487","0213299","1","E18000006","E40000007","E92000001","E12000006","5","E14001573","E15000006","E24000005","E30000272","E16000150","E07000241","26ULGX","E00121637","26ULGX","E65000001","E01023954","E02004986","5","5B2","E00121637","E01023954","E02004986","E33024496","E38000049","E63011463","C1","7A3",51.804482,-0.195898,"E37000048","","E23000027",7164,"E56000035","E54000025","E00190264","E01035604","E02004986"
"AL7 3AT","AL7  3AT","AL7 3AT","199501","200006","E10000015","E58000623","E07000241","E05011069","E43000083","1","524857","0212190","6","E18000006","E40000007","E92000001","E12000006","5","E14001573","E15000006","E24000005","E30000272","E16000150","E07000241","26ULGX","E00121644","26ULGX","E65000001","E01023955","E02004986","5","1A3","E00121644","E01023955","E02004986","E33027642","E38000049","E63011463","C1","8D2",51.794434,-0.190934,"E37000048","","E23000027",11090,"E56000035","E54000025","E00121644","E01023955","E02004986"
"AL7 3AU","AL7  3AU","AL7 3AU","198001","200703","E10000015","E58000623","E07000241","E05011069","E43000083","1","524298","0212701","1","E18000006","E40000007","E92000001","E12000006","5","E14001573","E15000006","E24000005","E30000272","E16000150","E07000241","26ULGX","E00121637","26ULGX","E65000001","E01023954","E02004986","5","5B2","E00121637","E01023954","E02004986","E33024502","E38000049","E63011463","C1","7A3",51.799150,-0.198852,"E37000048","","E23000027",7164,"E56000035","E54000025","E00190340","E01035604","E02004986"
"AL7 3AW","AL7  3AW","AL7 3AW","200501","200501","E10000015","E58000623","E07000241","E05011069","E43000083","0","524442","0212711","1","E18000006","E40000007","E92000001","E12000006","5","E14001573","E15000006","E24000005","E30000272","E16000150","E07000241","26ULGX","E00121637","26ULGX","E65000001","E01023954","E02004986","5","5B2","E00121637","E01023954","E02004986","E33024503","E38000049","E63011463","C1","7A3",51.799208,-0.196761,"E37000048","","E23000027",7164,"E56000035","E54000025","E00190340","E01035604","E02004986"
"AL7 3AX","AL7  3AX","AL7 3AX","198001","","E10000015","E58000623","E07000241","E05011069","E43000083","0","524212","0212552","1","E18000006","E40000007","E92000001","E12000006","5","E14001573","E15000006","E24000005","E30000272","E16000150","E07000241","26ULGX","E00121641","26ULGX","E65000001","E01023954","E02004986","5","5B3","E00121641","E01023954","E02004986","E33027643","E38000049","E63011463","C1","4A3",51.797837,-0.200127,"E37000048","","E23000027",7164,"E56000035","E54000025","E00190256","E01035605","E02004986"
"AL7 3AY","AL7  3AY","AL7 3AY","200504","200703","E10000015","E58000623","E07000241","E05011069","E43000083","1","524113","0212601","1","E18000006","E40000007","E92000001","E12000006","5","E14001573","E15000006","E24000005","E30000272","E16000150","E07000241","26ULGX","E00121641","26ULGX","E65000001","E01023954","E02004986","5","5B3","E00121641","E01023954","E02004986","E33027643","E38000049","E63011463","C1","4A3",51.798293,-0.201569,"E37000048","","E23000027",7164,"E56000035","E54000025","E00190254","E01035605","E02004986"
"AL7 3AZ","AL7  3AZ","AL7 3AZ","198001","199912","E10000015","E58000623","E07000241","E05011069","E43000083","1","524857","0212190","6","E18000006","E40000007","E92000001","E12000006","5","E14001573","E15000006","E24000005","E30000272","E16000150","E07000241","26ULGX","E00121644","26ULGX","E65000001","E01023955","E02004986","5","1A3","E00121644","E01023955","E02004986","E33027642","E38000049","E63011463","C1","8D2",51.794434,-0.190934,"E37000048","","E23000027",11090,"E56000035","E54000025","E00121644","E01023955","E02004986"
"AL7 3BA","AL7  3BA","AL7 3BA","199002","","E10000015","E58000623","E07000241","E05011069","E43000083","0","524533","0212588","1","E18000006","E40000007","E92000001","E12000006","5","E14001573","E15000006","E24000005","E30000272","E16000150","E07000241","26ULGX","E00121637","26ULGX","E65000001","E01023954","E02004986","5","5B2","E00121637","E01023954","E02004986","E33024502","E38000049","E63011463","C1","7A3",51.798082,-0.195487,"E37000048","","E23000027",7164,"E56000035","E54000025","E00190340","E01035604","E02004986"
"AL7 3BB","AL7  3BB","AL7 3BB","199002","","E10000015","E58000623","E07000241","E05011069","E43000083","0","524486","0212509","1","E18000006","E40000007","E92000001","E12000006","5","E14001573","E15000006","E24000005","E30000272","E16000150","E07000241","26ULGX","E00121637","26ULGX","E65000001","E01023954","E02004986","5","5B2","E00121637","E01023954","E02004986","E33024502","E38000049","E63011463","C1","7A3",51.797390,-0.196171,"E37000048","","E23000027",7164,"E56000035","E54000025","E00190319","E01035604","E02004986"
"AL7 3BD","AL7  3BD","AL7 3BD","200106","200505","E10000015","E58000623","E07000241","E05011069","E43000083","1","524352","0212890","1","E18000006","E40000007","E92000001","E12000006","5","E14001573","E15000006","E24000005","E30000272","E16000150","E07000241","26ULGX","E00121637","26ULGX","E65000001","E01023954","E02004986","5","5B2","E00121637","E01023954","E02004986","E33024498","E38000049","E63011463","C1","7A3",51.800837,-0.198002,"E37000048","","E23000027",7164,"E56000035","E54000025","E00190340","E01035604","E02004986"
"AL7 3BE","AL7  3BE","AL7 3BE","199002","","E10000015","E58000623","E07000241","E05011069","E43000083","1","524456","0212799","1","E18000006","E40000007","E92000001","E12000006","5","E14001573","E15000006","E24000005","E30000272","E16000150","E07000241","26ULGX","E00121637","26ULGX","E65000001","E01023954","E02004986","5","5B2","E00121637","E01023954","E02004986","E33024503","E38000049","E63011463","C1","7A3",51.799996,-0.196527,"E37000048","","E23000027",7164,"E56000035","E54000025","E00190340","E01035604","E02004986"
"AL7 3BF","AL7  3BF","AL7 3BF","200106","200603","E10000015","E58000623","E07000241","E05011069","E43000083","1","524487","0213299","1","E18000006","E40000007","E92000001","E12000006","5","E14001573","E15000006","E24000005","E30000272","E16000150","E07000241","26ULGX","E00121637","26ULGX","E65000001","E01023954","E02004986","5","5B2","E00121637","E01023954","E02004986","E33024496","E38000049","E63011463","C1","7A3",51.804482,-0.195898,"E37000048","","E23000027",7164,"E56000035","E54000025","E00190264","E01035604","E02004986"
"AL7 3BG","AL7  3BG","AL7 3BG","199507","201103","E10000015","E58000623","E07000241","E05011069","E43000083","1","524352","0212890","1","E18000006","E40000007","E92000001","E12000006","5","E14001573","E15000006","E24000005","E30000272","E16000150","E07000241","26ULGX","E00121637","26ULGX","E65000001","E01023954","E02004986","5","5B2","E00121637","E01023954","E02004986","E33024498","E38000049","E63011463","C1","7A3",51.800837,-0.198002,"E37000048","","E23000027",7164,"E56000035","E54000025","E00190340","E01035604","E02004986"
"AL7 3BH","AL7  3BH","AL7 3BH","199208","","E10000015","E58000623","E07000241","E05011069","E43000083","0","524326","0212472","1","E18000006","E40000007","E92000001","E12000006","5","E14001573","E15000006","E24000005","E30000272","E16000150","E07000241","26ULGX","E00121641","26ULGX","E65000001","E01023954","E02004986","5","5B3","E00121641","E01023954","E02004986","E33027643","E38000049","E63011463","C1","4A3",51.797086,-0.198528,"E37000048","","E23000027",7164,"E56000035","E54000025","E00190256","E01035605","E02004986"
"AL7 3BJ","AL7  3BJ","AL7 3BJ","199512","199912","E10000015","E58000623","E07000241","E05011069","E43000083","1","524857","0212190","6","E18000006","E40000007","E92000001","E12000006","5","E14001573","E15000006","E24000005","E30000272","E16000150","E07000241","26ULGX","E00121644","26ULGX","E65000001","E01023955","E02004986","5","1A3","E00121644","E01023955","E02004986","E33027642","E38000049","E63011463","C1","8D2",51.794434,-0.190934,"E37000048","","E23000027",11090,"E56000035","E54000025","E00121644","E01023955","E02004986"
"AL7 3BL","AL7  3BL","AL7 3BL","199308","","E10000015","E58000623","E07000241","E05011069","E43000083","0","524328","0212700","1","E18000006","E40000007","E92000001","E12000006","5","E14001573","E15000006","E24000005","E30000272","E16000150","E07000241","26ULGX","E00121637","26ULGX","E65000001","E01023954","E02004986","5","5B2","E00121637","E01023954","E02004986","E33024502","E38000049","E63011463","C1","7A3",51.799135,-0.198418,"E37000048","","E23000027",7164,"E56000035","E54000025","E00190340","E01035604","E02004986"
"AL7 3BN","AL7  3BN","AL7 3BN","199501","","E10000015","E58000623","E07000241","E05011069","E43000083","0","523819","0212189","1","E18000006","E40000007","E92000001","E12000006","5","E14001573","E15000006","E24000005","E30000272","E16000150","E07000241","26ULGX","E00121639","26ULGX","E65000001","E01023954","E02004986","5","1C1","E00121639","E01023954","E02004986","E33027643","E38000049","E63011463","C1","4A1",51.794662,-0.205953,"E37000048","","E23000027",7164,"E56000035","E54000025","E00121639","E01035605","E02004986"
"AL7 3BP","AL7  3BP","AL7 3BP","199512","200409","E10000015","E58000623","E07000241","E05011069","E43000083","1","524231","0212824","1","E18000006","E40000007","E92000001","E12000006","5","E14001573","E15000006","E24000005","E30000272","E16000150","E07000241","26ULGX","E00121637","26ULGX","E65000001","E01023954","E02004986","5","5B2","E00121637","E01023954","E02004986","E33024498","E38000049","E63011463","C1","7A3",51.800270,-0.199779,"E37000048","","E23000027",7164,"E56000035","E54000025","E00190340","E01035604","E02004986"
"AL7 3BQ","AL7  3BQ","AL7 3BQ","198001","","E10000015","E58000623","E07000241","E05011069","E43000083","0","524258","0212748","1","E18000006","E40000007","E92000001","E12000006","5","E14001573","E15000006","E24000005","E30000272","E16000150","E07000241","26ULGX","E00121637","26ULGX","E65000001","E01023954","E02004986","5","5B2","E00121637","E01023954","E02004986","E33024498","E38000049","E63011463","C1","7A3",51.799588,-0.199391,"E37000048","","E23000027",7164,"E56000035","E54000025","E00190340","E01035604","E02004986"
"AL7 3BS","AL7  3BS","AL7 3BS","199606","199708","E10000015","E58000623","E07000241","E05011069","E43000083","1","524250","0212784","8","E18000006","E40000007","E92000001","E12000006","5","E14001573","E15000006","E24000005","E30000272","E16000150","E07000241","26ULGX","E00121637","26ULGX","E65000001","E01023954","E02004986","5","5B2","E00121637","E01023954","E02004986","E33024498","E38000049","E63011463","C1","7A3",51.799907,-0.199518,"E37000048","","E23000027",7164,"E56000035","E54000025","E00190340","E01035604","E02004986"
"AL7 3BT","AL7  3BT","AL7 3BT","200707","","E10000015","E58000623","E07000241","E05011069","E43000083","0","524351","0212890","1","E18000006","E40000007","E92000001","E12000006","5","E14001573","E15000006","E24000005","E30000272","E16000150","E07000241","26ULGX","E00121637","26ULGX","E65000001","E01023954","E02004986","5","5B2","E00121637","E01023954","E02004986","E33024498","E38000049","E63011463","C1","7A3",51.800837,-0.198016,"E37000048","","E23000027",7164,"E56000035","E54000025","E00190340","E01035604","E02004986"
"AL7 3BU","AL7  3BU","AL7 3BU","200112","202406","E10000015","E58000623","E07000241","E05011069","E43000083","0","524213","0212821","1","E18000006","E40000007","E92000001","E12000006","5","E14001573","E15000006","E24000005","E30000272","E16000150","E07000241","26ULGX","E00121637","26ULGX","E65000001","E01023954","E02004986","5","5B2","E00121637","E01023954","E02004986","E33024498","E38000049","E63011463","C1","7A3",51.800254,-0.200017,"E37000048","","E23000027",7164,"E56000035","E54000025","E00190340","E01035604","E02004986"
"AL7 3BW","AL7  3BW","AL7 3BW","199512","201408","E10000015","E58000623","E07000241","E05011069","E43000083","1","524487","0213299","1","E18000006","E40000007","E92000001","E12000006","5","E14001573","E15000006","E24000005","E30000272","E16000150","E07000241","26ULGX","E00121637","26ULGX","E65000001","E01023954","E02004986","5","5B2","E00121637","E01023954","E02004986","E33024496","E38000049","E63011463","C1","7A3",51.804482,-0.195898,"E37000048","","E23000027",7164,"E56000035","E54000025","E00190264","E01035604","E02004986"
"AL7 3BX","AL7  3BX","AL7 3BX","200810","","E10000015","E58000623","E07000241","E05011066","E43000083","0","524805","0211890","1","E18000006","E40000007","E92000001","E12000006","5","E14001573","E15000006","E24000005","E30000272","E16000150","E07000241","26ULGX","E00121650","26ULGX","E65000001","E01023957","E02004986","5","5B3","E00121650","E01023957","E02004986","E33027642","E38000049","E63011463","C1","4A1",51.791749,-0.191795,"E37000048","","E23000027",9709,"E56000035","E54000025","E00121650","E01023957","E02004986"
"AL7 3BY","AL7  3BY","AL7 3BY","201010","","E10000015","E58000623","E07000241","E05011069","E43000083","0","525149","0212710","1","E18000006","E40000007","E92000001","E12000006","5","E14001573","E15000006","E24000005","E30000272","E16000150","E07000241","26ULGX","E00121635","26ULGX","E65000001","E01023958","E02004986","5","1A3","E00121635","E01023958","E02004986","E33024494","E38000049","E63011463","C1","4A1",51.799041,-0.186515,"E37000048","","E23000027",7219,"E56000035","E54000025","E00121635","E01023958","E02004986"
"AL7 3BZ","AL7  3BZ","AL7 3BZ","201110","","E10000015","E58000623","E07000241","E05011069","E43000083","0","524129","0212504","1","E18000006","E40000007","E92000001","E12000006","5","E14001573","E15000006","E24000005","E30000272","E16000150","E07000241","26ULGX","E00121641","26ULGX","E65000001","E01023954","E02004986","5","5B3","E00121641","E01023954","E02004986","E33027643","E38000049","E63011463","C1","4A3",51.797424,-0.201348,"E37000048","","E23000027",7164,"E56000035","E54000025","E00190256","E01035605","E02004986"
"AL7 3DA","AL7  3DA","AL7 3DA","198001","","E10000015","E58000676","E07000241","E05011068","E43000083","0","525879","0211903","1","E18000006","E40000007","E92000001","E12000006","5","E14001573","E15000006","E24000005","E30000272","E16000150","E07000241","26ULGT","E00121581","26ULGT","E65000001","E01023943","E02004987","5","1C3","E00121581","E01023943","E02004987","E33027648","E38000049","E63011463","C1","4A1",51.791632,-0.176201,"E37000048","","E23000027",17758,"E56000035","E54000025","E00121581","E01023943","E02004987"
"AL7 3DB","AL7  3DB","AL7 3DB","198001","","E10000015","E58000676","E07000241","E05011068","E43000083","0","526074","0211941","1","E18000006","E40000007","E92000001","E12000006","5","E14001573","E15000006","E24000005","E30000272","E16000150","E07000241","26ULGT","E00121583","26ULGT","E65000001","E01023943","E02004987","5","1A2","E00121583","E01023943","E02004987","E33027647","E38000049","E63011463","C1","8A1",51.791930,-0.173361,"E37000048","","E23000027",17758,"E56000035","E54000025","E00121583","E01023943","E02004987"
"AL7 3DD","AL7  3DD","AL7 3DD","198001","","E10000015","E58000676","E07000241","E05011068","E43000083","0","526253","0211896","1","E18000006","E40000007","E92000001","E12000006","5","E14001573","E15000006","E24000005","E30000272","E16000150","E07000241","26ULGT","E00121583","26ULGT","E65000001","E01023943","E02004987","5","1A2","E00121583","E01023943","E02004987","E33027647","E38000049","E63011463","C1","8A1",51.791485,-0.170783,"E37000048","","E23000027",17758,"E56000035","E54000025","E00121583","E01023943","E02004987"
"AL7 3DE","AL7  3DE","AL7 3DE","198001","","E10000015","E58000676","E07000241","E05011068","E43000083","0","526103","0211900","1","E18000006","E40000007","E92000001","E12000006","5","E14001573","E15000006","E24000005","E30000272","E16000150","E07000241","26ULGT","E00121583","26ULGT","E65000001","E01023943","E02004987","5","1A2","E00121583","E01023943","E02004987","E33027647","E38000049","E63011463","C1","8A1",51.791548,-0.172982,"E37000048","","E23000027",17758,"E56000035","E54000025","E00121583","E01023943","E02004987"
"AL7 3DF","AL7  3DF","AL7 3DF","198001","","E10000015","E58000676","E07000241","E05011068","E43000083","0","525896","0211873","1","E18000006","E40000007","E92000001","E12000006","5","E14001573","E15000006","E24000005","E30000272","E16000150","E07000241","26ULGT","E00121587","26ULGT","E65000001","E01023943","E02004987","5","1A3","E00121587","E01023943","E02004987","E33027647","E38000049","E63011463","C1","8D2",51.791359,-0.175965,"E37000048","","E23000027",17758,"E56000035","E54000025","E00121587","E01023943","E02004987"
"AL7 3DG","AL7  3DG","AL7 3DG","198001","","E10000015","E58000676","E07000241","E05011068","E43000083","0","526019","0211832","1","E18000006","E40000007","E92000001","E12000006","5","E14001573","E15000006","E24000005","E30000272","E16000150","E07000241","26ULGT","E00121587","26ULGT","E65000001","E01023943","E02004987","5","1A3","E00121587","E01023943","E02004987","E33027647","E38000049","E63011463","C1","8D2",51.790963,-0.174198,"E37000048","","E23000027",17758,"E56000035","E54000025","E00121587","E01023943","E02004987"
"AL7 3DH","AL7  3DH","AL7 3DH","198001","199706","E10000015","E58000676","E07000241","E05011068","E43000083","1","526100","0212000","8","E18000006","E40000007","E92000001","E12000006","5","E14001573","E15000006","E24000005","E30000272","E16000150","E07000241","26ULGT","E00121585","26ULGT","E65000001","E01023943","E02004987","5","6B2","E00121585","E01023943","E02004987","E33027647","E38000049","E63011463","C1","5A2",51.792448,-0.172989,"E37000048","","E23000027",17758,"E56000035","E54000025","E00121585","E01023943","E02004987"
"AL7 3DJ","AL7  3DJ","AL7 3DJ","198001","","E10000015","E58000676","E07000241","E05011068","E43000083","0","526211","0212021","1","E18000006","E40000007","E92000001","E12000006","5","E14001573","E15000006","E24000005","E30000272","E16000150","E07000241","26ULGT","E00121585","26ULGT","E65000001","E01023943","E02004987","5","6B2","E00121585","E01023943","E02004987","E33027647","E38000049","E63011463","C1","5A2",51.792618,-0.171346,"E37000048","","E23000027",17758,"E56000035","E54000025","E00121585","E01023943","E02004987"
"AL7 3DL","AL7  3DL","AL7 3DL","199712","199912","E10000015","E58000623","E07000241","E05011069","E43000083","1","524857","0212190","6","E18000006","E40000007","E92000001","E12000006","5","E14001573","E15000006","E24000005","E30000272","E16000150","E07000241","26ULGX","E00121644","26ULGX","E65000001","E01023955","E02004986","5","1A3","E00121644","E01023955","E02004986","E33027642","E38000049","E63011463","C1","8D2",51.794434,-0.190934,"E37000048","","E23000027",11090,"E56000035","E54000025","E00121644","E01023955","E02004986"
"AL7 3DN","AL7  3DN","AL7 3DN","199405","200006","E10000015","E58000623","E07000241","E05011069","E43000083","1","524857","0212190","6","E18000006","E40000007","E92000001","E12000006","5","E14001573","E15000006","E24000005","E30000272","E16000150","E07000241","26ULGX","E00121644","26ULGX","E65000001","E01023955","E02004986","5","1A3","E00121644","E01023955","E02004986","E33027642","E38000049","E63011463","C1","8D2",51.794434,-0.190934,"E37000048","","E23000027",11090,"E56000035","E54000025","E00121644","E01023955","E02004986"
"AL7 3DP","AL7  3DP","AL7 3DP","199412","199507","E10000015","E58000676","E07000241","E05011068","E43000083","1","526200","0211900","8","E18000006","E40000007","E92000001","E12000006","5","E14001573","E15000006","E24000005","E30000272","E16000150","E07000241","26ULGT","E00121583","26ULGT","E65000001","E01023943","E02004987","5","1A2","E00121583","E01023943","E02004987","E33027647","E38000049","E63011463","C1","8A1",51.791527,-0.171576,"E37000048","","E23000027",17758,"E56000035","E54000025","E00121583","E01023943","E02004987"
"AL7 3DQ","AL7  3DQ","AL7 3DQ","198001","","E10000015","E58000676","E07000241","E05011068","E43000083","0","526328","0211865","1","E18000006","E40000007","E92000001","E12000006","5","E14001573","E15000006","E24000005","E30000272","E16000150","E07000241","26ULGT","E00121583","26ULGT","E65000001","E01023943","E02004987","5","1A2","E00121583","E01023943","E02004987","E33027647","E38000049","E63011463","C1","8A1",51.791190,-0.169708,"E37000048","","E23000027",17758,"E56000035","E54000025","E00121583","E01023943","E02004987"
"AL7 3DR","AL7  3DR","AL7 3DR","199412","199706","E10000015","E58000676","E07000241","E05011068","E43000083","1","525878","0211905","8","E18000006","E40000007","E92000001","E12000006","5","E14001573","E15000006","E24000005","E30000272","E16000150","E07000241","26ULGT","E00121581","26ULGT","E65000001","E01023943","E02004987","5","1C3","E00121581","E01023943","E02004987","E33027648","E38000049","E63011463","C1","4A1",51.791644,-0.176240,"E37000048","","E23000027",17758,"E56000035","E54000025","E00121581","E01023943","E02004987"
"AL7 3DS","AL7  3DS","AL7 3DS","199712","199812","E10000015","E58000623","E07000241","E05011069","E43000083","1","524857","0212190","6","E18000006","E40000007","E92000001","E12000006","5","E14001573","E15000006","E24000005","E30000272","E16000150","E07000241","26ULGX","E00121644","26ULGX","E65000001","E01023955","E02004986","5","1A3","E00121644","E01023955","E02004986","E33027642","E38000049","E63011463","C1","8D2",51.794434,-0.190934,"E37000048","","E23000027",11090,"E56000035","E54000025","E00121644","E01023955","E02004986"
"AL7 3DT","AL7  3DT","AL7 3DT","200112","201108","E10000015","E58000623","E07000241","E05011069","E43000083","1","524487","0213299","1","E18000006","E40000007","E92000001","E12000006","5","E14001573","E15000006","E24000005","E30000272","E16000150","E07000241","26ULGX","E00121637","26ULGX","E65000001","E01023954","E02004986","5","5B2","E00121637","E01023954","E02004986","E33024496","E38000049","E63011463","C1","7A3",51.804482,-0.195898,"E37000048","","E23000027",7164,"E56000035","E54000025","E00190264","E01035604","E02004986"
"AL7 3DU","AL7  3DU","AL7 3DU","198001","","E10000015","E58000676","E07000241","E05011066","E43000083","0","525476","0212197","1","E18000006","E40000007","E92000001","E12000006","5","E14001573","E15000006","E24000005","E30000272","E16000150","E07000241","26ULGT","E00121582","26ULGT","E65000001","E01023944","E02004987","5","1C3","E00121582","E01023944","E02004987","E33027644","E38000049","E63011463","C1","8A1",51.794365,-0.181935,"E37000048","","E23000027",20388,"E56000035","E54000025","E00121582","E01023944","E02004987"
"AL7 3DW","AL7  3DW","AL7 3DW","199412","199507","E10000015","E58000676","E07000241","E05011068","E43000083","1","526200","0211900","8","E18000006","E40000007","E92000001","E12000006","5","E14001573","E15000006","E24000005","E30000272","E16000150","E07000241","26ULGT","E00121583","26ULGT","E65000001","E01023943","E02004987","5","1A2","E00121583","E01023943","E02004987","E33027647","E38000049","E63011463","C1","8A1",51.791527,-0.171576,"E37000048","","E23000027",17758,"E56000035","E54000025","E00121583","E01023943","E02004987"
"AL7 3DX","AL7  3DX","AL7 3DX","198001","","E10000015","E58000676","E07000241","E05011066","E43000083","0","525354","0212184","1","E18000006","E40000007","E92000001","E12000006","5","E14001573","E15000006","E24000005","E30000272","E16000150","E07000241","26ULGT","E00121582","26ULGT","E65000001","E01023944","E02004987","5","1C3","E00121582","E01023944","E02004987","E33027644","E38000049","E63011463","C1","8A1",51.794275,-0.183708,"E37000048","","E23000027",20388,"E56000035","E54000025","E00121582","E01023944","E02004987"
"AL7 3DY","AL7  3DY","AL7 3DY","198001","","E10000015","E58000676","E07000241","E05011066","E43000083","0","525479","0212122","1","E18000006","E40000007","E92000001","E12000006","5","E14001573","E15000006","E24000005","E30000272","E16000150","E07000241","26ULGT","E00121582","26ULGT","E65000001","E01023944","E02004987","5","1C3","E00121582","E01023944","E02004987","E33027644","E38000049","E63011463","C1","8A1",51.793690,-0.181918,"E37000048","","E23000027",20388,"E56000035","E54000025","E00121582","E01023944","E02004987"
"AL7 3DZ","AL7  3DZ","AL7 3DZ","198001","","E10000015","E58000676","E07000241","E05011066","E43000083","0","525527","0212142","1","E18000006","E40000007","E92000001","E12000006","5","E14001573","E15000006","E24000005","E30000272","E16000150","E07000241","26ULGT","E00121584","26ULGT","E65000001","E01023943","E02004987","5","1B1","E00121584","E01023943","E02004987","E33027644","E38000049","E63011463","C1","8D2",51.793853,-0.181241,"E37000048","","E23000027",17758,"E56000035","E54000025","E00121584","E01023943","E02004987"
"AL7 3EA","AL7  3EA","AL7 3EA","198001","","E10000015","E58000676","E07000241","E05011066","E43000083","0","525418","0211924","1","E18000006","E40000007","E92000001","E12000006","5","E14001573","E15000006","E24000005","E30000272","E16000150","E07000241","26ULGT","E00121586","26ULGT","E65000001","E01023944","E02004987","5","6D1","E00121586","E01023944","E02004987","E33027644","E38000049","E63011463","C1","5A2",51.791924,-0.182874,"E37000048","","E23000027",20388,"E56000035","E54000025","E00121586","E01023944","E02004987"
"AL7 3EB","AL7  3EB","AL7 3EB","198001","","E10000015","E58000676","E07000241","E05011066","E43000083","0","525466","0211919","1","E18000006","E40000007","E92000001","E12000006","5","E14001573","E15000006","E24000005","E30000272","E16000150","E07000241","26ULGT","E00121586","26ULGT","E65000001","E01023944","E02004987","5","6D1","E00121586","E01023944","E02004987","E33027644","E38000049","E63011463","C1","5A2",51.791869,-0.182180,"E37000048","","E23000027",20388,"E56000035","E54000025","E00121586","E01023944","E02004987"
"AL7 3ED","AL7  3ED","AL7 3ED","199606","199812","E10000015","E58000623","E07000241","E05011069","E43000083","1","524857","0212190","6","E18000006","E40000007","E92000001","E12000006","5","E14001573","E15000006","E24000005","E30000272","E16000150","E07000241","26ULGX","E00121644","26ULGX","E65000001","E01023955","E02004986","5","1A3","E00121644","E01023955","E02004986","E33027642","E38000049","E63011463","C1","8D2",51.794434,-0.190934,"E37000048","","E23000027",11090,"E56000035","E54000025","E00121644","E01023955","E02004986"
"AL7 3EE","AL7  3EE","AL7 3EE","201112","","E10000015","E58000623","E07000241","E05011069","E43000083","0","524050","0212485","1","E18000006","E40000007","E92000001","E12000006","5","E14001573","E15000006","E24000005","E30000272","E16000150","E07000241","26ULGX","E00121641","26ULGX","E65000001","E01023954","E02004986","5","5B3","E00121641","E01023954","E02004986","E33027643","E38000049","E63011463","C1","4A3",51.797264,-0.202524,"E37000048","","E23000027",7164,"E56000035","E54000025","E00190313","E01035605","E02004986"
"AL7 3EF","AL7  3EF","AL7 3EF","201204","","E10000015","E58000623","E07000241","E05011069","E43000083","0","524067","0212535","1","E18000006","E40000007","E92000001","E12000006","5","E14001573","E15000006","E24000005","E30000272","E16000150","E07000241","26ULGX","E00121641","26ULGX","E65000001","E01023954","E02004986","5","5B3","E00121641","E01023954","E02004986","E33027643","E38000049","E63011463","C1","4A3",51.797716,-0.202235,"E37000048","","E23000027",7164,"E56000035","E54000025","E00190256","E01035605","E02004986"
"AL7 3EG","AL7  3EG","AL7 3EG","201803","","E10000015","E58000623","E07000241","E05011069","E43000083","0","524172","0212493","1","E18000006","E40000007","E92000001","E12000006","5","E14001573","E15000006","E24000005","E30000272","E16000150","E07000241","26ULGX","E00121641","26ULGX","E65000001","E01023954","E02004986","5","5B3","E00121641","E01023954","E02004986","E33027643","E38000049","E63011463","C1","4A3",51.797315,-0.200728,"E37000048","","E23000027",7164,"E56000035","E54000025","E00190256","E01035605","E02004986"
"AL7 3EH","AL7  3EH","AL7 3EH","199301","199501","E10000015","E58000676","E07000241","E05011066","E43000083","1","525500","0212100","8","E18000006","E40000007","E92000001","E12000006","5","E14001573","E15000006","E24000005","E30000272","E16000150","E07000241","26ULGT","E00121584","26ULGT","E65000001","E01023943","E02004987","5","1B1","E00121584","E01023943","E02004987","E33027644","E38000049","E63011463","C1","8D2",51.793481,-0.181648,"E37000048","","E23000027",17758,"E56000035","E54000025","E00121584","E01023943","E02004987"
"AL7 3EJ","AL7  3EJ","AL7 3EJ","198001","","E10000015","E58000676","E07000241","E05011068","E43000083","0","525592","0212265","1","E18000006","E40000007","E92000001","E12000006","5","E14001573","E15000006","E24000005","E30000272","E16000150","E07000241","26ULGT","E00121578","26ULGT","E65000001","E01023944","E02004987","5","1C1","E00173226","E01023944","E02004987","E33027648","E38000049","E63011463","C1","5A2",51.794950,-0.180229,"E37000048","","E23000027",20388,"E56000035","E54000025","E00173226","E01023944","E02004987"
"AL7 3EL","AL7  3EL","AL7 3EL","198001","","E10000015","E58000676","E07000241","E05011066","E43000083","0","525507","0212294","1","E18000006","E40000007","E92000001","E12000006","5","E14001573","E15000006","E24000005","E30000272","E16000150","E07000241","26ULGT","E00121578","26ULGT","E65000001","E01023944","E02004987","5","1C1","E00173228","E01023944","E02004987","E33027644","E38000049","E63011463","C1","8D2",51.795223,-0.181476,"E37000048","","E23000027",20388,"E56000035","E54000025","E00173228","E01023944","E02004987"
"AL7 3EN","AL7  3EN","AL7 3EN","198001","","E10000015","E58000676","E07000241","E05011066","E43000083","0","525383","0212310","1","E18000006","E40000007","E92000001","E12000006","5","E14001573","E15000006","E24000005","E30000272","E16000150","E07000241","26ULGT","E00121580","26ULGT","E65000001","E01023944","E02004987","5","5B4","E00121580","E01023944","E02004987","E33027644","E38000049","E63011463","C1","7A3",51.795395,-0.183267,"E37000048","","E23000027",20388,"E56000035","E54000025","E00121580","E01023944","E02004987"
"AL7 3EP","AL7  3EP","AL7 3EP","198001","","E10000015","E58000676","E07000241","E05011066","E43000083","0","525285","0212427","1","E18000006","E40000007","E92000001","E12000006","5","E14001573","E15000006","E24000005","E30000272","E16000150","E07000241","26ULGT","E00121580","26ULGT","E65000001","E01023944","E02004987","5","5B4","E00121580","E01023944","E02004987","E33027644","E38000049","E63011463","C1","7A3",51.796474,-0.184620,"E37000048","","E23000027",20388,"E56000035","E54000025","E00121580","E01023944","E02004987"
"AL7 3EQ","AL7  3EQ","AL7 3EQ","201311","","E10000015","E58000623","E07000241","E05011069","E43000083","0","524036","0212604","1","E18000006","E40000007","E92000001","E12000006","5","E14001573","E15000006","E24000005","E30000272","E16000150","E07000241","26ULGX","E00121641","26ULGX","E65000001","E01023954","E02004986","5","5B3","E00121641","E01023954","E02004986","E33027643","E38000049","E63011463","C1","4A3",51.798337,-0.202684,"E37000048","","E23000027",7164,"E56000035","E54000025","E00190254","E01035605","E02004986"
"AL7 3ER","AL7  3ER","AL7 3ER","198001","","E10000015","E58000676","E07000241","E05011066","E43000083","0","525185","0212398","1","E18000006","E40000007","E92000001","E12000006","5","E14001573","E15000006","E24000005","E30000272","E16000150","E07000241","26ULGT","E00121580","26ULGT","E65000001","E01023944","E02004987","5","5B4","E00121580","E01023944","E02004987","E33027644","E38000049","E63011463","C1","7A3",51.796236,-0.186080,"E37000048","","E23000027",20388,"E56000035","E54000025","E00121580","E01023944","E02004987"
"AL7 3ES","AL7  3ES","AL7 3ES","198001","","E10000015","E58000676","E07000241","E05011066","E43000083","0","525185","0212343","1","E18000006","E40000007","E92000001","E12000006","5","E14001573","E15000006","E24000005","E30000272","E16000150","E07000241","26ULGT","E00121580","26ULGT","E65000001","E01023944","E02004987","5","5B4","E00121580","E01023944","E02004987","E33027644","E38000049","E63011463","C1","7A3",51.795742,-0.186100,"E37000048","","E23000027",20388,"E56000035","E54000025","E00121580","E01023944","E02004987"
"AL7 3ET","AL7  3ET","AL7 3ET","198001","","E10000015","E58000676","E07000241","E05011066","E43000083","0","525265","0212299","1","E18000006","E40000007","E92000001","E12000006","5","E14001573","E15000006","E24000005","E30000272","E16000150","E07000241","26ULGT","E00121580","26ULGT","E65000001","E01023944","E02004987","5","5B4","E00121580","E01023944","E02004987","E33027644","E38000049","E63011463","C1","7A3",51.795329,-0.184956,"E37000048","","E23000027",20388,"E56000035","E54000025","E00121580","E01023944","E02004987"
"AL7 3EU","AL7  3EU","AL7 3EU","198001","","E10000015","E58000676","E07000241","E05011066","E43000083","0","525494","0212230","1","E18000006","E40000007","E92000001","E12000006","5","E14001573","E15000006","E24000005","E30000272","E16000150","E07000241","26ULGT","E00121582","26ULGT","E65000001","E01023944","E02004987","5","1C3","E00121582","E01023944","E02004987","E33027644","E38000049","E63011463","C1","8A1",51.794657,-0.181662,"E37000048","","E23000027",20388,"E56000035","E54000025","E00121582","E01023944","E02004987"
"AL7 3EW","AL7  3EW","AL7 3EW","198001","","E10000015","E58000676","E07000241","E05011066","E43000083","0","525310","0212341","1","E18000006","E40000007","E92000001","E12000006","5","E14001573","E15000006","E24000005","E30000272","E16000150","E07000241","26ULGT","E00121580","26ULGT","E65000001","E01023944","E02004987","5","5B4","E00121580","E01023944","E02004987","E33027644","E38000049","E63011463","C1","7A3",51.795689,-0.184314,"E37000048","","E23000027",20388,"E56000035","E54000025","E00121580","E01023944","E02004987"
"AL7 3EX","AL7  3EX","AL7 3EX","198001","","E10000015","E58000676","E07000241","E05011066","E43000083","0","525595","0212085","1","E18000006","E40000007","E92000001","E12000006","5","E14001573","E15000006","E24000005","E30000272","E16000150","E07000241","26ULGT","E00121584","26ULGT","E65000001","E01023943","E02004987","5","1B1","E00121584","E01023943","E02004987","E33027644","E38000049","E63011463","C1","8D2",51.793332,-0.180251,"E37000048","","E23000027",17758,"E56000035","E54000025","E00121584","E01023943","E02004987"
"AL7 3EY","AL7  3EY","AL7 3EY","198001","","E10000015","E58000676","E07000241","E05011068","E43000083","0","525677","0212212","1","E18000006","E40000007","E92000001","E12000006","5","E14001573","E15000006","E24000005","E30000272","E16000150","E07000241","26ULGT","E00121579","26ULGT","E65000001","E01023944","E02004987","5","1C3","E00121579","E01023944","E02004987","E33027648","E38000049","E63011463","C1","8D2",51.794454,-0.179016,"E37000048","","E23000027",20388,"E56000035","E54000025","E00121579","E01023944","E02004987"
"AL7 3EZ","AL7  3EZ","AL7 3EZ","198001","","E10000015","E58000676","E07000241","E05011068","E43000083","0","525647","0212334","1","E18000006","E40000007","E92000001","E12000006","5","E14001573","E15000006","E24000005","E30000272","E16000150","E07000241","26ULGT","E00121579","26ULGT","E65000001","E01023944","E02004987","5","1C3","E00121579","E01023944","E02004987","E33027648","E38000049","E63011463","C1","8D2",51.795558,-0.179407,"E37000048","","E23000027",20388,"E56000035","E54000025","E00121579","E01023944","E02004987"
"AL7 3FA","AL7  3FA","AL7 3FA","201806","","E10000015","E58000623","E07000241","E05011069","E43000083","0","524188","0212528","1","E18000006","E40000007","E92000001","E12000006","5","E14001573","E15000006","E24000005","E30000272","E16000150","E07000241","26ULGX","E00121641","26ULGX","E65000001","E01023954","E02004986","5","5B3","E00121641","E01023954","E02004986","E33027643","E38000049","E63011463","C1","4A3",51.797626,-0.200484,"E37000048","","E23000027",7164,"E56000035","E54000025","E00190256","E01035605","E02004986"
"AL7 3FB","AL7  3FB","AL7 3FB","201907","","E10000015","E58000623","E07000241","E05011069","E43000083","0","524334","0212970","1","E18000006","E40000007","E92000001","E12000006","5","E14001573","E15000006","E24000005","E30000272","E16000150","E07000241","26ULGX","E00121637","26ULGX","E65000001","E01023954","E02004986","5","5B2","E00121637","E01023954","E02004986","E33024499","E38000049","E63011463","C1","7A3",51.801566,-0.198210,"E37000048","","E23000027",7164,"E56000035","E54000025","E00190340","E01035604","E02004986"
"AL7 3FD","AL7  3FD","AL7 3FD","201910","","E10000015","E58000623","E07000241","E05011069","E43000083","0","524110","0212588","1","E18000006","E40000007","E92000001","E12000006","5","E14001573","E15000006","E24000005","E30000272","E16000150","E07000241","26ULGX","E00121641","26ULGX","E65000001","E01023954","E02004986","5","5B3","E00121641","E01023954","E02004986","E33027643","E38000049","E63011463","C1","4A3",51.798183,-0.201593,"E37000048","","E23000027",7164,"E56000035","E54000025","E00190254","E01035605","E02004986"
"AL7 3FE","AL7  3FE","AL7 3FE","202307","","E10000015","E58000623","E07000241","E05011069","E43000083","0","524170","0212678","1","E18000006","E40000007","E92000001","E12000006","5","E14001573","E15000006","E24000005","E30000272","E16000150","E07000241","26ULGX","E00121641","26ULGX","E65000001","E01023954","E02004986","5","5B3","E00121641","E01023954","E02004986","E33027643","E38000049","E63011463","C1","4A3",51.798978,-0.200691,"E37000048","","E23000027",7164,"E56000035","E54000025","E00190254","E01035605","E02004986"
"AL7 3FG","AL7  3FG","AL7 3FG","202304","","E10000015","E58000623","E07000241","E05011069","E43000083","0","524170","0212678","1","E18000006","E40000007","E92000001","E12000006","5","E14001573","E15000006","E24000005","E30000272","E16000150","E07000241","26ULGX","E00121641","26ULGX","E65000001","E01023954","E02004986","5","5B3","E00121641","E01023954","E02004986","E33027643","E38000049","E63011463","C1","4A3",51.798978,-0.200691,"E37000048","","E23000027",7164,"E56000035","E54000025","E00190254","E01035605","E02004986"
"AL7 3FH","AL7  3FH","AL7 3FH","202101","","E10000015","E58000623","E07000241","E05011069","E43000083","0","524079","0212676","1","E18000006","E40000007","E92000001","E12000006","5","E14001573","E15000006","E24000005","E30000272","E16000150","E07000241","26ULGX","E00121641","26ULGX","E65000001","E01023954","E02004986","5","5B3","E00121641","E01023954","E02004986","E33027643","E38000049","E63011463","C1","4A3",51.798999,-0.202054,"E37000048","","E23000027",7164,"E56000035","E54000025","E00190254","E01035605","E02004986"
"AL7 3FJ","AL7  3FJ","AL7 3FJ","202110","","E10000015","E58000623","E07000241","E05011069","E43000083","0","524079","0212676","1","E18000006","E40000007","E92000001","E12000006","5","E14001573","E15000006","E24000005","E30000272","E16000150","E07000241","26ULGX","E00121641","26ULGX","E65000001","E01023954","E02004986","5","5B3","E00121641","E01023954","E02004986","E33027643","E38000049","E63011463","C1","4A3",51.798999,-0.202054,"E37000048","","E23000027",7164,"E56000035","E54000025","E00190254","E01035605","E02004986"
"AL7 3FL","AL7  3FL","AL7 3FL","202304","","E10000015","E58000623","E07000241","E05011069","E43000083","0","524675","0211951","1","E18000006","E40000007","E92000001","E12000006","5","E14001573","E15000006","E24000005","E30000272","E16000150","E07000241","26ULGX","E00121648","26ULGX","E65000001","E01023957","E02004986","5","1A3","E00121648","E01023957","E02004986","E33027642","E38000049","E63011463","C1","4A1",51.792333,-0.193632,"E37000048","","E23000027",9709,"E56000035","E54000025","E00121648","E01023957","E02004986"
"AL7 3GB","AL7  3GB","AL7 3GB","202102","","E10000015","E58000623","E07000241","E05011069","E43000083","0","524247","0212325","5","E18000006","E40000007","E92000001","E12000006","5","E14001573","E15000006","E24000005","E30000272","E16000150","E07000241","26ULGX","E00121642","26ULGX","E65000001","E01023956","E02004986","5","1B2","E00121642","E01023956","E02004986","E33027643","E38000049","E63011463","C1","4A1",51.795789,-0.199701,"E37000048","","E23000027",12788,"E56000035","E54000025","E00121642","E01023956","E02004986"
"AL7 3HA","AL7  3HA","AL7 3HA","198001","","E10000015","E58000676","E07000241","E05011068","E43000083","0","525742","0212283","1","E18000006","E40000007","E92000001","E12000006","5","E14001573","E15000006","E24000005","E30000272","E16000150","E07000241","26ULGT","E00121579","26ULGT","E65000001","E01023944","E02004987","5","1C3","E00121579","E01023944","E02004987","E33027648","E38000049","E63011463","C1","8D2",51.795078,-0.178049,"E37000048","","E23000027",20388,"E56000035","E54000025","E00121579","E01023944","E02004987"
"AL7 3HB","AL7  3HB","AL7 3HB","198001","","E10000015","E58000676","E07000241","E05011068","E43000083","0","525839","0212204","1","E18000006","E40000007","E92000001","E12000006","5","E14001573","E15000006","E24000005","E30000272","E16000150","E07000241","26ULGT","E00121579","26ULGT","E65000001","E01023944","E02004987","5","1C3","E00121579","E01023944","E02004987","E33027648","E38000049","E63011463","C1","8D2",51.794346,-0.176671,"E37000048","","E23000027",20388,"E56000035","E54000025","E00121579","E01023944","E02004987"
"AL7 3HD","AL7  3HD","AL7 3HD","198001","","E10000015","E58000676","E07000241","E05011068","E43000083","0","525919","0212135","1","E18000006","E40000007","E92000001","E12000006","5","E14001573","E15000006","E24000005","E30000272","E16000150","E07000241","26ULGT","E00121579","26ULGT","E65000001","E01023944","E02004987","5","1C3","E00121579","E01023944","E02004987","E33027648","E38000049","E63011463","C1","8D2",51.793708,-0.175537,"E37000048","","E23000027",20388,"E56000035","E54000025","E00121579","E01023944","E02004987"
"AL7 3HE","AL7  3HE","AL7 3HE","198001","","E10000015","E58000676","E07000241","E05011068","E43000083","0","525944","0212080","1","E18000006","E40000007","E92000001","E12000006","5","E14001573","E15000006","E24000005","E30000272","E16000150","E07000241","26ULGT","E00121585","26ULGT","E65000001","E01023943","E02004987","5","6B2","E00121585","E01023943","E02004987","E33027647","E38000049","E63011463","C1","5A2",51.793208,-0.175195,"E37000048","","E23000027",17758,"E56000035","E54000025","E00121585","E01023943","E02004987"
"AL7 3HF","AL7  3HF","AL7 3HF","198001","","E10000015","E58000676","E07000241","E05011068","E43000083","0","525959","0211961","1","E18000006","E40000007","E92000001","E12000006","5","E14001573","E15000006","E24000005","E30000272","E16000150","E07000241","26ULGT","E00121585","26ULGT","E65000001","E01023943","E02004987","5","6B2","E00121585","E01023943","E02004987","E33027647","E38000049","E63011463","C1","5A2",51.792135,-0.175020,"E37000048","","E23000027",17758,"E56000035","E54000025","E00121585","E01023943","E02004987"
"AL7 3HG","AL7  3HG","AL7 3HG","198001","","E10000015","E58000676","E07000241","E05011068","E43000083","0","525982","0212003","1","E18000006","E40000007","E92000001","E12000006","5","E14001573","E15000006","E24000005","E30000272","E16000150","E07000241","26ULGT","E00121585","26ULGT","E65000001","E01023943","E02004987","5","6B2","E00121585","E01023943","E02004987","E33027647","E38000049","E63011463","C1","5A2",51.792508,-0.174672,"E37000048","","E23000027",17758,"E56000035","E54000025","E00121585","E01023943","E02004987"
"AL7 3HH","AL7  3HH","AL7 3HH","198001","","E10000015","E58000676","E07000241","E05011068","E43000083","0","525813","0211995","1","E18000006","E40000007","E92000001","E12000006","5","E14001573","E15000006","E24000005","E30000272","E16000150","E07000241","26ULGT","E00121581","26ULGT","E65000001","E01023943","E02004987","5","1C3","E00121581","E01023943","E02004987","E33027648","E38000049","E63011463","C1","4A1",51.792474,-0.177124,"E37000048","","E23000027",17758,"E56000035","E54000025","E00121581","E01023943","E02004987"
"AL7 3HJ","AL7  3HJ","AL7 3HJ","198001","","E10000015","E58000676","E07000241","E05011068","E43000083","0","525750","0212141","1","E18000006","E40000007","E92000001","E12000006","5","E14001573","E15000006","E24000005","E30000272","E16000150","E07000241","26ULGT","E00121579","26ULGT","E65000001","E01023944","E02004987","5","1C3","E00121579","E01023944","E02004987","E33027648","E38000049","E63011463","C1","8D2",51.793800,-0.177984,"E37000048","","E23000027",20388,"E56000035","E54000025","E00121579","E01023944","E02004987"
"AL7 3HL","AL7  3HL","AL7 3HL","198001","","E10000015","E58000676","E07000241","E05011068","E43000083","0","525824","0212050","1","E18000006","E40000007","E92000001","E12000006","5","E14001573","E15000006","E24000005","E30000272","E16000150","E07000241","26ULGT","E00121581","26ULGT","E65000001","E01023943","E02004987","5","1C3","E00121581","E01023943","E02004987","E33027648","E38000049","E63011463","C1","4A1",51.792966,-0.176945,"E37000048","","E23000027",17758,"E56000035","E54000025","E00121581","E01023943","E02004987"
"AL7 3HN","AL7  3HN","AL7 3HN","198001","","E10000015","E58000676","E07000241","E05011068","E43000083","0","525866","0212071","1","E18000006","E40000007","E92000001","E12000006","5","E14001573","E15000006","E24000005","E30000272","E16000150","E07000241","26ULGT","E00121581","26ULGT","E65000001","E01023943","E02004987","5","1C3","E00121581","E01023943","E02004987","E33027648","E38000049","E63011463","C1","4A1",51.793145,-0.176328,"E37000048","","E23000027",17758,"E56000035","E54000025","E00121581","E01023943","E02004987"
"AL7 3HQ","AL7  3HQ","AL7 3HQ","198001","","E10000015","E58000676","E07000241","E05011068","E43000083","0","525920","0211978","1","E18000006","E40000007","E92000001","E12000006","5","E14001573","E15000006","E24000005","E30000272","E16000150","E07000241","26ULGT","E00121581","26ULGT","E65000001","E01023943","E02004987","5","1C3","E00121581","E01023943","E02004987","E33027648","E38000049","E63011463","C1","4A1",51.792297,-0.175579,"E37000048","","E23000027",17758,"E56000035","E54000025","E00121581","E01023943","E02004987"
"AL7 3HR","AL7  3HR","AL7 3HR","199208","","E10000015","E58000676","E07000241","E05011066","E43000083","0","525668","0211842","1","E18000006","E40000007","E92000001","E12000006","5","E14001573","E15000006","E24000005","E30000272","E16000150","E07000241","26ULGT","E00121592","26ULGT","E65000001","E01023945","E02004987","5","5B3","E00121592","E01023945","E02004987","E33027647","E38000049","E63011463","C1","8D2",51.791131,-0.179281,"E37000048","","E23000027",19526,"E56000035","E54000025","E00121592","E01023945","E02004987"
"AL7 3HS","AL7  3HS","AL7 3HS","199208","","E10000015","E58000676","E07000241","E05011066","E43000083","0","525610","0211811","1","E18000006","E40000007","E92000001","E12000006","5","E14001573","E15000006","E24000005","E30000272","E16000150","E07000241","26ULGT","E00121592","26ULGT","E65000001","E01023945","E02004987","5","5B3","E00121592","E01023945","E02004987","E33027647","E38000049","E63011463","C1","8D2",51.790859,-0.180158,"E37000048","","E23000027",19526,"E56000035","E54000025","E00121592","E01023945","E02004987"
"AL7 3HT","AL7  3HT","AL7 3HT","199208","","E10000015","E58000676","E07000241","E05011066","E43000083","0","525581","0211861","1","E18000006","E40000007","E92000001","E12000006","5","E14001573","E15000006","E24000005","E30000272","E16000150","E07000241","26ULGT","E00121592","26ULGT","E65000001","E01023945","E02004987","5","5B3","E00121592","E01023945","E02004987","E33027647","E38000049","E63011463","C1","8D2",51.791315,-0.180560,"E37000048","","E23000027",19526,"E56000035","E54000025","E00121592","E01023945","E02004987"
"AL7 3HU","AL7  3HU","AL7 3HU","201212","","E10000015","E58000623","E07000241","E05011066","E43000083","0","524965","0211883","1","E18000006","E40000007","E92000001","E12000006","5","E14001573","E15000006","E24000005","E30000272","E16000150","E07000241","26ULGX","E00121654","26ULGX","E65000001","E01023955","E02004986","5","1A3","E00121654","E01023955","E02004986","E33027642","E38000049","E63011463","C1","8D2",51.791651,-0.189479,"E37000048","","E23000027",11090,"E56000035","E54000025","E00121654","E01023955","E02004986"
"AL7 3HW","AL7  3HW","AL7 3HW","198001","","E10000015","E58000676","E07000241","E05011068","E43000083","0","525743","0212207","1","E18000006","E40000007","E92000001","E12000006","5","E14001573","E15000006","E24000005","E30000272","E16000150","E07000241","26ULGT","E00121579","26ULGT","E65000001","E01023944","E02004987","5","1C3","E00121579","E01023944","E02004987","E33027648","E38000049","E63011463","C1","8D2",51.794395,-0.178062,"E37000048","","E23000027",20388,"E56000035","E54000025","E00121579","E01023944","E02004987"
"AL7 3HX","AL7  3HX","AL7 3HX","199208","","E10000015","E58000676","E07000241","E05011066","E43000083","0","525660","0211915","1","E18000006","E40000007","E92000001","E12000006","5","E14001573","E15000006","E24000005","E30000272","E16000150","E07000241","26ULGT","E00121584","26ULGT","E65000001","E01023943","E02004987","5","1B1","E00121584","E01023943","E02004987","E33027644","E38000049","E63011463","C1","8D2",51.791789,-0.179370,"E37000048","","E23000027",17758,"E56000035","E54000025","E00121584","E01023943","E02004987"
"AL7 3HY","AL7  3HY","AL7 3HY","199208","","E10000015","E58000676","E07000241","E05011066","E43000083","0","525652","0211981","1","E18000006","E40000007","E92000001","E12000006","5","E14001573","E15000006","E24000005","E30000272","E16000150","E07000241","26ULGT","E00121584","26ULGT","E65000001","E01023943","E02004987","5","1B1","E00121584","E01023943","E02004987","E33027644","E38000049","E63011463","C1","8D2",51.792378,-0.179488,"E37000048","","E23000027",17758,"E56000035","E54000025","E00121584","E01023943","E02004987"
"AL7 3HZ","AL7  3HZ","AL7 3HZ","199201","","E10000015","E58000676","E07000241","E05011066","E43000083","0","525499","0211881","1","E18000006","E40000007","E92000001","E12000006","5","E14001573","E15000006","E24000005","E30000272","E16000150","E07000241","26ULGT","E00121586","26ULGT","E65000001","E01023944","E02004987","5","6D1","E00121586","E01023944","E02004987","E33027644","E38000049","E63011463","C1","5A2",51.791520,-0.181716,"E37000048","","E23000027",20388,"E56000035","E54000025","E00121586","E01023944","E02004987"
"AL7 3JA","AL7  3JA","AL7 3JA","198001","","E10000015","E58000676","E07000241","E05011065","E43000083","0","524890","0211822","1","E18000006","E40000007","E92000001","E12000006","5","E14001573","E15000006","E24000005","E30000272","E16000150","E07000241","26ULGS","E00121562","26ULGS","E65000001","E01023939","E02004988","5","5B1","E00121562","E01023939","E02004988","E33027652","E38000049","E63011463","C1","7A3",51.791119,-0.190588,"E37000048","","E23000027",15456,"E56000035","E54000025","E00121562","E01023939","E02004988"
"AL7 3JB","AL7  3JB","AL7 3JB","199612","200006","E10000015","E58000623","E07000241","E05011069","E43000083","1","524857","0212190","6","E18000006","E40000007","E92000001","E12000006","5","E14001573","E15000006","E24000005","E30000272","E16000150","E07000241","26ULGX","E00121644","26ULGX","E65000001","E01023955","E02004986","5","1A3","E00121644","E01023955","E02004986","E33027642","E38000049","E63011463","C1","8D2",51.794434,-0.190934,"E37000048","","E23000027",11090,"E56000035","E54000025","E00121644","E01023955","E02004986"
"AL7 3JD","AL7  3JD","AL7 3JD","198001","","E10000015","E58000676","E07000241","E05011066","E43000083","0","525041","0211755","1","E18000006","E40000007","E92000001","E12000006","5","E14001573","E15000006","E24000005","E30000272","E16000150","E07000241","26ULGS","E00121562","26ULGS","E65000001","E01023939","E02004988","5","5B1","E00121562","E01023939","E02004988","E33027652","E38000049","E63011463","C1","7A3",51.790490,-0.188398,"E37000048","","E23000027",15456,"E56000035","E54000025","E00121562","E01023939","E02004988"
"AL7 3JE","AL7  3JE","AL7 3JE","198001","","E10000015","E58000676","E07000241","E05011066","E43000083","0","525163","0211724","1","E18000006","E40000007","E92000001","E12000006","5","E14001573","E15000006","E24000005","E30000272","E16000150","E07000241","26ULGS","E00121558","26ULGS","E65000001","E01023939","E02004988","5","6B2","E00121558","E01023939","E02004988","E33027652","E38000049","E63011463","C1","8A1",51.790178,-0.186667,"E37000048","","E23000027",15456,"E56000035","E54000025","E00121558","E01023939","E02004988"
"AL7 3JF","AL7  3JF","AL7 3JF","198001","","E10000015","E58000623","E07000241","E05011066","E43000083","0","525045","0211801","1","E18000006","E40000007","E92000001","E12000006","5","E14001573","E15000006","E24000005","E30000272","E16000150","E07000241","26ULGX","E00121654","26ULGX","E65000001","E01023955","E02004986","5","1A3","E00121654","E01023955","E02004986","E33027642","E38000049","E63011463","C1","8D2",51.790903,-0.188324,"E37000048","","E23000027",11090,"E56000035","E54000025","E00121654","E01023955","E02004986"
"AL7 3JG","AL7  3JG","AL7 3JG","198001","","E10000015","E58000623","E07000241","E05011066","E43000083","0","525261","0211776","1","E18000006","E40000007","E92000001","E12000006","5","E14001573","E15000006","E24000005","E30000272","E16000150","E07000241","26ULGX","E00121653","26ULGX","E65000001","E01023955","E02004986","5","1A2","E00121653","E01023955","E02004986","E33027642","E38000049","E63011463","C1","8C3",51.790630,-0.185203,"E37000048","","E23000027",11090,"E56000035","E54000025","E00121653","E01023955","E02004986"
"AL7 3JH","AL7  3JH","AL7 3JH","198001","","E10000015","E58000676","E07000241","E05011068","E43000083","0","525732","0212029","1","E18000006","E40000007","E92000001","E12000006","5","E14001573","E15000006","E24000005","E30000272","E16000150","E07000241","26ULGT","E00121581","26ULGT","E65000001","E01023943","E02004987","5","1C3","E00121581","E01023943","E02004987","E33027648","E38000049","E63011463","C1","4A1",51.792798,-0.178285,"E37000048","","E23000027",17758,"E56000035","E54000025","E00121581","E01023943","E02004987"
"AL7 3JJ","AL7  3JJ","AL7 3JJ","198001","","E10000015","E58000676","E07000241","E05011068","E43000083","0","525837","0211858","1","E18000006","E40000007","E92000001","E12000006","5","E14001573","E15000006","E24000005","E30000272","E16000150","E07000241","26ULGT","E00121587","26ULGT","E65000001","E01023943","E02004987","5","1A3","E00121587","E01023943","E02004987","E33027647","E38000049","E63011463","C1","8D2",51.791237,-0.176826,"E37000048","","E23000027",17758,"E56000035","E54000025","E00121587","E01023943","E02004987"
"AL7 3JL","AL7  3JL","AL7 3JL","199606","199612","E10000015","E58000676","E07000241","E05011066","E43000083","1","525700","0211900","8","E18000006","E40000007","E92000001","E12000006","5","E14001573","E15000006","E24000005","E30000272","E16000150","E07000241","26ULGT","E00121584","26ULGT","E65000001","E01023943","E02004987","5","1B1","E00121584","E01023943","E02004987","E33027644","E38000049","E63011463","C1","8D2",51.791639,-0.178822,"E37000048","","E23000027",17758,"E56000035","E54000025","E00121584","E01023943","E02004987"
"AL7 3JN","AL7  3JN","AL7 3JN","199002","","E10000015","E58000676","E07000241","E05011066","E43000083","0","525657","0212044","1","E18000006","E40000007","E92000001","E12000006","5","E14001573","E15000006","E24000005","E30000272","E16000150","E07000241","26ULGT","E00121584","26ULGT","E65000001","E01023943","E02004987","5","1B1","E00121584","E01023943","E02004987","E33027644","E38000049","E63011463","C1","8D2",51.792949,-0.179367,"E37000048","","E23000027",17758,"E56000035","E54000025","E00121584","E01023943","E02004987"
"AL7 3JP","AL7  3JP","AL7 3JP","198001","","E10000015","E58000676","E07000241","E05011066","E43000083","0","525201","0212261","1","E18000006","E40000007","E92000001","E12000006","5","E14001573","E15000006","E24000005","E30000272","E16000150","E07000241","26ULGT","E00121580","26ULGT","E65000001","E01023944","E02004987","5","5B4","E00121580","E01023944","E02004987","E33027644","E38000049","E63011463","C1","7A3",51.794995,-0.185923,"E37000048","","E23000027",20388,"E56000035","E54000025","E00121580","E01023944","E02004987"
"AL7 3JQ","AL7  3JQ","AL7 3JQ","198001","","E10000015","E58000676","E07000241","E05011066","E43000083","0","525733","0211941","1","E18000006","E40000007","E92000001","E12000006","5","E14001573","E15000006","E24000005","E30000272","E16000150","E07000241","26ULGT","E00121581","26ULGT","E65000001","E01023943","E02004987","5","1C3","E00121581","E01023943","E02004987","E33027648","E38000049","E63011463","C1","4A1",51.792007,-0.178303,"E37000048","","E23000027",17758,"E56000035","E54000025","E00121581","E01023943","E02004987"
"AL7 3JR","AL7  3JR","AL7 3JR","198001","","E10000015","E58000676","E07000241","E05011066","E43000083","0","525333","0212244","1","E18000006","E40000007","E92000001","E12000006","5","E14001573","E15000006","E24000005","E30000272","E16000150","E07000241","26ULGT","E00121580","26ULGT","E65000001","E01023944","E02004987","5","5B4","E00121580","E01023944","E02004987","E33027644","E38000049","E63011463","C1","7A3",51.794813,-0.184016,"E37000048","","E23000027",20388,"E56000035","E54000025","E00121580","E01023944","E02004987"
"AL7 3JS","AL7  3JS","AL7 3JS","198001","","E10000015","E58000676","E07000241","E05011066","E43000083","0","525275","0212124","1","E18000006","E40000007","E92000001","E12000006","5","E14001573","E15000006","E24000005","E30000272","E16000150","E07000241","26ULGT","E00121582","26ULGT","E65000001","E01023944","E02004987","5","1C3","E00121582","E01023944","E02004987","E33027644","E38000049","E63011463","C1","8A1",51.793754,-0.184874,"E37000048","","E23000027",20388,"E56000035","E54000025","E00121582","E01023944","E02004987"
"AL7 3JT","AL7  3JT","AL7 3JT","198001","","E10000015","E58000676","E07000241","E05011066","E43000083","0","525376","0212130","1","E18000006","E40000007","E92000001","E12000006","5","E14001573","E15000006","E24000005","E30000272","E16000150","E07000241","26ULGT","E00121582","26ULGT","E65000001","E01023944","E02004987","5","1C3","E00121582","E01023944","E02004987","E33027644","E38000049","E63011463","C1","8A1",51.793785,-0.183408,"E37000048","","E23000027",20388,"E56000035","E54000025","E00121582","E01023944","E02004987"
"AL7 3JU","AL7  3JU","AL7 3JU","198001","","E10000015","E58000623","E07000241","E05011066","E43000083","0","525153","0212052","1","E18000006","E40000007","E92000001","E12000006","5","E14001573","E15000006","E24000005","E30000272","E16000150","E07000241","26ULGX","E00121651","26ULGX","E65000001","E01023955","E02004986","5","1A2","E00121651","E01023955","E02004986","E33027642","E38000049","E63011463","C1","8D2",51.793134,-0.186668,"E37000048","","E23000027",11090,"E56000035","E54000025","E00121651","E01023955","E02004986"
"AL7 3JW","AL7  3JW","AL7 3JW","199101","","E10000015","E58000676","E07000241","E05011066","E43000083","0","525531","0211771","1","E18000006","E40000007","E92000001","E12000006","5","E14001573","E15000006","E24000005","E30000272","E16000150","E07000241","26ULGT","E00121586","26ULGT","E65000001","E01023944","E02004987","5","6D1","E00121586","E01023944","E02004987","E33027644","E38000049","E63011463","C1","5A2",51.790524,-0.181292,"E37000048","","E23000027",20388,"E56000035","E54000025","E00121586","E01023944","E02004987"
"AL7 3JX","AL7  3JX","AL7 3JX","198001","","E10000015","E58000623","E07000241","E05011066","E43000083","0","525214","0212001","1","E18000006","E40000007","E92000001","E12000006","5","E14001573","E15000006","E24000005","E30000272","E16000150","E07000241","26ULGX","E00121651","26ULGX","E65000001","E01023955","E02004986","5","1A2","E00121651","E01023955","E02004986","E33027642","E38000049","E63011463","C1","8D2",51.792662,-0.185803,"E37000048","","E23000027",11090,"E56000035","E54000025","E00121651","E01023955","E02004986"
"AL7 3JY","AL7  3JY","AL7 3JY","198001","","E10000015","E58000623","E07000241","E05011066","E43000083","0","525361","0211900","1","E18000006","E40000007","E92000001","E12000006","5","E14001573","E15000006","E24000005","E30000272","E16000150","E07000241","26ULGX","E00121653","26ULGX","E65000001","E01023955","E02004986","5","1A2","E00121653","E01023955","E02004986","E33027642","E38000049","E63011463","C1","8C3",51.791722,-0.183709,"E37000048","","E23000027",11090,"E56000035","E54000025","E00121653","E01023955","E02004986"
"AL7 3JZ","AL7  3JZ","AL7 3JZ","198001","","E10000015","E58000623","E07000241","E05011066","E43000083","0","525274","0211936","1","E18000006","E40000007","E92000001","E12000006","5","E14001573","E15000006","E24000005","E30000272","E16000150","E07000241","26ULGX","E00121653","26ULGX","E65000001","E01023955","E02004986","5","1A2","E00121653","E01023955","E02004986","E33027642","E38000049","E63011463","C1","8C3",51.792065,-0.184957,"E37000048","","E23000027",11090,"E56000035","E54000025","E00121653","E01023955","E02004986"
"AL7 3LA","AL7  3LA","AL7 3LA","198001","","E10000015","E58000623","E07000241","E05011066","E43000083","0","525178","0211918","1","E18000006","E40000007","E92000001","E12000006","5","E14001573","E15000006","E24000005","E30000272","E16000150","E07000241","26ULGX","E00121653","26ULGX","E65000001","E01023955","E02004986","5","1A2","E00121653","E01023955","E02004986","E33027642","E38000049","E63011463","C1","8C3",51.791924,-0.186354,"E37000048","","E23000027",11090,"E56000035","E54000025","E00121653","E01023955","E02004986"
"AL7 3LB","AL7  3LB","AL7 3LB","198001","","E10000015","E58000623","E07000241","E05011066","E43000083","0","525265","0211874","1","E18000006","E40000007","E92000001","E12000006","5","E14001573","E15000006","E24000005","E30000272","E16000150","E07000241","26ULGX","E00121653","26ULGX","E65000001","E01023955","E02004986","5","1A2","E00121653","E01023955","E02004986","E33027642","E38000049","E63011463","C1","8C3",51.791503,-0.185135,"E37000048","","E23000027",11090,"E56000035","E54000025","E00121653","E01023955","E02004986"
"AL7 3LD","AL7  3LD","AL7 3LD","198001","","E10000015","E58000623","E07000241","E05011066","E43000083","0","525184","0211786","1","E18000006","E40000007","E92000001","E12000006","5","E14001573","E15000006","E24000005","E30000272","E16000150","E07000241","26ULGX","E00121653","26ULGX","E65000001","E01023955","E02004986","5","1A2","E00121653","E01023955","E02004986","E33027642","E38000049","E63011463","C1","8C3",51.790737,-0.186315,"E37000048","","E23000027",11090,"E56000035","E54000025","E00121653","E01023955","E02004986"
"AL7 3LE","AL7  3LE","AL7 3LE","198001","","E10000015","E58000623","E07000241","E05011066","E43000083","0","525092","0211849","1","E18000006","E40000007","E92000001","E12000006","5","E14001573","E15000006","E24000005","E30000272","E16000150","E07000241","26ULGX","E00121651","26ULGX","E65000001","E01023955","E02004986","5","1A2","E00121651","E01023955","E02004986","E33027642","E38000049","E63011463","C1","8D2",51.791323,-0.187625,"E37000048","","E23000027",11090,"E56000035","E54000025","E00121651","E01023955","E02004986"
"AL7 3LF","AL7  3LF","AL7 3LF","198001","","E10000015","E58000623","E07000241","E05011066","E43000083","0","525110","0211906","1","E18000006","E40000007","E92000001","E12000006","5","E14001573","E15000006","E24000005","E30000272","E16000150","E07000241","26ULGX","E00121651","26ULGX","E65000001","E01023955","E02004986","5","1A2","E00121651","E01023955","E02004986","E33027642","E38000049","E63011463","C1","8D2",51.791825,-0.187370,"E37000048","","E23000027",11090,"E56000035","E54000025","E00121651","E01023955","E02004986"
"AL7 3LG","AL7  3LG","AL7 3LG","198001","","E10000015","E58000623","E07000241","E05011066","E43000083","0","525004","0211860","1","E18000006","E40000007","E92000001","E12000006","5","E14001573","E15000006","E24000005","E30000272","E16000150","E07000241","26ULGX","E00121654","26ULGX","E65000001","E01023955","E02004986","5","1A3","E00121654","E01023955","E02004986","E33027642","E38000049","E63011463","C1","8D2",51.791442,-0.188897,"E37000048","","E23000027",11090,"E56000035","E54000025","E00121654","E01023955","E02004986"
"AL7 3LH","AL7  3LH","AL7 3LH","198001","","E10000015","E58000623","E07000241","E05011066","E43000083","0","525055","0211931","1","E18000006","E40000007","E92000001","E12000006","5","E14001573","E15000006","E24000005","E30000272","E16000150","E07000241","26ULGX","E00121654","26ULGX","E65000001","E01023955","E02004986","5","1A3","E00121654","E01023955","E02004986","E33027642","E38000049","E63011463","C1","8D2",51.792069,-0.188132,"E37000048","","E23000027",11090,"E56000035","E54000025","E00121654","E01023955","E02004986"
"AL7 3LJ","AL7  3LJ","AL7 3LJ","198001","","E10000015","E58000623","E07000241","E05011066","E43000083","0","525135","0211967","1","E18000006","E40000007","E92000001","E12000006","5","E14001573","E15000006","E24000005","E30000272","E16000150","E07000241","26ULGX","E00121651","26ULGX","E65000001","E01023955","E02004986","5","1A2","E00121651","E01023955","E02004986","E33027642","E38000049","E63011463","C1","8D2",51.792374,-0.186960,"E37000048","","E23000027",11090,"E56000035","E54000025","E00121651","E01023955","E02004986"
"AL7 3LL","AL7  3LL","AL7 3LL","198001","","E10000015","E58000623","E07000241","E05011066","E43000083","0","525032","0212162","1","E18000006","E40000007","E92000001","E12000006","5","E14001573","E15000006","E24000005","E30000272","E16000150","E07000241","26ULGX","E00121651","26ULGX","E65000001","E01023955","E02004986","5","1A2","E00121651","E01023955","E02004986","E33027642","E38000049","E63011463","C1","8D2",51.794143,-0.188408,"E37000048","","E23000027",11090,"E56000035","E54000025","E00121651","E01023955","E02004986"
"AL7 3LN","AL7  3LN","AL7 3LN","198001","","E10000015","E58000623","E07000241","E05011066","E43000083","0","524954","0212190","1","E18000006","E40000007","E92000001","E12000006","5","E14001573","E15000006","E24000005","E30000272","E16000150","E07000241","26ULGX","E00121644","26ULGX","E65000001","E01023955","E02004986","5","1A3","E00121644","E01023955","E02004986","E33027642","E38000049","E63011463","C1","8D2",51.794419,-0.189503,"E37000048","","E23000027",11090,"E56000035","E54000025","E00121644","E01023955","E02004986"
"AL7 3LP","AL7  3LP","AL7 3LP","198001","","E10000015","E58000623","E07000241","E05011066","E43000083","0","524882","0212052","1","E18000006","E40000007","E92000001","E12000006","5","E14001573","E15000006","E24000005","E30000272","E16000150","E07000241","26ULGX","E00121654","26ULGX","E65000001","E01023955","E02004986","5","1A3","E00121654","E01023955","E02004986","E33027642","E38000049","E63011463","C1","8D2",51.793195,-0.190596,"E37000048","","E23000027",11090,"E56000035","E54000025","E00121654","E01023955","E02004986"
"AL7 3LQ","AL7  3LQ","AL7 3LQ","198001","","E10000015","E58000623","E07000241","E05011066","E43000083","0","525024","0212008","1","E18000006","E40000007","E92000001","E12000006","5","E14001573","E15000006","E24000005","E30000272","E16000150","E07000241","26ULGX","E00121654","26ULGX","E65000001","E01023955","E02004986","5","1A3","E00121654","E01023955","E02004986","E33027642","E38000049","E63011463","C1","8D2",51.792767,-0.188554,"E37000048","","E23000027",11090,"E56000035","E54000025","E00121654","E01023955","E02004986"
"AL7 3LR","AL7  3LR","AL7 3LR","198001","","E10000015","E58000623","E07000241","E05011066","E43000083","0","524881","0211882","1","E18000006","E40000007","E92000001","E12000006","5","E14001573","E15000006","E24000005","E30000272","E16000150","E07000241","26ULGX","E00121650","26ULGX","E65000001","E01023957","E02004986","5","5B3","E00121650","E01023957","E02004986","E33027642","E38000049","E63011463","C1","4A1",51.791660,-0.190697,"E37000048","","E23000027",9709,"E56000035","E54000025","E00121650","E01023957","E02004986"
"AL7 3LS","AL7  3LS","AL7 3LS","198001","","E10000015","E58000623","E07000241","E05011066","E43000083","0","524937","0211996","1","E18000006","E40000007","E92000001","E12000006","5","E14001573","E15000006","E24000005","E30000272","E16000150","E07000241","26ULGX","E00121654","26ULGX","E65000001","E01023955","E02004986","5","1A3","E00121654","E01023955","E02004986","E33027642","E38000049","E63011463","C1","8D2",51.792679,-0.189819,"E37000048","","E23000027",11090,"E56000035","E54000025","E00121654","E01023955","E02004986"
"AL7 3LT","AL7  3LT","AL7 3LT","198001","","E10000015","E58000623","E07000241","E05011066","E43000083","0","524972","0211982","1","E18000006","E40000007","E92000001","E12000006","5","E14001573","E15000006","E24000005","E30000272","E16000150","E07000241","26ULGX","E00121654","26ULGX","E65000001","E01023955","E02004986","5","1A3","E00121654","E01023955","E02004986","E33027642","E38000049","E63011463","C1","8D2",51.792545,-0.189317,"E37000048","","E23000027",11090,"E56000035","E54000025","E00121654","E01023955","E02004986"
"AL7 3LU","AL7  3LU","AL7 3LU","200708","200805","E10000015","E58000623","E07000241","E05011069","E43000083","1","524487","0213299","1","E18000006","E40000007","E92000001","E12000006","5","E14001573","E15000006","E24000005","E30000272","E16000150","E07000241","26ULGX","E00121637","26ULGX","E65000001","E01023954","E02004986","5","5B2","E00121637","E01023954","E02004986","E33024496","E38000049","E63011463","C1","7A3",51.804482,-0.195898,"E37000048","","E23000027",7164,"E56000035","E54000025","E00190264","E01035604","E02004986"
"AL7 3LW","AL7  3LW","AL7 3LW","198001","","E10000015","E58000623","E07000241","E05011066","E43000083","0","524814","0211985","1","E18000006","E40000007","E92000001","E12000006","5","E14001573","E15000006","E24000005","E30000272","E16000150","E07000241","26ULGX","E00121650","26ULGX","E65000001","E01023957","E02004986","5","5B3","E00121650","E01023957","E02004986","E33027642","E38000049","E63011463","C1","4A1",51.792608,-0.191605,"E37000048","","E23000027",9709,"E56000035","E54000025","E00121650","E01023957","E02004986"
"AL7 3LX","AL7  3LX","AL7 3LX","199007","","E10000015","E58000676","E07000241","E05011066","E43000083","0","525576","0211992","1","E18000006","E40000007","E92000001","E12000006","5","E14001573","E15000006","E24000005","E30000272","E16000150","E07000241","26ULGT","E00121584","26ULGT","E65000001","E01023943","E02004987","5","1B1","E00121584","E01023943","E02004987","E33027644","E38000049","E63011463","C1","8D2",51.792500,-0.180560,"E37000048","","E23000027",17758,"E56000035","E54000025","E00121584","E01023943","E02004987"
"AL7 3LY","AL7  3LY","AL7 3LY","199201","","E10000015","E58000676","E07000241","E05011066","E43000083","0","525581","0211958","1","E18000006","E40000007","E92000001","E12000006","5","E14001573","E15000006","E24000005","E30000272","E16000150","E07000241","26ULGT","E00121584","26ULGT","E65000001","E01023943","E02004987","5","1B1","E00121584","E01023943","E02004987","E33027644","E38000049","E63011463","C1","8D2",51.792193,-0.180499,"E37000048","","E23000027",17758,"E56000035","E54000025","E00121584","E01023943","E02004987"
"AL7 3LZ","AL7  3LZ","AL7 3LZ","199007","","E10000015","E58000623","E07000241","E05011066","E43000083","0","525051","0212243","1","E18000006","E40000007","E92000001","E12000006","5","E14001573","E15000006","E24000005","E30000272","E16000150","E07000241","26ULGT","E00121580","26ULGT","E65000001","E01023944","E02004987","5","5B4","E00121580","E01023944","E02004987","E33027644","E38000049","E63011463","C1","7A3",51.794873,-0.188078,"E37000048","","E23000027",20388,"E56000035","E54000025","E00121580","E01023944","E02004987"
"AL7 3NA","AL7  3NA","AL7 3NA","198001","","E10000015","E58000623","E07000241","E05011069","E43000083","0","524821","0212525","1","E18000006","E40000007","E92000001","E12000006","5","E14001573","E15000006","E24000005","E30000272","E16000150","E07000241","26ULGX","E00121636","26ULGX","E65000001","E01023958","E02004986","5","1A3","E00121636","E01023958","E02004986","E33027642","E38000049","E63011463","C1","7A3",51.797459,-0.191310,"E37000048","","E23000027",7219,"E56000035","E54000025","E00121636","E01023958","E02004986"
"AL7 3NB","AL7  3NB","AL7 3NB","200006","","E10000015","E58000623","E07000241","E05011069","E43000083","0","524605","0212401","1","E18000006","E40000007","E92000001","E12000006","5","E14001573","E15000006","E24000005","E30000272","E16000150","E07000241","26ULGX","E00121640","26ULGX","E65000001","E01023957","E02004986","5","7A2","E00121640","E01023957","E02004986","E33027642","E38000049","E63011463","C1","4A1",51.796386,-0.194510,"E37000048","","E23000027",9709,"E56000035","E54000025","E00121640","E01023957","E02004986"
"AL7 3ND","AL7  3ND","AL7 3ND","200012","","E10000015","E58000623","E07000241","E05011069","E43000083","0","524707","0212418","1","E18000006","E40000007","E92000001","E12000006","5","E14001573","E15000006","E24000005","E30000272","E16000150","E07000241","26ULGX","E00121640","26ULGX","E65000001","E01023957","E02004986","5","7A2","E00121640","E01023957","E02004986","E33027642","E38000049","E63011463","C1","4A1",51.796523,-0.193001,"E37000048","","E23000027",9709,"E56000035","E54000025","E00121640","E01023957","E02004986"
"AL7 3NE","AL7  3NE","AL7 3NE","198001","","E10000015","E58000623","E07000241","E05011069","E43000083","0","524785","0212451","1","E18000006","E40000007","E92000001","E12000006","5","E14001573","E15000006","E24000005","E30000272","E16000150","E07000241","26ULGX","E00121636","26ULGX","E65000001","E01023958","E02004986","5","1A3","E00121636","E01023958","E02004986","E33027642","E38000049","E63011463","C1","7A3",51.796802,-0.191858,"E37000048","","E23000027",7219,"E56000035","E54000025","E00121636","E01023958","E02004986"
"AL7 3NF","AL7  3NF","AL7 3NF","198001","","E10000015","E58000623","E07000241","E05011069","E43000083","0","524771","0212386","1","E18000006","E40000007","E92000001","E12000006","5","E14001573","E15000006","E24000005","E30000272","E16000150","E07000241","26ULGX","E00121640","26ULGX","E65000001","E01023957","E02004986","5","7A2","E00121640","E01023957","E02004986","E33027642","E38000049","E63011463","C1","4A1",51.796221,-0.192085,"E37000048","","E23000027",9709,"E56000035","E54000025","E00121640","E01023957","E02004986"
"AL7 3NG","AL7  3NG","AL7 3NG","198001","","E10000015","E58000623","E07000241","E05011069","E43000083","0","524851","0212434","1","E18000006","E40000007","E92000001","E12000006","5","E14001573","E15000006","E24000005","E30000272","E16000150","E07000241","26ULGX","E00121636","26ULGX","E65000001","E01023958","E02004986","5","1A3","E00121636","E01023958","E02004986","E33027642","E38000049","E63011463","C1","7A3",51.796634,-0.190908,"E37000048","","E23000027",7219,"E56000035","E54000025","E00121636","E01023958","E02004986"
"AL7 3NH","AL7  3NH","AL7 3NH","198001","","E10000015","E58000623","E07000241","E05011069","E43000083","0","524939","0212486","1","E18000006","E40000007","E92000001","E12000006","5","E14001573","E15000006","E24000005","E30000272","E16000150","E07000241","26ULGX","E00121635","26ULGX","E65000001","E01023958","E02004986","5","1A3","E00121635","E01023958","E02004986","E33024495","E38000049","E63011463","C1","4A1",51.797082,-0.189614,"E37000048","","E23000027",7219,"E56000035","E54000025","E00121635","E01023958","E02004986"
"AL7 3NJ","AL7  3NJ","AL7 3NJ","198001","","E10000015","E58000623","E07000241","E05011069","E43000083","0","525032","0212650","1","E18000006","E40000007","E92000001","E12000006","5","E14001573","E15000006","E24000005","E30000272","E16000150","E07000241","26ULGX","E00121635","26ULGX","E65000001","E01023958","E02004986","5","1A3","E00121635","E01023958","E02004986","E33024495","E38000049","E63011463","C1","4A1",51.798535,-0.188207,"E37000048","","E23000027",7219,"E56000035","E54000025","E00121635","E01023958","E02004986"
"AL7 3NL","AL7  3NL","AL7 3NL","198001","","E10000015","E58000623","E07000241","E05011069","E43000083","0","525122","0212549","1","E18000006","E40000007","E92000001","E12000006","5","E14001573","E15000006","E24000005","E30000272","E16000150","E07000241","26ULGX","E00121634","26ULGX","E65000001","E01023958","E02004986","5","1A3","E00121634","E01023958","E02004986","E33027642","E38000049","E63011463","C1","8D2",51.797607,-0.186939,"E37000048","","E23000027",7219,"E56000035","E54000025","E00121634","E01023958","E02004986"
"AL7 3NN","AL7  3NN","AL7 3NN","198001","","E10000015","E58000623","E07000241","E05011069","E43000083","0","525169","0212619","1","E18000006","E40000007","E92000001","E12000006","5","E14001573","E15000006","E24000005","E30000272","E16000150","E07000241","26ULGX","E00121634","26ULGX","E65000001","E01023958","E02004986","5","1A3","E00121634","E01023958","E02004986","E33027642","E38000049","E63011463","C1","8D2",51.798226,-0.186232,"E37000048","","E23000027",7219,"E56000035","E54000025","E00121634","E01023958","E02004986"
"AL7 3NP","AL7  3NP","AL7 3NP","198001","","E10000015","E58000676","E07000241","E05011066","E43000083","0","525393","0212406","1","E18000006","E40000007","E92000001","E12000006","5","E14001573","E15000006","E24000005","E30000272","E16000150","E07000241","26ULGT","E00121578","26ULGT","E65000001","E01023944","E02004987","5","1C1","E00173228","E01023944","E02004987","E33027644","E38000049","E63011463","C1","8D2",51.796255,-0.183088,"E37000048","","E23000027",20388,"E56000035","E54000025","E00173228","E01023944","E02004987"
"AL7 3NQ","AL7  3NQ","AL7 3NQ","198001","","E10000015","E58000623","E07000241","E05011069","E43000083","0","524903","0212540","1","E18000006","E40000007","E92000001","E12000006","5","E14001573","E15000006","E24000005","E30000272","E16000150","E07000241","26ULGX","E00121635","26ULGX","E65000001","E01023958","E02004986","5","1A3","E00121635","E01023958","E02004986","E33024495","E38000049","E63011463","C1","4A1",51.797575,-0.190116,"E37000048","","E23000027",7219,"E56000035","E54000025","E00121635","E01023958","E02004986"
"AL7 3NR","AL7  3NR","AL7 3NR","198001","","E10000015","E58000676","E07000241","E05011066","E43000083","0","525426","0212329","1","E18000006","E40000007","E92000001","E12000006","5","E14001573","E15000006","E24000005","E30000272","E16000150","E07000241","26ULGT","E00121578","26ULGT","E65000001","E01023944","E02004987","5","1C1","E00173228","E01023944","E02004987","E33027644","E38000049","E63011463","C1","8D2",51.795562,-0.182612,"E37000048","","E23000027",20388,"E56000035","E54000025","E00173228","E01023944","E02004987"
"AL7 3NS","AL7  3NS","AL7 3NS","198001","","E10000015","E58000676","E07000241","E05011066","E43000083","0","525442","0212504","1","E18000006","E40000007","E92000001","E12000006","5","E14001573","E15000006","E24000005","E30000272","E16000150","E07000241","26ULGT","E00121578","26ULGT","E65000001","E01023944","E02004987","5","1C1","E00173228","E01023944","E02004987","E33027644","E38000049","E63011463","C1","8D2",51.797131,-0.182317,"E37000048","","E23000027",20388,"E56000035","E54000025","E00173228","E01023944","E02004987"
"AL7 3NT","AL7  3NT","AL7 3NT","198001","","E10000015","E58000623","E07000241","E05011069","E43000083","0","525133","0212675","1","E18000006","E40000007","E92000001","E12000006","5","E14001573","E15000006","E24000005","E30000272","E16000150","E07000241","26ULGX","E00121635","26ULGX","E65000001","E01023958","E02004986","5","1A3","E00121635","E01023958","E02004986","E33024494","E38000049","E63011463","C1","4A1",51.798731,-0.186759,"E37000048","","E23000027",7219,"E56000035","E54000025","E00121635","E01023958","E02004986"
"AL7 3NU","AL7  3NU","AL7 3NU","198001","","E10000015","E58000623","E07000241","E05011069","E43000083","0","525032","0212515","1","E18000006","E40000007","E92000001","E12000006","5","E14001573","E15000006","E24000005","E30000272","E16000150","E07000241","26ULGX","E00121634","26ULGX","E65000001","E01023958","E02004986","5","1A3","E00121634","E01023958","E02004986","E33027642","E38000049","E63011463","C1","8D2",51.797322,-0.188255,"E37000048","","E23000027",7219,"E56000035","E54000025","E00121634","E01023958","E02004986"
"AL7 3NW","AL7  3NW","AL7 3NW","198001","","E10000015","E58000676","E07000241","E05011066","E43000083","0","525362","0212502","1","E18000006","E40000007","E92000001","E12000006","5","E14001573","E15000006","E24000005","E30000272","E16000150","E07000241","26ULGT","E00121578","26ULGT","E65000001","E01023944","E02004987","5","1C1","E00173228","E01023944","E02004987","E33027644","E38000049","E63011463","C1","8D2",51.797131,-0.183477,"E37000048","","E23000027",20388,"E56000035","E54000025","E00173228","E01023944","E02004987"
"AL7 3NX","AL7  3NX","AL7 3NX","198001","","E10000015","E58000623","E07000241","E05011069","E43000083","0","525074","0212538","1","E18000006","E40000007","E92000001","E12000006","5","E14001573","E15000006","E24000005","E30000272","E16000150","E07000241","26ULGX","E00121634","26ULGX","E65000001","E01023958","E02004986","5","1A3","E00121634","E01023958","E02004986","E33027642","E38000049","E63011463","C1","8D2",51.797519,-0.187638,"E37000048","","E23000027",7219,"E56000035","E54000025","E00121634","E01023958","E02004986"
"AL7 3NY","AL7  3NY","AL7 3NY","198001","","E10000015","E58000623","E07000241","E05011069","E43000083","0","525014","0212470","1","E18000006","E40000007","E92000001","E12000006","5","E14001573","E15000006","E24000005","E30000272","E16000150","E07000241","26ULGX","E00121635","26ULGX","E65000001","E01023958","E02004986","5","1A3","E00121635","E01023958","E02004986","E33024495","E38000049","E63011463","C1","4A1",51.796921,-0.188533,"E37000048","","E23000027",7219,"E56000035","E54000025","E00121635","E01023958","E02004986"
"AL7 3NZ","AL7  3NZ","AL7 3NZ","199512","","E10000015","E58000623","E07000241","E05011069","E43000083","0","524521","0212397","1","E18000006","E40000007","E92000001","E12000006","5","E14001573","E15000006","E24000005","E30000272","E16000150","E07000241","26ULGX","E00121637","26ULGX","E65000001","E01023954","E02004986","5","5B2","E00121637","E01023954","E02004986","E33024502","E38000049","E63011463","C1","7A3",51.796375,-0.195704,"E37000048","","E23000027",7164,"E56000035","E54000025","E00190319","E01035604","E02004986"
"AL7 3PA","AL7  3PA","AL7 3PA","199612","","E10000015","E58000623","E07000241","E05011069","E43000083","0","524622","0212667","1","E18000006","E40000007","E92000001","E12000006","5","E14001573","E15000006","E24000005","E30000272","E16000150","E07000241","26ULGX","E00121638","26ULGX","E65000001","E01023958","E02004986","5","5B1","E00121638","E01023958","E02004986","E33027642","E38000049","E63011463","C1","7A3",51.798773,-0.194168,"E37000048","","E23000027",7219,"E56000035","E54000025","E00121638","E01023958","E02004986"
"AL7 3PB","AL7  3PB","AL7 3PB","199612","","E10000015","E58000623","E07000241","E05011069","E43000083","0","524709","0212684","1","E18000006","E40000007","E92000001","E12000006","5","E14001573","E15000006","E24000005","E30000272","E16000150","E07000241","26ULGX","E00121638","26ULGX","E65000001","E01023958","E02004986","5","5B1","E00121638","E01023958","E02004986","E33027642","E38000049","E63011463","C1","7A3",51.798906,-0.192901,"E37000048","","E23000027",7219,"E56000035","E54000025","E00121638","E01023958","E02004986"
"AL7 3PD","AL7  3PD","AL7 3PD","200012","","E10000015","E58000676","E07000241","E05011065","E43000083","0","524847","0211831","1","E18000006","E40000007","E92000001","E12000006","5","E14001573","E15000006","E24000005","E30000272","E16000150","E07000241","26ULGS","E00121563","26ULGS","E65000001","E01023939","E02004988","5","5A2","E00121563","E01023939","E02004988","E33027649","E38000049","E63011463","C1","7D3",51.791216,-0.191182,"E37000048","","E23000027",15456,"E56000035","E54000025","E00121563","E01023939","E02004988"
"AL7 3PG","AL7  3PG","AL7 3PG","198001","","E10000015","E58000623","E07000241","E05011069","E43000083","0","524656","0212564","1","E18000006","E40000007","E92000001","E12000006","5","E14001573","E15000006","E24000005","E30000272","E16000150","E07000241","26ULGX","E00121638","26ULGX","E65000001","E01023958","E02004986","5","5B1","E00121638","E01023958","E02004986","E33027642","E38000049","E63011463","C1","7A3",51.797846,-0.193688,"E37000048","","E23000027",7219,"E56000035","E54000025","E00121638","E01023958","E02004986"
"AL7 3PH","AL7  3PH","AL7 3PH","198001","","E10000015","E58000623","E07000241","E05011069","E43000083","0","524749","0212572","1","E18000006","E40000007","E92000001","E12000006","5","E14001573","E15000006","E24000005","E30000272","E16000150","E07000241","26ULGX","E00121638","26ULGX","E65000001","E01023958","E02004986","5","5B1","E00121638","E01023958","E02004986","E33027642","E38000049","E63011463","C1","7A3",51.797897,-0.192337,"E37000048","","E23000027",7219,"E56000035","E54000025","E00121638","E01023958","E02004986"
"AL7 3PJ","AL7  3PJ","AL7 3PJ","198001","","E10000015","E58000623","E07000241","E05011069","E43000083","0","524672","0212482","1","E18000006","E40000007","E92000001","E12000006","5","E14001573","E15000006","E24000005","E30000272","E16000150","E07000241","26ULGX","E00121638","26ULGX","E65000001","E01023958","E02004986","5","5B1","E00121638","E01023958","E02004986","E33027642","E38000049","E63011463","C1","7A3",51.797106,-0.193485,"E37000048","","E23000027",7219,"E56000035","E54000025","E00121638","E01023958","E02004986"
"AL7 3PL","AL7  3PL","AL7 3PL","198001","","E10000015","E58000623","E07000241","E05011069","E43000083","0","524707","0212284","1","E18000006","E40000007","E92000001","E12000006","5","E14001573","E15000006","E24000005","E30000272","E16000150","E07000241","26ULGX","E00121640","26ULGX","E65000001","E01023957","E02004986","5","7A2","E00121640","E01023957","E02004986","E33027642","E38000049","E63011463","C1","4A1",51.795318,-0.193049,"E37000048","","E23000027",9709,"E56000035","E54000025","E00121640","E01023957","E02004986"
"AL7 3PN","AL7  3PN","AL7 3PN","198001","","E10000015","E58000623","E07000241","E05011066","E43000083","0","524766","0212015","1","E18000006","E40000007","E92000001","E12000006","5","E14001573","E15000006","E24000005","E30000272","E16000150","E07000241","26ULGX","E00121650","26ULGX","E65000001","E01023957","E02004986","5","5B3","E00121650","E01023957","E02004986","E33027642","E38000049","E63011463","C1","4A1",51.792888,-0.192290,"E37000048","","E23000027",9709,"E56000035","E54000025","E00121650","E01023957","E02004986"
"AL7 3PP","AL7  3PP","AL7 3PP","198001","","E10000015","E58000623","E07000241","E05011069","E43000083","0","524647","0211885","1","E18000006","E40000007","E92000001","E12000006","5","E14001573","E15000006","E24000005","E30000272","E16000150","E07000241","26ULGX","E00121652","26ULGX","E65000001","E01023957","E02004986","5","7A2","E00121652","E01023957","E02004986","E33027642","E38000049","E63011463","C1","4A2",51.791746,-0.194062,"E37000048","","E23000027",9709,"E56000035","E54000025","E00121652","E01023957","E02004986"
"AL7 3PQ","AL7  3PQ","AL7 3PQ","198001","199507","E10000015","E58000623","E07000241","E05011069","E43000083","0","524600","0212600","8","E18000006","E40000007","E92000001","E12000006","5","E14001573","E15000006","E24000005","E30000272","E16000150","E07000241","26ULGX","E00121637","26ULGX","E65000001","E01023954","E02004986","5","5B2","E00121637","E01023954","E02004986","E33024502","E38000049","E63011463","C1","7A3",51.798175,-0.194511,"E37000048","","E23000027",7164,"E56000035","E54000025","E00190319","E01035604","E02004986"
"AL7 3PR","AL7  3PR","AL7 3PR","198001","199512","E10000015","E58000676","E07000241","E05011065","E43000083","1","524600","0211800","8","E18000006","E40000007","E92000001","E12000006","5","E14001573","E15000006","E24000005","E30000272","E16000150","E07000241","26ULGS","E00121559","26ULGS","E65000001","E01023940","E02004988","5","6D1","E00121559","E01023940","E02004988","E33027649","E38000049","E63011463","C1","5A3",51.790986,-0.194798,"E37000048","","E23000027",19175,"E56000035","E54000025","E00121559","E01023940","E02004988"
"AL7 3PS","AL7  3PS","AL7 3PS","198001","200303","E10000015","E58000623","E07000241","E05011069","E43000083","1","524665","0211886","1","E18000006","E40000007","E92000001","E12000006","5","E14001573","E15000006","E24000005","E30000272","E16000150","E07000241","26ULGX","E00121652","26ULGX","E65000001","E01023957","E02004986","5","7A2","E00121652","E01023957","E02004986","E33027642","E38000049","E63011463","C1","4A2",51.791745,-0.193826,"E37000048","","E23000027",9709,"E56000035","E54000025","E00121652","E01023957","E02004986"
"AL7 3PT","AL7  3PT","AL7 3PT","198001","201710","E10000015","E58000623","E07000241","E05011069","E43000083","1","524707","0211906","1","E18000006","E40000007","E92000001","E12000006","5","E14001573","E15000006","E24000005","E30000272","E16000150","E07000241","26ULGX","E00121652","26ULGX","E65000001","E01023957","E02004986","5","7A2","E00121652","E01023957","E02004986","E33027642","E38000049","E63011463","C1","4A2",51.791915,-0.193210,"E37000048","","E23000027",9709,"E56000035","E54000025","E00121652","E01023957","E02004986"
"AL7 3PU","AL7  3PU","AL7 3PU","198001","","E10000015","E58000623","E07000241","E05011069","E43000083","0","524623","0211874","1","E18000006","E40000007","E92000001","E12000006","5","E14001573","E15000006","E24000005","E30000272","E16000150","E07000241","26ULGX","E00121652","26ULGX","E65000001","E01023957","E02004986","5","7A2","E00121652","E01023957","E02004986","E33027642","E38000049","E63011463","C1","4A2",51.791646,-0.194439,"E37000048","","E23000027",9709,"E56000035","E54000025","E00121652","E01023957","E02004986"
"AL7 3PW","AL7  3PW","AL7 3PW","198001","","E10000015","E58000676","E07000241","E05011065","E43000083","0","524482","0211767","1","E18000006","E40000007","E92000001","E12000006","5","E14001573","E15000006","E24000005","E30000272","E16000150","E07000241","26ULGS","E00121559","26ULGS","E65000001","E01023940","E02004988","5","6D1","E00121559","E01023940","E02004988","E33027649","E38000049","E63011463","C1","5A3",51.790722,-0.196495,"E37000048","","E23000027",19175,"E56000035","E54000025","E00121559","E01023940","E02004988"
"AL7 3PX","AL7  3PX","AL7 3PX","198001","","E10000015","E58000623","E07000241","E05011069","E43000083","0","524623","0211874","1","E18000006","E40000007","E92000001","E12000006","5","E14001573","E15000006","E24000005","E30000272","E16000150","E07000241","26ULGX","E00121652","26ULGX","E65000001","E01023957","E02004986","5","7A2","E00121652","E01023957","E02004986","E33027642","E38000049","E63011463","C1","4A2",51.791646,-0.194439,"E37000048","","E23000027",9709,"E56000035","E54000025","E00121652","E01023957","E02004986"
"AL7 3PY","AL7  3PY","AL7 3PY","198001","","E10000015","E58000623","E07000241","E05011069","E43000083","0","524722","0211993","1","E18000006","E40000007","E92000001","E12000006","5","E14001573","E15000006","E24000005","E30000272","E16000150","E07000241","26ULGX","E00121648","26ULGX","E65000001","E01023957","E02004986","5","1A3","E00121648","E01023957","E02004986","E33027642","E38000049","E63011463","C1","4A1",51.792700,-0.192936,"E37000048","","E23000027",9709,"E56000035","E54000025","E00121648","E01023957","E02004986"
"AL7 3PZ","AL7  3PZ","AL7 3PZ","198001","","E10000015","E58000623","E07000241","E05011069","E43000083","0","524654","0211998","1","E18000006","E40000007","E92000001","E12000006","5","E14001573","E15000006","E24000005","E30000272","E16000150","E07000241","26ULGX","E00121648","26ULGX","E65000001","E01023957","E02004986","5","1A3","E00121648","E01023957","E02004986","E33027642","E38000049","E63011463","C1","4A1",51.792760,-0.193920,"E37000048","","E23000027",9709,"E56000035","E54000025","E00121648","E01023957","E02004986"
"AL7 3QA","AL7  3QA","AL7 3QA","198001","","E10000015","E58000623","E07000241","E05011069","E43000083","0","524593","0211924","1","E18000006","E40000007","E92000001","E12000006","5","E14001573","E15000006","E24000005","E30000272","E16000150","E07000241","26ULGX","E00121648","26ULGX","E65000001","E01023957","E02004986","5","1A3","E00121648","E01023957","E02004986","E33027642","E38000049","E63011463","C1","4A1",51.792109,-0.194830,"E37000048","","E23000027",9709,"E56000035","E54000025","E00121648","E01023957","E02004986"
"AL7 3QB","AL7  3QB","AL7 3QB","198001","","E10000015","E58000623","E07000241","E05011069","E43000083","0","524535","0211989","1","E18000006","E40000007","E92000001","E12000006","5","E14001573","E15000006","E24000005","E30000272","E16000150","E07000241","26ULGX","E00121648","26ULGX","E65000001","E01023957","E02004986","5","1A3","E00121648","E01023957","E02004986","E33027642","E38000049","E63011463","C1","4A1",51.792706,-0.195647,"E37000048","","E23000027",9709,"E56000035","E54000025","E00121648","E01023957","E02004986"
"AL7 3QD","AL7  3QD","AL7 3QD","198001","","E10000015","E58000623","E07000241","E05011069","E43000083","0","524593","0212028","1","E18000006","E40000007","E92000001","E12000006","5","E14001573","E15000006","E24000005","E30000272","E16000150","E07000241","26ULGX","E00121648","26ULGX","E65000001","E01023957","E02004986","5","1A3","E00121648","E01023957","E02004986","E33027642","E38000049","E63011463","C1","4A1",51.793043,-0.194793,"E37000048","","E23000027",9709,"E56000035","E54000025","E00121648","E01023957","E02004986"
"AL7 3QE","AL7  3QE","AL7 3QE","198001","","E10000015","E58000623","E07000241","E05011069","E43000083","0","524676","0212234","1","E18000006","E40000007","E92000001","E12000006","5","E14001573","E15000006","E24000005","E30000272","E16000150","E07000241","26ULGX","E00121640","26ULGX","E65000001","E01023957","E02004986","5","7A2","E00121640","E01023957","E02004986","E33027642","E38000049","E63011463","C1","4A1",51.794876,-0.193516,"E37000048","","E23000027",9709,"E56000035","E54000025","E00121640","E01023957","E02004986"
"AL7 3QF","AL7  3QF","AL7 3QF","198001","","E10000015","E58000623","E07000241","E05011069","E43000083","0","524626","0212243","1","E18000006","E40000007","E92000001","E12000006","5","E14001573","E15000006","E24000005","E30000272","E16000150","E07000241","26ULGX","E00121645","26ULGX","E65000001","E01023957","E02004986","5","6D1","E00121645","E01023957","E02004986","E33027642","E38000049","E63011463","C1","4A2",51.794968,-0.194238,"E37000048","","E23000027",9709,"E56000035","E54000025","E00121645","E01023957","E02004986"
"AL7 3QG","AL7  3QG","AL7 3QG","198001","","E10000015","E58000623","E07000241","E05011069","E43000083","0","524655","0212353","1","E18000006","E40000007","E92000001","E12000006","5","E14001573","E15000006","E24000005","E30000272","E16000150","E07000241","26ULGX","E00121640","26ULGX","E65000001","E01023957","E02004986","5","7A2","E00121640","E01023957","E02004986","E33027642","E38000049","E63011463","C1","4A1",51.795950,-0.193778,"E37000048","","E23000027",9709,"E56000035","E54000025","E00121640","E01023957","E02004986"
"AL7 3QH","AL7  3QH","AL7 3QH","200407","","E10000015","E58000623","E07000241","E05011069","E43000083","0","524634","0212451","1","E18000006","E40000007","E92000001","E12000006","5","E14001573","E15000006","E24000005","E30000272","E16000150","E07000241","26ULGX","E00121637","26ULGX","E65000001","E01023954","E02004986","5","5B2","E00121637","E01023954","E02004986","E33024502","E38000049","E63011463","C1","7A3",51.796829,-0.194072,"E37000048","","E23000027",7164,"E56000035","E54000025","E00190319","E01035604","E02004986"
"AL7 3QJ","AL7  3QJ","AL7 3QJ","200405","","E10000015","E58000623","E07000241","E05011069","E43000083","0","524587","0212455","1","E18000006","E40000007","E92000001","E12000006","5","E14001573","E15000006","E24000005","E30000272","E16000150","E07000241","26ULGX","E00121637","26ULGX","E65000001","E01023954","E02004986","5","5B2","E00121637","E01023954","E02004986","E33024502","E38000049","E63011463","C1","7A3",51.796882,-0.194727,"E37000048","","E23000027",7164,"E56000035","E54000025","E00190319","E01035604","E02004986"
"AL7 3QL","AL7  3QL","AL7 3QL","200407","","E10000015","E58000623","E07000241","E05011069","E43000083","0","524603","0212550","1","E18000006","E40000007","E92000001","E12000006","5","E14001573","E15000006","E24000005","E30000272","E16000150","E07000241","26ULGX","E00121637","26ULGX","E65000001","E01023954","E02004986","5","5B2","E00121637","E01023954","E02004986","E33024502","E38000049","E63011463","C1","7A3",51.797725,-0.194486,"E37000048","","E23000027",7164,"E56000035","E54000025","E00190319","E01035604","E02004986"
"AL7 3QN","AL7  3QN","AL7 3QN","198001","202408","E10000015","E58000623","E07000241","E05011069","E43000083","0","524727","0212242","1","E18000006","E40000007","E92000001","E12000006","5","E14001573","E15000006","E24000005","E30000272","E16000150","E07000241","26ULGX","E00121640","26ULGX","E65000001","E01023957","E02004986","5","7A2","E00121640","E01023957","E02004986","E33027642","E38000049","E63011463","C1","4A1",51.794930,-0.192799,"E37000048","","E23000027",9709,"E56000035","E54000025","E00121640","E01023957","E02004986"
"AL7 3QP","AL7  3QP","AL7 3QP","200407","","E10000015","E58000623","E07000241","E05011069","E43000083","0","524560","0212664","1","E18000006","E40000007","E92000001","E12000006","5","E14001573","E15000006","E24000005","E30000272","E16000150","E07000241","26ULGX","E00121637","26ULGX","E65000001","E01023954","E02004986","5","5B2","E00121637","E01023954","E02004986","E33024502","E38000049","E63011463","C1","7A3",51.798759,-0.195068,"E37000048","","E23000027",7164,"E56000035","E54000025","E00190340","E01035604","E02004986"
"AL7 3QQ","AL7  3QQ","AL7 3QQ","198001","","E10000015","E58000623","E07000241","E05011069","E43000083","0","524578","0212332","1","E18000006","E40000007","E92000001","E12000006","5","E14001573","E15000006","E24000005","E30000272","E16000150","E07000241","26ULGX","E00121645","26ULGX","E65000001","E01023957","E02004986","5","6D1","E00121645","E01023957","E02004986","E33027642","E38000049","E63011463","C1","4A2",51.795778,-0.194901,"E37000048","","E23000027",9709,"E56000035","E54000025","E00121645","E01023957","E02004986"
"AL7 3QR","AL7  3QR","AL7 3QR","200407","","E10000015","E58000623","E07000241","E05011069","E43000083","0","524608","0212512","1","E18000006","E40000007","E92000001","E12000006","5","E14001573","E15000006","E24000005","E30000272","E16000150","E07000241","26ULGX","E00121637","26ULGX","E65000001","E01023954","E02004986","5","5B2","E00121637","E01023954","E02004986","E33024502","E38000049","E63011463","C1","7A3",51.797383,-0.194427,"E37000048","","E23000027",7164,"E56000035","E54000025","E00190319","E01035604","E02004986"
"AL7 3QS","AL7  3QS","AL7 3QS","200407","","E10000015","E58000623","E07000241","E05011069","E43000083","0","524601","0212579","1","E18000006","E40000007","E92000001","E12000006","5","E14001573","E15000006","E24000005","E30000272","E16000150","E07000241","26ULGX","E00121637","26ULGX","E65000001","E01023954","E02004986","5","5B2","E00121637","E01023954","E02004986","E33024502","E38000049","E63011463","C1","7A3",51.797986,-0.194504,"E37000048","","E23000027",7164,"E56000035","E54000025","E00190319","E01035604","E02004986"
"AL7 3QT","AL7  3QT","AL7 3QT","200407","","E10000015","E58000623","E07000241","E05011069","E43000083","0","524537","0212498","1","E18000006","E40000007","E92000001","E12000006","5","E14001573","E15000006","E24000005","E30000272","E16000150","E07000241","26ULGX","E00121637","26ULGX","E65000001","E01023954","E02004986","5","5B2","E00121637","E01023954","E02004986","E33024502","E38000049","E63011463","C1","7A3",51.797273,-0.195461,"E37000048","","E23000027",7164,"E56000035","E54000025","E00190319","E01035604","E02004986"
"AL7 3QW","AL7  3QW","AL7 3QW","199412","","E10000015","E58000623","E07000241","E05011066","E43000083","0","524770","0211940","1","E18000006","E40000007","E92000001","E12000006","5","E14001573","E15000006","E24000005","E30000272","E16000150","E07000241","26ULGX","E00121650","26ULGX","E65000001","E01023957","E02004986","5","5B3","E00121650","E01023957","E02004986","E33027642","E38000049","E63011463","C1","4A1",51.792213,-0.192259,"E37000048","","E23000027",9709,"E56000035","E54000025","E00121650","E01023957","E02004986"
"AL7 3QZ","AL7  3QZ","AL7 3QZ","200302","","E10000015","E58000623","E07000241","E05011069","E43000083","0","524782","0212184","1","E18000006","E40000007","E92000001","E12000006","5","E14001573","E15000006","E24000005","E30000272","E16000150","E07000241","26ULGX","E00121644","26ULGX","E65000001","E01023955","E02004986","5","1A3","E00121644","E01023955","E02004986","E33027642","E38000049","E63011463","C1","8D2",51.794396,-0.192023,"E37000048","","E23000027",11090,"E56000035","E54000025","E00121644","E01023955","E02004986"
"AL7 3RA","AL7  3RA","AL7 3RA","198001","","E10000015","E58000623","E07000241","E05011069","E43000083","0","524129","0212237","1","E18000006","E40000007","E92000001","E12000006","5","E14001573","E15000006","E24000005","E30000272","E16000150","E07000241","26ULGX","E00121642","26ULGX","E65000001","E01023956","E02004986","5","1B2","E00121642","E01023956","E02004986","E33027643","E38000049","E63011463","C1","4A1",51.795024,-0.201443,"E37000048","","E23000027",12788,"E56000035","E54000025","E00121642","E01023956","E02004986"
"AL7 3RB","AL7  3RB","AL7 3RB","198001","","E10000015","E58000623","E07000241","E05011069","E43000083","0","524112","0212204","1","E18000006","E40000007","E92000001","E12000006","5","E14001573","E15000006","E24000005","E30000272","E16000150","E07000241","26ULGX","E00121647","26ULGX","E65000001","E01023956","E02004986","5","1A3","E00121647","E01023956","E02004986","E33027643","E38000049","E63011463","C1","4A1",51.794732,-0.201701,"E37000048","","E23000027",12788,"E56000035","E54000025","E00121647","E01023956","E02004986"
"AL7 3RD","AL7  3RD","AL7 3RD","198001","","E10000015","E58000623","E07000241","E05011069","E43000083","0","524167","0212181","1","E18000006","E40000007","E92000001","E12000006","5","E14001573","E15000006","E24000005","E30000272","E16000150","E07000241","26ULGX","E00121647","26ULGX","E65000001","E01023956","E02004986","5","1A3","E00121647","E01023956","E02004986","E33027643","E38000049","E63011463","C1","4A1",51.794513,-0.200912,"E37000048","","E23000027",12788,"E56000035","E54000025","E00121647","E01023956","E02004986"
"AL7 3RE","AL7  3RE","AL7 3RE","198001","","E10000015","E58000623","E07000241","E05011069","E43000083","0","524287","0212163","1","E18000006","E40000007","E92000001","E12000006","5","E14001573","E15000006","E24000005","E30000272","E16000150","E07000241","26ULGX","E00121633","26ULGX","E65000001","E01023956","E02004986","5","1B1","E00121633","E01023956","E02004986","E33027643","E38000049","E63011463","C1","4A1",51.794324,-0.199179,"E37000048","","E23000027",12788,"E56000035","E54000025","E00121633","E01023956","E02004986"
"AL7 3RF","AL7  3RF","AL7 3RF","198001","","E10000015","E58000623","E07000241","E05011069","E43000083","0","524140","0212079","1","E18000006","E40000007","E92000001","E12000006","5","E14001573","E15000006","E24000005","E30000272","E16000150","E07000241","26ULGX","E00121647","26ULGX","E65000001","E01023956","E02004986","5","1A3","E00121647","E01023956","E02004986","E33027643","E38000049","E63011463","C1","4A1",51.793602,-0.201340,"E37000048","","E23000027",12788,"E56000035","E54000025","E00121647","E01023956","E02004986"
"AL7 3RG","AL7  3RG","AL7 3RG","198001","","E10000015","E58000623","E07000241","E05011069","E43000083","0","524188","0212054","1","E18000006","E40000007","E92000001","E12000006","5","E14001573","E15000006","E24000005","E30000272","E16000150","E07000241","26ULGX","E00121647","26ULGX","E65000001","E01023956","E02004986","5","1A3","E00121647","E01023956","E02004986","E33027643","E38000049","E63011463","C1","4A1",51.793367,-0.200653,"E37000048","","E23000027",12788,"E56000035","E54000025","E00121647","E01023956","E02004986"
"AL7 3RH","AL7  3RH","AL7 3RH","198001","","E10000015","E58000623","E07000241","E05011069","E43000083","0","524309","0212070","1","E18000006","E40000007","E92000001","E12000006","5","E14001573","E15000006","E24000005","E30000272","E16000150","E07000241","26ULGX","E00121647","26ULGX","E65000001","E01023956","E02004986","5","1A3","E00121647","E01023956","E02004986","E33027643","E38000049","E63011463","C1","4A1",51.793484,-0.198894,"E37000048","","E23000027",12788,"E56000035","E54000025","E00121647","E01023956","E02004986"
"AL7 3RJ","AL7  3RJ","AL7 3RJ","198001","","E10000015","E58000623","E07000241","E05011069","E43000083","0","524344","0211938","1","E18000006","E40000007","E92000001","E12000006","5","E14001573","E15000006","E24000005","E30000272","E16000150","E07000241","26ULGX","E00121649","26ULGX","E65000001","E01023956","E02004986","5","1A3","E00121649","E01023956","E02004986","E33027643","E38000049","E63011463","C1","8D2",51.792290,-0.198434,"E37000048","","E23000027",12788,"E56000035","E54000025","E00121649","E01023956","E02004986"
"AL7 3RL","AL7  3RL","AL7 3RL","198001","","E10000015","E58000623","E07000241","E05011069","E43000083","0","524357","0211990","1","E18000006","E40000007","E92000001","E12000006","5","E14001573","E15000006","E24000005","E30000272","E16000150","E07000241","26ULGX","E00121649","26ULGX","E65000001","E01023956","E02004986","5","1A3","E00121649","E01023956","E02004986","E33027643","E38000049","E63011463","C1","8D2",51.792754,-0.198227,"E37000048","","E23000027",12788,"E56000035","E54000025","E00121649","E01023956","E02004986"
"AL7 3RN","AL7  3RN","AL7 3RN","198001","","E10000015","E58000623","E07000241","E05011069","E43000083","0","524374","0212082","1","E18000006","E40000007","E92000001","E12000006","5","E14001573","E15000006","E24000005","E30000272","E16000150","E07000241","26ULGX","E00121633","26ULGX","E65000001","E01023956","E02004986","5","1B1","E00121633","E01023956","E02004986","E33027643","E38000049","E63011463","C1","4A1",51.793577,-0.197947,"E37000048","","E23000027",12788,"E56000035","E54000025","E00121633","E01023956","E02004986"
"AL7 3RP","AL7  3RP","AL7 3RP","198001","","E10000015","E58000623","E07000241","E05011069","E43000083","0","524527","0212147","1","E18000006","E40000007","E92000001","E12000006","5","E14001573","E15000006","E24000005","E30000272","E16000150","E07000241","26ULGX","E00121648","26ULGX","E65000001","E01023957","E02004986","5","1A3","E00121648","E01023957","E02004986","E33027642","E38000049","E63011463","C1","4A1",51.794121,-0.195732,"E37000048","","E23000027",9709,"E56000035","E54000025","E00121648","E01023957","E02004986"
"AL7 3RQ","AL7  3RQ","AL7 3RQ","198001","","E10000015","E58000623","E07000241","E05011069","E43000083","0","524280","0212126","1","E18000006","E40000007","E92000001","E12000006","5","E14001573","E15000006","E24000005","E30000272","E16000150","E07000241","26ULGX","E00121647","26ULGX","E65000001","E01023956","E02004986","5","1A3","E00121647","E01023956","E02004986","E33027643","E38000049","E63011463","C1","4A1",51.793993,-0.199294,"E37000048","","E23000027",12788,"E56000035","E54000025","E00121647","E01023956","E02004986"
"AL7 3RR","AL7  3RR","AL7 3RR","198001","","E10000015","E58000623","E07000241","E05011069","E43000083","0","524840","0212177","1","E18000006","E40000007","E92000001","E12000006","5","E14001573","E15000006","E24000005","E30000272","E16000150","E07000241","26ULGX","E00121644","26ULGX","E65000001","E01023955","E02004986","5","1A3","E00121644","E01023955","E02004986","E33027642","E38000049","E63011463","C1","8D2",51.794327,-0.191160,"E37000048","","E23000027",11090,"E56000035","E54000025","E00121644","E01023955","E02004986"
"AL7 3RS","AL7  3RS","AL7 3RS","198001","","E10000015","E58000623","E07000241","E05011069","E43000083","0","524813","0212241","1","E18000006","E40000007","E92000001","E12000006","5","E14001573","E15000006","E24000005","E30000272","E16000150","E07000241","26ULGX","E00121644","26ULGX","E65000001","E01023955","E02004986","5","1A3","E00121644","E01023955","E02004986","E33027642","E38000049","E63011463","C1","8D2",51.794908,-0.191528,"E37000048","","E23000027",11090,"E56000035","E54000025","E00121644","E01023955","E02004986"
"AL7 3RT","AL7  3RT","AL7 3RT","198001","","E10000015","E58000623","E07000241","E05011069","E43000083","0","524901","0212305","1","E18000006","E40000007","E92000001","E12000006","5","E14001573","E15000006","E24000005","E30000272","E16000150","E07000241","26ULGX","E00121644","26ULGX","E65000001","E01023955","E02004986","5","1A3","E00121644","E01023955","E02004986","E33027642","E38000049","E63011463","C1","8D2",51.795464,-0.190230,"E37000048","","E23000027",11090,"E56000035","E54000025","E00121644","E01023955","E02004986"
"AL7 3RU","AL7  3RU","AL7 3RU","198001","","E10000015","E58000623","E07000241","E05011069","E43000083","0","524959","0212282","1","E18000006","E40000007","E92000001","E12000006","5","E14001573","E15000006","E24000005","E30000272","E16000150","E07000241","26ULGX","E00121644","26ULGX","E65000001","E01023955","E02004986","5","1A3","E00121644","E01023955","E02004986","E33027642","E38000049","E63011463","C1","8D2",51.795244,-0.189397,"E37000048","","E23000027",11090,"E56000035","E54000025","E00121644","E01023955","E02004986"
"AL7 3RW","AL7  3RW","AL7 3RW","198001","","E10000015","E58000623","E07000241","E05011069","E43000083","0","524579","0212077","1","E18000006","E40000007","E92000001","E12000006","5","E14001573","E15000006","E24000005","E30000272","E16000150","E07000241","26ULGX","E00121648","26ULGX","E65000001","E01023957","E02004986","5","1A3","E00121648","E01023957","E02004986","E33027642","E38000049","E63011463","C1","4A1",51.793487,-0.194978,"E37000048","","E23000027",9709,"E56000035","E54000025","E00121648","E01023957","E02004986"
"AL7 3RX","AL7  3RX","AL7 3RX","198001","","E10000015","E58000623","E07000241","E05011069","E43000083","0","524919","0212364","1","E18000006","E40000007","E92000001","E12000006","5","E14001573","E15000006","E24000005","E30000272","E16000150","E07000241","26ULGX","E00121636","26ULGX","E65000001","E01023958","E02004986","5","1A3","E00121636","E01023958","E02004986","E33027642","E38000049","E63011463","C1","7A3",51.795990,-0.189948,"E37000048","","E23000027",7219,"E56000035","E54000025","E00121636","E01023958","E02004986"
"AL7 3RY","AL7  3RY","AL7 3RY","198001","","E10000015","E58000623","E07000241","E05011069","E43000083","0","525068","0212381","1","E18000006","E40000007","E92000001","E12000006","5","E14001573","E15000006","E24000005","E30000272","E16000150","E07000241","26ULGX","E00121636","26ULGX","E65000001","E01023958","E02004986","5","1A3","E00121636","E01023958","E02004986","E33027642","E38000049","E63011463","C1","7A3",51.796110,-0.187782,"E37000048","","E23000027",7219,"E56000035","E54000025","E00121636","E01023958","E02004986"
"AL7 3RZ","AL7  3RZ","AL7 3RZ","198001","","E10000015","E58000623","E07000241","E05011069","E43000083","0","525165","0212502","1","E18000006","E40000007","E92000001","E12000006","5","E14001573","E15000006","E24000005","E30000272","E16000150","E07000241","26ULGX","E00121634","26ULGX","E65000001","E01023958","E02004986","5","1A3","E00121634","E01023958","E02004986","E33027642","E38000049","E63011463","C1","8D2",51.797169,-0.186358,"E37000048","","E23000027",7219,"E56000035","E54000025","E00121634","E01023958","E02004986"
"AL7 3SA","AL7  3SA","AL7 3SA","198001","","E10000015","E58000623","E07000241","E05011069","E43000083","0","525196","0212485","1","E18000006","E40000007","E92000001","E12000006","5","E14001573","E15000006","E24000005","E30000272","E16000150","E07000241","26ULGX","E00121634","26ULGX","E65000001","E01023958","E02004986","5","1A3","E00121634","E01023958","E02004986","E33027642","E38000049","E63011463","C1","8D2",51.797016,-0.185889,"E37000048","","E23000027",7219,"E56000035","E54000025","E00121634","E01023958","E02004986"
"AL7 3SB","AL7  3SB","AL7 3SB","198001","","E10000015","E58000623","E07000241","E05011069","E43000083","0","525060","0212312","1","E18000006","E40000007","E92000001","E12000006","5","E14001573","E15000006","E24000005","E30000272","E16000150","E07000241","26ULGX","E00121644","26ULGX","E65000001","E01023955","E02004986","5","1A3","E00121644","E01023955","E02004986","E33027642","E38000049","E63011463","C1","8D2",51.795491,-0.187923,"E37000048","","E23000027",11090,"E56000035","E54000025","E00121644","E01023955","E02004986"
"AL7 3SD","AL7  3SD","AL7 3SD","198001","","E10000015","E58000623","E07000241","E05011066","E43000083","0","524850","0212141","1","E18000006","E40000007","E92000001","E12000006","5","E14001573","E15000006","E24000005","E30000272","E16000150","E07000241","26ULGX","E00121644","26ULGX","E65000001","E01023955","E02004986","5","1A3","E00121644","E01023955","E02004986","E33027642","E38000049","E63011463","C1","8D2",51.794001,-0.191028,"E37000048","","E23000027",11090,"E56000035","E54000025","E00121644","E01023955","E02004986"
"AL7 3SE","AL7  3SE","AL7 3SE","198001","200505","E10000015","E58000623","E07000241","E05011069","E43000083","1","524177","0212040","1","E18000006","E40000007","E92000001","E12000006","5","E14001573","E15000006","E24000005","E30000272","E16000150","E07000241","26ULGX","E00121647","26ULGX","E65000001","E01023956","E02004986","5","1A3","E00121647","E01023956","E02004986","E33027643","E38000049","E63011463","C1","4A1",51.793237,-0.200842,"E37000048","","E23000027",12788,"E56000035","E54000025","E00121647","E01023956","E02004986"
"AL7 3SF","AL7  3SF","AL7 3SF","198307","","E10000015","E58000623","E07000241","E05011069","E43000083","0","524665","0212140","1","E18000006","E40000007","E92000001","E12000006","5","E14001573","E15000006","E24000005","E30000272","E16000150","E07000241","26ULGX","E00121648","26ULGX","E65000001","E01023957","E02004986","5","1A3","E00121648","E01023957","E02004986","E33027642","E38000049","E63011463","C1","4A1",51.794034,-0.193709,"E37000048","","E23000027",9709,"E56000035","E54000025","E00121648","E01023957","E02004986"
"AL7 3SH","AL7  3SH","AL7 3SH","198307","","E10000015","E58000623","E07000241","E05011069","E43000083","0","524083","0212328","1","E18000006","E40000007","E92000001","E12000006","5","E14001573","E15000006","E24000005","E30000272","E16000150","E07000241","26ULGX","E00121643","26ULGX","E65000001","E01023954","E02004986","5","5B3","E00121643","E01023954","E02004986","E33027643","E38000049","E63011463","C1","4A2",51.795846,-0.202102,"E37000048","","E23000027",7164,"E56000035","E54000025","E00121643","E01035605","E02004986"
"AL7 3SJ","AL7  3SJ","AL7 3SJ","198307","","E10000015","E58000623","E07000241","E05011069","E43000083","0","523989","0212170","1","E18000006","E40000007","E92000001","E12000006","5","E14001573","E15000006","E24000005","E30000272","E16000150","E07000241","26ULGX","E00121646","26ULGX","E65000001","E01023954","E02004986","5","7A2","E00121646","E01023954","E02004986","E33027643","E38000049","E63011463","C1","4A1",51.794447,-0.203521,"E37000048","","E23000027",7164,"E56000035","E54000025","E00121646","E01035605","E02004986"
"AL7 3SL","AL7  3SL","AL7 3SL","198001","199112","E10000015","E58000623","E07000241","E05011069","E43000083","0","524100","0212300","8","E18000006","E40000007","E92000001","E12000006","5","E14001573","E15000006","E24000005","E30000272","E16000150","E07000241","26ULGX","E00121643","26ULGX","E65000001","E01023954","E02004986","5","5B3","E00121643","E01023954","E02004986","E33027643","E38000049","E63011463","C1","4A2",51.795590,-0.201865,"E37000048","","E23000027",7164,"E56000035","E54000025","E00121643","E01035605","E02004986"
"AL7 3SN","AL7  3SN","AL7 3SN","198001","","E10000015","E58000623","E07000241","E05011069","E43000083","0","524131","0212333","1","E18000006","E40000007","E92000001","E12000006","5","E14001573","E15000006","E24000005","E30000272","E16000150","E07000241","26ULGX","E00121643","26ULGX","E65000001","E01023954","E02004986","5","5B3","E00121643","E01023954","E02004986","E33027643","E38000049","E63011463","C1","4A2",51.795880,-0.201404,"E37000048","","E23000027",7164,"E56000035","E54000025","E00121643","E01035605","E02004986"
"AL7 3SP","AL7  3SP","AL7 3SP","199002","200409","E10000015","E58000623","E07000241","E05011069","E43000083","1","524184","0212447","1","E18000006","E40000007","E92000001","E12000006","5","E14001573","E15000006","E24000005","E30000272","E16000150","E07000241","26ULGX","E00121641","26ULGX","E65000001","E01023954","E02004986","5","5B3","E00121641","E01023954","E02004986","E33027643","E38000049","E63011463","C1","4A3",51.796893,-0.200595,"E37000048","","E23000027",7164,"E56000035","E54000025","E00190256","E01035605","E02004986"
"AL7 3SQ","AL7  3SQ","AL7 3SQ","199109","199501","E10000015","E58000623","E07000241","E05011069","E43000083","1","524100","0212200","8","E18000006","E40000007","E92000001","E12000006","5","E14001573","E15000006","E24000005","E30000272","E16000150","E07000241","26ULGX","E00121647","26ULGX","E65000001","E01023956","E02004986","5","1A3","E00121647","E01023956","E02004986","E33027643","E38000049","E63011463","C1","4A1",51.794692,-0.201901,"E37000048","","E23000027",12788,"E56000035","E54000025","E00121647","E01023956","E02004986"
"AL7 3SR","AL7  3SR","AL7 3SR","198001","","E10000015","E58000623","E07000241","E05011069","E43000083","0","524044","0212341","1","E18000006","E40000007","E92000001","E12000006","5","E14001573","E15000006","E24000005","E30000272","E16000150","E07000241","26ULGX","E00121641","26ULGX","E65000001","E01023954","E02004986","5","5B3","E00121641","E01023954","E02004986","E33027643","E38000049","E63011463","C1","4A3",51.795978,-0.202638,"E37000048","","E23000027",7164,"E56000035","E54000025","E00190313","E01035605","E02004986"
"AL7 3SS","AL7  3SS","AL7 3SS","199002","199412","E10000015","E58000623","E07000241","E05011069","E43000083","1","524000","0212300","8","E18000006","E40000007","E92000001","E12000006","5","E14001573","E15000006","E24000005","E30000272","E16000150","E07000241","26ULGX","E00121643","26ULGX","E65000001","E01023954","E02004986","5","5B3","E00121643","E01023954","E02004986","E33027643","E38000049","E63011463","C1","4A2",51.795613,-0.203315,"E37000048","","E23000027",7164,"E56000035","E54000025","E00121643","E01035605","E02004986"
"AL7 3ST","AL7  3ST","AL7 3ST","198001","","E10000015","E58000623","E07000241","E05011069","E43000083","0","524015","0212298","1","E18000006","E40000007","E92000001","E12000006","5","E14001573","E15000006","E24000005","E30000272","E16000150","E07000241","26ULGX","E00121643","26ULGX","E65000001","E01023954","E02004986","5","5B3","E00121643","E01023954","E02004986","E33027643","E38000049","E63011463","C1","4A2",51.795598,-0.203073,"E37000048","","E23000027",7164,"E56000035","E54000025","E00121643","E01035605","E02004986"
"AL7 3SU","AL7  3SU","AL7 3SU","199002","199501","E10000015","E58000623","E07000241","E05011069","E43000083","1","523900","0212300","8","E18000006","E40000007","E92000001","E12000006","5","E14001573","E15000006","E24000005","E30000272","E16000150","E07000241","26ULGX","E00121639","26ULGX","E65000001","E01023954","E02004986","5","1C1","E00121639","E01023954","E02004986","E33027643","E38000049","E63011463","C1","4A1",51.795635,-0.204764,"E37000048","","E23000027",7164,"E56000035","E54000025","E00121639","E01035605","E02004986"
"AL7 3SW","AL7  3SW","AL7 3SW","199101","199405","E10000015","E58000623","E07000241","E05011069","E43000083","1","524100","0212400","8","E18000006","E40000007","E92000001","E12000006","5","E14001573","E15000006","E24000005","E30000272","E16000150","E07000241","26ULGX","E00121641","26ULGX","E65000001","E01023954","E02004986","5","5B3","E00121641","E01023954","E02004986","E33027643","E38000049","E63011463","C1","4A3",51.796489,-0.201830,"E37000048","","E23000027",7164,"E56000035","E54000025","E00190313","E01035605","E02004986"
"AL7 3SX","AL7  3SX","AL7 3SX","198001","","E10000015","E58000623","E07000241","E05011069","E43000083","0","523982","0212249","1","E18000006","E40000007","E92000001","E12000006","5","E14001573","E15000006","E24000005","E30000272","E16000150","E07000241","26ULGX","E00121646","26ULGX","E65000001","E01023954","E02004986","5","7A2","E00121646","E01023954","E02004986","E33027643","E38000049","E63011463","C1","4A1",51.795165,-0.203569,"E37000048","","E23000027",7164,"E56000035","E54000025","E00121646","E01035605","E02004986"
"AL7 3SY","AL7  3SY","AL7 3SY","198001","","E10000015","E58000623","E07000241","E05011069","E43000083","0","523831","0212136","1","E18000006","E40000007","E92000001","E12000006","5","E14001573","E15000006","E24000005","E30000272","E16000150","E07000241","26ULGX","E00121639","26ULGX","E65000001","E01023954","E02004986","5","1C1","E00121639","E01023954","E02004986","E33027643","E38000049","E63011463","C1","4A1",51.794183,-0.205798,"E37000048","","E23000027",7164,"E56000035","E54000025","E00121639","E01035605","E02004986"
"AL7 3SZ","AL7  3SZ","AL7 3SZ","198001","198312","E10000015","E58000623","E07000241","E05011069","E43000083","0","523800","0212100","8","E18000006","E40000007","E92000001","E12000006","5","E14001573","E15000006","E24000005","E30000272","E16000150","E07000241","26ULGX","E00121639","26ULGX","E65000001","E01023954","E02004986","5","1C1","E00121639","E01023954","E02004986","E33027643","E38000049","E63011463","C1","4A1",51.793860,-0.206285,"E37000048","","E23000027",7164,"E56000035","E54000025","E00121639","E01035605","E02004986"
"AL7 3TA","AL7  3TA","AL7 3TA","198001","199112","E10000015","E58000623","E07000241","E05011069","E43000083","0","524000","0212100","8","E18000006","E40000007","E92000001","E12000006","5","E14001573","E15000006","E24000005","E30000272","E16000150","E07000241","26ULGX","E00121646","26ULGX","E65000001","E01023954","E02004986","5","7A2","E00121646","E01023954","E02004986","E33027643","E38000049","E63011463","C1","4A1",51.793815,-0.203386,"E37000048","","E23000027",7164,"E56000035","E54000025","E00121646","E01035605","E02004986"
"AL7 3TB","AL7  3TB","AL7 3TB","198001","","E10000015","E58000623","E07000241","E05011069","E43000083","0","524018","0212049","1","E18000006","E40000007","E92000001","E12000006","5","E14001573","E15000006","E24000005","E30000272","E16000150","E07000241","26ULGX","E00121646","26ULGX","E65000001","E01023954","E02004986","5","7A2","E00121646","E01023954","E02004986","E33027643","E38000049","E63011463","C1","4A1",51.793360,-0.203119,"E37000048","","E23000027",7164,"E56000035","E54000025","E00121646","E01035605","E02004986"
"AL7 3TD","AL7  3TD","AL7 3TD","198001","","E10000015","E58000623","E07000241","E05011069","E43000083","0","524048","0212115","1","E18000006","E40000007","E92000001","E12000006","5","E14001573","E15000006","E24000005","E30000272","E16000150","E07000241","26ULGX","E00121646","26ULGX","E65000001","E01023954","E02004986","5","7A2","E00121646","E01023954","E02004986","E33027643","E38000049","E63011463","C1","4A1",51.793946,-0.202660,"E37000048","","E23000027",7164,"E56000035","E54000025","E00121646","E01035605","E02004986"
"AL7 3TE","AL7  3TE","AL7 3TE","198001","","E10000015","E58000623","E07000241","E05011069","E43000083","0","524052","0211832","1","E18000006","E40000007","E92000001","E12000006","5","E14001573","E15000006","E24000005","E30000272","E16000150","E07000241","26ULGS","E00121561","26ULGS","E65000001","E01023940","E02004988","5","5B1","E00121561","E01023940","E02004988","E33027650","E38000049","E63011463","C1","7C1",51.791402,-0.202703,"E37000048","","E23000027",19175,"E56000035","E54000025","E00121561","E01023940","E02004988"
"AL7 3TF","AL7  3TF","AL7 3TF","198001","","E10000015","E58000623","E07000241","E05011069","E43000083","0","524114","0211901","1","E18000006","E40000007","E92000001","E12000006","5","E14001573","E15000006","E24000005","E30000272","E16000150","E07000241","26ULGS","E00121559","26ULGS","E65000001","E01023940","E02004988","5","6D1","E00121559","E01023940","E02004988","E33027649","E38000049","E63011463","C1","5A3",51.792008,-0.201780,"E37000048","","E23000027",19175,"E56000035","E54000025","E00121559","E01023940","E02004988"
"AL7 3TG","AL7  3TG","AL7 3TG","198001","","E10000015","E58000623","E07000241","E05011069","E43000083","0","524128","0211949","1","E18000006","E40000007","E92000001","E12000006","5","E14001573","E15000006","E24000005","E30000272","E16000150","E07000241","26ULGS","E00121559","26ULGS","E65000001","E01023940","E02004988","5","6D1","E00121559","E01023940","E02004988","E33027649","E38000049","E63011463","C1","5A3",51.792437,-0.201560,"E37000048","","E23000027",19175,"E56000035","E54000025","E00121559","E01023940","E02004988"
"AL7 3TH","AL7  3TH","AL7 3TH","198001","","E10000015","E58000623","E07000241","E05011069","E43000083","0","524221","0211860","1","E18000006","E40000007","E92000001","E12000006","5","E14001573","E15000006","E24000005","E30000272","E16000150","E07000241","26ULGS","E00121559","26ULGS","E65000001","E01023940","E02004988","5","6D1","E00121559","E01023940","E02004988","E33027649","E38000049","E63011463","C1","5A3",51.791616,-0.200244,"E37000048","","E23000027",19175,"E56000035","E54000025","E00121559","E01023940","E02004988"
"AL7 3TJ","AL7  3TJ","AL7 3TJ","198001","","E10000015","E58000623","E07000241","E05011069","E43000083","0","524343","0211853","1","E18000006","E40000007","E92000001","E12000006","5","E14001573","E15000006","E24000005","E30000272","E16000150","E07000241","26ULGX","E00121649","26ULGX","E65000001","E01023956","E02004986","5","1A3","E00121649","E01023956","E02004986","E33027643","E38000049","E63011463","C1","8D2",51.791526,-0.198479,"E37000048","","E23000027",12788,"E56000035","E54000025","E00121649","E01023956","E02004986"
"AL7 3TL","AL7  3TL","AL7 3TL","198001","","E10000015","E58000623","E07000241","E05011069","E43000083","0","524299","0211912","1","E18000006","E40000007","E92000001","E12000006","5","E14001573","E15000006","E24000005","E30000272","E16000150","E07000241","26ULGX","E00121649","26ULGX","E65000001","E01023956","E02004986","5","1A3","E00121649","E01023956","E02004986","E33027643","E38000049","E63011463","C1","8D2",51.792066,-0.199095,"E37000048","","E23000027",12788,"E56000035","E54000025","E00121649","E01023956","E02004986"
"AL7 3TN","AL7  3TN","AL7 3TN","198001","","E10000015","E58000623","E07000241","E05011069","E43000083","0","524437","0211899","1","E18000006","E40000007","E92000001","E12000006","5","E14001573","E15000006","E24000005","E30000272","E16000150","E07000241","26ULGX","E00121652","26ULGX","E65000001","E01023957","E02004986","5","7A2","E00121652","E01023957","E02004986","E33027642","E38000049","E63011463","C1","4A2",51.791919,-0.197100,"E37000048","","E23000027",9709,"E56000035","E54000025","E00121652","E01023957","E02004986"
"AL7 3TP","AL7  3TP","AL7 3TP","198001","","E10000015","E58000623","E07000241","E05011069","E43000083","0","524317","0211768","1","E18000006","E40000007","E92000001","E12000006","5","E14001573","E15000006","E24000005","E30000272","E16000150","E07000241","26ULGS","E00121559","26ULGS","E65000001","E01023940","E02004988","5","6D1","E00121559","E01023940","E02004988","E33027649","E38000049","E63011463","C1","5A3",51.790768,-0.198886,"E37000048","","E23000027",19175,"E56000035","E54000025","E00121559","E01023940","E02004988"
"AL7 3TQ","AL7  3TQ","AL7 3TQ","198001","","E10000015","E58000623","E07000241","E05011069","E43000083","0","524243","0211979","1","E18000006","E40000007","E92000001","E12000006","5","E14001573","E15000006","E24000005","E30000272","E16000150","E07000241","26ULGX","E00121649","26ULGX","E65000001","E01023956","E02004986","5","1A3","E00121649","E01023956","E02004986","E33027643","E38000049","E63011463","C1","8D2",51.792681,-0.199883,"E37000048","","E23000027",12788,"E56000035","E54000025","E00121649","E01023956","E02004986"
"AL7 3TR","AL7  3TR","AL7 3TR","198001","","E10000015","E58000676","E07000241","E05011065","E43000083","0","524258","0211749","1","E18000006","E40000007","E92000001","E12000006","5","E14001573","E15000006","E24000005","E30000272","E16000150","E07000241","26ULGS","E00121559","26ULGS","E65000001","E01023940","E02004988","5","6D1","E00121559","E01023940","E02004988","E33027649","E38000049","E63011463","C1","5A3",51.790610,-0.199748,"E37000048","","E23000027",19175,"E56000035","E54000025","E00121559","E01023940","E02004988"
"AL7 3TS","AL7  3TS","AL7 3TS","198307","","E10000015","E58000623","E07000241","E05011069","E43000083","0","523897","0212277","1","E18000006","E40000007","E92000001","E12000006","5","E14001573","E15000006","E24000005","E30000272","E16000150","E07000241","26ULGX","E00121639","26ULGX","E65000001","E01023954","E02004986","5","1C1","E00121639","E01023954","E02004986","E33027643","E38000049","E63011463","C1","4A1",51.795435,-0.204791,"E37000048","","E23000027",7164,"E56000035","E54000025","E00121639","E01035605","E02004986"
"AL7 3TT","AL7  3TT","AL7 3TT","198307","","E10000015","E58000623","E07000241","E05011069","E43000083","0","524049","0212435","1","E18000006","E40000007","E92000001","E12000006","5","E14001573","E15000006","E24000005","E30000272","E16000150","E07000241","26ULGX","E00121641","26ULGX","E65000001","E01023954","E02004986","5","5B3","E00121641","E01023954","E02004986","E33027643","E38000049","E63011463","C1","4A3",51.796815,-0.202556,"E37000048","","E23000027",7164,"E56000035","E54000025","E00190313","E01035605","E02004986"
"AL7 3TU","AL7  3TU","AL7 3TU","198307","","E10000015","E58000623","E07000241","E05011069","E43000083","0","523958","0212321","1","E18000006","E40000007","E92000001","E12000006","5","E14001573","E15000006","E24000005","E30000272","E16000150","E07000241","26ULGX","E00121641","26ULGX","E65000001","E01023954","E02004986","5","5B3","E00121641","E01023954","E02004986","E33027643","E38000049","E63011463","C1","4A3",51.795817,-0.203891,"E37000048","","E23000027",7164,"E56000035","E54000025","E00190313","E01035605","E02004986"
"AL7 3TW","AL7  3TW","AL7 3TW","198001","","E10000015","E58000623","E07000241","E05011069","E43000083","0","524367","0211826","1","E18000006","E40000007","E92000001","E12000006","5","E14001573","E15000006","E24000005","E30000272","E16000150","E07000241","26ULGX","E00121652","26ULGX","E65000001","E01023957","E02004986","5","7A2","E00121652","E01023957","E02004986","E33027642","E38000049","E63011463","C1","4A2",51.791278,-0.198140,"E37000048","","E23000027",9709,"E56000035","E54000025","E00121652","E01023957","E02004986"
"AL7 3UA","AL7  3UA","AL7 3UA","198001","","E10000015","E58000623","E07000241","E05011069","E43000083","0","524549","0212775","1","E18000006","E40000007","E92000001","E12000006","5","E14001573","E15000006","E24000005","E30000272","E16000150","E07000241","26ULGX","E00121637","26ULGX","E65000001","E01023954","E02004986","5","5B2","E00121637","E01023954","E02004986","E33024503","E38000049","E63011463","C1","7A3",51.799766,-0.195163,"E37000048","","E23000027",7164,"E56000035","E54000025","E00190340","E01035604","E02004986"
"AL7 3UB","AL7  3UB","AL7 3UB","198001","","E10000015","E58000623","E07000241","E05011069","E43000083","1","524458","0212910","1","E18000006","E40000007","E92000001","E12000006","5","E14001573","E15000006","E24000005","E30000272","E16000150","E07000241","26ULGX","E00121637","26ULGX","E65000001","E01023954","E02004986","5","5B2","E00121637","E01023954","E02004986","E33024503","E38000049","E63011463","C1","7A3",51.800993,-0.196458,"E37000048","","E23000027",7164,"E56000035","E54000025","E00190340","E01035604","E02004986"
"AL7 3UD","AL7  3UD","AL7 3UD","198001","","E10000015","E58000623","E07000241","E05011069","E43000083","0","524506","0212795","1","E18000006","E40000007","E92000001","E12000006","5","E14001573","E15000006","E24000005","E30000272","E16000150","E07000241","26ULGX","E00121637","26ULGX","E65000001","E01023954","E02004986","5","5B2","E00121637","E01023954","E02004986","E33024503","E38000049","E63011463","C1","7A3",51.799955,-0.195779,"E37000048","","E23000027",7164,"E56000035","E54000025","E00190340","E01035604","E02004986"
"AL7 3UE","AL7  3UE","AL7 3UE","198001","","E10000015","E58000623","E07000241","E05011069","E43000083","0","524633","0212730","1","E18000006","E40000007","E92000001","E12000006","5","E14001573","E15000006","E24000005","E30000272","E16000150","E07000241","26ULGX","E00121637","26ULGX","E65000001","E01023954","E02004986","5","5B2","E00121637","E01023954","E02004986","E33024503","E38000049","E63011463","C1","7A3",51.799343,-0.193962,"E37000048","","E23000027",7164,"E56000035","E54000025","E00190264","E01035604","E02004986"
"AL7 3UH","AL7  3UH","AL7 3UH","198001","","E10000015","E58000623","E07000241","E05011069","E43000083","0","524487","0212651","1","E18000006","E40000007","E92000001","E12000006","5","E14001573","E15000006","E24000005","E30000272","E16000150","E07000241","26ULGX","E00121637","26ULGX","E65000001","E01023954","E02004986","5","5B2","E00121637","E01023954","E02004986","E33024502","E38000049","E63011463","C1","7A3",51.798665,-0.196106,"E37000048","","E23000027",7164,"E56000035","E54000025","E00190340","E01035604","E02004986"
"AL7 3UJ","AL7  3UJ","AL7 3UJ","198001","","E10000015","E58000623","E07000241","E05011069","E43000083","1","524364","0212468","1","E18000006","E40000007","E92000001","E12000006","5","E14001573","E15000006","E24000005","E30000272","E16000150","E07000241","26ULGX","E00121637","26ULGX","E65000001","E01023954","E02004986","5","5B2","E00121637","E01023954","E02004986","E33024502","E38000049","E63011463","C1","7A3",51.797042,-0.197979,"E37000048","","E23000027",7164,"E56000035","E54000025","E00190340","E01035604","E02004986"
"AL7 3UL","AL7  3UL","AL7 3UL","198001","","E10000015","E58000623","E07000241","E05011069","E43000083","1","524408","0212569","1","E18000006","E40000007","E92000001","E12000006","5","E14001573","E15000006","E24000005","E30000272","E16000150","E07000241","26ULGX","E00121637","26ULGX","E65000001","E01023954","E02004986","5","5B2","E00121637","E01023954","E02004986","E33024502","E38000049","E63011463","C1","7A3",51.797940,-0.197305,"E37000048","","E23000027",7164,"E56000035","E54000025","E00190340","E01035604","E02004986"
"AL7 3UN","AL7  3UN","AL7 3UN","198001","","E10000015","E58000623","E07000241","E05011069","E43000083","0","524485","0212574","1","E18000006","E40000007","E92000001","E12000006","5","E14001573","E15000006","E24000005","E30000272","E16000150","E07000241","26ULGX","E00121637","26ULGX","E65000001","E01023954","E02004986","5","5B2","E00121637","E01023954","E02004986","E33024502","E38000049","E63011463","C1","7A3",51.797974,-0.196163,"E37000048","","E23000027",7164,"E56000035","E54000025","E00190340","E01035604","E02004986"
"AL7 3UP","AL7  3UP","AL7 3UP","198001","","E10000015","E58000623","E07000241","E05011069","E43000083","0","524389","0212525","1","E18000006","E40000007","E92000001","E12000006","5","E14001573","E15000006","E24000005","E30000272","E16000150","E07000241","26ULGX","E00121637","26ULGX","E65000001","E01023954","E02004986","5","5B2","E00121637","E01023954","E02004986","E33024502","E38000049","E63011463","C1","7A3",51.797548,-0.197596,"E37000048","","E23000027",7164,"E56000035","E54000025","E00190340","E01035604","E02004986"
"AL7 3UQ","AL7  3UQ","AL7 3UQ","198001","","E10000015","E58000623","E07000241","E05011069","E43000083","0","524410","0212817","1","E18000006","E40000007","E92000001","E12000006","5","E14001573","E15000006","E24000005","E30000272","E16000150","E07000241","26ULGX","E00121637","26ULGX","E65000001","E01023954","E02004986","5","5B2","E00121637","E01023954","E02004986","E33024502","E38000049","E63011463","C1","7A3",51.800168,-0.197187,"E37000048","","E23000027",7164,"E56000035","E54000025","E00190340","E01035604","E02004986"
"AL7 3UR","AL7  3UR","AL7 3UR","198001","199012","E10000015","E58000623","E07000241","E05011069","E43000083","1","524300","0212400","8","E18000006","E40000007","E92000001","E12000006","5","E14001573","E15000006","E24000005","E30000272","E16000150","E07000241","26ULGX","E00121641","26ULGX","E65000001","E01023954","E02004986","5","5B3","E00121641","E01023954","E02004986","E33027643","E38000049","E63011463","C1","4A3",51.796445,-0.198931,"E37000048","","E23000027",7164,"E56000035","E54000025","E00190256","E01035605","E02004986"
"AL7 3UT","AL7  3UT","AL7 3UT","198001","199012","E10000015","E58000623","E07000241","E05011069","E43000083","1","524300","0212400","8","E18000006","E40000007","E92000001","E12000006","5","E14001573","E15000006","E24000005","E30000272","E16000150","E07000241","26ULGX","E00121641","26ULGX","E65000001","E01023954","E02004986","5","5B3","E00121641","E01023954","E02004986","E33027643","E38000049","E63011463","C1","4A3",51.796445,-0.198931,"E37000048","","E23000027",7164,"E56000035","E54000025","E00190256","E01035605","E02004986"
"AL7 3UU","AL7  3UU","AL7 3UU","198001","","E10000015","E58000623","E07000241","E05011069","E43000083","0","524429","0212367","1","E18000006","E40000007","E92000001","E12000006","5","E14001573","E15000006","E24000005","E30000272","E16000150","E07000241","26ULGX","E00121633","26ULGX","E65000001","E01023956","E02004986","5","1B1","E00121633","E01023956","E02004986","E33027643","E38000049","E63011463","C1","4A1",51.796120,-0.197073,"E37000048","","E23000027",12788,"E56000035","E54000025","E00121633","E01023956","E02004986"
"AL7 3UW","AL7  3UW","AL7 3UW","199706","","E10000015","E58000623","E07000241","E05011069","E43000083","0","524390","0212680","1","E18000006","E40000007","E92000001","E12000006","5","E14001573","E15000006","E24000005","E30000272","E16000150","E07000241","26ULGX","E00121637","26ULGX","E65000001","E01023954","E02004986","5","5B2","E00121637","E01023954","E02004986","E33024502","E38000049","E63011463","C1","7A3",51.798941,-0.197526,"E37000048","","E23000027",7164,"E56000035","E54000025","E00190340","E01035604","E02004986"
"AL7 3UX","AL7  3UX","AL7 3UX","198001","","E10000015","E58000623","E07000241","E05011069","E43000083","0","524433","0212225","1","E18000006","E40000007","E92000001","E12000006","5","E14001573","E15000006","E24000005","E30000272","E16000150","E07000241","26ULGX","E00121633","26ULGX","E65000001","E01023956","E02004986","5","1B1","E00121633","E01023956","E02004986","E33027643","E38000049","E63011463","C1","4A1",51.794849,-0.197041,"E37000048","","E23000027",12788,"E56000035","E54000025","E00121633","E01023956","E02004986"
"AL7 3UZ","AL7  3UZ","AL7 3UZ","198001","","E10000015","E58000623","E07000241","E05011069","E43000083","0","524502","0212335","1","E18000006","E40000007","E92000001","E12000006","5","E14001573","E15000006","E24000005","E30000272","E16000150","E07000241","26ULGX","E00121645","26ULGX","E65000001","E01023957","E02004986","5","6D1","E00121645","E01023957","E02004986","E33027642","E38000049","E63011463","C1","4A2",51.795822,-0.196002,"E37000048","","E23000027",9709,"E56000035","E54000025","E00121645","E01023957","E02004986"
"AL7 3WA","AL7  3WA","AL7 3WA","200112","200602","E10000015","E58000623","E07000241","E05011069","E43000083","1","524505","0212336","5","E18000006","E40000007","E92000001","E12000006","5","E14001573","E15000006","E24000005","E30000272","E16000150","E07000241","26ULGX","E00121645","26ULGX","E65000001","E01023957","E02004986","5","6D1","E00121645","E01023957","E02004986","E33027642","E38000049","E63011463","C1","4A2",51.795824,-0.195983,"E37000048","","E23000027",9709,"E56000035","E54000025","E00121645","E01023957","E02004986"
"AL7 3WB","AL7  3WB","AL7 3WB","200112","200402","E10000015","E58000623","E07000241","E05011069","E43000083","1","524505","0212336","5","E18000006","E40000007","E92000001","E12000006","5","E14001573","E15000006","E24000005","E30000272","E16000150","E07000241","26ULGX","E00121645","26ULGX","E65000001","E01023957","E02004986","5","6D1","E00121645","E01023957","E02004986","E33027642","E38000049","E63011463","C1","4A2",51.795824,-0.195983,"E37000048","","E23000027",9709,"E56000035","E54000025","E00121645","E01023957","E02004986"
"AL7 3WD","AL7  3WD","AL7 3WD","200608","200803","E10000015","E58000623","E07000241","E05011069","E43000083","1","524487","0213299","1","E18000006","E40000007","E92000001","E12000006","5","E14001573","E15000006","E24000005","E30000272","E16000150","E07000241","26ULGX","E00121637","26ULGX","E65000001","E01023954","E02004986","5","5B2","E00121637","E01023954","E02004986","E33024496","E38000049","E63011463","C1","7A3",51.804482,-0.195898,"E37000048","","E23000027",7164,"E56000035","E54000025","E00190264","E01035604","E02004986"
"AL7 3WE","AL7  3WE","AL7 3WE","200112","200402","E10000015","E58000623","E07000241","E05011069","E43000083","1","524505","0212336","5","E18000006","E40000007","E92000001","E12000006","5","E14001573","E15000006","E24000005","E30000272","E16000150","E07000241","26ULGX","E00121645","26ULGX","E65000001","E01023957","E02004986","5","6D1","E00121645","E01023957","E02004986","E33027642","E38000049","E63011463","C1","4A2",51.795824,-0.195983,"E37000048","","E23000027",9709,"E56000035","E54000025","E00121645","E01023957","E02004986"
"AL7 3WP","AL7  3WP","AL7 3WP","199706","200101","E10000015","E58000623","E07000241","E05011069","E43000083","1","524857","0212190","6","E18000006","E40000007","E92000001","E12000006","5","E14001573","E15000006","E24000005","E30000272","E16000150","E07000241","26ULGX","E00121644","26ULGX","E65000001","E01023955","E02004986","5","1A3","E00121644","E01023955","E02004986","E33027642","E38000049","E63011463","C1","8D2",51.794434,-0.190934,"E37000048","","E23000027",11090,"E56000035","E54000025","E00121644","E01023955","E02004986"
"AL7 3WZ","AL7  3WZ","AL7 3WZ","200411","200603","E10000015","E58000623","E07000241","E05011069","E43000083","1","524505","0212336","5","E18000006","E40000007","E92000001","E12000006","5","E14001573","E15000006","E24000005","E30000272","E16000150","E07000241","26ULGX","E00121645","26ULGX","E65000001","E01023957","E02004986","5","6D1","E00121645","E01023957","E02004986","E33027642","E38000049","E63011463","C1","4A2",51.795824,-0.195983,"E37000048","","E23000027",9709,"E56000035","E54000025","E00121645","E01023957","E02004986"
"AL7 3XA","AL7  3XA","AL7 3XA","198001","","E10000015","E58000623","E07000241","E05011069","E43000083","0","524457","0212026","1","E18000006","E40000007","E92000001","E12000006","5","E14001573","E15000006","E24000005","E30000272","E16000150","E07000241","26ULGX","E00121648","26ULGX","E65000001","E01023957","E02004986","5","1A3","E00121648","E01023957","E02004986","E33027642","E38000049","E63011463","C1","4A1",51.793049,-0.196790,"E37000048","","E23000027",9709,"E56000035","E54000025","E00121648","E01023957","E02004986"
"AL7 3XB","AL7  3XB","AL7 3XB","198001","","E10000015","E58000623","E07000241","E05011069","E43000083","0","524486","0211936","1","E18000006","E40000007","E92000001","E12000006","5","E14001573","E15000006","E24000005","E30000272","E16000150","E07000241","26ULGX","E00121652","26ULGX","E65000001","E01023957","E02004986","5","7A2","E00121652","E01023957","E02004986","E33027642","E38000049","E63011463","C1","4A2",51.792240,-0.196376,"E37000048","","E23000027",9709,"E56000035","E54000025","E00121652","E01023957","E02004986"
"AL7 3XD","AL7  3XD","AL7 3XD","198001","","E10000015","E58000623","E07000241","E05011069","E43000083","0","524461","0211869","1","E18000006","E40000007","E92000001","E12000006","5","E14001573","E15000006","E24000005","E30000272","E16000150","E07000241","26ULGX","E00121652","26ULGX","E65000001","E01023957","E02004986","5","7A2","E00121652","E01023957","E02004986","E33027642","E38000049","E63011463","C1","4A2",51.791644,-0.196763,"E37000048","","E23000027",9709,"E56000035","E54000025","E00121652","E01023957","E02004986"
"AL7 3XE","AL7  3XE","AL7 3XE","198001","","E10000015","E58000623","E07000241","E05011069","E43000083","0","524412","0211998","1","E18000006","E40000007","E92000001","E12000006","5","E14001573","E15000006","E24000005","E30000272","E16000150","E07000241","26ULGX","E00121652","26ULGX","E65000001","E01023957","E02004986","5","7A2","E00121652","E01023957","E02004986","E33027642","E38000049","E63011463","C1","4A2",51.792814,-0.197427,"E37000048","","E23000027",9709,"E56000035","E54000025","E00121652","E01023957","E02004986"
"AL7 3XF","AL7  3XF","AL7 3XF","198001","","E10000015","E58000623","E07000241","E05011069","E43000083","0","524395","0212253","1","E18000006","E40000007","E92000001","E12000006","5","E14001573","E15000006","E24000005","E30000272","E16000150","E07000241","26ULGX","E00121633","26ULGX","E65000001","E01023956","E02004986","5","1B1","E00121633","E01023956","E02004986","E33027643","E38000049","E63011463","C1","4A1",51.795109,-0.197582,"E37000048","","E23000027",12788,"E56000035","E54000025","E00121633","E01023956","E02004986"
"AL7 3XG","AL7  3XG","AL7 3XG","198001","","E10000015","E58000623","E07000241","E05011069","E43000083","0","524327","0212206","1","E18000006","E40000007","E92000001","E12000006","5","E14001573","E15000006","E24000005","E30000272","E16000150","E07000241","26ULGX","E00121633","26ULGX","E65000001","E01023956","E02004986","5","1B1","E00121633","E01023956","E02004986","E33027643","E38000049","E63011463","C1","4A1",51.794702,-0.198584,"E37000048","","E23000027",12788,"E56000035","E54000025","E00121633","E01023956","E02004986"
"AL7 3XH","AL7  3XH","AL7 3XH","198001","","E10000015","E58000623","E07000241","E05011069","E43000083","0","524360","0212301","1","E18000006","E40000007","E92000001","E12000006","5","E14001573","E15000006","E24000005","E30000272","E16000150","E07000241","26ULGX","E00121642","26ULGX","E65000001","E01023956","E02004986","5","1B2","E00121642","E01023956","E02004986","E33027643","E38000049","E63011463","C1","4A1",51.795548,-0.198072,"E37000048","","E23000027",12788,"E56000035","E54000025","E00121642","E01023956","E02004986"
"AL7 3XJ","AL7  3XJ","AL7 3XJ","198001","","E10000015","E58000623","E07000241","E05011069","E43000083","0","524250","0212248","1","E18000006","E40000007","E92000001","E12000006","5","E14001573","E15000006","E24000005","E30000272","E16000150","E07000241","26ULGX","E00121642","26ULGX","E65000001","E01023956","E02004986","5","1B2","E00121642","E01023956","E02004986","E33027643","E38000049","E63011463","C1","4A1",51.795096,-0.199685,"E37000048","","E23000027",12788,"E56000035","E54000025","E00121642","E01023956","E02004986"
"AL7 3XL","AL7  3XL","AL7 3XL","198001","","E10000015","E58000623","E07000241","E05011069","E43000083","0","524226","0212245","1","E18000006","E40000007","E92000001","E12000006","5","E14001573","E15000006","E24000005","E30000272","E16000150","E07000241","26ULGX","E00121642","26ULGX","E65000001","E01023956","E02004986","5","1B2","E00121642","E01023956","E02004986","E33027643","E38000049","E63011463","C1","4A1",51.795075,-0.200034,"E37000048","","E23000027",12788,"E56000035","E54000025","E00121642","E01023956","E02004986"
"AL7 3XN","AL7  3XN","AL7 3XN","198001","","E10000015","E58000623","E07000241","E05011069","E43000083","0","524102","0212142","1","E18000006","E40000007","E92000001","E12000006","5","E14001573","E15000006","E24000005","E30000272","E16000150","E07000241","26ULGX","E00121647","26ULGX","E65000001","E01023956","E02004986","5","1A3","E00121647","E01023956","E02004986","E33027643","E38000049","E63011463","C1","4A1",51.794177,-0.201868,"E37000048","","E23000027",12788,"E56000035","E54000025","E00121647","E01023956","E02004986"
"AL7 3XP","AL7  3XP","AL7 3XP","199002","","E10000015","E58000623","E07000241","E05011069","E43000083","0","524524","0212273","1","E18000006","E40000007","E92000001","E12000006","5","E14001573","E15000006","E24000005","E30000272","E16000150","E07000241","26ULGX","E00121645","26ULGX","E65000001","E01023957","E02004986","5","6D1","E00121645","E01023957","E02004986","E33027642","E38000049","E63011463","C1","4A2",51.795260,-0.195705,"E37000048","","E23000027",9709,"E56000035","E54000025","E00121645","E01023957","E02004986"
"AL7 3XQ","AL7  3XQ","AL7 3XQ","199002","199212","E10000015","E58000623","E07000241","E05011069","E43000083","1","524300","0212200","8","E18000006","E40000007","E92000001","E12000006","5","E14001573","E15000006","E24000005","E30000272","E16000150","E07000241","26ULGX","E00121633","26ULGX","E65000001","E01023956","E02004986","5","1B1","E00121633","E01023956","E02004986","E33027643","E38000049","E63011463","C1","4A1",51.794647,-0.199003,"E37000048","","E23000027",12788,"E56000035","E54000025","E00121633","E01023956","E02004986"
"AL7 3XR","AL7  3XR","AL7 3XR","200006","200604","E10000015","E58000623","E07000241","E05011069","E43000083","1","524487","0213299","1","E18000006","E40000007","E92000001","E12000006","5","E14001573","E15000006","E24000005","E30000272","E16000150","E07000241","26ULGX","E00121637","26ULGX","E65000001","E01023954","E02004986","5","5B2","E00121637","E01023954","E02004986","E33024496","E38000049","E63011463","C1","7A3",51.804482,-0.195898,"E37000048","","E23000027",7164,"E56000035","E54000025","E00190264","E01035604","E02004986"
"AL7 3XS","AL7  3XS","AL7 3XS","200206","200303","E10000015","E58000623","E07000241","E05011069","E43000083","1","524487","0213299","5","E18000006","E40000007","E92000001","E12000006","5","E14001573","E15000006","E24000005","E30000272","E16000150","E07000241","26ULGX","E00121637","26ULGX","E65000001","E01023954","E02004986","5","5B2","E00121637","E01023954","E02004986","E33024496","E38000049","E63011463","C1","7A3",51.804482,-0.195898,"E37000048","","E23000027",7164,"E56000035","E54000025","E00190264","E01035604","E02004986"
"AL7 3XT","AL7  3XT","AL7 3XT","200206","200303","E10000015","E58000623","E07000241","E05011069","E43000083","1","524487","0213299","5","E18000006","E40000007","E92000001","E12000006","5","E14001573","E15000006","E24000005","E30000272","E16000150","E07000241","26ULGX","E00121637","26ULGX","E65000001","E01023954","E02004986","5","5B2","E00121637","E01023954","E02004986","E33024496","E38000049","E63011463","C1","7A3",51.804482,-0.195898,"E37000048","","E23000027",7164,"E56000035","E54000025","E00190264","E01035604","E02004986"
"AL7 3XU","AL7  3XU","AL7 3XU","200206","200307","E10000015","E58000623","E07000241","E05011069","E43000083","1","524487","0213299","5","E18000006","E40000007","E92000001","E12000006","5","E14001573","E15000006","E24000005","E30000272","E16000150","E07000241","26ULGX","E00121637","26ULGX","E65000001","E01023954","E02004986","5","5B2","E00121637","E01023954","E02004986","E33024496","E38000049","E63011463","C1","7A3",51.804482,-0.195898,"E37000048","","E23000027",7164,"E56000035","E54000025","E00190264","E01035604","E02004986"
"AL7 3XW","AL7  3XW","AL7 3XW","198001","","E10000015","E58000623","E07000241","E05011069","E43000083","0","524246","0212324","1","E18000006","E40000007","E92000001","E12000006","5","E14001573","E15000006","E24000005","E30000272","E16000150","E07000241","26ULGX","E00121642","26ULGX","E65000001","E01023956","E02004986","5","1B2","E00121642","E01023956","E02004986","E33027643","E38000049","E63011463","C1","4A1",51.795780,-0.199716,"E37000048","","E23000027",12788,"E56000035","E54000025","E00121642","E01023956","E02004986"
"AL7 3YA","AL7  3YA","AL7 3YA","199806","200006","E10000015","E58000623","E07000241","E05011069","E43000083","1","524857","0212190","6","E18000006","E40000007","E92000001","E12000006","5","E14001573","E15000006","E24000005","E30000272","E16000150","E07000241","26ULGX","E00121644","26ULGX","E65000001","E01023955","E02004986","5","1A3","E00121644","E01023955","E02004986","E33027642","E38000049","E63011463","C1","8D2",51.794434,-0.190934,"E37000048","","E23000027",11090,"E56000035","E54000025","E00121644","E01023955","E02004986"
"AL7 3YN","AL7  3YN","AL7 3YN","200402","200507","E10000015","E58000623","E07000241","E05011069","E43000083","1","524263","0212345","5","E18000006","E40000007","E92000001","E12000006","5","E14001573","E15000006","E24000005","E30000272","E16000150","E07000241","26ULGX","E00121642","26ULGX","E65000001","E01023956","E02004986","5","1B2","E00121642","E01023956","E02004986","E33027643","E38000049","E63011463","C1","4A1",51.795959,-0.199487,"E37000048","","E23000027",12788,"E56000035","E54000025","E00121642","E01023956","E02004986"
"AL7 3YZ","AL7  3YZ","AL7 3YZ","200706","200707","E10000015","E58000623","E07000241","E05011069","E43000083","1","524487","0213299","1","E18000006","E40000007","E92000001","E12000006","5","E14001573","E15000006","E24000005","E30000272","E16000150","E07000241","26ULGX","E00121637","26ULGX","E65000001","E01023954","E02004986","5","5B2","E00121637","E01023954","E02004986","E33024496","E38000049","E63011463","C1","7A3",51.804482,-0.195898,"E37000048","","E23000027",7164,"E56000035","E54000025","E00190264","E01035604","E02004986"
"AL7 3ZD","AL7  3ZD","AL7 3ZD","200302","200407","E10000015","E58000623","E07000241","E05011069","E43000083","1","524487","0213299","5","E18000006","E40000007","E92000001","E12000006","5","E14001573","E15000006","E24000005","E30000272","E16000150","E07000241","26ULGX","E00121637","26ULGX","E65000001","E01023954","E02004986","5","5B2","E00121637","E01023954","E02004986","E33024496","E38000049","E63011463","C1","7A3",51.804482,-0.195898,"E37000048","","E23000027",7164,"E56000035","E54000025","E00190264","E01035604","E02004986"
"AL7 3ZE","AL7  3ZE","AL7 3ZE","200404","200605","E10000015","E58000623","E07000241","E05011069","E43000083","1","524487","0213299","5","E18000006","E40000007","E92000001","E12000006","5","E14001573","E15000006","E24000005","E30000272","E16000150","E07000241","26ULGX","E00121637","26ULGX","E65000001","E01023954","E02004986","5","5B2","E00121637","E01023954","E02004986","E33024496","E38000049","E63011463","C1","7A3",51.804482,-0.195898,"E37000048","","E23000027",7164,"E56000035","E54000025","E00190264","E01035604","E02004986"
"AL7 3ZG","AL7  3ZG","AL7 3ZG","200101","200101","E10000015","E58000623","E07000241","E05011069","E43000083","1","524240","0212318","5","E18000006","E40000007","E92000001","E12000006","5","E14001573","E15000006","E24000005","E30000272","E16000150","E07000241","26ULGX","E00121642","26ULGX","E65000001","E01023956","E02004986","5","1B2","E00121642","E01023956","E02004986","E33027643","E38000049","E63011463","C1","4A1",51.795721,-0.199830,"E37000048","","E23000027",12788,"E56000035","E54000025","E00121642","E01023956","E02004986"
"AL7 3ZH","AL7  3ZH","AL7 3ZH","200311","200603","E10000015","E58000623","E07000241","E05011069","E43000083","1","524487","0213299","5","E18000006","E40000007","E92000001","E12000006","5","E14001573","E15000006","E24000005","E30000272","E16000150","E07000241","26ULGX","E00121637","26ULGX","E65000001","E01023954","E02004986","5","5B2","E00121637","E01023954","E02004986","E33024496","E38000049","E63011463","C1","7A3",51.804482,-0.195898,"E37000048","","E23000027",7164,"E56000035","E54000025","E00190264","E01035604","E02004986"
"AL7 3ZJ","AL7  3ZJ","AL7 3ZJ","200209","200809","E10000015","E58000623","E07000241","E05011069","E43000083","1","524487","0213299","1","E18000006","E40000007","E92000001","E12000006","5","E14001573","E15000006","E24000005","E30000272","E16000150","E07000241","26ULGX","E00121637","26ULGX","E65000001","E01023954","E02004986","5","5B2","E00121637","E01023954","E02004986","E33024496","E38000049","E63011463","C1","7A3",51.804482,-0.195898,"E37000048","","E23000027",7164,"E56000035","E54000025","E00190264","E01035604","E02004986"
"AL7 3ZL","AL7  3ZL","AL7 3ZL","200401","200604","E10000015","E58000623","E07000241","E05011069","E43000083","1","524487","0213299","5","E18000006","E40000007","E92000001","E12000006","5","E14001573","E15000006","E24000005","E30000272","E16000150","E07000241","26ULGX","E00121637","26ULGX","E65000001","E01023954","E02004986","5","5B2","E00121637","E01023954","E02004986","E33024496","E38000049","E63011463","C1","7A3",51.804482,-0.195898,"E37000048","","E23000027",7164,"E56000035","E54000025","E00190264","E01035604","E02004986"
"AL7 3ZN","AL7  3ZN","AL7 3ZN","200302","200407","E10000015","E58000623","E07000241","E05011069","E43000083","1","524487","0213299","5","E18000006","E40000007","E92000001","E12000006","5","E14001573","E15000006","E24000005","E30000272","E16000150","E07000241","26ULGX","E00121637","26ULGX","E65000001","E01023954","E02004986","5","5B2","E00121637","E01023954","E02004986","E33024496","E38000049","E63011463","C1","7A3",51.804482,-0.195898,"E37000048","","E23000027",7164,"E56000035","E54000025","E00190264","E01035604","E02004986"
"AL7 3ZP","AL7  3ZP","AL7 3ZP","200405","200601","E10000015","E58000623","E07000241","E05011069","E43000083","1","524487","0213299","5","E18000006","E40000007","E92000001","E12000006","5","E14001573","E15000006","E24000005","E30000272","E16000150","E07000241","26ULGX","E00121637","26ULGX","E65000001","E01023954","E02004986","5","5B2","E00121637","E01023954","E02004986","E33024496","E38000049","E63011463","C1","7A3",51.804482,-0.195898,"E37000048","","E23000027",7164,"E56000035","E54000025","E00190264","E01035604","E02004986"
"AL7 3ZQ","AL7  3ZQ","AL7 3ZQ","200006","200207","E10000015","E58000623","E07000241","E05011069","E43000083","1","524487","0213299","1","E18000006","E40000007","E92000001","E12000006","5","E14001573","E15000006","E24000005","E30000272","E16000150","E07000241","26ULGX","E00121637","26ULGX","E65000001","E01023954","E02004986","5","5B2","E00121637","E01023954","E02004986","E33024496","E38000049","E63011463","C1","7A3",51.804482,-0.195898,"E37000048","","E23000027",7164,"E56000035","E54000025","E00190264","E01035604","E02004986"
"AL7 3ZR","AL7  3ZR","AL7 3ZR","200006","200107","E10000015","E58000623","E07000241","E05011069","E43000083","1","524857","0212190","6","E18000006","E40000007","E92000001","E12000006","5","E14001573","E15000006","E24000005","E30000272","E16000150","E07000241","26ULGX","E00121644","26ULGX","E65000001","E01023955","E02004986","5","1A3","E00121644","E01023955","E02004986","E33027642","E38000049","E63011463","C1","8D2",51.794434,-0.190934,"E37000048","","E23000027",11090,"E56000035","E54000025","E00121644","E01023955","E02004986"
"AL7 3ZS","AL7  3ZS","AL7 3ZS","199912","200812","E10000015","E58000623","E07000241","E05011069","E43000083","1","524487","0213299","1","E18000006","E40000007","E92000001","E12000006","5","E14001573","E15000006","E24000005","E30000272","E16000150","E07000241","26ULGX","E00121637","26ULGX","E65000001","E01023954","E02004986","5","5B2","E00121637","E01023954","E02004986","E33024496","E38000049","E63011463","C1","7A3",51.804482,-0.195898,"E37000048","","E23000027",7164,"E56000035","E54000025","E00190264","E01035604","E02004986"
"AL7 3ZT","AL7  3ZT","AL7 3ZT","200006","200009","E10000015","E58000623","E07000241","E05011069","E43000083","1","524857","0212190","6","E18000006","E40000007","E92000001","E12000006","5","E14001573","E15000006","E24000005","E30000272","E16000150","E07000241","26ULGX","E00121644","26ULGX","E65000001","E01023955","E02004986","5","1A3","E00121644","E01023955","E02004986","E33027642","E38000049","E63011463","C1","8D2",51.794434,-0.190934,"E37000048","","E23000027",11090,"E56000035","E54000025","E00121644","E01023955","E02004986"
"AL7 3ZU","AL7  3ZU","AL7 3ZU","199912","200101","E10000015","E58000623","E07000241","E05011069","E43000083","1","524857","0212190","6","E18000006","E40000007","E92000001","E12000006","5","E14001573","E15000006","E24000005","E30000272","E16000150","E07000241","26ULGX","E00121644","26ULGX","E65000001","E01023955","E02004986","5","1A3","E00121644","E01023955","E02004986","E33027642","E38000049","E63011463","C1","8D2",51.794434,-0.190934,"E37000048","","E23000027",11090,"E56000035","E54000025","E00121644","E01023955","E02004986"
"AL7 3ZW","AL7  3ZW","AL7 3ZW","199912","200006","E10000015","E58000623","E07000241","E05011069","E43000083","1","524857","0212190","6","E18000006","E40000007","E92000001","E12000006","5","E14001573","E15000006","E24000005","E30000272","E16000150","E07000241","26ULGX","E00121644","26ULGX","E65000001","E01023955","E02004986","5","1A3","E00121644","E01023955","E02004986","E33027642","E38000049","E63011463","C1","8D2",51.794434,-0.190934,"E37000048","","E23000027",11090,"E56000035","E54000025","E00121644","E01023955","E02004986"
"AL7 3ZX","AL7  3ZX","AL7 3ZX","200706","200707","E10000015","E58000623","E07000241","E05011069","E43000083","1","524487","0213299","1","E18000006","E40000007","E92000001","E12000006","5","E14001573","E15000006","E24000005","E30000272","E16000150","E07000241","26ULGX","E00121637","26ULGX","E65000001","E01023954","E02004986","5","5B2","E00121637","E01023954","E02004986","E33024496","E38000049","E63011463","C1","7A3",51.804482,-0.195898,"E37000048","","E23000027",7164,"E56000035","E54000025","E00190264","E01035604","E02004986"
"AL7 3ZY","AL7  3ZY","AL7 3ZY","199712","199906","E10000015","E58000623","E07000241","E05011069","E43000083","1","524857","0212190","6","E18000006","E40000007","E92000001","E12000006","5","E14001573","E15000006","E24000005","E30000272","E16000150","E07000241","26ULGX","E00121644","26ULGX","E65000001","E01023955","E02004986","5","1A3","E00121644","E01023955","E02004986","E33027642","E38000049","E63011463","C1","8D2",51.794434,-0.190934,"E37000048","","E23000027",11090,"E56000035","E54000025","E00121644","E01023955","E02004986"
"AL7 3ZZ","AL7  3ZZ","AL7 3ZZ","199706","199812","E10000015","E58000623","E07000241","E05011069","E43000083","1","524857","0212190","6","E18000006","E40000007","E92000001","E12000006","5","E14001573","E15000006","E24000005","E30000272","E16000150","E07000241","26ULGX","E00121644","26ULGX","E65000001","E01023955","E02004986","5","1A3","E00121644","E01023955","E02004986","E33027642","E38000049","E63011463","C1","8D2",51.794434,-0.190934,"E37000048","","E23000027",11090,"E56000035","E54000025","E00121644","E01023955","E02004986"
"AL7 4AA","AL7  4AA","AL7 4AA","198001","","E10000015","E58000676","E07000241","E05011066","E43000083","0","526194","0211272","1","E18000006","E40000007","E92000001","E12000006","5","E14001573","E15000006","E24000005","E30000272","E16000150","E07000241","26ULGT","E00121589","26ULGT","E65000001","E01023945","E02004987","5","1A2","E00121589","E01023945","E02004987","E33027647","E38000049","E63011463","C1","8D2",51.785891,-0.171865,"E37000048","","E23000027",19526,"E56000035","E54000025","E00121589","E01023945","E02004987"
"AL7 4AB","AL7  4AB","AL7 4AB","198001","","E10000015","E58000676","E07000241","E05011066","E43000083","0","526175","0211775","1","E18000006","E40000007","E92000001","E12000006","5","E14001573","E15000006","E24000005","E30000272","E16000150","E07000241","26ULGT","E00121583","26ULGT","E65000001","E01023943","E02004987","5","1A2","E00121583","E01023943","E02004987","E33027647","E38000049","E63011463","C1","8A1",51.790415,-0.171958,"E37000048","","E23000027",17758,"E56000035","E54000025","E00121583","E01023943","E02004987"
"AL7 4AD","AL7  4AD","AL7 4AD","198001","","E10000015","E58000676","E07000241","E05011066","E43000083","0","526154","0211656","1","E18000006","E40000007","E92000001","E12000006","5","E14001573","E15000006","E24000005","E30000272","E16000150","E07000241","26ULGT","E00121588","26ULGT","E65000001","E01023945","E02004987","5","1A2","E00121588","E01023945","E02004987","E33027647","E38000049","E63011463","C1","8D2",51.789351,-0.172305,"E37000048","","E23000027",19526,"E56000035","E54000025","E00121588","E01023945","E02004987"
"AL7 4AE","AL7  4AE","AL7 4AE","198001","","E10000015","E58000676","E07000241","E05011066","E43000083","0","526167","0211521","1","E18000006","E40000007","E92000001","E12000006","5","E14001573","E15000006","E24000005","E30000272","E16000150","E07000241","26ULGT","E00121588","26ULGT","E65000001","E01023945","E02004987","5","1A2","E00121588","E01023945","E02004987","E33027647","E38000049","E63011463","C1","8D2",51.788134,-0.172166,"E37000048","","E23000027",19526,"E56000035","E54000025","E00121588","E01023945","E02004987"
"AL7 4AF","AL7  4AF","AL7 4AF","198001","","E10000015","E58000676","E07000241","E05011066","E43000083","0","526119","0211545","1","E18000006","E40000007","E92000001","E12000006","5","E14001573","E15000006","E24000005","E30000272","E16000150","E07000241","26ULGT","E00121589","26ULGT","E65000001","E01023945","E02004987","5","1A2","E00121589","E01023945","E02004987","E33027647","E38000049","E63011463","C1","8D2",51.788361,-0.172853,"E37000048","","E23000027",19526,"E56000035","E54000025","E00121589","E01023945","E02004987"
"AL7 4AG","AL7  4AG","AL7 4AG","198001","","E10000015","E58000676","E07000241","E05011066","E43000083","0","526193","0211432","1","E18000006","E40000007","E92000001","E12000006","5","E14001573","E15000006","E24000005","E30000272","E16000150","E07000241","26ULGT","E00121589","26ULGT","E65000001","E01023945","E02004987","5","1A2","E00121589","E01023945","E02004987","E33027647","E38000049","E63011463","C1","8D2",51.787322,-0.171847,"E37000048","","E23000027",19526,"E56000035","E54000025","E00121589","E01023945","E02004987"
"AL7 4AH","AL7  4AH","AL7 4AH","198001","","E10000015","E58000676","E07000241","E05011066","E43000083","0","526210","0211655","1","E18000006","E40000007","E92000001","E12000006","5","E14001573","E15000006","E24000005","E30000272","E16000150","E07000241","26ULGT","E00121588","26ULGT","E65000001","E01023945","E02004987","5","1A2","E00121588","E01023945","E02004987","E33027647","E38000049","E63011463","C1","8D2",51.789323,-0.171520,"E37000048","","E23000027",19526,"E56000035","E54000025","E00121588","E01023945","E02004987"
"AL7 4AJ","AL7  4AJ","AL7 4AJ","198001","","E10000015","E58000676","E07000241","E05011066","E43000083","0","526265","0211528","1","E18000006","E40000007","E92000001","E12000006","5","E14001573","E15000006","E24000005","E30000272","E16000150","E07000241","26ULGT","E00121589","26ULGT","E65000001","E01023945","E02004987","5","1A2","E00121589","E01023945","E02004987","E33027647","E38000049","E63011463","C1","8D2",51.788175,-0.170743,"E37000048","","E23000027",19526,"E56000035","E54000025","E00121589","E01023945","E02004987"
"AL7 4AL","AL7  4AL","AL7 4AL","198001","","E10000015","E58000676","E07000241","E05011066","E43000083","0","526251","0211707","1","E18000006","E40000007","E92000001","E12000006","5","E14001573","E15000006","E24000005","E30000272","E16000150","E07000241","26ULGT","E00121583","26ULGT","E65000001","E01023943","E02004987","5","1A2","E00121583","E01023943","E02004987","E33027647","E38000049","E63011463","C1","8A1",51.789787,-0.170881,"E37000048","","E23000027",17758,"E56000035","E54000025","E00121583","E01023943","E02004987"
"AL7 4AN","AL7  4AN","AL7 4AN","198001","","E10000015","E58000676","E07000241","E05011066","E43000083","0","526116","0211672","1","E18000006","E40000007","E92000001","E12000006","5","E14001573","E15000006","E24000005","E30000272","E16000150","E07000241","26ULGT","E00121588","26ULGT","E65000001","E01023945","E02004987","5","1A2","E00121588","E01023945","E02004987","E33027647","E38000049","E63011463","C1","8D2",51.789503,-0.172850,"E37000048","","E23000027",19526,"E56000035","E54000025","E00121588","E01023945","E02004987"
"AL7 4AP","AL7  4AP","AL7 4AP","198001","","E10000015","E58000676","E07000241","E05011066","E43000083","0","525928","0211614","1","E18000006","E40000007","E92000001","E12000006","5","E14001573","E15000006","E24000005","E30000272","E16000150","E07000241","26ULGT","E00121576","26ULGT","E65000001","E01023945","E02004987","5","1A3","E00121576","E01023945","E02004987","E33027647","E38000049","E63011463","C1","8D2",51.789024,-0.175595,"E37000048","","E23000027",19526,"E56000035","E54000025","E00121576","E01023945","E02004987"
"AL7 4AQ","AL7  4AQ","AL7 4AQ","198001","","E10000015","E58000676","E07000241","E05011066","E43000083","0","526100","0211367","1","E18000006","E40000007","E92000001","E12000006","5","E14001573","E15000006","E24000005","E30000272","E16000150","E07000241","26ULGT","E00121589","26ULGT","E65000001","E01023945","E02004987","5","1A2","E00121589","E01023945","E02004987","E33027647","E38000049","E63011463","C1","8D2",51.786766,-0.173193,"E37000048","","E23000027",19526,"E56000035","E54000025","E00121589","E01023945","E02004987"
"AL7 4AR","AL7  4AR","AL7 4AR","198001","","E10000015","E58000676","E07000241","E05011066","E43000083","0","525957","0211746","1","E18000006","E40000007","E92000001","E12000006","5","E14001573","E15000006","E24000005","E30000272","E16000150","E07000241","26ULGT","E00121587","26ULGT","E65000001","E01023943","E02004987","5","1A3","E00121587","E01023943","E02004987","E33027647","E38000049","E63011463","C1","8D2",51.790204,-0.175127,"E37000048","","E23000027",17758,"E56000035","E54000025","E00121587","E01023943","E02004987"
"AL7 4AS","AL7  4AS","AL7 4AS","198001","","E10000015","E58000676","E07000241","E05011066","E43000083","0","525888","0211673","1","E18000006","E40000007","E92000001","E12000006","5","E14001573","E15000006","E24000005","E30000272","E16000150","E07000241","26ULGT","E00121587","26ULGT","E65000001","E01023943","E02004987","5","1A3","E00121587","E01023943","E02004987","E33027647","E38000049","E63011463","C1","8D2",51.789563,-0.176154,"E37000048","","E23000027",17758,"E56000035","E54000025","E00121587","E01023943","E02004987"
"AL7 4AT","AL7  4AT","AL7 4AT","199606","199706","E10000015","E58000676","E07000241","E05011066","E43000083","1","526192","0211269","8","E18000006","E40000007","E92000001","E12000006","5","E14001573","E15000006","E24000005","E30000272","E16000150","E07000241","26ULGT","E00121589","26ULGT","E65000001","E01023945","E02004987","5","1A2","E00121589","E01023945","E02004987","E33027647","E38000049","E63011463","C1","8D2",51.785858,-0.171921,"E37000048","","E23000027",19526,"E56000035","E54000025","E00121589","E01023945","E02004987"
"AL7 4AU","AL7  4AU","AL7 4AU","199412","200006","E10000015","E58000676","E07000241","E05011065","E43000083","1","525002","0211201","6","E18000006","E40000007","E92000001","E12000006","5","E14001573","E15000006","E24000005","E30000272","E16000150","E07000241","26ULGS","E00121567","26ULGS","E65000001","E01023942","E02004988","5","1B1","E00121567","E01023942","E02004988","E33027652","E38000049","E63011463","C1","4A1",51.785514,-0.189188,"E37000048","","E23000027",20827,"E56000035","E54000025","E00121567","E01023942","E02004988"
"AL7 4AW","AL7  4AW","AL7 4AW","198001","","E10000015","E58000676","E07000241","E05011066","E43000083","0","525990","0211629","1","E18000006","E40000007","E92000001","E12000006","5","E14001573","E15000006","E24000005","E30000272","E16000150","E07000241","26ULGT","E00121588","26ULGT","E65000001","E01023945","E02004987","5","1A2","E00121588","E01023945","E02004987","E33027647","E38000049","E63011463","C1","8D2",51.789145,-0.174692,"E37000048","","E23000027",19526,"E56000035","E54000025","E00121588","E01023945","E02004987"
"AL7 4AX","AL7  4AX","AL7 4AX","201505","","E10000015","E58000676","E07000241","E05011065","E43000083","0","524609","0211250","1","E18000006","E40000007","E92000001","E12000006","5","E14001573","E15000006","E24000005","E30000272","E16000150","E07000241","26ULGS","E00121569","26ULGS","E65000001","E01023942","E02004988","5","7A2","E00121569","E01023942","E02004988","E33027651","E38000049","E63011463","C1","7A3",51.786048,-0.194840,"E37000048","","E23000027",20827,"E56000035","E54000025","E00121569","E01023942","E02004988"
"AL7 4AY","AL7  4AY","AL7 4AY","199606","200604","E10000015","E58000623","E07000241","E05011069","E43000083","1","524487","0213299","1","E18000006","E40000007","E92000001","E12000006","5","E14001573","E15000006","E24000005","E30000272","E16000150","E07000241","26ULGX","E00121637","26ULGX","E65000001","E01023954","E02004986","5","5B2","E00121637","E01023954","E02004986","E33024496","E38000049","E63011463","C1","7A3",51.804482,-0.195898,"E37000048","","E23000027",7164,"E56000035","E54000025","E00190264","E01035604","E02004986"
"AL7 4AZ","AL7  4AZ","AL7 4AZ","201605","","E10000015","E58000676","E07000241","E05011066","E43000083","0","525620","0211580","1","E18000006","E40000007","E92000001","E12000006","5","E14001573","E15000006","E24000005","E30000272","E16000150","E07000241","26ULGT","E00121592","26ULGT","E65000001","E01023945","E02004987","5","5B3","E00121592","E01023945","E02004987","E33027647","E38000049","E63011463","C1","8D2",51.788788,-0.180071,"E37000048","","E23000027",19526,"E56000035","E54000025","E00121592","E01023945","E02004987"
"AL7 4BA","AL7  4BA","AL7 4BA","198001","","E10000015","E58000676","E07000241","E05011066","E43000083","0","525422","0211671","1","E18000006","E40000007","E92000001","E12000006","5","E14001573","E15000006","E24000005","E30000272","E16000150","E07000241","26ULGS","E00121558","26ULGS","E65000001","E01023939","E02004988","5","6B2","E00121558","E01023939","E02004988","E33027652","E38000049","E63011463","C1","8A1",51.789650,-0.182907,"E37000048","","E23000027",15456,"E56000035","E54000025","E00121558","E01023939","E02004988"
"AL7 4BB","AL7  4BB","AL7 4BB","198001","","E10000015","E58000676","E07000241","E05011066","E43000083","0","525387","0211606","1","E18000006","E40000007","E92000001","E12000006","5","E14001573","E15000006","E24000005","E30000272","E16000150","E07000241","26ULGT","E00121591","26ULGT","E65000001","E01023946","E02004987","5","4A2","E00121591","E01023946","E02004987","E33027645","E38000049","E63011463","C1","6B2",51.789074,-0.183438,"E37000048","","E23000027",26396,"E56000035","E54000025","E00121591","E01023946","E02004987"
"AL7 4BD","AL7  4BD","AL7 4BD","198001","","E10000015","E58000676","E07000241","E05011066","E43000083","0","525455","0211594","1","E18000006","E40000007","E92000001","E12000006","5","E14001573","E15000006","E24000005","E30000272","E16000150","E07000241","26ULGT","E00121575","26ULGT","E65000001","E01023946","E02004987","5","4A2","E00121575","E01023946","E02004987","E33027645","E38000049","E63011463","C1","6B1",51.788951,-0.182457,"E37000048","","E23000027",26396,"E56000035","E54000025","E00121575","E01023946","E02004987"
"AL7 4BE","AL7  4BE","AL7 4BE","198001","","E10000015","E58000676","E07000241","E05011066","E43000083","0","525222","0211638","1","E18000006","E40000007","E92000001","E12000006","5","E14001573","E15000006","E24000005","E30000272","E16000150","E07000241","26ULGS","E00121558","26ULGS","E65000001","E01023939","E02004988","5","6B2","E00121558","E01023939","E02004988","E33027652","E38000049","E63011463","C1","8A1",51.789398,-0.185818,"E37000048","","E23000027",15456,"E56000035","E54000025","E00121558","E01023939","E02004988"
"AL7 4BF","AL7  4BF","AL7 4BF","200106","200108","E10000015","E58000623","E07000241","E05011069","E43000083","1","524487","0213299","1","E18000006","E40000007","E92000001","E12000006","5","E14001573","E15000006","E24000005","E30000272","E16000150","E07000241","26ULGX","E00121637","26ULGX","E65000001","E01023954","E02004986","5","5B2","E00121637","E01023954","E02004986","E33024496","E38000049","E63011463","C1","7A3",51.804482,-0.195898,"E37000048","","E23000027",7164,"E56000035","E54000025","E00190264","E01035604","E02004986"
"AL7 4BG","AL7  4BG","AL7 4BG","198001","","E10000015","E58000676","E07000241","E05011066","E43000083","0","525350","0211714","1","E18000006","E40000007","E92000001","E12000006","5","E14001573","E15000006","E24000005","E30000272","E16000150","E07000241","26ULGS","E00121558","26ULGS","E65000001","E01023939","E02004988","5","6B2","E00121558","E01023939","E02004988","E33027652","E38000049","E63011463","C1","8A1",51.790052,-0.183935,"E37000048","","E23000027",15456,"E56000035","E54000025","E00121558","E01023939","E02004988"
"AL7 4BH","AL7  4BH","AL7 4BH","198001","","E10000015","E58000676","E07000241","E05011066","E43000083","0","525291","0211496","1","E18000006","E40000007","E92000001","E12000006","5","E14001573","E15000006","E24000005","E30000272","E16000150","E07000241","26ULGT","E00121591","26ULGT","E65000001","E01023946","E02004987","5","4A2","E00121591","E01023946","E02004987","E33027645","E38000049","E63011463","C1","6B2",51.788100,-0.184894,"E37000048","","E23000027",26396,"E56000035","E54000025","E00121591","E01023946","E02004987"
"AL7 4BJ","AL7  4BJ","AL7 4BJ","198001","","E10000015","E58000676","E07000241","E05011066","E43000083","0","525203","0211351","1","E18000006","E40000007","E92000001","E12000006","5","E14001573","E15000006","E24000005","E30000272","E16000150","E07000241","26ULGT","E00121591","26ULGT","E65000001","E01023946","E02004987","5","4A2","E00121591","E01023946","E02004987","E33027645","E38000049","E63011463","C1","6B2",51.786823,-0.186196,"E37000048","","E23000027",26396,"E56000035","E54000025","E00121591","E01023946","E02004987"
"AL7 4BL","AL7  4BL","AL7 4BL","198001","","E10000015","E58000676","E07000241","E05011066","E43000083","0","525262","0211391","1","E18000006","E40000007","E92000001","E12000006","5","E14001573","E15000006","E24000005","E30000272","E16000150","E07000241","26ULGT","E00121591","26ULGT","E65000001","E01023946","E02004987","5","4A2","E00121591","E01023946","E02004987","E33027645","E38000049","E63011463","C1","6B2",51.787169,-0.185327,"E37000048","","E23000027",26396,"E56000035","E54000025","E00121591","E01023946","E02004987"
"AL7 4BN","AL7  4BN","AL7 4BN","198001","","E10000015","E58000676","E07000241","E05011066","E43000083","0","525143","0211207","1","E18000006","E40000007","E92000001","E12000006","5","E14001573","E15000006","E24000005","E30000272","E16000150","E07000241","26ULGT","E00121591","26ULGT","E65000001","E01023946","E02004987","5","4A2","E00121591","E01023946","E02004987","E33027645","E38000049","E63011463","C1","6B2",51.785542,-0.187118,"E37000048","","E23000027",26396,"E56000035","E54000025","E00121591","E01023946","E02004987"
"AL7 4BP","AL7  4BP","AL7 4BP","198001","","E10000015","E58000676","E07000241","E05011066","E43000083","0","525156","0211381","1","E18000006","E40000007","E92000001","E12000006","5","E14001573","E15000006","E24000005","E30000272","E16000150","E07000241","26ULGS","E00121558","26ULGS","E65000001","E01023939","E02004988","5","6B2","E00121558","E01023939","E02004988","E33027652","E38000049","E63011463","C1","8A1",51.787097,-0.186892,"E37000048","","E23000027",15456,"E56000035","E54000025","E00121558","E01023939","E02004988"
"AL7 4BQ","AL7  4BQ","AL7 4BQ","198001","","E10000015","E58000676","E07000241","E05011066","E43000083","0","525268","0211542","1","E18000006","E40000007","E92000001","E12000006","5","E14001573","E15000006","E24000005","E30000272","E16000150","E07000241","26ULGS","E00121558","26ULGS","E65000001","E01023939","E02004988","5","6B2","E00121558","E01023939","E02004988","E33027652","E38000049","E63011463","C1","8A1",51.788525,-0.185186,"E37000048","","E23000027",15456,"E56000035","E54000025","E00121558","E01023939","E02004988"
"AL7 4BS","AL7  4BS","AL7 4BS","198001","","E10000015","E58000676","E07000241","E05011066","E43000083","0","525124","0211545","1","E18000006","E40000007","E92000001","E12000006","5","E14001573","E15000006","E24000005","E30000272","E16000150","E07000241","26ULGS","E00121558","26ULGS","E65000001","E01023939","E02004988","5","6B2","E00121558","E01023939","E02004988","E33027652","E38000049","E63011463","C1","8A1",51.788584,-0.187271,"E37000048","","E23000027",15456,"E56000035","E54000025","E00121558","E01023939","E02004988"
"AL7 4BT","AL7  4BT","AL7 4BT","198001","","E10000015","E58000676","E07000241","E05011066","E43000083","0","525138","0211616","1","E18000006","E40000007","E92000001","E12000006","5","E14001573","E15000006","E24000005","E30000272","E16000150","E07000241","26ULGS","E00121558","26ULGS","E65000001","E01023939","E02004988","5","6B2","E00121558","E01023939","E02004988","E33027652","E38000049","E63011463","C1","8A1",51.789219,-0.187043,"E37000048","","E23000027",15456,"E56000035","E54000025","E00121558","E01023939","E02004988"
"AL7 4BU","AL7  4BU","AL7 4BU","198604","199812","E10000015","E58000676","E07000241","E05011065","E43000083","1","525002","0211201","6","E18000006","E40000007","E92000001","E12000006","5","E14001573","E15000006","E24000005","E30000272","E16000150","E07000241","26ULGS","E00121567","26ULGS","E65000001","E01023942","E02004988","5","1B1","E00121567","E01023942","E02004988","E33027652","E38000049","E63011463","C1","4A1",51.785514,-0.189188,"E37000048","","E23000027",20827,"E56000035","E54000025","E00121567","E01023942","E02004988"
"AL7 4BW","AL7  4BW","AL7 4BW","198001","202302","E10000015","E58000676","E07000241","E05011065","E43000083","0","525090","0211242","1","E18000006","E40000007","E92000001","E12000006","5","E14001573","E15000006","E24000005","E30000272","E16000150","E07000241","26ULGS","E00121562","26ULGS","E65000001","E01023939","E02004988","5","5B1","E00121562","E01023939","E02004988","E33027652","E38000049","E63011463","C1","7A3",51.785862,-0.187899,"E37000048","","E23000027",15456,"E56000035","E54000025","E00121562","E01023939","E02004988"
"AL7 4BX","AL7  4BX","AL7 4BX","200112","200310","E10000015","E58000623","E07000241","E05011069","E43000083","1","524487","0213299","1","E18000006","E40000007","E92000001","E12000006","5","E14001573","E15000006","E24000005","E30000272","E16000150","E07000241","26ULGX","E00121637","26ULGX","E65000001","E01023954","E02004986","5","5B2","E00121637","E01023954","E02004986","E33024496","E38000049","E63011463","C1","7A3",51.804482,-0.195898,"E37000048","","E23000027",7164,"E56000035","E54000025","E00190264","E01035604","E02004986"
"AL7 4BY","AL7  4BY","AL7 4BY","201610","","E10000015","E58000676","E07000241","E05011065","E43000083","0","524591","0211410","1","E18000006","E40000007","E92000001","E12000006","5","E14001573","E15000006","E24000005","E30000272","E16000150","E07000241","26ULGS","E00121562","26ULGS","E65000001","E01023939","E02004988","5","5B1","E00121562","E01023939","E02004988","E33027652","E38000049","E63011463","C1","7A3",51.787490,-0.195043,"E37000048","","E23000027",15456,"E56000035","E54000025","E00121562","E01023939","E02004988"
"AL7 4BZ","AL7  4BZ","AL7 4BZ","201803","","E10000015","E58000676","E07000241","E05011066","E43000083","0","525245","0210942","1","E18000006","E40000007","E92000001","E12000006","5","E14001573","E15000006","E24000005","E30000272","E16000150","E07000241","26ULGT","E00121574","26ULGT","E65000001","E01023946","E02004987","5","7A2","E00173215","E01023946","E02004987","E33027645","E38000049","E63011463","C1","4A2",51.783138,-0.185735,"E37000048","","E23000027",26396,"E56000035","E54000025","E00190325","E01023946","E02004987"
"AL7 4DA","AL7  4DA","AL7 4DA","198001","","E10000015","E58000676","E07000241","E05011065","E43000083","0","524706","0211811","1","E18000006","E40000007","E92000001","E12000006","5","E14001573","E15000006","E24000005","E30000272","E16000150","E07000241","26ULGS","E00121563","26ULGS","E65000001","E01023939","E02004988","5","5A2","E00121563","E01023939","E02004988","E33027649","E38000049","E63011463","C1","7D3",51.791061,-0.193258,"E37000048","","E23000027",15456,"E56000035","E54000025","E00121563","E01023939","E02004988"
"AL7 4DB","AL7  4DB","AL7 4DB","198001","","E10000015","E58000676","E07000241","E05011066","E43000083","0","525674","0211702","1","E18000006","E40000007","E92000001","E12000006","5","E14001573","E15000006","E24000005","E30000272","E16000150","E07000241","26ULGT","E00121592","26ULGT","E65000001","E01023945","E02004987","5","5B3","E00121592","E01023945","E02004987","E33027647","E38000049","E63011463","C1","8D2",51.789872,-0.179244,"E37000048","","E23000027",19526,"E56000035","E54000025","E00121592","E01023945","E02004987"
"AL7 4DD","AL7  4DD","AL7 4DD","199002","202011","E10000015","E58000676","E07000241","E05011066","E43000083","1","525668","0210985","1","E18000006","E40000007","E92000001","E12000006","5","E14001573","E15000006","E24000005","E30000272","E16000150","E07000241","26ULGT","E00121577","26ULGT","E65000001","E01023946","E02004987","5","1C3","E00121577","E01023946","E02004987","E33027646","E38000049","E63011463","C1","8A1",51.783424,-0.179616,"E37000048","","E23000027",26396,"E56000035","E54000025","E00121577","E01023946","E02004987"
"AL7 4DE","AL7  4DE","AL7 4DE","199612","199912","E10000015","E58000676","E07000241","E05011065","E43000083","1","525002","0211201","6","E18000006","E40000007","E92000001","E12000006","5","E14001573","E15000006","E24000005","E30000272","E16000150","E07000241","26ULGS","E00121567","26ULGS","E65000001","E01023942","E02004988","5","1B1","E00121567","E01023942","E02004988","E33027652","E38000049","E63011463","C1","4A1",51.785514,-0.189188,"E37000048","","E23000027",20827,"E56000035","E54000025","E00121567","E01023942","E02004988"
"AL7 4DF","AL7  4DF","AL7 4DF","198001","","E10000015","E58000676","E07000241","E05011065","E43000083","0","524047","0211009","1","E18000006","E40000007","E92000001","E12000006","5","E14001573","E15000006","E24000005","E30000272","E16000150","E07000241","26ULGS","E00121555","26ULGS","E65000001","E01023941","E02004988","5","1C3","E00121555","E01023941","E02004988","E33027651","E38000049","E63011463","C1","8D2",51.784001,-0.203095,"E37000048","","E23000027",18126,"E56000035","E54000025","E00121555","E01035606","E02004988"
"AL7 4DG","AL7  4DG","AL7 4DG","198001","","E10000015","E58000676","E07000241","E05011065","E43000083","0","524091","0211074","1","E18000006","E40000007","E92000001","E12000006","5","E14001573","E15000006","E24000005","E30000272","E16000150","E07000241","26ULGS","E00121555","26ULGS","E65000001","E01023941","E02004988","5","1C3","E00121555","E01023941","E02004988","E33027651","E38000049","E63011463","C1","8D2",51.784581,-0.202409,"E37000048","","E23000027",18126,"E56000035","E54000025","E00121555","E01035606","E02004988"
"AL7 4DH","AL7  4DH","AL7 4DH","198001","","E10000015","E58000676","E07000241","E05011065","E43000083","0","524098","0210970","1","E18000006","E40000007","E92000001","E12000006","5","E14001573","E15000006","E24000005","E30000272","E16000150","E07000241","26ULGS","E00121555","26ULGS","E65000001","E01023941","E02004988","5","1C3","E00121555","E01023941","E02004988","E33027651","E38000049","E63011463","C1","8D2",51.783645,-0.202344,"E37000048","","E23000027",18126,"E56000035","E54000025","E00121555","E01035606","E02004988"
"AL7 4DJ","AL7  4DJ","AL7 4DJ","198001","","E10000015","E58000676","E07000241","E05011065","E43000083","0","524156","0211011","1","E18000006","E40000007","E92000001","E12000006","5","E14001573","E15000006","E24000005","E30000272","E16000150","E07000241","26ULGS","E00121555","26ULGS","E65000001","E01023941","E02004988","5","1C3","E00121555","E01023941","E02004988","E33027651","E38000049","E63011463","C1","8D2",51.784001,-0.201489,"E37000048","","E23000027",18126,"E56000035","E54000025","E00121555","E01035606","E02004988"
"AL7 4DL","AL7  4DL","AL7 4DL","198001","","E10000015","E58000676","E07000241","E05011065","E43000083","0","524185","0210896","1","E18000006","E40000007","E92000001","E12000006","5","E14001573","E15000006","E24000005","E30000272","E16000150","E07000241","26ULGS","E00121555","26ULGS","E65000001","E01023941","E02004988","5","1C3","E00121555","E01023941","E02004988","E33027651","E38000049","E63011463","C1","8D2",51.782954,-0.201136,"E37000048","","E23000027",18126,"E56000035","E54000025","E00121555","E01035606","E02004988"
"AL7 4DN","AL7  4DN","AL7 4DN","198001","","E10000015","E58000676","E07000241","E05011065","E43000083","0","524198","0210990","1","E18000006","E40000007","E92000001","E12000006","5","E14001573","E15000006","E24000005","E30000272","E16000150","E07000241","26ULGS","E00121557","26ULGS","E65000001","E01023941","E02004988","5","1C3","E00121557","E01023941","E02004988","E33027651","E38000049","E63011463","C1","8D2",51.783796,-0.200914,"E37000048","","E23000027",18126,"E56000035","E54000025","E00121557","E01035606","E02004988"
"AL7 4DP","AL7  4DP","AL7 4DP","198001","","E10000015","E58000676","E07000241","E05011065","E43000083","0","524316","0210873","1","E18000006","E40000007","E92000001","E12000006","5","E14001573","E15000006","E24000005","E30000272","E16000150","E07000241","26ULGS","E00121557","26ULGS","E65000001","E01023941","E02004988","5","1C3","E00121557","E01023941","E02004988","E33027651","E38000049","E63011463","C1","8D2",51.782725,-0.199220,"E37000048","","E23000027",18126,"E56000035","E54000025","E00121557","E01035606","E02004988"
"AL7 4DQ","AL7  4DQ","AL7 4DQ","198001","","E10000015","E58000676","E07000241","E05011065","E43000083","0","524122","0211024","1","E18000006","E40000007","E92000001","E12000006","5","E14001573","E15000006","E24000005","E30000272","E16000150","E07000241","26ULGS","E00121555","26ULGS","E65000001","E01023941","E02004988","5","1C3","E00121555","E01023941","E02004988","E33027651","E38000049","E63011463","C1","8D2",51.784125,-0.201977,"E37000048","","E23000027",18126,"E56000035","E54000025","E00121555","E01035606","E02004988"
"AL7 4DR","AL7  4DR","AL7 4DR","198001","","E10000015","E58000676","E07000241","E05011065","E43000083","0","524284","0210922","1","E18000006","E40000007","E92000001","E12000006","5","E14001573","E15000006","E24000005","E30000272","E16000150","E07000241","26ULGS","E00121557","26ULGS","E65000001","E01023941","E02004988","5","1C3","E00121557","E01023941","E02004988","E33027651","E38000049","E63011463","C1","8D2",51.783173,-0.199667,"E37000048","","E23000027",18126,"E56000035","E54000025","E00121557","E01035606","E02004988"
"AL7 4DS","AL7  4DS","AL7 4DS","198001","","E10000015","E58000676","E07000241","E05011065","E43000083","0","524334","0210953","1","E18000006","E40000007","E92000001","E12000006","5","E14001573","E15000006","E24000005","E30000272","E16000150","E07000241","26ULGS","E00121557","26ULGS","E65000001","E01023941","E02004988","5","1C3","E00121557","E01023941","E02004988","E33027651","E38000049","E63011463","C1","8D2",51.783440,-0.198931,"E37000048","","E23000027",18126,"E56000035","E54000025","E00121557","E01035606","E02004988"
"AL7 4DT","AL7  4DT","AL7 4DT","201709","","E10000015","E58000676","E07000241","E05011066","E43000083","0","525091","0210831","1","E18000006","E40000007","E92000001","E12000006","5","E14001573","E15000006","E24000005","E30000272","E16000150","E07000241","26ULGT","E00121574","26ULGT","E65000001","E01023946","E02004987","5","7A2","E00173215","E01023946","E02004987","E33027645","E38000049","E63011463","C1","4A2",51.782175,-0.188007,"E37000048","","E23000027",26396,"E56000035","E54000025","E00190325","E01023946","E02004987"
"AL7 4DU","AL7  4DU","AL7 4DU","198001","","E10000015","E58000676","E07000241","E05011065","E43000083","0","524335","0210986","1","E18000006","E40000007","E92000001","E12000006","5","E14001573","E15000006","E24000005","E30000272","E16000150","E07000241","26ULGS","E00121557","26ULGS","E65000001","E01023941","E02004988","5","1C3","E00121557","E01023941","E02004988","E33027651","E38000049","E63011463","C1","8D2",51.783736,-0.198905,"E37000048","","E23000027",18126,"E56000035","E54000025","E00121557","E01035606","E02004988"
"AL7 4DW","AL7  4DW","AL7 4DW","198001","","E10000015","E58000676","E07000241","E05011065","E43000083","0","524238","0210985","1","E18000006","E40000007","E92000001","E12000006","5","E14001573","E15000006","E24000005","E30000272","E16000150","E07000241","26ULGS","E00121557","26ULGS","E65000001","E01023941","E02004988","5","1C3","E00121557","E01023941","E02004988","E33027651","E38000049","E63011463","C1","8D2",51.783743,-0.200336,"E37000048","","E23000027",18126,"E56000035","E54000025","E00121557","E01035606","E02004988"
"AL7 4DX","AL7  4DX","AL7 4DX","198001","","E10000015","E58000676","E07000241","E05011065","E43000083","0","524436","0210967","1","E18000006","E40000007","E92000001","E12000006","5","E14001573","E15000006","E24000005","E30000272","E16000150","E07000241","26ULGS","E00121570","26ULGS","E65000001","E01023941","E02004988","5","1A2","E00121570","E01023941","E02004988","E33027651","E38000049","E63011463","C1","8D2",51.783543,-0.197448,"E37000048","","E23000027",18126,"E56000035","E54000025","E00121570","E01035606","E02004988"
"AL7 4DY","AL7  4DY","AL7 4DY","198001","","E10000015","E58000676","E07000241","E05011065","E43000083","0","524514","0210901","1","E18000006","E40000007","E92000001","E12000006","5","E14001573","E15000006","E24000005","E30000272","E16000150","E07000241","26ULGS","E00121570","26ULGS","E65000001","E01023941","E02004988","5","1A2","E00121570","E01023941","E02004988","E33027651","E38000049","E63011463","C1","8D2",51.782933,-0.196342,"E37000048","","E23000027",18126,"E56000035","E54000025","E00121570","E01035606","E02004988"
"AL7 4DZ","AL7  4DZ","AL7 4DZ","198001","","E10000015","E58000676","E07000241","E05011065","E43000083","0","524548","0210936","1","E18000006","E40000007","E92000001","E12000006","5","E14001573","E15000006","E24000005","E30000272","E16000150","E07000241","26ULGS","E00121570","26ULGS","E65000001","E01023941","E02004988","5","1A2","E00121570","E01023941","E02004988","E33027651","E38000049","E63011463","C1","8D2",51.783240,-0.195836,"E37000048","","E23000027",18126,"E56000035","E54000025","E00121570","E01035606","E02004988"
"AL7 4EA","AL7  4EA","AL7 4EA","198001","","E10000015","E58000676","E07000241","E05011065","E43000083","0","524609","0210926","1","E18000006","E40000007","E92000001","E12000006","5","E14001573","E15000006","E24000005","E30000272","E16000150","E07000241","26ULGS","E00121572","26ULGS","E65000001","E01023942","E02004988","5","1C3","E00121572","E01023942","E02004988","E33027652","E38000049","E63011463","C1","8B2",51.783136,-0.194956,"E37000048","","E23000027",20827,"E56000035","E54000025","E00121572","E01023942","E02004988"
"AL7 4EB","AL7  4EB","AL7 4EB","198001","","E10000015","E58000676","E07000241","E05011065","E43000083","0","524700","0210865","1","E18000006","E40000007","E92000001","E12000006","5","E14001573","E15000006","E24000005","E30000272","E16000150","E07000241","26ULGS","E00121572","26ULGS","E65000001","E01023942","E02004988","5","1C3","E00121572","E01023942","E02004988","E33027652","E38000049","E63011463","C1","8B2",51.782568,-0.193660,"E37000048","","E23000027",20827,"E56000035","E54000025","E00121572","E01023942","E02004988"
"AL7 4ED","AL7  4ED","AL7 4ED","198001","","E10000015","E58000676","E07000241","E05011065","E43000083","0","524675","0210893","1","E18000006","E40000007","E92000001","E12000006","5","E14001573","E15000006","E24000005","E30000272","E16000150","E07000241","26ULGS","E00121572","26ULGS","E65000001","E01023942","E02004988","5","1C3","E00121572","E01023942","E02004988","E33027652","E38000049","E63011463","C1","8B2",51.782825,-0.194012,"E37000048","","E23000027",20827,"E56000035","E54000025","E00121572","E01023942","E02004988"
"AL7 4EE","AL7  4EE","AL7 4EE","198001","","E10000015","E58000676","E07000241","E05011065","E43000083","0","524725","0210830","1","E18000006","E40000007","E92000001","E12000006","5","E14001573","E15000006","E24000005","E30000272","E16000150","E07000241","26ULGS","E00121572","26ULGS","E65000001","E01023942","E02004988","5","1C3","E00121572","E01023942","E02004988","E33027652","E38000049","E63011463","C1","8B2",51.782248,-0.193310,"E37000048","","E23000027",20827,"E56000035","E54000025","E00121572","E01023942","E02004988"
"AL7 4EF","AL7  4EF","AL7 4EF","198001","","E10000015","E58000676","E07000241","E05011065","E43000083","0","524565","0210849","1","E18000006","E40000007","E92000001","E12000006","5","E14001573","E15000006","E24000005","E30000272","E16000150","E07000241","26ULGS","E00121572","26ULGS","E65000001","E01023942","E02004988","5","1C3","E00121572","E01023942","E02004988","E33027652","E38000049","E63011463","C1","8B2",51.782448,-0.195647,"E37000048","","E23000027",20827,"E56000035","E54000025","E00121572","E01023942","E02004988"
"AL7 4EG","AL7  4EG","AL7 4EG","198001","","E10000015","E58000676","E07000241","E05011065","E43000083","0","524337","0210843","1","E18000006","E40000007","E92000001","E12000006","5","E14001573","E15000006","E24000005","E30000272","E16000150","E07000241","26ULGS","E00121573","26ULGS","E65000001","E01023941","E02004988","5","5B1","E00173220","E01023941","E02004988","E33027651","E38000049","E63011463","C1","7A3",51.782444,-0.198952,"E37000048","","E23000027",18126,"E56000035","E54000025","E00173220","E01035607","E02004988"
"AL7 4EH","AL7  4EH","AL7 4EH","198001","","E10000015","E58000676","E07000241","E05011065","E43000083","0","523998","0211077","1","E18000006","E40000007","E92000001","E12000006","5","E14001573","E15000006","E24000005","E30000272","E16000150","E07000241","26ULGS","E00121568","26ULGS","E65000001","E01023941","E02004988","5","7A2","E00173218","E01023941","E02004988","E33027651","E38000049","E63011463","C1","4A3",51.784622,-0.203780,"E37000048","","E23000027",18126,"E56000035","E54000025","E00173218","E01035606","E02004988"
"AL7 4EJ","AL7  4EJ","AL7 4EJ","198001","","E10000015","E58000676","E07000241","E05011065","E43000083","0","523995","0211123","1","E18000006","E40000007","E92000001","E12000006","5","E14001573","E15000006","E24000005","E30000272","E16000150","E07000241","26ULGS","E00121568","26ULGS","E65000001","E01023941","E02004988","5","7A2","E00173218","E01023941","E02004988","E33027651","E38000049","E63011463","C1","4A3",51.785043,-0.203782,"E37000048","","E23000027",18126,"E56000035","E54000025","E00173218","E01035606","E02004988"
"AL7 4EL","AL7  4EL","AL7 4EL","201804","","E10000015","E58000676","E07000241","E05011066","E43000083","0","525300","0210921","1","E18000006","E40000007","E92000001","E12000006","5","E14001573","E15000006","E24000005","E30000272","E16000150","E07000241","26ULGT","E00121574","26ULGT","E65000001","E01023946","E02004987","5","7A2","E00173215","E01023946","E02004987","E33027645","E38000049","E63011463","C1","4A2",51.782937,-0.184946,"E37000048","","E23000027",26396,"E56000035","E54000025","E00190325","E01023946","E02004987"
"AL7 4EN","AL7  4EN","AL7 4EN","199806","","E10000015","E58000676","E07000241","E05011066","E43000083","1","525668","0210985","1","E18000006","E40000007","E92000001","E12000006","5","E14001573","E15000006","E24000005","E30000272","E16000150","E07000241","26ULGT","E00121577","26ULGT","E65000001","E01023946","E02004987","5","1C3","E00121577","E01023946","E02004987","E33027646","E38000049","E63011463","C1","8A1",51.783424,-0.179616,"E37000048","","E23000027",26396,"E56000035","E54000025","E00121577","E01023946","E02004987"
"AL7 4EP","AL7  4EP","AL7 4EP","201809","","E10000015","E58000676","E07000241","E05011066","E43000083","0","525249","0210920","1","E18000006","E40000007","E92000001","E12000006","5","E14001573","E15000006","E24000005","E30000272","E16000150","E07000241","26ULGT","E00121574","26ULGT","E65000001","E01023946","E02004987","5","7A2","E00173215","E01023946","E02004987","E33027645","E38000049","E63011463","C1","4A2",51.782940,-0.185685,"E37000048","","E23000027",26396,"E56000035","E54000025","E00190325","E01023946","E02004987"
"AL7 4EQ","AL7  4EQ","AL7 4EQ","198001","","E10000015","E58000676","E07000241","E05011065","E43000083","0","524028","0210904","1","E18000006","E40000007","E92000001","E12000006","5","E14001573","E15000006","E24000005","E30000272","E16000150","E07000241","26ULGS","E00121573","26ULGS","E65000001","E01023941","E02004988","5","5B1","E00173220","E01023941","E02004988","E33027651","E38000049","E63011463","C1","7A3",51.783068,-0.203382,"E37000048","","E23000027",18126,"E56000035","E54000025","E00173220","E01035607","E02004988"
"AL7 4ER","AL7  4ER","AL7 4ER","201803","","E10000015","E58000676","E07000241","E05011066","E43000083","0","525341","0210930","1","E18000006","E40000007","E92000001","E12000006","5","E14001573","E15000006","E24000005","E30000272","E16000150","E07000241","26ULGT","E00121574","26ULGT","E65000001","E01023946","E02004987","5","7A2","E00173215","E01023946","E02004987","E33027645","E38000049","E63011463","C1","4A2",51.783009,-0.184349,"E37000048","","E23000027",26396,"E56000035","E54000025","E00190325","E01023946","E02004987"
"AL7 4ES","AL7  4ES","AL7 4ES","201712","","E10000015","E58000676","E07000241","E05011066","E43000083","0","525105","0210810","1","E18000006","E40000007","E92000001","E12000006","5","E14001573","E15000006","E24000005","E30000272","E16000150","E07000241","26ULGT","E00121574","26ULGT","E65000001","E01023946","E02004987","5","7A2","E00173215","E01023946","E02004987","E33027645","E38000049","E63011463","C1","4A2",51.781983,-0.187812,"E37000048","","E23000027",26396,"E56000035","E54000025","E00190325","E01023946","E02004987"
"AL7 4ET","AL7  4ET","AL7 4ET","198001","","E10000015","E58000676","E07000241","E05011065","E43000083","0","524133","0211173","1","E18000006","E40000007","E92000001","E12000006","5","E14001573","E15000006","E24000005","E30000272","E16000150","E07000241","26ULGS","E00121568","26ULGS","E65000001","E01023941","E02004988","5","7A2","E00173218","E01023941","E02004988","E33027651","E38000049","E63011463","C1","4A3",51.785462,-0.201765,"E37000048","","E23000027",18126,"E56000035","E54000025","E00173218","E01035606","E02004988"
"AL7 4EU","AL7  4EU","AL7 4EU","198001","","E10000015","E58000676","E07000241","E05011065","E43000083","0","524400","0211157","1","E18000006","E40000007","E92000001","E12000006","5","E14001573","E15000006","E24000005","E30000272","E16000150","E07000241","26ULGS","E00121569","26ULGS","E65000001","E01023942","E02004988","5","7A2","E00121569","E01023942","E02004988","E33027651","E38000049","E63011463","C1","7A3",51.785259,-0.197902,"E37000048","","E23000027",20827,"E56000035","E54000025","E00121569","E01023942","E02004988"
"AL7 4EW","AL7  4EW","AL7 4EW","199007","","E10000015","E58000676","E07000241","E05011065","E43000083","0","524503","0210954","1","E18000006","E40000007","E92000001","E12000006","5","E14001573","E15000006","E24000005","E30000272","E16000150","E07000241","26ULGS","E00121570","26ULGS","E65000001","E01023941","E02004988","5","1A2","E00121570","E01023941","E02004988","E33027651","E38000049","E63011463","C1","8D2",51.783411,-0.196482,"E37000048","","E23000027",18126,"E56000035","E54000025","E00121570","E01035606","E02004988"
"AL7 4EX","AL7  4EX","AL7 4EX","198001","","E10000015","E58000676","E07000241","E05011065","E43000083","0","524522","0211161","1","E18000006","E40000007","E92000001","E12000006","5","E14001573","E15000006","E24000005","E30000272","E16000150","E07000241","26ULGS","E00121569","26ULGS","E65000001","E01023942","E02004988","5","7A2","E00121569","E01023942","E02004988","E33027651","E38000049","E63011463","C1","7A3",51.785261,-0.196158,"E37000048","","E23000027",20827,"E56000035","E54000025","E00121569","E01023942","E02004988"
"AL7 4EY","AL7  4EY","AL7 4EY","198001","","E10000015","E58000676","E07000241","E05011065","E43000083","0","524451","0211119","1","E18000006","E40000007","E92000001","E12000006","5","E14001573","E15000006","E24000005","E30000272","E16000150","E07000241","26ULGS","E00121569","26ULGS","E65000001","E01023942","E02004988","5","7A2","E00121569","E01023942","E02004988","E33027651","E38000049","E63011463","C1","7A3",51.784906,-0.197176,"E37000048","","E23000027",20827,"E56000035","E54000025","E00121569","E01023942","E02004988"
"AL7 4EZ","AL7  4EZ","AL7 4EZ","198001","","E10000015","E58000676","E07000241","E05011065","E43000083","0","524403","0211072","1","E18000006","E40000007","E92000001","E12000006","5","E14001573","E15000006","E24000005","E30000272","E16000150","E07000241","26ULGS","E00121569","26ULGS","E65000001","E01023942","E02004988","5","7A2","E00121569","E01023942","E02004988","E33027651","E38000049","E63011463","C1","7A3",51.784494,-0.197889,"E37000048","","E23000027",20827,"E56000035","E54000025","E00121569","E01023942","E02004988"
"AL7 4FA","AL7  4FA","AL7 4FA","200311","","E10000015","E58000676","E07000241","E05011065","E43000083","0","524210","0211441","1","E18000006","E40000007","E92000001","E12000006","5","E14001573","E15000006","E24000005","E30000272","E16000150","E07000241","26ULGS","E00121568","26ULGS","E65000001","E01023941","E02004988","5","7A2","E00173270","E01023941","E02004988","E33027650","E38000049","E63011463","C1","4C3",51.787847,-0.200578,"E37000048","","E23000027",18126,"E56000035","E54000025","E00173270","E01035606","E02004988"
"AL7 4FB","AL7  4FB","AL7 4FB","200310","","E10000015","E58000676","E07000241","E05011065","E43000083","0","524047","0211300","1","E18000006","E40000007","E92000001","E12000006","5","E14001573","E15000006","E24000005","E30000272","E16000150","E07000241","26ULGS","E00121568","26ULGS","E65000001","E01023941","E02004988","5","7A2","E00173270","E01023941","E02004988","E33027650","E38000049","E63011463","C1","4C3",51.786616,-0.202991,"E37000048","","E23000027",18126,"E56000035","E54000025","E00173270","E01035606","E02004988"
"AL7 4FD","AL7  4FD","AL7 4FD","200410","","E10000015","E58000676","E07000241","E05011065","E43000083","0","524297","0211451","1","E18000006","E40000007","E92000001","E12000006","5","E14001573","E15000006","E24000005","E30000272","E16000150","E07000241","26ULGS","E00121566","26ULGS","E65000001","E01023940","E02004988","5","1A3","E00121566","E01023940","E02004988","E33027649","E38000049","E63011463","C1","4A3",51.787917,-0.199314,"E37000048","","E23000027",19175,"E56000035","E54000025","E00121566","E01023940","E02004988"
"AL7 4FE","AL7  4FE","AL7 4FE","200308","","E10000015","E58000676","E07000241","E05011065","E43000083","0","524170","0211241","1","E18000006","E40000007","E92000001","E12000006","5","E14001573","E15000006","E24000005","E30000272","E16000150","E07000241","26ULGS","E00121568","26ULGS","E65000001","E01023941","E02004988","5","7A2","E00173221","E01023941","E02004988","E33027651","E38000049","E63011463","C1","2D1",51.786058,-0.201230,"E37000048","","E23000027",18126,"E56000035","E54000025","E00173221","E01035606","E02004988"
"AL7 4FF","AL7  4FF","AL7 4FF","200304","","E10000015","E58000676","E07000241","E05011065","E43000083","0","524200","0211234","1","E18000006","E40000007","E92000001","E12000006","5","E14001573","E15000006","E24000005","E30000272","E16000150","E07000241","26ULGS","E00121568","26ULGS","E65000001","E01023941","E02004988","5","7A2","E00173221","E01023941","E02004988","E33027651","E38000049","E63011463","C1","2D1",51.785989,-0.200797,"E37000048","","E23000027",18126,"E56000035","E54000025","E00173221","E01035606","E02004988"
"AL7 4FG","AL7  4FG","AL7 4FG","200309","","E10000015","E58000676","E07000241","E05011065","E43000083","0","524205","0211280","1","E18000006","E40000007","E92000001","E12000006","5","E14001573","E15000006","E24000005","E30000272","E16000150","E07000241","26ULGS","E00121568","26ULGS","E65000001","E01023941","E02004988","5","7A2","E00173270","E01023941","E02004988","E33027650","E38000049","E63011463","C1","4C3",51.786401,-0.200708,"E37000048","","E23000027",18126,"E56000035","E54000025","E00173270","E01035606","E02004988"
"AL7 4FH","AL7  4FH","AL7 4FH","200403","","E10000015","E58000676","E07000241","E05011065","E43000083","0","524135","0211315","1","E18000006","E40000007","E92000001","E12000006","5","E14001573","E15000006","E24000005","E30000272","E16000150","E07000241","26ULGS","E00121568","26ULGS","E65000001","E01023941","E02004988","5","7A2","E00173270","E01023941","E02004988","E33027650","E38000049","E63011463","C1","4C3",51.786731,-0.201710,"E37000048","","E23000027",18126,"E56000035","E54000025","E00173270","E01035606","E02004988"
"AL7 4FJ","AL7  4FJ","AL7 4FJ","200308","","E10000015","E58000676","E07000241","E05011065","E43000083","0","524214","0211369","1","E18000006","E40000007","E92000001","E12000006","5","E14001573","E15000006","E24000005","E30000272","E16000150","E07000241","26ULGS","E00121566","26ULGS","E65000001","E01023940","E02004988","5","1A3","E00121566","E01023940","E02004988","E33027649","E38000049","E63011463","C1","4A3",51.787199,-0.200546,"E37000048","","E23000027",19175,"E56000035","E54000025","E00121566","E01023940","E02004988"
"AL7 4FL","AL7  4FL","AL7 4FL","200308","","E10000015","E58000676","E07000241","E05011065","E43000083","0","524241","0211403","1","E18000006","E40000007","E92000001","E12000006","5","E14001573","E15000006","E24000005","E30000272","E16000150","E07000241","26ULGS","E00121566","26ULGS","E65000001","E01023940","E02004988","5","1A3","E00121566","E01023940","E02004988","E33027649","E38000049","E63011463","C1","4A3",51.787498,-0.200143,"E37000048","","E23000027",19175,"E56000035","E54000025","E00121566","E01023940","E02004988"
"AL7 4FN","AL7  4FN","AL7 4FN","200501","","E10000015","E58000676","E07000241","E05011065","E43000083","0","524188","0211460","1","E18000006","E40000007","E92000001","E12000006","5","E14001573","E15000006","E24000005","E30000272","E16000150","E07000241","26ULGS","E00121568","26ULGS","E65000001","E01023941","E02004988","5","7A2","E00173270","E01023941","E02004988","E33027650","E38000049","E63011463","C1","4C3",51.788022,-0.200890,"E37000048","","E23000027",18126,"E56000035","E54000025","E00173270","E01035606","E02004988"
"AL7 4FP","AL7  4FP","AL7 4FP","201807","","E10000015","E58000676","E07000241","E05011066","E43000083","0","525155","0210948","1","E18000006","E40000007","E92000001","E12000006","5","E14001573","E15000006","E24000005","E30000272","E16000150","E07000241","26ULGT","E00121574","26ULGT","E65000001","E01023946","E02004987","5","7A2","E00173215","E01023946","E02004987","E33027645","E38000049","E63011463","C1","4A2",51.783212,-0.187037,"E37000048","","E23000027",26396,"E56000035","E54000025","E00190325","E01023946","E02004987"
"AL7 4FQ","AL7  4FQ","AL7 4FQ","200308","","E10000015","E58000676","E07000241","E05011065","E43000083","0","524237","0211232","1","E18000006","E40000007","E92000001","E12000006","5","E14001573","E15000006","E24000005","E30000272","E16000150","E07000241","26ULGS","E00121568","26ULGS","E65000001","E01023941","E02004988","5","7A2","E00173221","E01023941","E02004988","E33027651","E38000049","E63011463","C1","2D1",51.785962,-0.200262,"E37000048","","E23000027",18126,"E56000035","E54000025","E00173221","E01035606","E02004988"
"AL7 4FR","AL7  4FR","AL7 4FR","201812","","E10000015","E58000676","E07000241","E05011066","E43000083","0","525282","0210893","1","E18000006","E40000007","E92000001","E12000006","5","E14001573","E15000006","E24000005","E30000272","E16000150","E07000241","26ULGT","E00121574","26ULGT","E65000001","E01023946","E02004987","5","7A2","E00173215","E01023946","E02004987","E33027645","E38000049","E63011463","C1","4A2",51.782690,-0.185217,"E37000048","","E23000027",26396,"E56000035","E54000025","E00190325","E01023946","E02004987"
"AL7 4FS","AL7  4FS","AL7 4FS","202010","","E10000015","E58000676","E07000241","E05011066","E43000083","0","525363","0210997","1","E18000006","E40000007","E92000001","E12000006","5","E14001573","E15000006","E24000005","E30000272","E16000150","E07000241","26ULGT","E00121574","26ULGT","E65000001","E01023946","E02004987","5","7A2","E00173215","E01023946","E02004987","E33027645","E38000049","E63011463","C1","4A2",51.783606,-0.184006,"E37000048","","E23000027",26396,"E56000035","E54000025","E00190325","E01023946","E02004987"
"AL7 4FT","AL7  4FT","AL7 4FT","202009","","E10000015","E58000676","E07000241","E05011066","E43000083","0","525367","0210954","1","E18000006","E40000007","E92000001","E12000006","5","E14001573","E15000006","E24000005","E30000272","E16000150","E07000241","26ULGT","E00121574","26ULGT","E65000001","E01023946","E02004987","5","7A2","E00173215","E01023946","E02004987","E33027645","E38000049","E63011463","C1","4A2",51.783219,-0.183963,"E37000048","","E23000027",26396,"E56000035","E54000025","E00190325","E01023946","E02004987"
"AL7 4FU","AL7  4FU","AL7 4FU","202009","","E10000015","E58000676","E07000241","E05011066","E43000083","0","525591","0211695","1","E18000006","E40000007","E92000001","E12000006","5","E14001573","E15000006","E24000005","E30000272","E16000150","E07000241","26ULGT","E00121575","26ULGT","E65000001","E01023946","E02004987","5","4A2","E00121575","E01023946","E02004987","E33027645","E38000049","E63011463","C1","6B1",51.789828,-0.180450,"E37000048","","E23000027",26396,"E56000035","E54000025","E00121575","E01023946","E02004987"
"AL7 4FW","AL7  4FW","AL7 4FW","202112","","E10000015","E58000676","E07000241","E05011066","E43000083","0","526550","0211700","1","E18000006","E40000007","E92000001","E12000006","5","E14001573","E15000006","E24000005","E30000272","E16000150","E07000241","26ULGT","E00121589","26ULGT","E65000001","E01023945","E02004987","5","1A2","E00121589","E01023945","E02004987","E33027647","E38000049","","C1","8D2",51.789952,-0.167017,"E37000048","","E23000027",19526,"E56000035","E54000025","E00121589","E01023945","E02004987"
"AL7 4FX","AL7  4FX","AL7 4FX","202401","","E10000015","E58000676","E07000241","E05011065","E43000083","0","524781","0211791","1","E18000006","E40000007","E92000001","E12000006","5","E14001573","E15000006","E24000005","E30000272","E16000150","E07000241","26ULGS","E00121563","26ULGS","E65000001","E01023939","E02004988","5","5A2","E00121563","E01023939","E02004988","E33027649","E38000049","E63011463","C1","7D3",51.790879,-0.192037,"E37000048","","E23000027",15456,"E56000035","E54000025","E00121563","E01023939","E02004988"
"AL7 4GH","AL7  4GH","AL7 4GH","200905","","E10000015","E58000623","E07000241","E05011069","E43000083","1","524487","0213299","1","E18000006","E40000007","E92000001","E12000006","5","E14001573","E15000006","E24000005","E30000272","E16000150","E07000241","26ULGX","E00121637","26ULGX","E65000001","E01023954","E02004986","5","5B2","E00121637","E01023954","E02004986","E33024496","E38000049","E63011463","C1","7A3",51.804482,-0.195898,"E37000048","","E23000027",7164,"E56000035","E54000025","E00190264","E01035604","E02004986"
"AL7 4GN","AL7  4GN","AL7 4GN","201407","","E10000015","E58000676","E07000241","E05011066","E43000083","0","525216","0210891","1","E18000006","E40000007","E92000001","E12000006","5","E14001573","E15000006","E24000005","E30000272","E16000150","E07000241","26ULGT","E00121574","26ULGT","E65000001","E01023946","E02004987","5","7A2","E00173215","E01023946","E02004987","E33027645","E38000049","E63011463","C1","4A2",51.782686,-0.186174,"E37000048","","E23000027",26396,"E56000035","E54000025","E00190325","E01023946","E02004987"
"AL7 4GS","AL7  4GS","AL7 4GS","199512","200006","E10000015","E58000676","E07000241","E05011065","E43000083","1","525002","0211201","6","E18000006","E40000007","E92000001","E12000006","5","E14001573","E15000006","E24000005","E30000272","E16000150","E07000241","26ULGS","E00121567","26ULGS","E65000001","E01023942","E02004988","5","1B1","E00121567","E01023942","E02004988","E33027652","E38000049","E63011463","C1","4A1",51.785514,-0.189188,"E37000048","","E23000027",20827,"E56000035","E54000025","E00121567","E01023942","E02004988"
"AL7 4HA","AL7  4HA","AL7 4HA","198001","","E10000015","E58000676","E07000241","E05011065","E43000083","0","524397","0211057","1","E18000006","E40000007","E92000001","E12000006","5","E14001573","E15000006","E24000005","E30000272","E16000150","E07000241","26ULGS","E00121570","26ULGS","E65000001","E01023941","E02004988","5","1A2","E00121570","E01023941","E02004988","E33027651","E38000049","E63011463","C1","8D2",51.784361,-0.197981,"E37000048","","E23000027",18126,"E56000035","E54000025","E00121570","E01035606","E02004988"
"AL7 4HB","AL7  4HB","AL7 4HB","198001","","E10000015","E58000676","E07000241","E05011065","E43000083","0","524691","0211000","1","E18000006","E40000007","E92000001","E12000006","5","E14001573","E15000006","E24000005","E30000272","E16000150","E07000241","26ULGS","E00121556","26ULGS","E65000001","E01023942","E02004988","5","1A3","E00121556","E01023942","E02004988","E33027652","E38000049","E63011463","C1","8D2",51.783783,-0.193742,"E37000048","","E23000027",20827,"E56000035","E54000025","E00121556","E01023942","E02004988"
"AL7 4HD","AL7  4HD","AL7 4HD","198001","","E10000015","E58000676","E07000241","E05011065","E43000083","0","524940","0211004","1","E18000006","E40000007","E92000001","E12000006","5","E14001573","E15000006","E24000005","E30000272","E16000150","E07000241","26ULGS","E00121571","26ULGS","E65000001","E01023942","E02004988","5","6B2","E00121571","E01023942","E02004988","E33027652","E38000049","E63011463","C1","5A2",51.783763,-0.190132,"E37000048","","E23000027",20827,"E56000035","E54000025","E00121571","E01023942","E02004988"
"AL7 4HE","AL7  4HE","AL7 4HE","198001","","E10000015","E58000676","E07000241","E05011065","E43000083","0","525067","0211064","1","E18000006","E40000007","E92000001","E12000006","5","E14001573","E15000006","E24000005","E30000272","E16000150","E07000241","26ULGS","E00121567","26ULGS","E65000001","E01023942","E02004988","5","1B1","E00121567","E01023942","E02004988","E33027652","E38000049","E63011463","C1","4A1",51.784274,-0.188271,"E37000048","","E23000027",20827,"E56000035","E54000025","E00121567","E01023942","E02004988"
"AL7 4HF","AL7  4HF","AL7 4HF","198001","","E10000015","E58000676","E07000241","E05011066","E43000083","0","525251","0211161","1","E18000006","E40000007","E92000001","E12000006","5","E14001573","E15000006","E24000005","E30000272","E16000150","E07000241","26ULGT","E00121574","26ULGT","E65000001","E01023946","E02004987","5","7A2","E00173215","E01023946","E02004987","E33027645","E38000049","E63011463","C1","4A2",51.785099,-0.185595,"E37000048","","E23000027",26396,"E56000035","E54000025","E00190326","E01023946","E02004987"
"AL7 4HG","AL7  4HG","AL7 4HG","198001","","E10000015","E58000676","E07000241","E05011066","E43000083","0","525231","0211108","1","E18000006","E40000007","E92000001","E12000006","5","E14001573","E15000006","E24000005","E30000272","E16000150","E07000241","26ULGT","E00121574","26ULGT","E65000001","E01023946","E02004987","5","7A2","E00173215","E01023946","E02004987","E33027645","E38000049","E63011463","C1","4A2",51.784627,-0.185904,"E37000048","","E23000027",26396,"E56000035","E54000025","E00190326","E01023946","E02004987"
"AL7 4HH","AL7  4HH","AL7 4HH","200212","202206","E10000015","E58000676","E07000241","E05011066","E43000083","0","525363","0210966","1","E18000006","E40000007","E92000001","E12000006","5","E14001573","E15000006","E24000005","E30000272","E16000150","E07000241","26ULGT","E00121574","26ULGT","E65000001","E01023946","E02004987","5","7A2","E00173215","E01023946","E02004987","E33027645","E38000049","E63011463","C1","4A2",51.783327,-0.184017,"E37000048","","E23000027",26396,"E56000035","E54000025","E00190325","E01023946","E02004987"
"AL7 4HJ","AL7  4HJ","AL7 4HJ","198001","","E10000015","E58000627","E07000241","E05011062","E04004819","0","524997","0210699","1","E18000006","E40000007","E92000001","E12000006","5","E14001573","E15000006","E24000005","E30000272","E16000150","E07000241","26ULGN","E00121491","26ULGN","E65000001","E01023925","E02004990","5","4A1","E00173212","E01023925","E02004990","E33027660","E38000049","E63011463","F1","5B3",51.781004,-0.189441,"E37000048","","E23000027",10810,"E56000035","E54000025","E00190320","E01023925","E02004990"
"AL7 4HL","AL7  4HL","AL7 4HL","198001","","E10000015","E58000676","E07000241","E05011065","E43000083","0","524835","0210869","1","E18000006","E40000007","E92000001","E12000006","5","E14001573","E15000006","E24000005","E30000272","E16000150","E07000241","26ULGS","E00121571","26ULGS","E65000001","E01023942","E02004988","5","6B2","E00121571","E01023942","E02004988","E33027652","E38000049","E63011463","C1","5A2",51.782567,-0.191727,"E37000048","","E23000027",20827,"E56000035","E54000025","E00121571","E01023942","E02004988"
"AL7 4HN","AL7  4HN","AL7 4HN","198001","","E10000015","E58000676","E07000241","E05011065","E43000083","0","524880","0210950","1","E18000006","E40000007","E92000001","E12000006","5","E14001573","E15000006","E24000005","E30000272","E16000150","E07000241","26ULGS","E00121571","26ULGS","E65000001","E01023942","E02004988","5","6B2","E00121571","E01023942","E02004988","E33027652","E38000049","E63011463","C1","5A2",51.783285,-0.191046,"E37000048","","E23000027",20827,"E56000035","E54000025","E00121571","E01023942","E02004988"
"AL7 4HP","AL7  4HP","AL7 4HP","198001","","E10000015","E58000676","E07000241","E05011065","E43000083","0","524480","0211001","1","E18000006","E40000007","E92000001","E12000006","5","E14001573","E15000006","E24000005","E30000272","E16000150","E07000241","26ULGS","E00121570","26ULGS","E65000001","E01023941","E02004988","5","1A2","E00121570","E01023941","E02004988","E33027651","E38000049","E63011463","C1","8D2",51.783839,-0.196798,"E37000048","","E23000027",18126,"E56000035","E54000025","E00121570","E01035606","E02004988"
"AL7 4HQ","AL7  4HQ","AL7 4HQ","198001","","E10000015","E58000676","E07000241","E05011066","E43000083","1","525046","0210963","1","E18000006","E40000007","E92000001","E12000006","5","E14001573","E15000006","E24000005","E30000272","E16000150","E07000241","26ULGT","E00121574","26ULGT","E65000001","E01023946","E02004987","5","7A2","E00173214","E01023946","E02004987","E33027645","E38000049","E63011463","C1","3C1",51.783371,-0.188611,"E37000048","","E23000027",26396,"E56000035","E54000025","E00173214","E01023946","E02004987"
"AL7 4HR","AL7  4HR","AL7 4HR","198001","","E10000015","E58000676","E07000241","E05011065","E43000083","0","524350","0211009","1","E18000006","E40000007","E92000001","E12000006","5","E14001573","E15000006","E24000005","E30000272","E16000150","E07000241","26ULGS","E00121557","26ULGS","E65000001","E01023941","E02004988","5","1C3","E00121557","E01023941","E02004988","E33027651","E38000049","E63011463","C1","8D2",51.783940,-0.198679,"E37000048","","E23000027",18126,"E56000035","E54000025","E00121557","E01035606","E02004988"
"AL7 4HS","AL7  4HS","AL7 4HS","198001","","E10000015","E58000676","E07000241","E05011065","E43000083","0","524303","0211053","1","E18000006","E40000007","E92000001","E12000006","5","E14001573","E15000006","E24000005","E30000272","E16000150","E07000241","26ULGS","E00121570","26ULGS","E65000001","E01023941","E02004988","5","1A2","E00121570","E01023941","E02004988","E33027651","E38000049","E63011463","C1","8D2",51.784339,-0.199370,"E37000048","","E23000027",18126,"E56000035","E54000025","E00121570","E01035606","E02004988"
"AL7 4HT","AL7  4HT","AL7 4HT","198001","","E10000015","E58000676","E07000241","E05011065","E43000083","0","524095","0211136","1","E18000006","E40000007","E92000001","E12000006","5","E14001573","E15000006","E24000005","E30000272","E16000150","E07000241","26ULGS","E00121568","26ULGS","E65000001","E01023941","E02004988","5","7A2","E00173218","E01023941","E02004988","E33027651","E38000049","E63011463","C1","4A3",51.785138,-0.202329,"E37000048","","E23000027",18126,"E56000035","E54000025","E00173218","E01035606","E02004988"
"AL7 4HU","AL7  4HU","AL7 4HU","198001","200509","E10000015","E58000676","E07000241","E05011065","E43000083","0","524142","0211454","1","E18000006","E40000007","E92000001","E12000006","5","E14001573","E15000006","E24000005","E30000272","E16000150","E07000241","26ULGS","E00121568","26ULGS","E65000001","E01023941","E02004988","5","7A2","E00173270","E01023941","E02004988","E33027650","E38000049","E63011463","C1","4C3",51.787979,-0.201559,"E37000048","","E23000027",18126,"E56000035","E54000025","E00173270","E01035606","E02004988"
"AL7 4HW","AL7  4HW","AL7 4HW","198001","","E10000015","E58000676","E07000241","E05011065","E43000083","0","524667","0210961","1","E18000006","E40000007","E92000001","E12000006","5","E14001573","E15000006","E24000005","E30000272","E16000150","E07000241","26ULGS","E00121572","26ULGS","E65000001","E01023942","E02004988","5","1C3","E00121572","E01023942","E02004988","E33027652","E38000049","E63011463","C1","8B2",51.783438,-0.194103,"E37000048","","E23000027",20827,"E56000035","E54000025","E00121572","E01023942","E02004988"
"AL7 4HX","AL7  4HX","AL7 4HX","199412","","E10000015","E58000676","E07000241","E05011066","E43000083","0","525112","0210905","1","E18000006","E40000007","E92000001","E12000006","5","E14001573","E15000006","E24000005","E30000272","E16000150","E07000241","26ULGT","E00121574","26ULGT","E65000001","E01023946","E02004987","5","7A2","E00173214","E01023946","E02004987","E33027645","E38000049","E63011463","C1","3C1",51.782835,-0.187676,"E37000048","","E23000027",26396,"E56000035","E54000025","E00173214","E01023946","E02004987"
"AL7 4HY","AL7  4HY","AL7 4HY","198504","200801","E10000015","E58000676","E07000241","E05011065","E43000083","0","523560","0211254","1","E18000006","E40000007","E92000001","E12000006","5","E14001573","E15000006","E24000005","E30000272","E16000150","E07000241","26ULGS","E00121573","26ULGS","E65000001","E01023941","E02004988","5","5B1","E00173223","E01023941","E02004988","E33027651","E38000049","E63011463","D1","2C1",51.786310,-0.210064,"E37000048","","E23000027",18126,"E56000035","E54000025","E00173223","E01035607","E02004988"
"AL7 4HZ","AL7  4HZ","AL7 4HZ","199201","","E10000015","E58000676","E07000241","E05011065","E43000083","0","524821","0210820","1","E18000006","E40000007","E92000001","E12000006","5","E14001573","E15000006","E24000005","E30000272","E16000150","E07000241","26ULGS","E00121571","26ULGS","E65000001","E01023942","E02004988","5","6B2","E00121571","E01023942","E02004988","E33027652","E38000049","E63011463","C1","5A2",51.782136,-0.191923,"E37000048","","E23000027",20827,"E56000035","E54000025","E00121571","E01023942","E02004988"
"AL7 4JA","AL7  4JA","AL7 4JA","199201","","E10000015","E58000627","E07000241","E05011062","E04004819","0","524807","0210716","1","E18000006","E40000007","E92000001","E12000006","5","E14001573","E15000006","E24000005","E30000272","E16000150","E07000241","26ULGN","E00121491","26ULGN","E65000001","E01023925","E02004990","5","4A1","E00173212","E01023925","E02004990","E33027660","E38000049","E63011463","F1","5B3",51.781205,-0.192163,"E37000048","","E23000027",10810,"E56000035","E54000025","E00190320","E01023925","E02004990"
"AL7 4JB","AL7  4JB","AL7 4JB","199201","","E10000015","E58000627","E07000241","E05011062","E04004819","0","524874","0210716","1","E18000006","E40000007","E92000001","E12000006","5","E14001573","E15000006","E24000005","E30000272","E16000150","E07000241","26ULGN","E00121491","26ULGN","E65000001","E01023925","E02004990","5","4A1","E00173212","E01023925","E02004990","E33027660","E38000049","E63011463","F1","5B3",51.781190,-0.191192,"E37000048","","E23000027",10810,"E56000035","E54000025","E00190320","E01023925","E02004990"
"AL7 4JD","AL7  4JD","AL7 4JD","199308","200302","E10000015","E58000623","E07000241","E05011069","E43000083","1","524487","0213299","1","E18000006","E40000007","E92000001","E12000006","5","E14001573","E15000006","E24000005","E30000272","E16000150","E07000241","26ULGX","E00121637","26ULGX","E65000001","E01023954","E02004986","5","5B2","E00121637","E01023954","E02004986","E33024496","E38000049","E63011463","C1","7A3",51.804482,-0.195898,"E37000048","","E23000027",7164,"E56000035","E54000025","E00190264","E01035604","E02004986"
"AL7 4JE","AL7  4JE","AL7 4JE","199412","199512","E10000015","E58000676","E07000241","E05011065","E43000083","1","524700","0210800","8","E18000006","E40000007","E92000001","E12000006","5","E14001573","E15000006","E24000005","E30000272","E16000150","E07000241","26ULGS","E00121572","26ULGS","E65000001","E01023942","E02004988","5","1C3","E00121572","E01023942","E02004988","E33027652","E38000049","E63011463","C1","8B2",51.781977,-0.193708,"E37000048","","E23000027",20827,"E56000035","E54000025","E00121572","E01023942","E02004988"
"AL7 4JF","AL7  4JF","AL7 4JF","199501","200006","E10000015","E58000676","E07000241","E05011065","E43000083","1","525002","0211201","6","E18000006","E40000007","E92000001","E12000006","5","E14001573","E15000006","E24000005","E30000272","E16000150","E07000241","26ULGS","E00121567","26ULGS","E65000001","E01023942","E02004988","5","1B1","E00121567","E01023942","E02004988","E33027652","E38000049","E63011463","C1","4A1",51.785514,-0.189188,"E37000048","","E23000027",20827,"E56000035","E54000025","E00121567","E01023942","E02004988"
"AL7 4JG","AL7  4JG","AL7 4JG","200112","200502","E10000015","E58000676","E07000241","E05011065","E43000083","0","524445","0211538","5","E18000006","E40000007","E92000001","E12000006","5","E14001573","E15000006","E24000005","E30000272","E16000150","E07000241","26ULGS","E00121564","26ULGS","E65000001","E01023940","E02004988","5","1A3","E00121564","E01023940","E02004988","E33027649","E38000049","E63011463","C1","8D2",51.788666,-0.197138,"E37000048","","E23000027",19175,"E56000035","E54000025","E00121564","E01023940","E02004988"
"AL7 4JH","AL7  4JH","AL7 4JH","198001","","E10000015","E58000676","E07000241","E05011065","E43000083","0","524445","0211545","1","E18000006","E40000007","E92000001","E12000006","5","E14001573","E15000006","E24000005","E30000272","E16000150","E07000241","26ULGS","E00121564","26ULGS","E65000001","E01023940","E02004988","5","1A3","E00121564","E01023940","E02004988","E33027649","E38000049","E63011463","C1","8D2",51.788736,-0.197111,"E37000048","","E23000027",19175,"E56000035","E54000025","E00121564","E01023940","E02004988"
"AL7 4JJ","AL7  4JJ","AL7 4JJ","198001","","E10000015","E58000676","E07000241","E05011065","E43000083","0","524440","0211687","1","E18000006","E40000007","E92000001","E12000006","5","E14001573","E15000006","E24000005","E30000272","E16000150","E07000241","26ULGS","E00121559","26ULGS","E65000001","E01023940","E02004988","5","6D1","E00121559","E01023940","E02004988","E33027649","E38000049","E63011463","C1","5A3",51.790006,-0.197158,"E37000048","","E23000027",19175,"E56000035","E54000025","E00121559","E01023940","E02004988"
"AL7 4JL","AL7  4JL","AL7 4JL","198001","","E10000015","E58000676","E07000241","E05011065","E43000083","0","524349","0211724","1","E18000006","E40000007","E92000001","E12000006","5","E14001573","E15000006","E24000005","E30000272","E16000150","E07000241","26ULGS","E00121559","26ULGS","E65000001","E01023940","E02004988","5","6D1","E00121559","E01023940","E02004988","E33027649","E38000049","E63011463","C1","5A3",51.790359,-0.198463,"E37000048","","E23000027",19175,"E56000035","E54000025","E00121559","E01023940","E02004988"
"AL7 4JN","AL7  4JN","AL7 4JN","198001","","E10000015","E58000676","E07000241","E05011065","E43000083","0","524393","0211556","1","E18000006","E40000007","E92000001","E12000006","5","E14001573","E15000006","E24000005","E30000272","E16000150","E07000241","26ULGS","E00121564","26ULGS","E65000001","E01023940","E02004988","5","1A3","E00121564","E01023940","E02004988","E33027649","E38000049","E63011463","C1","8D2",51.788839,-0.197886,"E37000048","","E23000027",19175,"E56000035","E54000025","E00121564","E01023940","E02004988"
"AL7 4JP","AL7  4JP","AL7 4JP","198001","","E10000015","E58000676","E07000241","E05011065","E43000083","0","524502","0211278","1","E18000006","E40000007","E92000001","E12000006","5","E14001573","E15000006","E24000005","E30000272","E16000150","E07000241","26ULGS","E00121566","26ULGS","E65000001","E01023940","E02004988","5","1A3","E00121566","E01023940","E02004988","E33027649","E38000049","E63011463","C1","4A3",51.786323,-0.196380,"E37000048","","E23000027",19175,"E56000035","E54000025","E00121566","E01023940","E02004988"
"AL7 4JQ","AL7  4JQ","AL7 4JQ","200112","","E10000015","E58000676","E07000241","E05011066","E43000083","0","525116","0211015","1","E18000006","E40000007","E92000001","E12000006","5","E14001573","E15000006","E24000005","E30000272","E16000150","E07000241","26ULGT","E00121574","26ULGT","E65000001","E01023946","E02004987","5","7A2","E00173214","E01023946","E02004987","E33027645","E38000049","E63011463","C1","3C1",51.783817,-0.187604,"E37000048","","E23000027",26396,"E56000035","E54000025","E00173214","E01023946","E02004987"
"AL7 4JR","AL7  4JR","AL7 4JR","198001","","E10000015","E58000676","E07000241","E05011065","E43000083","0","524543","0211386","1","E18000006","E40000007","E92000001","E12000006","5","E14001573","E15000006","E24000005","E30000272","E16000150","E07000241","26ULGS","E00121566","26ULGS","E65000001","E01023940","E02004988","5","1A3","E00121566","E01023940","E02004988","E33027649","E38000049","E63011463","C1","4A3",51.787278,-0.195773,"E37000048","","E23000027",19175,"E56000035","E54000025","E00121566","E01023940","E02004988"
"AL7 4JS","AL7  4JS","AL7 4JS","198001","","E10000015","E58000676","E07000241","E05011065","E43000083","0","524593","0211196","1","E18000006","E40000007","E92000001","E12000006","5","E14001573","E15000006","E24000005","E30000272","E16000150","E07000241","26ULGS","E00121569","26ULGS","E65000001","E01023942","E02004988","5","7A2","E00121569","E01023942","E02004988","E33027651","E38000049","E63011463","C1","7A3",51.785560,-0.195116,"E37000048","","E23000027",20827,"E56000035","E54000025","E00121569","E01023942","E02004988"
"AL7 4JT","AL7  4JT","AL7 4JT","198001","","E10000015","E58000676","E07000241","E05011065","E43000083","0","524575","0211044","1","E18000006","E40000007","E92000001","E12000006","5","E14001573","E15000006","E24000005","E30000272","E16000150","E07000241","26ULGS","E00121569","26ULGS","E65000001","E01023942","E02004988","5","7A2","E00121569","E01023942","E02004988","E33027651","E38000049","E63011463","C1","7A3",51.784204,-0.195406,"E37000048","","E23000027",20827,"E56000035","E54000025","E00121569","E01023942","E02004988"
"AL7 4JU","AL7  4JU","AL7 4JU","198001","","E10000015","E58000676","E07000241","E05011065","E43000083","0","524509","0211071","1","E18000006","E40000007","E92000001","E12000006","5","E14001573","E15000006","E24000005","E30000272","E16000150","E07000241","26ULGS","E00121569","26ULGS","E65000001","E01023942","E02004988","5","7A2","E00121569","E01023942","E02004988","E33027651","E38000049","E63011463","C1","7A3",51.784455,-0.196378,"E37000048","","E23000027",20827,"E56000035","E54000025","E00121569","E01023942","E02004988"
"AL7 4JW","AL7  4JW","AL7 4JW","198001","","E10000015","E58000676","E07000241","E05011065","E43000083","0","524525","0211323","1","E18000006","E40000007","E92000001","E12000006","5","E14001573","E15000006","E24000005","E30000272","E16000150","E07000241","26ULGS","E00121566","26ULGS","E65000001","E01023940","E02004988","5","1A3","E00121566","E01023940","E02004988","E33027649","E38000049","E63011463","C1","4A3",51.786723,-0.196031,"E37000048","","E23000027",19175,"E56000035","E54000025","E00121566","E01023940","E02004988"
"AL7 4JX","AL7  4JX","AL7 4JX","198001","","E10000015","E58000676","E07000241","E05011065","E43000083","0","524651","0211110","1","E18000006","E40000007","E92000001","E12000006","5","E14001573","E15000006","E24000005","E30000272","E16000150","E07000241","26ULGS","E00121556","26ULGS","E65000001","E01023942","E02004988","5","1A3","E00121556","E01023942","E02004988","E33027652","E38000049","E63011463","C1","8D2",51.784781,-0.194282,"E37000048","","E23000027",20827,"E56000035","E54000025","E00121556","E01023942","E02004988"
"AL7 4JY","AL7  4JY","AL7 4JY","198001","","E10000015","E58000676","E07000241","E05011065","E43000083","0","524674","0211061","1","E18000006","E40000007","E92000001","E12000006","5","E14001573","E15000006","E24000005","E30000272","E16000150","E07000241","26ULGS","E00121556","26ULGS","E65000001","E01023942","E02004988","5","1A3","E00121556","E01023942","E02004988","E33027652","E38000049","E63011463","C1","8D2",51.784335,-0.193966,"E37000048","","E23000027",20827,"E56000035","E54000025","E00121556","E01023942","E02004988"
"AL7 4JZ","AL7  4JZ","AL7 4JZ","198001","","E10000015","E58000676","E07000241","E05011065","E43000083","0","524701","0211133","1","E18000006","E40000007","E92000001","E12000006","5","E14001573","E15000006","E24000005","E30000272","E16000150","E07000241","26ULGS","E00121556","26ULGS","E65000001","E01023942","E02004988","5","1A3","E00121556","E01023942","E02004988","E33027652","E38000049","E63011463","C1","8D2",51.784976,-0.193549,"E37000048","","E23000027",20827,"E56000035","E54000025","E00121556","E01023942","E02004988"
"AL7 4LA","AL7  4LA","AL7 4LA","198001","","E10000015","E58000676","E07000241","E05011065","E43000083","0","524771","0211134","1","E18000006","E40000007","E92000001","E12000006","5","E14001573","E15000006","E24000005","E30000272","E16000150","E07000241","26ULGS","E00121567","26ULGS","E65000001","E01023942","E02004988","5","1B1","E00121567","E01023942","E02004988","E33027652","E38000049","E63011463","C1","4A1",51.784969,-0.192534,"E37000048","","E23000027",20827,"E56000035","E54000025","E00121567","E01023942","E02004988"
"AL7 4LB","AL7  4LB","AL7 4LB","198001","","E10000015","E58000676","E07000241","E05011065","E43000083","0","524848","0211168","1","E18000006","E40000007","E92000001","E12000006","5","E14001573","E15000006","E24000005","E30000272","E16000150","E07000241","26ULGS","E00121567","26ULGS","E65000001","E01023942","E02004988","5","1B1","E00121567","E01023942","E02004988","E33027652","E38000049","E63011463","C1","4A1",51.785258,-0.191406,"E37000048","","E23000027",20827,"E56000035","E54000025","E00121567","E01023942","E02004988"
"AL7 4LD","AL7  4LD","AL7 4LD","198001","","E10000015","E58000676","E07000241","E05011065","E43000083","0","524968","0211084","1","E18000006","E40000007","E92000001","E12000006","5","E14001573","E15000006","E24000005","E30000272","E16000150","E07000241","26ULGS","E00121571","26ULGS","E65000001","E01023942","E02004988","5","6B2","E00121571","E01023942","E02004988","E33027652","E38000049","E63011463","C1","5A2",51.784476,-0.189698,"E37000048","","E23000027",20827,"E56000035","E54000025","E00121571","E01023942","E02004988"
"AL7 4LE","AL7  4LE","AL7 4LE","198001","","E10000015","E58000676","E07000241","E05011065","E43000083","0","524939","0211054","1","E18000006","E40000007","E92000001","E12000006","5","E14001573","E15000006","E24000005","E30000272","E16000150","E07000241","26ULGS","E00121571","26ULGS","E65000001","E01023942","E02004988","5","6B2","E00121571","E01023942","E02004988","E33027652","E38000049","E63011463","C1","5A2",51.784213,-0.190129,"E37000048","","E23000027",20827,"E56000035","E54000025","E00121571","E01023942","E02004988"
"AL7 4LF","AL7  4LF","AL7 4LF","198001","","E10000015","E58000676","E07000241","E05011065","E43000083","0","524994","0211105","1","E18000006","E40000007","E92000001","E12000006","5","E14001573","E15000006","E24000005","E30000272","E16000150","E07000241","26ULGS","E00121567","26ULGS","E65000001","E01023942","E02004988","5","1B1","E00121567","E01023942","E02004988","E33027652","E38000049","E63011463","C1","4A1",51.784659,-0.189313,"E37000048","","E23000027",20827,"E56000035","E54000025","E00121567","E01023942","E02004988"
"AL7 4LG","AL7  4LG","AL7 4LG","198001","","E10000015","E58000676","E07000241","E05011065","E43000083","0","525012","0211169","1","E18000006","E40000007","E92000001","E12000006","5","E14001573","E15000006","E24000005","E30000272","E16000150","E07000241","26ULGS","E00121567","26ULGS","E65000001","E01023942","E02004988","5","1B1","E00121567","E01023942","E02004988","E33027652","E38000049","E63011463","C1","4A1",51.785230,-0.189030,"E37000048","","E23000027",20827,"E56000035","E54000025","E00121567","E01023942","E02004988"
"AL7 4LH","AL7  4LH","AL7 4LH","198001","","E10000015","E58000676","E07000241","E05011065","E43000083","0","524799","0211045","1","E18000006","E40000007","E92000001","E12000006","5","E14001573","E15000006","E24000005","E30000272","E16000150","E07000241","26ULGS","E00121556","26ULGS","E65000001","E01023942","E02004988","5","1A3","E00121556","E01023942","E02004988","E33027652","E38000049","E63011463","C1","8D2",51.784163,-0.192161,"E37000048","","E23000027",20827,"E56000035","E54000025","E00121556","E01023942","E02004988"
"AL7 4LJ","AL7  4LJ","AL7 4LJ","198001","","E10000015","E58000676","E07000241","E05011065","E43000083","0","524795","0211110","1","E18000006","E40000007","E92000001","E12000006","5","E14001573","E15000006","E24000005","E30000272","E16000150","E07000241","26ULGS","E00121567","26ULGS","E65000001","E01023942","E02004988","5","1B1","E00121567","E01023942","E02004988","E33027652","E38000049","E63011463","C1","4A1",51.784748,-0.192195,"E37000048","","E23000027",20827,"E56000035","E54000025","E00121567","E01023942","E02004988"
"AL7 4LL","AL7  4LL","AL7 4LL","198106","","E10000015","E58000676","E07000241","E05011065","E43000083","0","524454","0211260","1","E18000006","E40000007","E92000001","E12000006","5","E14001573","E15000006","E24000005","E30000272","E16000150","E07000241","26ULGS","E00121569","26ULGS","E65000001","E01023942","E02004988","5","7A2","E00121569","E01023942","E02004988","E33027651","E38000049","E63011463","C1","7A3",51.786166,-0.197108,"E37000048","","E23000027",20827,"E56000035","E54000025","E00121569","E01023942","E02004988"
"AL7 4LN","AL7  4LN","AL7 4LN","199208","199501","E10000015","E58000676","E07000241","E05011065","E43000083","1","524900","0211700","8","E18000006","E40000007","E92000001","E12000006","5","E14001573","E15000006","E24000005","E30000272","E16000150","E07000241","26ULGS","E00121562","26ULGS","E65000001","E01023939","E02004988","5","5B1","E00121562","E01023939","E02004988","E33027652","E38000049","E63011463","C1","7A3",51.790021,-0.190487,"E37000048","","E23000027",15456,"E56000035","E54000025","E00121562","E01023939","E02004988"
"AL7 4LP","AL7  4LP","AL7 4LP","201009","","E10000015","E58000676","E07000241","E05011066","E43000083","0","525116","0211015","1","E18000006","E40000007","E92000001","E12000006","5","E14001573","E15000006","E24000005","E30000272","E16000150","E07000241","26ULGT","E00121574","26ULGT","E65000001","E01023946","E02004987","5","7A2","E00173214","E01023946","E02004987","E33027645","E38000049","E63011463","C1","3C1",51.783817,-0.187604,"E37000048","","E23000027",26396,"E56000035","E54000025","E00173214","E01023946","E02004987"
"AL7 4LQ","AL7  4LQ","AL7 4LQ","198001","","E10000015","E58000676","E07000241","E05011065","E43000083","0","524853","0211079","1","E18000006","E40000007","E92000001","E12000006","5","E14001573","E15000006","E24000005","E30000272","E16000150","E07000241","26ULGS","E00121556","26ULGS","E65000001","E01023942","E02004988","5","1A3","E00121556","E01023942","E02004988","E33027652","E38000049","E63011463","C1","8D2",51.784457,-0.191366,"E37000048","","E23000027",20827,"E56000035","E54000025","E00121556","E01023942","E02004988"
"AL7 4LR","AL7  4LR","AL7 4LR","201009","","E10000015","E58000676","E07000241","E05011066","E43000083","0","525116","0211015","1","E18000006","E40000007","E92000001","E12000006","5","E14001573","E15000006","E24000005","E30000272","E16000150","E07000241","26ULGT","E00121574","26ULGT","E65000001","E01023946","E02004987","5","7A2","E00173214","E01023946","E02004987","E33027645","E38000049","E63011463","C1","3C1",51.783817,-0.187604,"E37000048","","E23000027",26396,"E56000035","E54000025","E00173214","E01023946","E02004987"
"AL7 4LT","AL7  4LT","AL7 4LT","198001","","E10000015","E58000676","E07000241","E05011066","E43000083","0","524965","0211733","1","E18000006","E40000007","E92000001","E12000006","5","E14001573","E15000006","E24000005","E30000272","E16000150","E07000241","26ULGS","E00121562","26ULGS","E65000001","E01023939","E02004988","5","5B1","E00121562","E01023939","E02004988","E33027652","E38000049","E63011463","C1","7A3",51.790309,-0.189508,"E37000048","","E23000027",15456,"E56000035","E54000025","E00121562","E01023939","E02004988"
"AL7 4LU","AL7  4LU","AL7 4LU","198001","","E10000015","E58000676","E07000241","E05011065","E43000083","0","524914","0211738","1","E18000006","E40000007","E92000001","E12000006","5","E14001573","E15000006","E24000005","E30000272","E16000150","E07000241","26ULGS","E00121562","26ULGS","E65000001","E01023939","E02004988","5","5B1","E00121562","E01023939","E02004988","E33027652","E38000049","E63011463","C1","7A3",51.790366,-0.190245,"E37000048","","E23000027",15456,"E56000035","E54000025","E00121562","E01023939","E02004988"
"AL7 4LW","AL7  4LW","AL7 4LW","199512","200302","E10000015","E58000623","E07000241","E05011069","E43000083","1","524487","0213299","1","E18000006","E40000007","E92000001","E12000006","5","E14001573","E15000006","E24000005","E30000272","E16000150","E07000241","26ULGX","E00121637","26ULGX","E65000001","E01023954","E02004986","5","5B2","E00121637","E01023954","E02004986","E33024496","E38000049","E63011463","C1","7A3",51.804482,-0.195898,"E37000048","","E23000027",7164,"E56000035","E54000025","E00190264","E01035604","E02004986"
"AL7 4LX","AL7  4LX","AL7 4LX","198001","","E10000015","E58000676","E07000241","E05011066","E43000083","1","524990","0211655","1","E18000006","E40000007","E92000001","E12000006","5","E14001573","E15000006","E24000005","E30000272","E16000150","E07000241","26ULGS","E00121562","26ULGS","E65000001","E01023939","E02004988","5","5B1","E00121562","E01023939","E02004988","E33027652","E38000049","E63011463","C1","7A3",51.789596,-0.189199,"E37000048","","E23000027",15456,"E56000035","E54000025","E00121562","E01023939","E02004988"
"AL7 4LY","AL7  4LY","AL7 4LY","198001","","E10000015","E58000676","E07000241","E05011066","E43000083","0","525055","0211696","1","E18000006","E40000007","E92000001","E12000006","5","E14001573","E15000006","E24000005","E30000272","E16000150","E07000241","26ULGS","E00121562","26ULGS","E65000001","E01023939","E02004988","5","5B1","E00121562","E01023939","E02004988","E33027652","E38000049","E63011463","C1","7A3",51.789950,-0.188242,"E37000048","","E23000027",15456,"E56000035","E54000025","E00121562","E01023939","E02004988"
"AL7 4LZ","AL7  4LZ","AL7 4LZ","198001","","E10000015","E58000676","E07000241","E05011066","E43000083","0","525057","0211628","1","E18000006","E40000007","E92000001","E12000006","5","E14001573","E15000006","E24000005","E30000272","E16000150","E07000241","26ULGS","E00121562","26ULGS","E65000001","E01023939","E02004988","5","5B1","E00121562","E01023939","E02004988","E33027652","E38000049","E63011463","C1","7A3",51.789339,-0.188238,"E37000048","","E23000027",15456,"E56000035","E54000025","E00121562","E01023939","E02004988"
"AL7 4NA","AL7  4NA","AL7 4NA","198001","","E10000015","E58000676","E07000241","E05011065","E43000083","0","524777","0211729","1","E18000006","E40000007","E92000001","E12000006","5","E14001573","E15000006","E24000005","E30000272","E16000150","E07000241","26ULGS","E00121563","26ULGS","E65000001","E01023939","E02004988","5","5A2","E00121563","E01023939","E02004988","E33027649","E38000049","E63011463","C1","7D3",51.790315,-0.192234,"E37000048","","E23000027",15456,"E56000035","E54000025","E00121563","E01023939","E02004988"
"AL7 4NB","AL7  4NB","AL7 4NB","198001","","E10000015","E58000676","E07000241","E05011065","E43000083","0","524612","0211767","1","E18000006","E40000007","E92000001","E12000006","5","E14001573","E15000006","E24000005","E30000272","E16000150","E07000241","26ULGS","E00121559","26ULGS","E65000001","E01023940","E02004988","5","6D1","E00121559","E01023940","E02004988","E33027649","E38000049","E63011463","C1","5A3",51.790693,-0.194611,"E37000048","","E23000027",19175,"E56000035","E54000025","E00121559","E01023940","E02004988"
"AL7 4ND","AL7  4ND","AL7 4ND","198001","201805","E10000015","E58000676","E07000241","E05011065","E43000083","1","524805","0211791","1","E18000006","E40000007","E92000001","E12000006","5","E14001573","E15000006","E24000005","E30000272","E16000150","E07000241","26ULGS","E00121563","26ULGS","E65000001","E01023939","E02004988","5","5A2","E00121563","E01023939","E02004988","E33027649","E38000049","E63011463","C1","7D3",51.790860,-0.191831,"E37000048","","E23000027",15456,"E56000035","E54000025","E00121563","E01023939","E02004988"
"AL7 4NE","AL7  4NE","AL7 4NE","198001","","E10000015","E58000676","E07000241","E05011065","E43000083","0","524848","0211768","1","E18000006","E40000007","E92000001","E12000006","5","E14001573","E15000006","E24000005","E30000272","E16000150","E07000241","26ULGS","E00121563","26ULGS","E65000001","E01023939","E02004988","5","5A2","E00121563","E01023939","E02004988","E33027649","E38000049","E63011463","C1","7D3",51.790650,-0.191191,"E37000048","","E23000027",15456,"E56000035","E54000025","E00121563","E01023939","E02004988"
"AL7 4NF","AL7  4NF","AL7 4NF","198001","","E10000015","E58000676","E07000241","E05011065","E43000083","0","524817","0211606","1","E18000006","E40000007","E92000001","E12000006","5","E14001573","E15000006","E24000005","E30000272","E16000150","E07000241","26ULGS","E00121562","26ULGS","E65000001","E01023939","E02004988","5","5B1","E00121562","E01023939","E02004988","E33027652","E38000049","E63011463","C1","7A3",51.789201,-0.191698,"E37000048","","E23000027",15456,"E56000035","E54000025","E00121562","E01023939","E02004988"
"AL7 4NG","AL7  4NG","AL7 4NG","198001","","E10000015","E58000676","E07000241","E05011065","E43000083","0","524745","0211588","1","E18000006","E40000007","E92000001","E12000006","5","E14001573","E15000006","E24000005","E30000272","E16000150","E07000241","26ULGS","E00121560","26ULGS","E65000001","E01023939","E02004988","5","1A3","E00121560","E01023939","E02004988","E33027649","E38000049","E63011463","C1","4A1",51.789055,-0.192748,"E37000048","","E23000027",15456,"E56000035","E54000025","E00121560","E01023939","E02004988"
"AL7 4NH","AL7  4NH","AL7 4NH","198001","","E10000015","E58000676","E07000241","E05011065","E43000083","0","524616","0211677","1","E18000006","E40000007","E92000001","E12000006","5","E14001573","E15000006","E24000005","E30000272","E16000150","E07000241","26ULGS","E00121560","26ULGS","E65000001","E01023939","E02004988","5","1A3","E00121560","E01023939","E02004988","E33027649","E38000049","E63011463","C1","4A1",51.789884,-0.194585,"E37000048","","E23000027",15456,"E56000035","E54000025","E00121560","E01023939","E02004988"
"AL7 4NJ","AL7  4NJ","AL7 4NJ","198001","","E10000015","E58000676","E07000241","E05011065","E43000083","0","524507","0211616","1","E18000006","E40000007","E92000001","E12000006","5","E14001573","E15000006","E24000005","E30000272","E16000150","E07000241","26ULGS","E00121564","26ULGS","E65000001","E01023940","E02004988","5","1A3","E00121564","E01023940","E02004988","E33027649","E38000049","E63011463","C1","8D2",51.789353,-0.196212,"E37000048","","E23000027",19175,"E56000035","E54000025","E00121564","E01023940","E02004988"
"AL7 4NL","AL7  4NL","AL7 4NL","198001","","E10000015","E58000676","E07000241","E05011065","E43000083","0","524605","0211645","1","E18000006","E40000007","E92000001","E12000006","5","E14001573","E15000006","E24000005","E30000272","E16000150","E07000241","26ULGS","E00121560","26ULGS","E65000001","E01023939","E02004988","5","1A3","E00121560","E01023939","E02004988","E33027649","E38000049","E63011463","C1","4A1",51.789592,-0.194782,"E37000048","","E23000027",15456,"E56000035","E54000025","E00121560","E01023939","E02004988"
"AL7 4NN","AL7  4NN","AL7 4NN","198001","","E10000015","E58000676","E07000241","E05011065","E43000083","0","524582","0211585","1","E18000006","E40000007","E92000001","E12000006","5","E14001573","E15000006","E24000005","E30000272","E16000150","E07000241","26ULGS","E00121564","26ULGS","E65000001","E01023940","E02004988","5","1A3","E00121564","E01023940","E02004988","E33027649","E38000049","E63011463","C1","8D2",51.789065,-0.195111,"E37000048","","E23000027",19175,"E56000035","E54000025","E00121564","E01023940","E02004988"
"AL7 4NP","AL7  4NP","AL7 4NP","198001","","E10000015","E58000676","E07000241","E05011065","E43000083","0","524528","0211485","1","E18000006","E40000007","E92000001","E12000006","5","E14001573","E15000006","E24000005","E30000272","E16000150","E07000241","26ULGS","E00121566","26ULGS","E65000001","E01023940","E02004988","5","1A3","E00121566","E01023940","E02004988","E33027649","E38000049","E63011463","C1","4A3",51.788178,-0.195929,"E37000048","","E23000027",19175,"E56000035","E54000025","E00121566","E01023940","E02004988"
"AL7 4NQ","AL7  4NQ","AL7 4NQ","198001","","E10000015","E58000676","E07000241","E05011065","E43000083","0","524673","0211702","1","E18000006","E40000007","E92000001","E12000006","5","E14001573","E15000006","E24000005","E30000272","E16000150","E07000241","26ULGS","E00121560","26ULGS","E65000001","E01023939","E02004988","5","1A3","E00121560","E01023939","E02004988","E33027649","E38000049","E63011463","C1","4A1",51.790096,-0.193750,"E37000048","","E23000027",15456,"E56000035","E54000025","E00121560","E01023939","E02004988"
"AL7 4NR","AL7  4NR","AL7 4NR","198001","","E10000015","E58000676","E07000241","E05011065","E43000083","0","524546","0211456","1","E18000006","E40000007","E92000001","E12000006","5","E14001573","E15000006","E24000005","E30000272","E16000150","E07000241","26ULGS","E00121566","26ULGS","E65000001","E01023940","E02004988","5","1A3","E00121566","E01023940","E02004988","E33027649","E38000049","E63011463","C1","4A3",51.787913,-0.195679,"E37000048","","E23000027",19175,"E56000035","E54000025","E00121566","E01023940","E02004988"
"AL7 4NS","AL7  4NS","AL7 4NS","198001","","E10000015","E58000676","E07000241","E05011065","E43000083","0","524665","0211468","1","E18000006","E40000007","E92000001","E12000006","5","E14001573","E15000006","E24000005","E30000272","E16000150","E07000241","26ULGS","E00121566","26ULGS","E65000001","E01023940","E02004988","5","1A3","E00121566","E01023940","E02004988","E33027649","E38000049","E63011463","C1","4A3",51.787995,-0.193950,"E37000048","","E23000027",19175,"E56000035","E54000025","E00121566","E01023940","E02004988"
"AL7 4NT","AL7  4NT","AL7 4NT","198001","","E10000015","E58000676","E07000241","E05011065","E43000083","0","524612","0211558","1","E18000006","E40000007","E92000001","E12000006","5","E14001573","E15000006","E24000005","E30000272","E16000150","E07000241","26ULGS","E00121560","26ULGS","E65000001","E01023939","E02004988","5","1A3","E00121560","E01023939","E02004988","E33027649","E38000049","E63011463","C1","4A1",51.788815,-0.194686,"E37000048","","E23000027",15456,"E56000035","E54000025","E00121560","E01023939","E02004988"
"AL7 4NU","AL7  4NU","AL7 4NU","198001","","E10000015","E58000676","E07000241","E05011065","E43000083","0","524693","0211553","1","E18000006","E40000007","E92000001","E12000006","5","E14001573","E15000006","E24000005","E30000272","E16000150","E07000241","26ULGS","E00121560","26ULGS","E65000001","E01023939","E02004988","5","1A3","E00121560","E01023939","E02004988","E33027649","E38000049","E63011463","C1","4A1",51.788746,-0.193539,"E37000048","","E23000027",15456,"E56000035","E54000025","E00121560","E01023939","E02004988"
"AL7 4NW","AL7  4NW","AL7 4NW","198001","","E10000015","E58000676","E07000241","E05011065","E43000083","0","524522","0211533","1","E18000006","E40000007","E92000001","E12000006","5","E14001573","E15000006","E24000005","E30000272","E16000150","E07000241","26ULGS","E00121564","26ULGS","E65000001","E01023940","E02004988","5","1A3","E00121564","E01023940","E02004988","E33027649","E38000049","E63011463","C1","8D2",51.788611,-0.195999,"E37000048","","E23000027",19175,"E56000035","E54000025","E00121564","E01023940","E02004988"
"AL7 4NX","AL7  4NX","AL7 4NX","198001","","E10000015","E58000676","E07000241","E05011065","E43000083","0","524686","0211438","1","E18000006","E40000007","E92000001","E12000006","5","E14001573","E15000006","E24000005","E30000272","E16000150","E07000241","26ULGS","E00121562","26ULGS","E65000001","E01023939","E02004988","5","5B1","E00121562","E01023939","E02004988","E33027652","E38000049","E63011463","C1","7A3",51.787720,-0.193657,"E37000048","","E23000027",15456,"E56000035","E54000025","E00121562","E01023939","E02004988"
"AL7 4NY","AL7  4NY","AL7 4NY","198001","201510","E10000015","E58000676","E07000241","E05011065","E43000083","1","524635","0211396","1","E18000006","E40000007","E92000001","E12000006","5","E14001573","E15000006","E24000005","E30000272","E16000150","E07000241","26ULGS","E00121562","26ULGS","E65000001","E01023939","E02004988","5","5B1","E00121562","E01023939","E02004988","E33027652","E38000049","E63011463","C1","7A3",51.787348,-0.194436,"E37000048","","E23000027",15456,"E56000035","E54000025","E00121562","E01023939","E02004988"
"AL7 4NZ","AL7  4NZ","AL7 4NZ","198001","","E10000015","E58000676","E07000241","E05011065","E43000083","0","524621","0211338","1","E18000006","E40000007","E92000001","E12000006","5","E14001573","E15000006","E24000005","E30000272","E16000150","E07000241","26ULGS","E00121562","26ULGS","E65000001","E01023939","E02004988","5","5B1","E00121562","E01023939","E02004988","E33027652","E38000049","E63011463","C1","7A3",51.786836,-0.194635,"E37000048","","E23000027",15456,"E56000035","E54000025","E00121562","E01023939","E02004988"
"AL7 4PA","AL7  4PA","AL7 4PA","198001","","E10000015","E58000676","E07000241","E05011065","E43000083","0","524771","0211838","1","E18000006","E40000007","E92000001","E12000006","5","E14001573","E15000006","E24000005","E30000272","E16000150","E07000241","26ULGS","E00121563","26ULGS","E65000001","E01023939","E02004988","5","5A2","E00121563","E01023939","E02004988","E33027649","E38000049","E63011463","C1","7D3",51.791290,-0.192307,"E37000048","","E23000027",15456,"E56000035","E54000025","E00121563","E01023939","E02004988"
"AL7 4PE","AL7  4PE","AL7 4PE","199109","199212","E10000015","E58000676","E07000241","E05011066","E43000083","1","525200","0211700","8","E18000006","E40000007","E92000001","E12000006","5","E14001573","E15000006","E24000005","E30000272","E16000150","E07000241","26ULGS","E00121558","26ULGS","E65000001","E01023939","E02004988","5","6B2","E00121558","E01023939","E02004988","E33027652","E38000049","E63011463","C1","8A1",51.789954,-0.186140,"E37000048","","E23000027",15456,"E56000035","E54000025","E00121558","E01023939","E02004988"
"AL7 4PF","AL7  4PF","AL7 4PF","199208","199501","E10000015","E58000676","E07000241","E05011066","E43000083","1","525700","0211600","8","E18000006","E40000007","E92000001","E12000006","5","E14001573","E15000006","E24000005","E30000272","E16000150","E07000241","26ULGT","E00121576","26ULGT","E65000001","E01023945","E02004987","5","1A3","E00121576","E01023945","E02004987","E33027647","E38000049","E63011463","C1","8D2",51.788943,-0.178930,"E37000048","","E23000027",19526,"E56000035","E54000025","E00121576","E01023945","E02004987"
"AL7 4PG","AL7  4PG","AL7 4PG","199208","199501","E10000015","E58000676","E07000241","E05011066","E43000083","1","525700","0211600","8","E18000006","E40000007","E92000001","E12000006","5","E14001573","E15000006","E24000005","E30000272","E16000150","E07000241","26ULGT","E00121576","26ULGT","E65000001","E01023945","E02004987","5","1A3","E00121576","E01023945","E02004987","E33027647","E38000049","E63011463","C1","8D2",51.788943,-0.178930,"E37000048","","E23000027",19526,"E56000035","E54000025","E00121576","E01023945","E02004987"
"AL7 4PH","AL7  4PH","AL7 4PH","198001","","E10000015","E58000676","E07000241","E05011066","E43000083","0","525664","0211597","1","E18000006","E40000007","E92000001","E12000006","5","E14001573","E15000006","E24000005","E30000272","E16000150","E07000241","26ULGT","E00121592","26ULGT","E65000001","E01023945","E02004987","5","5B3","E00121592","E01023945","E02004987","E33027647","E38000049","E63011463","C1","8D2",51.788924,-0.179453,"E37000048","","E23000027",19526,"E56000035","E54000025","E00121592","E01023945","E02004987"
"AL7 4PJ","AL7  4PJ","AL7 4PJ","198001","","E10000015","E58000676","E07000241","E05011066","E43000083","0","525569","0211679","1","E18000006","E40000007","E92000001","E12000006","5","E14001573","E15000006","E24000005","E30000272","E16000150","E07000241","26ULGT","E00121575","26ULGT","E65000001","E01023946","E02004987","5","4A2","E00121575","E01023946","E02004987","E33027645","E38000049","E63011463","C1","6B1",51.789689,-0.180774,"E37000048","","E23000027",26396,"E56000035","E54000025","E00121575","E01023946","E02004987"
"AL7 4PL","AL7  4PL","AL7 4PL","198001","","E10000015","E58000676","E07000241","E05011066","E43000083","1","525501","0211637","1","E18000006","E40000007","E92000001","E12000006","5","E14001573","E15000006","E24000005","E30000272","E16000150","E07000241","26ULGT","E00121575","26ULGT","E65000001","E01023946","E02004987","5","4A2","E00121575","E01023946","E02004987","E33027645","E38000049","E63011463","C1","6B1",51.789320,-0.181801,"E37000048","","E23000027",26396,"E56000035","E54000025","E00121575","E01023946","E02004987"
"AL7 4PN","AL7  4PN","AL7 4PN","198001","","E10000015","E58000676","E07000241","E05011066","E43000083","0","525497","0211613","1","E18000006","E40000007","E92000001","E12000006","5","E14001573","E15000006","E24000005","E30000272","E16000150","E07000241","26ULGT","E00121575","26ULGT","E65000001","E01023946","E02004987","5","4A2","E00121575","E01023946","E02004987","E33027645","E38000049","E63011463","C1","6B1",51.789112,-0.181842,"E37000048","","E23000027",26396,"E56000035","E54000025","E00121575","E01023946","E02004987"
"AL7 4PP","AL7  4PP","AL7 4PP","198001","","E10000015","E58000676","E07000241","E05011066","E43000083","0","525532","0211516","1","E18000006","E40000007","E92000001","E12000006","5","E14001573","E15000006","E24000005","E30000272","E16000150","E07000241","26ULGT","E00121575","26ULGT","E65000001","E01023946","E02004987","5","4A2","E00121575","E01023946","E02004987","E33027645","E38000049","E63011463","C1","6B1",51.788232,-0.181369,"E37000048","","E23000027",26396,"E56000035","E54000025","E00121575","E01023946","E02004987"
"AL7 4PQ","AL7  4PQ","AL7 4PQ","198001","","E10000015","E58000676","E07000241","E05011066","E43000083","0","525763","0211637","1","E18000006","E40000007","E92000001","E12000006","5","E14001573","E15000006","E24000005","E30000272","E16000150","E07000241","26ULGT","E00121576","26ULGT","E65000001","E01023945","E02004987","5","1A3","E00121576","E01023945","E02004987","E33027647","E38000049","E63011463","C1","8D2",51.789268,-0.177978,"E37000048","","E23000027",19526,"E56000035","E54000025","E00121576","E01023945","E02004987"
"AL7 4PR","AL7  4PR","AL7 4PR","198001","","E10000015","E58000676","E07000241","E05011066","E43000083","0","525701","0211531","1","E18000006","E40000007","E92000001","E12000006","5","E14001573","E15000006","E24000005","E30000272","E16000150","E07000241","26ULGT","E00121592","26ULGT","E65000001","E01023945","E02004987","5","5B3","E00121592","E01023945","E02004987","E33027647","E38000049","E63011463","C1","8D2",51.788323,-0.178941,"E37000048","","E23000027",19526,"E56000035","E54000025","E00121592","E01023945","E02004987"
"AL7 4PS","AL7  4PS","AL7 4PS","198001","","E10000015","E58000676","E07000241","E05011066","E43000083","0","525695","0211499","1","E18000006","E40000007","E92000001","E12000006","5","E14001573","E15000006","E24000005","E30000272","E16000150","E07000241","26ULGT","E00121592","26ULGT","E65000001","E01023945","E02004987","5","5B3","E00121592","E01023945","E02004987","E33027647","E38000049","E63011463","C1","8D2",51.788043,-0.179014,"E37000048","","E23000027",19526,"E56000035","E54000025","E00121592","E01023945","E02004987"
"AL7 4PT","AL7  4PT","AL7 4PT","198001","","E10000015","E58000676","E07000241","E05011066","E43000083","0","525720","0211475","1","E18000006","E40000007","E92000001","E12000006","5","E14001573","E15000006","E24000005","E30000272","E16000150","E07000241","26ULGT","E00121576","26ULGT","E65000001","E01023945","E02004987","5","1A3","E00121576","E01023945","E02004987","E33027647","E38000049","E63011463","C1","8D2",51.787822,-0.178660,"E37000048","","E23000027",19526,"E56000035","E54000025","E00121576","E01023945","E02004987"
"AL7 4PU","AL7  4PU","AL7 4PU","198001","200908","E10000015","E58000676","E07000241","E05011066","E43000083","1","525518","0211515","1","E18000006","E40000007","E92000001","E12000006","5","E14001573","E15000006","E24000005","E30000272","E16000150","E07000241","26ULGT","E00121575","26ULGT","E65000001","E01023946","E02004987","5","4A2","E00121575","E01023946","E02004987","E33027645","E38000049","E63011463","C1","6B1",51.788220,-0.181598,"E37000048","","E23000027",26396,"E56000035","E54000025","E00121575","E01023946","E02004987"
"AL7 4PW","AL7  4PW","AL7 4PW","198001","","E10000015","E58000676","E07000241","E05011066","E43000083","0","525578","0211572","1","E18000006","E40000007","E92000001","E12000006","5","E14001573","E15000006","E24000005","E30000272","E16000150","E07000241","26ULGT","E00121575","26ULGT","E65000001","E01023946","E02004987","5","4A2","E00121575","E01023946","E02004987","E33027645","E38000049","E63011463","C1","6B1",51.788725,-0.180683,"E37000048","","E23000027",26396,"E56000035","E54000025","E00121575","E01023946","E02004987"
"AL7 4PX","AL7  4PX","AL7 4PX","198001","","E10000015","E58000676","E07000241","E05011066","E43000083","0","525457","0211524","1","E18000006","E40000007","E92000001","E12000006","5","E14001573","E15000006","E24000005","E30000272","E16000150","E07000241","26ULGT","E00121591","26ULGT","E65000001","E01023946","E02004987","5","4A2","E00121591","E01023946","E02004987","E33027645","E38000049","E63011463","C1","6B2",51.788315,-0.182479,"E37000048","","E23000027",26396,"E56000035","E54000025","E00121591","E01023946","E02004987"
"AL7 4PY","AL7  4PY","AL7 4PY","198001","","E10000015","E58000676","E07000241","E05011066","E43000083","0","525500","0211426","1","E18000006","E40000007","E92000001","E12000006","5","E14001573","E15000006","E24000005","E30000272","E16000150","E07000241","26ULGT","E00121575","26ULGT","E65000001","E01023946","E02004987","5","4A2","E00121575","E01023946","E02004987","E33027645","E38000049","E63011463","C1","6B1",51.787431,-0.181866,"E37000048","","E23000027",26396,"E56000035","E54000025","E00121575","E01023946","E02004987"
"AL7 4PZ","AL7  4PZ","AL7 4PZ","198001","","E10000015","E58000676","E07000241","E05011066","E43000083","0","525593","0211420","1","E18000006","E40000007","E92000001","E12000006","5","E14001573","E15000006","E24000005","E30000272","E16000150","E07000241","26ULGT","E00121575","26ULGT","E65000001","E01023946","E02004987","5","4A2","E00121575","E01023946","E02004987","E33027645","E38000049","E63011463","C1","6B1",51.787356,-0.180520,"E37000048","","E23000027",26396,"E56000035","E54000025","E00121575","E01023946","E02004987"
"AL7 4QA","AL7  4QA","AL7 4QA","198001","","E10000015","E58000676","E07000241","E05011066","E43000083","0","525506","0211313","1","E18000006","E40000007","E92000001","E12000006","5","E14001573","E15000006","E24000005","E30000272","E16000150","E07000241","26ULGT","E00121575","26ULGT","E65000001","E01023946","E02004987","5","4A2","E00121575","E01023946","E02004987","E33027645","E38000049","E63011463","C1","6B1",51.786414,-0.181820,"E37000048","","E23000027",26396,"E56000035","E54000025","E00121575","E01023946","E02004987"
"AL7 4QB","AL7  4QB","AL7 4QB","198001","","E10000015","E58000676","E07000241","E05011066","E43000083","0","525542","0211374","1","E18000006","E40000007","E92000001","E12000006","5","E14001573","E15000006","E24000005","E30000272","E16000150","E07000241","26ULGT","E00121575","26ULGT","E65000001","E01023946","E02004987","5","4A2","E00121575","E01023946","E02004987","E33027645","E38000049","E63011463","C1","6B1",51.786954,-0.181276,"E37000048","","E23000027",26396,"E56000035","E54000025","E00121575","E01023946","E02004987"
"AL7 4QD","AL7  4QD","AL7 4QD","198001","","E10000015","E58000676","E07000241","E05011066","E43000083","0","525475","0211297","1","E18000006","E40000007","E92000001","E12000006","5","E14001573","E15000006","E24000005","E30000272","E16000150","E07000241","26ULGT","E00121575","26ULGT","E65000001","E01023946","E02004987","5","4A2","E00121575","E01023946","E02004987","E33027645","E38000049","E63011463","C1","6B1",51.786277,-0.182275,"E37000048","","E23000027",26396,"E56000035","E54000025","E00121575","E01023946","E02004987"
"AL7 4QE","AL7  4QE","AL7 4QE","198001","","E10000015","E58000676","E07000241","E05011066","E43000083","0","525359","0211428","1","E18000006","E40000007","E92000001","E12000006","5","E14001573","E15000006","E24000005","E30000272","E16000150","E07000241","26ULGT","E00121591","26ULGT","E65000001","E01023946","E02004987","5","4A2","E00121591","E01023946","E02004987","E33027645","E38000049","E63011463","C1","6B2",51.787480,-0.183908,"E37000048","","E23000027",26396,"E56000035","E54000025","E00121591","E01023946","E02004987"
"AL7 4QF","AL7  4QF","AL7 4QF","198001","","E10000015","E58000676","E07000241","E05011066","E43000083","0","525387","0211485","1","E18000006","E40000007","E92000001","E12000006","5","E14001573","E15000006","E24000005","E30000272","E16000150","E07000241","26ULGT","E00121591","26ULGT","E65000001","E01023946","E02004987","5","4A2","E00121591","E01023946","E02004987","E33027645","E38000049","E63011463","C1","6B2",51.787986,-0.183482,"E37000048","","E23000027",26396,"E56000035","E54000025","E00121591","E01023946","E02004987"
"AL7 4QG","AL7  4QG","AL7 4QG","198001","","E10000015","E58000676","E07000241","E05011066","E43000083","0","525260","0211300","1","E18000006","E40000007","E92000001","E12000006","5","E14001573","E15000006","E24000005","E30000272","E16000150","E07000241","26ULGT","E00121591","26ULGT","E65000001","E01023946","E02004987","5","4A2","E00121591","E01023946","E02004987","E33027645","E38000049","E63011463","C1","6B2",51.786352,-0.185389,"E37000048","","E23000027",26396,"E56000035","E54000025","E00121591","E01023946","E02004987"
"AL7 4QH","AL7  4QH","AL7 4QH","198001","","E10000015","E58000676","E07000241","E05011066","E43000083","0","525217","0211211","1","E18000006","E40000007","E92000001","E12000006","5","E14001573","E15000006","E24000005","E30000272","E16000150","E07000241","26ULGT","E00121591","26ULGT","E65000001","E01023946","E02004987","5","4A2","E00121591","E01023946","E02004987","E33027645","E38000049","E63011463","C1","6B2",51.785562,-0.186044,"E37000048","","E23000027",26396,"E56000035","E54000025","E00121591","E01023946","E02004987"
"AL7 4QJ","AL7  4QJ","AL7 4QJ","198001","","E10000015","E58000676","E07000241","E05011066","E43000083","0","525294","0211274","1","E18000006","E40000007","E92000001","E12000006","5","E14001573","E15000006","E24000005","E30000272","E16000150","E07000241","26ULGT","E00121591","26ULGT","E65000001","E01023946","E02004987","5","4A2","E00121591","E01023946","E02004987","E33027645","E38000049","E63011463","C1","6B2",51.786111,-0.184906,"E37000048","","E23000027",26396,"E56000035","E54000025","E00121591","E01023946","E02004987"
"AL7 4QL","AL7  4QL","AL7 4QL","198001","","E10000015","E58000676","E07000241","E05011066","E43000083","0","525300","0211207","1","E18000006","E40000007","E92000001","E12000006","5","E14001573","E15000006","E24000005","E30000272","E16000150","E07000241","26ULGT","E00121574","26ULGT","E65000001","E01023946","E02004987","5","7A2","E00173215","E01023946","E02004987","E33027645","E38000049","E63011463","C1","4A2",51.785507,-0.184843,"E37000048","","E23000027",26396,"E56000035","E54000025","E00190326","E01023946","E02004987"
"AL7 4QP","AL7  4QP","AL7 4QP","199301","199412","E10000015","E58000676","E07000241","E05011066","E43000083","1","525300","0211200","8","E18000006","E40000007","E92000001","E12000006","5","E14001573","E15000006","E24000005","E30000272","E16000150","E07000241","26ULGT","E00121574","26ULGT","E65000001","E01023946","E02004987","5","7A2","E00173215","E01023946","E02004987","E33027645","E38000049","E63011463","C1","4A2",51.785438,-0.184871,"E37000048","","E23000027",26396,"E56000035","E54000025","E00190326","E01023946","E02004987"
"AL7 4QQ","AL7  4QQ","AL7 4QQ","198001","","E10000015","E58000676","E07000241","E05011066","E43000083","0","525166","0211262","1","E18000006","E40000007","E92000001","E12000006","5","E14001573","E15000006","E24000005","E30000272","E16000150","E07000241","26ULGT","E00121591","26ULGT","E65000001","E01023946","E02004987","5","4A2","E00121591","E01023946","E02004987","E33027645","E38000049","E63011463","C1","6B2",51.786032,-0.186765,"E37000048","","E23000027",26396,"E56000035","E54000025","E00121591","E01023946","E02004987"
"AL7 4QS","AL7  4QS","AL7 4QS","199308","199512","E10000015","E58000676","E07000241","E05011066","E43000083","1","525300","0211200","8","E18000006","E40000007","E92000001","E12000006","5","E14001573","E15000006","E24000005","E30000272","E16000150","E07000241","26ULGT","E00121574","26ULGT","E65000001","E01023946","E02004987","5","7A2","E00173215","E01023946","E02004987","E33027645","E38000049","E63011463","C1","4A2",51.785438,-0.184871,"E37000048","","E23000027",26396,"E56000035","E54000025","E00190326","E01023946","E02004987"
"AL7 4QW","AL7  4QW","AL7 4QW","199208","199405","E10000015","E58000676","E07000241","E05011066","E43000083","1","525300","0211200","8","E18000006","E40000007","E92000001","E12000006","5","E14001573","E15000006","E24000005","E30000272","E16000150","E07000241","26ULGT","E00121574","26ULGT","E65000001","E01023946","E02004987","5","7A2","E00173215","E01023946","E02004987","E33027645","E38000049","E63011463","C1","4A2",51.785438,-0.184871,"E37000048","","E23000027",26396,"E56000035","E54000025","E00190326","E01023946","E02004987"
"AL7 4QY","AL7  4QY","AL7 4QY","202012","","E10000015","E58000676","E07000241","E05011065","E43000083","0","523637","0211292","1","E18000006","E40000007","E92000001","E12000006","5","E14001573","E15000006","E24000005","E30000272","E16000150","E07000241","26ULGS","E00121573","26ULGS","E65000001","E01023941","E02004988","5","5B1","E00173223","E01023941","E02004988","E33027651","E38000049","E63011463","D1","2C1",51.786641,-0.208910,"E37000048","","E23000027",18126,"E56000035","E54000025","E00173223","E01035607","E02004988"
"AL7 4RA","AL7  4RA","AL7 4RA","198001","","E10000015","E58000676","E07000241","E05011066","E43000083","0","525851","0211496","1","E18000006","E40000007","E92000001","E12000006","5","E14001573","E15000006","E24000005","E30000272","E16000150","E07000241","26ULGT","E00121576","26ULGT","E65000001","E01023945","E02004987","5","1A3","E00121576","E01023945","E02004987","E33027647","E38000049","E63011463","C1","8D2",51.787981,-0.176754,"E37000048","","E23000027",19526,"E56000035","E54000025","E00121576","E01023945","E02004987"
"AL7 4RB","AL7  4RB","AL7 4RB","198001","","E10000015","E58000676","E07000241","E05011066","E43000083","0","525842","0211720","1","E18000006","E40000007","E92000001","E12000006","5","E14001573","E15000006","E24000005","E30000272","E16000150","E07000241","26ULGT","E00121587","26ULGT","E65000001","E01023943","E02004987","5","1A3","E00121587","E01023943","E02004987","E33027647","E38000049","E63011463","C1","8D2",51.789996,-0.176803,"E37000048","","E23000027",17758,"E56000035","E54000025","E00121587","E01023943","E02004987"
"AL7 4RD","AL7  4RD","AL7 4RD","198001","","E10000015","E58000676","E07000241","E05011066","E43000083","0","525795","0211699","1","E18000006","E40000007","E92000001","E12000006","5","E14001573","E15000006","E24000005","E30000272","E16000150","E07000241","26ULGT","E00121576","26ULGT","E65000001","E01023945","E02004987","5","1A3","E00121576","E01023945","E02004987","E33027647","E38000049","E63011463","C1","8D2",51.789818,-0.177492,"E37000048","","E23000027",19526,"E56000035","E54000025","E00121576","E01023945","E02004987"
"AL7 4RE","AL7  4RE","AL7 4RE","198001","","E10000015","E58000676","E07000241","E05011066","E43000083","0","525814","0211565","1","E18000006","E40000007","E92000001","E12000006","5","E14001573","E15000006","E24000005","E30000272","E16000150","E07000241","26ULGT","E00121576","26ULGT","E65000001","E01023945","E02004987","5","1A3","E00121576","E01023945","E02004987","E33027647","E38000049","E63011463","C1","8D2",51.788609,-0.177265,"E37000048","","E23000027",19526,"E56000035","E54000025","E00121576","E01023945","E02004987"
"AL7 4RF","AL7  4RF","AL7 4RF","198001","","E10000015","E58000676","E07000241","E05011066","E43000083","0","525790","0211426","1","E18000006","E40000007","E92000001","E12000006","5","E14001573","E15000006","E24000005","E30000272","E16000150","E07000241","26ULGT","E00121576","26ULGT","E65000001","E01023945","E02004987","5","1A3","E00121576","E01023945","E02004987","E33027647","E38000049","E63011463","C1","8D2",51.787366,-0.177663,"E37000048","","E23000027",19526,"E56000035","E54000025","E00121576","E01023945","E02004987"
"AL7 4RG","AL7  4RG","AL7 4RG","198001","","E10000015","E58000676","E07000241","E05011066","E43000083","0","525659","0211280","1","E18000006","E40000007","E92000001","E12000006","5","E14001573","E15000006","E24000005","E30000272","E16000150","E07000241","26ULGT","E00121590","26ULGT","E65000001","E01023945","E02004987","5","1C3","E00121590","E01023945","E02004987","E33027646","E38000049","E63011463","C1","8A1",51.786077,-0.179640,"E37000048","","E23000027",19526,"E56000035","E54000025","E00121590","E01023945","E02004987"
"AL7 4RH","AL7  4RH","AL7 4RH","198001","","E10000015","E58000676","E07000241","E05011066","E43000083","0","525263","0211082","1","E18000006","E40000007","E92000001","E12000006","5","E14001573","E15000006","E24000005","E30000272","E16000150","E07000241","26ULGT","E00121574","26ULGT","E65000001","E01023946","E02004987","5","7A2","E00173215","E01023946","E02004987","E33027645","E38000049","E63011463","C1","4A2",51.784392,-0.185424,"E37000048","","E23000027",26396,"E56000035","E54000025","E00190326","E01023946","E02004987"
"AL7 4RJ","AL7  4RJ","AL7 4RJ","198001","","E10000015","E58000676","E07000241","E05011066","E43000083","0","525288","0211029","1","E18000006","E40000007","E92000001","E12000006","5","E14001573","E15000006","E24000005","E30000272","E16000150","E07000241","26ULGT","E00121574","26ULGT","E65000001","E01023946","E02004987","5","7A2","E00173215","E01023946","E02004987","E33027645","E38000049","E63011463","C1","4A2",51.783910,-0.185081,"E37000048","","E23000027",26396,"E56000035","E54000025","E00190326","E01023946","E02004987"
"AL7 4RL","AL7  4RL","AL7 4RL","198001","","E10000015","E58000676","E07000241","E05011066","E43000083","0","525646","0211203","1","E18000006","E40000007","E92000001","E12000006","5","E14001573","E15000006","E24000005","E30000272","E16000150","E07000241","26ULGT","E00121590","26ULGT","E65000001","E01023945","E02004987","5","1C3","E00121590","E01023945","E02004987","E33027646","E38000049","E63011463","C1","8A1",51.785388,-0.179856,"E37000048","","E23000027",19526,"E56000035","E54000025","E00121590","E01023945","E02004987"
"AL7 4RN","AL7  4RN","AL7 4RN","200307","","E10000015","E58000676","E07000241","E05011066","E43000083","0","525882","0211371","1","E18000006","E40000007","E92000001","E12000006","5","E14001573","E15000006","E24000005","E30000272","E16000150","E07000241","26ULGT","E00121590","26ULGT","E65000001","E01023945","E02004987","5","1C3","E00121590","E01023945","E02004987","E33027646","E38000049","E63011463","C1","8A1",51.786844,-0.176376,"E37000048","","E23000027",19526,"E56000035","E54000025","E00121590","E01023945","E02004987"
"AL7 4RP","AL7  4RP","AL7 4RP","198001","","E10000015","E58000676","E07000241","E05011066","E43000083","0","525842","0211248","1","E18000006","E40000007","E92000001","E12000006","5","E14001573","E15000006","E24000005","E30000272","E16000150","E07000241","26ULGT","E00121590","26ULGT","E65000001","E01023945","E02004987","5","1C3","E00121590","E01023945","E02004987","E33027646","E38000049","E63011463","C1","8A1",51.785754,-0.176974,"E37000048","","E23000027",19526,"E56000035","E54000025","E00121590","E01023945","E02004987"
"AL7 4RQ","AL7  4RQ","AL7 4RQ","198001","","E10000015","E58000676","E07000241","E05011066","E43000083","0","525524","0211202","1","E18000006","E40000007","E92000001","E12000006","5","E14001573","E15000006","E24000005","E30000272","E16000150","E07000241","26ULGT","E00121590","26ULGT","E65000001","E01023945","E02004987","5","1C3","E00121590","E01023945","E02004987","E33027646","E38000049","E63011463","C1","8A1",51.785412,-0.181599,"E37000048","","E23000027",19526,"E56000035","E54000025","E00121590","E01023945","E02004987"
"AL7 4RR","AL7  4RR","AL7 4RR","198001","","E10000015","E58000676","E07000241","E05011066","E43000083","0","525801","0211227","1","E18000006","E40000007","E92000001","E12000006","5","E14001573","E15000006","E24000005","E30000272","E16000150","E07000241","26ULGT","E00121590","26ULGT","E65000001","E01023945","E02004987","5","1C3","E00121590","E01023945","E02004987","E33027646","E38000049","E63011463","C1","8A1",51.785575,-0.177576,"E37000048","","E23000027",19526,"E56000035","E54000025","E00121590","E01023945","E02004987"
"AL7 4RS","AL7  4RS","AL7 4RS","198001","","E10000015","E58000676","E07000241","E05011066","E43000083","0","525724","0211121","1","E18000006","E40000007","E92000001","E12000006","5","E14001573","E15000006","E24000005","E30000272","E16000150","E07000241","26ULGT","E00121577","26ULGT","E65000001","E01023946","E02004987","5","1C3","E00121577","E01023946","E02004987","E33027646","E38000049","E63011463","C1","8A1",51.784639,-0.178730,"E37000048","","E23000027",26396,"E56000035","E54000025","E00121577","E01023946","E02004987"
"AL7 4RT","AL7  4RT","AL7 4RT","198001","","E10000015","E58000676","E07000241","E05011066","E43000083","0","525702","0211161","1","E18000006","E40000007","E92000001","E12000006","5","E14001573","E15000006","E24000005","E30000272","E16000150","E07000241","26ULGT","E00121577","26ULGT","E65000001","E01023946","E02004987","5","1C3","E00121577","E01023946","E02004987","E33027646","E38000049","E63011463","C1","8A1",51.785004,-0.179035,"E37000048","","E23000027",26396,"E56000035","E54000025","E00121577","E01023946","E02004987"
"AL7 4RU","AL7  4RU","AL7 4RU","198001","","E10000015","E58000676","E07000241","E05011066","E43000083","0","525816","0211094","1","E18000006","E40000007","E92000001","E12000006","5","E14001573","E15000006","E24000005","E30000272","E16000150","E07000241","26ULGT","E00121577","26ULGT","E65000001","E01023946","E02004987","5","1C3","E00121577","E01023946","E02004987","E33027646","E38000049","E63011463","C1","8A1",51.784370,-0.177433,"E37000048","","E23000027",26396,"E56000035","E54000025","E00121577","E01023946","E02004987"
"AL7 4RW","AL7  4RW","AL7 4RW","198001","","E10000015","E58000676","E07000241","E05011066","E43000083","0","525857","0211311","1","E18000006","E40000007","E92000001","E12000006","5","E14001573","E15000006","E24000005","E30000272","E16000150","E07000241","26ULGT","E00121590","26ULGT","E65000001","E01023945","E02004987","5","1C3","E00121590","E01023945","E02004987","E33027646","E38000049","E63011463","C1","8A1",51.786317,-0.176734,"E37000048","","E23000027",19526,"E56000035","E54000025","E00121590","E01023945","E02004987"
"AL7 4RX","AL7  4RX","AL7 4RX","198001","","E10000015","E58000676","E07000241","E05011066","E43000083","0","525668","0211143","1","E18000006","E40000007","E92000001","E12000006","5","E14001573","E15000006","E24000005","E30000272","E16000150","E07000241","26ULGT","E00121577","26ULGT","E65000001","E01023946","E02004987","5","1C3","E00121577","E01023946","E02004987","E33027646","E38000049","E63011463","C1","8A1",51.784850,-0.179534,"E37000048","","E23000027",26396,"E56000035","E54000025","E00121577","E01023946","E02004987"
"AL7 4RY","AL7  4RY","AL7 4RY","198001","","E10000015","E58000676","E07000241","E05011066","E43000083","0","525638","0211077","1","E18000006","E40000007","E92000001","E12000006","5","E14001573","E15000006","E24000005","E30000272","E16000150","E07000241","26ULGT","E00121577","26ULGT","E65000001","E01023946","E02004987","5","1C3","E00121577","E01023946","E02004987","E33027646","E38000049","E63011463","C1","8A1",51.784263,-0.179992,"E37000048","","E23000027",26396,"E56000035","E54000025","E00121577","E01023946","E02004987"
"AL7 4RZ","AL7  4RZ","AL7 4RZ","198001","","E10000015","E58000676","E07000241","E05011066","E43000083","0","525542","0211010","1","E18000006","E40000007","E92000001","E12000006","5","E14001573","E15000006","E24000005","E30000272","E16000150","E07000241","26ULGT","E00121577","26ULGT","E65000001","E01023946","E02004987","5","1C3","E00121577","E01023946","E02004987","E33027646","E38000049","E63011463","C1","8A1",51.783683,-0.181408,"E37000048","","E23000027",26396,"E56000035","E54000025","E00121577","E01023946","E02004987"
"AL7 4SA","AL7  4SA","AL7 4SA","198001","","E10000015","E58000676","E07000241","E05011066","E43000083","0","525566","0211095","1","E18000006","E40000007","E92000001","E12000006","5","E14001573","E15000006","E24000005","E30000272","E16000150","E07000241","26ULGT","E00121577","26ULGT","E65000001","E01023946","E02004987","5","1C3","E00121577","E01023946","E02004987","E33027646","E38000049","E63011463","C1","8A1",51.784441,-0.181029,"E37000048","","E23000027",26396,"E56000035","E54000025","E00121577","E01023946","E02004987"
"AL7 4SB","AL7  4SB","AL7 4SB","198001","","E10000015","E58000676","E07000241","E05011066","E43000083","0","525502","0211065","1","E18000006","E40000007","E92000001","E12000006","5","E14001573","E15000006","E24000005","E30000272","E16000150","E07000241","26ULGT","E00121577","26ULGT","E65000001","E01023946","E02004987","5","1C3","E00121577","E01023946","E02004987","E33027646","E38000049","E63011463","C1","8A1",51.784186,-0.181967,"E37000048","","E23000027",26396,"E56000035","E54000025","E00121577","E01023946","E02004987"
"AL7 4SD","AL7  4SD","AL7 4SD","198504","","E10000015","E58000676","E07000241","E05011066","E43000083","0","525410","0211215","1","E18000006","E40000007","E92000001","E12000006","5","E14001573","E15000006","E24000005","E30000272","E16000150","E07000241","26ULGT","E00121574","26ULGT","E65000001","E01023946","E02004987","5","7A2","E00173215","E01023946","E02004987","E33027645","E38000049","E63011463","C1","4A2",51.785548,-0.183272,"E37000048","","E23000027",26396,"E56000035","E54000025","E00190326","E01023946","E02004987"
"AL7 4SE","AL7  4SE","AL7 4SE","201703","","E10000015","E58000676","E07000241","E05011066","E43000083","1","525668","0210985","1","E18000006","E40000007","E92000001","E12000006","5","E14001573","E15000006","E24000005","E30000272","E16000150","E07000241","26ULGT","E00121577","26ULGT","E65000001","E01023946","E02004987","5","1C3","E00121577","E01023946","E02004987","E33027646","E38000049","E63011463","C1","8A1",51.783430,-0.179591,"E37000048","","E23000027",26396,"E56000035","E54000025","E00121577","E01023946","E02004987"
"AL7 4SG","AL7  4SG","AL7 4SG","200601","","E10000015","E58000676","E07000241","E05011065","E43000083","0","523938","0211127","1","E18000006","E40000007","E92000001","E12000006","5","E14001573","E15000006","E24000005","E30000272","E16000150","E07000241","26ULGS","E00121568","26ULGS","E65000001","E01023941","E02004988","5","7A2","E00173218","E01023941","E02004988","E33027651","E38000049","E63011463","C1","4A3",51.785085,-0.204632,"E37000048","","E23000027",18126,"E56000035","E54000025","E00173218","E01035606","E02004988"
"AL7 4SH","AL7  4SH","AL7 4SH","200511","","E10000015","E58000676","E07000241","E05011065","E43000083","0","523880","0211142","1","E18000006","E40000007","E92000001","E12000006","5","E14001573","E15000006","E24000005","E30000272","E16000150","E07000241","26ULGS","E00121573","26ULGS","E65000001","E01023941","E02004988","5","5B1","E00173217","E01023941","E02004988","E33027651","E38000049","E63011463","D1","4A3",51.785233,-0.205467,"E37000048","","E23000027",18126,"E56000035","E54000025","E00173217","E01035607","E02004988"
"AL7 4SJ","AL7  4SJ","AL7 4SJ","198001","","E10000015","E58000676","E07000241","E05011065","E43000083","0","523930","0211799","1","E18000006","E40000007","E92000001","E12000006","5","E14001573","E15000006","E24000005","E30000272","E16000150","E07000241","26ULGS","E00121561","26ULGS","E65000001","E01023940","E02004988","5","5B1","E00121561","E01023940","E02004988","E33027650","E38000049","E63011463","C1","7C1",51.791132,-0.204483,"E37000048","","E23000027",19175,"E56000035","E54000025","E00121561","E01023940","E02004988"
"AL7 4SL","AL7  4SL","AL7 4SL","198001","","E10000015","E58000676","E07000241","E05011065","E43000083","0","523924","0211712","1","E18000006","E40000007","E92000001","E12000006","5","E14001573","E15000006","E24000005","E30000272","E16000150","E07000241","26ULGS","E00121561","26ULGS","E65000001","E01023940","E02004988","5","5B1","E00121561","E01023940","E02004988","E33027650","E38000049","E63011463","C1","7C1",51.790352,-0.204601,"E37000048","","E23000027",19175,"E56000035","E54000025","E00121561","E01023940","E02004988"
"AL7 4SN","AL7  4SN","AL7 4SN","198001","","E10000015","E58000676","E07000241","E05011065","E43000083","0","523873","0211740","1","E18000006","E40000007","E92000001","E12000006","5","E14001573","E15000006","E24000005","E30000272","E16000150","E07000241","26ULGS","E00121561","26ULGS","E65000001","E01023940","E02004988","5","5B1","E00121561","E01023940","E02004988","E33027650","E38000049","E63011463","C1","7C1",51.790608,-0.205355,"E37000048","","E23000027",19175,"E56000035","E54000025","E00121561","E01023940","E02004988"
"AL7 4SP","AL7  4SP","AL7 4SP","198001","","E10000015","E58000676","E07000241","E05011065","E43000083","0","523762","0211741","1","E18000006","E40000007","E92000001","E12000006","5","E14001573","E15000006","E24000005","E30000272","E16000150","E07000241","26ULGS","E00121561","26ULGS","E65000001","E01023940","E02004988","5","5B1","E00121561","E01023940","E02004988","E33027650","E38000049","E63011463","C1","7C1",51.790642,-0.206963,"E37000048","","E23000027",19175,"E56000035","E54000025","E00121561","E01023940","E02004988"
"AL7 4SQ","AL7  4SQ","AL7 4SQ","200511","","E10000015","E58000676","E07000241","E05011065","E43000083","0","523620","0211188","1","E18000006","E40000007","E92000001","E12000006","5","E14001573","E15000006","E24000005","E30000272","E16000150","E07000241","26ULGS","E00121573","26ULGS","E65000001","E01023941","E02004988","5","5B1","E00173225","E01023941","E02004988","E33027651","E38000049","E63011463","D1","4A3",51.785704,-0.209218,"E37000048","","E23000027",18126,"E56000035","E54000025","E00173225","E01035607","E02004988"
"AL7 4SR","AL7  4SR","AL7 4SR","198001","","E10000015","E58000676","E07000241","E05011065","E43000083","0","523726","0211641","1","E18000006","E40000007","E92000001","E12000006","5","E14001573","E15000006","E24000005","E30000272","E16000150","E07000241","26ULGS","E00121561","26ULGS","E65000001","E01023940","E02004988","5","5B1","E00121561","E01023940","E02004988","E33027650","E38000049","E63011463","C1","7C1",51.789751,-0.207521,"E37000048","","E23000027",19175,"E56000035","E54000025","E00121561","E01023940","E02004988"
"AL7 4SS","AL7  4SS","AL7 4SS","198001","","E10000015","E58000676","E07000241","E05011065","E43000083","0","523769","0211575","1","E18000006","E40000007","E92000001","E12000006","5","E14001573","E15000006","E24000005","E30000272","E16000150","E07000241","26ULGS","E00121561","26ULGS","E65000001","E01023940","E02004988","5","5B1","E00121561","E01023940","E02004988","E33027650","E38000049","E63011463","C1","7C1",51.789148,-0.206921,"E37000048","","E23000027",19175,"E56000035","E54000025","E00121561","E01023940","E02004988"
"AL7 4ST","AL7  4ST","AL7 4ST","198001","","E10000015","E58000676","E07000241","E05011065","E43000083","0","523834","0211602","1","E18000006","E40000007","E92000001","E12000006","5","E14001573","E15000006","E24000005","E30000272","E16000150","E07000241","26ULGS","E00121561","26ULGS","E65000001","E01023940","E02004988","5","5B1","E00121561","E01023940","E02004988","E33027650","E38000049","E63011463","C1","7C1",51.789383,-0.205945,"E37000048","","E23000027",19175,"E56000035","E54000025","E00121561","E01023940","E02004988"
"AL7 4SU","AL7  4SU","AL7 4SU","198001","202406","E10000015","E58000676","E07000241","E05011065","E43000083","1","523881","0211655","1","E18000006","E40000007","E92000001","E12000006","5","E14001573","E15000006","E24000005","E30000272","E16000150","E07000241","26ULGS","E00121561","26ULGS","E65000001","E01023940","E02004988","5","5B1","E00121561","E01023940","E02004988","E33027650","E38000049","E63011463","C1","7C1",51.789843,-0.205270,"E37000048","","E23000027",19175,"E56000035","E54000025","E00121561","E01023940","E02004988"
"AL7 4SW","AL7  4SW","AL7 4SW","198001","","E10000015","E58000676","E07000241","E05011065","E43000083","0","523876","0211755","1","E18000006","E40000007","E92000001","E12000006","5","E14001573","E15000006","E24000005","E30000272","E16000150","E07000241","26ULGS","E00121561","26ULGS","E65000001","E01023940","E02004988","5","5B1","E00121561","E01023940","E02004988","E33027650","E38000049","E63011463","C1","7C1",51.790742,-0.205306,"E37000048","","E23000027",19175,"E56000035","E54000025","E00121561","E01023940","E02004988"
"AL7 4SX","AL7  4SX","AL7 4SX","200510","","E10000015","E58000676","E07000241","E05011065","E43000083","0","523678","0211105","1","E18000006","E40000007","E92000001","E12000006","5","E14001573","E15000006","E24000005","E30000272","E16000150","E07000241","26ULGS","E00121573","26ULGS","E65000001","E01023941","E02004988","5","5B1","E00173217","E01023941","E02004988","E33027651","E38000049","E63011463","D1","4A3",51.784945,-0.208407,"E37000048","","E23000027",18126,"E56000035","E54000025","E00173217","E01035607","E02004988"
"AL7 4SY","AL7  4SY","AL7 4SY","200607","","E10000015","E58000676","E07000241","E05011065","E43000083","0","523544","0211215","1","E18000006","E40000007","E92000001","E12000006","5","E14001573","E15000006","E24000005","E30000272","E16000150","E07000241","26ULGS","E00121573","26ULGS","E65000001","E01023941","E02004988","5","5B1","E00173223","E01023941","E02004988","E33027651","E38000049","E63011463","D1","2C1",51.785963,-0.210310,"E37000048","","E23000027",18126,"E56000035","E54000025","E00173223","E01035607","E02004988"
"AL7 4SZ","AL7  4SZ","AL7 4SZ","198001","","E10000015","E58000676","E07000241","E05011065","E43000083","0","523924","0211673","1","E18000006","E40000007","E92000001","E12000006","5","E14001573","E15000006","E24000005","E30000272","E16000150","E07000241","26ULGS","E00121561","26ULGS","E65000001","E01023940","E02004988","5","5B1","E00121561","E01023940","E02004988","E33027650","E38000049","E63011463","C1","7C1",51.790001,-0.204615,"E37000048","","E23000027",19175,"E56000035","E54000025","E00121561","E01023940","E02004988"
"AL7 4TA","AL7  4TA","AL7 4TA","198001","","E10000015","E58000676","E07000241","E05011065","E43000083","0","523928","0211594","1","E18000006","E40000007","E92000001","E12000006","5","E14001573","E15000006","E24000005","E30000272","E16000150","E07000241","26ULGS","E00121561","26ULGS","E65000001","E01023940","E02004988","5","5B1","E00121561","E01023940","E02004988","E33027650","E38000049","E63011463","C1","7C1",51.789291,-0.204585,"E37000048","","E23000027",19175,"E56000035","E54000025","E00121561","E01023940","E02004988"
"AL7 4TB","AL7  4TB","AL7 4TB","198001","","E10000015","E58000676","E07000241","E05011065","E43000083","0","523724","0211564","1","E18000006","E40000007","E92000001","E12000006","5","E14001573","E15000006","E24000005","E30000272","E16000150","E07000241","26ULGS","E00121561","26ULGS","E65000001","E01023940","E02004988","5","5B1","E00121561","E01023940","E02004988","E33027650","E38000049","E63011463","C1","7C1",51.789060,-0.207577,"E37000048","","E23000027",19175,"E56000035","E54000025","E00121561","E01023940","E02004988"
"AL7 4TD","AL7  4TD","AL7 4TD","198001","","E10000015","E58000676","E07000241","E05011065","E43000083","0","524072","0211558","1","E18000006","E40000007","E92000001","E12000006","5","E14001573","E15000006","E24000005","E30000272","E16000150","E07000241","26ULGS","E00121565","26ULGS","E65000001","E01023940","E02004988","5","1A2","E00121565","E01023940","E02004988","E33027650","E38000049","E63011463","C1","8D2",51.788935,-0.202511,"E37000048","","E23000027",19175,"E56000035","E54000025","E00121565","E01023940","E02004988"
"AL7 4TE","AL7  4TE","AL7 4TE","198001","","E10000015","E58000676","E07000241","E05011065","E43000083","0","524017","0211584","1","E18000006","E40000007","E92000001","E12000006","5","E14001573","E15000006","E24000005","E30000272","E16000150","E07000241","26ULGS","E00121565","26ULGS","E65000001","E01023940","E02004988","5","1A2","E00121565","E01023940","E02004988","E33027650","E38000049","E63011463","C1","8D2",51.789174,-0.203324,"E37000048","","E23000027",19175,"E56000035","E54000025","E00121565","E01023940","E02004988"
"AL7 4TF","AL7  4TF","AL7 4TF","198001","","E10000015","E58000676","E07000241","E05011065","E43000083","0","524187","0211670","1","E18000006","E40000007","E92000001","E12000006","5","E14001573","E15000006","E24000005","E30000272","E16000150","E07000241","26ULGS","E00121561","26ULGS","E65000001","E01023940","E02004988","5","5B1","E00121561","E01023940","E02004988","E33027650","E38000049","E63011463","C1","7C1",51.789910,-0.200830,"E37000048","","E23000027",19175,"E56000035","E54000025","E00121561","E01023940","E02004988"
"AL7 4TG","AL7  4TG","AL7 4TG","198001","","E10000015","E58000676","E07000241","E05011065","E43000083","0","524154","0211535","1","E18000006","E40000007","E92000001","E12000006","5","E14001573","E15000006","E24000005","E30000272","E16000150","E07000241","26ULGS","E00121565","26ULGS","E65000001","E01023940","E02004988","5","1A2","E00121565","E01023940","E02004988","E33027650","E38000049","E63011463","C1","8D2",51.788710,-0.201331,"E37000048","","E23000027",19175,"E56000035","E54000025","E00121565","E01023940","E02004988"
"AL7 4TH","AL7  4TH","AL7 4TH","198001","","E10000015","E58000676","E07000241","E05011065","E43000083","0","524237","0211546","1","E18000006","E40000007","E92000001","E12000006","5","E14001573","E15000006","E24000005","E30000272","E16000150","E07000241","26ULGS","E00121565","26ULGS","E65000001","E01023940","E02004988","5","1A2","E00121565","E01023940","E02004988","E33027650","E38000049","E63011463","C1","8D2",51.788791,-0.200125,"E37000048","","E23000027",19175,"E56000035","E54000025","E00121565","E01023940","E02004988"
"AL7 4TJ","AL7  4TJ","AL7 4TJ","198001","","E10000015","E58000676","E07000241","E05011065","E43000083","0","524343","0211548","1","E18000006","E40000007","E92000001","E12000006","5","E14001573","E15000006","E24000005","E30000272","E16000150","E07000241","26ULGS","E00121564","26ULGS","E65000001","E01023940","E02004988","5","1A3","E00121564","E01023940","E02004988","E33027649","E38000049","E63011463","C1","8D2",51.788785,-0.198588,"E37000048","","E23000027",19175,"E56000035","E54000025","E00121564","E01023940","E02004988"
"AL7 4TL","AL7  4TL","AL7 4TL","198001","","E10000015","E58000676","E07000241","E05011065","E43000083","0","524400","0211401","1","E18000006","E40000007","E92000001","E12000006","5","E14001573","E15000006","E24000005","E30000272","E16000150","E07000241","26ULGS","E00121566","26ULGS","E65000001","E01023940","E02004988","5","1A3","E00121566","E01023940","E02004988","E33027649","E38000049","E63011463","C1","4A3",51.787451,-0.197814,"E37000048","","E23000027",19175,"E56000035","E54000025","E00121566","E01023940","E02004988"
"AL7 4TN","AL7  4TN","AL7 4TN","198001","","E10000015","E58000676","E07000241","E05011065","E43000083","0","524382","0211368","1","E18000006","E40000007","E92000001","E12000006","5","E14001573","E15000006","E24000005","E30000272","E16000150","E07000241","26ULGS","E00121566","26ULGS","E65000001","E01023940","E02004988","5","1A3","E00121566","E01023940","E02004988","E33027649","E38000049","E63011463","C1","4A3",51.787159,-0.198087,"E37000048","","E23000027",19175,"E56000035","E54000025","E00121566","E01023940","E02004988"
"AL7 4TP","AL7  4TP","AL7 4TP","198001","","E10000015","E58000676","E07000241","E05011065","E43000083","0","524266","0211499","1","E18000006","E40000007","E92000001","E12000006","5","E14001573","E15000006","E24000005","E30000272","E16000150","E07000241","26ULGS","E00121565","26ULGS","E65000001","E01023940","E02004988","5","1A2","E00121565","E01023940","E02004988","E33027650","E38000049","E63011463","C1","8D2",51.788362,-0.199721,"E37000048","","E23000027",19175,"E56000035","E54000025","E00121565","E01023940","E02004988"
"AL7 4TQ","AL7  4TQ","AL7 4TQ","198001","","E10000015","E58000676","E07000241","E05011065","E43000083","0","524208","0211623","1","E18000006","E40000007","E92000001","E12000006","5","E14001573","E15000006","E24000005","E30000272","E16000150","E07000241","26ULGS","E00121565","26ULGS","E65000001","E01023940","E02004988","5","1A2","E00121565","E01023940","E02004988","E33027650","E38000049","E63011463","C1","8D2",51.789483,-0.200542,"E37000048","","E23000027",19175,"E56000035","E54000025","E00121565","E01023940","E02004988"
"AL7 4TR","AL7  4TR","AL7 4TR","198001","","E10000015","E58000676","E07000241","E05011065","E43000083","0","524307","0211555","1","E18000006","E40000007","E92000001","E12000006","5","E14001573","E15000006","E24000005","E30000272","E16000150","E07000241","26ULGS","E00121565","26ULGS","E65000001","E01023940","E02004988","5","1A2","E00121565","E01023940","E02004988","E33027650","E38000049","E63011463","C1","8D2",51.788850,-0.199132,"E37000048","","E23000027",19175,"E56000035","E54000025","E00121565","E01023940","E02004988"
"AL7 4TS","AL7  4TS","AL7 4TS","198001","","E10000015","E58000676","E07000241","E05011065","E43000083","0","524292","0211692","1","E18000006","E40000007","E92000001","E12000006","5","E14001573","E15000006","E24000005","E30000272","E16000150","E07000241","26ULGS","E00121559","26ULGS","E65000001","E01023940","E02004988","5","6D1","E00121559","E01023940","E02004988","E33027649","E38000049","E63011463","C1","5A3",51.790091,-0.199275,"E37000048","","E23000027",19175,"E56000035","E54000025","E00121559","E01023940","E02004988"
"AL7 4TT","AL7  4TT","AL7 4TT","200602","","E10000015","E58000676","E07000241","E05011065","E43000083","0","523581","0211155","1","E18000006","E40000007","E92000001","E12000006","5","E14001573","E15000006","E24000005","E30000272","E16000150","E07000241","26ULGS","E00121573","26ULGS","E65000001","E01023941","E02004988","5","5B1","E00173225","E01023941","E02004988","E33027651","E38000049","E63011463","D1","4A3",51.785425,-0.209809,"E37000048","","E23000027",18126,"E56000035","E54000025","E00173225","E01035607","E02004988"
"AL7 4TU","AL7  4TU","AL7 4TU","200611","","E10000015","E58000676","E07000241","E05011065","E43000083","0","523731","0211228","1","E18000006","E40000007","E92000001","E12000006","5","E14001573","E15000006","E24000005","E30000272","E16000150","E07000241","26ULGS","E00121573","26ULGS","E65000001","E01023941","E02004988","5","5B1","E00173225","E01023941","E02004988","E33027651","E38000049","E63011463","D1","4A3",51.786039,-0.207595,"E37000048","","E23000027",18126,"E56000035","E54000025","E00173225","E01035607","E02004988"
"AL7 4TW","AL7  4TW","AL7 4TW","198001","","E10000015","E58000676","E07000241","E05011065","E43000083","0","523636","0211594","1","E18000006","E40000007","E92000001","E12000006","5","E14001573","E15000006","E24000005","E30000272","E16000150","E07000241","26ULGS","E00121561","26ULGS","E65000001","E01023940","E02004988","5","5B1","E00121561","E01023940","E02004988","E33027650","E38000049","E63011463","C1","7C1",51.789349,-0.208842,"E37000048","","E23000027",19175,"E56000035","E54000025","E00121561","E01023940","E02004988"
"AL7 4TX","AL7  4TX","AL7 4TX","200611","","E10000015","E58000676","E07000241","E05011065","E43000083","0","523583","0211245","1","E18000006","E40000007","E92000001","E12000006","5","E14001573","E15000006","E24000005","E30000272","E16000150","E07000241","26ULGS","E00121573","26ULGS","E65000001","E01023941","E02004988","5","5B1","E00173223","E01023941","E02004988","E33027651","E38000049","E63011463","D1","2C1",51.786224,-0.209734,"E37000048","","E23000027",18126,"E56000035","E54000025","E00173223","E01035607","E02004988"
"AL7 4TY","AL7  4TY","AL7 4TY","199308","","E10000015","E58000627","E07000241","E05011062","E04004819","0","524827","0210108","1","E18000006","E40000007","E92000001","E12000006","5","E14001573","E15000006","E24000005","E30000272","E16000150","E07000241","26ULGN","E00121491","26ULGN","E65000001","E01023925","E02004990","5","4A1","E00173212","E01023925","E02004990","E33027660","E38000049","","F1","5B3",51.775730,-0.192117,"E37000048","","E23000027",10810,"E56000035","E54000025","E00190320","E01023925","E02004990"
"AL7 4TZ","AL7  4TZ","AL7 4TZ","199405","","E10000015","E58000676","E07000241","E05011065","E43000083","0","523899","0211032","1","E18000006","E40000007","E92000001","E12000006","5","E14001573","E15000006","E24000005","E30000272","E16000150","E07000241","26ULGS","E00121573","26ULGS","E65000001","E01023941","E02004988","5","5B1","E00173220","E01023941","E02004988","E33027651","E38000049","E63011463","C1","7A3",51.784240,-0.205231,"E37000048","","E23000027",18126,"E56000035","E54000025","E00173220","E01035607","E02004988"
"AL7 4WA","AL7  4WA","AL7 4WA","200112","200408","E10000015","E58000676","E07000241","E05011065","E43000083","1","523899","0211032","5","E18000006","E40000007","E92000001","E12000006","5","E14001573","E15000006","E24000005","E30000272","E16000150","E07000241","26ULGS","E00121573","26ULGS","E65000001","E01023941","E02004988","5","5B1","E00173220","E01023941","E02004988","E33027651","E38000049","E63011463","C1","7A3",51.784240,-0.205231,"E37000048","","E23000027",18126,"E56000035","E54000025","E00173220","E01035607","E02004988"
"AL7 4WB","AL7  4WB","AL7 4WB","200112","200602","E10000015","E58000676","E07000241","E05011065","E43000083","1","523899","0211032","5","E18000006","E40000007","E92000001","E12000006","5","E14001573","E15000006","E24000005","E30000272","E16000150","E07000241","26ULGS","E00121573","26ULGS","E65000001","E01023941","E02004988","5","5B1","E00173220","E01023941","E02004988","E33027651","E38000049","E63011463","C1","7A3",51.784240,-0.205231,"E37000048","","E23000027",18126,"E56000035","E54000025","E00173220","E01035607","E02004988"
"AL7 4WD","AL7  4WD","AL7 4WD","200706","200707","E10000015","E58000623","E07000241","E05011069","E43000083","1","524487","0213299","1","E18000006","E40000007","E92000001","E12000006","5","E14001573","E15000006","E24000005","E30000272","E16000150","E07000241","26ULGX","E00121637","26ULGX","E65000001","E01023954","E02004986","5","5B2","E00121637","E01023954","E02004986","E33024496","E38000049","E63011463","C1","7A3",51.804482,-0.195898,"E37000048","","E23000027",7164,"E56000035","E54000025","E00190264","E01035604","E02004986"
"AL7 4WE","AL7  4WE","AL7 4WE","200112","200602","E10000015","E58000676","E07000241","E05011065","E43000083","1","523899","0211032","5","E18000006","E40000007","E92000001","E12000006","5","E14001573","E15000006","E24000005","E30000272","E16000150","E07000241","26ULGS","E00121573","26ULGS","E65000001","E01023941","E02004988","5","5B1","E00173220","E01023941","E02004988","E33027651","E38000049","E63011463","C1","7A3",51.784240,-0.205231,"E37000048","","E23000027",18126,"E56000035","E54000025","E00173220","E01035607","E02004988"
"AL7 4WF","AL7  4WF","AL7 4WF","200206","200602","E10000015","E58000676","E07000241","E05011065","E43000083","1","523899","0211032","5","E18000006","E40000007","E92000001","E12000006","5","E14001573","E15000006","E24000005","E30000272","E16000150","E07000241","26ULGS","E00121573","26ULGS","E65000001","E01023941","E02004988","5","5B1","E00173220","E01023941","E02004988","E33027651","E38000049","E63011463","C1","7A3",51.784240,-0.205231,"E37000048","","E23000027",18126,"E56000035","E54000025","E00173220","E01035607","E02004988"
"AL7 4WG","AL7  4WG","AL7 4WG","200112","200201","E10000015","E58000676","E07000241","E05011065","E43000083","1","523899","0211032","5","E18000006","E40000007","E92000001","E12000006","5","E14001573","E15000006","E24000005","E30000272","E16000150","E07000241","26ULGS","E00121573","26ULGS","E65000001","E01023941","E02004988","5","5B1","E00173220","E01023941","E02004988","E33027651","E38000049","E63011463","C1","7A3",51.784240,-0.205231,"E37000048","","E23000027",18126,"E56000035","E54000025","E00173220","E01035607","E02004988"
"AL7 4WH","AL7  4WH","AL7 4WH","200206","200508","E10000015","E58000676","E07000241","E05011065","E43000083","1","523899","0211032","5","E18000006","E40000007","E92000001","E12000006","5","E14001573","E15000006","E24000005","E30000272","E16000150","E07000241","26ULGS","E00121573","26ULGS","E65000001","E01023941","E02004988","5","5B1","E00173220","E01023941","E02004988","E33027651","E38000049","E63011463","C1","7A3",51.784240,-0.205231,"E37000048","","E23000027",18126,"E56000035","E54000025","E00173220","E01035607","E02004988"
"AL7 4WJ","AL7  4WJ","AL7 4WJ","200206","200304","E10000015","E58000676","E07000241","E05011065","E43000083","1","523899","0211032","5","E18000006","E40000007","E92000001","E12000006","5","E14001573","E15000006","E24000005","E30000272","E16000150","E07000241","26ULGS","E00121573","26ULGS","E65000001","E01023941","E02004988","5","5B1","E00173220","E01023941","E02004988","E33027651","E38000049","E63011463","C1","7A3",51.784240,-0.205231,"E37000048","","E23000027",18126,"E56000035","E54000025","E00173220","E01035607","E02004988"
"AL7 4WL","AL7  4WL","AL7 4WL","200206","200605","E10000015","E58000676","E07000241","E05011065","E43000083","1","523899","0211032","5","E18000006","E40000007","E92000001","E12000006","5","E14001573","E15000006","E24000005","E30000272","E16000150","E07000241","26ULGS","E00121573","26ULGS","E65000001","E01023941","E02004988","5","5B1","E00173220","E01023941","E02004988","E33027651","E38000049","E63011463","C1","7A3",51.784240,-0.205231,"E37000048","","E23000027",18126,"E56000035","E54000025","E00173220","E01035607","E02004988"
"AL7 4XJ","AL7  4XJ","AL7 4XJ","200304","200510","E10000015","E58000676","E07000241","E05011065","E43000083","1","523899","0211032","5","E18000006","E40000007","E92000001","E12000006","5","E14001573","E15000006","E24000005","E30000272","E16000150","E07000241","26ULGS","E00121573","26ULGS","E65000001","E01023941","E02004988","5","5B1","E00173220","E01023941","E02004988","E33027651","E38000049","E63011463","C1","7A3",51.784240,-0.205231,"E37000048","","E23000027",18126,"E56000035","E54000025","E00173220","E01035607","E02004988"
"AL7 4XN","AL7  4XN","AL7 4XN","200402","200507","E10000015","E58000676","E07000241","E05011065","E43000083","1","523899","0211032","5","E18000006","E40000007","E92000001","E12000006","5","E14001573","E15000006","E24000005","E30000272","E16000150","E07000241","26ULGS","E00121573","26ULGS","E65000001","E01023941","E02004988","5","5B1","E00173220","E01023941","E02004988","E33027651","E38000049","E63011463","C1","7A3",51.784240,-0.205231,"E37000048","","E23000027",18126,"E56000035","E54000025","E00173220","E01035607","E02004988"
"AL7 4XP","AL7  4XP","AL7 4XP","200407","200601","E10000015","E58000676","E07000241","E05011065","E43000083","1","523899","0211032","5","E18000006","E40000007","E92000001","E12000006","5","E14001573","E15000006","E24000005","E30000272","E16000150","E07000241","26ULGS","E00121573","26ULGS","E65000001","E01023941","E02004988","5","5B1","E00173220","E01023941","E02004988","E33027651","E38000049","E63011463","C1","7A3",51.784240,-0.205231,"E37000048","","E23000027",18126,"E56000035","E54000025","E00173220","E01035607","E02004988"
"AL7 4XQ","AL7  4XQ","AL7 4XQ","200310","200611","E10000015","E58000623","E07000241","E05011069","E43000083","1","524487","0213299","1","E18000006","E40000007","E92000001","E12000006","5","E14001573","E15000006","E24000005","E30000272","E16000150","E07000241","26ULGX","E00121637","26ULGX","E65000001","E01023954","E02004986","5","5B2","E00121637","E01023954","E02004986","E33024496","E38000049","E63011463","C1","7A3",51.804482,-0.195898,"E37000048","","E23000027",7164,"E56000035","E54000025","E00190264","E01035604","E02004986"
"AL7 4XR","AL7  4XR","AL7 4XR","200311","200407","E10000015","E58000676","E07000241","E05011065","E43000083","1","523899","0211032","5","E18000006","E40000007","E92000001","E12000006","5","E14001573","E15000006","E24000005","E30000272","E16000150","E07000241","26ULGS","E00121573","26ULGS","E65000001","E01023941","E02004988","5","5B1","E00173220","E01023941","E02004988","E33027651","E38000049","E63011463","C1","7A3",51.784240,-0.205231,"E37000048","","E23000027",18126,"E56000035","E54000025","E00173220","E01035607","E02004988"
"AL7 4XZ","AL7  4XZ","AL7 4XZ","200606","200607","E10000015","E58000676","E07000241","E05011065","E43000083","1","523899","0211032","5","E18000006","E40000007","E92000001","E12000006","5","E14001573","E15000006","E24000005","E30000272","E16000150","E07000241","26ULGS","E00121573","26ULGS","E65000001","E01023941","E02004988","5","5B1","E00173220","E01023941","E02004988","E33027651","E38000049","E63011463","C1","7A3",51.784240,-0.205231,"E37000048","","E23000027",18126,"E56000035","E54000025","E00173220","E01035607","E02004988"
"AL7 4YA","AL7  4YA","AL7 4YA","199806","200602","E10000015","E58000623","E07000241","E05011069","E43000083","1","524487","0213299","1","E18000006","E40000007","E92000001","E12000006","5","E14001573","E15000006","E24000005","E30000272","E16000150","E07000241","26ULGX","E00121637","26ULGX","E65000001","E01023954","E02004986","5","5B2","E00121637","E01023954","E02004986","E33024496","E38000049","E63011463","C1","7A3",51.804482,-0.195898,"E37000048","","E23000027",7164,"E56000035","E54000025","E00190264","E01035604","E02004986"
"AL7 4YY","AL7  4YY","AL7 4YY","199109","199507","E10000015","E58000676","E07000241","E05011065","E43000083","1","523700","0211600","8","E18000006","E40000007","E92000001","E12000006","5","E14001573","E15000006","E24000005","E30000272","E16000150","E07000241","26ULGS","E00121561","26ULGS","E65000001","E01023940","E02004988","5","5B1","E00121561","E01023940","E02004988","E33027650","E38000049","E63011463","C1","7C1",51.789388,-0.207912,"E37000048","","E23000027",19175,"E56000035","E54000025","E00121561","E01023940","E02004988"
"AL7 4YZ","AL7  4YZ","AL7 4YZ","200408","201504","E10000015","E58000623","E07000241","E05011069","E43000083","1","524487","0213299","1","E18000006","E40000007","E92000001","E12000006","5","E14001573","E15000006","E24000005","E30000272","E16000150","E07000241","26ULGX","E00121637","26ULGX","E65000001","E01023954","E02004986","5","5B2","E00121637","E01023954","E02004986","E33024496","E38000049","E63011463","C1","7A3",51.804482,-0.195898,"E37000048","","E23000027",7164,"E56000035","E54000025","E00190264","E01035604","E02004986"
"AL7 4ZD","AL7  4ZD","AL7 4ZD","199712","199812","E10000015","E58000676","E07000241","E05011065","E43000083","1","525002","0211201","6","E18000006","E40000007","E92000001","E12000006","5","E14001573","E15000006","E24000005","E30000272","E16000150","E07000241","26ULGS","E00121567","26ULGS","E65000001","E01023942","E02004988","5","1B1","E00121567","E01023942","E02004988","E33027652","E38000049","E63011463","C1","4A1",51.785514,-0.189188,"E37000048","","E23000027",20827,"E56000035","E54000025","E00121567","E01023942","E02004988"
"AL7 4ZE","AL7  4ZE","AL7 4ZE","199806","201502","E10000015","E58000623","E07000241","E05011069","E43000083","1","524487","0213299","1","E18000006","E40000007","E92000001","E12000006","5","E14001573","E15000006","E24000005","E30000272","E16000150","E07000241","26ULGX","E00121637","26ULGX","E65000001","E01023954","E02004986","5","5B2","E00121637","E01023954","E02004986","E33024496","E38000049","E63011463","C1","7A3",51.804482,-0.195898,"E37000048","","E23000027",7164,"E56000035","E54000025","E00190264","E01035604","E02004986"
"AL7 4ZF","AL7  4ZF","AL7 4ZF","199806","199912","E10000015","E58000676","E07000241","E05011065","E43000083","1","525002","0211201","6","E18000006","E40000007","E92000001","E12000006","5","E14001573","E15000006","E24000005","E30000272","E16000150","E07000241","26ULGS","E00121567","26ULGS","E65000001","E01023942","E02004988","5","1B1","E00121567","E01023942","E02004988","E33027652","E38000049","E63011463","C1","4A1",51.785514,-0.189188,"E37000048","","E23000027",20827,"E56000035","E54000025","E00121567","E01023942","E02004988"
"AL7 4ZG","AL7  4ZG","AL7 4ZG","200701","200806","E10000015","E58000623","E07000241","E05011069","E43000083","1","524487","0213299","1","E18000006","E40000007","E92000001","E12000006","5","E14001573","E15000006","E24000005","E30000272","E16000150","E07000241","26ULGX","E00121637","26ULGX","E65000001","E01023954","E02004986","5","5B2","E00121637","E01023954","E02004986","E33024496","E38000049","E63011463","C1","7A3",51.804482,-0.195898,"E37000048","","E23000027",7164,"E56000035","E54000025","E00190264","E01035604","E02004986"
"AL7 4ZH","AL7  4ZH","AL7 4ZH","199809","200009","E10000015","E58000676","E07000241","E05011065","E43000083","1","523600","0211500","8","E18000006","E40000007","E92000001","E12000006","5","E14001573","E15000006","E24000005","E30000272","E16000150","E07000241","26ULGS","E00121561","26ULGS","E65000001","E01023940","E02004988","5","5B1","E00121561","E01023940","E02004988","E33027650","E38000049","E63011463","C1","7C1",51.788512,-0.209397,"E37000048","","E23000027",19175,"E56000035","E54000025","E00121561","E01023940","E02004988"
"AL7 4ZJ","AL7  4ZJ","AL7 4ZJ","199812","200408","E10000015","E58000623","E07000241","E05011069","E43000083","1","524487","0213299","1","E18000006","E40000007","E92000001","E12000006","5","E14001573","E15000006","E24000005","E30000272","E16000150","E07000241","26ULGX","E00121637","26ULGX","E65000001","E01023954","E02004986","5","5B2","E00121637","E01023954","E02004986","E33024496","E38000049","E63011463","C1","7A3",51.804482,-0.195898,"E37000048","","E23000027",7164,"E56000035","E54000025","E00190264","E01035604","E02004986"
"AL7 4ZL","AL7  4ZL","AL7 4ZL","201801","201810","E10000015","E58000623","E07000241","E05011069","E43000083","1","524487","0213299","1","E18000006","E40000007","E92000001","E12000006","5","E14001573","E15000006","E24000005","E30000272","E16000150","E07000241","26ULGX","E00121637","26ULGX","E65000001","E01023954","E02004986","5","5B2","E00121637","E01023954","E02004986","E33024496","E38000049","E63011463","C1","7A3",51.804489,-0.195874,"E37000048","","E23000027",7164,"E56000035","E54000025","E00190264","E01035604","E02004986"
"AL7 4ZN","AL7  4ZN","AL7 4ZN","199812","200006","E10000015","E58000676","E07000241","E05011065","E43000083","1","525002","0211201","6","E18000006","E40000007","E92000001","E12000006","5","E14001573","E15000006","E24000005","E30000272","E16000150","E07000241","26ULGS","E00121567","26ULGS","E65000001","E01023942","E02004988","5","1B1","E00121567","E01023942","E02004988","E33027652","E38000049","E63011463","C1","4A1",51.785514,-0.189188,"E37000048","","E23000027",20827,"E56000035","E54000025","E00121567","E01023942","E02004988"
"AL7 4ZP","AL7  4ZP","AL7 4ZP","199906","199912","E10000015","E58000676","E07000241","E05011065","E43000083","1","523600","0211500","8","E18000006","E40000007","E92000001","E12000006","5","E14001573","E15000006","E24000005","E30000272","E16000150","E07000241","26ULGS","E00121561","26ULGS","E65000001","E01023940","E02004988","5","5B1","E00121561","E01023940","E02004988","E33027650","E38000049","E63011463","C1","7C1",51.788512,-0.209397,"E37000048","","E23000027",19175,"E56000035","E54000025","E00121561","E01023940","E02004988"
"AL7 4ZQ","AL7  4ZQ","AL7 4ZQ","199906","200211","E10000015","E58000623","E07000241","E05011069","E43000083","1","524487","0213299","1","E18000006","E40000007","E92000001","E12000006","5","E14001573","E15000006","E24000005","E30000272","E16000150","E07000241","26ULGX","E00121637","26ULGX","E65000001","E01023954","E02004986","5","5B2","E00121637","E01023954","E02004986","E33024496","E38000049","E63011463","C1","7A3",51.804482,-0.195898,"E37000048","","E23000027",7164,"E56000035","E54000025","E00190264","E01035604","E02004986"
"AL7 4ZS","AL7  4ZS","AL7 4ZS","200106","200306","E10000015","E58000623","E07000241","E05011069","E43000083","1","524487","0213299","1","E18000006","E40000007","E92000001","E12000006","5","E14001573","E15000006","E24000005","E30000272","E16000150","E07000241","26ULGX","E00121637","26ULGX","E65000001","E01023954","E02004986","5","5B2","E00121637","E01023954","E02004986","E33024496","E38000049","E63011463","C1","7A3",51.804482,-0.195898,"E37000048","","E23000027",7164,"E56000035","E54000025","E00190264","E01035604","E02004986"
"AL7 4ZT","AL7  4ZT","AL7 4ZT","200012","200311","E10000015","E58000623","E07000241","E05011069","E43000083","1","524487","0213299","1","E18000006","E40000007","E92000001","E12000006","5","E14001573","E15000006","E24000005","E30000272","E16000150","E07000241","26ULGX","E00121637","26ULGX","E65000001","E01023954","E02004986","5","5B2","E00121637","E01023954","E02004986","E33024496","E38000049","E63011463","C1","7A3",51.804482,-0.195898,"E37000048","","E23000027",7164,"E56000035","E54000025","E00190264","E01035604","E02004986"
"AL7 4ZU","AL7  4ZU","AL7 4ZU","200012","200108","E10000015","E58000623","E07000241","E05011069","E43000083","1","524487","0213299","1","E18000006","E40000007","E92000001","E12000006","5","E14001573","E15000006","E24000005","E30000272","E16000150","E07000241","26ULGX","E00121637","26ULGX","E65000001","E01023954","E02004986","5","5B2","E00121637","E01023954","E02004986","E33024496","E38000049","E63011463","C1","7A3",51.804482,-0.195898,"E37000048","","E23000027",7164,"E56000035","E54000025","E00190264","E01035604","E02004986"
"AL7 4ZW","AL7  4ZW","AL7 4ZW","200006","200105","E10000015","E58000676","E07000241","E05011065","E43000083","1","525002","0211201","6","E18000006","E40000007","E92000001","E12000006","5","E14001573","E15000006","E24000005","E30000272","E16000150","E07000241","26ULGS","E00121567","26ULGS","E65000001","E01023942","E02004988","5","1B1","E00121567","E01023942","E02004988","E33027652","E38000049","E63011463","C1","4A1",51.785514,-0.189188,"E37000048","","E23000027",20827,"E56000035","E54000025","E00121567","E01023942","E02004988"
"AL7 4ZX","AL7  4ZX","AL7 4ZX","200006","200107","E10000015","E58000676","E07000241","E05011065","E43000083","1","525002","0211201","6","E18000006","E40000007","E92000001","E12000006","5","E14001573","E15000006","E24000005","E30000272","E16000150","E07000241","26ULGS","E00121567","26ULGS","E65000001","E01023942","E02004988","5","1B1","E00121567","E01023942","E02004988","E33027652","E38000049","E63011463","C1","4A1",51.785514,-0.189188,"E37000048","","E23000027",20827,"E56000035","E54000025","E00121567","E01023942","E02004988"
"AL7 4ZY","AL7  4ZY","AL7 4ZY","199912","200111","E10000015","E58000623","E07000241","E05011069","E43000083","1","524487","0213299","1","E18000006","E40000007","E92000001","E12000006","5","E14001573","E15000006","E24000005","E30000272","E16000150","E07000241","26ULGX","E00121637","26ULGX","E65000001","E01023954","E02004986","5","5B2","E00121637","E01023954","E02004986","E33024496","E38000049","E63011463","C1","7A3",51.804482,-0.195898,"E37000048","","E23000027",7164,"E56000035","E54000025","E00190264","E01035604","E02004986"
"AL7 4ZZ","AL7  4ZZ","AL7 4ZZ","199906","200101","E10000015","E58000676","E07000241","E05011065","E43000083","1","525002","0211201","6","E18000006","E40000007","E92000001","E12000006","5","E14001573","E15000006","E24000005","E30000272","E16000150","E07000241","26ULGS","E00121567","26ULGS","E65000001","E01023942","E02004988","5","1B1","E00121567","E01023942","E02004988","E33027652","E38000049","E63011463","C1","4A1",51.785514,-0.189188,"E37000048","","E23000027",20827,"E56000035","E54000025","E00121567","E01023942","E02004988"
"AL7 9AA","AL7  9AA","AL7 9AA","200501","200701","E10000015","E58000623","E07000241","E05011069","E43000083","1","524487","0213299","1","E18000006","E40000007","E92000001","E12000006","5","E14001573","E15000006","E24000005","E30000272","E16000150","E07000241","26ULGX","E00121637","26ULGX","E65000001","E01023954","E02004986","5","5B2","E00121637","E01023954","E02004986","E33024496","E38000049","E63011463","C1","7A3",51.804482,-0.195898,"E37000048","","E23000027",7164,"E56000035","E54000025","E00190264","E01035604","E02004986"
"AL7 9AB","AL7  9AB","AL7 9AB","200501","200604","E10000015","E58000623","E07000241","E05011060","E43000083","1","523834","0213251","6","E18000006","E40000007","E92000001","E12000006","5","E14001573","E15000006","E24000005","E30000272","E16000150","E07000241","26ULGL","E00121437","26ULGL","E65000001","E01023918","E02004985","5","2A1","E00121437","E01023918","E02004985","E33024480","E38000049","E63011463","C1","2C2",51.804196,-0.205381,"E37000048","","E23000027",19249,"E56000035","E54000025","E00190322","E01023918","E02004985"
"AL7 9AD","AL7  9AD","AL7 9AD","200501","200604","E10000015","E58000623","E07000241","E05011060","E43000083","1","523834","0213251","6","E18000006","E40000007","E92000001","E12000006","5","E14001573","E15000006","E24000005","E30000272","E16000150","E07000241","26ULGL","E00121437","26ULGL","E65000001","E01023918","E02004985","5","2A1","E00121437","E01023918","E02004985","E33024480","E38000049","E63011463","C1","2C2",51.804196,-0.205381,"E37000048","","E23000027",19249,"E56000035","E54000025","E00190322","E01023918","E02004985"
"AL7 9AE","AL7  9AE","AL7 9AE","200502","200812","E10000015","E58000623","E07000241","E05011069","E43000083","1","524487","0213299","1","E18000006","E40000007","E92000001","E12000006","5","E14001573","E15000006","E24000005","E30000272","E16000150","E07000241","26ULGX","E00121637","26ULGX","E65000001","E01023954","E02004986","5","5B2","E00121637","E01023954","E02004986","E33024496","E38000049","E63011463","C1","7A3",51.804482,-0.195898,"E37000048","","E23000027",7164,"E56000035","E54000025","E00190264","E01035604","E02004986"
"AL7 9AF","AL7  9AF","AL7 9AF","200502","200604","E10000015","E58000623","E07000241","E05011060","E43000083","1","523834","0213251","6","E18000006","E40000007","E92000001","E12000006","5","E14001573","E15000006","E24000005","E30000272","E16000150","E07000241","26ULGL","E00121437","26ULGL","E65000001","E01023918","E02004985","5","2A1","E00121437","E01023918","E02004985","E33024480","E38000049","E63011463","C1","2C2",51.804196,-0.205381,"E37000048","","E23000027",19249,"E56000035","E54000025","E00190322","E01023918","E02004985"
"AL7 9AG","AL7  9AG","AL7 9AG","200502","200804","E10000015","E58000623","E07000241","E05011069","E43000083","1","524487","0213299","1","E18000006","E40000007","E92000001","E12000006","5","E14001573","E15000006","E24000005","E30000272","E16000150","E07000241","26ULGX","E00121637","26ULGX","E65000001","E01023954","E02004986","5","5B2","E00121637","E01023954","E02004986","E33024496","E38000049","E63011463","C1","7A3",51.804482,-0.195898,"E37000048","","E23000027",7164,"E56000035","E54000025","E00190264","E01035604","E02004986"
"AL7 9AH","AL7  9AH","AL7 9AH","202012","","E10000015","E58000623","E07000241","E05011069","E43000083","1","524487","0213299","1","E18000006","E40000007","E92000001","E12000006","5","E14001573","E15000006","E24000005","E30000272","E16000150","E07000241","26ULGX","E00121637","26ULGX","E65000001","E01023954","E02004986","5","5B2","E00121637","E01023954","E02004986","E33024496","E38000049","E63011463","C1","7A3",51.804489,-0.195874,"E37000048","","E23000027",7164,"E56000035","E54000025","E00190264","E01035604","E02004986"
"AL7 9AJ","AL7  9AJ","AL7 9AJ","200504","200602","E10000015","E58000623","E07000241","E05011060","E43000083","1","523834","0213251","6","E18000006","E40000007","E92000001","E12000006","5","E14001573","E15000006","E24000005","E30000272","E16000150","E07000241","26ULGL","E00121437","26ULGL","E65000001","E01023918","E02004985","5","2A1","E00121437","E01023918","E02004985","E33024480","E38000049","E63011463","C1","2C2",51.804196,-0.205381,"E37000048","","E23000027",19249,"E56000035","E54000025","E00190322","E01023918","E02004985"
"AL7 9AL","AL7  9AL","AL7 9AL","200504","200605","E10000015","E58000623","E07000241","E05011060","E43000083","1","523834","0213251","6","E18000006","E40000007","E92000001","E12000006","5","E14001573","E15000006","E24000005","E30000272","E16000150","E07000241","26ULGL","E00121437","26ULGL","E65000001","E01023918","E02004985","5","2A1","E00121437","E01023918","E02004985","E33024480","E38000049","E63011463","C1","2C2",51.804196,-0.205381,"E37000048","","E23000027",19249,"E56000035","E54000025","E00190322","E01023918","E02004985"
"AL7 9AN","AL7  9AN","AL7 9AN","200606","200607","E10000015","E58000623","E07000241","E05011060","E43000083","1","523834","0213251","6","E18000006","E40000007","E92000001","E12000006","5","E14001573","E15000006","E24000005","E30000272","E16000150","E07000241","26ULGL","E00121437","26ULGL","E65000001","E01023918","E02004985","5","2A1","E00121437","E01023918","E02004985","E33024480","E38000049","E63011463","C1","2C2",51.804196,-0.205381,"E37000048","","E23000027",19249,"E56000035","E54000025","E00190322","E01023918","E02004985"
"AL7 9AP","AL7  9AP","AL7 9AP","200505","201106","E10000015","E58000623","E07000241","E05011069","E43000083","1","524487","0213299","1","E18000006","E40000007","E92000001","E12000006","5","E14001573","E15000006","E24000005","E30000272","E16000150","E07000241","26ULGX","E00121637","26ULGX","E65000001","E01023954","E02004986","5","5B2","E00121637","E01023954","E02004986","E33024496","E38000049","E63011463","C1","7A3",51.804482,-0.195898,"E37000048","","E23000027",7164,"E56000035","E54000025","E00190264","E01035604","E02004986"
"AL7 9AQ","AL7  9AQ","AL7 9AQ","200505","200602","E10000015","E58000623","E07000241","E05011060","E43000083","1","523834","0213251","6","E18000006","E40000007","E92000001","E12000006","5","E14001573","E15000006","E24000005","E30000272","E16000150","E07000241","26ULGL","E00121437","26ULGL","E65000001","E01023918","E02004985","5","2A1","E00121437","E01023918","E02004985","E33024480","E38000049","E63011463","C1","2C2",51.804196,-0.205381,"E37000048","","E23000027",19249,"E56000035","E54000025","E00190322","E01023918","E02004985"
"AL7 9AR","AL7  9AR","AL7 9AR","200505","200704","E10000015","E58000623","E07000241","E05011069","E43000083","1","524487","0213299","1","E18000006","E40000007","E92000001","E12000006","5","E14001573","E15000006","E24000005","E30000272","E16000150","E07000241","26ULGX","E00121637","26ULGX","E65000001","E01023954","E02004986","5","5B2","E00121637","E01023954","E02004986","E33024496","E38000049","E63011463","C1","7A3",51.804482,-0.195898,"E37000048","","E23000027",7164,"E56000035","E54000025","E00190264","E01035604","E02004986"
"AL7 9AS","AL7  9AS","AL7 9AS","200606","200607","E10000015","E58000623","E07000241","E05011060","E43000083","1","523834","0213251","6","E18000006","E40000007","E92000001","E12000006","5","E14001573","E15000006","E24000005","E30000272","E16000150","E07000241","26ULGL","E00121437","26ULGL","E65000001","E01023918","E02004985","5","2A1","E00121437","E01023918","E02004985","E33024480","E38000049","E63011463","C1","2C2",51.804196,-0.205381,"E37000048","","E23000027",19249,"E56000035","E54000025","E00190322","E01023918","E02004985"
"AL7 9AT","AL7  9AT","AL7 9AT","200506","200806","E10000015","E58000623","E07000241","E05011069","E43000083","1","524487","0213299","1","E18000006","E40000007","E92000001","E12000006","5","E14001573","E15000006","E24000005","E30000272","E16000150","E07000241","26ULGX","E00121637","26ULGX","E65000001","E01023954","E02004986","5","5B2","E00121637","E01023954","E02004986","E33024496","E38000049","E63011463","C1","7A3",51.804482,-0.195898,"E37000048","","E23000027",7164,"E56000035","E54000025","E00190264","E01035604","E02004986"
"AL7 9AU","AL7  9AU","AL7 9AU","200507","201301","E10000015","E58000623","E07000241","E05011069","E43000083","1","524487","0213299","1","E18000006","E40000007","E92000001","E12000006","5","E14001573","E15000006","E24000005","E30000272","E16000150","E07000241","26ULGX","E00121637","26ULGX","E65000001","E01023954","E02004986","5","5B2","E00121637","E01023954","E02004986","E33024496","E38000049","E63011463","C1","7A3",51.804482,-0.195898,"E37000048","","E23000027",7164,"E56000035","E54000025","E00190264","E01035604","E02004986"
"AL7 9AW","AL7  9AW","AL7 9AW","200507","200708","E10000015","E58000623","E07000241","E05011069","E43000083","1","524487","0213299","1","E18000006","E40000007","E92000001","E12000006","5","E14001573","E15000006","E24000005","E30000272","E16000150","E07000241","26ULGX","E00121637","26ULGX","E65000001","E01023954","E02004986","5","5B2","E00121637","E01023954","E02004986","E33024496","E38000049","E63011463","C1","7A3",51.804482,-0.195898,"E37000048","","E23000027",7164,"E56000035","E54000025","E00190264","E01035604","E02004986"
"AL7 9AX","AL7  9AX","AL7 9AX","200508","201008","E10000015","E58000623","E07000241","E05011069","E43000083","1","524487","0213299","1","E18000006","E40000007","E92000001","E12000006","5","E14001573","E15000006","E24000005","E30000272","E16000150","E07000241","26ULGX","E00121637","26ULGX","E65000001","E01023954","E02004986","5","5B2","E00121637","E01023954","E02004986","E33024496","E38000049","E63011463","C1","7A3",51.804482,-0.195898,"E37000048","","E23000027",7164,"E56000035","E54000025","E00190264","E01035604","E02004986"
"AL7 9AY","AL7  9AY","AL7 9AY","200508","200610","E10000015","E58000623","E07000241","E05011060","E43000083","1","523834","0213251","6","E18000006","E40000007","E92000001","E12000006","5","E14001573","E15000006","E24000005","E30000272","E16000150","E07000241","26ULGL","E00121437","26ULGL","E65000001","E01023918","E02004985","5","2A1","E00121437","E01023918","E02004985","E33024480","E38000049","E63011463","C1","2C2",51.804196,-0.205381,"E37000048","","E23000027",19249,"E56000035","E54000025","E00190322","E01023918","E02004985"
"AL7 9AZ","AL7  9AZ","AL7 9AZ","201110","201209","E10000015","E58000623","E07000241","E05011069","E43000083","1","524487","0213299","1","E18000006","E40000007","E92000001","E12000006","5","E14001573","E15000006","E24000005","E30000272","E16000150","E07000241","26ULGX","E00121637","26ULGX","E65000001","E01023954","E02004986","5","5B2","E00121637","E01023954","E02004986","E33024496","E38000049","E63011463","C1","7A3",51.804482,-0.195898,"E37000048","","E23000027",7164,"E56000035","E54000025","E00190264","E01035604","E02004986"
"AL7 9BA","AL7  9BA","AL7 9BA","200509","201209","E10000015","E58000623","E07000241","E05011069","E43000083","1","524487","0213299","1","E18000006","E40000007","E92000001","E12000006","5","E14001573","E15000006","E24000005","E30000272","E16000150","E07000241","26ULGX","E00121637","26ULGX","E65000001","E01023954","E02004986","5","5B2","E00121637","E01023954","E02004986","E33024496","E38000049","E63011463","C1","7A3",51.804482,-0.195898,"E37000048","","E23000027",7164,"E56000035","E54000025","E00190264","E01035604","E02004986"
"AL7 9BB","AL7  9BB","AL7 9BB","200509","200610","E10000015","E58000623","E07000241","E05011060","E43000083","1","523834","0213251","6","E18000006","E40000007","E92000001","E12000006","5","E14001573","E15000006","E24000005","E30000272","E16000150","E07000241","26ULGL","E00121437","26ULGL","E65000001","E01023918","E02004985","5","2A1","E00121437","E01023918","E02004985","E33024480","E38000049","E63011463","C1","2C2",51.804196,-0.205381,"E37000048","","E23000027",19249,"E56000035","E54000025","E00190322","E01023918","E02004985"
"AL7 9BD","AL7  9BD","AL7 9BD","200510","200605","E10000015","E58000623","E07000241","E05011060","E43000083","1","523834","0213251","6","E18000006","E40000007","E92000001","E12000006","5","E14001573","E15000006","E24000005","E30000272","E16000150","E07000241","26ULGL","E00121437","26ULGL","E65000001","E01023918","E02004985","5","2A1","E00121437","E01023918","E02004985","E33024480","E38000049","E63011463","C1","2C2",51.804196,-0.205381,"E37000048","","E23000027",19249,"E56000035","E54000025","E00190322","E01023918","E02004985"
"AL7 9BE","AL7  9BE","AL7 9BE","200607","200805","E10000015","E58000623","E07000241","E05011069","E43000083","1","524487","0213299","1","E18000006","E40000007","E92000001","E12000006","5","E14001573","E15000006","E24000005","E30000272","E16000150","E07000241","26ULGX","E00121637","26ULGX","E65000001","E01023954","E02004986","5","5B2","E00121637","E01023954","E02004986","E33024496","E38000049","E63011463","C1","7A3",51.804482,-0.195898,"E37000048","","E23000027",7164,"E56000035","E54000025","E00190264","E01035604","E02004986"
"AL7 9BF","AL7  9BF","AL7 9BF","200510","200611","E10000015","E58000623","E07000241","E05011069","E43000083","1","524487","0213299","1","E18000006","E40000007","E92000001","E12000006","5","E14001573","E15000006","E24000005","E30000272","E16000150","E07000241","26ULGX","E00121637","26ULGX","E65000001","E01023954","E02004986","5","5B2","E00121637","E01023954","E02004986","E33024496","E38000049","E63011463","C1","7A3",51.804482,-0.195898,"E37000048","","E23000027",7164,"E56000035","E54000025","E00190264","E01035604","E02004986"
"AL7 9BG","AL7  9BG","AL7 9BG","200712","200801","E10000015","E58000623","E07000241","E05011069","E43000083","1","524487","0213299","1","E18000006","E40000007","E92000001","E12000006","5","E14001573","E15000006","E24000005","E30000272","E16000150","E07000241","26ULGX","E00121637","26ULGX","E65000001","E01023954","E02004986","5","5B2","E00121637","E01023954","E02004986","E33024496","E38000049","E63011463","C1","7A3",51.804482,-0.195898,"E37000048","","E23000027",7164,"E56000035","E54000025","E00190264","E01035604","E02004986"
"AL7 9BH","AL7  9BH","AL7 9BH","200511","201211","E10000015","E58000623","E07000241","E05011069","E43000083","1","524487","0213299","1","E18000006","E40000007","E92000001","E12000006","5","E14001573","E15000006","E24000005","E30000272","E16000150","E07000241","26ULGX","E00121637","26ULGX","E65000001","E01023954","E02004986","5","5B2","E00121637","E01023954","E02004986","E33024496","E38000049","E63011463","C1","7A3",51.804482,-0.195898,"E37000048","","E23000027",7164,"E56000035","E54000025","E00190264","E01035604","E02004986"
"AL7 9BJ","AL7  9BJ","AL7 9BJ","200511","200901","E10000015","E58000623","E07000241","E05011069","E43000083","1","524487","0213299","1","E18000006","E40000007","E92000001","E12000006","5","E14001573","E15000006","E24000005","E30000272","E16000150","E07000241","26ULGX","E00121637","26ULGX","E65000001","E01023954","E02004986","5","5B2","E00121637","E01023954","E02004986","E33024496","E38000049","E63011463","C1","7A3",51.804482,-0.195898,"E37000048","","E23000027",7164,"E56000035","E54000025","E00190264","E01035604","E02004986"
"AL7 9BL","AL7  9BL","AL7 9BL","200601","200902","E10000015","E58000623","E07000241","E05011069","E43000083","1","524487","0213299","1","E18000006","E40000007","E92000001","E12000006","5","E14001573","E15000006","E24000005","E30000272","E16000150","E07000241","26ULGX","E00121637","26ULGX","E65000001","E01023954","E02004986","5","5B2","E00121637","E01023954","E02004986","E33024496","E38000049","E63011463","C1","7A3",51.804482,-0.195898,"E37000048","","E23000027",7164,"E56000035","E54000025","E00190264","E01035604","E02004986"
"AL7 9BN","AL7  9BN","AL7 9BN","200602","","E10000015","E58000623","E07000241","E05011069","E43000083","1","524487","0213299","1","E18000006","E40000007","E92000001","E12000006","5","E14001573","E15000006","E24000005","E30000272","E16000150","E07000241","26ULGX","E00121637","26ULGX","E65000001","E01023954","E02004986","5","5B2","E00121637","E01023954","E02004986","E33024496","E38000049","E63011463","C1","7A3",51.804482,-0.195898,"E37000048","","E23000027",7164,"E56000035","E54000025","E00190264","E01035604","E02004986"
"AL7 9BP","AL7  9BP","AL7 9BP","200602","200803","E10000015","E58000623","E07000241","E05011069","E43000083","1","524487","0213299","1","E18000006","E40000007","E92000001","E12000006","5","E14001573","E15000006","E24000005","E30000272","E16000150","E07000241","26ULGX","E00121637","26ULGX","E65000001","E01023954","E02004986","5","5B2","E00121637","E01023954","E02004986","E33024496","E38000049","E63011463","C1","7A3",51.804482,-0.195898,"E37000048","","E23000027",7164,"E56000035","E54000025","E00190264","E01035604","E02004986"
"AL7 9BQ","AL7  9BQ","AL7 9BQ","200603","200704","E10000015","E58000623","E07000241","E05011069","E43000083","1","524487","0213299","1","E18000006","E40000007","E92000001","E12000006","5","E14001573","E15000006","E24000005","E30000272","E16000150","E07000241","26ULGX","E00121637","26ULGX","E65000001","E01023954","E02004986","5","5B2","E00121637","E01023954","E02004986","E33024496","E38000049","E63011463","C1","7A3",51.804482,-0.195898,"E37000048","","E23000027",7164,"E56000035","E54000025","E00190264","E01035604","E02004986"
"AL7 9BR","AL7  9BR","AL7 9BR","200604","200709","E10000015","E58000623","E07000241","E05011069","E43000083","1","524487","0213299","1","E18000006","E40000007","E92000001","E12000006","5","E14001573","E15000006","E24000005","E30000272","E16000150","E07000241","26ULGX","E00121637","26ULGX","E65000001","E01023954","E02004986","5","5B2","E00121637","E01023954","E02004986","E33024496","E38000049","E63011463","C1","7A3",51.804482,-0.195898,"E37000048","","E23000027",7164,"E56000035","E54000025","E00190264","E01035604","E02004986"
"AL7 9BS","AL7  9BS","AL7 9BS","200604","200611","E10000015","E58000623","E07000241","E05011069","E43000083","1","524487","0213299","1","E18000006","E40000007","E92000001","E12000006","5","E14001573","E15000006","E24000005","E30000272","E16000150","E07000241","26ULGX","E00121637","26ULGX","E65000001","E01023954","E02004986","5","5B2","E00121637","E01023954","E02004986","E33024496","E38000049","E63011463","C1","7A3",51.804482,-0.195898,"E37000048","","E23000027",7164,"E56000035","E54000025","E00190264","E01035604","E02004986"
"AL7 9BT","AL7  9BT","AL7 9BT","200604","200705","E10000015","E58000623","E07000241","E05011069","E43000083","1","524487","0213299","1","E18000006","E40000007","E92000001","E12000006","5","E14001573","E15000006","E24000005","E30000272","E16000150","E07000241","26ULGX","E00121637","26ULGX","E65000001","E01023954","E02004986","5","5B2","E00121637","E01023954","E02004986","E33024496","E38000049","E63011463","C1","7A3",51.804482,-0.195898,"E37000048","","E23000027",7164,"E56000035","E54000025","E00190264","E01035604","E02004986"
"AL7 9BU","AL7  9BU","AL7 9BU","200604","200804","E10000015","E58000623","E07000241","E05011069","E43000083","1","524487","0213299","1","E18000006","E40000007","E92000001","E12000006","5","E14001573","E15000006","E24000005","E30000272","E16000150","E07000241","26ULGX","E00121637","26ULGX","E65000001","E01023954","E02004986","5","5B2","E00121637","E01023954","E02004986","E33024496","E38000049","E63011463","C1","7A3",51.804482,-0.195898,"E37000048","","E23000027",7164,"E56000035","E54000025","E00190264","E01035604","E02004986"
"AL7 9BW","AL7  9BW","AL7 9BW","200706","200707","E10000015","E58000623","E07000241","E05011069","E43000083","1","524487","0213299","1","E18000006","E40000007","E92000001","E12000006","5","E14001573","E15000006","E24000005","E30000272","E16000150","E07000241","26ULGX","E00121637","26ULGX","E65000001","E01023954","E02004986","5","5B2","E00121637","E01023954","E02004986","E33024496","E38000049","E63011463","C1","7A3",51.804482,-0.195898,"E37000048","","E23000027",7164,"E56000035","E54000025","E00190264","E01035604","E02004986"
"AL7 9BX","AL7  9BX","AL7 9BX","200605","201105","E10000015","E58000623","E07000241","E05011069","E43000083","1","524487","0213299","1","E18000006","E40000007","E92000001","E12000006","5","E14001573","E15000006","E24000005","E30000272","E16000150","E07000241","26ULGX","E00121637","26ULGX","E65000001","E01023954","E02004986","5","5B2","E00121637","E01023954","E02004986","E33024496","E38000049","E63011463","C1","7A3",51.804482,-0.195898,"E37000048","","E23000027",7164,"E56000035","E54000025","E00190264","E01035604","E02004986"
"AL7 9BY","AL7  9BY","AL7 9BY","200607","200707","E10000015","E58000623","E07000241","E05011069","E43000083","1","524487","0213299","1","E18000006","E40000007","E92000001","E12000006","5","E14001573","E15000006","E24000005","E30000272","E16000150","E07000241","26ULGX","E00121637","26ULGX","E65000001","E01023954","E02004986","5","5B2","E00121637","E01023954","E02004986","E33024496","E38000049","E63011463","C1","7A3",51.804482,-0.195898,"E37000048","","E23000027",7164,"E56000035","E54000025","E00190264","E01035604","E02004986"
"AL7 9BZ","AL7  9BZ","AL7 9BZ","200706","200707","E10000015","E58000623","E07000241","E05011069","E43000083","1","524487","0213299","1","E18000006","E40000007","E92000001","E12000006","5","E14001573","E15000006","E24000005","E30000272","E16000150","E07000241","26ULGX","E00121637","26ULGX","E65000001","E01023954","E02004986","5","5B2","E00121637","E01023954","E02004986","E33024496","E38000049","E63011463","C1","7A3",51.804482,-0.195898,"E37000048","","E23000027",7164,"E56000035","E54000025","E00190264","E01035604","E02004986"
"AL7 9DA","AL7  9DA","AL7 9DA","201810","202205","E10000015","E58000623","E07000241","E05011069","E43000083","1","524487","0213299","1","E18000006","E40000007","E92000001","E12000006","5","E14001573","E15000006","E24000005","E30000272","E16000150","E07000241","26ULGX","E00121637","26ULGX","E65000001","E01023954","E02004986","5","5B2","E00121637","E01023954","E02004986","E33024496","E38000049","E63011463","C1","7A3",51.804489,-0.195874,"E37000048","","E23000027",7164,"E56000035","E54000025","E00190264","E01035604","E02004986"
"AL7 9DB","AL7  9DB","AL7 9DB","200607","201005","E10000015","E58000623","E07000241","E05011069","E43000083","1","524487","0213299","1","E18000006","E40000007","E92000001","E12000006","5","E14001573","E15000006","E24000005","E30000272","E16000150","E07000241","26ULGX","E00121637","26ULGX","E65000001","E01023954","E02004986","5","5B2","E00121637","E01023954","E02004986","E33024496","E38000049","E63011463","C1","7A3",51.804482,-0.195898,"E37000048","","E23000027",7164,"E56000035","E54000025","E00190264","E01035604","E02004986"
"AL7 9DD","AL7  9DD","AL7 9DD","200607","200808","E10000015","E58000623","E07000241","E05011069","E43000083","1","524487","0213299","1","E18000006","E40000007","E92000001","E12000006","5","E14001573","E15000006","E24000005","E30000272","E16000150","E07000241","26ULGX","E00121637","26ULGX","E65000001","E01023954","E02004986","5","5B2","E00121637","E01023954","E02004986","E33024496","E38000049","E63011463","C1","7A3",51.804482,-0.195898,"E37000048","","E23000027",7164,"E56000035","E54000025","E00190264","E01035604","E02004986"
"AL7 9DE","AL7  9DE","AL7 9DE","200608","200704","E10000015","E58000623","E07000241","E05011069","E43000083","1","524487","0213299","1","E18000006","E40000007","E92000001","E12000006","5","E14001573","E15000006","E24000005","E30000272","E16000150","E07000241","26ULGX","E00121637","26ULGX","E65000001","E01023954","E02004986","5","5B2","E00121637","E01023954","E02004986","E33024496","E38000049","E63011463","C1","7A3",51.804482,-0.195898,"E37000048","","E23000027",7164,"E56000035","E54000025","E00190264","E01035604","E02004986"
"AL7 9DF","AL7  9DF","AL7 9DF","200610","200710","E10000015","E58000623","E07000241","E05011069","E43000083","1","524487","0213299","1","E18000006","E40000007","E92000001","E12000006","5","E14001573","E15000006","E24000005","E30000272","E16000150","E07000241","26ULGX","E00121637","26ULGX","E65000001","E01023954","E02004986","5","5B2","E00121637","E01023954","E02004986","E33024496","E38000049","E63011463","C1","7A3",51.804482,-0.195898,"E37000048","","E23000027",7164,"E56000035","E54000025","E00190264","E01035604","E02004986"
"AL7 9DG","AL7  9DG","AL7 9DG","200610","200711","E10000015","E58000623","E07000241","E05011069","E43000083","1","524487","0213299","1","E18000006","E40000007","E92000001","E12000006","5","E14001573","E15000006","E24000005","E30000272","E16000150","E07000241","26ULGX","E00121637","26ULGX","E65000001","E01023954","E02004986","5","5B2","E00121637","E01023954","E02004986","E33024496","E38000049","E63011463","C1","7A3",51.804482,-0.195898,"E37000048","","E23000027",7164,"E56000035","E54000025","E00190264","E01035604","E02004986"
"AL7 9DH","AL7  9DH","AL7 9DH","200610","200710","E10000015","E58000623","E07000241","E05011069","E43000083","1","524487","0213299","1","E18000006","E40000007","E92000001","E12000006","5","E14001573","E15000006","E24000005","E30000272","E16000150","E07000241","26ULGX","E00121637","26ULGX","E65000001","E01023954","E02004986","5","5B2","E00121637","E01023954","E02004986","E33024496","E38000049","E63011463","C1","7A3",51.804482,-0.195898,"E37000048","","E23000027",7164,"E56000035","E54000025","E00190264","E01035604","E02004986"
"AL7 9DJ","AL7  9DJ","AL7 9DJ","200610","200704","E10000015","E58000623","E07000241","E05011069","E43000083","1","524487","0213299","1","E18000006","E40000007","E92000001","E12000006","5","E14001573","E15000006","E24000005","E30000272","E16000150","E07000241","26ULGX","E00121637","26ULGX","E65000001","E01023954","E02004986","5","5B2","E00121637","E01023954","E02004986","E33024496","E38000049","E63011463","C1","7A3",51.804482,-0.195898,"E37000048","","E23000027",7164,"E56000035","E54000025","E00190264","E01035604","E02004986"
"AL7 9DL","AL7  9DL","AL7 9DL","201511","201612","E10000015","E58000623","E07000241","E05011069","E43000083","1","524487","0213299","1","E18000006","E40000007","E92000001","E12000006","5","E14001573","E15000006","E24000005","E30000272","E16000150","E07000241","26ULGX","E00121637","26ULGX","E65000001","E01023954","E02004986","5","5B2","E00121637","E01023954","E02004986","E33024496","E38000049","E63011463","C1","7A3",51.804482,-0.195898,"E37000048","","E23000027",7164,"E56000035","E54000025","E00190264","E01035604","E02004986"
"AL7 9DN","AL7  9DN","AL7 9DN","200610","200705","E10000015","E58000623","E07000241","E05011069","E43000083","1","524487","0213299","1","E18000006","E40000007","E92000001","E12000006","5","E14001573","E15000006","E24000005","E30000272","E16000150","E07000241","26ULGX","E00121637","26ULGX","E65000001","E01023954","E02004986","5","5B2","E00121637","E01023954","E02004986","E33024496","E38000049","E63011463","C1","7A3",51.804482,-0.195898,"E37000048","","E23000027",7164,"E56000035","E54000025","E00190264","E01035604","E02004986"
"AL7 9DP","AL7  9DP","AL7 9DP","200610","201411","E10000015","E58000623","E07000241","E05011069","E43000083","1","524487","0213299","1","E18000006","E40000007","E92000001","E12000006","5","E14001573","E15000006","E24000005","E30000272","E16000150","E07000241","26ULGX","E00121637","26ULGX","E65000001","E01023954","E02004986","5","5B2","E00121637","E01023954","E02004986","E33024496","E38000049","E63011463","C1","7A3",51.804482,-0.195898,"E37000048","","E23000027",7164,"E56000035","E54000025","E00190264","E01035604","E02004986"
"AL7 9DQ","AL7  9DQ","AL7 9DQ","200611","201012","E10000015","E58000623","E07000241","E05011069","E43000083","1","524487","0213299","1","E18000006","E40000007","E92000001","E12000006","5","E14001573","E15000006","E24000005","E30000272","E16000150","E07000241","26ULGX","E00121637","26ULGX","E65000001","E01023954","E02004986","5","5B2","E00121637","E01023954","E02004986","E33024496","E38000049","E63011463","C1","7A3",51.804482,-0.195898,"E37000048","","E23000027",7164,"E56000035","E54000025","E00190264","E01035604","E02004986"
"AL7 9DR","AL7  9DR","AL7 9DR","200611","200801","E10000015","E58000623","E07000241","E05011069","E43000083","1","524487","0213299","1","E18000006","E40000007","E92000001","E12000006","5","E14001573","E15000006","E24000005","E30000272","E16000150","E07000241","26ULGX","E00121637","26ULGX","E65000001","E01023954","E02004986","5","5B2","E00121637","E01023954","E02004986","E33024496","E38000049","E63011463","C1","7A3",51.804482,-0.195898,"E37000048","","E23000027",7164,"E56000035","E54000025","E00190264","E01035604","E02004986"
"AL7 9DS","AL7  9DS","AL7 9DS","200611","200801","E10000015","E58000623","E07000241","E05011069","E43000083","1","524487","0213299","1","E18000006","E40000007","E92000001","E12000006","5","E14001573","E15000006","E24000005","E30000272","E16000150","E07000241","26ULGX","E00121637","26ULGX","E65000001","E01023954","E02004986","5","5B2","E00121637","E01023954","E02004986","E33024496","E38000049","E63011463","C1","7A3",51.804482,-0.195898,"E37000048","","E23000027",7164,"E56000035","E54000025","E00190264","E01035604","E02004986"
"AL7 9DT","AL7  9DT","AL7 9DT","200611","200801","E10000015","E58000623","E07000241","E05011069","E43000083","1","524487","0213299","1","E18000006","E40000007","E92000001","E12000006","5","E14001573","E15000006","E24000005","E30000272","E16000150","E07000241","26ULGX","E00121637","26ULGX","E65000001","E01023954","E02004986","5","5B2","E00121637","E01023954","E02004986","E33024496","E38000049","E63011463","C1","7A3",51.804482,-0.195898,"E37000048","","E23000027",7164,"E56000035","E54000025","E00190264","E01035604","E02004986"
"AL7 9DU","AL7  9DU","AL7 9DU","200611","200801","E10000015","E58000623","E07000241","E05011069","E43000083","1","524487","0213299","1","E18000006","E40000007","E92000001","E12000006","5","E14001573","E15000006","E24000005","E30000272","E16000150","E07000241","26ULGX","E00121637","26ULGX","E65000001","E01023954","E02004986","5","5B2","E00121637","E01023954","E02004986","E33024496","E38000049","E63011463","C1","7A3",51.804482,-0.195898,"E37000048","","E23000027",7164,"E56000035","E54000025","E00190264","E01035604","E02004986"
"AL7 9DW","AL7  9DW","AL7 9DW","200611","200801","E10000015","E58000623","E07000241","E05011069","E43000083","1","524487","0213299","1","E18000006","E40000007","E92000001","E12000006","5","E14001573","E15000006","E24000005","E30000272","E16000150","E07000241","26ULGX","E00121637","26ULGX","E65000001","E01023954","E02004986","5","5B2","E00121637","E01023954","E02004986","E33024496","E38000049","E63011463","C1","7A3",51.804482,-0.195898,"E37000048","","E23000027",7164,"E56000035","E54000025","E00190264","E01035604","E02004986"
"AL7 9DX","AL7  9DX","AL7 9DX","200701","200801","E10000015","E58000623","E07000241","E05011069","E43000083","1","524487","0213299","1","E18000006","E40000007","E92000001","E12000006","5","E14001573","E15000006","E24000005","E30000272","E16000150","E07000241","26ULGX","E00121637","26ULGX","E65000001","E01023954","E02004986","5","5B2","E00121637","E01023954","E02004986","E33024496","E38000049","E63011463","C1","7A3",51.804482,-0.195898,"E37000048","","E23000027",7164,"E56000035","E54000025","E00190264","E01035604","E02004986"
"AL7 9DY","AL7  9DY","AL7 9DY","200702","200803","E10000015","E58000623","E07000241","E05011069","E43000083","1","524487","0213299","1","E18000006","E40000007","E92000001","E12000006","5","E14001573","E15000006","E24000005","E30000272","E16000150","E07000241","26ULGX","E00121637","26ULGX","E65000001","E01023954","E02004986","5","5B2","E00121637","E01023954","E02004986","E33024496","E38000049","E63011463","C1","7A3",51.804482,-0.195898,"E37000048","","E23000027",7164,"E56000035","E54000025","E00190264","E01035604","E02004986"
"AL7 9DZ","AL7  9DZ","AL7 9DZ","200702","200709","E10000015","E58000623","E07000241","E05011069","E43000083","1","524487","0213299","5","E18000006","E40000007","E92000001","E12000006","5","E14001573","E15000006","E24000005","E30000272","E16000150","E07000241","26ULGX","E00121637","26ULGX","E65000001","E01023954","E02004986","5","5B2","E00121637","E01023954","E02004986","E33024496","E38000049","E63011463","C1","7A3",51.804482,-0.195898,"E37000048","","E23000027",7164,"E56000035","E54000025","E00190264","E01035604","E02004986"
"AL7 9EA","AL7  9EA","AL7 9EA","200703","201204","E10000015","E58000623","E07000241","E05011069","E43000083","1","524487","0213299","1","E18000006","E40000007","E92000001","E12000006","5","E14001573","E15000006","E24000005","E30000272","E16000150","E07000241","26ULGX","E00121637","26ULGX","E65000001","E01023954","E02004986","5","5B2","E00121637","E01023954","E02004986","E33024496","E38000049","E63011463","C1","7A3",51.804482,-0.195898,"E37000048","","E23000027",7164,"E56000035","E54000025","E00190264","E01035604","E02004986"
"AL7 9EB","AL7  9EB","AL7 9EB","200704","200805","E10000015","E58000623","E07000241","E05011069","E43000083","1","524487","0213299","1","E18000006","E40000007","E92000001","E12000006","5","E14001573","E15000006","E24000005","E30000272","E16000150","E07000241","26ULGX","E00121637","26ULGX","E65000001","E01023954","E02004986","5","5B2","E00121637","E01023954","E02004986","E33024496","E38000049","E63011463","C1","7A3",51.804482,-0.195898,"E37000048","","E23000027",7164,"E56000035","E54000025","E00190264","E01035604","E02004986"
"AL7 9ED","AL7  9ED","AL7 9ED","200704","200711","E10000015","E58000623","E07000241","E05011069","E43000083","1","524487","0213299","5","E18000006","E40000007","E92000001","E12000006","5","E14001573","E15000006","E24000005","E30000272","E16000150","E07000241","26ULGX","E00121637","26ULGX","E65000001","E01023954","E02004986","5","5B2","E00121637","E01023954","E02004986","E33024496","E38000049","E63011463","C1","7A3",51.804482,-0.195898,"E37000048","","E23000027",7164,"E56000035","E54000025","E00190264","E01035604","E02004986"
"AL7 9EE","AL7  9EE","AL7 9EE","200704","201005","E10000015","E58000623","E07000241","E05011069","E43000083","1","524487","0213299","1","E18000006","E40000007","E92000001","E12000006","5","E14001573","E15000006","E24000005","E30000272","E16000150","E07000241","26ULGX","E00121637","26ULGX","E65000001","E01023954","E02004986","5","5B2","E00121637","E01023954","E02004986","E33024496","E38000049","E63011463","C1","7A3",51.804482,-0.195898,"E37000048","","E23000027",7164,"E56000035","E54000025","E00190264","E01035604","E02004986"
"AL7 9EG","AL7  9EG","AL7 9EG","200705","200707","E10000015","E58000623","E07000241","E05011069","E43000083","1","524487","0213299","5","E18000006","E40000007","E92000001","E12000006","5","E14001573","E15000006","E24000005","E30000272","E16000150","E07000241","26ULGX","E00121637","26ULGX","E65000001","E01023954","E02004986","5","5B2","E00121637","E01023954","E02004986","E33024496","E38000049","E63011463","C1","7A3",51.804482,-0.195898,"E37000048","","E23000027",7164,"E56000035","E54000025","E00190264","E01035604","E02004986"
"AL7 9EH","AL7  9EH","AL7 9EH","200705","201007","E10000015","E58000623","E07000241","E05011069","E43000083","1","524487","0213299","1","E18000006","E40000007","E92000001","E12000006","5","E14001573","E15000006","E24000005","E30000272","E16000150","E07000241","26ULGX","E00121637","26ULGX","E65000001","E01023954","E02004986","5","5B2","E00121637","E01023954","E02004986","E33024496","E38000049","E63011463","C1","7A3",51.804482,-0.195898,"E37000048","","E23000027",7164,"E56000035","E54000025","E00190264","E01035604","E02004986"
"AL7 9EJ","AL7  9EJ","AL7 9EJ","200707","200801","E10000015","E58000623","E07000241","E05011069","E43000083","1","524487","0213299","5","E18000006","E40000007","E92000001","E12000006","5","E14001573","E15000006","E24000005","E30000272","E16000150","E07000241","26ULGX","E00121637","26ULGX","E65000001","E01023954","E02004986","5","5B2","E00121637","E01023954","E02004986","E33024496","E38000049","E63011463","C1","7A3",51.804482,-0.195898,"E37000048","","E23000027",7164,"E56000035","E54000025","E00190264","E01035604","E02004986"
"AL7 9EL","AL7  9EL","AL7 9EL","200707","200802","E10000015","E58000623","E07000241","E05011069","E43000083","1","524487","0213299","1","E18000006","E40000007","E92000001","E12000006","5","E14001573","E15000006","E24000005","E30000272","E16000150","E07000241","26ULGX","E00121637","26ULGX","E65000001","E01023954","E02004986","5","5B2","E00121637","E01023954","E02004986","E33024496","E38000049","E63011463","C1","7A3",51.804482,-0.195898,"E37000048","","E23000027",7164,"E56000035","E54000025","E00190264","E01035604","E02004986"
"AL7 9EN","AL7  9EN","AL7 9EN","200707","200908","E10000015","E58000623","E07000241","E05011069","E43000083","1","524487","0213299","1","E18000006","E40000007","E92000001","E12000006","5","E14001573","E15000006","E24000005","E30000272","E16000150","E07000241","26ULGX","E00121637","26ULGX","E65000001","E01023954","E02004986","5","5B2","E00121637","E01023954","E02004986","E33024496","E38000049","E63011463","C1","7A3",51.804482,-0.195898,"E37000048","","E23000027",7164,"E56000035","E54000025","E00190264","E01035604","E02004986"
"AL7 9EP","AL7  9EP","AL7 9EP","200708","201009","E10000015","E58000623","E07000241","E05011069","E43000083","1","524487","0213299","1","E18000006","E40000007","E92000001","E12000006","5","E14001573","E15000006","E24000005","E30000272","E16000150","E07000241","26ULGX","E00121637","26ULGX","E65000001","E01023954","E02004986","5","5B2","E00121637","E01023954","E02004986","E33024496","E38000049","E63011463","C1","7A3",51.804482,-0.195898,"E37000048","","E23000027",7164,"E56000035","E54000025","E00190264","E01035604","E02004986"
"AL7 9EQ","AL7  9EQ","AL7 9EQ","200709","201109","E10000015","E58000623","E07000241","E05011069","E43000083","1","524487","0213299","1","E18000006","E40000007","E92000001","E12000006","5","E14001573","E15000006","E24000005","E30000272","E16000150","E07000241","26ULGX","E00121637","26ULGX","E65000001","E01023954","E02004986","5","5B2","E00121637","E01023954","E02004986","E33024496","E38000049","E63011463","C1","7A3",51.804482,-0.195898,"E37000048","","E23000027",7164,"E56000035","E54000025","E00190264","E01035604","E02004986"
"AL7 9ER","AL7  9ER","AL7 9ER","200709","201103","E10000015","E58000623","E07000241","E05011069","E43000083","1","524487","0213299","1","E18000006","E40000007","E92000001","E12000006","5","E14001573","E15000006","E24000005","E30000272","E16000150","E07000241","26ULGX","E00121637","26ULGX","E65000001","E01023954","E02004986","5","5B2","E00121637","E01023954","E02004986","E33024496","E38000049","E63011463","C1","7A3",51.804482,-0.195898,"E37000048","","E23000027",7164,"E56000035","E54000025","E00190264","E01035604","E02004986"
"AL7 9ES","AL7  9ES","AL7 9ES","200710","201211","E10000015","E58000623","E07000241","E05011069","E43000083","1","524487","0213299","1","E18000006","E40000007","E92000001","E12000006","5","E14001573","E15000006","E24000005","E30000272","E16000150","E07000241","26ULGX","E00121637","26ULGX","E65000001","E01023954","E02004986","5","5B2","E00121637","E01023954","E02004986","E33024496","E38000049","E63011463","C1","7A3",51.804482,-0.195898,"E37000048","","E23000027",7164,"E56000035","E54000025","E00190264","E01035604","E02004986"
"AL7 9ET","AL7  9ET","AL7 9ET","200710","200812","E10000015","E58000623","E07000241","E05011069","E43000083","1","524487","0213299","1","E18000006","E40000007","E92000001","E12000006","5","E14001573","E15000006","E24000005","E30000272","E16000150","E07000241","26ULGX","E00121637","26ULGX","E65000001","E01023954","E02004986","5","5B2","E00121637","E01023954","E02004986","E33024496","E38000049","E63011463","C1","7A3",51.804482,-0.195898,"E37000048","","E23000027",7164,"E56000035","E54000025","E00190264","E01035604","E02004986"
"AL7 9EU","AL7  9EU","AL7 9EU","200710","200812","E10000015","E58000623","E07000241","E05011069","E43000083","1","524487","0213299","1","E18000006","E40000007","E92000001","E12000006","5","E14001573","E15000006","E24000005","E30000272","E16000150","E07000241","26ULGX","E00121637","26ULGX","E65000001","E01023954","E02004986","5","5B2","E00121637","E01023954","E02004986","E33024496","E38000049","E63011463","C1","7A3",51.804482,-0.195898,"E37000048","","E23000027",7164,"E56000035","E54000025","E00190264","E01035604","E02004986"
"AL7 9EW","AL7  9EW","AL7 9EW","200710","200911","E10000015","E58000623","E07000241","E05011069","E43000083","1","524487","0213299","1","E18000006","E40000007","E92000001","E12000006","5","E14001573","E15000006","E24000005","E30000272","E16000150","E07000241","26ULGX","E00121637","26ULGX","E65000001","E01023954","E02004986","5","5B2","E00121637","E01023954","E02004986","E33024496","E38000049","E63011463","C1","7A3",51.804482,-0.195898,"E37000048","","E23000027",7164,"E56000035","E54000025","E00190264","E01035604","E02004986"
"AL7 9EX","AL7  9EX","AL7 9EX","200801","200901","E10000015","E58000623","E07000241","E05011069","E43000083","1","524487","0213299","1","E18000006","E40000007","E92000001","E12000006","5","E14001573","E15000006","E24000005","E30000272","E16000150","E07000241","26ULGX","E00121637","26ULGX","E65000001","E01023954","E02004986","5","5B2","E00121637","E01023954","E02004986","E33024496","E38000049","E63011463","C1","7A3",51.804482,-0.195898,"E37000048","","E23000027",7164,"E56000035","E54000025","E00190264","E01035604","E02004986"
"AL7 9EY","AL7  9EY","AL7 9EY","200801","200901","E10000015","E58000623","E07000241","E05011069","E43000083","1","524487","0213299","1","E18000006","E40000007","E92000001","E12000006","5","E14001573","E15000006","E24000005","E30000272","E16000150","E07000241","26ULGX","E00121637","26ULGX","E65000001","E01023954","E02004986","5","5B2","E00121637","E01023954","E02004986","E33024496","E38000049","E63011463","C1","7A3",51.804482,-0.195898,"E37000048","","E23000027",7164,"E56000035","E54000025","E00190264","E01035604","E02004986"
"AL7 9EZ","AL7  9EZ","AL7 9EZ","200803","200812","E10000015","E58000623","E07000241","E05011069","E43000083","1","524487","0213299","1","E18000006","E40000007","E92000001","E12000006","5","E14001573","E15000006","E24000005","E30000272","E16000150","E07000241","26ULGX","E00121637","26ULGX","E65000001","E01023954","E02004986","5","5B2","E00121637","E01023954","E02004986","E33024496","E38000049","E63011463","C1","7A3",51.804482,-0.195898,"E37000048","","E23000027",7164,"E56000035","E54000025","E00190264","E01035604","E02004986"
"AL7 9FA","AL7  9FA","AL7 9FA","200803","201203","E10000015","E58000623","E07000241","E05011069","E43000083","1","524487","0213299","1","E18000006","E40000007","E92000001","E12000006","5","E14001573","E15000006","E24000005","E30000272","E16000150","E07000241","26ULGX","E00121637","26ULGX","E65000001","E01023954","E02004986","5","5B2","E00121637","E01023954","E02004986","E33024496","E38000049","E63011463","C1","7A3",51.804482,-0.195898,"E37000048","","E23000027",7164,"E56000035","E54000025","E00190264","E01035604","E02004986"
"AL7 9FD","AL7  9FD","AL7 9FD","200805","201005","E10000015","E58000623","E07000241","E05011069","E43000083","1","524487","0213299","1","E18000006","E40000007","E92000001","E12000006","5","E14001573","E15000006","E24000005","E30000272","E16000150","E07000241","26ULGX","E00121637","26ULGX","E65000001","E01023954","E02004986","5","5B2","E00121637","E01023954","E02004986","E33024496","E38000049","E63011463","C1","7A3",51.804482,-0.195898,"E37000048","","E23000027",7164,"E56000035","E54000025","E00190264","E01035604","E02004986"
"AL7 9FE","AL7  9FE","AL7 9FE","200805","200812","E10000015","E58000623","E07000241","E05011069","E43000083","1","524487","0213299","1","E18000006","E40000007","E92000001","E12000006","5","E14001573","E15000006","E24000005","E30000272","E16000150","E07000241","26ULGX","E00121637","26ULGX","E65000001","E01023954","E02004986","5","5B2","E00121637","E01023954","E02004986","E33024496","E38000049","E63011463","C1","7A3",51.804482,-0.195898,"E37000048","","E23000027",7164,"E56000035","E54000025","E00190264","E01035604","E02004986"
"AL7 9FF","AL7  9FF","AL7 9FF","200806","201412","E10000015","E58000623","E07000241","E05011069","E43000083","1","524487","0213299","1","E18000006","E40000007","E92000001","E12000006","5","E14001573","E15000006","E24000005","E30000272","E16000150","E07000241","26ULGX","E00121637","26ULGX","E65000001","E01023954","E02004986","5","5B2","E00121637","E01023954","E02004986","E33024496","E38000049","E63011463","C1","7A3",51.804482,-0.195898,"E37000048","","E23000027",7164,"E56000035","E54000025","E00190264","E01035604","E02004986"
"AL7 9FG","AL7  9FG","AL7 9FG","200807","201207","E10000015","E58000623","E07000241","E05011069","E43000083","1","524487","0213299","1","E18000006","E40000007","E92000001","E12000006","5","E14001573","E15000006","E24000005","E30000272","E16000150","E07000241","26ULGX","E00121637","26ULGX","E65000001","E01023954","E02004986","5","5B2","E00121637","E01023954","E02004986","E33024496","E38000049","E63011463","C1","7A3",51.804482,-0.195898,"E37000048","","E23000027",7164,"E56000035","E54000025","E00190264","E01035604","E02004986"
"AL7 9FH","AL7  9FH","AL7 9FH","201209","201301","E10000015","E58000623","E07000241","E05011069","E43000083","1","524487","0213299","1","E18000006","E40000007","E92000001","E12000006","5","E14001573","E15000006","E24000005","E30000272","E16000150","E07000241","26ULGX","E00121637","26ULGX","E65000001","E01023954","E02004986","5","5B2","E00121637","E01023954","E02004986","E33024496","E38000049","E63011463","C1","7A3",51.804482,-0.195898,"E37000048","","E23000027",7164,"E56000035","E54000025","E00190264","E01035604","E02004986"
"AL7 9FJ","AL7  9FJ","AL7 9FJ","200807","200908","E10000015","E58000623","E07000241","E05011069","E43000083","1","524487","0213299","1","E18000006","E40000007","E92000001","E12000006","5","E14001573","E15000006","E24000005","E30000272","E16000150","E07000241","26ULGX","E00121637","26ULGX","E65000001","E01023954","E02004986","5","5B2","E00121637","E01023954","E02004986","E33024496","E38000049","E63011463","C1","7A3",51.804482,-0.195898,"E37000048","","E23000027",7164,"E56000035","E54000025","E00190264","E01035604","E02004986"
"AL7 9FL","AL7  9FL","AL7 9FL","200808","200909","E10000015","E58000623","E07000241","E05011069","E43000083","1","524487","0213299","1","E18000006","E40000007","E92000001","E12000006","5","E14001573","E15000006","E24000005","E30000272","E16000150","E07000241","26ULGX","E00121637","26ULGX","E65000001","E01023954","E02004986","5","5B2","E00121637","E01023954","E02004986","E33024496","E38000049","E63011463","C1","7A3",51.804482,-0.195898,"E37000048","","E23000027",7164,"E56000035","E54000025","E00190264","E01035604","E02004986"
"AL7 9FN","AL7  9FN","AL7 9FN","200809","200904","E10000015","E58000623","E07000241","E05011069","E43000083","1","524487","0213299","5","E18000006","E40000007","E92000001","E12000006","5","E14001573","E15000006","E24000005","E30000272","E16000150","E07000241","26ULGX","E00121637","26ULGX","E65000001","E01023954","E02004986","5","5B2","E00121637","E01023954","E02004986","E33024496","E38000049","E63011463","C1","7A3",51.804482,-0.195898,"E37000048","","E23000027",7164,"E56000035","E54000025","E00190264","E01035604","E02004986"
"AL7 9FP","AL7  9FP","AL7 9FP","201002","201010","E10000015","E58000623","E07000241","E05011069","E43000083","1","524487","0213299","1","E18000006","E40000007","E92000001","E12000006","5","E14001573","E15000006","E24000005","E30000272","E16000150","E07000241","26ULGX","E00121637","26ULGX","E65000001","E01023954","E02004986","5","5B2","E00121637","E01023954","E02004986","E33024496","E38000049","E63011463","C1","7A3",51.804482,-0.195898,"E37000048","","E23000027",7164,"E56000035","E54000025","E00190264","E01035604","E02004986"
"AL7 9FQ","AL7  9FQ","AL7 9FQ","200803","","E10000015","E58000623","E07000241","E05011069","E43000083","1","524487","0213299","1","E18000006","E40000007","E92000001","E12000006","5","E14001573","E15000006","E24000005","E30000272","E16000150","E07000241","26ULGX","E00121637","26ULGX","E65000001","E01023954","E02004986","5","5B2","E00121637","E01023954","E02004986","E33024496","E38000049","E63011463","C1","7A3",51.804482,-0.195898,"E37000048","","E23000027",7164,"E56000035","E54000025","E00190264","E01035604","E02004986"
"AL7 9FR","AL7  9FR","AL7 9FR","200809","200911","E10000015","E58000623","E07000241","E05011069","E43000083","1","524487","0213299","5","E18000006","E40000007","E92000001","E12000006","5","E14001573","E15000006","E24000005","E30000272","E16000150","E07000241","26ULGX","E00121637","26ULGX","E65000001","E01023954","E02004986","5","5B2","E00121637","E01023954","E02004986","E33024496","E38000049","E63011463","C1","7A3",51.804482,-0.195898,"E37000048","","E23000027",7164,"E56000035","E54000025","E00190264","E01035604","E02004986"
"AL7 9FS","AL7  9FS","AL7 9FS","201212","201304","E10000015","E58000623","E07000241","E05011069","E43000083","1","524487","0213299","1","E18000006","E40000007","E92000001","E12000006","5","E14001573","E15000006","E24000005","E30000272","E16000150","E07000241","26ULGX","E00121637","26ULGX","E65000001","E01023954","E02004986","5","5B2","E00121637","E01023954","E02004986","E33024496","E38000049","E63011463","C1","7A3",51.804482,-0.195898,"E37000048","","E23000027",7164,"E56000035","E54000025","E00190264","E01035604","E02004986"
"AL7 9FT","AL7  9FT","AL7 9FT","200810","200911","E10000015","E58000623","E07000241","E05011069","E43000083","1","524487","0213299","5","E18000006","E40000007","E92000001","E12000006","5","E14001573","E15000006","E24000005","E30000272","E16000150","E07000241","26ULGX","E00121637","26ULGX","E65000001","E01023954","E02004986","5","5B2","E00121637","E01023954","E02004986","E33024496","E38000049","E63011463","C1","7A3",51.804482,-0.195898,"E37000048","","E23000027",7164,"E56000035","E54000025","E00190264","E01035604","E02004986"
"AL7 9FU","AL7  9FU","AL7 9FU","200810","200911","E10000015","E58000623","E07000241","E05011069","E43000083","1","524487","0213299","5","E18000006","E40000007","E92000001","E12000006","5","E14001573","E15000006","E24000005","E30000272","E16000150","E07000241","26ULGX","E00121637","26ULGX","E65000001","E01023954","E02004986","5","5B2","E00121637","E01023954","E02004986","E33024496","E38000049","E63011463","C1","7A3",51.804482,-0.195898,"E37000048","","E23000027",7164,"E56000035","E54000025","E00190264","E01035604","E02004986"
"AL7 9FW","AL7  9FW","AL7 9FW","200811","200901","E10000015","E58000623","E07000241","E05011069","E43000083","1","524487","0213299","5","E18000006","E40000007","E92000001","E12000006","5","E14001573","E15000006","E24000005","E30000272","E16000150","E07000241","26ULGX","E00121637","26ULGX","E65000001","E01023954","E02004986","5","5B2","E00121637","E01023954","E02004986","E33024496","E38000049","E63011463","C1","7A3",51.804482,-0.195898,"E37000048","","E23000027",7164,"E56000035","E54000025","E00190264","E01035604","E02004986"
"AL7 9FX","AL7  9FX","AL7 9FX","200811","201001","E10000015","E58000623","E07000241","E05011069","E43000083","1","524487","0213299","1","E18000006","E40000007","E92000001","E12000006","5","E14001573","E15000006","E24000005","E30000272","E16000150","E07000241","26ULGX","E00121637","26ULGX","E65000001","E01023954","E02004986","5","5B2","E00121637","E01023954","E02004986","E33024496","E38000049","E63011463","C1","7A3",51.804482,-0.195898,"E37000048","","E23000027",7164,"E56000035","E54000025","E00190264","E01035604","E02004986"
"AL7 9FY","AL7  9FY","AL7 9FY","200812","201202","E10000015","E58000623","E07000241","E05011069","E43000083","1","524487","0213299","1","E18000006","E40000007","E92000001","E12000006","5","E14001573","E15000006","E24000005","E30000272","E16000150","E07000241","26ULGX","E00121637","26ULGX","E65000001","E01023954","E02004986","5","5B2","E00121637","E01023954","E02004986","E33024496","E38000049","E63011463","C1","7A3",51.804482,-0.195898,"E37000048","","E23000027",7164,"E56000035","E54000025","E00190264","E01035604","E02004986"
"AL7 9FZ","AL7  9FZ","AL7 9FZ","201103","","E10000015","E58000623","E07000241","E05011069","E43000083","1","524487","0213299","1","E18000006","E40000007","E92000001","E12000006","5","E14001573","E15000006","E24000005","E30000272","E16000150","E07000241","26ULGX","E00121637","26ULGX","E65000001","E01023954","E02004986","5","5B2","E00121637","E01023954","E02004986","E33024496","E38000049","E63011463","C1","7A3",51.804482,-0.195898,"E37000048","","E23000027",7164,"E56000035","E54000025","E00190264","E01035604","E02004986"
"AL7 9GA","AL7  9GA","AL7 9GA","201203","202308","E10000015","E58000623","E07000241","E05011069","E43000083","1","524487","0213299","1","E18000006","E40000007","E92000001","E12000006","5","E14001573","E15000006","E24000005","E30000272","E16000150","E07000241","26ULGX","E00121637","26ULGX","E65000001","E01023954","E02004986","5","5B2","E00121637","E01023954","E02004986","E33024496","E38000049","E63011463","C1","7A3",51.804482,-0.195898,"E37000048","","E23000027",7164,"E56000035","E54000025","E00190264","E01035604","E02004986"
"AL7 9GB","AL7  9GB","AL7 9GB","200901","201208","E10000015","E58000623","E07000241","E05011069","E43000083","1","524487","0213299","1","E18000006","E40000007","E92000001","E12000006","5","E14001573","E15000006","E24000005","E30000272","E16000150","E07000241","26ULGX","E00121637","26ULGX","E65000001","E01023954","E02004986","5","5B2","E00121637","E01023954","E02004986","E33024496","E38000049","E63011463","C1","7A3",51.804482,-0.195898,"E37000048","","E23000027",7164,"E56000035","E54000025","E00190264","E01035604","E02004986"
"AL7 9GD","AL7  9GD","AL7 9GD","200902","201105","E10000015","E58000623","E07000241","E05011069","E43000083","1","524487","0213299","1","E18000006","E40000007","E92000001","E12000006","5","E14001573","E15000006","E24000005","E30000272","E16000150","E07000241","26ULGX","E00121637","26ULGX","E65000001","E01023954","E02004986","5","5B2","E00121637","E01023954","E02004986","E33024496","E38000049","E63011463","C1","7A3",51.804482,-0.195898,"E37000048","","E23000027",7164,"E56000035","E54000025","E00190264","E01035604","E02004986"
"AL7 9GE","AL7  9GE","AL7 9GE","200902","201003","E10000015","E58000623","E07000241","E05011069","E43000083","1","524487","0213299","1","E18000006","E40000007","E92000001","E12000006","5","E14001573","E15000006","E24000005","E30000272","E16000150","E07000241","26ULGX","E00121637","26ULGX","E65000001","E01023954","E02004986","5","5B2","E00121637","E01023954","E02004986","E33024496","E38000049","E63011463","C1","7A3",51.804482,-0.195898,"E37000048","","E23000027",7164,"E56000035","E54000025","E00190264","E01035604","E02004986"
"AL7 9GF","AL7  9GF","AL7 9GF","200902","201112","E10000015","E58000623","E07000241","E05011069","E43000083","1","524487","0213299","1","E18000006","E40000007","E92000001","E12000006","5","E14001573","E15000006","E24000005","E30000272","E16000150","E07000241","26ULGX","E00121637","26ULGX","E65000001","E01023954","E02004986","5","5B2","E00121637","E01023954","E02004986","E33024496","E38000049","E63011463","C1","7A3",51.804482,-0.195898,"E37000048","","E23000027",7164,"E56000035","E54000025","E00190264","E01035604","E02004986"
"AL7 9GG","AL7  9GG","AL7 9GG","200903","","E10000015","E58000623","E07000241","E05011069","E43000083","1","524487","0213299","1","E18000006","E40000007","E92000001","E12000006","5","E14001573","E15000006","E24000005","E30000272","E16000150","E07000241","26ULGX","E00121637","26ULGX","E65000001","E01023954","E02004986","5","5B2","E00121637","E01023954","E02004986","E33024496","E38000049","E63011463","C1","7A3",51.804482,-0.195898,"E37000048","","E23000027",7164,"E56000035","E54000025","E00190264","E01035604","E02004986"
"AL7 9GH","AL7  9GH","AL7 9GH","200903","201010","E10000015","E58000623","E07000241","E05011069","E43000083","1","524487","0213299","1","E18000006","E40000007","E92000001","E12000006","5","E14001573","E15000006","E24000005","E30000272","E16000150","E07000241","26ULGX","E00121637","26ULGX","E65000001","E01023954","E02004986","5","5B2","E00121637","E01023954","E02004986","E33024496","E38000049","E63011463","C1","7A3",51.804482,-0.195898,"E37000048","","E23000027",7164,"E56000035","E54000025","E00190264","E01035604","E02004986"
"AL7 9GJ","AL7  9GJ","AL7 9GJ","200903","201404","E10000015","E58000623","E07000241","E05011069","E43000083","1","524487","0213299","1","E18000006","E40000007","E92000001","E12000006","5","E14001573","E15000006","E24000005","E30000272","E16000150","E07000241","26ULGX","E00121637","26ULGX","E65000001","E01023954","E02004986","5","5B2","E00121637","E01023954","E02004986","E33024496","E38000049","E63011463","C1","7A3",51.804482,-0.195898,"E37000048","","E23000027",7164,"E56000035","E54000025","E00190264","E01035604","E02004986"
"AL7 9GL","AL7  9GL","AL7 9GL","200903","","E10000015","E58000623","E07000241","E05011069","E43000083","1","524487","0213299","1","E18000006","E40000007","E92000001","E12000006","5","E14001573","E15000006","E24000005","E30000272","E16000150","E07000241","26ULGX","E00121637","26ULGX","E65000001","E01023954","E02004986","5","5B2","E00121637","E01023954","E02004986","E33024496","E38000049","E63011463","C1","7A3",51.804482,-0.195898,"E37000048","","E23000027",7164,"E56000035","E54000025","E00190264","E01035604","E02004986"
"AL7 9GN","AL7  9GN","AL7 9GN","201405","","E10000015","E58000623","E07000241","E05011069","E43000083","1","524487","0213299","1","E18000006","E40000007","E92000001","E12000006","5","E14001573","E15000006","E24000005","E30000272","E16000150","E07000241","26ULGX","E00121637","26ULGX","E65000001","E01023954","E02004986","5","5B2","E00121637","E01023954","E02004986","E33024496","E38000049","E63011463","C1","7A3",51.804482,-0.195898,"E37000048","","E23000027",7164,"E56000035","E54000025","E00190264","E01035604","E02004986"
"AL7 9GP","AL7  9GP","AL7 9GP","200904","","E10000015","E58000623","E07000241","E05011069","E43000083","1","524487","0213299","1","E18000006","E40000007","E92000001","E12000006","5","E14001573","E15000006","E24000005","E30000272","E16000150","E07000241","26ULGX","E00121637","26ULGX","E65000001","E01023954","E02004986","5","5B2","E00121637","E01023954","E02004986","E33024496","E38000049","E63011463","C1","7A3",51.804482,-0.195898,"E37000048","","E23000027",7164,"E56000035","E54000025","E00190264","E01035604","E02004986"
"AL7 9GQ","AL7  9GQ","AL7 9GQ","200906","201107","E10000015","E58000623","E07000241","E05011069","E43000083","1","524487","0213299","1","E18000006","E40000007","E92000001","E12000006","5","E14001573","E15000006","E24000005","E30000272","E16000150","E07000241","26ULGX","E00121637","26ULGX","E65000001","E01023954","E02004986","5","5B2","E00121637","E01023954","E02004986","E33024496","E38000049","E63011463","C1","7A3",51.804482,-0.195898,"E37000048","","E23000027",7164,"E56000035","E54000025","E00190264","E01035604","E02004986"
"AL7 9GR","AL7  9GR","AL7 9GR","200905","201005","E10000015","E58000623","E07000241","E05011069","E43000083","1","524487","0213299","1","E18000006","E40000007","E92000001","E12000006","5","E14001573","E15000006","E24000005","E30000272","E16000150","E07000241","26ULGX","E00121637","26ULGX","E65000001","E01023954","E02004986","5","5B2","E00121637","E01023954","E02004986","E33024496","E38000049","E63011463","C1","7A3",51.804482,-0.195898,"E37000048","","E23000027",7164,"E56000035","E54000025","E00190264","E01035604","E02004986"
"AL7 9GS","AL7  9GS","AL7 9GS","200905","202206","E10000015","E58000623","E07000241","E05011069","E43000083","1","524487","0213299","1","E18000006","E40000007","E92000001","E12000006","5","E14001573","E15000006","E24000005","E30000272","E16000150","E07000241","26ULGX","E00121637","26ULGX","E65000001","E01023954","E02004986","5","5B2","E00121637","E01023954","E02004986","E33024496","E38000049","E63011463","C1","7A3",51.804482,-0.195898,"E37000048","","E23000027",7164,"E56000035","E54000025","E00190264","E01035604","E02004986"
"AL7 9GT","AL7  9GT","AL7 9GT","200905","201007","E10000015","E58000623","E07000241","E05011069","E43000083","1","524487","0213299","1","E18000006","E40000007","E92000001","E12000006","5","E14001573","E15000006","E24000005","E30000272","E16000150","E07000241","26ULGX","E00121637","26ULGX","E65000001","E01023954","E02004986","5","5B2","E00121637","E01023954","E02004986","E33024496","E38000049","E63011463","C1","7A3",51.804482,-0.195898,"E37000048","","E23000027",7164,"E56000035","E54000025","E00190264","E01035604","E02004986"
"AL7 9GU","AL7  9GU","AL7 9GU","200906","201008","E10000015","E58000623","E07000241","E05011069","E43000083","1","524487","0213299","1","E18000006","E40000007","E92000001","E12000006","5","E14001573","E15000006","E24000005","E30000272","E16000150","E07000241","26ULGX","E00121637","26ULGX","E65000001","E01023954","E02004986","5","5B2","E00121637","E01023954","E02004986","E33024496","E38000049","E63011463","C1","7A3",51.804482,-0.195898,"E37000048","","E23000027",7164,"E56000035","E54000025","E00190264","E01035604","E02004986"
"AL7 9GW","AL7  9GW","AL7 9GW","200906","201307","E10000015","E58000623","E07000241","E05011069","E43000083","1","524487","0213299","1","E18000006","E40000007","E92000001","E12000006","5","E14001573","E15000006","E24000005","E30000272","E16000150","E07000241","26ULGX","E00121637","26ULGX","E65000001","E01023954","E02004986","5","5B2","E00121637","E01023954","E02004986","E33024496","E38000049","E63011463","C1","7A3",51.804482,-0.195898,"E37000048","","E23000027",7164,"E56000035","E54000025","E00190264","E01035604","E02004986"
"AL7 9GX","AL7  9GX","AL7 9GX","200906","201202","E10000015","E58000623","E07000241","E05011069","E43000083","1","524487","0213299","1","E18000006","E40000007","E92000001","E12000006","5","E14001573","E15000006","E24000005","E30000272","E16000150","E07000241","26ULGX","E00121637","26ULGX","E65000001","E01023954","E02004986","5","5B2","E00121637","E01023954","E02004986","E33024496","E38000049","E63011463","C1","7A3",51.804482,-0.195898,"E37000048","","E23000027",7164,"E56000035","E54000025","E00190264","E01035604","E02004986"
"AL7 9GY","AL7  9GY","AL7 9GY","200906","201207","E10000015","E58000623","E07000241","E05011069","E43000083","1","524487","0213299","1","E18000006","E40000007","E92000001","E12000006","5","E14001573","E15000006","E24000005","E30000272","E16000150","E07000241","26ULGX","E00121637","26ULGX","E65000001","E01023954","E02004986","5","5B2","E00121637","E01023954","E02004986","E33024496","E38000049","E63011463","C1","7A3",51.804482,-0.195898,"E37000048","","E23000027",7164,"E56000035","E54000025","E00190264","E01035604","E02004986"
"AL7 9GZ","AL7  9GZ","AL7 9GZ","200906","202407","E10000015","E58000623","E07000241","E05011069","E43000083","1","524487","0213299","1","E18000006","E40000007","E92000001","E12000006","5","E14001573","E15000006","E24000005","E30000272","E16000150","E07000241","26ULGX","E00121637","26ULGX","E65000001","E01023954","E02004986","5","5B2","E00121637","E01023954","E02004986","E33024496","E38000049","E63011463","C1","7A3",51.804482,-0.195898,"E37000048","","E23000027",7164,"E56000035","E54000025","E00190264","E01035604","E02004986"
"AL7 9HA","AL7  9HA","AL7 9HA","200907","201107","E10000015","E58000623","E07000241","E05011069","E43000083","1","524487","0213299","1","E18000006","E40000007","E92000001","E12000006","5","E14001573","E15000006","E24000005","E30000272","E16000150","E07000241","26ULGX","E00121637","26ULGX","E65000001","E01023954","E02004986","5","5B2","E00121637","E01023954","E02004986","E33024496","E38000049","E63011463","C1","7A3",51.804482,-0.195898,"E37000048","","E23000027",7164,"E56000035","E54000025","E00190264","E01035604","E02004986"
"AL7 9HB","AL7  9HB","AL7 9HB","200908","201008","E10000015","E58000623","E07000241","E05011069","E43000083","1","524487","0213299","1","E18000006","E40000007","E92000001","E12000006","5","E14001573","E15000006","E24000005","E30000272","E16000150","E07000241","26ULGX","E00121637","26ULGX","E65000001","E01023954","E02004986","5","5B2","E00121637","E01023954","E02004986","E33024496","E38000049","E63011463","C1","7A3",51.804482,-0.195898,"E37000048","","E23000027",7164,"E56000035","E54000025","E00190264","E01035604","E02004986"
"AL7 9HD","AL7  9HD","AL7 9HD","200908","201301","E10000015","E58000623","E07000241","E05011069","E43000083","1","524487","0213299","1","E18000006","E40000007","E92000001","E12000006","5","E14001573","E15000006","E24000005","E30000272","E16000150","E07000241","26ULGX","E00121637","26ULGX","E65000001","E01023954","E02004986","5","5B2","E00121637","E01023954","E02004986","E33024496","E38000049","E63011463","C1","7A3",51.804482,-0.195898,"E37000048","","E23000027",7164,"E56000035","E54000025","E00190264","E01035604","E02004986"
"AL7 9HE","AL7  9HE","AL7 9HE","200908","201301","E10000015","E58000623","E07000241","E05011069","E43000083","1","524487","0213299","1","E18000006","E40000007","E92000001","E12000006","5","E14001573","E15000006","E24000005","E30000272","E16000150","E07000241","26ULGX","E00121637","26ULGX","E65000001","E01023954","E02004986","5","5B2","E00121637","E01023954","E02004986","E33024496","E38000049","E63011463","C1","7A3",51.804482,-0.195898,"E37000048","","E23000027",7164,"E56000035","E54000025","E00190264","E01035604","E02004986"
"AL7 9HF","AL7  9HF","AL7 9HF","200909","201009","E10000015","E58000623","E07000241","E05011069","E43000083","1","524487","0213299","1","E18000006","E40000007","E92000001","E12000006","5","E14001573","E15000006","E24000005","E30000272","E16000150","E07000241","26ULGX","E00121637","26ULGX","E65000001","E01023954","E02004986","5","5B2","E00121637","E01023954","E02004986","E33024496","E38000049","E63011463","C1","7A3",51.804482,-0.195898,"E37000048","","E23000027",7164,"E56000035","E54000025","E00190264","E01035604","E02004986"
"AL7 9HG","AL7  9HG","AL7 9HG","200910","201209","E10000015","E58000623","E07000241","E05011069","E43000083","1","524487","0213299","1","E18000006","E40000007","E92000001","E12000006","5","E14001573","E15000006","E24000005","E30000272","E16000150","E07000241","26ULGX","E00121637","26ULGX","E65000001","E01023954","E02004986","5","5B2","E00121637","E01023954","E02004986","E33024496","E38000049","E63011463","C1","7A3",51.804482,-0.195898,"E37000048","","E23000027",7164,"E56000035","E54000025","E00190264","E01035604","E02004986"
"AL7 9HH","AL7  9HH","AL7 9HH","200910","201206","E10000015","E58000623","E07000241","E05011069","E43000083","1","524487","0213299","1","E18000006","E40000007","E92000001","E12000006","5","E14001573","E15000006","E24000005","E30000272","E16000150","E07000241","26ULGX","E00121637","26ULGX","E65000001","E01023954","E02004986","5","5B2","E00121637","E01023954","E02004986","E33024496","E38000049","E63011463","C1","7A3",51.804482,-0.195898,"E37000048","","E23000027",7164,"E56000035","E54000025","E00190264","E01035604","E02004986"
"AL7 9HJ","AL7  9HJ","AL7 9HJ","200912","201101","E10000015","E58000623","E07000241","E05011069","E43000083","1","524487","0213299","1","E18000006","E40000007","E92000001","E12000006","5","E14001573","E15000006","E24000005","E30000272","E16000150","E07000241","26ULGX","E00121637","26ULGX","E65000001","E01023954","E02004986","5","5B2","E00121637","E01023954","E02004986","E33024496","E38000049","E63011463","C1","7A3",51.804482,-0.195898,"E37000048","","E23000027",7164,"E56000035","E54000025","E00190264","E01035604","E02004986"
"AL7 9HL","AL7  9HL","AL7 9HL","201001","","E10000015","E58000623","E07000241","E05011069","E43000083","1","524487","0213299","1","E18000006","E40000007","E92000001","E12000006","5","E14001573","E15000006","E24000005","E30000272","E16000150","E07000241","26ULGX","E00121637","26ULGX","E65000001","E01023954","E02004986","5","5B2","E00121637","E01023954","E02004986","E33024496","E38000049","E63011463","C1","7A3",51.804482,-0.195898,"E37000048","","E23000027",7164,"E56000035","E54000025","E00190264","E01035604","E02004986"
"AL7 9HN","AL7  9HN","AL7 9HN","201001","201102","E10000015","E58000623","E07000241","E05011069","E43000083","1","524487","0213299","1","E18000006","E40000007","E92000001","E12000006","5","E14001573","E15000006","E24000005","E30000272","E16000150","E07000241","26ULGX","E00121637","26ULGX","E65000001","E01023954","E02004986","5","5B2","E00121637","E01023954","E02004986","E33024496","E38000049","E63011463","C1","7A3",51.804482,-0.195898,"E37000048","","E23000027",7164,"E56000035","E54000025","E00190264","E01035604","E02004986"
"AL7 9HP","AL7  9HP","AL7 9HP","201001","201102","E10000015","E58000623","E07000241","E05011069","E43000083","1","524487","0213299","1","E18000006","E40000007","E92000001","E12000006","5","E14001573","E15000006","E24000005","E30000272","E16000150","E07000241","26ULGX","E00121637","26ULGX","E65000001","E01023954","E02004986","5","5B2","E00121637","E01023954","E02004986","E33024496","E38000049","E63011463","C1","7A3",51.804482,-0.195898,"E37000048","","E23000027",7164,"E56000035","E54000025","E00190264","E01035604","E02004986"
"AL7 9HQ","AL7  9HQ","AL7 9HQ","201001","201108","E10000015","E58000623","E07000241","E05011069","E43000083","1","524487","0213299","1","E18000006","E40000007","E92000001","E12000006","5","E14001573","E15000006","E24000005","E30000272","E16000150","E07000241","26ULGX","E00121637","26ULGX","E65000001","E01023954","E02004986","5","5B2","E00121637","E01023954","E02004986","E33024496","E38000049","E63011463","C1","7A3",51.804482,-0.195898,"E37000048","","E23000027",7164,"E56000035","E54000025","E00190264","E01035604","E02004986"
"AL7 9HR","AL7  9HR","AL7 9HR","201002","201402","E10000015","E58000623","E07000241","E05011069","E43000083","1","524487","0213299","1","E18000006","E40000007","E92000001","E12000006","5","E14001573","E15000006","E24000005","E30000272","E16000150","E07000241","26ULGX","E00121637","26ULGX","E65000001","E01023954","E02004986","5","5B2","E00121637","E01023954","E02004986","E33024496","E38000049","E63011463","C1","7A3",51.804482,-0.195898,"E37000048","","E23000027",7164,"E56000035","E54000025","E00190264","E01035604","E02004986"
"AL7 9HS","AL7  9HS","AL7 9HS","201002","201103","E10000015","E58000623","E07000241","E05011069","E43000083","1","524487","0213299","1","E18000006","E40000007","E92000001","E12000006","5","E14001573","E15000006","E24000005","E30000272","E16000150","E07000241","26ULGX","E00121637","26ULGX","E65000001","E01023954","E02004986","5","5B2","E00121637","E01023954","E02004986","E33024496","E38000049","E63011463","C1","7A3",51.804482,-0.195898,"E37000048","","E23000027",7164,"E56000035","E54000025","E00190264","E01035604","E02004986"
"AL7 9HT","AL7  9HT","AL7 9HT","201003","201304","E10000015","E58000623","E07000241","E05011069","E43000083","1","524487","0213299","1","E18000006","E40000007","E92000001","E12000006","5","E14001573","E15000006","E24000005","E30000272","E16000150","E07000241","26ULGX","E00121637","26ULGX","E65000001","E01023954","E02004986","5","5B2","E00121637","E01023954","E02004986","E33024496","E38000049","E63011463","C1","7A3",51.804482,-0.195898,"E37000048","","E23000027",7164,"E56000035","E54000025","E00190264","E01035604","E02004986"
"AL7 9HU","AL7  9HU","AL7 9HU","201003","201204","E10000015","E58000623","E07000241","E05011069","E43000083","1","524487","0213299","1","E18000006","E40000007","E92000001","E12000006","5","E14001573","E15000006","E24000005","E30000272","E16000150","E07000241","26ULGX","E00121637","26ULGX","E65000001","E01023954","E02004986","5","5B2","E00121637","E01023954","E02004986","E33024496","E38000049","E63011463","C1","7A3",51.804482,-0.195898,"E37000048","","E23000027",7164,"E56000035","E54000025","E00190264","E01035604","E02004986"
"AL7 9HW","AL7  9HW","AL7 9HW","202207","","E10000015","E58000623","E07000241","E05011069","E43000083","1","524487","0213299","1","E18000006","E40000007","E92000001","E12000006","5","E14001573","E15000006","E24000005","E30000272","E16000150","E07000241","26ULGX","E00121637","26ULGX","E65000001","E01023954","E02004986","5","5B2","E00121637","E01023954","E02004986","E33024496","E38000049","E63011463","C1","7A3",51.804489,-0.195874,"E37000048","","E23000027",7164,"E56000035","E54000025","E00190264","E01035604","E02004986"
"AL7 9HX","AL7  9HX","AL7 9HX","201005","202206","E10000015","E58000623","E07000241","E05011069","E43000083","1","524487","0213299","1","E18000006","E40000007","E92000001","E12000006","5","E14001573","E15000006","E24000005","E30000272","E16000150","E07000241","26ULGX","E00121637","26ULGX","E65000001","E01023954","E02004986","5","5B2","E00121637","E01023954","E02004986","E33024496","E38000049","E63011463","C1","7A3",51.804482,-0.195898,"E37000048","","E23000027",7164,"E56000035","E54000025","E00190264","E01035604","E02004986"
"AL7 9HY","AL7  9HY","AL7 9HY","201005","201106","E10000015","E58000623","E07000241","E05011069","E43000083","1","524487","0213299","1","E18000006","E40000007","E92000001","E12000006","5","E14001573","E15000006","E24000005","E30000272","E16000150","E07000241","26ULGX","E00121637","26ULGX","E65000001","E01023954","E02004986","5","5B2","E00121637","E01023954","E02004986","E33024496","E38000049","E63011463","C1","7A3",51.804482,-0.195898,"E37000048","","E23000027",7164,"E56000035","E54000025","E00190264","E01035604","E02004986"
"AL7 9HZ","AL7  9HZ","AL7 9HZ","201006","201207","E10000015","E58000623","E07000241","E05011069","E43000083","1","524487","0213299","1","E18000006","E40000007","E92000001","E12000006","5","E14001573","E15000006","E24000005","E30000272","E16000150","E07000241","26ULGX","E00121637","26ULGX","E65000001","E01023954","E02004986","5","5B2","E00121637","E01023954","E02004986","E33024496","E38000049","E63011463","C1","7A3",51.804482,-0.195898,"E37000048","","E23000027",7164,"E56000035","E54000025","E00190264","E01035604","E02004986"
"AL7 9JA","AL7  9JA","AL7 9JA","201105","201307","E10000015","E58000623","E07000241","E05011069","E43000083","1","524487","0213299","1","E18000006","E40000007","E92000001","E12000006","5","E14001573","E15000006","E24000005","E30000272","E16000150","E07000241","26ULGX","E00121637","26ULGX","E65000001","E01023954","E02004986","5","5B2","E00121637","E01023954","E02004986","E33024496","E38000049","E63011463","C1","7A3",51.804482,-0.195898,"E37000048","","E23000027",7164,"E56000035","E54000025","E00190264","E01035604","E02004986"
"AL7 9JB","AL7  9JB","AL7 9JB","201008","201309","E10000015","E58000623","E07000241","E05011069","E43000083","1","524487","0213299","1","E18000006","E40000007","E92000001","E12000006","5","E14001573","E15000006","E24000005","E30000272","E16000150","E07000241","26ULGX","E00121637","26ULGX","E65000001","E01023954","E02004986","5","5B2","E00121637","E01023954","E02004986","E33024496","E38000049","E63011463","C1","7A3",51.804482,-0.195898,"E37000048","","E23000027",7164,"E56000035","E54000025","E00190264","E01035604","E02004986"
"AL7 9JD","AL7  9JD","AL7 9JD","201008","202105","E10000015","E58000623","E07000241","E05011069","E43000083","1","524487","0213299","1","E18000006","E40000007","E92000001","E12000006","5","E14001573","E15000006","E24000005","E30000272","E16000150","E07000241","26ULGX","E00121637","26ULGX","E65000001","E01023954","E02004986","5","5B2","E00121637","E01023954","E02004986","E33024496","E38000049","E63011463","C1","7A3",51.804482,-0.195898,"E37000048","","E23000027",7164,"E56000035","E54000025","E00190264","E01035604","E02004986"
"AL7 9JE","AL7  9JE","AL7 9JE","201111","","E10000015","E58000623","E07000241","E05011069","E43000083","1","524487","0213299","1","E18000006","E40000007","E92000001","E12000006","5","E14001573","E15000006","E24000005","E30000272","E16000150","E07000241","26ULGL","E00121637","26ULGX","E65000001","E01023954","E02004986","5","5B2","E00121637","E01023954","E02004986","E33024496","E38000049","E63011463","C1","7A3",51.804482,-0.195898,"E37000048","","E23000027",7164,"E56000035","E54000025","E00190264","E01035604","E02004986"
"AL7 9JF","AL7  9JF","AL7 9JF","201008","201109","E10000015","E58000623","E07000241","E05011069","E43000083","1","524487","0213299","1","E18000006","E40000007","E92000001","E12000006","5","E14001573","E15000006","E24000005","E30000272","E16000150","E07000241","26ULGX","E00121637","26ULGX","E65000001","E01023954","E02004986","5","5B2","E00121637","E01023954","E02004986","E33024496","E38000049","E63011463","C1","7A3",51.804482,-0.195898,"E37000048","","E23000027",7164,"E56000035","E54000025","E00190264","E01035604","E02004986"
"AL7 9JG","AL7  9JG","AL7 9JG","201009","","E10000015","E58000623","E07000241","E05011069","E43000083","1","524487","0213299","1","E18000006","E40000007","E92000001","E12000006","5","E14001573","E15000006","E24000005","E30000272","E16000150","E07000241","26ULGX","E00121637","26ULGX","E65000001","E01023954","E02004986","5","5B2","E00121637","E01023954","E02004986","E33024496","E38000049","E63011463","C1","7A3",51.804482,-0.195898,"E37000048","","E23000027",7164,"E56000035","E54000025","E00190264","E01035604","E02004986"
"AL7 9JH","AL7  9JH","AL7 9JH","201009","","E10000015","E58000623","E07000241","E05011069","E43000083","1","524487","0213299","1","E18000006","E40000007","E92000001","E12000006","5","E14001573","E15000006","E24000005","E30000272","E16000150","E07000241","26ULGX","E00121637","26ULGX","E65000001","E01023954","E02004986","5","5B2","E00121637","E01023954","E02004986","E33024496","E38000049","E63011463","C1","7A3",51.804482,-0.195898,"E37000048","","E23000027",7164,"E56000035","E54000025","E00190264","E01035604","E02004986"
"AL7 9JJ","AL7  9JJ","AL7 9JJ","201009","202105","E10000015","E58000623","E07000241","E05011069","E43000083","1","524487","0213299","1","E18000006","E40000007","E92000001","E12000006","5","E14001573","E15000006","E24000005","E30000272","E16000150","E07000241","26ULGX","E00121637","26ULGX","E65000001","E01023954","E02004986","5","5B2","E00121637","E01023954","E02004986","E33024496","E38000049","E63011463","C1","7A3",51.804482,-0.195898,"E37000048","","E23000027",7164,"E56000035","E54000025","E00190264","E01035604","E02004986"
"AL7 9JL","AL7  9JL","AL7 9JL","201009","201110","E10000015","E58000623","E07000241","E05011069","E43000083","1","524487","0213299","1","E18000006","E40000007","E92000001","E12000006","5","E14001573","E15000006","E24000005","E30000272","E16000150","E07000241","26ULGX","E00121637","26ULGX","E65000001","E01023954","E02004986","5","5B2","E00121637","E01023954","E02004986","E33024496","E38000049","E63011463","C1","7A3",51.804482,-0.195898,"E37000048","","E23000027",7164,"E56000035","E54000025","E00190264","E01035604","E02004986"
"AL7 9JN","AL7  9JN","AL7 9JN","201202","201603","E10000015","E58000623","E07000241","E05011069","E43000083","1","524487","0213299","1","E18000006","E40000007","E92000001","E12000006","5","E14001573","E15000006","E24000005","E30000272","E16000150","E07000241","26ULGX","E00121637","26ULGX","E65000001","E01023954","E02004986","5","5B2","E00121637","E01023954","E02004986","E33024496","E38000049","E63011463","C1","7A3",51.804482,-0.195898,"E37000048","","E23000027",7164,"E56000035","E54000025","E00190264","E01035604","E02004986"
"AL7 9JP","AL7  9JP","AL7 9JP","201010","201210","E10000015","E58000623","E07000241","E05011069","E43000083","1","524487","0213299","1","E18000006","E40000007","E92000001","E12000006","5","E14001573","E15000006","E24000005","E30000272","E16000150","E07000241","26ULGX","E00121637","26ULGX","E65000001","E01023954","E02004986","5","5B2","E00121637","E01023954","E02004986","E33024496","E38000049","E63011463","C1","7A3",51.804482,-0.195898,"E37000048","","E23000027",7164,"E56000035","E54000025","E00190264","E01035604","E02004986"
"AL7 9JQ","AL7  9JQ","AL7 9JQ","201011","202012","E10000015","E58000623","E07000241","E05011069","E43000083","1","524487","0213299","1","E18000006","E40000007","E92000001","E12000006","5","E14001573","E15000006","E24000005","E30000272","E16000150","E07000241","26ULGX","E00121637","26ULGX","E65000001","E01023954","E02004986","5","5B2","E00121637","E01023954","E02004986","E33024496","E38000049","E63011463","C1","7A3",51.804482,-0.195898,"E37000048","","E23000027",7164,"E56000035","E54000025","E00190264","E01035604","E02004986"
"AL7 9JR","AL7  9JR","AL7 9JR","201011","201202","E10000015","E58000623","E07000241","E05011069","E43000083","1","524487","0213299","1","E18000006","E40000007","E92000001","E12000006","5","E14001573","E15000006","E24000005","E30000272","E16000150","E07000241","26ULGX","E00121637","26ULGX","E65000001","E01023954","E02004986","5","5B2","E00121637","E01023954","E02004986","E33024496","E38000049","E63011463","C1","7A3",51.804482,-0.195898,"E37000048","","E23000027",7164,"E56000035","E54000025","E00190264","E01035604","E02004986"
"AL7 9JS","AL7  9JS","AL7 9JS","201011","201202","E10000015","E58000623","E07000241","E05011069","E43000083","1","524487","0213299","1","E18000006","E40000007","E92000001","E12000006","5","E14001573","E15000006","E24000005","E30000272","E16000150","E07000241","26ULGX","E00121637","26ULGX","E65000001","E01023954","E02004986","5","5B2","E00121637","E01023954","E02004986","E33024496","E38000049","E63011463","C1","7A3",51.804482,-0.195898,"E37000048","","E23000027",7164,"E56000035","E54000025","E00190264","E01035604","E02004986"
"AL7 9JT","AL7  9JT","AL7 9JT","201105","201604","E10000015","E58000623","E07000241","E05011069","E43000083","1","524487","0213299","1","E18000006","E40000007","E92000001","E12000006","5","E14001573","E15000006","E24000005","E30000272","E16000150","E07000241","26ULGX","E00121637","26ULGX","E65000001","E01023954","E02004986","5","5B2","E00121637","E01023954","E02004986","E33024496","E38000049","E63011463","C1","7A3",51.804482,-0.195898,"E37000048","","E23000027",7164,"E56000035","E54000025","E00190264","E01035604","E02004986"
"AL7 9JU","AL7  9JU","AL7 9JU","201105","201305","E10000015","E58000623","E07000241","E05011069","E43000083","1","524487","0213299","1","E18000006","E40000007","E92000001","E12000006","5","E14001573","E15000006","E24000005","E30000272","E16000150","E07000241","26ULGX","E00121637","26ULGX","E65000001","E01023954","E02004986","5","5B2","E00121637","E01023954","E02004986","E33024496","E38000049","E63011463","C1","7A3",51.804482,-0.195898,"E37000048","","E23000027",7164,"E56000035","E54000025","E00190264","E01035604","E02004986"
"AL7 9JW","AL7  9JW","AL7 9JW","201105","202105","E10000015","E58000623","E07000241","E05011069","E43000083","1","524487","0213299","1","E18000006","E40000007","E92000001","E12000006","5","E14001573","E15000006","E24000005","E30000272","E16000150","E07000241","26ULGX","E00121637","26ULGX","E65000001","E01023954","E02004986","5","5B2","E00121637","E01023954","E02004986","E33024496","E38000049","E63011463","C1","7A3",51.804482,-0.195898,"E37000048","","E23000027",7164,"E56000035","E54000025","E00190264","E01035604","E02004986"
"AL7 9JX","AL7  9JX","AL7 9JX","201105","202105","E10000015","E58000623","E07000241","E05011069","E43000083","1","524487","0213299","1","E18000006","E40000007","E92000001","E12000006","5","E14001573","E15000006","E24000005","E30000272","E16000150","E07000241","26ULGX","E00121637","26ULGX","E65000001","E01023954","E02004986","5","5B2","E00121637","E01023954","E02004986","E33024496","E38000049","E63011463","C1","7A3",51.804482,-0.195898,"E37000048","","E23000027",7164,"E56000035","E54000025","E00190264","E01035604","E02004986"
"AL7 9JY","AL7  9JY","AL7 9JY","201110","201206","E10000015","E58000623","E07000241","E05011069","E43000083","1","524487","0213299","1","E18000006","E40000007","E92000001","E12000006","5","E14001573","E15000006","E24000005","E30000272","E16000150","E07000241","26ULGX","E00121637","26ULGX","E65000001","E01023954","E02004986","5","5B2","E00121637","E01023954","E02004986","E33024496","E38000049","E63011463","C1","7A3",51.804482,-0.195898,"E37000048","","E23000027",7164,"E56000035","E54000025","E00190264","E01035604","E02004986"
"AL7 9JZ","AL7  9JZ","AL7 9JZ","201112","","E10000015","E58000623","E07000241","E05011069","E43000083","1","524487","0213299","1","E18000006","E40000007","E92000001","E12000006","5","E14001573","E15000006","E24000005","E30000272","E16000150","E07000241","26ULGX","E00121637","26ULGX","E65000001","E01023954","E02004986","5","5B2","E00121637","E01023954","E02004986","E33024496","E38000049","E63011463","C1","7A3",51.804482,-0.195898,"E37000048","","E23000027",7164,"E56000035","E54000025","E00190264","E01035604","E02004986"
"AL7 9LA","AL7  9LA","AL7 9LA","201202","202004","E10000015","E58000623","E07000241","E05011069","E43000083","1","524487","0213299","1","E18000006","E40000007","E92000001","E12000006","5","E14001573","E15000006","E24000005","E30000272","E16000150","E07000241","26ULGX","E00121637","26ULGX","E65000001","E01023954","E02004986","5","5B2","E00121637","E01023954","E02004986","E33024496","E38000049","E63011463","C1","7A3",51.804482,-0.195898,"E37000048","","E23000027",7164,"E56000035","E54000025","E00190264","E01035604","E02004986"
"AL7 9LB","AL7  9LB","AL7 9LB","201205","202406","E10000015","E58000623","E07000241","E05011069","E43000083","1","524487","0213299","1","E18000006","E40000007","E92000001","E12000006","5","E14001573","E15000006","E24000005","E30000272","E16000150","E07000241","26ULGX","E00121637","26ULGX","E65000001","E01023954","E02004986","5","5B2","E00121637","E01023954","E02004986","E33024496","E38000049","E63011463","C1","7A3",51.804482,-0.195898,"E37000048","","E23000027",7164,"E56000035","E54000025","E00190264","E01035604","E02004986"
"AL7 9LD","AL7  9LD","AL7 9LD","201207","202205","E10000015","E58000623","E07000241","E05011069","E43000083","1","524487","0213299","1","E18000006","E40000007","E92000001","E12000006","5","E14001573","E15000006","E24000005","E30000272","E16000150","E07000241","26ULGX","E00121637","26ULGX","E65000001","E01023954","E02004986","5","5B2","E00121637","E01023954","E02004986","E33024496","E38000049","E63011463","C1","7A3",51.804482,-0.195898,"E37000048","","E23000027",7164,"E56000035","E54000025","E00190264","E01035604","E02004986"
"AL7 9LE","AL7  9LE","AL7 9LE","201208","202105","E10000015","E58000623","E07000241","E05011069","E43000083","1","524487","0213299","1","E18000006","E40000007","E92000001","E12000006","5","E14001573","E15000006","E24000005","E30000272","E16000150","E07000241","26ULGX","E00121637","26ULGX","E65000001","E01023954","E02004986","5","5B2","E00121637","E01023954","E02004986","E33024496","E38000049","E63011463","C1","7A3",51.804482,-0.195898,"E37000048","","E23000027",7164,"E56000035","E54000025","E00190264","E01035604","E02004986"
"AL7 9LF","AL7  9LF","AL7 9LF","201209","","E10000015","E58000623","E07000241","E05011069","E43000083","1","524487","0213299","1","E18000006","E40000007","E92000001","E12000006","5","E14001573","E15000006","E24000005","E30000272","E16000150","E07000241","26ULGX","E00121637","26ULGX","E65000001","E01023954","E02004986","5","5B2","E00121637","E01023954","E02004986","E33024496","E38000049","E63011463","C1","7A3",51.804482,-0.195898,"E37000048","","E23000027",7164,"E56000035","E54000025","E00190264","E01035604","E02004986"
"AL7 9LG","AL7  9LG","AL7 9LG","201702","201711","E10000015","E58000623","E07000241","E05011069","E43000083","1","524487","0213299","1","E18000006","E40000007","E92000001","E12000006","5","E14001573","E15000006","E24000005","E30000272","E16000150","E07000241","26ULGX","E00121637","26ULGX","E65000001","E01023954","E02004986","5","5B2","E00121637","E01023954","E02004986","E33024496","E38000049","E63011463","C1","7A3",51.804489,-0.195874,"E37000048","","E23000027",7164,"E56000035","E54000025","E00190264","E01035604","E02004986"
"AL7 9LH","AL7  9LH","AL7 9LH","201211","201501","E10000015","E58000623","E07000241","E05011069","E43000083","1","524487","0213299","1","E18000006","E40000007","E92000001","E12000006","5","E14001573","E15000006","E24000005","E30000272","E16000150","E07000241","26ULGX","E00121637","26ULGX","E65000001","E01023954","E02004986","5","5B2","E00121637","E01023954","E02004986","E33024496","E38000049","E63011463","C1","7A3",51.804482,-0.195898,"E37000048","","E23000027",7164,"E56000035","E54000025","E00190264","E01035604","E02004986"
"AL7 9LJ","AL7  9LJ","AL7 9LJ","201307","201507","E10000015","E58000623","E07000241","E05011069","E43000083","1","524487","0213299","1","E18000006","E40000007","E92000001","E12000006","5","E14001573","E15000006","E24000005","E30000272","E16000150","E07000241","26ULGX","E00121637","26ULGX","E65000001","E01023954","E02004986","5","5B2","E00121637","E01023954","E02004986","E33024496","E38000049","E63011463","C1","7A3",51.804482,-0.195898,"E37000048","","E23000027",7164,"E56000035","E54000025","E00190264","E01035604","E02004986"
"AL7 9LL","AL7  9LL","AL7 9LL","201309","201411","E10000015","E58000623","E07000241","E05011069","E43000083","1","524487","0213299","1","E18000006","E40000007","E92000001","E12000006","5","E14001573","E15000006","E24000005","E30000272","E16000150","E07000241","26ULGX","E00121637","26ULGX","E65000001","E01023954","E02004986","5","5B2","E00121637","E01023954","E02004986","E33024496","E38000049","E63011463","C1","7A3",51.804482,-0.195898,"E37000048","","E23000027",7164,"E56000035","E54000025","E00190264","E01035604","E02004986"
"AL7 9LN","AL7  9LN","AL7 9LN","201404","201404","E10000015","E58000623","E07000241","E05011069","E43000083","1","524487","0213299","1","E18000006","E40000007","E92000001","E12000006","5","E14001573","E15000006","E24000005","E30000272","E16000150","E07000241","26ULGX","E00121637","26ULGX","E65000001","E01023954","E02004986","5","5B2","E00121637","E01023954","E02004986","E33024496","E38000049","E63011463","C1","7A3",51.804482,-0.195898,"E37000048","","E23000027",7164,"E56000035","E54000025","E00190264","E01035604","E02004986"
"AL7 9LP","AL7  9LP","AL7 9LP","201409","201504","E10000015","E58000623","E07000241","E05011069","E43000083","1","524487","0213299","1","E18000006","E40000007","E92000001","E12000006","5","E14001573","E15000006","E24000005","E30000272","E16000150","E07000241","26ULGX","E00121637","26ULGX","E65000001","E01023954","E02004986","5","5B2","E00121637","E01023954","E02004986","E33024496","E38000049","E63011463","C1","7A3",51.804482,-0.195898,"E37000048","","E23000027",7164,"E56000035","E54000025","E00190264","E01035604","E02004986"
"AL7 9LQ","AL7  9LQ","AL7 9LQ","202104","","E10000015","E58000623","E07000241","E05011069","E43000083","1","524487","0213299","1","E18000006","E40000007","E92000001","E12000006","5","E14001573","E15000006","E24000005","E30000272","E16000150","E07000241","26ULGX","E00121637","26ULGX","E65000001","E01023954","E02004986","5","5B2","E00121637","E01023954","E02004986","E33024496","E38000049","E63011463","C1","7A3",51.804489,-0.195874,"E37000048","","E23000027",7164,"E56000035","E54000025","E00190264","E01035604","E02004986"
"AL7 9LR","AL7  9LR","AL7 9LR","201604","201605","E10000015","E58000623","E07000241","E05011069","E43000083","1","524487","0213299","5","E18000006","E40000007","E92000001","E12000006","5","E14001573","E15000006","E24000005","E30000272","E16000150","E07000241","26ULGX","E00121637","26ULGX","E65000001","E01023954","E02004986","5","5B2","E00121637","E01023954","E02004986","E33024496","E38000049","E63011463","C1","7A3",51.804482,-0.195898,"E37000048","","E23000027",7164,"E56000035","E54000025","E00190264","E01035604","E02004986"
"AL7 9LS","AL7  9LS","AL7 9LS","201601","201604","E10000015","E58000623","E07000241","E05011069","E43000083","1","524487","0213299","1","E18000006","E40000007","E92000001","E12000006","5","E14001573","E15000006","E24000005","E30000272","E16000150","E07000241","26ULGX","E00121637","26ULGX","E65000001","E01023954","E02004986","5","5B2","E00121637","E01023954","E02004986","E33024496","E38000049","E63011463","C1","7A3",51.804482,-0.195898,"E37000048","","E23000027",7164,"E56000035","E54000025","E00190264","E01035604","E02004986"
"AL7 9LT","AL7  9LT","AL7 9LT","201412","","E10000015","E58000623","E07000241","E05011069","E43000083","1","524487","0213299","1","E18000006","E40000007","E92000001","E12000006","5","E14001573","E15000006","E24000005","E30000272","E16000150","E07000241","26ULGX","E00121637","26ULGX","E65000001","E01023954","E02004986","5","5B2","E00121637","E01023954","E02004986","E33024496","E38000049","E63011463","C1","7A3",51.804482,-0.195898,"E37000048","","E23000027",7164,"E56000035","E54000025","E00190264","E01035604","E02004986"
"AL7 9LU","AL7  9LU","AL7 9LU","201505","201604","E10000015","E58000623","E07000241","E05011069","E43000083","1","524487","0213299","1","E18000006","E40000007","E92000001","E12000006","5","E14001573","E15000006","E24000005","E30000272","E16000150","E07000241","26ULGX","E00121637","26ULGX","E65000001","E01023954","E02004986","5","5B2","E00121637","E01023954","E02004986","E33024496","E38000049","E63011463","C1","7A3",51.804482,-0.195898,"E37000048","","E23000027",7164,"E56000035","E54000025","E00190264","E01035604","E02004986"
"AL7 9LW","AL7  9LW","AL7 9LW","201510","201605","E10000015","E58000623","E07000241","E05011069","E43000083","1","524487","0213299","1","E18000006","E40000007","E92000001","E12000006","5","E14001573","E15000006","E24000005","E30000272","E16000150","E07000241","26ULGX","E00121637","26ULGX","E65000001","E01023954","E02004986","5","5B2","E00121637","E01023954","E02004986","E33024496","E38000049","E63011463","C1","7A3",51.804482,-0.195898,"E37000048","","E23000027",7164,"E56000035","E54000025","E00190264","E01035604","E02004986"
"AL7 9LX","AL7  9LX","AL7 9LX","201511","201706","E10000015","E58000623","E07000241","E05011069","E43000083","1","524487","0213299","1","E18000006","E40000007","E92000001","E12000006","5","E14001573","E15000006","E24000005","E30000272","E16000150","E07000241","26ULGX","E00121637","26ULGX","E65000001","E01023954","E02004986","5","5B2","E00121637","E01023954","E02004986","E33024496","E38000049","E63011463","C1","7A3",51.804482,-0.195898,"E37000048","","E23000027",7164,"E56000035","E54000025","E00190264","E01035604","E02004986"
"AL7 9LY","AL7  9LY","AL7 9LY","201511","201611","E10000015","E58000623","E07000241","E05011069","E43000083","1","524487","0213299","1","E18000006","E40000007","E92000001","E12000006","5","E14001573","E15000006","E24000005","E30000272","E16000150","E07000241","26ULGX","E00121637","26ULGX","E65000001","E01023954","E02004986","5","5B2","E00121637","E01023954","E02004986","E33024496","E38000049","E63011463","C1","7A3",51.804482,-0.195898,"E37000048","","E23000027",7164,"E56000035","E54000025","E00190264","E01035604","E02004986"
"AL7 9LZ","AL7  9LZ","AL7 9LZ","201511","201606","E10000015","E58000623","E07000241","E05011069","E43000083","1","524487","0213299","1","E18000006","E40000007","E92000001","E12000006","5","E14001573","E15000006","E24000005","E30000272","E16000150","E07000241","26ULGX","E00121637","26ULGX","E65000001","E01023954","E02004986","5","5B2","E00121637","E01023954","E02004986","E33024496","E38000049","E63011463","C1","7A3",51.804482,-0.195898,"E37000048","","E23000027",7164,"E56000035","E54000025","E00190264","E01035604","E02004986"
"AL7 9NA","AL7  9NA","AL7 9NA","201604","201611","E10000015","E58000623","E07000241","E05011069","E43000083","1","524487","0213299","1","E18000006","E40000007","E92000001","E12000006","5","E14001573","E15000006","E24000005","E30000272","E16000150","E07000241","26ULGX","E00121637","26ULGX","E65000001","E01023954","E02004986","5","5B2","E00121637","E01023954","E02004986","E33024496","E38000049","E63011463","C1","7A3",51.804482,-0.195898,"E37000048","","E23000027",7164,"E56000035","E54000025","E00190264","E01035604","E02004986"
"AL7 9NB","AL7  9NB","AL7 9NB","201606","201701","E10000015","E58000623","E07000241","E05011069","E43000083","1","524487","0213299","1","E18000006","E40000007","E92000001","E12000006","5","E14001573","E15000006","E24000005","E30000272","E16000150","E07000241","26ULGX","E00121637","26ULGX","E65000001","E01023954","E02004986","5","5B2","E00121637","E01023954","E02004986","E33024496","E38000049","E63011463","C1","7A3",51.804482,-0.195898,"E37000048","","E23000027",7164,"E56000035","E54000025","E00190264","E01035604","E02004986"
"AL7 9ND","AL7  9ND","AL7 9ND","201611","","E10000015","E58000623","E07000241","E05011069","E43000083","1","524487","0213299","1","E18000006","E40000007","E92000001","E12000006","5","E14001573","E15000006","E24000005","E30000272","E16000150","E07000241","26ULGX","E00121637","26ULGX","E65000001","E01023954","E02004986","5","5B2","E00121637","E01023954","E02004986","E33024496","E38000049","E63011463","C1","7A3",51.804489,-0.195874,"E37000048","","E23000027",7164,"E56000035","E54000025","E00190264","E01035604","E02004986"
"AL7 9NE","AL7  9NE","AL7 9NE","202112","","E10000015","E58000623","E07000241","E05011069","E43000083","1","524487","0213299","1","E18000006","E40000007","E92000001","E12000006","5","E14001573","E15000006","E24000005","E30000272","E16000150","E07000241","26ULGX","E00121637","26ULGX","E65000001","E01023954","E02004986","5","5B2","E00121637","E01023954","E02004986","E33024496","E38000049","E63011463","C1","7A3",51.804489,-0.195874,"E37000048","","E23000027",7164,"E56000035","E54000025","E00190264","E01035604","E02004986"
"AL7 9NF","AL7  9NF","AL7 9NF","201701","","E10000015","E58000623","E07000241","E05011069","E43000083","1","524487","0213299","1","E18000006","E40000007","E92000001","E12000006","5","E14001573","E15000006","E24000005","E30000272","E16000150","E07000241","26ULGX","E00121637","26ULGX","E65000001","E01023954","E02004986","5","5B2","E00121637","E01023954","E02004986","E33024496","E38000049","E63011463","C1","7A3",51.804489,-0.195874,"E37000048","","E23000027",7164,"E56000035","E54000025","E00190264","E01035604","E02004986"
"AL7 9NG","AL7  9NG","AL7 9NG","201701","201801","E10000015","E58000623","E07000241","E05011069","E43000083","1","524487","0213299","1","E18000006","E40000007","E92000001","E12000006","5","E14001573","E15000006","E24000005","E30000272","E16000150","E07000241","26ULGX","E00121637","26ULGX","E65000001","E01023954","E02004986","5","5B2","E00121637","E01023954","E02004986","E33024496","E38000049","E63011463","C1","7A3",51.804489,-0.195874,"E37000048","","E23000027",7164,"E56000035","E54000025","E00190264","E01035604","E02004986"
"AL7 9NH","AL7  9NH","AL7 9NH","201707","201808","E10000015","E58000623","E07000241","E05011069","E43000083","1","524487","0213299","1","E18000006","E40000007","E92000001","E12000006","5","E14001573","E15000006","E24000005","E30000272","E16000150","E07000241","26ULGX","E00121637","26ULGX","E65000001","E01023954","E02004986","5","5B2","E00121637","E01023954","E02004986","E33024496","E38000049","E63011463","C1","7A3",51.804489,-0.195874,"E37000048","","E23000027",7164,"E56000035","E54000025","E00190264","E01035604","E02004986"
"AL7 9NJ","AL7  9NJ","AL7 9NJ","201707","202011","E10000015","E58000623","E07000241","E05011069","E43000083","1","524487","0213299","1","E18000006","E40000007","E92000001","E12000006","5","E14001573","E15000006","E24000005","E30000272","E16000150","E07000241","26ULGX","E00121637","26ULGX","E65000001","E01023954","E02004986","5","5B2","E00121637","E01023954","E02004986","E33024496","E38000049","E63011463","C1","7A3",51.804489,-0.195874,"E37000048","","E23000027",7164,"E56000035","E54000025","E00190264","E01035604","E02004986"
"AL7 9NL","AL7  9NL","AL7 9NL","201707","201808","E10000015","E58000623","E07000241","E05011069","E43000083","1","524487","0213299","1","E18000006","E40000007","E92000001","E12000006","5","E14001573","E15000006","E24000005","E30000272","E16000150","E07000241","26ULGX","E00121637","26ULGX","E65000001","E01023954","E02004986","5","5B2","E00121637","E01023954","E02004986","E33024496","E38000049","E63011463","C1","7A3",51.804489,-0.195874,"E37000048","","E23000027",7164,"E56000035","E54000025","E00190264","E01035604","E02004986"
"AL7 9NN","AL7  9NN","AL7 9NN","201708","","E10000015","E58000623","E07000241","E05011069","E43000083","1","524487","0213299","1","E18000006","E40000007","E92000001","E12000006","5","E14001573","E15000006","E24000005","E30000272","E16000150","E07000241","26ULGX","E00121637","26ULGX","E65000001","E01023954","E02004986","5","5B2","E00121637","E01023954","E02004986","E33024496","E38000049","E63011463","C1","7A3",51.804489,-0.195874,"E37000048","","E23000027",7164,"E56000035","E54000025","E00190264","E01035604","E02004986"
"AL7 9NP","AL7  9NP","AL7 9NP","201710","","E10000015","E58000623","E07000241","E05011069","E43000083","1","524487","0213299","1","E18000006","E40000007","E92000001","E12000006","5","E14001573","E15000006","E24000005","E30000272","E16000150","E07000241","26ULGX","E00121637","26ULGX","E65000001","E01023954","E02004986","5","5B2","E00121637","E01023954","E02004986","E33024496","E38000049","E63011463","C1","7A3",51.804489,-0.195874,"E37000048","","E23000027",7164,"E56000035","E54000025","E00190264","E01035604","E02004986"
"AL7 9NQ","AL7  9NQ","AL7 9NQ","201712","201812","E10000015","E58000623","E07000241","E05011069","E43000083","1","524487","0213299","1","E18000006","E40000007","E92000001","E12000006","5","E14001573","E15000006","E24000005","E30000272","E16000150","E07000241","26ULGX","E00121637","26ULGX","E65000001","E01023954","E02004986","5","5B2","E00121637","E01023954","E02004986","E33024496","E38000049","E63011463","C1","7A3",51.804489,-0.195874,"E37000048","","E23000027",7164,"E56000035","E54000025","E00190264","E01035604","E02004986"
"AL7 9NR","AL7  9NR","AL7 9NR","201802","201809","E10000015","E58000623","E07000241","E05011069","E43000083","1","524487","0213299","1","E18000006","E40000007","E92000001","E12000006","5","E14001573","E15000006","E24000005","E30000272","E16000150","E07000241","26ULGX","E00121637","26ULGX","E65000001","E01023954","E02004986","5","5B2","E00121637","E01023954","E02004986","E33024496","E38000049","E63011463","C1","7A3",51.804489,-0.195874,"E37000048","","E23000027",7164,"E56000035","E54000025","E00190264","E01035604","E02004986"
"AL7 9NS","AL7  9NS","AL7 9NS","201802","","E10000015","E58000623","E07000241","E05011069","E43000083","1","524487","0213299","1","E18000006","E40000007","E92000001","E12000006","5","E14001573","E15000006","E24000005","E30000272","E16000150","E07000241","26ULGX","E00121637","26ULGX","E65000001","E01023954","E02004986","5","5B2","E00121637","E01023954","E02004986","E33024496","E38000049","E63011463","C1","7A3",51.804489,-0.195874,"E37000048","","E23000027",7164,"E56000035","E54000025","E00190264","E01035604","E02004986"
"AL7 9NT","AL7  9NT","AL7 9NT","201906","","E10000015","E58000623","E07000241","E05011069","E43000083","1","524487","0213299","1","E18000006","E40000007","E92000001","E12000006","5","E14001573","E15000006","E24000005","E30000272","E16000150","E07000241","26ULGX","E00121637","26ULGX","E65000001","E01023954","E02004986","5","5B2","E00121637","E01023954","E02004986","E33024496","E38000049","E63011463","C1","7A3",51.804489,-0.195874,"E37000048","","E23000027",7164,"E56000035","E54000025","E00190264","E01035604","E02004986"
"AL7 9NU","AL7  9NU","AL7 9NU","201804","202006","E10000015","E58000623","E07000241","E05011069","E43000083","1","524487","0213299","1","E18000006","E40000007","E92000001","E12000006","5","E14001573","E15000006","E24000005","E30000272","E16000150","E07000241","26ULGX","E00121637","26ULGX","E65000001","E01023954","E02004986","5","5B2","E00121637","E01023954","E02004986","E33024496","E38000049","E63011463","C1","7A3",51.804489,-0.195874,"E37000048","","E23000027",7164,"E56000035","E54000025","E00190264","E01035604","E02004986"
"AL7 9NW","AL7  9NW","AL7 9NW","201805","201906","E10000015","E58000623","E07000241","E05011069","E43000083","1","524487","0213299","1","E18000006","E40000007","E92000001","E12000006","5","E14001573","E15000006","E24000005","E30000272","E16000150","E07000241","26ULGX","E00121637","26ULGX","E65000001","E01023954","E02004986","5","5B2","E00121637","E01023954","E02004986","E33024496","E38000049","E63011463","C1","7A3",51.804489,-0.195874,"E37000048","","E23000027",7164,"E56000035","E54000025","E00190264","E01035604","E02004986"
"AL7 9NX","AL7  9NX","AL7 9NX","201808","201908","E10000015","E58000623","E07000241","E05011069","E43000083","1","524487","0213299","1","E18000006","E40000007","E92000001","E12000006","5","E14001573","E15000006","E24000005","E30000272","E16000150","E07000241","26ULGX","E00121637","26ULGX","E65000001","E01023954","E02004986","5","5B2","E00121637","E01023954","E02004986","E33024496","E38000049","E63011463","C1","7A3",51.804489,-0.195874,"E37000048","","E23000027",7164,"E56000035","E54000025","E00190264","E01035604","E02004986"
"AL7 9NY","AL7  9NY","AL7 9NY","201809","","E10000015","E58000623","E07000241","E05011069","E43000083","1","524487","0213299","1","E18000006","E40000007","E92000001","E12000006","5","E14001573","E15000006","E24000005","E30000272","E16000150","E07000241","26ULGX","E00121637","26ULGX","E65000001","E01023954","E02004986","5","5B2","E00121637","E01023954","E02004986","E33024496","E38000049","E63011463","C1","7A3",51.804489,-0.195874,"E37000048","","E23000027",7164,"E56000035","E54000025","E00190264","E01035604","E02004986"
"AL7 9NZ","AL7  9NZ","AL7 9NZ","201809","201910","E10000015","E58000623","E07000241","E05011069","E43000083","1","524487","0213299","1","E18000006","E40000007","E92000001","E12000006","5","E14001573","E15000006","E24000005","E30000272","E16000150","E07000241","26ULGX","E00121637","26ULGX","E65000001","E01023954","E02004986","5","5B2","E00121637","E01023954","E02004986","E33024496","E38000049","E63011463","C1","7A3",51.804489,-0.195874,"E37000048","","E23000027",7164,"E56000035","E54000025","E00190264","E01035604","E02004986"
"AL7 9PA","AL7  9PA","AL7 9PA","201810","201906","E10000015","E58000623","E07000241","E05011069","E43000083","1","524487","0213299","1","E18000006","E40000007","E92000001","E12000006","5","E14001573","E15000006","E24000005","E30000272","E16000150","E07000241","26ULGX","E00121637","26ULGX","E65000001","E01023954","E02004986","5","5B2","E00121637","E01023954","E02004986","E33024496","E38000049","E63011463","C1","7A3",51.804489,-0.195874,"E37000048","","E23000027",7164,"E56000035","E54000025","E00190264","E01035604","E02004986"
"AL7 9PB","AL7  9PB","AL7 9PB","201811","201906","E10000015","E58000623","E07000241","E05011069","E43000083","1","524487","0213299","1","E18000006","E40000007","E92000001","E12000006","5","E14001573","E15000006","E24000005","E30000272","E16000150","E07000241","26ULGX","E00121637","26ULGX","E65000001","E01023954","E02004986","5","5B2","E00121637","E01023954","E02004986","E33024496","E38000049","E63011463","C1","7A3",51.804489,-0.195874,"E37000048","","E23000027",7164,"E56000035","E54000025","E00190264","E01035604","E02004986"
"AL7 9PE","AL7  9PE","AL7 9PE","201812","201909","E10000015","E58000623","E07000241","E05011069","E43000083","1","524487","0213299","1","E18000006","E40000007","E92000001","E12000006","5","E14001573","E15000006","E24000005","E30000272","E16000150","E07000241","26ULGX","E00121637","26ULGX","E65000001","E01023954","E02004986","5","5B2","E00121637","E01023954","E02004986","E33024496","E38000049","E63011463","C1","7A3",51.804489,-0.195874,"E37000048","","E23000027",7164,"E56000035","E54000025","E00190264","E01035604","E02004986"
"AL7 9PF","AL7  9PF","AL7 9PF","201901","202002","E10000015","E58000623","E07000241","E05011069","E43000083","1","524487","0213299","1","E18000006","E40000007","E92000001","E12000006","5","E14001573","E15000006","E24000005","E30000272","E16000150","E07000241","26ULGX","E00121637","26ULGX","E65000001","E01023954","E02004986","5","5B2","E00121637","E01023954","E02004986","E33024496","E38000049","E63011463","C1","7A3",51.804489,-0.195874,"E37000048","","E23000027",7164,"E56000035","E54000025","E00190264","E01035604","E02004986"
"AL7 9PG","AL7  9PG","AL7 9PG","201902","","E10000015","E58000623","E07000241","E05011069","E43000083","1","524487","0213299","1","E18000006","E40000007","E92000001","E12000006","5","E14001573","E15000006","E24000005","E30000272","E16000150","E07000241","26ULGX","E00121637","26ULGX","E65000001","E01023954","E02004986","5","5B2","E00121637","E01023954","E02004986","E33024496","E38000049","E63011463","C1","7A3",51.804489,-0.195874,"E37000048","","E23000027",7164,"E56000035","E54000025","E00190264","E01035604","E02004986"
"AL7 9PH","AL7  9PH","AL7 9PH","201905","202206","E10000015","E58000623","E07000241","E05011069","E43000083","1","524487","0213299","1","E18000006","E40000007","E92000001","E12000006","5","E14001573","E15000006","E24000005","E30000272","E16000150","E07000241","26ULGX","E00121637","26ULGX","E65000001","E01023954","E02004986","5","5B2","E00121637","E01023954","E02004986","E33024496","E38000049","E63011463","C1","7A3",51.804489,-0.195874,"E37000048","","E23000027",7164,"E56000035","E54000025","E00190264","E01035604","E02004986"
"AL7 9PJ","AL7  9PJ","AL7 9PJ","201905","","E10000015","E58000623","E07000241","E05011069","E43000083","1","524487","0213299","1","E18000006","E40000007","E92000001","E12000006","5","E14001573","E15000006","E24000005","E30000272","E16000150","E07000241","26ULGX","E00121637","26ULGX","E65000001","E01023954","E02004986","5","5B2","E00121637","E01023954","E02004986","E33024496","E38000049","E63011463","C1","7A3",51.804489,-0.195874,"E37000048","","E23000027",7164,"E56000035","E54000025","E00190264","E01035604","E02004986"
"AL7 9PL","AL7  9PL","AL7 9PL","201906","202007","E10000015","E58000623","E07000241","E05011069","E43000083","1","524487","0213299","1","E18000006","E40000007","E92000001","E12000006","5","E14001573","E15000006","E24000005","E30000272","E16000150","E07000241","26ULGX","E00121637","26ULGX","E65000001","E01023954","E02004986","5","5B2","E00121637","E01023954","E02004986","E33024496","E38000049","E63011463","C1","7A3",51.804489,-0.195874,"E37000048","","E23000027",7164,"E56000035","E54000025","E00190264","E01035604","E02004986"
"AL7 9PP","AL7  9PP","AL7 9PP","201909","202004","E10000015","E58000623","E07000241","E05011069","E43000083","1","524487","0213299","1","E18000006","E40000007","E92000001","E12000006","5","E14001573","E15000006","E24000005","E30000272","E16000150","E07000241","26ULGX","E00121637","26ULGX","E65000001","E01023954","E02004986","5","5B2","E00121637","E01023954","E02004986","E33024496","E38000049","E63011463","C1","7A3",51.804489,-0.195874,"E37000048","","E23000027",7164,"E56000035","E54000025","E00190264","E01035604","E02004986"
"AL7 9PQ","AL7  9PQ","AL7 9PQ","202307","202406","E10000015","E58000623","E07000241","E05011069","E43000083","1","524487","0213299","1","E18000006","E40000007","E92000001","E12000006","5","E14001573","E15000006","E24000005","E30000272","E16000150","E07000241","26ULGX","E00121637","26ULGX","E65000001","E01023954","E02004986","5","5B2","E00121637","E01023954","E02004986","E33024496","E38000049","E63011463","C1","7A3",51.804489,-0.195874,"E37000048","","E23000027",7164,"E56000035","E54000025","E00190264","E01035604","E02004986"
"AL7 9PR","AL7  9PR","AL7 9PR","202005","202106","E10000015","E58000623","E07000241","E05011069","E43000083","1","524487","0213299","1","E18000006","E40000007","E92000001","E12000006","5","E14001573","E15000006","E24000005","E30000272","E16000150","E07000241","26ULGX","E00121637","26ULGX","E65000001","E01023954","E02004986","5","5B2","E00121637","E01023954","E02004986","E33024496","E38000049","E63011463","C1","7A3",51.804489,-0.195874,"E37000048","","E23000027",7164,"E56000035","E54000025","E00190264","E01035604","E02004986"
"AL7 9PS","AL7  9PS","AL7 9PS","202007","202108","E10000015","E58000623","E07000241","E05011069","E43000083","1","524487","0213299","1","E18000006","E40000007","E92000001","E12000006","5","E14001573","E15000006","E24000005","E30000272","E16000150","E07000241","26ULGX","E00121637","26ULGX","E65000001","E01023954","E02004986","5","5B2","E00121637","E01023954","E02004986","E33024496","E38000049","E63011463","C1","7A3",51.804489,-0.195874,"E37000048","","E23000027",7164,"E56000035","E54000025","E00190264","E01035604","E02004986"
"AL7 9PT","AL7  9PT","AL7 9PT","202008","202102","E10000015","E58000623","E07000241","E05011069","E43000083","1","524487","0213299","1","E18000006","E40000007","E92000001","E12000006","5","E14001573","E15000006","E24000005","E30000272","E16000150","E07000241","26ULGX","E00121637","26ULGX","E65000001","E01023954","E02004986","5","5B2","E00121637","E01023954","E02004986","E33024496","E38000049","E63011463","C1","7A3",51.804489,-0.195874,"E37000048","","E23000027",7164,"E56000035","E54000025","E00190264","E01035604","E02004986"
"AL7 9PU","AL7  9PU","AL7 9PU","202008","202102","E10000015","E58000623","E07000241","E05011069","E43000083","1","524487","0213299","1","E18000006","E40000007","E92000001","E12000006","5","E14001573","E15000006","E24000005","E30000272","E16000150","E07000241","26ULGX","E00121637","26ULGX","E65000001","E01023954","E02004986","5","5B2","E00121637","E01023954","E02004986","E33024496","E38000049","E63011463","C1","7A3",51.804489,-0.195874,"E37000048","","E23000027",7164,"E56000035","E54000025","E00190264","E01035604","E02004986"
"AL7 9PW","AL7  9PW","AL7 9PW","202008","","E10000015","E58000623","E07000241","E05011069","E43000083","1","524487","0213299","1","E18000006","E40000007","E92000001","E12000006","5","E14001573","E15000006","E24000005","E30000272","E16000150","E07000241","26ULGX","E00121637","26ULGX","E65000001","E01023954","E02004986","5","5B2","E00121637","E01023954","E02004986","E33024496","E38000049","E63011463","C1","7A3",51.804489,-0.195874,"E37000048","","E23000027",7164,"E56000035","E54000025","E00190264","E01035604","E02004986"
"AL7 9PX","AL7  9PX","AL7 9PX","202105","202112","E10000015","E58000623","E07000241","E05011069","E43000083","1","524487","0213299","1","E18000006","E40000007","E92000001","E12000006","5","E14001573","E15000006","E24000005","E30000272","E16000150","E07000241","26ULGX","E00121637","26ULGX","E65000001","E01023954","E02004986","5","5B2","E00121637","E01023954","E02004986","E33024496","E38000049","E63011463","C1","7A3",51.804489,-0.195874,"E37000048","","E23000027",7164,"E56000035","E54000025","E00190264","E01035604","E02004986"
"AL7 9PY","AL7  9PY","AL7 9PY","202010","202105","E10000015","E58000623","E07000241","E05011069","E43000083","1","524487","0213299","1","E18000006","E40000007","E92000001","E12000006","5","E14001573","E15000006","E24000005","E30000272","E16000150","E07000241","26ULGX","E00121637","26ULGX","E65000001","E01023954","E02004986","5","5B2","E00121637","E01023954","E02004986","E33024496","E38000049","E63011463","C1","7A3",51.804489,-0.195874,"E37000048","","E23000027",7164,"E56000035","E54000025","E00190264","E01035604","E02004986"
"AL7 9PZ","AL7  9PZ","AL7 9PZ","202011","202105","E10000015","E58000623","E07000241","E05011069","E43000083","1","524487","0213299","1","E18000006","E40000007","E92000001","E12000006","5","E14001573","E15000006","E24000005","E30000272","E16000150","E07000241","26ULGX","E00121637","26ULGX","E65000001","E01023954","E02004986","5","5B2","E00121637","E01023954","E02004986","E33024496","E38000049","E63011463","C1","7A3",51.804489,-0.195874,"E37000048","","E23000027",7164,"E56000035","E54000025","E00190264","E01035604","E02004986"
"AL7 9QA","AL7  9QA","AL7 9QA","202402","202501","E10000015","E58000623","E07000241","E05011069","E43000083","1","524487","0213299","1","E18000006","E40000007","E92000001","E12000006","5","E14001573","E15000006","E24000005","E30000272","E16000150","E07000241","26ULGX","E00121637","26ULGX","E65000001","E01023954","E02004986","5","5B2","E00121637","E01023954","E02004986","E33024496","E38000049","E63011463","C1","7A3",51.804489,-0.195874,"E37000048","","E23000027",7164,"E56000035","E54000025","E00190264","E01035604","E02004986"
"AL7 9QB","AL7  9QB","AL7 9QB","202012","202402","E10000015","E58000623","E07000241","E05011069","E43000083","1","524487","0213299","1","E18000006","E40000007","E92000001","E12000006","5","E14001573","E15000006","E24000005","E30000272","E16000150","E07000241","26ULGX","E00121637","26ULGX","E65000001","E01023954","E02004986","5","5B2","E00121637","E01023954","E02004986","E33024496","E38000049","E63011463","C1","7A3",51.804489,-0.195874,"E37000048","","E23000027",7164,"E56000035","E54000025","E00190264","E01035604","E02004986"
"AL7 9QD","AL7  9QD","AL7 9QD","202102","202203","E10000015","E58000623","E07000241","E05011069","E43000083","1","524487","0213299","1","E18000006","E40000007","E92000001","E12000006","5","E14001573","E15000006","E24000005","E30000272","E16000150","E07000241","26ULGX","E00121637","26ULGX","E65000001","E01023954","E02004986","5","5B2","E00121637","E01023954","E02004986","E33024496","E38000049","E63011463","C1","7A3",51.804489,-0.195874,"E37000048","","E23000027",7164,"E56000035","E54000025","E00190264","E01035604","E02004986"
"AL7 9QE","AL7  9QE","AL7 9QE","202104","202405","E10000015","E58000623","E07000241","E05011069","E43000083","1","524487","0213299","1","E18000006","E40000007","E92000001","E12000006","5","E14001573","E15000006","E24000005","E30000272","E16000150","E07000241","26ULGX","E00121637","26ULGX","E65000001","E01023954","E02004986","5","5B2","E00121637","E01023954","E02004986","E33024496","E38000049","E63011463","C1","7A3",51.804489,-0.195874,"E37000048","","E23000027",7164,"E56000035","E54000025","E00190264","E01035604","E02004986"
"AL7 9QF","AL7  9QF","AL7 9QF","202105","","E10000015","E58000623","E07000241","E05011069","E43000083","1","524487","0213299","1","E18000006","E40000007","E92000001","E12000006","5","E14001573","E15000006","E24000005","E30000272","E16000150","E07000241","26ULGX","E00121637","26ULGX","E65000001","E01023954","E02004986","5","5B2","E00121637","E01023954","E02004986","E33024496","E38000049","E63011463","C1","7A3",51.804489,-0.195874,"E37000048","","E23000027",7164,"E56000035","E54000025","E00190264","E01035604","E02004986"
"AL7 9QG","AL7  9QG","AL7 9QG","202204","202206","E10000015","E58000623","E07000241","E05011069","E43000083","1","524487","0213299","1","E18000006","E40000007","E92000001","E12000006","5","E14001573","E15000006","E24000005","E30000272","E16000150","E07000241","26ULGX","E00121637","26ULGX","E65000001","E01023954","E02004986","5","5B2","E00121637","E01023954","E02004986","E33024496","E38000049","E63011463","C1","7A3",51.804489,-0.195874,"E37000048","","E23000027",7164,"E56000035","E54000025","E00190264","E01035604","E02004986"
"AL7 9QH","AL7  9QH","AL7 9QH","202109","","E10000015","E58000623","E07000241","E05011069","E43000083","1","524487","0213299","1","E18000006","E40000007","E92000001","E12000006","5","E14001573","E15000006","E24000005","E30000272","E16000150","E07000241","26ULGX","E00121637","26ULGX","E65000001","E01023954","E02004986","5","5B2","E00121637","E01023954","E02004986","E33024496","E38000049","E63011463","C1","7A3",51.804489,-0.195874,"E37000048","","E23000027",7164,"E56000035","E54000025","E00190264","E01035604","E02004986"
"AL7 9QJ","AL7  9QJ","AL7 9QJ","202109","","E10000015","E58000623","E07000241","E05011069","E43000083","1","524487","0213299","1","E18000006","E40000007","E92000001","E12000006","5","E14001573","E15000006","E24000005","E30000272","E16000150","E07000241","26ULGX","E00121637","26ULGX","E65000001","E01023954","E02004986","5","5B2","E00121637","E01023954","E02004986","E33024496","E38000049","E63011463","C1","7A3",51.804489,-0.195874,"E37000048","","E23000027",7164,"E56000035","E54000025","E00190264","E01035604","E02004986"
"AL7 9QL","AL7  9QL","AL7 9QL","202111","202308","E10000015","E58000623","E07000241","E05011069","E43000083","1","524487","0213299","1","E18000006","E40000007","E92000001","E12000006","5","E14001573","E15000006","E24000005","E30000272","E16000150","E07000241","26ULGX","E00121637","26ULGX","E65000001","E01023954","E02004986","5","5B2","E00121637","E01023954","E02004986","E33024496","E38000049","E63011463","C1","7A3",51.804489,-0.195874,"E37000048","","E23000027",7164,"E56000035","E54000025","E00190264","E01035604","E02004986"
"AL7 9QP","AL7  9QP","AL7 9QP","202111","202205","E10000015","E58000623","E07000241","E05011069","E43000083","1","524487","0213299","1","E18000006","E40000007","E92000001","E12000006","5","E14001573","E15000006","E24000005","E30000272","E16000150","E07000241","26ULGX","E00121637","26ULGX","E65000001","E01023954","E02004986","5","5B2","E00121637","E01023954","E02004986","E33024496","E38000049","E63011463","C1","7A3",51.804489,-0.195874,"E37000048","","E23000027",7164,"E56000035","E54000025","E00190264","E01035604","E02004986"
"AL7 9QQ","AL7  9QQ","AL7 9QQ","202112","","E10000015","E58000623","E07000241","E05011069","E43000083","1","524487","0213299","1","E18000006","E40000007","E92000001","E12000006","5","E14001573","E15000006","E24000005","E30000272","E16000150","E07000241","26ULGX","E00121637","26ULGX","E65000001","E01023954","E02004986","5","5B2","E00121637","E01023954","E02004986","E33024496","E38000049","E63011463","C1","7A3",51.804489,-0.195874,"E37000048","","E23000027",7164,"E56000035","E54000025","E00190264","E01035604","E02004986"
"AL7 9QR","AL7  9QR","AL7 9QR","202203","","E10000015","E58000623","E07000241","E05011069","E43000083","1","524487","0213299","1","E18000006","E40000007","E92000001","E12000006","5","E14001573","E15000006","E24000005","E30000272","E16000150","E07000241","26ULGX","E00121637","26ULGX","E65000001","E01023954","E02004986","5","5B2","E00121637","E01023954","E02004986","E33024496","E38000049","E63011463","C1","7A3",51.804489,-0.195874,"E37000048","","E23000027",7164,"E56000035","E54000025","E00190264","E01035604","E02004986"
"AL7 9QS","AL7  9QS","AL7 9QS","202204","202305","E10000015","E58000623","E07000241","E05011069","E43000083","1","524487","0213299","1","E18000006","E40000007","E92000001","E12000006","5","E14001573","E15000006","E24000005","E30000272","E16000150","E07000241","26ULGX","E00121637","26ULGX","E65000001","E01023954","E02004986","5","5B2","E00121637","E01023954","E02004986","E33024496","E38000049","E63011463","C1","7A3",51.804489,-0.195874,"E37000048","","E23000027",7164,"E56000035","E54000025","E00190264","E01035604","E02004986"
"AL7 9QT","AL7  9QT","AL7 9QT","202205","202209","E10000015","E58000623","E07000241","E05011069","E43000083","1","524487","0213299","1","E18000006","E40000007","E92000001","E12000006","5","E14001573","E15000006","E24000005","E30000272","E16000150","E07000241","26ULGX","E00121637","26ULGX","E65000001","E01023954","E02004986","5","5B2","E00121637","E01023954","E02004986","E33024496","E38000049","E63011463","C1","7A3",51.804489,-0.195874,"E37000048","","E23000027",7164,"E56000035","E54000025","E00190264","E01035604","E02004986"
"AL7 9QU","AL7  9QU","AL7 9QU","202206","202407","E10000015","E58000623","E07000241","E05011069","E43000083","1","524487","0213299","1","E18000006","E40000007","E92000001","E12000006","5","E14001573","E15000006","E24000005","E30000272","E16000150","E07000241","26ULGX","E00121637","26ULGX","E65000001","E01023954","E02004986","5","5B2","E00121637","E01023954","E02004986","E33024496","E38000049","E63011463","C1","7A3",51.804489,-0.195874,"E37000048","","E23000027",7164,"E56000035","E54000025","E00190264","E01035604","E02004986"
"AL7 9QW","AL7  9QW","AL7 9QW","202207","202401","E10000015","E58000623","E07000241","E05011069","E43000083","1","524487","0213299","1","E18000006","E40000007","E92000001","E12000006","5","E14001573","E15000006","E24000005","E30000272","E16000150","E07000241","26ULGX","E00121637","26ULGX","E65000001","E01023954","E02004986","5","5B2","E00121637","E01023954","E02004986","E33024496","E38000049","E63011463","C1","7A3",51.804489,-0.195874,"E37000048","","E23000027",7164,"E56000035","E54000025","E00190264","E01035604","E02004986"
"AL7 9QX","AL7  9QX","AL7 9QX","202207","","E10000015","E58000623","E07000241","E05011069","E43000083","1","524487","0213299","1","E18000006","E40000007","E92000001","E12000006","5","E14001573","E15000006","E24000005","E30000272","E16000150","E07000241","26ULGX","E00121637","26ULGX","E65000001","E01023954","E02004986","5","5B2","E00121637","E01023954","E02004986","E33024496","E38000049","E63011463","C1","7A3",51.804489,-0.195874,"E37000048","","E23000027",7164,"E56000035","E54000025","E00190264","E01035604","E02004986"
"AL7 9QY","AL7  9QY","AL7 9QY","202207","202302","E10000015","E58000623","E07000241","E05011069","E43000083","1","524487","0213299","1","E18000006","E40000007","E92000001","E12000006","5","E14001573","E15000006","E24000005","E30000272","E16000150","E07000241","26ULGX","E00121637","26ULGX","E65000001","E01023954","E02004986","5","5B2","E00121637","E01023954","E02004986","E33024496","E38000049","E63011463","C1","7A3",51.804489,-0.195874,"E37000048","","E23000027",7164,"E56000035","E54000025","E00190264","E01035604","E02004986"
"AL7 9QZ","AL7  9QZ","AL7 9QZ","202209","202301","E10000015","E58000623","E07000241","E05011069","E43000083","1","524487","0213299","1","E18000006","E40000007","E92000001","E12000006","5","E14001573","E15000006","E24000005","E30000272","E16000150","E07000241","26ULGX","E00121637","26ULGX","E65000001","E01023954","E02004986","5","5B2","E00121637","E01023954","E02004986","E33024496","E38000049","E63011463","C1","7A3",51.804489,-0.195874,"E37000048","","E23000027",7164,"E56000035","E54000025","E00190264","E01035604","E02004986"
"AL7 9RA","AL7  9RA","AL7 9RA","202302","202306","E10000015","E58000623","E07000241","E05011069","E43000083","1","524487","0213299","1","E18000006","E40000007","E92000001","E12000006","5","E14001573","E15000006","E24000005","E30000272","E16000150","E07000241","26ULGX","E00121637","26ULGX","E65000001","E01023954","E02004986","5","5B2","E00121637","E01023954","E02004986","E33024496","E38000049","E63011463","C1","7A3",51.804489,-0.195874,"E37000048","","E23000027",7164,"E56000035","E54000025","E00190264","E01035604","E02004986"
"AL7 9RB","AL7  9RB","AL7 9RB","202302","202309","E10000015","E58000623","E07000241","E05011069","E43000083","1","524487","0213299","1","E18000006","E40000007","E92000001","E12000006","5","E14001573","E15000006","E24000005","E30000272","E16000150","E07000241","26ULGX","E00121637","26ULGX","E65000001","E01023954","E02004986","5","5B2","E00121637","E01023954","E02004986","E33024496","E38000049","E63011463","C1","7A3",51.804489,-0.195874,"E37000048","","E23000027",7164,"E56000035","E54000025","E00190264","E01035604","E02004986"
"AL7 9RD","AL7  9RD","AL7 9RD","202303","","E10000015","E58000623","E07000241","E05011069","E43000083","1","524487","0213299","1","E18000006","E40000007","E92000001","E12000006","5","E14001573","E15000006","E24000005","E30000272","E16000150","E07000241","26ULGX","E00121637","26ULGX","E65000001","E01023954","E02004986","5","5B2","E00121637","E01023954","E02004986","E33024496","E38000049","E63011463","C1","7A3",51.804489,-0.195874,"E37000048","","E23000027",7164,"E56000035","E54000025","E00190264","E01035604","E02004986"
"AL7 9RE","AL7  9RE","AL7 9RE","202304","202403","E10000015","E58000623","E07000241","E05011069","E43000083","1","524487","0213299","1","E18000006","E40000007","E92000001","E12000006","5","E14001573","E15000006","E24000005","E30000272","E16000150","E07000241","26ULGX","E00121637","26ULGX","E65000001","E01023954","E02004986","5","5B2","E00121637","E01023954","E02004986","E33024496","E38000049","E63011463","C1","7A3",51.804489,-0.195874,"E37000048","","E23000027",7164,"E56000035","E54000025","E00190264","E01035604","E02004986"
"AL7 9RF","AL7  9RF","AL7 9RF","202307","","E10000015","E58000623","E07000241","E05011069","E43000083","1","524487","0213299","1","E18000006","E40000007","E92000001","E12000006","5","E14001573","E15000006","E24000005","E30000272","E16000150","E07000241","26ULGX","E00121637","26ULGX","E65000001","E01023954","E02004986","5","5B2","E00121637","E01023954","E02004986","E33024496","E38000049","E63011463","C1","7A3",51.804489,-0.195874,"E37000048","","E23000027",7164,"E56000035","E54000025","E00190264","E01035604","E02004986"
"AL7 9RG","AL7  9RG","AL7 9RG","202308","202409","E10000015","E99999999","E07000241","E05011069","E43000083","1","524487","0213299","1","E18000006","E40000007","E92000001","E12000006","5","E14001573","E15000006","E24000005","E30000272","E16000150","E07000241","26ULGX","E00121637","26ULGX","E65000001","E01023954","E02004986","5","5B2","E00121637","E01023954","E02004986","E33024496","E38000049","E63011463","C1","7A3",51.804489,-0.195874,"E37000048","","E23000027",7164,"E56000035","E54000025","E00190264","E01035604","E02004986"
"AL7 9RJ","AL7  9RJ","AL7 9RJ","202409","","E10000015","E58000623","E07000241","E05011069","E43000083","1","524487","0213299","1","E18000006","E40000007","E92000001","E12000006","5","E14001573","E15000006","E24000005","E30000272","E16000150","E07000241","26ULGX","E00121637","26ULGX","E65000001","E01023954","E02004986","5","5B2","E00121637","E01023954","E02004986","E33024496","E38000049","E63011463","C1","7A3",51.804489,-0.195874,"E37000048","","E23000027",7164,"E56000035","E54000025","E00190264","E01035604","E02004986"
"AL7 9RL","AL7  9RL","AL7 9RL","202406","202409","E10000015","E99999999","E07000241","E05011069","E43000083","1","524487","0213299","1","E18000006","E40000007","E92000001","E12000006","5","E14001573","E15000006","E24000005","E30000272","E16000150","E07000241","26ULGX","E00121637","26ULGX","E65000001","E01023954","E02004986","5","5B2","E00121637","E01023954","E02004986","E33024496","E38000049","E63011463","C1","7A3",51.804489,-0.195874,"E37000048","","E23000027",7164,"E56000035","E54000025","E00190264","E01035604","E02004986"
"AL7 9RN","AL7  9RN","AL7 9RN","202408","","E10000015","E58000623","E07000241","E05011069","E43000083","1","524487","0213299","1","E18000006","E40000007","E92000001","E12000006","5","E14001573","E15000006","E24000005","E30000272","E16000150","E07000241","26ULGX","E00121637","26ULGX","E65000001","E01023954","E02004986","5","5B2","E00121637","E01023954","E02004986","E33024496","E38000049","E63011463","C1","7A3",51.804489,-0.195874,"E37000048","","E23000027",7164,"E56000035","E54000025","E00190264","E01035604","E02004986"
"AL7 9RP","AL7  9RP","AL7 9RP","202408","202501","E10000015","E58000623","E07000241","E05011069","E43000083","1","524487","0213299","1","E18000006","E40000007","E92000001","E12000006","5","E14001573","E15000006","E24000005","E30000272","E16000150","E07000241","26ULGX","E00121637","26ULGX","E65000001","E01023954","E02004986","5","5B2","E00121637","E01023954","E02004986","E33024496","E38000049","E63011463","C1","7A3",51.804489,-0.195874,"E37000048","","E23000027",7164,"E56000035","E54000025","E00190264","E01035604","E02004986"
"AL7 9RQ","AL7  9RQ","AL7 9RQ","202409","","E10000015","E58000623","E07000241","E05011069","E43000083","1","524487","0213299","1","E18000006","E40000007","E92000001","E12000006","5","E14001573","E15000006","E24000005","E30000272","E16000150","E07000241","26ULGX","E00121637","26ULGX","E65000001","E01023954","E02004986","5","5B2","E00121637","E01023954","E02004986","E33024496","E38000049","E63011463","C1","7A3",51.804489,-0.195874,"E37000048","","E23000027",7164,"E56000035","E54000025","E00190264","E01035604","E02004986"
"AL7 9RR","AL7  9RR","AL7 9RR","202409","202501","E10000015","E58000623","E07000241","E05011069","E43000083","1","524487","0213299","1","E18000006","E40000007","E92000001","E12000006","5","E14001573","E15000006","E24000005","E30000272","E16000150","E07000241","26ULGX","E00121637","26ULGX","E65000001","E01023954","E02004986","5","5B2","E00121637","E01023954","E02004986","E33024496","E38000049","E63011463","C1","7A3",51.804489,-0.195874,"E37000048","","E23000027",7164,"E56000035","E54000025","E00190264","E01035604","E02004986"
"AL7 9RS","AL7  9RS","AL7 9RS","202412","","E10000015","E58000623","E07000241","E05011069","E43000083","1","524487","0213299","1","E18000006","E40000007","E92000001","E12000006","5","E14001573","E15000006","E24000005","E30000272","E16000150","E07000241","26ULGX","E00121637","26ULGX","E65000001","E01023954","E02004986","5","5B2","E00121637","E01023954","E02004986","E33024496","E38000049","E63011463","C1","7A3",51.804489,-0.195874,"E37000048","","E23000027",7164,"E56000035","E54000025","E00190264","E01035604","E02004986"
"AL7 9SA","AL7  9SA","AL7 9SA","200502","","E10000015","E58000623","E07000241","E05011060","E43000083","1","523834","0213251","1","E18000006","E40000007","E92000001","E12000006","5","E14001573","E15000006","E24000005","E30000272","E16000150","E07000241","26ULGL","E00121437","26ULGL","E65000001","E01023918","E02004985","5","2A1","E00121437","E01023918","E02004985","E33024480","E38000049","E63011463","C1","2C2",51.804196,-0.205381,"E37000048","","E23000027",19249,"E56000035","E54000025","E00190322","E01023918","E02004985"
"AL7 9ZD","AL7  9ZD","AL7 9ZD","200501","200502","","","","","","1","","","9","","","E92000001",""," ","","","","","","","","","","","",""," ","","","","","","","","","",99.999999,0.000000,"","","",0,"","","","",""
"AL7 9ZE","AL7  9ZE","AL7 9ZE","200501","200502","","","","","","1","","","9","","","E92000001",""," ","","","","","","","","","","","",""," ","","","","","","","","","",99.999999,0.000000,"","","",0,"","","","",""
"AL7 9ZF","AL7  9ZF","AL7 9ZF","200501","200502","","","","","","1","","","9","","","E92000001",""," ","","","","","","","","","","","",""," ","","","","","","","","","",99.999999,0.000000,"","","",0,"","","","",""
"AL7 9ZG","AL7  9ZG","AL7 9ZG","200501","200502","","","","","","1","","","9","","","E92000001",""," ","","","","","","","","","","","",""," ","","","","","","","","","",99.999999,0.000000,"","","",0,"","","","",""
"AL7 9ZH","AL7  9ZH","AL7 9ZH","200501","200502","","","","","","1","","","9","","","E92000001",""," ","","","","","","","","","","","",""," ","","","","","","","","","",99.999999,0.000000,"","","",0,"","","","",""
"AL7 9ZJ","AL7  9ZJ","AL7 9ZJ","200501","200502","","","","","","1","","","9","","","E92000001",""," ","","","","","","","","","","","",""," ","","","","","","","","","",99.999999,0.000000,"","","",0,"","","","",""
"AL7 9ZL","AL7  9ZL","AL7 9ZL","200501","200502","","","","","","1","","","9","","","E92000001",""," ","","","","","","","","","","","",""," ","","","","","","","","","",99.999999,0.000000,"","","",0,"","","","",""
"AL7 9ZN","AL7  9ZN","AL7 9ZN","200501","200502","","","","","","1","","","9","","","E92000001",""," ","","","","","","","","","","","",""," ","","","","","","","","","",99.999999,0.000000,"","","",0,"","","","",""
"AL7 9ZP","AL7  9ZP","AL7 9ZP","200501","200502","","","","","","1","","","9","","","E92000001",""," ","","","","","","","","","","","",""," ","","","","","","","","","",99.999999,0.000000,"","","",0,"","","","",""
"AL7 9ZQ","AL7  9ZQ","AL7 9ZQ","200501","200502","","","","","","1","","","9","","","E92000001",""," ","","","","","","","","","","","",""," ","","","","","","","","","",99.999999,0.000000,"","","",0,"","","","",""
"AL7 9ZR","AL7  9ZR","AL7 9ZR","200501","200502","","","","","","1","","","9","","","E92000001",""," ","","","","","","","","","","","",""," ","","","","","","","","","",99.999999,0.000000,"","","",0,"","","","",""
"AL7 9ZS","AL7  9ZS","AL7 9ZS","200501","200502","","","","","","1","","","9","","","E92000001",""," ","","","","","","","","","","","",""," ","","","","","","","","","",99.999999,0.000000,"","","",0,"","","","",""
"AL7 9ZT","AL7  9ZT","AL7 9ZT","200501","200502","","","","","","1","","","9","","","E92000001",""," ","","","","","","","","","","","",""," ","","","","","","","","","",99.999999,0.000000,"","","",0,"","","","",""
"AL7 9ZU","AL7  9ZU","AL7 9ZU","200501","200502","","","","","","1","","","9","","","E92000001",""," ","","","","","","","","","","","",""," ","","","","","","","","","",99.999999,0.000000,"","","",0,"","","","",""
"AL7 9ZW","AL7  9ZW","AL7 9ZW","200501","200502","","","","","","1","","","9","","","E92000001",""," ","","","","","","","","","","","",""," ","","","","","","","","","",99.999999,0.000000,"","","",0,"","","","",""
"AL7 9ZX","AL7  9ZX","AL7 9ZX","200501","200502","","","","","","1","","","9","","","E92000001",""," ","","","","","","","","","","","",""," ","","","","","","","","","",99.999999,0.000000,"","","",0,"","","","",""
"AL7 9ZY","AL7  9ZY","AL7 9ZY","200501","200502","","","","","","1","","","9","","","E92000001",""," ","","","","","","","","","","","",""," ","","","","","","","","","",99.999999,0.000000,"","","",0,"","","","",""
"AL7 9ZZ","AL7  9ZZ","AL7 9ZZ","201603","","E10000015","E58000623","E07000241","E05011060","E43000083","1","523834","0213251","5","E18000006","E40000007","E92000001","E12000006","5","E14001573","E15000006","E24000005","E30000272","E16000150","E07000241","26ULGL","E00121437","26ULGL","E65000001","E01023918","E02004985","5","2A1","E00121437","E01023918","E02004985","E33024480","E38000049","E63011463","C1","2C2",51.804196,-0.205381,"E37000048","","E23000027",19249,"E56000035","E54000025","E00190322","E01023918","E02004985"
"AL8 6AA","AL8  6AA","AL8 6AA","198001","201611","E10000015","E58000623","E07000241","E05011060","E43000083","1","523715","0213010","1","E18000006","E40000007","E92000001","E12000006","5","E14001573","E15000006","E24000005","E30000272","E16000150","E07000241","26ULGL","E00121439","26ULGL","E65000001","E01023918","E02004985","5","4D2","E00121439","E01023918","E02004985","E33024483","E38000049","E63011463","C1","5B1",51.802056,-0.207192,"E37000048","","E23000027",19249,"E56000035","E54000025","E00121439","E01023918","E02004985"
"AL8 6AB","AL8  6AB","AL8 6AB","198001","","E10000015","E58000623","E07000241","E05011060","E43000083","0","523907","0213186","1","E18000006","E40000007","E92000001","E12000006","5","E14001573","E15000006","E24000005","E30000272","E16000150","E07000241","26ULGL","E00121437","26ULGL","E65000001","E01023918","E02004985","5","2A1","E00121437","E01023918","E02004985","E33024480","E38000049","E63011463","C1","2C2",51.803595,-0.204346,"E37000048","","E23000027",19249,"E56000035","E54000025","E00190322","E01023918","E02004985"
"AL8 6AD","AL8  6AD","AL8 6AD","199606","201712","E10000015","E58000623","E07000241","E05011069","E43000083","1","524487","0213299","1","E18000006","E40000007","E92000001","E12000006","5","E14001573","E15000006","E24000005","E30000272","E16000150","E07000241","26ULGX","E00121637","26ULGX","E65000001","E01023954","E02004986","5","5B2","E00121637","E01023954","E02004986","E33024496","E38000049","E63011463","C1","7A3",51.804482,-0.195898,"E37000048","","E23000027",7164,"E56000035","E54000025","E00190264","E01035604","E02004986"
"AL8 6AE","AL8  6AE","AL8 6AE","200211","","E10000015","E58000623","E07000241","E05011060","E43000083","1","523820","0213218","1","E18000006","E40000007","E92000001","E12000006","5","E14001573","E15000006","E24000005","E30000272","E16000150","E07000241","26ULGL","E00121437","26ULGL","E65000001","E01023918","E02004985","5","2A1","E00121437","E01023918","E02004985","E33024480","E38000049","E63011463","C1","2C2",51.803902,-0.205596,"E37000048","","E23000027",19249,"E56000035","E54000025","E00190322","E01023918","E02004985"
"AL8 6AF","AL8  6AF","AL8 6AF","198504","201209","E10000015","E58000623","E07000241","E05011060","E43000083","1","523842","0213316","1","E18000006","E40000007","E92000001","E12000006","5","E14001573","E15000006","E24000005","E30000272","E16000150","E07000241","26ULGL","E00121437","26ULGL","E65000001","E01023918","E02004985","5","2A1","E00121437","E01023918","E02004985","E33024480","E38000049","E63011463","C1","2C2",51.804778,-0.205242,"E37000048","","E23000027",19249,"E56000035","E54000025","E00190322","E01023918","E02004985"
"AL8 6AG","AL8  6AG","AL8 6AG","198001","202301","E10000015","E58000623","E07000241","E05011060","E43000083","1","523801","0213442","1","E18000006","E40000007","E92000001","E12000006","5","E14001573","E15000006","E24000005","E30000272","E16000150","E07000241","26ULGL","E00121437","26ULGL","E65000001","E01023918","E02004985","5","2A1","E00121437","E01023918","E02004985","E33024479","E38000049","E63011463","C1","2C2",51.805919,-0.205791,"E37000048","","E23000027",19249,"E56000035","E54000025","E00190322","E01023918","E02004985"
"AL8 6AH","AL8  6AH","AL8 6AH","198001","","E10000015","E58000623","E07000241","E05011060","E43000083","1","523801","0213442","1","E18000006","E40000007","E92000001","E12000006","5","E14001573","E15000006","E24000005","E30000272","E16000150","E07000241","26ULGL","E00121437","26ULGL","E65000001","E01023918","E02004985","5","2A1","E00121437","E01023918","E02004985","E33024479","E38000049","E63011463","C1","2C2",51.805919,-0.205791,"E37000048","","E23000027",19249,"E56000035","E54000025","E00190322","E01023918","E02004985"
"AL8 6AJ","AL8  6AJ","AL8 6AJ","198001","","E10000015","E58000623","E07000241","E05011060","E43000083","1","523671","0213405","1","E18000006","E40000007","E92000001","E12000006","5","E14001573","E15000006","E24000005","E30000272","E16000150","E07000241","26ULGL","E00121455","26ULGL","E65000001","E01023918","E02004985","5","5A2","E00121455","E01023918","E02004985","E33027641","E38000049","E63011463","C1","7D4",51.805616,-0.207689,"E37000048","","E23000027",19249,"E56000035","E54000025","E00121455","E01023918","E02004985"
"AL8 6AL","AL8  6AL","AL8 6AL","198001","","E10000015","E58000623","E07000241","E05011060","E43000083","0","523688","0213024","1","E18000006","E40000007","E92000001","E12000006","5","E14001573","E15000006","E24000005","E30000272","E16000150","E07000241","26ULGL","E00121439","26ULGL","E65000001","E01023918","E02004985","5","4D2","E00121439","E01023918","E02004985","E33024483","E38000049","E63011463","C1","5B1",51.802194,-0.207554,"E37000048","","E23000027",19249,"E56000035","E54000025","E00121439","E01023918","E02004985"
"AL8 6AN","AL8  6AN","AL8 6AN","199606","","E10000015","E58000623","E07000241","E05011069","E43000083","1","524487","0213299","1","E18000006","E40000007","E92000001","E12000006","5","E14001573","E15000006","E24000005","E30000272","E16000150","E07000241","26ULGX","E00121637","26ULGX","E65000001","E01023954","E02004986","5","5B2","E00121637","E01023954","E02004986","E33024496","E38000049","E63011463","C1","7A3",51.804482,-0.195898,"E37000048","","E23000027",7164,"E56000035","E54000025","E00190264","E01035604","E02004986"
"AL8 6AP","AL8  6AP","AL8 6AP","198001","","E10000015","E58000623","E07000241","E05011060","E43000083","0","523779","0212991","1","E18000006","E40000007","E92000001","E12000006","5","E14001573","E15000006","E24000005","E30000272","E16000150","E07000241","26ULGL","E00121439","26ULGL","E65000001","E01023918","E02004985","5","4D2","E00121439","E01023918","E02004985","E33024483","E38000049","E63011463","C1","5B1",51.801878,-0.206247,"E37000048","","E23000027",19249,"E56000035","E54000025","E00121439","E01023918","E02004985"
"AL8 6AQ","AL8  6AQ","AL8 6AQ","198203","","E10000015","E58000623","E07000241","E05011060","E43000083","1","523801","0213442","1","E18000006","E40000007","E92000001","E12000006","5","E14001573","E15000006","E24000005","E30000272","E16000150","E07000241","26ULGL","E00121437","26ULGL","E65000001","E01023918","E02004985","5","2A1","E00121437","E01023918","E02004985","E33024479","E38000049","E63011463","C1","2C2",51.805919,-0.205791,"E37000048","","E23000027",19249,"E56000035","E54000025","E00190322","E01023918","E02004985"
"AL8 6AR","AL8  6AR","AL8 6AR","198001","200410","E10000015","E58000623","E07000241","E05011060","E43000083","1","523775","0212993","1","E18000006","E40000007","E92000001","E12000006","5","E14001573","E15000006","E24000005","E30000272","E16000150","E07000241","26ULGL","E00121439","26ULGL","E65000001","E01023918","E02004985","5","4D2","E00121439","E01023918","E02004985","E33024483","E38000049","E63011463","C1","5B1",51.801890,-0.206329,"E37000048","","E23000027",19249,"E56000035","E54000025","E00121439","E01023918","E02004985"
"AL8 6AS","AL8  6AS","AL8 6AS","198504","200006","E10000015","E58000623","E07000241","E05011060","E43000083","1","523288","0212482","6","E18000006","E40000007","E92000001","E12000006","5","E14001573","E15000006","E24000005","E30000272","E16000150","E07000241","26ULGL","E00121447","26ULGL","E65000001","E01023917","E02004985","5","4D2","E00121447","E01023917","E02004985","E33027640","E38000049","E63011463","C1","6B4",51.797405,-0.213569,"E37000048","","E23000027",25419,"E56000035","E54000025","E00121447","E01023917","E02004985"
"AL8 6AT","AL8  6AT","AL8 6AT","198001","","E10000015","E58000623","E07000241","E05011060","E43000083","0","523775","0212993","1","E18000006","E40000007","E92000001","E12000006","5","E14001573","E15000006","E24000005","E30000272","E16000150","E07000241","26ULGL","E00121439","26ULGL","E65000001","E01023918","E02004985","5","4D2","E00121439","E01023918","E02004985","E33024483","E38000049","E63011463","C1","5B1",51.801890,-0.206329,"E37000048","","E23000027",19249,"E56000035","E54000025","E00121439","E01023918","E02004985"
"AL8 6AU","AL8  6AU","AL8 6AU","199606","200808","E10000015","E58000623","E07000241","E05011069","E43000083","1","524487","0213299","1","E18000006","E40000007","E92000001","E12000006","5","E14001573","E15000006","E24000005","E30000272","E16000150","E07000241","26ULGX","E00121637","26ULGX","E65000001","E01023954","E02004986","5","5B2","E00121637","E01023954","E02004986","E33024496","E38000049","E63011463","C1","7A3",51.804482,-0.195898,"E37000048","","E23000027",7164,"E56000035","E54000025","E00190264","E01035604","E02004986"
"AL8 6AW","AL8  6AW","AL8 6AW","199712","201502","E10000015","E58000623","E07000241","E05011060","E43000083","1","523685","0213037","1","E18000006","E40000007","E92000001","E12000006","5","E14001573","E15000006","E24000005","E30000272","E16000150","E07000241","26ULGL","E00121439","26ULGL","E65000001","E01023918","E02004985","5","4D2","E00121439","E01023918","E02004985","E33024483","E38000049","E63011463","C1","5B1",51.802305,-0.207617,"E37000048","","E23000027",19249,"E56000035","E54000025","E00121439","E01023918","E02004985"
"AL8 6AX","AL8  6AX","AL8 6AX","198001","199501","E10000015","E58000623","E07000241","E05011060","E43000083","1","523700","0212900","8","E18000006","E40000007","E92000001","E12000006","5","E14001573","E15000006","E24000005","E30000272","E16000150","E07000241","26ULGL","E00121437","26ULGL","E65000001","E01023918","E02004985","5","2A1","E00121437","E01023918","E02004985","E33024477","E38000049","E63011463","C1","2C2",51.801071,-0.207449,"E37000048","","E23000027",19249,"E56000035","E54000025","E00190227","E01023918","E02004985"
"AL8 6AY","AL8  6AY","AL8 6AY","199101","200006","E10000015","E58000623","E07000241","E05011060","E43000083","1","523288","0212482","6","E18000006","E40000007","E92000001","E12000006","5","E14001573","E15000006","E24000005","E30000272","E16000150","E07000241","26ULGL","E00121447","26ULGL","E65000001","E01023917","E02004985","5","4D2","E00121447","E01023917","E02004985","E33027640","E38000049","E63011463","C1","6B4",51.797405,-0.213569,"E37000048","","E23000027",25419,"E56000035","E54000025","E00121447","E01023917","E02004985"
"AL8 6AZ","AL8  6AZ","AL8 6AZ","198504","200105","E10000015","E58000623","E07000241","E05011060","E43000083","1","523749","0213177","1","E18000006","E40000007","E92000001","E12000006","5","E14001573","E15000006","E24000005","E30000272","E16000150","E07000241","26ULGL","E00121437","26ULGL","E65000001","E01023918","E02004985","5","2A1","E00121437","E01023918","E02004985","E33024479","E38000049","E63011463","C1","2C2",51.803549,-0.206640,"E37000048","","E23000027",19249,"E56000035","E54000025","E00190322","E01023918","E02004985"
"AL8 6BA","AL8  6BA","AL8 6BA","198001","","E10000015","E58000623","E07000241","E05011060","E43000083","1","523810","0212985","1","E18000006","E40000007","E92000001","E12000006","5","E14001573","E15000006","E24000005","E30000272","E16000150","E07000241","26ULGL","E00121439","26ULGL","E65000001","E01023918","E02004985","5","4D2","E00121439","E01023918","E02004985","E33024483","E38000049","E63011463","C1","5B1",51.801811,-0.205824,"E37000048","","E23000027",19249,"E56000035","E54000025","E00121439","E01023918","E02004985"
"AL8 6BB","AL8  6BB","AL8 6BB","198001","","E10000015","E58000623","E07000241","E05011060","E43000083","0","523875","0212969","1","E18000006","E40000007","E92000001","E12000006","5","E14001573","E15000006","E24000005","E30000272","E16000150","E07000241","26ULGL","E00121437","26ULGL","E65000001","E01023918","E02004985","5","2A1","E00121437","E01023918","E02004985","E33024478","E38000049","E63011463","C1","2C2",51.801652,-0.204888,"E37000048","","E23000027",19249,"E56000035","E54000025","E00190232","E01023918","E02004985"
"AL8 6BD","AL8  6BD","AL8 6BD","199606","199706","E10000015","E58000623","E07000241","E05011060","E43000083","1","523914","0212925","8","E18000006","E40000007","E92000001","E12000006","5","E14001573","E15000006","E24000005","E30000272","E16000150","E07000241","26ULGL","E00121437","26ULGL","E65000001","E01023918","E02004985","5","2A1","E00121437","E01023918","E02004985","E33024481","E38000049","E63011463","C1","2C2",51.801248,-0.204338,"E37000048","","E23000027",19249,"E56000035","E54000025","E00190232","E01023918","E02004985"
"AL8 6BE","AL8  6BE","AL8 6BE","198001","","E10000015","E58000623","E07000241","E05011060","E43000083","0","523952","0212880","1","E18000006","E40000007","E92000001","E12000006","5","E14001573","E15000006","E24000005","E30000272","E16000150","E07000241","26ULGL","E00121437","26ULGL","E65000001","E01023918","E02004985","5","2A1","E00121437","E01023918","E02004985","E33024481","E38000049","E63011463","C1","2C2",51.800836,-0.203803,"E37000048","","E23000027",19249,"E56000035","E54000025","E00190232","E01023918","E02004985"
"AL8 6BF","AL8  6BF","AL8 6BF","199706","200006","E10000015","E58000623","E07000241","E05011060","E43000083","1","523288","0212482","6","E18000006","E40000007","E92000001","E12000006","5","E14001573","E15000006","E24000005","E30000272","E16000150","E07000241","26ULGL","E00121447","26ULGL","E65000001","E01023917","E02004985","5","4D2","E00121447","E01023917","E02004985","E33027640","E38000049","E63011463","C1","6B4",51.797405,-0.213569,"E37000048","","E23000027",25419,"E56000035","E54000025","E00121447","E01023917","E02004985"
"AL8 6BG","AL8  6BG","AL8 6BG","198001","200408","E10000015","E58000623","E07000241","E05011060","E43000083","1","523650","0212934","1","E18000006","E40000007","E92000001","E12000006","5","E14001573","E15000006","E24000005","E30000272","E16000150","E07000241","26ULGL","E00121437","26ULGL","E65000001","E01023918","E02004985","5","2A1","E00121437","E01023918","E02004985","E33024477","E38000049","E63011463","C1","2C2",51.801388,-0.208161,"E37000048","","E23000027",19249,"E56000035","E54000025","E00190227","E01023918","E02004985"
"AL8 6BH","AL8  6BH","AL8 6BH","198001","","E10000015","E58000623","E07000241","E05011060","E43000083","1","523665","0212944","1","E18000006","E40000007","E92000001","E12000006","5","E14001573","E15000006","E24000005","E30000272","E16000150","E07000241","26ULGL","E00121437","26ULGL","E65000001","E01023918","E02004985","5","2A1","E00121437","E01023918","E02004985","E33024477","E38000049","E63011463","C1","2C2",51.801474,-0.207940,"E37000048","","E23000027",19249,"E56000035","E54000025","E00190227","E01023918","E02004985"
"AL8 6BJ","AL8  6BJ","AL8 6BJ","198001","","E10000015","E58000623","E07000241","E05011060","E43000083","0","523748","0212918","1","E18000006","E40000007","E92000001","E12000006","5","E14001573","E15000006","E24000005","E30000272","E16000150","E07000241","26ULGL","E00121437","26ULGL","E65000001","E01023918","E02004985","5","2A1","E00121437","E01023918","E02004985","E33024475","E38000049","E63011463","C1","2C2",51.801222,-0.206747,"E37000048","","E23000027",19249,"E56000035","E54000025","E00190227","E01023918","E02004985"
"AL8 6BL","AL8  6BL","AL8 6BL","198001","","E10000015","E58000623","E07000241","E05011060","E43000083","1","523729","0213052","1","E18000006","E40000007","E92000001","E12000006","5","E14001573","E15000006","E24000005","E30000272","E16000150","E07000241","26ULGL","E00121439","26ULGL","E65000001","E01023918","E02004985","5","4D2","E00121439","E01023918","E02004985","E33024483","E38000049","E63011463","C1","5B1",51.802459,-0.207089,"E37000048","","E23000027",19249,"E56000035","E54000025","E00121439","E01023918","E02004985"
"AL8 6BN","AL8  6BN","AL8 6BN","199606","199812","E10000015","E58000623","E07000241","E05011060","E43000083","1","523275","0212475","6","E18000006","E40000007","E92000001","E12000006","5","E14001573","E15000006","E24000005","E30000272","E16000150","E07000241","26ULGL","E00121447","26ULGL","E65000001","E01023917","E02004985","5","4D2","E00121447","E01023917","E02004985","E33027640","E38000049","E63011463","C1","6B4",51.797345,-0.213760,"E37000048","","E23000027",25419,"E56000035","E54000025","E00121447","E01023917","E02004985"
"AL8 6BP","AL8  6BP","AL8 6BP","198001","","E10000015","E58000623","E07000241","E05011060","E43000083","0","523842","0212887","1","E18000006","E40000007","E92000001","E12000006","5","E14001573","E15000006","E24000005","E30000272","E16000150","E07000241","26ULGL","E00121437","26ULGL","E65000001","E01023918","E02004985","5","2A1","E00121437","E01023918","E02004985","E33024481","E38000049","E63011463","C1","2C2",51.800923,-0.205395,"E37000048","","E23000027",19249,"E56000035","E54000025","E00190232","E01023918","E02004985"
"AL8 6BQ","AL8  6BQ","AL8 6BQ","198001","","E10000015","E58000623","E07000241","E05011060","E43000083","0","523676","0212942","1","E18000006","E40000007","E92000001","E12000006","5","E14001573","E15000006","E24000005","E30000272","E16000150","E07000241","26ULGL","E00121437","26ULGL","E65000001","E01023918","E02004985","5","2A1","E00121437","E01023918","E02004985","E33024477","E38000049","E63011463","C1","2C2",51.801460,-0.207758,"E37000048","","E23000027",19249,"E56000035","E54000025","E00190227","E01023918","E02004985"
"AL8 6BS","AL8  6BS","AL8 6BS","199806","200910","E10000015","E58000623","E07000241","E05011060","E43000083","0","523673","0212948","1","E18000006","E40000007","E92000001","E12000006","5","E14001573","E15000006","E24000005","E30000272","E16000150","E07000241","26ULGL","E00121437","26ULGL","E65000001","E01023918","E02004985","5","2A1","E00121437","E01023918","E02004985","E33024477","E38000049","E63011463","C1","2C2",51.801508,-0.207823,"E37000048","","E23000027",19249,"E56000035","E54000025","E00190227","E01023918","E02004985"
"AL8 6BT","AL8  6BT","AL8 6BT","198001","200910","E10000015","E58000623","E07000241","E05011060","E43000083","0","523898","0212920","1","E18000006","E40000007","E92000001","E12000006","5","E14001573","E15000006","E24000005","E30000272","E16000150","E07000241","26ULGL","E00121437","26ULGL","E65000001","E01023918","E02004985","5","2A1","E00121437","E01023918","E02004985","E33024481","E38000049","E63011463","C1","2C2",51.801207,-0.204572,"E37000048","","E23000027",19249,"E56000035","E54000025","E00190232","E01023918","E02004985"
"AL8 6BU","AL8  6BU","AL8 6BU","198001","200801","E10000015","E58000623","E07000241","E05011060","E43000083","1","523703","0213018","1","E18000006","E40000007","E92000001","E12000006","5","E14001573","E15000006","E24000005","E30000272","E16000150","E07000241","26ULGL","E00121439","26ULGL","E65000001","E01023918","E02004985","5","4D2","E00121439","E01023918","E02004985","E33024483","E38000049","E63011463","C1","5B1",51.802131,-0.207363,"E37000048","","E23000027",19249,"E56000035","E54000025","E00121439","E01023918","E02004985"
"AL8 6BW","AL8  6BW","AL8 6BW","198001","","E10000015","E58000623","E07000241","E05011060","E43000083","1","523771","0212909","1","E18000006","E40000007","E92000001","E12000006","5","E14001573","E15000006","E24000005","E30000272","E16000150","E07000241","26ULGL","E00121437","26ULGL","E65000001","E01023918","E02004985","5","2A1","E00121437","E01023918","E02004985","E33024475","E38000049","E63011463","C1","2C2",51.801136,-0.206416,"E37000048","","E23000027",19249,"E56000035","E54000025","E00190227","E01023918","E02004985"
"AL8 6BX","AL8  6BX","AL8 6BX","199906","","E10000015","E58000623","E07000241","E05011060","E43000083","1","523640","0213398","1","E18000006","E40000007","E92000001","E12000006","5","E14001573","E15000006","E24000005","E30000272","E16000150","E07000241","26ULGL","E00121455","26ULGL","E65000001","E01023918","E02004985","5","5A2","E00121455","E01023918","E02004985","E33027641","E38000049","E63011463","C1","7D4",51.805560,-0.208141,"E37000048","","E23000027",19249,"E56000035","E54000025","E00121455","E01023918","E02004985"
"AL8 6BY","AL8  6BY","AL8 6BY","198001","","E10000015","E58000623","E07000241","E05011060","E43000083","1","523671","0213405","1","E18000006","E40000007","E92000001","E12000006","5","E14001573","E15000006","E24000005","E30000272","E16000150","E07000241","26ULGL","E00121455","26ULGL","E65000001","E01023918","E02004985","5","5A2","E00121455","E01023918","E02004985","E33027641","E38000049","E63011463","C1","7D4",51.805622,-0.207665,"E37000048","","E23000027",19249,"E56000035","E54000025","E00121455","E01023918","E02004985"
"AL8 6BZ","AL8  6BZ","AL8 6BZ","199405","199512","E10000015","E58000623","E07000241","E05011060","E43000083","1","523800","0213200","8","E18000006","E40000007","E92000001","E12000006","5","E14001573","E15000006","E24000005","E30000272","E16000150","E07000241","26ULGL","E00121437","26ULGL","E65000001","E01023918","E02004985","5","2A1","E00121437","E01023918","E02004985","E33024480","E38000049","E63011463","C1","2C2",51.803745,-0.205892,"E37000048","","E23000027",19249,"E56000035","E54000025","E00190322","E01023918","E02004985"
"AL8 6DA","AL8  6DA","AL8 6DA","199512","199812","E10000015","E58000623","E07000241","E05011060","E43000083","1","523275","0212475","6","E18000006","E40000007","E92000001","E12000006","5","E14001573","E15000006","E24000005","E30000272","E16000150","E07000241","26ULGL","E00121447","26ULGL","E65000001","E01023917","E02004985","5","4D2","E00121447","E01023917","E02004985","E33027640","E38000049","E63011463","C1","6B4",51.797345,-0.213760,"E37000048","","E23000027",25419,"E56000035","E54000025","E00121447","E01023917","E02004985"
"AL8 6DB","AL8  6DB","AL8 6DB","200012","","E10000015","E58000623","E07000241","E05011060","E43000083","0","523637","0211987","1","E18000006","E40000007","E92000001","E12000006","5","E14001573","E15000006","E24000005","E30000272","E16000150","E07000241","26ULGL","E00121451","26ULGL","E65000001","E01023917","E02004985","5","6B2","E00121451","E01023917","E02004985","E33027640","E38000049","E63011463","C1","5A2",51.792880,-0.208687,"E37000048","","E23000027",25419,"E56000035","E54000025","E00121451","E01023917","E02004985"
"AL8 6DD","AL8  6DD","AL8 6DD","200711","","E10000015","E58000623","E07000241","E05011060","E43000083","0","523849","0212785","1","E18000006","E40000007","E92000001","E12000006","5","E14001573","E15000006","E24000005","E30000272","E16000150","E07000241","26ULGL","E00121437","26ULGL","E65000001","E01023918","E02004985","5","2A1","E00121437","E01023918","E02004985","E33024476","E38000049","E63011463","C1","2C2",51.800005,-0.205330,"E37000048","","E23000027",19249,"E56000035","E54000025","E00190232","E01023918","E02004985"
"AL8 6DE","AL8  6DE","AL8 6DE","200905","","E10000015","E58000623","E07000241","E05011060","E43000083","0","523602","0213232","1","E18000006","E40000007","E92000001","E12000006","5","E14001573","E15000006","E24000005","E30000272","E16000150","E07000241","26ULGL","E00121439","26ULGL","E65000001","E01023918","E02004985","5","4D2","E00121439","E01023918","E02004985","E33024482","E38000049","E63011463","C1","5B1",51.804076,-0.208751,"E37000048","","E23000027",19249,"E56000035","E54000025","E00121439","E01023918","E02004985"
"AL8 6DF","AL8  6DF","AL8 6DF","201002","","E10000015","E58000628","E07000241","E05011061","E04004819","0","522797","0211112","1","E18000006","E40000007","E92000001","E12000006","5","E14001573","E15000006","E24000005","E30000272","E16000150","E07000241","26ULGP","E00121508","26ULGP","E65000001","E01023931","E02004989","5","5B2","E00121508","E01033311","E02004989","E33024491","E38000049","","C1","7A3",51.785208,-0.221145,"E37000048","","E23000027",18334,"E56000035","E54000025","E00121508","E01033311","E02004989"
"AL8 6DG","AL8  6DG","AL8 6DG","201307","","E10000015","E58000623","E07000241","E05011060","E43000083","0","523829","0213315","1","E18000006","E40000007","E92000001","E12000006","5","E14001573","E15000006","E24000005","E30000272","E16000150","E07000241","26ULGL","E00121437","26ULGL","E65000001","E01023918","E02004985","5","2A1","E00121437","E01023918","E02004985","E33024480","E38000049","E63011463","C1","2C2",51.804772,-0.205431,"E37000048","","E23000027",19249,"E56000035","E54000025","E00190322","E01023918","E02004985"
"AL8 6DH","AL8  6DH","AL8 6DH","201512","","E10000015","E58000623","E07000241","E05011060","E43000083","0","523637","0212937","1","E18000006","E40000007","E92000001","E12000006","5","E14001573","E15000006","E24000005","E30000272","E16000150","E07000241","26ULGL","E00121437","26ULGL","E65000001","E01023918","E02004985","5","2A1","E00121437","E01023918","E02004985","E33024477","E38000049","E63011463","C1","2C2",51.801417,-0.208349,"E37000048","","E23000027",19249,"E56000035","E54000025","E00190227","E01023918","E02004985"
"AL8 6DJ","AL8  6DJ","AL8 6DJ","201512","","E10000015","E58000623","E07000241","E05011060","E43000083","0","523671","0212949","1","E18000006","E40000007","E92000001","E12000006","5","E14001573","E15000006","E24000005","E30000272","E16000150","E07000241","26ULGL","E00121437","26ULGL","E65000001","E01023918","E02004985","5","2A1","E00121437","E01023918","E02004985","E33024477","E38000049","E63011463","C1","2C2",51.801518,-0.207852,"E37000048","","E23000027",19249,"E56000035","E54000025","E00190227","E01023918","E02004985"
"AL8 6DL","AL8  6DL","AL8 6DL","201701","","E10000015","E58000623","E07000241","E05011060","E43000083","0","523848","0212998","1","E18000006","E40000007","E92000001","E12000006","5","E14001573","E15000006","E24000005","E30000272","E16000150","E07000241","26ULGL","E00121437","26ULGL","E65000001","E01023918","E02004985","5","2A1","E00121437","E01023918","E02004985","E33024478","E38000049","E63011463","C1","2C2",51.801925,-0.205244,"E37000048","","E23000027",19249,"E56000035","E54000025","E00190232","E01023918","E02004985"
"AL8 6DN","AL8  6DN","AL8 6DN","201810","","E10000015","E58000623","E07000241","E05011060","E43000083","0","523945","0213108","1","E18000006","E40000007","E92000001","E12000006","5","E14001573","E15000006","E24000005","E30000272","E16000150","E07000241","26ULGL","E00121437","26ULGL","E65000001","E01023918","E02004985","5","2A1","E00121437","E01023918","E02004985","E33024478","E38000049","E63011463","C1","2C2",51.802893,-0.203799,"E37000048","","E23000027",19249,"E56000035","E54000025","E00190232","E01023918","E02004985"
"AL8 6DP","AL8  6DP","AL8 6DP","198704","201801","E10000015","E58000623","E07000241","E05011069","E43000083","1","524487","0213299","1","E18000006","E40000007","E92000001","E12000006","5","E14001573","E15000006","E24000005","E30000272","E16000150","E07000241","26ULGX","E00121637","26ULGX","E65000001","E01023954","E02004986","5","5B2","E00121637","E01023954","E02004986","E33024496","E38000049","E63011463","C1","7A3",51.804482,-0.195898,"E37000048","","E23000027",7164,"E56000035","E54000025","E00190264","E01035604","E02004986"
"AL8 6DQ","AL8  6DQ","AL8 6DQ","199906","","E10000015","E58000623","E07000241","E05011060","E43000083","1","523568","0211950","1","E18000006","E40000007","E92000001","E12000006","5","E14001573","E15000006","E24000005","E30000272","E16000150","E07000241","26ULGL","E00121451","26ULGL","E65000001","E01023917","E02004985","5","6B2","E00121451","E01023917","E02004985","E33027640","E38000049","E63011463","C1","5A2",51.792563,-0.209700,"E37000048","","E23000027",25419,"E56000035","E54000025","E00121451","E01023917","E02004985"
"AL8 6DR","AL8  6DR","AL8 6DR","198504","200111","E10000015","E58000623","E07000241","E05011060","E43000083","0","522600","0211500","5","E18000006","E40000007","E92000001","E12000006","5","E14001573","E15000006","E24000005","E30000272","E16000150","E07000241","26ULGL","E00121454","26ULGL","E65000001","E01023916","E02004985","5","1C3","E00121454","E01023916","E02004985","E33027639","E38000049","","C1","5A2",51.788732,-0.223888,"E37000048","","E23000027",23804,"E56000035","E54000025","E00121454","E01023916","E02004985"
"AL8 6DS","AL8  6DS","AL8 6DS","202012","","E10000015","E58000623","E07000241","E05011060","E43000083","0","523656","0213057","1","E18000006","E40000007","E92000001","E12000006","5","E14001573","E15000006","E24000005","E30000272","E16000150","E07000241","26ULGL","E00121439","26ULGL","E65000001","E01023918","E02004985","5","4D2","E00121439","E01023918","E02004985","E33024483","E38000049","E63011463","C1","5B1",51.802498,-0.208007,"E37000048","","E23000027",19249,"E56000035","E54000025","E00121439","E01023918","E02004985"
"AL8 6DU","AL8  6DU","AL8 6DU","198504","","E10000015","E58000623","E07000241","E05011060","E43000083","0","523597","0212631","1","E18000006","E40000007","E92000001","E12000006","5","E14001573","E15000006","E24000005","E30000272","E16000150","E07000241","26ULGL","E00121443","26ULGL","E65000001","E01023918","E02004985","5","6D1","E00121443","E01023918","E02004985","E33027640","E38000049","E63011463","C1","5A2",51.798683,-0.209013,"E37000048","","E23000027",19249,"E56000035","E54000025","E00121443","E01023918","E02004985"
"AL8 6DX","AL8  6DX","AL8 6DX","198504","","E10000015","E58000623","E07000241","E05011060","E43000083","0","523554","0212607","1","E18000006","E40000007","E92000001","E12000006","5","E14001573","E15000006","E24000005","E30000272","E16000150","E07000241","26ULGL","E00121443","26ULGL","E65000001","E01023918","E02004985","5","6D1","E00121443","E01023918","E02004985","E33027640","E38000049","E63011463","C1","5A2",51.798470,-0.209669,"E37000048","","E23000027",19249,"E56000035","E54000025","E00121443","E01023918","E02004985"
"AL8 6DY","AL8  6DY","AL8 6DY","199301","199405","E10000015","E58000623","E07000241","E05011060","E43000083","1","523500","0212600","8","E18000006","E40000007","E92000001","E12000006","5","E14001573","E15000006","E24000005","E30000272","E16000150","E07000241","26ULGL","E00121446","26ULGL","E65000001","E01023917","E02004985","5","6D1","E00121446","E01023917","E02004985","E33027640","E38000049","E63011463","C1","5B3",51.798419,-0.210455,"E37000048","","E23000027",25419,"E56000035","E54000025","E00121446","E01023917","E02004985"
"AL8 6DZ","AL8  6DZ","AL8 6DZ","200012","200112","E10000015","E58000623","E07000241","E05011069","E43000083","1","524487","0213299","1","E18000006","E40000007","E92000001","E12000006","5","E14001573","E15000006","E24000005","E30000272","E16000150","E07000241","26ULGX","E00121637","26ULGX","E65000001","E01023954","E02004986","5","5B2","E00121637","E01023954","E02004986","E33024496","E38000049","E63011463","C1","7A3",51.804482,-0.195898,"E37000048","","E23000027",7164,"E56000035","E54000025","E00190264","E01035604","E02004986"
"AL8 6EA","AL8  6EA","AL8 6EA","198001","","E10000015","E58000623","E07000241","E05011060","E43000083","0","523728","0212710","1","E18000006","E40000007","E92000001","E12000006","5","E14001573","E15000006","E24000005","E30000272","E16000150","E07000241","26ULGL","E00121443","26ULGL","E65000001","E01023918","E02004985","5","6D1","E00121443","E01023918","E02004985","E33027640","E38000049","E63011463","C1","5A2",51.799364,-0.207086,"E37000048","","E23000027",19249,"E56000035","E54000025","E00121443","E01023918","E02004985"
"AL8 6EB","AL8  6EB","AL8 6EB","198001","","E10000015","E58000623","E07000241","E05011060","E43000083","0","523747","0212603","1","E18000006","E40000007","E92000001","E12000006","5","E14001573","E15000006","E24000005","E30000272","E16000150","E07000241","26ULGL","E00121443","26ULGL","E65000001","E01023918","E02004985","5","6D1","E00121443","E01023918","E02004985","E33027640","E38000049","E63011463","C1","5A2",51.798398,-0.206849,"E37000048","","E23000027",19249,"E56000035","E54000025","E00121443","E01023918","E02004985"
"AL8 6ED","AL8  6ED","AL8 6ED","198001","","E10000015","E58000623","E07000241","E05011060","E43000083","0","523655","0212734","1","E18000006","E40000007","E92000001","E12000006","5","E14001573","E15000006","E24000005","E30000272","E16000150","E07000241","26ULGL","E00121443","26ULGL","E65000001","E01023918","E02004985","5","6D1","E00121443","E01023918","E02004985","E33027640","E38000049","E63011463","C1","5A2",51.799596,-0.208136,"E37000048","","E23000027",19249,"E56000035","E54000025","E00121443","E01023918","E02004985"
"AL8 6EE","AL8  6EE","AL8 6EE","198001","","E10000015","E58000623","E07000241","E05011060","E43000083","0","523623","0212674","1","E18000006","E40000007","E92000001","E12000006","5","E14001573","E15000006","E24000005","E30000272","E16000150","E07000241","26ULGL","E00121443","26ULGL","E65000001","E01023918","E02004985","5","6D1","E00121443","E01023918","E02004985","E33027640","E38000049","E63011463","C1","5A2",51.799063,-0.208621,"E37000048","","E23000027",19249,"E56000035","E54000025","E00121443","E01023918","E02004985"
"AL8 6EF","AL8  6EF","AL8 6EF","198001","","E10000015","E58000623","E07000241","E05011060","E43000083","0","523689","0212579","1","E18000006","E40000007","E92000001","E12000006","5","E14001573","E15000006","E24000005","E30000272","E16000150","E07000241","26ULGL","E00121443","26ULGL","E65000001","E01023918","E02004985","5","6D1","E00121443","E01023918","E02004985","E33027640","E38000049","E63011463","C1","5A2",51.798195,-0.207698,"E37000048","","E23000027",19249,"E56000035","E54000025","E00121443","E01023918","E02004985"
"AL8 6EG","AL8  6EG","AL8 6EG","198001","","E10000015","E58000623","E07000241","E05011060","E43000083","0","523656","0212542","1","E18000006","E40000007","E92000001","E12000006","5","E14001573","E15000006","E24000005","E30000272","E16000150","E07000241","26ULGL","E00121446","26ULGL","E65000001","E01023917","E02004985","5","6D1","E00121446","E01023917","E02004985","E33027640","E38000049","E63011463","C1","5B3",51.797870,-0.208190,"E37000048","","E23000027",25419,"E56000035","E54000025","E00121446","E01023917","E02004985"
"AL8 6EH","AL8  6EH","AL8 6EH","198001","","E10000015","E58000623","E07000241","E05011060","E43000083","0","523584","0212461","1","E18000006","E40000007","E92000001","E12000006","5","E14001573","E15000006","E24000005","E30000272","E16000150","E07000241","26ULGL","E00121446","26ULGL","E65000001","E01023917","E02004985","5","6D1","E00121446","E01023917","E02004985","E33027640","E38000049","E63011463","C1","5B3",51.797151,-0.209287,"E37000048","","E23000027",25419,"E56000035","E54000025","E00121446","E01023917","E02004985"
"AL8 6EJ","AL8  6EJ","AL8 6EJ","198001","","E10000015","E58000623","E07000241","E05011060","E43000083","0","523631","0212370","1","E18000006","E40000007","E92000001","E12000006","5","E14001573","E15000006","E24000005","E30000272","E16000150","E07000241","26ULGL","E00121451","26ULGL","E65000001","E01023917","E02004985","5","6B2","E00121451","E01023917","E02004985","E33027640","E38000049","E63011463","C1","5A2",51.796323,-0.208638,"E37000048","","E23000027",25419,"E56000035","E54000025","E00121451","E01023917","E02004985"
"AL8 6EL","AL8  6EL","AL8 6EL","198001","","E10000015","E58000623","E07000241","E05011060","E43000083","0","523631","0212226","1","E18000006","E40000007","E92000001","E12000006","5","E14001573","E15000006","E24000005","E30000272","E16000150","E07000241","26ULGL","E00121435","26ULGL","E65000001","E01023917","E02004985","5","6D1","E00121435","E01023917","E02004985","E33027640","E38000049","E63011463","C1","5A2",51.795036,-0.208665,"E37000048","","E23000027",25419,"E56000035","E54000025","E00121435","E01023917","E02004985"
"AL8 6EN","AL8  6EN","AL8 6EN","198001","","E10000015","E58000623","E07000241","E05011060","E43000083","0","523571","0212218","1","E18000006","E40000007","E92000001","E12000006","5","E14001573","E15000006","E24000005","E30000272","E16000150","E07000241","26ULGL","E00121451","26ULGL","E65000001","E01023917","E02004985","5","6B2","E00121451","E01023917","E02004985","E33027640","E38000049","E63011463","C1","5A2",51.794977,-0.209537,"E37000048","","E23000027",25419,"E56000035","E54000025","E00121451","E01023917","E02004985"
"AL8 6EP","AL8  6EP","AL8 6EP","198001","","E10000015","E58000623","E07000241","E05011060","E43000083","0","523651","0212042","1","E18000006","E40000007","E92000001","E12000006","5","E14001573","E15000006","E24000005","E30000272","E16000150","E07000241","26ULGL","E00121451","26ULGL","E65000001","E01023917","E02004985","5","6B2","E00121451","E01023917","E02004985","E33027640","E38000049","E63011463","C1","5A2",51.793378,-0.208440,"E37000048","","E23000027",25419,"E56000035","E54000025","E00121451","E01023917","E02004985"
"AL8 6EQ","AL8  6EQ","AL8 6EQ","198001","","E10000015","E58000623","E07000241","E05011060","E43000083","0","523594","0212495","1","E18000006","E40000007","E92000001","E12000006","5","E14001573","E15000006","E24000005","E30000272","E16000150","E07000241","26ULGL","E00121446","26ULGL","E65000001","E01023917","E02004985","5","6D1","E00121446","E01023917","E02004985","E33027640","E38000049","E63011463","C1","5B3",51.797455,-0.209129,"E37000048","","E23000027",25419,"E56000035","E54000025","E00121446","E01023917","E02004985"
"AL8 6ER","AL8  6ER","AL8 6ER","198001","199012","E10000015","E58000623","E07000241","E05011060","E43000083","0","523500","0212000","8","E18000006","E40000007","E92000001","E12000006","5","E14001573","E15000006","E24000005","E30000272","E16000150","E07000241","26ULGL","E00121451","26ULGL","E65000001","E01023917","E02004985","5","6B2","E00121451","E01023917","E02004985","E33027640","E38000049","E63011463","C1","5A2",51.793027,-0.210668,"E37000048","","E23000027",25419,"E56000035","E54000025","E00121451","E01023917","E02004985"
"AL8 6ES","AL8  6ES","AL8 6ES","198001","199012","E10000015","E58000623","E07000241","E05011060","E43000083","0","523500","0212100","8","E18000006","E40000007","E92000001","E12000006","5","E14001573","E15000006","E24000005","E30000272","E16000150","E07000241","26ULGL","E00121451","26ULGL","E65000001","E01023917","E02004985","5","6B2","E00121451","E01023917","E02004985","E33027640","E38000049","E63011463","C1","5A2",51.793926,-0.210632,"E37000048","","E23000027",25419,"E56000035","E54000025","E00121451","E01023917","E02004985"
"AL8 6ET","AL8  6ET","AL8 6ET","198001","","E10000015","E58000623","E07000241","E05011060","E43000083","0","523510","0212075","1","E18000006","E40000007","E92000001","E12000006","5","E14001573","E15000006","E24000005","E30000272","E16000150","E07000241","26ULGL","E00121451","26ULGL","E65000001","E01023917","E02004985","5","6B2","E00121451","E01023917","E02004985","E33027640","E38000049","E63011463","C1","5A2",51.793705,-0.210472,"E37000048","","E23000027",25419,"E56000035","E54000025","E00121451","E01023917","E02004985"
"AL8 6EU","AL8  6EU","AL8 6EU","198001","","E10000015","E58000623","E07000241","E05011060","E43000083","0","523501","0212117","1","E18000006","E40000007","E92000001","E12000006","5","E14001573","E15000006","E24000005","E30000272","E16000150","E07000241","26ULGL","E00121451","26ULGL","E65000001","E01023917","E02004985","5","6B2","E00121451","E01023917","E02004985","E33027640","E38000049","E63011463","C1","5A2",51.794085,-0.210587,"E37000048","","E23000027",25419,"E56000035","E54000025","E00121451","E01023917","E02004985"
"AL8 6EW","AL8  6EW","AL8 6EW","198001","199012","E10000015","E58000623","E07000241","E05011060","E43000083","0","523600","0212100","8","E18000006","E40000007","E92000001","E12000006","5","E14001573","E15000006","E24000005","E30000272","E16000150","E07000241","26ULGL","E00121435","26ULGL","E65000001","E01023917","E02004985","5","6D1","E00121435","E01023917","E02004985","E33027640","E38000049","E63011463","C1","5A2",51.793904,-0.209183,"E37000048","","E23000027",25419,"E56000035","E54000025","E00121435","E01023917","E02004985"
"AL8 6EX","AL8  6EX","AL8 6EX","198001","","E10000015","E58000623","E07000241","E05011060","E43000083","0","523464","0212196","1","E18000006","E40000007","E92000001","E12000006","5","E14001573","E15000006","E24000005","E30000272","E16000150","E07000241","26ULGL","E00121449","26ULGL","E65000001","E01023917","E02004985","5","4A2","E00121449","E01023917","E02004985","E33027640","E38000049","E63011463","C1","6B2",51.794803,-0.211096,"E37000048","","E23000027",25419,"E56000035","E54000025","E00121449","E01023917","E02004985"
"AL8 6EY","AL8  6EY","AL8 6EY","198001","","E10000015","E58000623","E07000241","E05011060","E43000083","0","523524","0212265","1","E18000006","E40000007","E92000001","E12000006","5","E14001573","E15000006","E24000005","E30000272","E16000150","E07000241","26ULGL","E00121449","26ULGL","E65000001","E01023917","E02004985","5","4A2","E00121449","E01023917","E02004985","E33027640","E38000049","E63011463","C1","6B2",51.795410,-0.210201,"E37000048","","E23000027",25419,"E56000035","E54000025","E00121449","E01023917","E02004985"
"AL8 6EZ","AL8  6EZ","AL8 6EZ","199706","199812","E10000015","E58000623","E07000241","E05011060","E43000083","1","523275","0212475","6","E18000006","E40000007","E92000001","E12000006","5","E14001573","E15000006","E24000005","E30000272","E16000150","E07000241","26ULGL","E00121447","26ULGL","E65000001","E01023917","E02004985","5","4D2","E00121447","E01023917","E02004985","E33027640","E38000049","E63011463","C1","6B4",51.797345,-0.213760,"E37000048","","E23000027",25419,"E56000035","E54000025","E00121447","E01023917","E02004985"
"AL8 6GZ","AL8  6GZ","AL8 6GZ","199712","200601","E10000015","E58000623","E07000241","E05011069","E43000083","1","524487","0213299","1","E18000006","E40000007","E92000001","E12000006","5","E14001573","E15000006","E24000005","E30000272","E16000150","E07000241","26ULGX","E00121637","26ULGX","E65000001","E01023954","E02004986","5","5B2","E00121637","E01023954","E02004986","E33024496","E38000049","E63011463","C1","7A3",51.804482,-0.195898,"E37000048","","E23000027",7164,"E56000035","E54000025","E00190264","E01035604","E02004986"
"AL8 6HA","AL8  6HA","AL8 6HA","199405","","E10000015","E58000623","E07000241","E05011060","E43000083","0","523898","0212920","1","E18000006","E40000007","E92000001","E12000006","5","E14001573","E15000006","E24000005","E30000272","E16000150","E07000241","26ULGL","E00121437","26ULGL","E65000001","E01023918","E02004985","5","2A1","E00121437","E01023918","E02004985","E33024481","E38000049","E63011463","C1","2C2",51.801207,-0.204572,"E37000048","","E23000027",19249,"E56000035","E54000025","E00190232","E01023918","E02004985"
"AL8 6HB","AL8  6HB","AL8 6HB","199405","199507","E10000015","E58000623","E07000241","E05011060","E43000083","1","523600","0213100","8","E18000006","E40000007","E92000001","E12000006","5","E14001573","E15000006","E24000005","E30000272","E16000150","E07000241","26ULGL","E00121439","26ULGL","E65000001","E01023918","E02004985","5","4D2","E00121439","E01023918","E02004985","E33024482","E38000049","E63011463","C1","5B1",51.802890,-0.208827,"E37000048","","E23000027",19249,"E56000035","E54000025","E00121439","E01023918","E02004985"
"AL8 6HD","AL8  6HD","AL8 6HD","199412","200006","E10000015","E58000623","E07000241","E05011060","E43000083","1","523288","0212482","6","E18000006","E40000007","E92000001","E12000006","5","E14001573","E15000006","E24000005","E30000272","E16000150","E07000241","26ULGL","E00121447","26ULGL","E65000001","E01023917","E02004985","5","4D2","E00121447","E01023917","E02004985","E33027640","E38000049","E63011463","C1","6B4",51.797405,-0.213569,"E37000048","","E23000027",25419,"E56000035","E54000025","E00121447","E01023917","E02004985"
"AL8 6HE","AL8  6HE","AL8 6HE","199501","199912","E10000015","E58000623","E07000241","E05011060","E43000083","1","523288","0212482","6","E18000006","E40000007","E92000001","E12000006","5","E14001573","E15000006","E24000005","E30000272","E16000150","E07000241","26ULGL","E00121447","26ULGL","E65000001","E01023917","E02004985","5","4D2","E00121447","E01023917","E02004985","E33027640","E38000049","E63011463","C1","6B4",51.797405,-0.213569,"E37000048","","E23000027",25419,"E56000035","E54000025","E00121447","E01023917","E02004985"
"AL8 6HF","AL8  6HF","AL8 6HF","199301","","E10000015","E58000623","E07000241","E05011060","E43000083","0","523134","0212250","1","E18000006","E40000007","E92000001","E12000006","5","E14001573","E15000006","E24000005","E30000272","E16000150","E07000241","26ULGL","E00121445","26ULGL","E65000001","E01023917","E02004985","5","6D1","E00121445","E01023917","E02004985","E33027639","E38000049","E63011463","C1","5B3",51.795361,-0.215859,"E37000048","","E23000027",25419,"E56000035","E54000025","E00121445","E01023917","E02004985"
"AL8 6HG","AL8  6HG","AL8 6HG","198001","","E10000015","E58000623","E07000241","E05011060","E43000083","0","523612","0213169","1","E18000006","E40000007","E92000001","E12000006","5","E14001573","E15000006","E24000005","E30000272","E16000150","E07000241","26ULGL","E00121439","26ULGL","E65000001","E01023918","E02004985","5","4D2","E00121439","E01023918","E02004985","E33024482","E38000049","E63011463","C1","5B1",51.803514,-0.208605,"E37000048","","E23000027",19249,"E56000035","E54000025","E00121439","E01023918","E02004985"
"AL8 6HH","AL8  6HH","AL8 6HH","198001","","E10000015","E58000623","E07000241","E05011060","E43000083","0","523488","0212739","1","E18000006","E40000007","E92000001","E12000006","5","E14001573","E15000006","E24000005","E30000272","E16000150","E07000241","26ULGL","E00121439","26ULGL","E65000001","E01023918","E02004985","5","4D2","E00121439","E01023918","E02004985","E33024482","E38000049","E63011463","C1","5B1",51.799677,-0.210555,"E37000048","","E23000027",19249,"E56000035","E54000025","E00121439","E01023918","E02004985"
"AL8 6HJ","AL8  6HJ","AL8 6HJ","198001","","E10000015","E58000623","E07000241","E05011060","E43000083","0","523392","0212689","1","E18000006","E40000007","E92000001","E12000006","5","E14001573","E15000006","E24000005","E30000272","E16000150","E07000241","26ULGL","E00121446","26ULGL","E65000001","E01023917","E02004985","5","6D1","E00121446","E01023917","E02004985","E33027640","E38000049","E63011463","C1","5B3",51.799249,-0.211964,"E37000048","","E23000027",25419,"E56000035","E54000025","E00121446","E01023917","E02004985"
"AL8 6HL","AL8  6HL","AL8 6HL","198001","","E10000015","E58000623","E07000241","E05011060","E43000083","0","523448","0212598","1","E18000006","E40000007","E92000001","E12000006","5","E14001573","E15000006","E24000005","E30000272","E16000150","E07000241","26ULGL","E00121446","26ULGL","E65000001","E01023917","E02004985","5","6D1","E00121446","E01023917","E02004985","E33027640","E38000049","E63011463","C1","5B3",51.798413,-0.211209,"E37000048","","E23000027",25419,"E56000035","E54000025","E00121446","E01023917","E02004985"
"AL8 6HN","AL8  6HN","AL8 6HN","198001","","E10000015","E58000623","E07000241","E05011060","E43000083","0","523407","0212431","1","E18000006","E40000007","E92000001","E12000006","5","E14001573","E15000006","E24000005","E30000272","E16000150","E07000241","26ULGL","E00121446","26ULGL","E65000001","E01023917","E02004985","5","6D1","E00121446","E01023917","E02004985","E33027640","E38000049","E63011463","C1","5B3",51.796927,-0.211838,"E37000048","","E23000027",25419,"E56000035","E54000025","E00121446","E01023917","E02004985"
"AL8 6HP","AL8  6HP","AL8 6HP","198001","","E10000015","E58000623","E07000241","E05011060","E43000083","0","523349","0212238","1","E18000006","E40000007","E92000001","E12000006","5","E14001573","E15000006","E24000005","E30000272","E16000150","E07000241","26ULGL","E00121449","26ULGL","E65000001","E01023917","E02004985","5","4A2","E00121449","E01023917","E02004985","E33027640","E38000049","E63011463","C1","6B2",51.795206,-0.212747,"E37000048","","E23000027",25419,"E56000035","E54000025","E00121449","E01023917","E02004985"
"AL8 6HQ","AL8  6HQ","AL8 6HQ","198001","","E10000015","E58000623","E07000241","E05011060","E43000083","0","523541","0212925","1","E18000006","E40000007","E92000001","E12000006","5","E14001573","E15000006","E24000005","E30000272","E16000150","E07000241","26ULGL","E00121439","26ULGL","E65000001","E01023918","E02004985","5","4D2","E00121439","E01023918","E02004985","E33024482","E38000049","E63011463","C1","5B1",51.801337,-0.209721,"E37000048","","E23000027",19249,"E56000035","E54000025","E00121439","E01023918","E02004985"
"AL8 6HR","AL8  6HR","AL8 6HR","198001","","E10000015","E58000623","E07000241","E05011060","E43000083","0","523299","0212273","1","E18000006","E40000007","E92000001","E12000006","5","E14001573","E15000006","E24000005","E30000272","E16000150","E07000241","26ULGL","E00121449","26ULGL","E65000001","E01023917","E02004985","5","4A2","E00121449","E01023917","E02004985","E33027640","E38000049","E63011463","C1","6B2",51.795531,-0.213460,"E37000048","","E23000027",25419,"E56000035","E54000025","E00121449","E01023917","E02004985"
"AL8 6HS","AL8  6HS","AL8 6HS","198001","","E10000015","E58000623","E07000241","E05011060","E43000083","0","523232","0212260","1","E18000006","E40000007","E92000001","E12000006","5","E14001573","E15000006","E24000005","E30000272","E16000150","E07000241","26ULGL","E00121447","26ULGL","E65000001","E01023917","E02004985","5","4D2","E00121447","E01023917","E02004985","E33027640","E38000049","E63011463","C1","6B4",51.795429,-0.214435,"E37000048","","E23000027",25419,"E56000035","E54000025","E00121447","E01023917","E02004985"
"AL8 6HT","AL8  6HT","AL8 6HT","198001","","E10000015","E58000623","E07000241","E05011060","E43000083","0","523181","0212292","1","E18000006","E40000007","E92000001","E12000006","5","E14001573","E15000006","E24000005","E30000272","E16000150","E07000241","26ULGL","E00121447","26ULGL","E65000001","E01023917","E02004985","5","4D2","E00121447","E01023917","E02004985","E33027640","E38000049","E63011463","C1","6B4",51.795728,-0.215163,"E37000048","","E23000027",25419,"E56000035","E54000025","E00121447","E01023917","E02004985"
"AL8 6HU","AL8  6HU","AL8 6HU","198001","","E10000015","E58000623","E07000241","E05011060","E43000083","0","523198","0212061","1","E18000006","E40000007","E92000001","E12000006","5","E14001573","E15000006","E24000005","E30000272","E16000150","E07000241","26ULGL","E00121447","26ULGL","E65000001","E01023917","E02004985","5","4D2","E00121447","E01023917","E02004985","E33027640","E38000049","E63011463","C1","6B4",51.793648,-0.214999,"E37000048","","E23000027",25419,"E56000035","E54000025","E00121447","E01023917","E02004985"
"AL8 6HW","AL8  6HW","AL8 6HW","198001","","E10000015","E58000623","E07000241","E05011060","E43000083","0","523286","0212374","1","E18000006","E40000007","E92000001","E12000006","5","E14001573","E15000006","E24000005","E30000272","E16000150","E07000241","26ULGL","E00121447","26ULGL","E65000001","E01023917","E02004985","5","4D2","E00121447","E01023917","E02004985","E33027640","E38000049","E63011463","C1","6B4",51.796442,-0.213612,"E37000048","","E23000027",25419,"E56000035","E54000025","E00121447","E01023917","E02004985"
"AL8 6HX","AL8  6HX","AL8 6HX","198001","","E10000015","E58000623","E07000241","E05011060","E43000083","0","523214","0212165","1","E18000006","E40000007","E92000001","E12000006","5","E14001573","E15000006","E24000005","E30000272","E16000150","E07000241","26ULGL","E00121447","26ULGL","E65000001","E01023917","E02004985","5","4D2","E00121447","E01023917","E02004985","E33027640","E38000049","E63011463","C1","6B4",51.794579,-0.214730,"E37000048","","E23000027",25419,"E56000035","E54000025","E00121447","E01023917","E02004985"
"AL8 6HY","AL8  6HY","AL8 6HY","198001","","E10000015","E58000623","E07000241","E05011060","E43000083","0","523245","0212089","1","E18000006","E40000007","E92000001","E12000006","5","E14001573","E15000006","E24000005","E30000272","E16000150","E07000241","26ULGL","E00121449","26ULGL","E65000001","E01023917","E02004985","5","4A2","E00121449","E01023917","E02004985","E33027640","E38000049","E63011463","C1","6B2",51.793890,-0.214308,"E37000048","","E23000027",25419,"E56000035","E54000025","E00121449","E01023917","E02004985"
"AL8 6HZ","AL8  6HZ","AL8 6HZ","198001","","E10000015","E58000623","E07000241","E05011060","E43000083","0","523300","0212078","1","E18000006","E40000007","E92000001","E12000006","5","E14001573","E15000006","E24000005","E30000272","E16000150","E07000241","26ULGL","E00121449","26ULGL","E65000001","E01023917","E02004985","5","4A2","E00121449","E01023917","E02004985","E33027640","E38000049","E63011463","C1","6B2",51.793779,-0.213514,"E37000048","","E23000027",25419,"E56000035","E54000025","E00121449","E01023917","E02004985"
"AL8 6JA","AL8  6JA","AL8 6JA","198001","","E10000015","E58000623","E07000241","E05011060","E43000083","0","523352","0212023","1","E18000006","E40000007","E92000001","E12000006","5","E14001573","E15000006","E24000005","E30000272","E16000150","E07000241","26ULGL","E00121449","26ULGL","E65000001","E01023917","E02004985","5","4A2","E00121449","E01023917","E02004985","E33027640","E38000049","E63011463","C1","6B2",51.793273,-0.212780,"E37000048","","E23000027",25419,"E56000035","E54000025","E00121449","E01023917","E02004985"
"AL8 6JB","AL8  6JB","AL8 6JB","198001","","E10000015","E58000623","E07000241","E05011060","E43000083","0","523403","0212193","1","E18000006","E40000007","E92000001","E12000006","5","E14001573","E15000006","E24000005","E30000272","E16000150","E07000241","26ULGL","E00121449","26ULGL","E65000001","E01023917","E02004985","5","4A2","E00121449","E01023917","E02004985","E33027640","E38000049","E63011463","C1","6B2",51.794789,-0.211981,"E37000048","","E23000027",25419,"E56000035","E54000025","E00121449","E01023917","E02004985"
"AL8 6JD","AL8  6JD","AL8 6JD","198001","","E10000015","E58000623","E07000241","E05011060","E43000083","0","523461","0212412","1","E18000006","E40000007","E92000001","E12000006","5","E14001573","E15000006","E24000005","E30000272","E16000150","E07000241","26ULGL","E00121446","26ULGL","E65000001","E01023917","E02004985","5","6D1","E00121446","E01023917","E02004985","E33027640","E38000049","E63011463","C1","5B3",51.796745,-0.211062,"E37000048","","E23000027",25419,"E56000035","E54000025","E00121446","E01023917","E02004985"
"AL8 6JE","AL8  6JE","AL8 6JE","199612","201602","E10000015","E58000623","E07000241","E05011060","E43000083","1","523601","0213228","1","E18000006","E40000007","E92000001","E12000006","5","E14001573","E15000006","E24000005","E30000272","E16000150","E07000241","26ULGL","E00121439","26ULGL","E65000001","E01023918","E02004985","5","4D2","E00121439","E01023918","E02004985","E33024482","E38000049","E63011463","C1","5B1",51.804040,-0.208767,"E37000048","","E23000027",19249,"E56000035","E54000025","E00121439","E01023918","E02004985"
"AL8 6JF","AL8  6JF","AL8 6JF","198001","","E10000015","E58000623","E07000241","E05011060","E43000083","0","523546","0212661","1","E18000006","E40000007","E92000001","E12000006","5","E14001573","E15000006","E24000005","E30000272","E16000150","E07000241","26ULGL","E00121446","26ULGL","E65000001","E01023917","E02004985","5","6D1","E00121446","E01023917","E02004985","E33027640","E38000049","E63011463","C1","5B3",51.798964,-0.209742,"E37000048","","E23000027",25419,"E56000035","E54000025","E00121446","E01023917","E02004985"
"AL8 6JG","AL8  6JG","AL8 6JG","198710","","E10000015","E58000623","E07000241","E05011060","E43000083","0","523524","0212575","1","E18000006","E40000007","E92000001","E12000006","5","E14001573","E15000006","E24000005","E30000272","E16000150","E07000241","26ULGL","E00121446","26ULGL","E65000001","E01023917","E02004985","5","6D1","E00121446","E01023917","E02004985","E33027640","E38000049","E63011463","C1","5B3",51.798189,-0.210116,"E37000048","","E23000027",25419,"E56000035","E54000025","E00121446","E01023917","E02004985"
"AL8 6JH","AL8  6JH","AL8 6JH","198307","200310","E10000015","E58000623","E07000241","E05011060","E43000083","1","523601","0213228","1","E18000006","E40000007","E92000001","E12000006","5","E14001573","E15000006","E24000005","E30000272","E16000150","E07000241","26ULGL","E00121439","26ULGL","E65000001","E01023918","E02004985","5","4D2","E00121439","E01023918","E02004985","E33024482","E38000049","E63011463","C1","5B1",51.804040,-0.208767,"E37000048","","E23000027",19249,"E56000035","E54000025","E00121439","E01023918","E02004985"
"AL8 6JJ","AL8  6JJ","AL8 6JJ","198001","199707","E10000015","E58000623","E07000241","E05011060","E43000083","0","523600","0213000","8","E18000006","E40000007","E92000001","E12000006","5","E14001573","E15000006","E24000005","E30000272","E16000150","E07000241","26ULGL","E00121437","26ULGL","E65000001","E01023918","E02004985","5","2A1","E00121437","E01023918","E02004985","E33024477","E38000049","E63011463","C1","2C2",51.801992,-0.208863,"E37000048","","E23000027",19249,"E56000035","E54000025","E00190227","E01023918","E02004985"
"AL8 6JL","AL8  6JL","AL8 6JL","199002","","E10000015","E58000623","E07000241","E05011060","E43000083","0","523686","0213077","1","E18000006","E40000007","E92000001","E12000006","5","E14001573","E15000006","E24000005","E30000272","E16000150","E07000241","26ULGL","E00121439","26ULGL","E65000001","E01023918","E02004985","5","4D2","E00121439","E01023918","E02004985","E33024482","E38000049","E63011463","C1","5B1",51.802665,-0.207589,"E37000048","","E23000027",19249,"E56000035","E54000025","E00121439","E01023918","E02004985"
"AL8 6JN","AL8  6JN","AL8 6JN","198402","201502","E10000015","E58000623","E07000241","E05011060","E43000083","0","523637","0212937","1","E18000006","E40000007","E92000001","E12000006","5","E14001573","E15000006","E24000005","E30000272","E16000150","E07000241","26ULGL","E00121437","26ULGL","E65000001","E01023918","E02004985","5","2A1","E00121437","E01023918","E02004985","E33024477","E38000049","E63011463","C1","2C2",51.801417,-0.208349,"E37000048","","E23000027",19249,"E56000035","E54000025","E00190227","E01023918","E02004985"
"AL8 6JP","AL8  6JP","AL8 6JP","199308","199501","E10000015","E58000623","E07000241","E05011060","E43000083","1","523300","0212500","8","E18000006","E40000007","E92000001","E12000006","5","E14001573","E15000006","E24000005","E30000272","E16000150","E07000241","26ULGL","E00121447","26ULGL","E65000001","E01023917","E02004985","5","4D2","E00121447","E01023917","E02004985","E33027640","E38000049","E63011463","C1","6B4",51.797565,-0.213389,"E37000048","","E23000027",25419,"E56000035","E54000025","E00121447","E01023917","E02004985"
"AL8 6JQ","AL8  6JQ","AL8 6JQ","198307","","E10000015","E58000623","E07000241","E05011060","E43000083","0","523591","0212792","1","E18000006","E40000007","E92000001","E12000006","5","E14001573","E15000006","E24000005","E30000272","E16000150","E07000241","26ULGL","E00121439","26ULGL","E65000001","E01023918","E02004985","5","4D2","E00121439","E01023918","E02004985","E33024482","E38000049","E63011463","C1","5B1",51.800131,-0.209043,"E37000048","","E23000027",19249,"E56000035","E54000025","E00121439","E01023918","E02004985"
"AL8 6JR","AL8  6JR","AL8 6JR","199501","","E10000015","E58000623","E07000241","E05011060","E43000083","0","523721","0212409","1","E18000006","E40000007","E92000001","E12000006","5","E14001573","E15000006","E24000005","E30000272","E16000150","E07000241","26ULGL","E00121435","26ULGL","E65000001","E01023917","E02004985","5","6D1","E00121435","E01023917","E02004985","E33027640","E38000049","E63011463","C1","5A2",51.796660,-0.207295,"E37000048","","E23000027",25419,"E56000035","E54000025","E00121435","E01023917","E02004985"
"AL8 6JS","AL8  6JS","AL8 6JS","199501","","E10000015","E58000623","E07000241","E05011060","E43000083","0","523676","0212252","1","E18000006","E40000007","E92000001","E12000006","5","E14001573","E15000006","E24000005","E30000272","E16000150","E07000241","26ULGL","E00121435","26ULGL","E65000001","E01023917","E02004985","5","6D1","E00121435","E01023917","E02004985","E33027640","E38000049","E63011463","C1","5A2",51.795259,-0.208003,"E37000048","","E23000027",25419,"E56000035","E54000025","E00121435","E01023917","E02004985"
"AL8 6JT","AL8  6JT","AL8 6JT","199501","","E10000015","E58000623","E07000241","E05011060","E43000083","0","523669","0212177","1","E18000006","E40000007","E92000001","E12000006","5","E14001573","E15000006","E24000005","E30000272","E16000150","E07000241","26ULGL","E00121435","26ULGL","E65000001","E01023917","E02004985","5","6D1","E00121435","E01023917","E02004985","E33027640","E38000049","E63011463","C1","5A2",51.794587,-0.208131,"E37000048","","E23000027",25419,"E56000035","E54000025","E00121435","E01023917","E02004985"
"AL8 6JU","AL8  6JU","AL8 6JU","198001","","E10000015","E58000623","E07000241","E05011060","E43000083","0","523254","0212464","1","E18000006","E40000007","E92000001","E12000006","5","E14001573","E15000006","E24000005","E30000272","E16000150","E07000241","26ULGL","E00121447","26ULGL","E65000001","E01023917","E02004985","5","4D2","E00121447","E01023917","E02004985","E33027640","E38000049","E63011463","C1","6B4",51.797258,-0.214044,"E37000048","","E23000027",25419,"E56000035","E54000025","E00121447","E01023917","E02004985"
"AL8 6JW","AL8  6JW","AL8 6JW","199201","","E10000015","E58000623","E07000241","E05011060","E43000083","0","523529","0212394","1","E18000006","E40000007","E92000001","E12000006","5","E14001573","E15000006","E24000005","E30000272","E16000150","E07000241","26ULGL","E00121446","26ULGL","E65000001","E01023917","E02004985","5","6D1","E00121446","E01023917","E02004985","E33027640","E38000049","E63011463","C1","5B3",51.796568,-0.210083,"E37000048","","E23000027",25419,"E56000035","E54000025","E00121446","E01023917","E02004985"
"AL8 6JX","AL8  6JX","AL8 6JX","198001","","E10000015","E58000623","E07000241","E05011060","E43000083","0","523246","0212423","1","E18000006","E40000007","E92000001","E12000006","5","E14001573","E15000006","E24000005","E30000272","E16000150","E07000241","26ULGL","E00121447","26ULGL","E65000001","E01023917","E02004985","5","4D2","E00121447","E01023917","E02004985","E33027640","E38000049","E63011463","C1","6B4",51.796891,-0.214175,"E37000048","","E23000027",25419,"E56000035","E54000025","E00121447","E01023917","E02004985"
"AL8 6JY","AL8  6JY","AL8 6JY","198001","","E10000015","E58000623","E07000241","E05011060","E43000083","0","523307","0212584","1","E18000006","E40000007","E92000001","E12000006","5","E14001573","E15000006","E24000005","E30000272","E16000150","E07000241","26ULGL","E00121447","26ULGL","E65000001","E01023917","E02004985","5","4D2","E00121447","E01023917","E02004985","E33027640","E38000049","E63011463","C1","6B4",51.798324,-0.213233,"E37000048","","E23000027",25419,"E56000035","E54000025","E00121447","E01023917","E02004985"
"AL8 6JZ","AL8  6JZ","AL8 6JZ","198001","","E10000015","E58000623","E07000241","E05011060","E43000083","0","522958","0212486","1","E18000006","E40000007","E92000001","E12000006","5","E14001573","E15000006","E24000005","E30000272","E16000150","E07000241","26ULGL","E00121445","26ULGL","E65000001","E01023917","E02004985","5","6D1","E00121445","E01023917","E02004985","E33027639","E38000049","E63011463","C1","5B3",51.797514,-0.218351,"E37000048","","E23000027",25419,"E56000035","E54000025","E00121445","E01023917","E02004985"
"AL8 6LA","AL8  6LA","AL8 6LA","198001","","E10000015","E58000623","E07000241","E05011060","E43000083","0","522959","0212549","1","E18000006","E40000007","E92000001","E12000006","5","E14001573","E15000006","E24000005","E30000272","E16000150","E07000241","26ULGL","E00121436","26ULGL","E65000001","E01023919","E02004985","5","6B2","E00121436","E01023919","E02004985","E33027639","E38000049","E63011463","C1","5A2",51.798086,-0.218290,"E37000048","","E23000027",32599,"E56000035","E54000025","E00121436","E01023919","E02004985"
"AL8 6LB","AL8  6LB","AL8 6LB","198001","","E10000015","E58000623","E07000241","E05011060","E43000083","0","522880","0212553","1","E18000006","E40000007","E92000001","E12000006","5","E14001573","E15000006","E24000005","E30000272","E16000150","E07000241","26ULGL","E00121445","26ULGL","E65000001","E01023917","E02004985","5","6D1","E00121445","E01023917","E02004985","E33027639","E38000049","E63011463","C1","5B3",51.798140,-0.219434,"E37000048","","E23000027",25419,"E56000035","E54000025","E00121445","E01023917","E02004985"
"AL8 6LD","AL8  6LD","AL8 6LD","198001","","E10000015","E58000623","E07000241","E05011060","E43000083","0","522812","0212380","1","E18000006","E40000007","E92000001","E12000006","5","E14001573","E15000006","E24000005","E30000272","E16000150","E07000241","26ULGL","E00121444","26ULGL","E65000001","E01023919","E02004985","5","4B3","E00121444","E01023919","E02004985","E33027639","E38000049","E63011463","C1","6A1",51.796600,-0.220480,"E37000048","","E23000027",32599,"E56000035","E54000025","E00121444","E01023919","E02004985"
"AL8 6LE","AL8  6LE","AL8 6LE","198001","","E10000015","E58000623","E07000241","E05011060","E43000083","0","522776","0212396","1","E18000006","E40000007","E92000001","E12000006","5","E14001573","E15000006","E24000005","E30000272","E16000150","E07000241","26ULGL","E00121444","26ULGL","E65000001","E01023919","E02004985","5","4B3","E00121444","E01023919","E02004985","E33027639","E38000049","E63011463","C1","6A1",51.796752,-0.220996,"E37000048","","E23000027",32599,"E56000035","E54000025","E00121444","E01023919","E02004985"
"AL8 6LG","AL8  6LG","AL8 6LG","198001","","E10000015","E58000623","E07000241","E05011060","E43000083","0","522647","0212433","1","E18000006","E40000007","E92000001","E12000006","5","E14001573","E15000006","E24000005","E30000272","E16000150","E07000241","26ULGL","E00121444","26ULGL","E65000001","E01023919","E02004985","5","4B3","E00121444","E01023919","E02004985","E33027639","E38000049","E63011463","C1","6A1",51.797112,-0.222853,"E37000048","","E23000027",32599,"E56000035","E54000025","E00121444","E01023919","E02004985"
"AL8 6LH","AL8  6LH","AL8 6LH","198001","","E10000015","E58000623","E07000241","E05011060","E43000083","0","522803","0212169","1","E18000006","E40000007","E92000001","E12000006","5","E14001573","E15000006","E24000005","E30000272","E16000150","E07000241","26ULGL","E00121450","26ULGL","E65000001","E01023916","E02004985","5","1C3","E00121450","E01023916","E02004985","E33027639","E38000049","E63011463","C1","8A1",51.794706,-0.220685,"E37000048","","E23000027",23804,"E56000035","E54000025","E00121450","E01023916","E02004985"
"AL8 6LJ","AL8  6LJ","AL8 6LJ","198001","","E10000015","E58000623","E07000241","E05011060","E43000083","0","522599","0212181","1","E18000006","E40000007","E92000001","E12000006","5","E14001573","E15000006","E24000005","E30000272","E16000150","E07000241","26ULGL","E00121444","26ULGL","E65000001","E01023919","E02004985","5","4B3","E00121444","E01023919","E02004985","E33027639","E38000049","E63011463","C1","6A1",51.794858,-0.223638,"E37000048","","E23000027",32599,"E56000035","E54000025","E00121444","E01023919","E02004985"
"AL8 6LL","AL8  6LL","AL8 6LL","198001","","E10000015","E58000623","E07000241","E05011060","E43000083","0","522716","0212099","1","E18000006","E40000007","E92000001","E12000006","5","E14001573","E15000006","E24000005","E30000272","E16000150","E07000241","26ULGL","E00121450","26ULGL","E65000001","E01023916","E02004985","5","1C3","E00121450","E01023916","E02004985","E33027639","E38000049","E63011463","C1","8A1",51.794096,-0.221971,"E37000048","","E23000027",23804,"E56000035","E54000025","E00121450","E01023916","E02004985"
"AL8 6LN","AL8  6LN","AL8 6LN","198001","","E10000015","E58000623","E07000241","E05011060","E43000083","0","522860","0212243","1","E18000006","E40000007","E92000001","E12000006","5","E14001573","E15000006","E24000005","E30000272","E16000150","E07000241","26ULGL","E00121450","26ULGL","E65000001","E01023916","E02004985","5","1C3","E00121450","E01023916","E02004985","E33027639","E38000049","E63011463","C1","8A1",51.795358,-0.219833,"E37000048","","E23000027",23804,"E56000035","E54000025","E00121450","E01023916","E02004985"
"AL8 6LP","AL8  6LP","AL8 6LP","198001","","E10000015","E58000623","E07000241","E05011060","E43000083","0","522677","0212404","1","E18000006","E40000007","E92000001","E12000006","5","E14001573","E15000006","E24000005","E30000272","E16000150","E07000241","26ULGL","E00121444","26ULGL","E65000001","E01023919","E02004985","5","4B3","E00121444","E01023919","E02004985","E33027639","E38000049","E63011463","C1","6A1",51.796845,-0.222428,"E37000048","","E23000027",32599,"E56000035","E54000025","E00121444","E01023919","E02004985"
"AL8 6LQ","AL8  6LQ","AL8 6LQ","198001","","E10000015","E58000623","E07000241","E05011060","E43000083","0","522693","0212187","1","E18000006","E40000007","E92000001","E12000006","5","E14001573","E15000006","E24000005","E30000272","E16000150","E07000241","26ULGL","E00121444","26ULGL","E65000001","E01023919","E02004985","5","4B3","E00121444","E01023919","E02004985","E33027639","E38000049","E63011463","C1","6A1",51.794891,-0.222273,"E37000048","","E23000027",32599,"E56000035","E54000025","E00121444","E01023919","E02004985"
"AL8 6LT","AL8  6LT","AL8 6LT","199208","200103","E10000015","E58000623","E07000241","E05011060","E43000083","1","523821","0212869","1","E18000006","E40000007","E92000001","E12000006","5","E14001573","E15000006","E24000005","E30000272","E16000150","E07000241","26ULGL","E00121437","26ULGL","E65000001","E01023918","E02004985","5","2A1","E00121437","E01023918","E02004985","E33024475","E38000049","E63011463","C1","2C2",51.800766,-0.205706,"E37000048","","E23000027",19249,"E56000035","E54000025","E00190232","E01023918","E02004985"
"AL8 6LW","AL8  6LW","AL8 6LW","198001","","E10000015","E58000623","E07000241","E05011060","E43000083","0","522815","0212204","1","E18000006","E40000007","E92000001","E12000006","5","E14001573","E15000006","E24000005","E30000272","E16000150","E07000241","26ULGL","E00121450","26ULGL","E65000001","E01023916","E02004985","5","1C3","E00121450","E01023916","E02004985","E33027639","E38000049","E63011463","C1","8A1",51.795018,-0.220499,"E37000048","","E23000027",23804,"E56000035","E54000025","E00121450","E01023916","E02004985"
"AL8 6LY","AL8  6LY","AL8 6LY","199308","","E10000015","E58000623","E07000241","E05011060","E43000083","0","523828","0213222","1","E18000006","E40000007","E92000001","E12000006","5","E14001573","E15000006","E24000005","E30000272","E16000150","E07000241","26ULGL","E00121437","26ULGL","E65000001","E01023918","E02004985","5","2A1","E00121437","E01023918","E02004985","E33024480","E38000049","E63011463","C1","2C2",51.803936,-0.205479,"E37000048","","E23000027",19249,"E56000035","E54000025","E00190322","E01023918","E02004985"
"AL8 6NA","AL8  6NA","AL8 6NA","198001","","E10000015","E58000623","E07000241","E05011060","E43000083","0","523814","0213041","1","E18000006","E40000007","E92000001","E12000006","5","E14001573","E15000006","E24000005","E30000272","E16000150","E07000241","26ULGL","E00121439","26ULGL","E65000001","E01023918","E02004985","5","4D2","E00121439","E01023918","E02004985","E33024483","E38000049","E63011463","C1","5B1",51.802319,-0.205722,"E37000048","","E23000027",19249,"E56000035","E54000025","E00121439","E01023918","E02004985"
"AL8 6NB","AL8  6NB","AL8 6NB","198001","199501","E10000015","E58000623","E07000241","E05011060","E43000083","1","523800","0213000","8","E18000006","E40000007","E92000001","E12000006","5","E14001573","E15000006","E24000005","E30000272","E16000150","E07000241","26ULGL","E00121439","26ULGL","E65000001","E01023918","E02004985","5","4D2","E00121439","E01023918","E02004985","E33024483","E38000049","E63011463","C1","5B1",51.801948,-0.205964,"E37000048","","E23000027",19249,"E56000035","E54000025","E00121439","E01023918","E02004985"
"AL8 6ND","AL8  6ND","AL8 6ND","198001","","E10000015","E58000623","E07000241","E05011060","E43000083","1","523879","0213059","1","E18000006","E40000007","E92000001","E12000006","5","E14001573","E15000006","E24000005","E30000272","E16000150","E07000241","26ULGL","E00121437","26ULGL","E65000001","E01023918","E02004985","5","2A1","E00121437","E01023918","E02004985","E33024478","E38000049","E63011463","C1","2C2",51.802460,-0.204797,"E37000048","","E23000027",19249,"E56000035","E54000025","E00190232","E01023918","E02004985"
"AL8 6NE","AL8  6NE","AL8 6NE","198001","","E10000015","E58000623","E07000241","E05011060","E43000083","0","523829","0212797","1","E18000006","E40000007","E92000001","E12000006","5","E14001573","E15000006","E24000005","E30000272","E16000150","E07000241","26ULGL","E00121437","26ULGL","E65000001","E01023918","E02004985","5","2A1","E00121437","E01023918","E02004985","E33024476","E38000049","E63011463","C1","2C2",51.800123,-0.205591,"E37000048","","E23000027",19249,"E56000035","E54000025","E00190232","E01023918","E02004985"
"AL8 6NF","AL8  6NF","AL8 6NF","198504","200103","E10000015","E58000623","E07000241","E05011060","E43000083","1","523800","0212900","5","E18000006","E40000007","E92000001","E12000006","5","E14001573","E15000006","E24000005","E30000272","E16000150","E07000241","26ULGL","E00121437","26ULGL","E65000001","E01023918","E02004985","5","2A1","E00121437","E01023918","E02004985","E33024475","E38000049","E63011463","C1","2C2",51.801049,-0.205999,"E37000048","","E23000027",19249,"E56000035","E54000025","E00190227","E01023918","E02004985"
"AL8 6NG","AL8  6NG","AL8 6NG","199606","199806","E10000015","E58000623","E07000241","E05011060","E43000083","1","523255","0212463","6","E18000006","E40000007","E92000001","E12000006","5","E14001573","E15000006","E24000005","E30000272","E16000150","E07000241","26ULGL","E00121447","26ULGL","E65000001","E01023917","E02004985","5","4D2","E00121447","E01023917","E02004985","E33027640","E38000049","E63011463","C1","6B4",51.797242,-0.214054,"E37000048","","E23000027",25419,"E56000035","E54000025","E00121447","E01023917","E02004985"
"AL8 6NH","AL8  6NH","AL8 6NH","198001","201606","E10000015","E58000623","E07000241","E05011060","E43000083","0","523848","0212998","1","E18000006","E40000007","E92000001","E12000006","5","E14001573","E15000006","E24000005","E30000272","E16000150","E07000241","26ULGL","E00121437","26ULGL","E65000001","E01023918","E02004985","5","2A1","E00121437","E01023918","E02004985","E33024478","E38000049","E63011463","C1","2C2",51.801919,-0.205269,"E37000048","","E23000027",19249,"E56000035","E54000025","E00190232","E01023918","E02004985"
"AL8 6NJ","AL8  6NJ","AL8 6NJ","198604","200402","E10000015","E58000623","E07000241","E05011069","E43000083","1","524487","0213299","1","E18000006","E40000007","E92000001","E12000006","5","E14001573","E15000006","E24000005","E30000272","E16000150","E07000241","26ULGX","E00121637","26ULGX","E65000001","E01023954","E02004986","5","5B2","E00121637","E01023954","E02004986","E33024496","E38000049","E63011463","C1","7A3",51.804482,-0.195898,"E37000048","","E23000027",7164,"E56000035","E54000025","E00190264","E01035604","E02004986"
"AL8 6NL","AL8  6NL","AL8 6NL","198001","200310","E10000015","E58000623","E07000241","E05011060","E43000083","1","523848","0212998","1","E18000006","E40000007","E92000001","E12000006","5","E14001573","E15000006","E24000005","E30000272","E16000150","E07000241","26ULGL","E00121437","26ULGL","E65000001","E01023918","E02004985","5","2A1","E00121437","E01023918","E02004985","E33024478","E38000049","E63011463","C1","2C2",51.801919,-0.205269,"E37000048","","E23000027",19249,"E56000035","E54000025","E00190232","E01023918","E02004985"
"AL8 6NN","AL8  6NN","AL8 6NN","198001","200509","E10000015","E58000623","E07000241","E05011060","E43000083","1","523848","0212998","1","E18000006","E40000007","E92000001","E12000006","5","E14001573","E15000006","E24000005","E30000272","E16000150","E07000241","26ULGL","E00121437","26ULGL","E65000001","E01023918","E02004985","5","2A1","E00121437","E01023918","E02004985","E33024478","E38000049","E63011463","C1","2C2",51.801919,-0.205269,"E37000048","","E23000027",19249,"E56000035","E54000025","E00190232","E01023918","E02004985"
"AL8 6NP","AL8  6NP","AL8 6NP","198001","200105","E10000015","E58000623","E07000241","E05011060","E43000083","1","523820","0212862","1","E18000006","E40000007","E92000001","E12000006","5","E14001573","E15000006","E24000005","E30000272","E16000150","E07000241","26ULGL","E00121437","26ULGL","E65000001","E01023918","E02004985","5","2A1","E00121437","E01023918","E02004985","E33024476","E38000049","E63011463","C1","2C2",51.800703,-0.205723,"E37000048","","E23000027",19249,"E56000035","E54000025","E00190232","E01023918","E02004985"
"AL8 6NQ","AL8  6NQ","AL8 6NQ","198001","","E10000015","E58000623","E07000241","E05011060","E43000083","0","523870","0213077","1","E18000006","E40000007","E92000001","E12000006","5","E14001573","E15000006","E24000005","E30000272","E16000150","E07000241","26ULGL","E00121437","26ULGL","E65000001","E01023918","E02004985","5","2A1","E00121437","E01023918","E02004985","E33024478","E38000049","E63011463","C1","2C2",51.802624,-0.204922,"E37000048","","E23000027",19249,"E56000035","E54000025","E00190232","E01023918","E02004985"
"AL8 6NR","AL8  6NR","AL8 6NR","198001","200402","E10000015","E58000623","E07000241","E05011069","E43000083","1","524487","0213299","1","E18000006","E40000007","E92000001","E12000006","5","E14001573","E15000006","E24000005","E30000272","E16000150","E07000241","26ULGX","E00121637","26ULGX","E65000001","E01023954","E02004986","5","5B2","E00121637","E01023954","E02004986","E33024496","E38000049","E63011463","C1","7A3",51.804482,-0.195898,"E37000048","","E23000027",7164,"E56000035","E54000025","E00190264","E01035604","E02004986"
"AL8 6NS","AL8  6NS","AL8 6NS","198001","","E10000015","E58000623","E07000241","E05011060","E43000083","0","523814","0212869","1","E18000006","E40000007","E92000001","E12000006","5","E14001573","E15000006","E24000005","E30000272","E16000150","E07000241","26ULGL","E00121437","26ULGL","E65000001","E01023918","E02004985","5","2A1","E00121437","E01023918","E02004985","E33024475","E38000049","E63011463","C1","2C2",51.800772,-0.205682,"E37000048","","E23000027",19249,"E56000035","E54000025","E00190232","E01023918","E02004985"
"AL8 6NT","AL8  6NT","AL8 6NT","199007","","E10000015","E58000623","E07000241","E05011060","E43000083","0","523714","0212769","1","E18000006","E40000007","E92000001","E12000006","5","E14001573","E15000006","E24000005","E30000272","E16000150","E07000241","26ULGL","E00121443","26ULGL","E65000001","E01023918","E02004985","5","6D1","E00121443","E01023918","E02004985","E33027640","E38000049","E63011463","C1","5A2",51.799891,-0.207293,"E37000048","","E23000027",19249,"E56000035","E54000025","E00121443","E01023918","E02004985"
"AL8 6NU","AL8  6NU","AL8 6NU","198001","","E10000015","E58000623","E07000241","E05011060","E43000083","0","523783","0212877","1","E18000006","E40000007","E92000001","E12000006","5","E14001573","E15000006","E24000005","E30000272","E16000150","E07000241","26ULGL","E00121437","26ULGL","E65000001","E01023918","E02004985","5","2A1","E00121437","E01023918","E02004985","E33024475","E38000049","E63011463","C1","2C2",51.800852,-0.206230,"E37000048","","E23000027",19249,"E56000035","E54000025","E00190227","E01023918","E02004985"
"AL8 6NW","AL8  6NW","AL8 6NW","199002","199501","E10000015","E58000623","E07000241","E05011060","E43000083","1","523800","0212900","8","E18000006","E40000007","E92000001","E12000006","5","E14001573","E15000006","E24000005","E30000272","E16000150","E07000241","26ULGL","E00121437","26ULGL","E65000001","E01023918","E02004985","5","2A1","E00121437","E01023918","E02004985","E33024475","E38000049","E63011463","C1","2C2",51.801049,-0.205999,"E37000048","","E23000027",19249,"E56000035","E54000025","E00190227","E01023918","E02004985"
"AL8 6NX","AL8  6NX","AL8 6NX","198001","199501","E10000015","E58000623","E07000241","E05011060","E43000083","1","523700","0212800","8","E18000006","E40000007","E92000001","E12000006","5","E14001573","E15000006","E24000005","E30000272","E16000150","E07000241","26ULGL","E00121443","26ULGL","E65000001","E01023918","E02004985","5","6D1","E00121443","E01023918","E02004985","E33027640","E38000049","E63011463","C1","5A2",51.800172,-0.207484,"E37000048","","E23000027",19249,"E56000035","E54000025","E00121443","E01023918","E02004985"
"AL8 6NY","AL8  6NY","AL8 6NY","201701","","E10000015","E58000623","E07000241","E05011060","E43000083","0","523787","0212893","1","E18000006","E40000007","E92000001","E12000006","5","E14001573","E15000006","E24000005","E30000272","E16000150","E07000241","26ULGL","E00121437","26ULGL","E65000001","E01023918","E02004985","5","2A1","E00121437","E01023918","E02004985","E33024475","E38000049","E63011463","C1","2C2",51.800995,-0.206166,"E37000048","","E23000027",19249,"E56000035","E54000025","E00190227","E01023918","E02004985"
"AL8 6NZ","AL8  6NZ","AL8 6NZ","199007","199507","E10000015","E58000623","E07000241","E05011060","E43000083","0","523700","0212800","8","E18000006","E40000007","E92000001","E12000006","5","E14001573","E15000006","E24000005","E30000272","E16000150","E07000241","26ULGL","E00121443","26ULGL","E65000001","E01023918","E02004985","5","6D1","E00121443","E01023918","E02004985","E33027640","E38000049","E63011463","C1","5A2",51.800172,-0.207484,"E37000048","","E23000027",19249,"E56000035","E54000025","E00121443","E01023918","E02004985"
"AL8 6PA","AL8  6PA","AL8 6PA","198001","","E10000015","E58000623","E07000241","E05011060","E43000083","0","523777","0212914","1","E18000006","E40000007","E92000001","E12000006","5","E14001573","E15000006","E24000005","E30000272","E16000150","E07000241","26ULGL","E00121437","26ULGL","E65000001","E01023918","E02004985","5","2A1","E00121437","E01023918","E02004985","E33024475","E38000049","E63011463","C1","2C2",51.801180,-0.206328,"E37000048","","E23000027",19249,"E56000035","E54000025","E00190227","E01023918","E02004985"
"AL8 6PB","AL8  6PB","AL8 6PB","198001","","E10000015","E58000623","E07000241","E05011060","E43000083","0","523777","0212914","1","E18000006","E40000007","E92000001","E12000006","5","E14001573","E15000006","E24000005","E30000272","E16000150","E07000241","26ULGL","E00121437","26ULGL","E65000001","E01023918","E02004985","5","2A1","E00121437","E01023918","E02004985","E33024475","E38000049","E63011463","C1","2C2",51.801180,-0.206328,"E37000048","","E23000027",19249,"E56000035","E54000025","E00190227","E01023918","E02004985"
"AL8 6PD","AL8  6PD","AL8 6PD","198001","","E10000015","E58000623","E07000241","E05011060","E43000083","0","523816","0212997","1","E18000006","E40000007","E92000001","E12000006","5","E14001573","E15000006","E24000005","E30000272","E16000150","E07000241","26ULGL","E00121439","26ULGL","E65000001","E01023918","E02004985","5","4D2","E00121439","E01023918","E02004985","E33024483","E38000049","E63011463","C1","5B1",51.801917,-0.205733,"E37000048","","E23000027",19249,"E56000035","E54000025","E00121439","E01023918","E02004985"
"AL8 6PE","AL8  6PE","AL8 6PE","199002","200112","E10000015","E58000623","E07000241","E05011060","E43000083","1","523834","0213251","1","E18000006","E40000007","E92000001","E12000006","5","E14001573","E15000006","E24000005","E30000272","E16000150","E07000241","26ULGL","E00121437","26ULGL","E65000001","E01023918","E02004985","5","2A1","E00121437","E01023918","E02004985","E33024480","E38000049","E63011463","C1","2C2",51.804196,-0.205381,"E37000048","","E23000027",19249,"E56000035","E54000025","E00190322","E01023918","E02004985"
"AL8 6PF","AL8  6PF","AL8 6PF","199208","199212","E10000015","E58000623","E07000241","E05011060","E43000083","1","523800","0213100","8","E18000006","E40000007","E92000001","E12000006","5","E14001573","E15000006","E24000005","E30000272","E16000150","E07000241","26ULGL","E00121439","26ULGL","E65000001","E01023918","E02004985","5","4D2","E00121439","E01023918","E02004985","E33024483","E38000049","E63011463","C1","5B1",51.802846,-0.205928,"E37000048","","E23000027",19249,"E56000035","E54000025","E00121439","E01023918","E02004985"
"AL8 6PG","AL8  6PG","AL8 6PG","198001","","E10000015","E58000623","E07000241","E05011060","E43000083","0","523760","0213031","1","E18000006","E40000007","E92000001","E12000006","5","E14001573","E15000006","E24000005","E30000272","E16000150","E07000241","26ULGL","E00121439","26ULGL","E65000001","E01023918","E02004985","5","4D2","E00121439","E01023918","E02004985","E33024483","E38000049","E63011463","C1","5B1",51.802235,-0.206532,"E37000048","","E23000027",19249,"E56000035","E54000025","E00121439","E01023918","E02004985"
"AL8 6PH","AL8  6PH","AL8 6PH","198001","","E10000015","E58000623","E07000241","E05011060","E43000083","0","523733","0213066","1","E18000006","E40000007","E92000001","E12000006","5","E14001573","E15000006","E24000005","E30000272","E16000150","E07000241","26ULGL","E00121439","26ULGL","E65000001","E01023918","E02004985","5","4D2","E00121439","E01023918","E02004985","E33024483","E38000049","E63011463","C1","5B1",51.802557,-0.206998,"E37000048","","E23000027",19249,"E56000035","E54000025","E00121439","E01023918","E02004985"
"AL8 6PJ","AL8  6PJ","AL8 6PJ","200112","201012","E10000015","E58000623","E07000241","E05011060","E43000083","0","523644","0212894","1","E18000006","E40000007","E92000001","E12000006","5","E14001573","E15000006","E24000005","E30000272","E16000150","E07000241","26ULGL","E00121437","26ULGL","E65000001","E01023918","E02004985","5","2A1","E00121437","E01023918","E02004985","E33024477","E38000049","E63011463","C1","2C2",51.801029,-0.208263,"E37000048","","E23000027",19249,"E56000035","E54000025","E00190227","E01023918","E02004985"
"AL8 6PL","AL8  6PL","AL8 6PL","198001","","E10000015","E58000623","E07000241","E05011060","E43000083","0","523721","0212900","1","E18000006","E40000007","E92000001","E12000006","5","E14001573","E15000006","E24000005","E30000272","E16000150","E07000241","26ULGL","E00121437","26ULGL","E65000001","E01023918","E02004985","5","2A1","E00121437","E01023918","E02004985","E33024477","E38000049","E63011463","C1","2C2",51.801196,-0.207522,"E37000048","","E23000027",19249,"E56000035","E54000025","E00190227","E01023918","E02004985"
"AL8 6PN","AL8  6PN","AL8 6PN","199712","199812","E10000015","E58000623","E07000241","E05011060","E43000083","1","523275","0212475","6","E18000006","E40000007","E92000001","E12000006","5","E14001573","E15000006","E24000005","E30000272","E16000150","E07000241","26ULGL","E00121447","26ULGL","E65000001","E01023917","E02004985","5","4D2","E00121447","E01023917","E02004985","E33027640","E38000049","E63011463","C1","6B4",51.797345,-0.213760,"E37000048","","E23000027",25419,"E56000035","E54000025","E00121447","E01023917","E02004985"
"AL8 6PP","AL8  6PP","AL8 6PP","199606","200408","E10000015","E58000623","E07000241","E05011069","E43000083","1","524487","0213299","1","E18000006","E40000007","E92000001","E12000006","5","E14001573","E15000006","E24000005","E30000272","E16000150","E07000241","26ULGX","E00121637","26ULGX","E65000001","E01023954","E02004986","5","5B2","E00121637","E01023954","E02004986","E33024496","E38000049","E63011463","C1","7A3",51.804482,-0.195898,"E37000048","","E23000027",7164,"E56000035","E54000025","E00190264","E01035604","E02004986"
"AL8 6PQ","AL8  6PQ","AL8 6PQ","198001","202004","E10000015","E58000623","E07000241","E05011069","E43000083","1","524487","0213299","1","E18000006","E40000007","E92000001","E12000006","5","E14001573","E15000006","E24000005","E30000272","E16000150","E07000241","26ULGX","E00121637","26ULGX","E65000001","E01023954","E02004986","5","5B2","E00121637","E01023954","E02004986","E33024496","E38000049","E63011463","C1","7A3",51.804482,-0.195898,"E37000048","","E23000027",7164,"E56000035","E54000025","E00190264","E01035604","E02004986"
"AL8 6PR","AL8  6PR","AL8 6PR","198106","","E10000015","E58000623","E07000241","E05011060","E43000083","0","523626","0212820","1","E18000006","E40000007","E92000001","E12000006","5","E14001573","E15000006","E24000005","E30000272","E16000150","E07000241","26ULGL","E00121439","26ULGL","E65000001","E01023918","E02004985","5","4D2","E00121439","E01023918","E02004985","E33024482","E38000049","E63011463","C1","5B1",51.800375,-0.208526,"E37000048","","E23000027",19249,"E56000035","E54000025","E00121439","E01023918","E02004985"
"AL8 6PS","AL8  6PS","AL8 6PS","198001","","E10000015","E58000623","E07000241","E05011060","E43000083","0","523743","0212872","1","E18000006","E40000007","E92000001","E12000006","5","E14001573","E15000006","E24000005","E30000272","E16000150","E07000241","26ULGL","E00121437","26ULGL","E65000001","E01023918","E02004985","5","2A1","E00121437","E01023918","E02004985","E33024477","E38000049","E63011463","C1","2C2",51.800816,-0.206811,"E37000048","","E23000027",19249,"E56000035","E54000025","E00190227","E01023918","E02004985"
"AL8 6PT","AL8  6PT","AL8 6PT","199606","200508","E10000015","E58000623","E07000241","E05011060","E43000083","0","523794","0212817","1","E18000006","E40000007","E92000001","E12000006","5","E14001573","E15000006","E24000005","E30000272","E16000150","E07000241","26ULGL","E00121437","26ULGL","E65000001","E01023918","E02004985","5","2A1","E00121437","E01023918","E02004985","E33024476","E38000049","E63011463","C1","2C2",51.800304,-0.206116,"E37000048","","E23000027",19249,"E56000035","E54000025","E00190232","E01023918","E02004985"
"AL8 6PU","AL8  6PU","AL8 6PU","198001","201606","E10000015","E58000623","E07000241","E05011060","E43000083","0","523848","0212998","1","E18000006","E40000007","E92000001","E12000006","5","E14001573","E15000006","E24000005","E30000272","E16000150","E07000241","26ULGL","E00121437","26ULGL","E65000001","E01023918","E02004985","5","2A1","E00121437","E01023918","E02004985","E33024478","E38000049","E63011463","C1","2C2",51.801919,-0.205269,"E37000048","","E23000027",19249,"E56000035","E54000025","E00190232","E01023918","E02004985"
"AL8 6PW","AL8  6PW","AL8 6PW","198001","201012","E10000015","E58000623","E07000241","E05011060","E43000083","0","523665","0212880","1","E18000006","E40000007","E92000001","E12000006","5","E14001573","E15000006","E24000005","E30000272","E16000150","E07000241","26ULGL","E00121437","26ULGL","E65000001","E01023918","E02004985","5","2A1","E00121437","E01023918","E02004985","E33024477","E38000049","E63011463","C1","2C2",51.800899,-0.207963,"E37000048","","E23000027",19249,"E56000035","E54000025","E00190227","E01023918","E02004985"
"AL8 6PX","AL8  6PX","AL8 6PX","199612","200006","E10000015","E58000623","E07000241","E05011060","E43000083","1","523288","0212482","6","E18000006","E40000007","E92000001","E12000006","5","E14001573","E15000006","E24000005","E30000272","E16000150","E07000241","26ULGL","E00121447","26ULGL","E65000001","E01023917","E02004985","5","4D2","E00121447","E01023917","E02004985","E33027640","E38000049","E63011463","C1","6B4",51.797405,-0.213569,"E37000048","","E23000027",25419,"E56000035","E54000025","E00121447","E01023917","E02004985"
"AL8 6PY","AL8  6PY","AL8 6PY","198001","200105","E10000015","E58000623","E07000241","E05011060","E43000083","1","523717","0213021","1","E18000006","E40000007","E92000001","E12000006","5","E14001573","E15000006","E24000005","E30000272","E16000150","E07000241","26ULGL","E00121439","26ULGL","E65000001","E01023918","E02004985","5","4D2","E00121439","E01023918","E02004985","E33024483","E38000049","E63011463","C1","5B1",51.802155,-0.207159,"E37000048","","E23000027",19249,"E56000035","E54000025","E00121439","E01023918","E02004985"
"AL8 6PZ","AL8  6PZ","AL8 6PZ","198001","","E10000015","E58000623","E07000241","E05011060","E43000083","0","523826","0212821","1","E18000006","E40000007","E92000001","E12000006","5","E14001573","E15000006","E24000005","E30000272","E16000150","E07000241","26ULGL","E00121437","26ULGL","E65000001","E01023918","E02004985","5","2A1","E00121437","E01023918","E02004985","E33024476","E38000049","E63011463","C1","2C2",51.800340,-0.205626,"E37000048","","E23000027",19249,"E56000035","E54000025","E00190232","E01023918","E02004985"
"AL8 6QA","AL8  6QA","AL8 6QA","199101","","E10000015","E58000623","E07000241","E05011060","E43000083","0","523543","0213099","1","E18000006","E40000007","E92000001","E12000006","5","E14001573","E15000006","E24000005","E30000272","E16000150","E07000241","26ULGL","E00121439","26ULGL","E65000001","E01023918","E02004985","5","4D2","E00121439","E01023918","E02004985","E33024482","E38000049","E63011463","C1","5B1",51.802894,-0.209654,"E37000048","","E23000027",19249,"E56000035","E54000025","E00121439","E01023918","E02004985"
"AL8 6QF","AL8  6QF","AL8 6QF","199405","199712","E10000015","E58000623","E07000241","E05011060","E43000083","1","523255","0212463","6","E18000006","E40000007","E92000001","E12000006","5","E14001573","E15000006","E24000005","E30000272","E16000150","E07000241","26ULGL","E00121447","26ULGL","E65000001","E01023917","E02004985","5","4D2","E00121447","E01023917","E02004985","E33027640","E38000049","E63011463","C1","6B4",51.797242,-0.214054,"E37000048","","E23000027",25419,"E56000035","E54000025","E00121447","E01023917","E02004985"
"AL8 6QG","AL8  6QG","AL8 6QG","199501","200808","E10000015","E58000623","E07000241","E05011069","E43000083","1","524487","0213299","1","E18000006","E40000007","E92000001","E12000006","5","E14001573","E15000006","E24000005","E30000272","E16000150","E07000241","26ULGX","E00121637","26ULGX","E65000001","E01023954","E02004986","5","5B2","E00121637","E01023954","E02004986","E33024496","E38000049","E63011463","C1","7A3",51.804482,-0.195898,"E37000048","","E23000027",7164,"E56000035","E54000025","E00190264","E01035604","E02004986"
"AL8 6QH","AL8  6QH","AL8 6QH","199512","200211","E10000015","E58000623","E07000241","E05011069","E43000083","1","524487","0213299","1","E18000006","E40000007","E92000001","E12000006","5","E14001573","E15000006","E24000005","E30000272","E16000150","E07000241","26ULGX","E00121637","26ULGX","E65000001","E01023954","E02004986","5","5B2","E00121637","E01023954","E02004986","E33024496","E38000049","E63011463","C1","7A3",51.804482,-0.195898,"E37000048","","E23000027",7164,"E56000035","E54000025","E00190264","E01035604","E02004986"
"AL8 6QJ","AL8  6QJ","AL8 6QJ","198001","","E10000015","E58000623","E07000241","E05011060","E43000083","0","523498","0212841","1","E18000006","E40000007","E92000001","E12000006","5","E14001573","E15000006","E24000005","E30000272","E16000150","E07000241","26ULGL","E00121439","26ULGL","E65000001","E01023918","E02004985","5","4D2","E00121439","E01023918","E02004985","E33024482","E38000049","E63011463","C1","5B1",51.800592,-0.210374,"E37000048","","E23000027",19249,"E56000035","E54000025","E00121439","E01023918","E02004985"
"AL8 6QL","AL8  6QL","AL8 6QL","198001","","E10000015","E58000623","E07000241","E05011060","E43000083","0","523485","0212953","1","E18000006","E40000007","E92000001","E12000006","5","E14001573","E15000006","E24000005","E30000272","E16000150","E07000241","26ULGL","E00121439","26ULGL","E65000001","E01023918","E02004985","5","4D2","E00121439","E01023918","E02004985","E33024482","E38000049","E63011463","C1","5B1",51.801601,-0.210522,"E37000048","","E23000027",19249,"E56000035","E54000025","E00121439","E01023918","E02004985"
"AL8 6QN","AL8  6QN","AL8 6QN","198504","","E10000015","E58000623","E07000241","E05011060","E43000083","0","523509","0213007","1","E18000006","E40000007","E92000001","E12000006","5","E14001573","E15000006","E24000005","E30000272","E16000150","E07000241","26ULGL","E00121439","26ULGL","E65000001","E01023918","E02004985","5","4D2","E00121439","E01023918","E02004985","E33024482","E38000049","E63011463","C1","5B1",51.802075,-0.210179,"E37000048","","E23000027",19249,"E56000035","E54000025","E00121439","E01023918","E02004985"
"AL8 6QP","AL8  6QP","AL8 6QP","198001","199507","E10000015","E58000623","E07000241","E05011060","E43000083","1","523500","0213100","8","E18000006","E40000007","E92000001","E12000006","5","E14001573","E15000006","E24000005","E30000272","E16000150","E07000241","26ULGL","E00121439","26ULGL","E65000001","E01023918","E02004985","5","4D2","E00121439","E01023918","E02004985","E33024482","E38000049","E63011463","C1","5B1",51.802912,-0.210277,"E37000048","","E23000027",19249,"E56000035","E54000025","E00121439","E01023918","E02004985"
"AL8 6QQ","AL8  6QQ","AL8 6QQ","199507","199912","E10000015","E58000623","E07000241","E05011060","E43000083","1","523288","0212482","6","E18000006","E40000007","E92000001","E12000006","5","E14001573","E15000006","E24000005","E30000272","E16000150","E07000241","26ULGL","E00121447","26ULGL","E65000001","E01023917","E02004985","5","4D2","E00121447","E01023917","E02004985","E33027640","E38000049","E63011463","C1","6B4",51.797405,-0.213569,"E37000048","","E23000027",25419,"E56000035","E54000025","E00121447","E01023917","E02004985"
"AL8 6QR","AL8  6QR","AL8 6QR","198504","","E10000015","E58000623","E07000241","E05011060","E43000083","0","523509","0213166","1","E18000006","E40000007","E92000001","E12000006","5","E14001573","E15000006","E24000005","E30000272","E16000150","E07000241","26ULGL","E00121439","26ULGL","E65000001","E01023918","E02004985","5","4D2","E00121439","E01023918","E02004985","E33024482","E38000049","E63011463","C1","5B1",51.803510,-0.210099,"E37000048","","E23000027",19249,"E56000035","E54000025","E00121439","E01023918","E02004985"
"AL8 6QS","AL8  6QS","AL8 6QS","198001","","E10000015","E58000623","E07000241","E05011060","E43000083","0","523465","0213143","1","E18000006","E40000007","E92000001","E12000006","5","E14001573","E15000006","E24000005","E30000272","E16000150","E07000241","26ULGL","E00121439","26ULGL","E65000001","E01023918","E02004985","5","4D2","E00121439","E01023918","E02004985","E33024482","E38000049","E63011463","C1","5B1",51.803313,-0.210745,"E37000048","","E23000027",19249,"E56000035","E54000025","E00121439","E01023918","E02004985"
"AL8 6QT","AL8  6QT","AL8 6QT","198001","","E10000015","E58000623","E07000241","E05011060","E43000083","0","523416","0213086","1","E18000006","E40000007","E92000001","E12000006","5","E14001573","E15000006","E24000005","E30000272","E16000150","E07000241","26ULGL","E00121439","26ULGL","E65000001","E01023918","E02004985","5","4D2","E00121439","E01023918","E02004985","E33024482","E38000049","E63011463","C1","5B1",51.802812,-0.211475,"E37000048","","E23000027",19249,"E56000035","E54000025","E00121439","E01023918","E02004985"
"AL8 6QU","AL8  6QU","AL8 6QU","198001","","E10000015","E58000623","E07000241","E05011060","E43000083","0","523279","0213098","1","E18000006","E40000007","E92000001","E12000006","5","E14001573","E15000006","E24000005","E30000272","E16000150","E07000241","26ULGL","E00121457","26ULGL","E65000001","E01023919","E02004985","5","4B3","E00121457","E01023919","E02004985","E33027641","E38000049","E63011463","C1","6A1",51.802950,-0.213457,"E37000048","","E23000027",32599,"E56000035","E54000025","E00121457","E01023919","E02004985"
"AL8 6QW","AL8  6QW","AL8 6QW","198001","","E10000015","E58000623","E07000241","E05011060","E43000083","0","523543","0213146","1","E18000006","E40000007","E92000001","E12000006","5","E14001573","E15000006","E24000005","E30000272","E16000150","E07000241","26ULGL","E00121439","26ULGL","E65000001","E01023918","E02004985","5","4D2","E00121439","E01023918","E02004985","E33024482","E38000049","E63011463","C1","5B1",51.803316,-0.209637,"E37000048","","E23000027",19249,"E56000035","E54000025","E00121439","E01023918","E02004985"
"AL8 6QX","AL8  6QX","AL8 6QX","198001","","E10000015","E58000623","E07000241","E05011060","E43000083","0","523246","0213068","1","E18000006","E40000007","E92000001","E12000006","5","E14001573","E15000006","E24000005","E30000272","E16000150","E07000241","26ULGL","E00121457","26ULGL","E65000001","E01023919","E02004985","5","4B3","E00121457","E01023919","E02004985","E33027641","E38000049","E63011463","C1","6A1",51.802687,-0.213946,"E37000048","","E23000027",32599,"E56000035","E54000025","E00121457","E01023919","E02004985"
"AL8 6QY","AL8  6QY","AL8 6QY","198001","","E10000015","E58000623","E07000241","E05011060","E43000083","0","523373","0213051","1","E18000006","E40000007","E92000001","E12000006","5","E14001573","E15000006","E24000005","E30000272","E16000150","E07000241","26ULGL","E00121439","26ULGL","E65000001","E01023918","E02004985","5","4D2","E00121439","E01023918","E02004985","E33024482","E38000049","E63011463","C1","5B1",51.802507,-0.212111,"E37000048","","E23000027",19249,"E56000035","E54000025","E00121439","E01023918","E02004985"
"AL8 6QZ","AL8  6QZ","AL8 6QZ","198001","","E10000015","E58000623","E07000241","E05011060","E43000083","0","523399","0213000","1","E18000006","E40000007","E92000001","E12000006","5","E14001573","E15000006","E24000005","E30000272","E16000150","E07000241","26ULGL","E00121439","26ULGL","E65000001","E01023918","E02004985","5","4D2","E00121439","E01023918","E02004985","E33024482","E38000049","E63011463","C1","5B1",51.802043,-0.211752,"E37000048","","E23000027",19249,"E56000035","E54000025","E00121439","E01023918","E02004985"
"AL8 6RA","AL8  6RA","AL8 6RA","198001","","E10000015","E58000623","E07000241","E05011060","E43000083","0","523440","0212954","1","E18000006","E40000007","E92000001","E12000006","5","E14001573","E15000006","E24000005","E30000272","E16000150","E07000241","26ULGL","E00121439","26ULGL","E65000001","E01023918","E02004985","5","4D2","E00121439","E01023918","E02004985","E33024482","E38000049","E63011463","C1","5B1",51.801620,-0.211174,"E37000048","","E23000027",19249,"E56000035","E54000025","E00121439","E01023918","E02004985"
"AL8 6RB","AL8  6RB","AL8 6RB","198001","","E10000015","E58000623","E07000241","E05011060","E43000083","0","523342","0212893","1","E18000006","E40000007","E92000001","E12000006","5","E14001573","E15000006","E24000005","E30000272","E16000150","E07000241","26ULGL","E00121440","26ULGL","E65000001","E01023918","E02004985","5","5B1","E00121440","E01023918","E02004985","E33027639","E38000049","E63011463","C1","7D1",51.801087,-0.212640,"E37000048","","E23000027",19249,"E56000035","E54000025","E00121440","E01023918","E02004985"
"AL8 6RD","AL8  6RD","AL8 6RD","199208","","E10000015","E58000623","E07000241","E05011060","E43000083","0","523820","0212873","1","E18000006","E40000007","E92000001","E12000006","5","E14001573","E15000006","E24000005","E30000272","E16000150","E07000241","26ULGL","E00121437","26ULGL","E65000001","E01023918","E02004985","5","2A1","E00121437","E01023918","E02004985","E33024475","E38000049","E63011463","C1","2C2",51.800802,-0.205719,"E37000048","","E23000027",19249,"E56000035","E54000025","E00190232","E01023918","E02004985"
"AL8 6RE","AL8  6RE","AL8 6RE","198001","","E10000015","E58000623","E07000241","E05011060","E43000083","0","523338","0212732","1","E18000006","E40000007","E92000001","E12000006","5","E14001573","E15000006","E24000005","E30000272","E16000150","E07000241","26ULGL","E00121440","26ULGL","E65000001","E01023918","E02004985","5","5B1","E00121440","E01023918","E02004985","E33027639","E38000049","E63011463","C1","7D1",51.799641,-0.212756,"E37000048","","E23000027",19249,"E56000035","E54000025","E00121440","E01023918","E02004985"
"AL8 6RF","AL8  6RF","AL8 6RF","198001","","E10000015","E58000623","E07000241","E05011060","E43000083","0","523272","0212834","1","E18000006","E40000007","E92000001","E12000006","5","E14001573","E15000006","E24000005","E30000272","E16000150","E07000241","26ULGL","E00121441","26ULGL","E65000001","E01023918","E02004985","5","5B2","E00121441","E01023918","E02004985","E33027639","E38000049","E63011463","C1","7A2",51.800579,-0.213652,"E37000048","","E23000027",19249,"E56000035","E54000025","E00121441","E01023918","E02004985"
"AL8 6RG","AL8  6RG","AL8 6RG","198001","","E10000015","E58000623","E07000241","E05011060","E43000083","0","523334","0212842","1","E18000006","E40000007","E92000001","E12000006","5","E14001573","E15000006","E24000005","E30000272","E16000150","E07000241","26ULGL","E00121441","26ULGL","E65000001","E01023918","E02004985","5","5B2","E00121441","E01023918","E02004985","E33027639","E38000049","E63011463","C1","7A2",51.800637,-0.212751,"E37000048","","E23000027",19249,"E56000035","E54000025","E00121441","E01023918","E02004985"
"AL8 6RH","AL8  6RH","AL8 6RH","198001","","E10000015","E58000623","E07000241","E05011060","E43000083","0","523397","0212841","1","E18000006","E40000007","E92000001","E12000006","5","E14001573","E15000006","E24000005","E30000272","E16000150","E07000241","26ULGL","E00121440","26ULGL","E65000001","E01023918","E02004985","5","5B1","E00121440","E01023918","E02004985","E33027639","E38000049","E63011463","C1","7D1",51.800614,-0.211838,"E37000048","","E23000027",19249,"E56000035","E54000025","E00121440","E01023918","E02004985"
"AL8 6RJ","AL8  6RJ","AL8 6RJ","198001","","E10000015","E58000623","E07000241","E05011060","E43000083","0","523451","0212817","1","E18000006","E40000007","E92000001","E12000006","5","E14001573","E15000006","E24000005","E30000272","E16000150","E07000241","26ULGL","E00121440","26ULGL","E65000001","E01023918","E02004985","5","5B1","E00121440","E01023918","E02004985","E33027639","E38000049","E63011463","C1","7D1",51.800380,-0.211088,"E37000048","","E23000027",19249,"E56000035","E54000025","E00121440","E01023918","E02004985"
"AL8 6RL","AL8  6RL","AL8 6RL","199612","200808","E10000015","E58000623","E07000241","E05011069","E43000083","1","524487","0213299","1","E18000006","E40000007","E92000001","E12000006","5","E14001573","E15000006","E24000005","E30000272","E16000150","E07000241","26ULGX","E00121637","26ULGX","E65000001","E01023954","E02004986","5","5B2","E00121637","E01023954","E02004986","E33024496","E38000049","E63011463","C1","7A3",51.804482,-0.195898,"E37000048","","E23000027",7164,"E56000035","E54000025","E00190264","E01035604","E02004986"
"AL8 6RP","AL8  6RP","AL8 6RP","198001","","E10000015","E58000623","E07000241","E05011060","E43000083","0","523218","0212649","1","E18000006","E40000007","E92000001","E12000006","5","E14001573","E15000006","E24000005","E30000272","E16000150","E07000241","26ULGL","E00121442","26ULGL","E65000001","E01023918","E02004985","5","5B2","E00121442","E01023918","E02004985","E33027639","E38000049","E63011463","C1","5B3",51.798928,-0.214500,"E37000048","","E23000027",19249,"E56000035","E54000025","E00121442","E01023918","E02004985"
"AL8 6RQ","AL8  6RQ","AL8 6RQ","198001","","E10000015","E58000623","E07000241","E05011060","E43000083","0","523343","0212777","1","E18000006","E40000007","E92000001","E12000006","5","E14001573","E15000006","E24000005","E30000272","E16000150","E07000241","26ULGL","E00121441","26ULGL","E65000001","E01023918","E02004985","5","5B2","E00121441","E01023918","E02004985","E33027639","E38000049","E63011463","C1","7A2",51.800044,-0.212667,"E37000048","","E23000027",19249,"E56000035","E54000025","E00121441","E01023918","E02004985"
"AL8 6RR","AL8  6RR","AL8 6RR","198001","","E10000015","E58000623","E07000241","E05011060","E43000083","0","523206","0212723","1","E18000006","E40000007","E92000001","E12000006","5","E14001573","E15000006","E24000005","E30000272","E16000150","E07000241","26ULGL","E00121442","26ULGL","E65000001","E01023918","E02004985","5","5B2","E00121442","E01023918","E02004985","E33027639","E38000049","E63011463","C1","5B3",51.799596,-0.214648,"E37000048","","E23000027",19249,"E56000035","E54000025","E00121442","E01023918","E02004985"
"AL8 6RS","AL8  6RS","AL8 6RS","198001","","E10000015","E58000623","E07000241","E05011060","E43000083","0","523200","0212770","1","E18000006","E40000007","E92000001","E12000006","5","E14001573","E15000006","E24000005","E30000272","E16000150","E07000241","26ULGL","E00121442","26ULGL","E65000001","E01023918","E02004985","5","5B2","E00121442","E01023918","E02004985","E33027639","E38000049","E63011463","C1","5B3",51.800019,-0.214718,"E37000048","","E23000027",19249,"E56000035","E54000025","E00121442","E01023918","E02004985"
"AL8 6RT","AL8  6RT","AL8 6RT","198001","","E10000015","E58000623","E07000241","E05011060","E43000083","0","523067","0212767","1","E18000006","E40000007","E92000001","E12000006","5","E14001573","E15000006","E24000005","E30000272","E16000150","E07000241","26ULGL","E00121436","26ULGL","E65000001","E01023919","E02004985","5","6B2","E00121436","E01023919","E02004985","E33027639","E38000049","E63011463","C1","5A2",51.800022,-0.216647,"E37000048","","E23000027",32599,"E56000035","E54000025","E00121436","E01023919","E02004985"
"AL8 6RU","AL8  6RU","AL8 6RU","198001","","E10000015","E58000623","E07000241","E05011060","E43000083","0","523043","0212815","1","E18000006","E40000007","E92000001","E12000006","5","E14001573","E15000006","E24000005","E30000272","E16000150","E07000241","26ULGL","E00121436","26ULGL","E65000001","E01023919","E02004985","5","6B2","E00121436","E01023919","E02004985","E33027639","E38000049","E63011463","C1","5A2",51.800458,-0.216978,"E37000048","","E23000027",32599,"E56000035","E54000025","E00121436","E01023919","E02004985"
"AL8 6RX","AL8  6RX","AL8 6RX","198001","","E10000015","E58000623","E07000241","E05011060","E43000083","0","522955","0212691","1","E18000006","E40000007","E92000001","E12000006","5","E14001573","E15000006","E24000005","E30000272","E16000150","E07000241","26ULGL","E00121436","26ULGL","E65000001","E01023919","E02004985","5","6B2","E00121436","E01023919","E02004985","E33027639","E38000049","E63011463","C1","5A2",51.799363,-0.218298,"E37000048","","E23000027",32599,"E56000035","E54000025","E00121436","E01023919","E02004985"
"AL8 6RY","AL8  6RY","AL8 6RY","198001","","E10000015","E58000623","E07000241","E05011060","E43000083","0","522935","0212723","1","E18000006","E40000007","E92000001","E12000006","5","E14001573","E15000006","E24000005","E30000272","E16000150","E07000241","26ULGL","E00121436","26ULGL","E65000001","E01023919","E02004985","5","6B2","E00121436","E01023919","E02004985","E33027639","E38000049","E63011463","C1","5A2",51.799655,-0.218576,"E37000048","","E23000027",32599,"E56000035","E54000025","E00121436","E01023919","E02004985"
"AL8 6RZ","AL8  6RZ","AL8 6RZ","198001","199507","E10000015","E58000623","E07000241","E05011060","E43000083","1","523400","0213100","8","E18000006","E40000007","E92000001","E12000006","5","E14001573","E15000006","E24000005","E30000272","E16000150","E07000241","26ULGL","E00121439","26ULGL","E65000001","E01023918","E02004985","5","4D2","E00121439","E01023918","E02004985","E33024482","E38000049","E63011463","C1","5B1",51.802935,-0.211726,"E37000048","","E23000027",19249,"E56000035","E54000025","E00121439","E01023918","E02004985"
"AL8 6SA","AL8  6SA","AL8 6SA","201111","","E10000015","E58000623","E07000241","E05011060","E43000083","0","523622","0212878","1","E18000006","E40000007","E92000001","E12000006","5","E14001573","E15000006","E24000005","E30000272","E16000150","E07000241","26ULGL","E00121437","26ULGL","E65000001","E01023918","E02004985","5","2A1","E00121437","E01023918","E02004985","E33024477","E38000049","E63011463","C1","2C2",51.800891,-0.208587,"E37000048","","E23000027",19249,"E56000035","E54000025","E00190227","E01023918","E02004985"
"AL8 6SB","AL8  6SB","AL8 6SB","199109","200006","E10000015","E58000623","E07000241","E05011060","E43000083","1","523288","0212482","6","E18000006","E40000007","E92000001","E12000006","5","E14001573","E15000006","E24000005","E30000272","E16000150","E07000241","26ULGL","E00121447","26ULGL","E65000001","E01023917","E02004985","5","4D2","E00121447","E01023917","E02004985","E33027640","E38000049","E63011463","C1","6B4",51.797405,-0.213569,"E37000048","","E23000027",25419,"E56000035","E54000025","E00121447","E01023917","E02004985"
"AL8 6SD","AL8  6SD","AL8 6SD","198301","199012","E10000015","E58000623","E07000241","E05011060","E43000083","1","523300","0213200","8","E18000006","E40000007","E92000001","E12000006","5","E14001573","E15000006","E24000005","E30000272","E16000150","E07000241","26ULGL","E00121456","26ULGL","E65000001","E01023919","E02004985","5","4D1","E00121456","E01023919","E02004985","E33027641","E38000049","E63011463","C1","5A2",51.803855,-0.213140,"E37000048","","E23000027",32599,"E56000035","E54000025","E00121456","E01023919","E02004985"
"AL8 6SE","AL8  6SE","AL8 6SE","198001","","E10000015","E58000623","E07000241","E05011060","E43000083","0","523396","0213176","1","E18000006","E40000007","E92000001","E12000006","5","E14001573","E15000006","E24000005","E30000272","E16000150","E07000241","26ULGL","E00121439","26ULGL","E65000001","E01023918","E02004985","5","4D2","E00121439","E01023918","E02004985","E33024482","E38000049","E63011463","C1","5B1",51.803625,-0.211733,"E37000048","","E23000027",19249,"E56000035","E54000025","E00121439","E01023918","E02004985"
"AL8 6SF","AL8  6SF","AL8 6SF","198001","","E10000015","E58000623","E07000241","E05011060","E43000083","0","523327","0213122","1","E18000006","E40000007","E92000001","E12000006","5","E14001573","E15000006","E24000005","E30000272","E16000150","E07000241","26ULGL","E00121456","26ULGL","E65000001","E01023919","E02004985","5","4D1","E00121456","E01023919","E02004985","E33027641","E38000049","E63011463","C1","5A2",51.803155,-0.212753,"E37000048","","E23000027",32599,"E56000035","E54000025","E00121456","E01023919","E02004985"
"AL8 6SG","AL8  6SG","AL8 6SG","198001","","E10000015","E58000623","E07000241","E05011060","E43000083","0","523449","0213180","1","E18000006","E40000007","E92000001","E12000006","5","E14001573","E15000006","E24000005","E30000272","E16000150","E07000241","26ULGL","E00121439","26ULGL","E65000001","E01023918","E02004985","5","4D2","E00121439","E01023918","E02004985","E33024482","E38000049","E63011463","C1","5B1",51.803649,-0.210963,"E37000048","","E23000027",19249,"E56000035","E54000025","E00121439","E01023918","E02004985"
"AL8 6SH","AL8  6SH","AL8 6SH","198001","","E10000015","E58000623","E07000241","E05011060","E43000083","0","523276","0212917","1","E18000006","E40000007","E92000001","E12000006","5","E14001573","E15000006","E24000005","E30000272","E16000150","E07000241","26ULGL","E00121441","26ULGL","E65000001","E01023918","E02004985","5","5B2","E00121441","E01023918","E02004985","E33027639","E38000049","E63011463","C1","7A2",51.801324,-0.213565,"E37000048","","E23000027",19249,"E56000035","E54000025","E00121441","E01023918","E02004985"
"AL8 6SJ","AL8  6SJ","AL8 6SJ","198001","","E10000015","E58000623","E07000241","E05011060","E43000083","0","523244","0212934","1","E18000006","E40000007","E92000001","E12000006","5","E14001573","E15000006","E24000005","E30000272","E16000150","E07000241","26ULGL","E00121441","26ULGL","E65000001","E01023918","E02004985","5","5B2","E00121441","E01023918","E02004985","E33027639","E38000049","E63011463","C1","7A2",51.801484,-0.214022,"E37000048","","E23000027",19249,"E56000035","E54000025","E00121441","E01023918","E02004985"
"AL8 6SL","AL8  6SL","AL8 6SL","198001","","E10000015","E58000623","E07000241","E05011060","E43000083","0","523110","0212859","1","E18000006","E40000007","E92000001","E12000006","5","E14001573","E15000006","E24000005","E30000272","E16000150","E07000241","26ULGL","E00121457","26ULGL","E65000001","E01023919","E02004985","5","4B3","E00121457","E01023919","E02004985","E33027641","E38000049","E63011463","C1","6A1",51.800839,-0.215991,"E37000048","","E23000027",32599,"E56000035","E54000025","E00121457","E01023919","E02004985"
"AL8 6SN","AL8  6SN","AL8 6SN","198001","","E10000015","E58000623","E07000241","E05011060","E43000083","0","523155","0212820","1","E18000006","E40000007","E92000001","E12000006","5","E14001573","E15000006","E24000005","E30000272","E16000150","E07000241","26ULGL","E00121457","26ULGL","E65000001","E01023919","E02004985","5","4B3","E00121457","E01023919","E02004985","E33027641","E38000049","E63011463","C1","6A1",51.800479,-0.215353,"E37000048","","E23000027",32599,"E56000035","E54000025","E00121457","E01023919","E02004985"
"AL8 6SP","AL8  6SP","AL8 6SP","198001","","E10000015","E58000623","E07000241","E05011060","E43000083","0","523148","0212656","1","E18000006","E40000007","E92000001","E12000006","5","E14001573","E15000006","E24000005","E30000272","E16000150","E07000241","26ULGL","E00121442","26ULGL","E65000001","E01023918","E02004985","5","5B2","E00121442","E01023918","E02004985","E33027639","E38000049","E63011463","C1","5B3",51.799006,-0.215513,"E37000048","","E23000027",19249,"E56000035","E54000025","E00121442","E01023918","E02004985"
"AL8 6SQ","AL8  6SQ","AL8 6SQ","198001","","E10000015","E58000623","E07000241","E05011060","E43000083","0","523318","0213185","1","E18000006","E40000007","E92000001","E12000006","5","E14001573","E15000006","E24000005","E30000272","E16000150","E07000241","26ULGL","E00121456","26ULGL","E65000001","E01023919","E02004985","5","4D1","E00121456","E01023919","E02004985","E33027641","E38000049","E63011463","C1","5A2",51.803723,-0.212861,"E37000048","","E23000027",32599,"E56000035","E54000025","E00121456","E01023919","E02004985"
"AL8 6SR","AL8  6SR","AL8 6SR","198001","","E10000015","E58000623","E07000241","E05011060","E43000083","0","523075","0212682","1","E18000006","E40000007","E92000001","E12000006","5","E14001573","E15000006","E24000005","E30000272","E16000150","E07000241","26ULGL","E00121436","26ULGL","E65000001","E01023919","E02004985","5","6B2","E00121436","E01023919","E02004985","E33027639","E38000049","E63011463","C1","5A2",51.799256,-0.216561,"E37000048","","E23000027",32599,"E56000035","E54000025","E00121436","E01023919","E02004985"
"AL8 6SS","AL8  6SS","AL8 6SS","198001","","E10000015","E58000623","E07000241","E05011060","E43000083","0","523061","0212605","1","E18000006","E40000007","E92000001","E12000006","5","E14001573","E15000006","E24000005","E30000272","E16000150","E07000241","26ULGL","E00121442","26ULGL","E65000001","E01023918","E02004985","5","5B2","E00121442","E01023918","E02004985","E33027639","E38000049","E63011463","C1","5B3",51.798561,-0.216816,"E37000048","","E23000027",19249,"E56000035","E54000025","E00121442","E01023918","E02004985"
"AL8 6ST","AL8  6ST","AL8 6ST","198001","","E10000015","E58000623","E07000241","E05011060","E43000083","0","523260","0212587","1","E18000006","E40000007","E92000001","E12000006","5","E14001573","E15000006","E24000005","E30000272","E16000150","E07000241","26ULGL","E00121442","26ULGL","E65000001","E01023918","E02004985","5","5B2","E00121442","E01023918","E02004985","E33027639","E38000049","E63011463","C1","5B3",51.798362,-0.213914,"E37000048","","E23000027",19249,"E56000035","E54000025","E00121442","E01023918","E02004985"
"AL8 6SU","AL8  6SU","AL8 6SU","198001","","E10000015","E58000623","E07000241","E05011060","E43000083","0","523234","0212620","1","E18000006","E40000007","E92000001","E12000006","5","E14001573","E15000006","E24000005","E30000272","E16000150","E07000241","26ULGL","E00121442","26ULGL","E65000001","E01023918","E02004985","5","5B2","E00121442","E01023918","E02004985","E33027639","E38000049","E63011463","C1","5B3",51.798664,-0.214279,"E37000048","","E23000027",19249,"E56000035","E54000025","E00121442","E01023918","E02004985"
"AL8 6SW","AL8  6SW","AL8 6SW","198001","","E10000015","E58000623","E07000241","E05011060","E43000083","0","523122","0212749","1","E18000006","E40000007","E92000001","E12000006","5","E14001573","E15000006","E24000005","E30000272","E16000150","E07000241","26ULGL","E00121436","26ULGL","E65000001","E01023919","E02004985","5","6B2","E00121436","E01023919","E02004985","E33027639","E38000049","E63011463","C1","5A2",51.799848,-0.215856,"E37000048","","E23000027",32599,"E56000035","E54000025","E00121436","E01023919","E02004985"
"AL8 6SX","AL8  6SX","AL8 6SX","198001","199012","E10000015","E58000623","E07000241","E05011060","E43000083","1","523100","0212500","8","E18000006","E40000007","E92000001","E12000006","5","E14001573","E15000006","E24000005","E30000272","E16000150","E07000241","26ULGL","E00121442","26ULGL","E65000001","E01023918","E02004985","5","5B2","E00121442","E01023918","E02004985","E33027639","E38000049","E63011463","C1","5B3",51.797609,-0.216288,"E37000048","","E23000027",19249,"E56000035","E54000025","E00121442","E01023918","E02004985"
"AL8 6SY","AL8  6SY","AL8 6SY","198001","","E10000015","E58000623","E07000241","E05011060","E43000083","0","523072","0212500","1","E18000006","E40000007","E92000001","E12000006","5","E14001573","E15000006","E24000005","E30000272","E16000150","E07000241","26ULGL","E00121436","26ULGL","E65000001","E01023919","E02004985","5","6B2","E00121436","E01023919","E02004985","E33027639","E38000049","E63011463","C1","5A2",51.797621,-0.216669,"E37000048","","E23000027",32599,"E56000035","E54000025","E00121436","E01023919","E02004985"
"AL8 6SZ","AL8  6SZ","AL8 6SZ","198001","","E10000015","E58000623","E07000241","E05011060","E43000083","0","523019","0212330","1","E18000006","E40000007","E92000001","E12000006","5","E14001573","E15000006","E24000005","E30000272","E16000150","E07000241","26ULGL","E00121445","26ULGL","E65000001","E01023917","E02004985","5","6D1","E00121445","E01023917","E02004985","E33027639","E38000049","E63011463","C1","5B3",51.796105,-0.217498,"E37000048","","E23000027",25419,"E56000035","E54000025","E00121445","E01023917","E02004985"
"AL8 6TA","AL8  6TA","AL8 6TA","198001","","E10000015","E58000623","E07000241","E05011060","E43000083","0","523001","0212239","1","E18000006","E40000007","E92000001","E12000006","5","E14001573","E15000006","E24000005","E30000272","E16000150","E07000241","26ULGL","E00121445","26ULGL","E65000001","E01023917","E02004985","5","6D1","E00121445","E01023917","E02004985","E33027639","E38000049","E63011463","C1","5B3",51.795291,-0.217791,"E37000048","","E23000027",25419,"E56000035","E54000025","E00121445","E01023917","E02004985"
"AL8 6TB","AL8  6TB","AL8 6TB","198001","","E10000015","E58000623","E07000241","E05011060","E43000083","0","522965","0212316","1","E18000006","E40000007","E92000001","E12000006","5","E14001573","E15000006","E24000005","E30000272","E16000150","E07000241","26ULGL","E00121445","26ULGL","E65000001","E01023917","E02004985","5","6D1","E00121445","E01023917","E02004985","E33027639","E38000049","E63011463","C1","5B3",51.795991,-0.218285,"E37000048","","E23000027",25419,"E56000035","E54000025","E00121445","E01023917","E02004985"
"AL8 6TD","AL8  6TD","AL8 6TD","198001","","E10000015","E58000623","E07000241","E05011060","E43000083","0","522803","0212060","1","E18000006","E40000007","E92000001","E12000006","5","E14001573","E15000006","E24000005","E30000272","E16000150","E07000241","26ULGL","E00121450","26ULGL","E65000001","E01023916","E02004985","5","1C3","E00121450","E01023916","E02004985","E33027639","E38000049","E63011463","C1","8A1",51.793726,-0.220724,"E37000048","","E23000027",23804,"E56000035","E54000025","E00121450","E01023916","E02004985"
"AL8 6TE","AL8  6TE","AL8 6TE","198001","","E10000015","E58000623","E07000241","E05011060","E43000083","0","522839","0212046","1","E18000006","E40000007","E92000001","E12000006","5","E14001573","E15000006","E24000005","E30000272","E16000150","E07000241","26ULGL","E00121450","26ULGL","E65000001","E01023916","E02004985","5","1C3","E00121450","E01023916","E02004985","E33027639","E38000049","E63011463","C1","8A1",51.793592,-0.220207,"E37000048","","E23000027",23804,"E56000035","E54000025","E00121450","E01023916","E02004985"
"AL8 6TF","AL8  6TF","AL8 6TF","198001","","E10000015","E58000623","E07000241","E05011060","E43000083","0","522731","0211956","1","E18000006","E40000007","E92000001","E12000006","5","E14001573","E15000006","E24000005","E30000272","E16000150","E07000241","26ULGL","E00121450","26ULGL","E65000001","E01023916","E02004985","5","1C3","E00121450","E01023916","E02004985","E33027639","E38000049","E63011463","C1","8A1",51.792807,-0.221804,"E37000048","","E23000027",23804,"E56000035","E54000025","E00121450","E01023916","E02004985"
"AL8 6TG","AL8  6TG","AL8 6TG","198001","","E10000015","E58000623","E07000241","E05011060","E43000083","0","522681","0211957","1","E18000006","E40000007","E92000001","E12000006","5","E14001573","E15000006","E24000005","E30000272","E16000150","E07000241","26ULGL","E00121448","26ULGL","E65000001","E01023916","E02004985","5","1B1","E00121448","E01023916","E02004985","E33027639","E38000049","E63011463","C1","8D2",51.792821,-0.222552,"E37000048","","E23000027",23804,"E56000035","E54000025","E00121448","E01023916","E02004985"
"AL8 6TL","AL8  6TL","AL8 6TL","198704","","E10000015","E58000623","E07000241","E05011060","E43000083","0","523175","0212532","1","E18000006","E40000007","E92000001","E12000006","5","E14001573","E15000006","E24000005","E30000272","E16000150","E07000241","26ULGL","E00121442","26ULGL","E65000001","E01023918","E02004985","5","5B2","E00121442","E01023918","E02004985","E33027639","E38000049","E63011463","C1","5B3",51.797880,-0.215189,"E37000048","","E23000027",19249,"E56000035","E54000025","E00121442","E01023918","E02004985"
"AL8 6TN","AL8  6TN","AL8 6TN","198704","","E10000015","E58000623","E07000241","E05011060","E43000083","0","523214","0212549","1","E18000006","E40000007","E92000001","E12000006","5","E14001573","E15000006","E24000005","E30000272","E16000150","E07000241","26ULGL","E00121442","26ULGL","E65000001","E01023918","E02004985","5","5B2","E00121442","E01023918","E02004985","E33027639","E38000049","E63011463","C1","5B3",51.798024,-0.214618,"E37000048","","E23000027",19249,"E56000035","E54000025","E00121442","E01023918","E02004985"
"AL8 6TP","AL8  6TP","AL8 6TP","200106","","E10000015","E58000623","E07000241","E05011060","E43000083","1","523730","0213142","1","E18000006","E40000007","E92000001","E12000006","5","E14001573","E15000006","E24000005","E30000272","E16000150","E07000241","26ULGL","E00121437","26ULGL","E65000001","E01023918","E02004985","5","2A1","E00121437","E01023918","E02004985","E33024479","E38000049","E63011463","C1","2C2",51.803239,-0.206928,"E37000048","","E23000027",19249,"E56000035","E54000025","E00190322","E01023918","E02004985"
"AL8 6TR","AL8  6TR","AL8 6TR","198001","","E10000015","E58000623","E07000241","E05011060","E43000083","0","523749","0213177","1","E18000006","E40000007","E92000001","E12000006","5","E14001573","E15000006","E24000005","E30000272","E16000150","E07000241","26ULGL","E00121437","26ULGL","E65000001","E01023918","E02004985","5","2A1","E00121437","E01023918","E02004985","E33024479","E38000049","E63011463","C1","2C2",51.803549,-0.206640,"E37000048","","E23000027",19249,"E56000035","E54000025","E00190322","E01023918","E02004985"
"AL8 6TS","AL8  6TS","AL8 6TS","198001","","E10000015","E58000623","E07000241","E05011060","E43000083","0","523749","0213177","1","E18000006","E40000007","E92000001","E12000006","5","E14001573","E15000006","E24000005","E30000272","E16000150","E07000241","26ULGL","E00121437","26ULGL","E65000001","E01023918","E02004985","5","2A1","E00121437","E01023918","E02004985","E33024479","E38000049","E63011463","C1","2C2",51.803549,-0.206640,"E37000048","","E23000027",19249,"E56000035","E54000025","E00190322","E01023918","E02004985"
"AL8 6TT","AL8  6TT","AL8 6TT","198001","199012","E10000015","E58000623","E07000241","E05011060","E43000083","1","523700","0213100","8","E18000006","E40000007","E92000001","E12000006","5","E14001573","E15000006","E24000005","E30000272","E16000150","E07000241","26ULGL","E00121439","26ULGL","E65000001","E01023918","E02004985","5","4D2","E00121439","E01023918","E02004985","E33024482","E38000049","E63011463","C1","5B1",51.802868,-0.207378,"E37000048","","E23000027",19249,"E56000035","E54000025","E00121439","E01023918","E02004985"
"AL8 6TU","AL8  6TU","AL8 6TU","198001","","E10000015","E58000623","E07000241","E05011060","E43000083","1","523826","0212821","1","E18000006","E40000007","E92000001","E12000006","5","E14001573","E15000006","E24000005","E30000272","E16000150","E07000241","26ULGL","E00121437","26ULGL","E65000001","E01023918","E02004985","5","2A1","E00121437","E01023918","E02004985","E33024476","E38000049","E63011463","C1","2C2",51.800340,-0.205626,"E37000048","","E23000027",19249,"E56000035","E54000025","E00190232","E01023918","E02004985"
"AL8 6TW","AL8  6TW","AL8 6TW","198504","198612","E10000015","E58000623","E07000241","E05011060","E43000083","1","523500","0212800","8","E18000006","E40000007","E92000001","E12000006","5","E14001573","E15000006","E24000005","E30000272","E16000150","E07000241","26ULGL","E00121439","26ULGL","E65000001","E01023918","E02004985","5","4D2","E00121439","E01023918","E02004985","E33024482","E38000049","E63011463","C1","5B1",51.800216,-0.210383,"E37000048","","E23000027",19249,"E56000035","E54000025","E00121439","E01023918","E02004985"
"AL8 6TX","AL8  6TX","AL8 6TX","199201","200310","E10000015","E58000623","E07000241","E05011060","E43000083","1","523848","0212998","1","E18000006","E40000007","E92000001","E12000006","5","E14001573","E15000006","E24000005","E30000272","E16000150","E07000241","26ULGL","E00121437","26ULGL","E65000001","E01023918","E02004985","5","2A1","E00121437","E01023918","E02004985","E33024478","E38000049","E63011463","C1","2C2",51.801919,-0.205269,"E37000048","","E23000027",19249,"E56000035","E54000025","E00190232","E01023918","E02004985"
"AL8 6TY","AL8  6TY","AL8 6TY","198704","199906","E10000015","E58000623","E07000241","E05011060","E43000083","0","523524","0212575","1","E18000006","E40000007","E92000001","E12000006","5","E14001573","E15000006","E24000005","E30000272","E16000150","E07000241","26ULGL","E00121446","26ULGL","E65000001","E01023917","E02004985","5","6D1","E00121446","E01023917","E02004985","E33027640","E38000049","E63011463","C1","5B3",51.798189,-0.210116,"E37000048","","E23000027",25419,"E56000035","E54000025","E00121446","E01023917","E02004985"
"AL8 6TZ","AL8  6TZ","AL8 6TZ","199706","199912","E10000015","E58000623","E07000241","E05011060","E43000083","1","523288","0212482","6","E18000006","E40000007","E92000001","E12000006","5","E14001573","E15000006","E24000005","E30000272","E16000150","E07000241","26ULGL","E00121447","26ULGL","E65000001","E01023917","E02004985","5","4D2","E00121447","E01023917","E02004985","E33027640","E38000049","E63011463","C1","6B4",51.797405,-0.213569,"E37000048","","E23000027",25419,"E56000035","E54000025","E00121447","E01023917","E02004985"
"AL8 6UA","AL8  6UA","AL8 6UA","199007","199112","E10000015","E58000623","E07000241","E05011060","E43000083","1","523500","0213200","8","E18000006","E40000007","E92000001","E12000006","5","E14001573","E15000006","E24000005","E30000272","E16000150","E07000241","26ULGL","E00121439","26ULGL","E65000001","E01023918","E02004985","5","4D2","E00121439","E01023918","E02004985","E33024482","E38000049","E63011463","C1","5B1",51.803811,-0.210241,"E37000048","","E23000027",19249,"E56000035","E54000025","E00121439","E01023918","E02004985"
"AL8 6UB","AL8  6UB","AL8 6UB","198001","","E10000015","E58000623","E07000241","E05011060","E43000083","0","523601","0213228","1","E18000006","E40000007","E92000001","E12000006","5","E14001573","E15000006","E24000005","E30000272","E16000150","E07000241","26ULGL","E00121439","26ULGL","E65000001","E01023918","E02004985","5","4D2","E00121439","E01023918","E02004985","E33024482","E38000049","E63011463","C1","5B1",51.804040,-0.208767,"E37000048","","E23000027",19249,"E56000035","E54000025","E00121439","E01023918","E02004985"
"AL8 6UD","AL8  6UD","AL8 6UD","198001","199501","E10000015","E58000623","E07000241","E05011060","E43000083","1","523500","0213200","8","E18000006","E40000007","E92000001","E12000006","5","E14001573","E15000006","E24000005","E30000272","E16000150","E07000241","26ULGL","E00121439","26ULGL","E65000001","E01023918","E02004985","5","4D2","E00121439","E01023918","E02004985","E33024482","E38000049","E63011463","C1","5B1",51.803811,-0.210241,"E37000048","","E23000027",19249,"E56000035","E54000025","E00121439","E01023918","E02004985"
"AL8 6UE","AL8  6UE","AL8 6UE","198001","199012","E10000015","E58000623","E07000241","E05011060","E43000083","1","523500","0213200","8","E18000006","E40000007","E92000001","E12000006","5","E14001573","E15000006","E24000005","E30000272","E16000150","E07000241","26ULGL","E00121439","26ULGL","E65000001","E01023918","E02004985","5","4D2","E00121439","E01023918","E02004985","E33024482","E38000049","E63011463","C1","5B1",51.803811,-0.210241,"E37000048","","E23000027",19249,"E56000035","E54000025","E00121439","E01023918","E02004985"
"AL8 6UG","AL8  6UG","AL8 6UG","198001","","E10000015","E58000623","E07000241","E05011060","E43000083","0","523453","0213276","1","E18000006","E40000007","E92000001","E12000006","5","E14001573","E15000006","E24000005","E30000272","E16000150","E07000241","26ULGL","E00121439","26ULGL","E65000001","E01023918","E02004985","5","4D2","E00121439","E01023918","E02004985","E33024482","E38000049","E63011463","C1","5B1",51.804511,-0.210871,"E37000048","","E23000027",19249,"E56000035","E54000025","E00121439","E01023918","E02004985"
"AL8 6UH","AL8  6UH","AL8 6UH","198001","","E10000015","E58000623","E07000241","E05011060","E43000083","0","523280","0213245","1","E18000006","E40000007","E92000001","E12000006","5","E14001573","E15000006","E24000005","E30000272","E16000150","E07000241","26ULGL","E00121456","26ULGL","E65000001","E01023919","E02004985","5","4D1","E00121456","E01023919","E02004985","E33027641","E38000049","E63011463","C1","5A2",51.804271,-0.213390,"E37000048","","E23000027",32599,"E56000035","E54000025","E00121456","E01023919","E02004985"
"AL8 6UJ","AL8  6UJ","AL8 6UJ","198001","","E10000015","E58000623","E07000241","E05011060","E43000083","0","523387","0213344","1","E18000006","E40000007","E92000001","E12000006","5","E14001573","E15000006","E24000005","E30000272","E16000150","E07000241","26ULGL","E00121455","26ULGL","E65000001","E01023918","E02004985","5","5A2","E00121455","E01023918","E02004985","E33027641","E38000049","E63011463","C1","7D4",51.805130,-0.211828,"E37000048","","E23000027",19249,"E56000035","E54000025","E00121455","E01023918","E02004985"
"AL8 6UL","AL8  6UL","AL8 6UL","198001","","E10000015","E58000623","E07000241","E05011060","E43000083","0","523470","0213345","1","E18000006","E40000007","E92000001","E12000006","5","E14001573","E15000006","E24000005","E30000272","E16000150","E07000241","26ULGL","E00121455","26ULGL","E65000001","E01023918","E02004985","5","5A2","E00121455","E01023918","E02004985","E33027641","E38000049","E63011463","C1","7D4",51.805121,-0.210624,"E37000048","","E23000027",19249,"E56000035","E54000025","E00121455","E01023918","E02004985"
"AL8 6UN","AL8  6UN","AL8 6UN","199109","","E10000015","E58000623","E07000241","E05011060","E43000083","0","523895","0213137","1","E18000006","E40000007","E92000001","E12000006","5","E14001573","E15000006","E24000005","E30000272","E16000150","E07000241","26ULGL","E00121437","26ULGL","E65000001","E01023918","E02004985","5","2A1","E00121437","E01023918","E02004985","E33024478","E38000049","E63011463","C1","2C2",51.803164,-0.204514,"E37000048","","E23000027",19249,"E56000035","E54000025","E00190232","E01023918","E02004985"
"AL8 6UQ","AL8  6UQ","AL8 6UQ","198001","199507","E10000015","E58000623","E07000241","E05011060","E43000083","1","523500","0213200","8","E18000006","E40000007","E92000001","E12000006","5","E14001573","E15000006","E24000005","E30000272","E16000150","E07000241","26ULGL","E00121439","26ULGL","E65000001","E01023918","E02004985","5","4D2","E00121439","E01023918","E02004985","E33024482","E38000049","E63011463","C1","5B1",51.803811,-0.210241,"E37000048","","E23000027",19249,"E56000035","E54000025","E00121439","E01023918","E02004985"
"AL8 6UR","AL8  6UR","AL8 6UR","198001","","E10000015","E58000623","E07000241","E05011060","E43000083","0","523272","0213285","1","E18000006","E40000007","E92000001","E12000006","5","E14001573","E15000006","E24000005","E30000272","E16000150","E07000241","26ULGL","E00121456","26ULGL","E65000001","E01023919","E02004985","5","4D1","E00121456","E01023919","E02004985","E33027641","E38000049","E63011463","C1","5A2",51.804632,-0.213492,"E37000048","","E23000027",32599,"E56000035","E54000025","E00121456","E01023919","E02004985"
"AL8 6US","AL8  6US","AL8 6US","200401","200701","E10000015","E58000623","E07000241","E05011069","E43000083","1","524487","0213299","1","E18000006","E40000007","E92000001","E12000006","5","E14001573","E15000006","E24000005","E30000272","E16000150","E07000241","26ULGX","E00121637","26ULGX","E65000001","E01023954","E02004986","5","5B2","E00121637","E01023954","E02004986","E33024496","E38000049","E63011463","C1","7A3",51.804482,-0.195898,"E37000048","","E23000027",7164,"E56000035","E54000025","E00190264","E01035604","E02004986"
"AL8 6UX","AL8  6UX","AL8 6UX","200707","","E10000015","E58000623","E07000241","E05011060","E43000083","0","522775","0211762","1","E18000006","E40000007","E92000001","E12000006","5","E14001573","E15000006","E24000005","E30000272","E16000150","E07000241","26ULGL","E00121452","26ULGL","E65000001","E01023916","E02004985","5","5B3","E00121452","E01023916","E02004985","E33024484","E38000049","E63011463","C1","7A2",51.791048,-0.221259,"E37000048","","E23000027",23804,"E56000035","E54000025","E00121452","E01023916","E02004985"
"AL8 6UY","AL8  6UY","AL8 6UY","198001","199501","E10000015","E58000623","E07000241","E05011060","E43000083","1","523400","0212000","8","E18000006","E40000007","E92000001","E12000006","5","E14001573","E15000006","E24000005","E30000272","E16000150","E07000241","26ULGL","E00121451","26ULGL","E65000001","E01023917","E02004985","5","6B2","E00121451","E01023917","E02004985","E33027640","E38000049","E63011463","C1","5A2",51.793049,-0.212117,"E37000048","","E23000027",25419,"E56000035","E54000025","E00121451","E01023917","E02004985"
"AL8 6UZ","AL8  6UZ","AL8 6UZ","198001","","E10000015","E58000623","E07000241","E05011060","E43000083","0","523058","0211939","1","E18000006","E40000007","E92000001","E12000006","5","E14001573","E15000006","E24000005","E30000272","E16000150","E07000241","26ULGL","E00121453","26ULGL","E65000001","E01023916","E02004985","5","1C1","E00121453","E01023916","E02004985","E33027639","E38000049","E63011463","C1","8C1",51.792576,-0.217095,"E37000048","","E23000027",23804,"E56000035","E54000025","E00121453","E01023916","E02004985"
"AL8 6WA","AL8  6WA","AL8 6WA","200112","201002","E10000015","E58000623","E07000241","E05011069","E43000083","1","524487","0213299","1","E18000006","E40000007","E92000001","E12000006","5","E14001573","E15000006","E24000005","E30000272","E16000150","E07000241","26ULGX","E00121637","26ULGX","E65000001","E01023954","E02004986","5","5B2","E00121637","E01023954","E02004986","E33024496","E38000049","E63011463","C1","7A3",51.804482,-0.195898,"E37000048","","E23000027",7164,"E56000035","E54000025","E00190264","E01035604","E02004986"
"AL8 6WB","AL8  6WB","AL8 6WB","200112","202101","E10000015","E58000623","E07000241","E05011069","E43000083","1","524487","0213299","1","E18000006","E40000007","E92000001","E12000006","5","E14001573","E15000006","E24000005","E30000272","E16000150","E07000241","26ULGX","E00121637","26ULGX","E65000001","E01023954","E02004986","5","5B2","E00121637","E01023954","E02004986","E33024496","E38000049","E63011463","C1","7A3",51.804482,-0.195898,"E37000048","","E23000027",7164,"E56000035","E54000025","E00190264","E01035604","E02004986"
"AL8 6WD","AL8  6WD","AL8 6WD","200206","200601","E10000015","E58000623","E07000241","E05011060","E43000083","1","523054","0211946","5","E18000006","E40000007","E92000001","E12000006","5","E14001573","E15000006","E24000005","E30000272","E16000150","E07000241","26ULGL","E00121453","26ULGL","E65000001","E01023916","E02004985","5","1C1","E00121453","E01023916","E02004985","E33027639","E38000049","E63011463","C1","8C1",51.792640,-0.217151,"E37000048","","E23000027",23804,"E56000035","E54000025","E00121453","E01023916","E02004985"
"AL8 6WE","AL8  6WE","AL8 6WE","200308","200602","E10000015","E58000623","E07000241","E05011060","E43000083","1","523054","0211946","5","E18000006","E40000007","E92000001","E12000006","5","E14001573","E15000006","E24000005","E30000272","E16000150","E07000241","26ULGL","E00121453","26ULGL","E65000001","E01023916","E02004985","5","1C1","E00121453","E01023916","E02004985","E33027639","E38000049","E63011463","C1","8C1",51.792640,-0.217151,"E37000048","","E23000027",23804,"E56000035","E54000025","E00121453","E01023916","E02004985"
"AL8 6WJ","AL8  6WJ","AL8 6WJ","200405","200806","E10000015","E58000623","E07000241","E05011069","E43000083","1","524487","0213299","1","E18000006","E40000007","E92000001","E12000006","5","E14001573","E15000006","E24000005","E30000272","E16000150","E07000241","26ULGX","E00121637","26ULGX","E65000001","E01023954","E02004986","5","5B2","E00121637","E01023954","E02004986","E33024496","E38000049","E63011463","C1","7A3",51.804482,-0.195898,"E37000048","","E23000027",7164,"E56000035","E54000025","E00190264","E01035604","E02004986"
"AL8 6WN","AL8  6WN","AL8 6WN","200310","200402","E10000015","E58000623","E07000241","E05011060","E43000083","1","523054","0211946","5","E18000006","E40000007","E92000001","E12000006","5","E14001573","E15000006","E24000005","E30000272","E16000150","E07000241","26ULGL","E00121453","26ULGL","E65000001","E01023916","E02004985","5","1C1","E00121453","E01023916","E02004985","E33027639","E38000049","E63011463","C1","8C1",51.792640,-0.217151,"E37000048","","E23000027",23804,"E56000035","E54000025","E00121453","E01023916","E02004985"
"AL8 6WQ","AL8  6WQ","AL8 6WQ","200308","200407","E10000015","E58000623","E07000241","E05011060","E43000083","1","523054","0211946","5","E18000006","E40000007","E92000001","E12000006","5","E14001573","E15000006","E24000005","E30000272","E16000150","E07000241","26ULGL","E00121453","26ULGL","E65000001","E01023916","E02004985","5","1C1","E00121453","E01023916","E02004985","E33027639","E38000049","E63011463","C1","8C1",51.792640,-0.217151,"E37000048","","E23000027",23804,"E56000035","E54000025","E00121453","E01023916","E02004985"
"AL8 6WT","AL8  6WT","AL8 6WT","200405","200601","E10000015","E58000623","E07000241","E05011060","E43000083","1","523054","0211946","5","E18000006","E40000007","E92000001","E12000006","5","E14001573","E15000006","E24000005","E30000272","E16000150","E07000241","26ULGL","E00121453","26ULGL","E65000001","E01023916","E02004985","5","1C1","E00121453","E01023916","E02004985","E33027639","E38000049","E63011463","C1","8C1",51.792640,-0.217151,"E37000048","","E23000027",23804,"E56000035","E54000025","E00121453","E01023916","E02004985"
"AL8 6WW","AL8  6WW","AL8 6WW","200501","","E10000015","E58000623","E07000241","E05011060","E43000083","0","522694","0211763","1","E18000006","E40000007","E92000001","E12000006","5","E14001573","E15000006","E24000005","E30000272","E16000150","E07000241","26ULGL","E00121454","26ULGL","E65000001","E01023916","E02004985","5","1C3","E00121454","E01023916","E02004985","E33027639","E38000049","E63011463","C1","5A2",51.791075,-0.222433,"E37000048","","E23000027",23804,"E56000035","E54000025","E00121454","E01023916","E02004985"
"AL8 6WX","AL8  6WX","AL8 6WX","200502","","E10000015","E58000623","E07000241","E05011060","E43000083","1","523834","0213251","1","E18000006","E40000007","E92000001","E12000006","5","E14001573","E15000006","E24000005","E30000272","E16000150","E07000241","26ULGL","E00121437","26ULGL","E65000001","E01023918","E02004985","5","2A1","E00121437","E01023918","E02004985","E33024480","E38000049","E63011463","C1","2C2",51.804196,-0.205381,"E37000048","","E23000027",19249,"E56000035","E54000025","E00190322","E01023918","E02004985"
"AL8 6WY","AL8  6WY","AL8 6WY","200408","201409","E10000015","E58000623","E07000241","E05011069","E43000083","1","524487","0213299","1","E18000006","E40000007","E92000001","E12000006","5","E14001573","E15000006","E24000005","E30000272","E16000150","E07000241","26ULGX","E00121637","26ULGX","E65000001","E01023954","E02004986","5","5B2","E00121637","E01023954","E02004986","E33024496","E38000049","E63011463","C1","7A3",51.804482,-0.195898,"E37000048","","E23000027",7164,"E56000035","E54000025","E00190264","E01035604","E02004986"
"AL8 6WZ","AL8  6WZ","AL8 6WZ","200302","200507","E10000015","E58000623","E07000241","E05011060","E43000083","1","523054","0211946","5","E18000006","E40000007","E92000001","E12000006","5","E14001573","E15000006","E24000005","E30000272","E16000150","E07000241","26ULGL","E00121453","26ULGL","E65000001","E01023916","E02004985","5","1C1","E00121453","E01023916","E02004985","E33027639","E38000049","E63011463","C1","8C1",51.792640,-0.217151,"E37000048","","E23000027",23804,"E56000035","E54000025","E00121453","E01023916","E02004985"
"AL8 6XA","AL8  6XA","AL8 6XA","199906","","E10000015","E58000623","E07000241","E05011060","E43000083","0","523499","0212029","1","E18000006","E40000007","E92000001","E12000006","5","E14001573","E15000006","E24000005","E30000272","E16000150","E07000241","26ULGL","E00121451","26ULGL","E65000001","E01023917","E02004985","5","6B2","E00121451","E01023917","E02004985","E33027640","E38000049","E63011463","C1","5A2",51.793288,-0.210672,"E37000048","","E23000027",25419,"E56000035","E54000025","E00121451","E01023917","E02004985"
"AL8 6XB","AL8  6XB","AL8 6XB","198001","","E10000015","E58000623","E07000241","E05011060","E43000083","0","523412","0212013","1","E18000006","E40000007","E92000001","E12000006","5","E14001573","E15000006","E24000005","E30000272","E16000150","E07000241","26ULGL","E00121451","26ULGL","E65000001","E01023917","E02004985","5","6B2","E00121451","E01023917","E02004985","E33027640","E38000049","E63011463","C1","5A2",51.793170,-0.211914,"E37000048","","E23000027",25419,"E56000035","E54000025","E00121451","E01023917","E02004985"
"AL8 6XD","AL8  6XD","AL8 6XD","198001","","E10000015","E58000623","E07000241","E05011060","E43000083","0","523386","0211958","1","E18000006","E40000007","E92000001","E12000006","5","E14001573","E15000006","E24000005","E30000272","E16000150","E07000241","26ULGL","E00121451","26ULGL","E65000001","E01023917","E02004985","5","6B2","E00121451","E01023917","E02004985","E33027640","E38000049","E63011463","C1","5A2",51.792681,-0.212311,"E37000048","","E23000027",25419,"E56000035","E54000025","E00121451","E01023917","E02004985"
"AL8 6XE","AL8  6XE","AL8 6XE","198001","","E10000015","E58000623","E07000241","E05011060","E43000083","1","523342","0211738","1","E18000006","E40000007","E92000001","E12000006","5","E14001573","E15000006","E24000005","E30000272","E16000150","E07000241","26ULGL","E00121452","26ULGL","E65000001","E01023916","E02004985","5","5B3","E00121452","E01023916","E02004985","E33024484","E38000049","E63011463","C1","7A2",51.790708,-0.213051,"E37000048","","E23000027",23804,"E56000035","E54000025","E00121452","E01023916","E02004985"
"AL8 6XF","AL8  6XF","AL8 6XF","198001","","E10000015","E58000623","E07000241","E05011060","E43000083","1","523062","0211340","1","E18000006","E40000007","E92000001","E12000006","5","E14001573","E15000006","E24000005","E30000272","E16000150","E07000241","26ULGL","E00121452","26ULGL","E65000001","E01023916","E02004985","5","5B3","E00121452","E01023916","E02004985","E33024484","E38000049","E63011463","C1","7A2",51.787192,-0.217249,"E37000048","","E23000027",23804,"E56000035","E54000025","E00121452","E01023916","E02004985"
"AL8 6XG","AL8  6XG","AL8 6XG","198001","","E10000015","E58000623","E07000241","E05011060","E43000083","0","523268","0212018","1","E18000006","E40000007","E92000001","E12000006","5","E14001573","E15000006","E24000005","E30000272","E16000150","E07000241","26ULGL","E00121449","26ULGL","E65000001","E01023917","E02004985","5","4A2","E00121449","E01023917","E02004985","E33027640","E38000049","E63011463","C1","6B2",51.793246,-0.213999,"E37000048","","E23000027",25419,"E56000035","E54000025","E00121449","E01023917","E02004985"
"AL8 6XH","AL8  6XH","AL8 6XH","198001","","E10000015","E58000623","E07000241","E05011060","E43000083","0","523167","0211877","1","E18000006","E40000007","E92000001","E12000006","5","E14001573","E15000006","E24000005","E30000272","E16000150","E07000241","26ULGL","E00121452","26ULGL","E65000001","E01023916","E02004985","5","5B3","E00121452","E01023916","E02004985","E33024484","E38000049","E63011463","C1","7A2",51.792002,-0.215513,"E37000048","","E23000027",23804,"E56000035","E54000025","E00121452","E01023916","E02004985"
"AL8 6XJ","AL8  6XJ","AL8 6XJ","198001","","E10000015","E58000623","E07000241","E05011060","E43000083","0","523111","0211792","1","E18000006","E40000007","E92000001","E12000006","5","E14001573","E15000006","E24000005","E30000272","E16000150","E07000241","26ULGL","E00121452","26ULGL","E65000001","E01023916","E02004985","5","5B3","E00121452","E01023916","E02004985","E33024484","E38000049","E63011463","C1","7A2",51.791244,-0.216379,"E37000048","","E23000027",23804,"E56000035","E54000025","E00121452","E01023916","E02004985"
"AL8 6XL","AL8  6XL","AL8 6XL","198001","","E10000015","E58000623","E07000241","E05011060","E43000083","0","523021","0211705","1","E18000006","E40000007","E92000001","E12000006","5","E14001573","E15000006","E24000005","E30000272","E16000150","E07000241","26ULGL","E00121452","26ULGL","E65000001","E01023916","E02004985","5","5B3","E00121452","E01023916","E02004985","E33024484","E38000049","E63011463","C1","7A2",51.790482,-0.217714,"E37000048","","E23000027",23804,"E56000035","E54000025","E00121452","E01023916","E02004985"
"AL8 6XN","AL8  6XN","AL8 6XN","198001","","E10000015","E58000623","E07000241","E05011060","E43000083","0","522950","0211806","1","E18000006","E40000007","E92000001","E12000006","5","E14001573","E15000006","E24000005","E30000272","E16000150","E07000241","26ULGL","E00121454","26ULGL","E65000001","E01023916","E02004985","5","1C3","E00121454","E01023916","E02004985","E33027639","E38000049","E63011463","C1","5A2",51.791411,-0.218683,"E37000048","","E23000027",23804,"E56000035","E54000025","E00121454","E01023916","E02004985"
"AL8 6XP","AL8  6XP","AL8 6XP","198001","","E10000015","E58000623","E07000241","E05011060","E43000083","0","522821","0211934","1","E18000006","E40000007","E92000001","E12000006","5","E14001573","E15000006","E24000005","E30000272","E16000150","E07000241","26ULGL","E00121454","26ULGL","E65000001","E01023916","E02004985","5","1C3","E00121454","E01023916","E02004985","E33027639","E38000049","E63011463","C1","5A2",51.792590,-0.220507,"E37000048","","E23000027",23804,"E56000035","E54000025","E00121454","E01023916","E02004985"
"AL8 6XQ","AL8  6XQ","AL8 6XQ","198001","","E10000015","E58000623","E07000241","E05011060","E43000083","0","523229","0211950","1","E18000006","E40000007","E92000001","E12000006","5","E14001573","E15000006","E24000005","E30000272","E16000150","E07000241","26ULGL","E00121452","26ULGL","E65000001","E01023916","E02004985","5","5B3","E00121452","E01023916","E02004985","E33024484","E38000049","E63011463","C1","7A2",51.792638,-0.214613,"E37000048","","E23000027",23804,"E56000035","E54000025","E00121452","E01023916","E02004985"
"AL8 6XR","AL8  6XR","AL8 6XR","198001","","E10000015","E58000623","E07000241","E05011060","E43000083","0","522773","0211919","1","E18000006","E40000007","E92000001","E12000006","5","E14001573","E15000006","E24000005","E30000272","E16000150","E07000241","26ULGL","E00121454","26ULGL","E65000001","E01023916","E02004985","5","1C3","E00121454","E01023916","E02004985","E33027639","E38000049","E63011463","C1","5A2",51.792465,-0.221208,"E37000048","","E23000027",23804,"E56000035","E54000025","E00121454","E01023916","E02004985"
"AL8 6XS","AL8  6XS","AL8 6XS","198001","","E10000015","E58000623","E07000241","E05011060","E43000083","0","522856","0211944","1","E18000006","E40000007","E92000001","E12000006","5","E14001573","E15000006","E24000005","E30000272","E16000150","E07000241","26ULGL","E00121453","26ULGL","E65000001","E01023916","E02004985","5","1C1","E00121453","E01023916","E02004985","E33027639","E38000049","E63011463","C1","8C1",51.792672,-0.219997,"E37000048","","E23000027",23804,"E56000035","E54000025","E00121453","E01023916","E02004985"
"AL8 6XT","AL8  6XT","AL8 6XT","198001","","E10000015","E58000623","E07000241","E05011060","E43000083","0","522953","0211846","1","E18000006","E40000007","E92000001","E12000006","5","E14001573","E15000006","E24000005","E30000272","E16000150","E07000241","26ULGL","E00121454","26ULGL","E65000001","E01023916","E02004985","5","1C3","E00121454","E01023916","E02004985","E33027639","E38000049","E63011463","C1","5A2",51.791764,-0.218650,"E37000048","","E23000027",23804,"E56000035","E54000025","E00121454","E01023916","E02004985"
"AL8 6XU","AL8  6XU","AL8 6XU","198001","","E10000015","E58000623","E07000241","E05011060","E43000083","0","523067","0211877","1","E18000006","E40000007","E92000001","E12000006","5","E14001573","E15000006","E24000005","E30000272","E16000150","E07000241","26ULGL","E00121453","26ULGL","E65000001","E01023916","E02004985","5","1C1","E00121453","E01023916","E02004985","E33027639","E38000049","E63011463","C1","8C1",51.792024,-0.216962,"E37000048","","E23000027",23804,"E56000035","E54000025","E00121453","E01023916","E02004985"
"AL8 6XW","AL8  6XW","AL8 6XW","198001","","E10000015","E58000623","E07000241","E05011060","E43000083","0","522817","0211848","1","E18000006","E40000007","E92000001","E12000006","5","E14001573","E15000006","E24000005","E30000272","E16000150","E07000241","26ULGL","E00121454","26ULGL","E65000001","E01023916","E02004985","5","1C3","E00121454","E01023916","E02004985","E33027639","E38000049","E63011463","C1","5A2",51.791818,-0.220596,"E37000048","","E23000027",23804,"E56000035","E54000025","E00121454","E01023916","E02004985"
"AL8 6XX","AL8  6XX","AL8 6XX","198001","","E10000015","E58000623","E07000241","E05011060","E43000083","0","523129","0211883","1","E18000006","E40000007","E92000001","E12000006","5","E14001573","E15000006","E24000005","E30000272","E16000150","E07000241","26ULGL","E00121452","26ULGL","E65000001","E01023916","E02004985","5","5B3","E00121452","E01023916","E02004985","E33024484","E38000049","E63011463","C1","7A2",51.792064,-0.216062,"E37000048","","E23000027",23804,"E56000035","E54000025","E00121452","E01023916","E02004985"
"AL8 6XY","AL8  6XY","AL8 6XY","198001","","E10000015","E58000623","E07000241","E05011060","E43000083","0","523166","0211918","1","E18000006","E40000007","E92000001","E12000006","5","E14001573","E15000006","E24000005","E30000272","E16000150","E07000241","26ULGL","E00121452","26ULGL","E65000001","E01023916","E02004985","5","5B3","E00121452","E01023916","E02004985","E33024484","E38000049","E63011463","C1","7A2",51.792370,-0.215513,"E37000048","","E23000027",23804,"E56000035","E54000025","E00121452","E01023916","E02004985"
"AL8 6XZ","AL8  6XZ","AL8 6XZ","198001","","E10000015","E58000623","E07000241","E05011060","E43000083","0","523029","0211998","1","E18000006","E40000007","E92000001","E12000006","5","E14001573","E15000006","E24000005","E30000272","E16000150","E07000241","26ULGL","E00121453","26ULGL","E65000001","E01023916","E02004985","5","1C1","E00121453","E01023916","E02004985","E33027639","E38000049","E63011463","C1","8C1",51.793119,-0.217470,"E37000048","","E23000027",23804,"E56000035","E54000025","E00121453","E01023916","E02004985"
"AL8 6YA","AL8  6YA","AL8 6YA","198001","","E10000015","E58000623","E07000241","E05011060","E43000083","0","522870","0212002","1","E18000006","E40000007","E92000001","E12000006","5","E14001573","E15000006","E24000005","E30000272","E16000150","E07000241","26ULGL","E00121453","26ULGL","E65000001","E01023916","E02004985","5","1C1","E00121453","E01023916","E02004985","E33027639","E38000049","E63011463","C1","8C1",51.793190,-0.219773,"E37000048","","E23000027",23804,"E56000035","E54000025","E00121453","E01023916","E02004985"
"AL8 6YB","AL8  6YB","AL8 6YB","198001","","E10000015","E58000623","E07000241","E05011060","E43000083","0","522993","0211896","1","E18000006","E40000007","E92000001","E12000006","5","E14001573","E15000006","E24000005","E30000272","E16000150","E07000241","26ULGL","E00121454","26ULGL","E65000001","E01023916","E02004985","5","1C3","E00121454","E01023916","E02004985","E33027639","E38000049","E63011463","C1","5A2",51.792211,-0.218028,"E37000048","","E23000027",23804,"E56000035","E54000025","E00121454","E01023916","E02004985"
"AL8 6YD","AL8  6YD","AL8 6YD","198001","","E10000015","E58000623","E07000241","E05011060","E43000083","0","522999","0211967","1","E18000006","E40000007","E92000001","E12000006","5","E14001573","E15000006","E24000005","E30000272","E16000150","E07000241","26ULGL","E00121453","26ULGL","E65000001","E01023916","E02004985","5","1C1","E00121453","E01023916","E02004985","E33027639","E38000049","E63011463","C1","8C1",51.792847,-0.217916,"E37000048","","E23000027",23804,"E56000035","E54000025","E00121453","E01023916","E02004985"
"AL8 6YE","AL8  6YE","AL8 6YE","198001","","E10000015","E58000623","E07000241","E05011060","E43000083","0","522939","0211901","1","E18000006","E40000007","E92000001","E12000006","5","E14001573","E15000006","E24000005","E30000272","E16000150","E07000241","26ULGL","E00121453","26ULGL","E65000001","E01023916","E02004985","5","1C1","E00121453","E01023916","E02004985","E33027639","E38000049","E63011463","C1","8C1",51.792267,-0.218809,"E37000048","","E23000027",23804,"E56000035","E54000025","E00121453","E01023916","E02004985"
"AL8 6YF","AL8  6YF","AL8 6YF","198001","","E10000015","E58000623","E07000241","E05011060","E43000083","0","522910","0212071","1","E18000006","E40000007","E92000001","E12000006","5","E14001573","E15000006","E24000005","E30000272","E16000150","E07000241","26ULGL","E00121445","26ULGL","E65000001","E01023917","E02004985","5","6D1","E00121445","E01023917","E02004985","E33027639","E38000049","E63011463","C1","5B3",51.793801,-0.219169,"E37000048","","E23000027",25419,"E56000035","E54000025","E00121445","E01023917","E02004985"
"AL8 6YG","AL8  6YG","AL8 6YG","201105","","E10000015","E58000623","E07000241","E05011060","E43000083","1","522896","0212088","1","E18000006","E40000007","E92000001","E12000006","5","E14001573","E15000006","E24000005","E30000272","E16000150","E07000241","26ULGL","E00121445","26ULGL","E65000001","E01023917","E02004985","5","6D1","E00121445","E01023917","E02004985","E33027639","E38000049","E63011463","C1","5B3",51.793957,-0.219366,"E37000048","","E23000027",25419,"E56000035","E54000025","E00121445","E01023917","E02004985"
"AL8 6YH","AL8  6YH","AL8 6YH","198001","","E10000015","E58000623","E07000241","E05011060","E43000083","0","523169","0211960","1","E18000006","E40000007","E92000001","E12000006","5","E14001573","E15000006","E24000005","E30000272","E16000150","E07000241","26ULGL","E00121452","26ULGL","E65000001","E01023916","E02004985","5","5B3","E00121452","E01023916","E02004985","E33024484","E38000049","E63011463","C1","7A2",51.792747,-0.215455,"E37000048","","E23000027",23804,"E56000035","E54000025","E00121452","E01023916","E02004985"
"AL8 6YJ","AL8  6YJ","AL8 6YJ","198001","","E10000015","E58000623","E07000241","E05011060","E43000083","0","522561","0212044","1","E18000006","E40000007","E92000001","E12000006","5","E14001573","E15000006","E24000005","E30000272","E16000150","E07000241","26ULGL","E00121448","26ULGL","E65000001","E01023916","E02004985","5","1B1","E00121448","E01023916","E02004985","E33027639","E38000049","E63011463","C1","8D2",51.793635,-0.224237,"E37000048","","E23000027",23804,"E56000035","E54000025","E00121448","E01023916","E02004985"
"AL8 6YL","AL8  6YL","AL8 6YL","198001","","E10000015","E58000623","E07000241","E05011060","E43000083","0","522740","0211852","1","E18000006","E40000007","E92000001","E12000006","5","E14001573","E15000006","E24000005","E30000272","E16000150","E07000241","26ULGL","E00121454","26ULGL","E65000001","E01023916","E02004985","5","1C3","E00121454","E01023916","E02004985","E33027639","E38000049","E63011463","C1","5A2",51.791871,-0.221710,"E37000048","","E23000027",23804,"E56000035","E54000025","E00121454","E01023916","E02004985"
"AL8 6YN","AL8  6YN","AL8 6YN","198001","","E10000015","E58000623","E07000241","E05011060","E43000083","0","522583","0211967","1","E18000006","E40000007","E92000001","E12000006","5","E14001573","E15000006","E24000005","E30000272","E16000150","E07000241","26ULGL","E00121448","26ULGL","E65000001","E01023916","E02004985","5","1B1","E00121448","E01023916","E02004985","E33027639","E38000049","E63011463","C1","8D2",51.792938,-0.223945,"E37000048","","E23000027",23804,"E56000035","E54000025","E00121448","E01023916","E02004985"
"AL8 6YP","AL8  6YP","AL8 6YP","198001","","E10000015","E58000623","E07000241","E05011060","E43000083","0","522909","0211771","1","E18000006","E40000007","E92000001","E12000006","5","E14001573","E15000006","E24000005","E30000272","E16000150","E07000241","26ULGL","E00121454","26ULGL","E65000001","E01023916","E02004985","5","1C3","E00121454","E01023916","E02004985","E33027639","E38000049","E63011463","C1","5A2",51.791106,-0.219290,"E37000048","","E23000027",23804,"E56000035","E54000025","E00121454","E01023916","E02004985"
"AL8 6YQ","AL8  6YQ","AL8 6YQ","198001","","E10000015","E58000623","E07000241","E05011060","E43000083","0","523035","0212046","1","E18000006","E40000007","E92000001","E12000006","5","E14001573","E15000006","E24000005","E30000272","E16000150","E07000241","26ULGL","E00121445","26ULGL","E65000001","E01023917","E02004985","5","6D1","E00121445","E01023917","E02004985","E33027639","E38000049","E63011463","C1","5B3",51.793543,-0.217391,"E37000048","","E23000027",25419,"E56000035","E54000025","E00121445","E01023917","E02004985"
"AL8 6YR","AL8  6YR","AL8 6YR","198001","","E10000015","E58000623","E07000241","E05011060","E43000083","1","522890","0211688","1","E18000006","E40000007","E92000001","E12000006","5","E14001573","E15000006","E24000005","E30000272","E16000150","E07000241","26ULGL","E00121452","26ULGL","E65000001","E01023916","E02004985","5","5B3","E00121452","E01023916","E02004985","E33024484","E38000049","E63011463","C1","7A2",51.790358,-0.219619,"E37000048","","E23000027",23804,"E56000035","E54000025","E00121452","E01023916","E02004985"
"AL8 6YS","AL8  6YS","AL8 6YS","198001","","E10000015","E58000623","E07000241","E05011060","E43000083","0","522594","0212063","1","E18000006","E40000007","E92000001","E12000006","5","E14001573","E15000006","E24000005","E30000272","E16000150","E07000241","26ULGL","E00121448","26ULGL","E65000001","E01023916","E02004985","5","1B1","E00121448","E01023916","E02004985","E33027639","E38000049","E63011463","C1","8D2",51.793799,-0.223752,"E37000048","","E23000027",23804,"E56000035","E54000025","E00121448","E01023916","E02004985"
"AL8 6YT","AL8  6YT","AL8 6YT","198001","","E10000015","E58000623","E07000241","E05011060","E43000083","0","522608","0212094","1","E18000006","E40000007","E92000001","E12000006","5","E14001573","E15000006","E24000005","E30000272","E16000150","E07000241","26ULGL","E00121448","26ULGL","E65000001","E01023916","E02004985","5","1B1","E00121448","E01023916","E02004985","E33027639","E38000049","E63011463","C1","8D2",51.794074,-0.223538,"E37000048","","E23000027",23804,"E56000035","E54000025","E00121448","E01023916","E02004985"
"AL8 6YU","AL8  6YU","AL8 6YU","199002","","E10000015","E58000623","E07000241","E05011060","E43000083","0","522977","0211663","1","E18000006","E40000007","E92000001","E12000006","5","E14001573","E15000006","E24000005","E30000272","E16000150","E07000241","26ULGL","E00121452","26ULGL","E65000001","E01023916","E02004985","5","5B3","E00121452","E01023916","E02004985","E33024484","E38000049","E63011463","C1","7A2",51.790120,-0.218342,"E37000048","","E23000027",23804,"E56000035","E54000025","E00121452","E01023916","E02004985"
"AL8 6YW","AL8  6YW","AL8 6YW","198001","200905","E10000015","E58000623","E07000241","E05011060","E43000083","0","522664","0211828","1","E18000006","E40000007","E92000001","E12000006","5","E14001573","E15000006","E24000005","E30000272","E16000150","E07000241","26ULGL","E00121454","26ULGL","E65000001","E01023916","E02004985","5","1C3","E00121454","E01023916","E02004985","E33027639","E38000049","E63011463","C1","5A2",51.791665,-0.222844,"E37000048","","E23000027",23804,"E56000035","E54000025","E00121454","E01023916","E02004985"
"AL8 6YX","AL8  6YX","AL8 6YX","200501","","E10000015","E58000623","E07000241","E05011060","E43000083","0","522589","0211893","1","E18000006","E40000007","E92000001","E12000006","5","E14001573","E15000006","E24000005","E30000272","E16000150","E07000241","26ULGL","E00121448","26ULGL","E65000001","E01023916","E02004985","5","1B1","E00121448","E01023916","E02004985","E33027639","E38000049","E63011463","C1","8D2",51.792266,-0.223908,"E37000048","","E23000027",23804,"E56000035","E54000025","E00121448","E01023916","E02004985"
"AL8 6YY","AL8  6YY","AL8 6YY","199806","200101","E10000015","E58000623","E07000241","E05011060","E43000083","1","523879","0213059","1","E18000006","E40000007","E92000001","E12000006","5","E14001573","E15000006","E24000005","E30000272","E16000150","E07000241","26ULGL","E00121437","26ULGL","E65000001","E01023918","E02004985","5","2A1","E00121437","E01023918","E02004985","E33024478","E38000049","E63011463","C1","2C2",51.802460,-0.204797,"E37000048","","E23000027",19249,"E56000035","E54000025","E00190232","E01023918","E02004985"
"AL8 6ZD","AL8  6ZD","AL8 6ZD","199912","200108","E10000015","E58000623","E07000241","E05011069","E43000083","1","524487","0213299","1","E18000006","E40000007","E92000001","E12000006","5","E14001573","E15000006","E24000005","E30000272","E16000150","E07000241","26ULGX","E00121637","26ULGX","E65000001","E01023954","E02004986","5","5B2","E00121637","E01023954","E02004986","E33024496","E38000049","E63011463","C1","7A3",51.804482,-0.195898,"E37000048","","E23000027",7164,"E56000035","E54000025","E00190264","E01035604","E02004986"
"AL8 6ZE","AL8  6ZE","AL8 6ZE","199806","200806","E10000015","E58000623","E07000241","E05011069","E43000083","1","524487","0213299","1","E18000006","E40000007","E92000001","E12000006","5","E14001573","E15000006","E24000005","E30000272","E16000150","E07000241","26ULGX","E00121637","26ULGX","E65000001","E01023954","E02004986","5","5B2","E00121637","E01023954","E02004986","E33024496","E38000049","E63011463","C1","7A3",51.804482,-0.195898,"E37000048","","E23000027",7164,"E56000035","E54000025","E00190264","E01035604","E02004986"
"AL8 6ZF","AL8  6ZF","AL8 6ZF","199806","200101","E10000015","E58000623","E07000241","E05011060","E43000083","1","523288","0212482","6","E18000006","E40000007","E92000001","E12000006","5","E14001573","E15000006","E24000005","E30000272","E16000150","E07000241","26ULGL","E00121447","26ULGL","E65000001","E01023917","E02004985","5","4D2","E00121447","E01023917","E02004985","E33027640","E38000049","E63011463","C1","6B4",51.797405,-0.213569,"E37000048","","E23000027",25419,"E56000035","E54000025","E00121447","E01023917","E02004985"
"AL8 6ZG","AL8  6ZG","AL8 6ZG","199806","199906","E10000015","E58000623","E07000241","E05011060","E43000083","1","522600","0211800","8","E18000006","E40000007","E92000001","E12000006","5","E14001573","E15000006","E24000005","E30000272","E16000150","E07000241","26ULGL","E00121454","26ULGL","E65000001","E01023916","E02004985","5","1C3","E00121454","E01023916","E02004985","E33027639","E38000049","","C1","5A2",51.791428,-0.223782,"E37000048","","E23000027",23804,"E56000035","E54000025","E00121454","E01023916","E02004985"
"AL8 6ZH","AL8  6ZH","AL8 6ZH","200206","200509","E10000015","E58000623","E07000241","E05011069","E43000083","1","524487","0213299","5","E18000006","E40000007","E92000001","E12000006","5","E14001573","E15000006","E24000005","E30000272","E16000150","E07000241","26ULGX","E00121637","26ULGX","E65000001","E01023954","E02004986","5","5B2","E00121637","E01023954","E02004986","E33024496","E38000049","E63011463","C1","7A3",51.804482,-0.195898,"E37000048","","E23000027",7164,"E56000035","E54000025","E00190264","E01035604","E02004986"
"AL8 6ZJ","AL8  6ZJ","AL8 6ZJ","200606","200607","E10000015","E58000623","E07000241","E05011069","E43000083","1","524487","0213299","5","E18000006","E40000007","E92000001","E12000006","5","E14001573","E15000006","E24000005","E30000272","E16000150","E07000241","26ULGX","E00121637","26ULGX","E65000001","E01023954","E02004986","5","5B2","E00121637","E01023954","E02004986","E33024496","E38000049","E63011463","C1","7A3",51.804482,-0.195898,"E37000048","","E23000027",7164,"E56000035","E54000025","E00190264","E01035604","E02004986"
"AL8 6ZL","AL8  6ZL","AL8 6ZL","200808","200909","E10000015","E58000623","E07000241","E05011069","E43000083","1","524487","0213299","1","E18000006","E40000007","E92000001","E12000006","5","E14001573","E15000006","E24000005","E30000272","E16000150","E07000241","26ULGX","E00121637","26ULGX","E65000001","E01023954","E02004986","5","5B2","E00121637","E01023954","E02004986","E33024496","E38000049","E63011463","C1","7A3",51.804482,-0.195898,"E37000048","","E23000027",7164,"E56000035","E54000025","E00190264","E01035604","E02004986"
"AL8 6ZN","AL8  6ZN","AL8 6ZN","200012","200402","E10000015","E58000623","E07000241","E05011069","E43000083","1","524487","0213299","1","E18000006","E40000007","E92000001","E12000006","5","E14001573","E15000006","E24000005","E30000272","E16000150","E07000241","26ULGX","E00121637","26ULGX","E65000001","E01023954","E02004986","5","5B2","E00121637","E01023954","E02004986","E33024496","E38000049","E63011463","C1","7A3",51.804482,-0.195898,"E37000048","","E23000027",7164,"E56000035","E54000025","E00190264","E01035604","E02004986"
"AL8 6ZP","AL8  6ZP","AL8 6ZP","200012","200602","E10000015","E58000623","E07000241","E05011069","E43000083","1","524487","0213299","1","E18000006","E40000007","E92000001","E12000006","5","E14001573","E15000006","E24000005","E30000272","E16000150","E07000241","26ULGX","E00121637","26ULGX","E65000001","E01023954","E02004986","5","5B2","E00121637","E01023954","E02004986","E33024496","E38000049","E63011463","C1","7A3",51.804482,-0.195898,"E37000048","","E23000027",7164,"E56000035","E54000025","E00190264","E01035604","E02004986"
"AL8 6ZQ","AL8  6ZQ","AL8 6ZQ","200012","200301","E10000015","E58000623","E07000241","E05011069","E43000083","1","524487","0213299","1","E18000006","E40000007","E92000001","E12000006","5","E14001573","E15000006","E24000005","E30000272","E16000150","E07000241","26ULGX","E00121637","26ULGX","E65000001","E01023954","E02004986","5","5B2","E00121637","E01023954","E02004986","E33024496","E38000049","E63011463","C1","7A3",51.804482,-0.195898,"E37000048","","E23000027",7164,"E56000035","E54000025","E00190264","E01035604","E02004986"
"AL8 6ZR","AL8  6ZR","AL8 6ZR","200006","200207","E10000015","E58000623","E07000241","E05011069","E43000083","1","524487","0213299","1","E18000006","E40000007","E92000001","E12000006","5","E14001573","E15000006","E24000005","E30000272","E16000150","E07000241","26ULGX","E00121637","26ULGX","E65000001","E01023954","E02004986","5","5B2","E00121637","E01023954","E02004986","E33024496","E38000049","E63011463","C1","7A3",51.804482,-0.195898,"E37000048","","E23000027",7164,"E56000035","E54000025","E00190264","E01035604","E02004986"
"AL8 6ZU","AL8  6ZU","AL8 6ZU","201007","201106","E10000015","E58000623","E07000241","E05011069","E43000083","1","524487","0213299","1","E18000006","E40000007","E92000001","E12000006","5","E14001573","E15000006","E24000005","E30000272","E16000150","E07000241","26ULGX","E00121637","26ULGX","E65000001","E01023954","E02004986","5","5B2","E00121637","E01023954","E02004986","E33024496","E38000049","E63011463","C1","7A3",51.804482,-0.195898,"E37000048","","E23000027",7164,"E56000035","E54000025","E00190264","E01035604","E02004986"
"AL8 6ZW","AL8  6ZW","AL8 6ZW","199912","201309","E10000015","E58000623","E07000241","E05011069","E43000083","1","524487","0213299","1","E18000006","E40000007","E92000001","E12000006","5","E14001573","E15000006","E24000005","E30000272","E16000150","E07000241","26ULGX","E00121637","26ULGX","E65000001","E01023954","E02004986","5","5B2","E00121637","E01023954","E02004986","E33024496","E38000049","E63011463","C1","7A3",51.804482,-0.195898,"E37000048","","E23000027",7164,"E56000035","E54000025","E00190264","E01035604","E02004986"
"AL8 6ZX","AL8  6ZX","AL8 6ZX","199912","200402","E10000015","E58000623","E07000241","E05011069","E43000083","1","524487","0213299","1","E18000006","E40000007","E92000001","E12000006","5","E14001573","E15000006","E24000005","E30000272","E16000150","E07000241","26ULGX","E00121637","26ULGX","E65000001","E01023954","E02004986","5","5B2","E00121637","E01023954","E02004986","E33024496","E38000049","E63011463","C1","7A3",51.804482,-0.195898,"E37000048","","E23000027",7164,"E56000035","E54000025","E00190264","E01035604","E02004986"
"AL8 6ZY","AL8  6ZY","AL8 6ZY","199906","200104","E10000015","E58000623","E07000241","E05011060","E43000083","1","523288","0212482","6","E18000006","E40000007","E92000001","E12000006","5","E14001573","E15000006","E24000005","E30000272","E16000150","E07000241","26ULGL","E00121447","26ULGL","E65000001","E01023917","E02004985","5","4D2","E00121447","E01023917","E02004985","E33027640","E38000049","E63011463","C1","6B4",51.797405,-0.213569,"E37000048","","E23000027",25419,"E56000035","E54000025","E00121447","E01023917","E02004985"
"AL8 6ZZ","AL8  6ZZ","AL8 6ZZ","199806","200006","E10000015","E58000623","E07000241","E05011060","E43000083","1","523288","0212482","6","E18000006","E40000007","E92000001","E12000006","5","E14001573","E15000006","E24000005","E30000272","E16000150","E07000241","26ULGL","E00121447","26ULGL","E65000001","E01023917","E02004985","5","4D2","E00121447","E01023917","E02004985","E33027640","E38000049","E63011463","C1","6B4",51.797405,-0.213569,"E37000048","","E23000027",25419,"E56000035","E54000025","E00121447","E01023917","E02004985"
"AL8 7AA","AL8  7AA","AL8 7AA","198001","","E10000015","E58000675","E07000241","E05011070","E43000083","0","524128","0214196","1","E18000006","E40000007","E92000001","E12000006","5","E14001573","E15000006","E24000005","E30000272","E16000150","E07000241","26ULGY","E00121669","26ULGY","E65000001","E01023961","E02004982","5","5B2","E00121669","E01023961","E02004982","E33027634","E38000049","E63011463","C1","7A3",51.812629,-0.200757,"E37000048","","E23000027",19963,"E56000035","E54000025","E00121669","E01023961","E02004982"
"AL8 7AB","AL8  7AB","AL8 7AB","198001","","E10000015","E58000675","E07000241","E05011070","E43000083","0","524098","0214228","1","E18000006","E40000007","E92000001","E12000006","5","E14001573","E15000006","E24000005","E30000272","E16000150","E07000241","26ULGY","E00121670","26ULGY","E65000001","E01023961","E02004982","5","1C1","E00121670","E01023961","E02004982","E33027634","E38000049","E63011463","C1","8C1",51.812924,-0.201181,"E37000048","","E23000027",19963,"E56000035","E54000025","E00121670","E01023961","E02004982"
"AL8 7AD","AL8  7AD","AL8 7AD","198001","","E10000015","E58000675","E07000241","E05011070","E43000083","0","524139","0214389","1","E18000006","E40000007","E92000001","E12000006","5","E14001573","E15000006","E24000005","E30000272","E16000150","E07000241","26ULGY","E00121668","26ULGY","E65000001","E01023961","E02004982","5","5B4","E00121668","E01023961","E02004982","E33027633","E38000049","E63011463","C1","7A3",51.814361,-0.200529,"E37000048","","E23000027",19963,"E56000035","E54000025","E00121668","E01023961","E02004982"
"AL8 7AE","AL8  7AE","AL8 7AE","198001","","E10000015","E58000675","E07000241","E05011070","E43000083","0","524194","0214439","1","E18000006","E40000007","E92000001","E12000006","5","E14001573","E15000006","E24000005","E30000272","E16000150","E07000241","26ULGY","E00121668","26ULGY","E65000001","E01023961","E02004982","5","5B4","E00121668","E01023961","E02004982","E33027633","E38000049","E63011463","C1","7A3",51.814792,-0.199737,"E37000048","","E23000027",19963,"E56000035","E54000025","E00121668","E01023961","E02004982"
"AL8 7AF","AL8  7AF","AL8 7AF","198001","","E10000015","E58000675","E07000241","E05011070","E43000083","0","524175","0214550","1","E18000006","E40000007","E92000001","E12000006","5","E14001573","E15000006","E24000005","E30000272","E16000150","E07000241","26ULGY","E00121663","26ULGY","E65000001","E01023960","E02004982","5","1C3","E00121663","E01023960","E02004982","E33027633","E38000049","E63011463","C1","8D2",51.815800,-0.199949,"E37000048","","E23000027",21489,"E56000035","E54000025","E00121663","E01023960","E02004982"
"AL8 7AG","AL8  7AG","AL8 7AG","198001","","E10000015","E58000675","E07000241","E05011070","E43000083","0","524215","0214572","1","E18000006","E40000007","E92000001","E12000006","5","E14001573","E15000006","E24000005","E30000272","E16000150","E07000241","26ULGY","E00121663","26ULGY","E65000001","E01023960","E02004982","5","1C3","E00121663","E01023960","E02004982","E33027633","E38000049","E63011463","C1","8D2",51.815989,-0.199361,"E37000048","","E23000027",21489,"E56000035","E54000025","E00121663","E01023960","E02004982"
"AL8 7AH","AL8  7AH","AL8 7AH","198001","","E10000015","E58000675","E07000241","E05011070","E43000083","0","524252","0214461","1","E18000006","E40000007","E92000001","E12000006","5","E14001573","E15000006","E24000005","E30000272","E16000150","E07000241","26ULGY","E00121668","26ULGY","E65000001","E01023961","E02004982","5","5B4","E00121668","E01023961","E02004982","E33027633","E38000049","E63011463","C1","7A3",51.814977,-0.198889,"E37000048","","E23000027",19963,"E56000035","E54000025","E00121668","E01023961","E02004982"
"AL8 7AJ","AL8  7AJ","AL8 7AJ","198001","","E10000015","E58000675","E07000241","E05011070","E43000083","0","524290","0214453","1","E18000006","E40000007","E92000001","E12000006","5","E14001573","E15000006","E24000005","E30000272","E16000150","E07000241","26ULGY","E00121668","26ULGY","E65000001","E01023961","E02004982","5","5B4","E00121668","E01023961","E02004982","E33027633","E38000049","E63011463","C1","7A3",51.814903,-0.198316,"E37000048","","E23000027",19963,"E56000035","E54000025","E00121668","E01023961","E02004982"
"AL8 7AL","AL8  7AL","AL8 7AL","198001","","E10000015","E58000675","E07000241","E05011070","E43000083","0","524289","0214368","1","E18000006","E40000007","E92000001","E12000006","5","E14001573","E15000006","E24000005","E30000272","E16000150","E07000241","26ULGY","E00121663","26ULGY","E65000001","E01023960","E02004982","5","1C3","E00121663","E01023960","E02004982","E33027633","E38000049","E63011463","C1","8D2",51.814139,-0.198361,"E37000048","","E23000027",21489,"E56000035","E54000025","E00121663","E01023960","E02004982"
"AL8 7AN","AL8  7AN","AL8 7AN","198001","","E10000015","E58000675","E07000241","E05011070","E43000083","0","524245","0214371","1","E18000006","E40000007","E92000001","E12000006","5","E14001573","E15000006","E24000005","E30000272","E16000150","E07000241","26ULGY","E00121669","26ULGY","E65000001","E01023961","E02004982","5","5B2","E00121669","E01023961","E02004982","E33027634","E38000049","E63011463","C1","7A3",51.814176,-0.198998,"E37000048","","E23000027",19963,"E56000035","E54000025","E00121669","E01023961","E02004982"
"AL8 7AP","AL8  7AP","AL8 7AP","198001","","E10000015","E58000675","E07000241","E05011070","E43000083","0","524176","0214207","1","E18000006","E40000007","E92000001","E12000006","5","E14001573","E15000006","E24000005","E30000272","E16000150","E07000241","26ULGY","E00121669","26ULGY","E65000001","E01023961","E02004982","5","5B2","E00121669","E01023961","E02004982","E33027634","E38000049","E63011463","C1","7A3",51.812711,-0.200081,"E37000048","","E23000027",19963,"E56000035","E54000025","E00121669","E01023961","E02004982"
"AL8 7AQ","AL8  7AQ","AL8 7AQ","198001","","E10000015","E58000675","E07000241","E05011070","E43000083","0","524356","0214513","1","E18000006","E40000007","E92000001","E12000006","5","E14001573","E15000006","E24000005","E30000272","E16000150","E07000241","26ULGY","E00121663","26ULGY","E65000001","E01023960","E02004982","5","1C3","E00121663","E01023960","E02004982","E33027633","E38000049","E63011463","C1","8D2",51.815428,-0.197338,"E37000048","","E23000027",21489,"E56000035","E54000025","E00121663","E01023960","E02004982"
"AL8 7AR","AL8  7AR","AL8 7AR","199512","199812","E10000015","E58000622","E07000241","E05011070","E43000083","1","523603","0213953","6","E18000006","E40000007","E92000001","E12000006","5","E14001573","E15000006","E24000005","E30000272","E16000150","E07000241","26ULGY","E00121674","26ULGY","E65000001","E01023959","E02004982","5","4B3","E00121674","E01023959","E02004982","E33027634","E38000049","E63011463","C1","6A1",51.810555,-0.208480,"E37000048","","E23000027",32657,"E56000035","E54000025","E00121674","E01023959","E02004982"
"AL8 7AS","AL8  7AS","AL8 7AS","199606","200109","E10000015","E58000623","E07000241","E05011069","E43000083","1","524487","0213299","1","E18000006","E40000007","E92000001","E12000006","5","E14001573","E15000006","E24000005","E30000272","E16000150","E07000241","26ULGX","E00121637","26ULGX","E65000001","E01023954","E02004986","5","5B2","E00121637","E01023954","E02004986","E33024496","E38000049","E63011463","C1","7A3",51.804482,-0.195898,"E37000048","","E23000027",7164,"E56000035","E54000025","E00190264","E01035604","E02004986"
"AL8 7AT","AL8  7AT","AL8 7AT","198710","","E10000015","E58000675","E07000241","E05011070","E43000083","0","523872","0214932","1","E18000006","E40000007","E92000001","E12000006","5","E14001573","E15000006","E24000005","E30000272","E16000150","E07000241","26ULGY","E00121659","26ULGY","E65000001","E01023962","E02004982","5","4A2","E00121659","E01023962","E02004982","E33027633","E38000049","E63011463","C1","6B2",51.819300,-0.204206,"E37000048","","E23000027",30011,"E56000035","E54000025","E00121659","E01023962","E02004982"
"AL8 7AU","AL8  7AU","AL8 7AU","199612","200302","E10000015","E58000623","E07000241","E05011069","E43000083","1","524487","0213299","1","E18000006","E40000007","E92000001","E12000006","5","E14001573","E15000006","E24000005","E30000272","E16000150","E07000241","26ULGX","E00121637","26ULGX","E65000001","E01023954","E02004986","5","5B2","E00121637","E01023954","E02004986","E33024496","E38000049","E63011463","C1","7A3",51.804482,-0.195898,"E37000048","","E23000027",7164,"E56000035","E54000025","E00190264","E01035604","E02004986"
"AL8 7AW","AL8  7AW","AL8 7AW","198001","","E10000015","E58000675","E07000241","E05011070","E43000083","0","524246","0214241","1","E18000006","E40000007","E92000001","E12000006","5","E14001573","E15000006","E24000005","E30000272","E16000150","E07000241","26ULGY","E00121669","26ULGY","E65000001","E01023961","E02004982","5","5B2","E00121669","E01023961","E02004982","E33027634","E38000049","E63011463","C1","7A3",51.813008,-0.199030,"E37000048","","E23000027",19963,"E56000035","E54000025","E00121669","E01023961","E02004982"
"AL8 7AX","AL8  7AX","AL8 7AX","199507","","E10000015","E58000622","E07000241","E05011070","E43000083","0","522520","0214271","1","E18000006","E40000007","E92000001","E12000006","5","E14001573","E15000006","E24000005","E30000272","E16000150","E07000241","26ULGY","E00121661","26ULGY","E65000001","E01023959","E02004982","8","4A2","E00121661","E01023959","E02004982","E33027634","E38000049","","F1","6A1",51.813658,-0.224045,"E37000048","","E23000027",32657,"E56000035","E54000025","E00121661","E01023959","E02004982"
"AL8 7AY","AL8  7AY","AL8 7AY","199507","","E10000015","E58000622","E07000241","E05011070","E43000083","0","522596","0214302","1","E18000006","E40000007","E92000001","E12000006","5","E14001573","E15000006","E24000005","E30000272","E16000150","E07000241","26ULGY","E00121661","26ULGY","E65000001","E01023959","E02004982","8","4A2","E00121661","E01023959","E02004982","E33027634","E38000049","","F1","6A1",51.813913,-0.222956,"E37000048","","E23000027",32657,"E56000035","E54000025","E00121661","E01023959","E02004982"
"AL8 7AZ","AL8  7AZ","AL8 7AZ","199612","","E10000015","E58000622","E07000241","E05011070","E43000083","0","522609","0214385","1","E18000006","E40000007","E92000001","E12000006","5","E14001573","E15000006","E24000005","E30000272","E16000150","E07000241","26ULGY","E00121661","26ULGY","E65000001","E01023959","E02004982","8","4A2","E00121661","E01023959","E02004982","E33027634","E38000049","","F1","6A1",51.814656,-0.222738,"E37000048","","E23000027",32657,"E56000035","E54000025","E00121661","E01023959","E02004982"
"AL8 7BA","AL8  7BA","AL8 7BA","198001","","E10000015","E58000623","E07000241","E05011060","E43000083","0","523144","0213225","1","E18000006","E40000007","E92000001","E12000006","5","E14001573","E15000006","E24000005","E30000272","E16000150","E07000241","26ULGL","E00121457","26ULGL","E65000001","E01023919","E02004985","5","4B3","E00121457","E01023919","E02004985","E33027641","E38000049","E63011463","C1","6A1",51.804121,-0.215369,"E37000048","","E23000027",32599,"E56000035","E54000025","E00121457","E01023919","E02004985"
"AL8 7BB","AL8  7BB","AL8 7BB","198001","","E10000015","E58000623","E07000241","E05011060","E43000083","0","523036","0213142","1","E18000006","E40000007","E92000001","E12000006","5","E14001573","E15000006","E24000005","E30000272","E16000150","E07000241","26ULGL","E00121456","26ULGL","E65000001","E01023919","E02004985","5","4D1","E00121456","E01023919","E02004985","E33027641","E38000049","E63011463","C1","5A2",51.803399,-0.216964,"E37000048","","E23000027",32599,"E56000035","E54000025","E00121456","E01023919","E02004985"
"AL8 7BD","AL8  7BD","AL8 7BD","198001","","E10000015","E58000623","E07000241","E05011060","E43000083","0","523009","0213166","1","E18000006","E40000007","E92000001","E12000006","5","E14001573","E15000006","E24000005","E30000272","E16000150","E07000241","26ULGL","E00121456","26ULGL","E65000001","E01023919","E02004985","5","4D1","E00121456","E01023919","E02004985","E33027641","E38000049","E63011463","C1","5A2",51.803620,-0.217347,"E37000048","","E23000027",32599,"E56000035","E54000025","E00121456","E01023919","E02004985"
"AL8 7BE","AL8  7BE","AL8 7BE","198001","","E10000015","E58000623","E07000241","E05011060","E43000083","0","522956","0213255","1","E18000006","E40000007","E92000001","E12000006","5","E14001573","E15000006","E24000005","E30000272","E16000150","E07000241","26ULGL","E00121456","26ULGL","E65000001","E01023919","E02004985","5","4D1","E00121456","E01023919","E02004985","E33027641","E38000049","E63011463","C1","5A2",51.804432,-0.218083,"E37000048","","E23000027",32599,"E56000035","E54000025","E00121456","E01023919","E02004985"
"AL8 7BF","AL8  7BF","AL8 7BF","199706","199812","E10000015","E58000622","E07000241","E05011070","E43000083","1","523603","0213953","6","E18000006","E40000007","E92000001","E12000006","5","E14001573","E15000006","E24000005","E30000272","E16000150","E07000241","26ULGY","E00121674","26ULGY","E65000001","E01023959","E02004982","5","4B3","E00121674","E01023959","E02004982","E33027634","E38000049","E63011463","C1","6A1",51.810555,-0.208480,"E37000048","","E23000027",32657,"E56000035","E54000025","E00121674","E01023959","E02004982"
"AL8 7BG","AL8  7BG","AL8 7BG","198001","","E10000015","E58000623","E07000241","E05011060","E43000083","0","523036","0213272","1","E18000006","E40000007","E92000001","E12000006","5","E14001573","E15000006","E24000005","E30000272","E16000150","E07000241","26ULGL","E00121456","26ULGL","E65000001","E01023919","E02004985","5","4D1","E00121456","E01023919","E02004985","E33027641","E38000049","E63011463","C1","5A2",51.804567,-0.216918,"E37000048","","E23000027",32599,"E56000035","E54000025","E00121456","E01023919","E02004985"
"AL8 7BH","AL8  7BH","AL8 7BH","198001","","E10000015","E58000623","E07000241","E05011060","E43000083","0","522810","0213141","1","E18000006","E40000007","E92000001","E12000006","5","E14001573","E15000006","E24000005","E30000272","E16000150","E07000241","26ULGL","E00121438","26ULGL","E65000001","E01023919","E02004985","5","4B4","E00121438","E01023919","E02004985","E33027641","E38000049","E63011463","C1","6A4",51.803439,-0.220240,"E37000048","","E23000027",32599,"E56000035","E54000025","E00121438","E01023919","E02004985"
"AL8 7BJ","AL8  7BJ","AL8 7BJ","198001","","E10000015","E58000623","E07000241","E05011060","E43000083","0","522852","0213132","1","E18000006","E40000007","E92000001","E12000006","5","E14001573","E15000006","E24000005","E30000272","E16000150","E07000241","26ULGL","E00121438","26ULGL","E65000001","E01023919","E02004985","5","4B4","E00121438","E01023919","E02004985","E33027641","E38000049","E63011463","C1","6A4",51.803349,-0.219634,"E37000048","","E23000027",32599,"E56000035","E54000025","E00121438","E01023919","E02004985"
"AL8 7BL","AL8  7BL","AL8 7BL","198001","","E10000015","E58000623","E07000241","E05011060","E43000083","0","522902","0213081","1","E18000006","E40000007","E92000001","E12000006","5","E14001573","E15000006","E24000005","E30000272","E16000150","E07000241","26ULGL","E00121438","26ULGL","E65000001","E01023919","E02004985","5","4B4","E00121438","E01023919","E02004985","E33027641","E38000049","E63011463","C1","6A4",51.802880,-0.218928,"E37000048","","E23000027",32599,"E56000035","E54000025","E00121438","E01023919","E02004985"
"AL8 7BN","AL8  7BN","AL8 7BN","198001","","E10000015","E58000623","E07000241","E05011060","E43000083","0","522967","0212984","1","E18000006","E40000007","E92000001","E12000006","5","E14001573","E15000006","E24000005","E30000272","E16000150","E07000241","26ULGL","E00121438","26ULGL","E65000001","E01023919","E02004985","5","4B4","E00121438","E01023919","E02004985","E33027641","E38000049","E63011463","C1","6A4",51.801994,-0.218020,"E37000048","","E23000027",32599,"E56000035","E54000025","E00121438","E01023919","E02004985"
"AL8 7BP","AL8  7BP","AL8 7BP","198001","","E10000015","E58000623","E07000241","E05011060","E43000083","1","522728","0213012","1","E18000006","E40000007","E92000001","E12000006","5","E14001573","E15000006","E24000005","E30000272","E16000150","E07000241","26ULGL","E00121438","26ULGL","E65000001","E01023919","E02004985","5","4B4","E00121438","E01023919","E02004985","E33027641","E38000049","E63011463","C1","6A4",51.802291,-0.221498,"E37000048","","E23000027",32599,"E56000035","E54000025","E00121438","E01023919","E02004985"
"AL8 7BQ","AL8  7BQ","AL8 7BQ","198001","","E10000015","E58000623","E07000241","E05011060","E43000083","0","522829","0213374","1","E18000006","E40000007","E92000001","E12000006","5","E14001573","E15000006","E24000005","E30000272","E16000150","E07000241","26ULGL","E00121438","26ULGL","E65000001","E01023919","E02004985","5","4B4","E00121438","E01023919","E02004985","E33027641","E38000049","E63011463","C1","6A4",51.805529,-0.219882,"E37000048","","E23000027",32599,"E56000035","E54000025","E00121438","E01023919","E02004985"
"AL8 7BS","AL8  7BS","AL8 7BS","198001","","E10000015","E58000623","E07000241","E05011060","E43000083","0","522870","0212898","1","E18000006","E40000007","E92000001","E12000006","5","E14001573","E15000006","E24000005","E30000272","E16000150","E07000241","26ULGL","E00121438","26ULGL","E65000001","E01023919","E02004985","5","4B4","E00121438","E01023919","E02004985","E33027641","E38000049","E63011463","C1","6A4",51.801242,-0.219456,"E37000048","","E23000027",32599,"E56000035","E54000025","E00121438","E01023919","E02004985"
"AL8 7BT","AL8  7BT","AL8 7BT","198001","","E10000015","E58000623","E07000241","E05011060","E43000083","0","522916","0212908","1","E18000006","E40000007","E92000001","E12000006","5","E14001573","E15000006","E24000005","E30000272","E16000150","E07000241","26ULGL","E00121438","26ULGL","E65000001","E01023919","E02004985","5","4B4","E00121438","E01023919","E02004985","E33027641","E38000049","E63011463","C1","6A4",51.801322,-0.218786,"E37000048","","E23000027",32599,"E56000035","E54000025","E00121438","E01023919","E02004985"
"AL8 7BU","AL8  7BU","AL8 7BU","198001","","E10000015","E58000623","E07000241","E05011060","E43000083","0","522794","0213356","1","E18000006","E40000007","E92000001","E12000006","5","E14001573","E15000006","E24000005","E30000272","E16000150","E07000241","26ULGL","E00121438","26ULGL","E65000001","E01023919","E02004985","5","4B4","E00121438","E01023919","E02004985","E33027641","E38000049","E63011463","C1","6A4",51.805375,-0.220396,"E37000048","","E23000027",32599,"E56000035","E54000025","E00121438","E01023919","E02004985"
"AL8 7BW","AL8  7BW","AL8 7BW","198001","","E10000015","E58000623","E07000241","E05011060","E43000083","0","522751","0212867","1","E18000006","E40000007","E92000001","E12000006","5","E14001573","E15000006","E24000005","E30000272","E16000150","E07000241","26ULGL","E00121438","26ULGL","E65000001","E01023919","E02004985","5","4B4","E00121438","E01023919","E02004985","E33027641","E38000049","E63011463","C1","6A4",51.800990,-0.221192,"E37000048","","E23000027",32599,"E56000035","E54000025","E00121438","E01023919","E02004985"
"AL8 7BX","AL8  7BX","AL8 7BX","199002","199507","E10000015","E58000623","E07000241","E05011060","E43000083","1","522800","0213300","8","E18000006","E40000007","E92000001","E12000006","5","E14001573","E15000006","E24000005","E30000272","E16000150","E07000241","26ULGL","E00121438","26ULGL","E65000001","E01023919","E02004985","5","4B4","E00121438","E01023919","E02004985","E33027641","E38000049","E63011463","C1","6A4",51.804864,-0.220353,"E37000048","","E23000027",32599,"E56000035","E54000025","E00121438","E01023919","E02004985"
"AL8 7BY","AL8  7BY","AL8 7BY","199101","199405","E10000015","E58000623","E07000241","E05011060","E43000083","1","522800","0213300","8","E18000006","E40000007","E92000001","E12000006","5","E14001573","E15000006","E24000005","E30000272","E16000150","E07000241","26ULGL","E00121438","26ULGL","E65000001","E01023919","E02004985","5","4B4","E00121438","E01023919","E02004985","E33027641","E38000049","E63011463","C1","6A4",51.804864,-0.220353,"E37000048","","E23000027",32599,"E56000035","E54000025","E00121438","E01023919","E02004985"
"AL8 7BZ","AL8  7BZ","AL8 7BZ","199712","199812","E10000015","E58000622","E07000241","E05011070","E43000083","1","523603","0213953","6","E18000006","E40000007","E92000001","E12000006","5","E14001573","E15000006","E24000005","E30000272","E16000150","E07000241","26ULGY","E00121674","26ULGY","E65000001","E01023959","E02004982","5","4B3","E00121674","E01023959","E02004982","E33027634","E38000049","E63011463","C1","6A1",51.810555,-0.208480,"E37000048","","E23000027",32657,"E56000035","E54000025","E00121674","E01023959","E02004982"
"AL8 7DA","AL8  7DA","AL8 7DA","199301","200110","E10000015","E58000623","E07000241","E05011069","E43000083","1","524487","0213299","1","E18000006","E40000007","E92000001","E12000006","5","E14001573","E15000006","E24000005","E30000272","E16000150","E07000241","26ULGX","E00121637","26ULGX","E65000001","E01023954","E02004986","5","5B2","E00121637","E01023954","E02004986","E33024496","E38000049","E63011463","C1","7A3",51.804482,-0.195898,"E37000048","","E23000027",7164,"E56000035","E54000025","E00190264","E01035604","E02004986"
"AL8 7DB","AL8  7DB","AL8 7DB","199507","199812","E10000015","E58000622","E07000241","E05011070","E43000083","1","523603","0213953","6","E18000006","E40000007","E92000001","E12000006","5","E14001573","E15000006","E24000005","E30000272","E16000150","E07000241","26ULGY","E00121674","26ULGY","E65000001","E01023959","E02004982","5","4B3","E00121674","E01023959","E02004982","E33027634","E38000049","E63011463","C1","6A1",51.810555,-0.208480,"E37000048","","E23000027",32657,"E56000035","E54000025","E00121674","E01023959","E02004982"
"AL8 7DD","AL8  7DD","AL8 7DD","199002","200812","E10000015","E58000623","E07000241","E05011069","E43000083","1","524487","0213299","1","E18000006","E40000007","E92000001","E12000006","5","E14001573","E15000006","E24000005","E30000272","E16000150","E07000241","26ULGX","E00121637","26ULGX","E65000001","E01023954","E02004986","5","5B2","E00121637","E01023954","E02004986","E33024496","E38000049","E63011463","C1","7A3",51.804482,-0.195898,"E37000048","","E23000027",7164,"E56000035","E54000025","E00190264","E01035604","E02004986"
"AL8 7DE","AL8  7DE","AL8 7DE","199507","199612","E10000015","E58000623","E07000241","E05011060","E43000083","1","523200","0213200","8","E18000006","E40000007","E92000001","E12000006","5","E14001573","E15000006","E24000005","E30000272","E16000150","E07000241","26ULGL","E00121457","26ULGL","E65000001","E01023919","E02004985","5","4B3","E00121457","E01023919","E02004985","E33027641","E38000049","E63011463","C1","6A1",51.803877,-0.214590,"E37000048","","E23000027",32599,"E56000035","E54000025","E00121457","E01023919","E02004985"
"AL8 7DF","AL8  7DF","AL8 7DF","198001","","E10000015","E58000623","E07000241","E05011060","E43000083","0","523198","0213186","1","E18000006","E40000007","E92000001","E12000006","5","E14001573","E15000006","E24000005","E30000272","E16000150","E07000241","26ULGL","E00121457","26ULGL","E65000001","E01023919","E02004985","5","4B3","E00121457","E01023919","E02004985","E33027641","E38000049","E63011463","C1","6A1",51.803758,-0.214600,"E37000048","","E23000027",32599,"E56000035","E54000025","E00121457","E01023919","E02004985"
"AL8 7DG","AL8  7DG","AL8 7DG","198001","","E10000015","E58000623","E07000241","E05011060","E43000083","0","523238","0213187","1","E18000006","E40000007","E92000001","E12000006","5","E14001573","E15000006","E24000005","E30000272","E16000150","E07000241","26ULGL","E00121456","26ULGL","E65000001","E01023919","E02004985","5","4D1","E00121456","E01023919","E02004985","E33027641","E38000049","E63011463","C1","5A2",51.803759,-0.214020,"E37000048","","E23000027",32599,"E56000035","E54000025","E00121456","E01023919","E02004985"
"AL8 7DH","AL8  7DH","AL8 7DH","198001","","E10000015","E58000623","E07000241","E05011060","E43000083","0","523083","0212938","1","E18000006","E40000007","E92000001","E12000006","5","E14001573","E15000006","E24000005","E30000272","E16000150","E07000241","26ULGL","E00121457","26ULGL","E65000001","E01023919","E02004985","5","4B3","E00121457","E01023919","E02004985","E33027641","E38000049","E63011463","C1","6A1",51.801555,-0.216355,"E37000048","","E23000027",32599,"E56000035","E54000025","E00121457","E01023919","E02004985"
"AL8 7DJ","AL8  7DJ","AL8 7DJ","198001","","E10000015","E58000623","E07000241","E05011060","E43000083","0","523225","0213007","1","E18000006","E40000007","E92000001","E12000006","5","E14001573","E15000006","E24000005","E30000272","E16000150","E07000241","26ULGL","E00121457","26ULGL","E65000001","E01023919","E02004985","5","4B3","E00121457","E01023919","E02004985","E33027641","E38000049","E63011463","C1","6A1",51.802144,-0.214272,"E37000048","","E23000027",32599,"E56000035","E54000025","E00121457","E01023919","E02004985"
"AL8 7DL","AL8  7DL","AL8 7DL","198001","","E10000015","E58000623","E07000241","E05011060","E43000083","0","523187","0212933","1","E18000006","E40000007","E92000001","E12000006","5","E14001573","E15000006","E24000005","E30000272","E16000150","E07000241","26ULGL","E00121457","26ULGL","E65000001","E01023919","E02004985","5","4B3","E00121457","E01023919","E02004985","E33027641","E38000049","E63011463","C1","6A1",51.801487,-0.214849,"E37000048","","E23000027",32599,"E56000035","E54000025","E00121457","E01023919","E02004985"
"AL8 7DN","AL8  7DN","AL8 7DN","198001","","E10000015","E58000623","E07000241","E05011060","E43000083","0","523041","0212955","1","E18000006","E40000007","E92000001","E12000006","5","E14001573","E15000006","E24000005","E30000272","E16000150","E07000241","26ULGL","E00121457","26ULGL","E65000001","E01023919","E02004985","5","4B3","E00121457","E01023919","E02004985","E33027641","E38000049","E63011463","C1","6A1",51.801717,-0.216958,"E37000048","","E23000027",32599,"E56000035","E54000025","E00121457","E01023919","E02004985"
"AL8 7DP","AL8  7DP","AL8 7DP","198001","","E10000015","E58000623","E07000241","E05011060","E43000083","0","522846","0212787","1","E18000006","E40000007","E92000001","E12000006","5","E14001573","E15000006","E24000005","E30000272","E16000150","E07000241","26ULGL","E00121438","26ULGL","E65000001","E01023919","E02004985","5","4B4","E00121438","E01023919","E02004985","E33027641","E38000049","E63011463","C1","6A4",51.800250,-0.219844,"E37000048","","E23000027",32599,"E56000035","E54000025","E00121438","E01023919","E02004985"
"AL8 7DQ","AL8  7DQ","AL8 7DQ","198001","","E10000015","E58000623","E07000241","E05011060","E43000083","0","523124","0213125","1","E18000006","E40000007","E92000001","E12000006","5","E14001573","E15000006","E24000005","E30000272","E16000150","E07000241","26ULGL","E00121457","26ULGL","E65000001","E01023919","E02004985","5","4B3","E00121457","E01023919","E02004985","E33027641","E38000049","E63011463","C1","6A1",51.803226,-0.215694,"E37000048","","E23000027",32599,"E56000035","E54000025","E00121457","E01023919","E02004985"
"AL8 7DR","AL8  7DR","AL8 7DR","198001","","E10000015","E58000623","E07000241","E05011060","E43000083","0","522880","0212765","1","E18000006","E40000007","E92000001","E12000006","5","E14001573","E15000006","E24000005","E30000272","E16000150","E07000241","26ULGL","E00121436","26ULGL","E65000001","E01023919","E02004985","5","6B2","E00121436","E01023919","E02004985","E33027639","E38000049","E63011463","C1","5A2",51.800045,-0.219359,"E37000048","","E23000027",32599,"E56000035","E54000025","E00121436","E01023919","E02004985"
"AL8 7DS","AL8  7DS","AL8 7DS","198001","","E10000015","E58000623","E07000241","E05011060","E43000083","0","522786","0212633","1","E18000006","E40000007","E92000001","E12000006","5","E14001573","E15000006","E24000005","E30000272","E16000150","E07000241","26ULGL","E00121436","26ULGL","E65000001","E01023919","E02004985","5","6B2","E00121436","E01023919","E02004985","E33027639","E38000049","E63011463","C1","5A2",51.798873,-0.220792,"E37000048","","E23000027",32599,"E56000035","E54000025","E00121436","E01023919","E02004985"
"AL8 7DT","AL8  7DT","AL8 7DT","199412","199507","E10000015","E58000623","E07000241","E05011060","E43000083","1","522800","0212700","8","E18000006","E40000007","E92000001","E12000006","5","E14001573","E15000006","E24000005","E30000272","E16000150","E07000241","26ULGL","E00121436","26ULGL","E65000001","E01023919","E02004985","5","6B2","E00121436","E01023919","E02004985","E33027639","E38000049","E63011463","C1","5A2",51.799472,-0.220565,"E37000048","","E23000027",32599,"E56000035","E54000025","E00121436","E01023919","E02004985"
"AL8 7DU","AL8  7DU","AL8 7DU","201912","","E10000015","E58000675","E07000241","E05011070","E43000083","0","523071","0214600","1","E18000006","E40000007","E92000001","E12000006","5","E14001573","E15000006","E24000005","E30000272","E16000150","E07000241","26ULGY","E00121667","26ULGY","E65000001","E01023962","E02004982","5","1A3","E00121667","E01023962","E02004982","E33027634","E38000049","E63011463","C1","8D2",51.816494,-0.215939,"E37000048","","E23000027",30011,"E56000035","E54000025","E00121667","E01023962","E02004982"
"AL8 7DW","AL8  7DW","AL8 7DW","198001","","E10000015","E58000623","E07000241","E05011060","E43000083","0","523035","0213057","1","E18000006","E40000007","E92000001","E12000006","5","E14001573","E15000006","E24000005","E30000272","E16000150","E07000241","26ULGL","E00121457","26ULGL","E65000001","E01023919","E02004985","5","4B3","E00121457","E01023919","E02004985","E33027641","E38000049","E63011463","C1","6A1",51.802635,-0.217008,"E37000048","","E23000027",32599,"E56000035","E54000025","E00121457","E01023919","E02004985"
"AL8 7DX","AL8  7DX","AL8 7DX","199912","200101","E10000015","E58000622","E07000241","E05011070","E43000083","1","523603","0213953","6","E18000006","E40000007","E92000001","E12000006","5","E14001573","E15000006","E24000005","E30000272","E16000150","E07000241","26ULGY","E00121674","26ULGY","E65000001","E01023959","E02004982","5","4B3","E00121674","E01023959","E02004982","E33027634","E38000049","E63011463","C1","6A1",51.810555,-0.208480,"E37000048","","E23000027",32657,"E56000035","E54000025","E00121674","E01023959","E02004982"
"AL8 7DY","AL8  7DY","AL8 7DY","202009","","E10000015","E58000628","E07000241","E05011064","E04004819","0","522555","0211054","1","E18000006","E40000007","E92000001","E12000006","5","E14001573","E15000006","E24000005","E30000272","E16000150","E07000241","26ULGP","E00121521","26ULGP","E65000001","E01023928","E02004981","8","3C2","E00173253","E01033313","E02004981","E33027628","E38000049","","C1","6A1",51.784740,-0.224672,"E37000048","","E23000027",28266,"E56000035","E54000025","E00173253","E01033313","E02004981"
"AL8 7DZ","AL8  7DZ","AL8 7DZ","202203","","E10000015","E58000628","E07000241","E05011064","E04004819","0","522324","0211415","1","E18000006","E40000007","E92000001","E12000006","5","E14001573","E15000006","E24000005","E30000272","E16000150","E07000241","26ULGP","E00121521","26ULGP","E65000001","E01023928","E02004981","8","3C2","E00173253","E01033313","E02004981","E33027628","E38000049","","C1","6A1",51.788034,-0.227893,"E37000048","","E23000027",28266,"E56000035","E54000025","E00173253","E01033313","E02004981"
"AL8 7EA","AL8  7EA","AL8 7EA","198001","","E10000015","E58000675","E07000241","E05011070","E43000083","0","523458","0214663","1","E18000006","E40000007","E92000001","E12000006","5","E14001573","E15000006","E24000005","E30000272","E16000150","E07000241","26ULGY","E00121664","26ULGY","E65000001","E01023962","E02004982","5","6B2","E00121664","E01023962","E02004982","E33027634","E38000049","E63011463","C1","5A1",51.816968,-0.210329,"E37000048","","E23000027",30011,"E56000035","E54000025","E00121664","E01023962","E02004982"
"AL8 7EB","AL8  7EB","AL8 7EB","198001","","E10000015","E58000675","E07000241","E05011070","E43000083","0","523437","0214736","1","E18000006","E40000007","E92000001","E12000006","5","E14001573","E15000006","E24000005","E30000272","E16000150","E07000241","26ULGY","E00121658","26ULGY","E65000001","E01023962","E02004982","5","4B4","E00121658","E01023962","E02004982","E33027633","E38000049","E63011463","C1","6A2",51.817635,-0.210584,"E37000048","","E23000027",30011,"E56000035","E54000025","E00121658","E01023962","E02004982"
"AL8 7ED","AL8  7ED","AL8 7ED","198001","","E10000015","E58000675","E07000241","E05011070","E43000083","0","523260","0214811","1","E18000006","E40000007","E92000001","E12000006","5","E14001573","E15000006","E24000005","E30000272","E16000150","E07000241","26ULGY","E00121664","26ULGY","E65000001","E01023962","E02004982","5","6B2","E00121664","E01023962","E02004982","E33027634","E38000049","E63011463","C1","5A1",51.818348,-0.213123,"E37000048","","E23000027",30011,"E56000035","E54000025","E00121664","E01023962","E02004982"
"AL8 7EE","AL8  7EE","AL8 7EE","198001","","E10000015","E58000675","E07000241","E05011070","E43000083","0","523250","0214912","1","E18000006","E40000007","E92000001","E12000006","5","E14001573","E15000006","E24000005","E30000272","E16000150","E07000241","26ULGY","E00121658","26ULGY","E65000001","E01023962","E02004982","5","4B4","E00121658","E01023962","E02004982","E33027633","E38000049","E63011463","C1","6A2",51.819258,-0.213233,"E37000048","","E23000027",30011,"E56000035","E54000025","E00121658","E01023962","E02004982"
"AL8 7EF","AL8  7EF","AL8 7EF","198001","","E10000015","E58000675","E07000241","E05011070","E43000083","0","523381","0214646","1","E18000006","E40000007","E92000001","E12000006","5","E14001573","E15000006","E24000005","E30000272","E16000150","E07000241","26ULGY","E00121664","26ULGY","E65000001","E01023962","E02004982","5","6B2","E00121664","E01023962","E02004982","E33027634","E38000049","E63011463","C1","5A1",51.816839,-0.211428,"E37000048","","E23000027",30011,"E56000035","E54000025","E00121664","E01023962","E02004982"
"AL8 7EG","AL8  7EG","AL8 7EG","198001","","E10000015","E58000675","E07000241","E05011070","E43000083","0","523325","0214675","1","E18000006","E40000007","E92000001","E12000006","5","E14001573","E15000006","E24000005","E30000272","E16000150","E07000241","26ULGY","E00121664","26ULGY","E65000001","E01023962","E02004982","5","6B2","E00121664","E01023962","E02004982","E33027634","E38000049","E63011463","C1","5A1",51.817105,-0.212253,"E37000048","","E23000027",30011,"E56000035","E54000025","E00121664","E01023962","E02004982"
"AL8 7EH","AL8  7EH","AL8 7EH","198001","","E10000015","E58000675","E07000241","E05011070","E43000083","0","523225","0214675","1","E18000006","E40000007","E92000001","E12000006","5","E14001573","E15000006","E24000005","E30000272","E16000150","E07000241","26ULGY","E00121667","26ULGY","E65000001","E01023962","E02004982","5","1A3","E00121667","E01023962","E02004982","E33027634","E38000049","E63011463","C1","8D2",51.817134,-0.213679,"E37000048","","E23000027",30011,"E56000035","E54000025","E00121667","E01023962","E02004982"
"AL8 7EJ","AL8  7EJ","AL8 7EJ","198001","","E10000015","E58000675","E07000241","E05011070","E43000083","0","523188","0214598","1","E18000006","E40000007","E92000001","E12000006","5","E14001573","E15000006","E24000005","E30000272","E16000150","E07000241","26ULGY","E00121667","26ULGY","E65000001","E01023962","E02004982","5","1A3","E00121667","E01023962","E02004982","E33027634","E38000049","E63011463","C1","8D2",51.816450,-0.214243,"E37000048","","E23000027",30011,"E56000035","E54000025","E00121667","E01023962","E02004982"
"AL8 7EL","AL8  7EL","AL8 7EL","198001","","E10000015","E58000675","E07000241","E05011070","E43000083","0","523124","0214723","1","E18000006","E40000007","E92000001","E12000006","5","E14001573","E15000006","E24000005","E30000272","E16000150","E07000241","26ULGY","E00121667","26ULGY","E65000001","E01023962","E02004982","5","1A3","E00121667","E01023962","E02004982","E33027634","E38000049","E63011463","C1","8D2",51.817587,-0.215127,"E37000048","","E23000027",30011,"E56000035","E54000025","E00121667","E01023962","E02004982"
"AL8 7EN","AL8  7EN","AL8 7EN","198001","","E10000015","E58000675","E07000241","E05011070","E43000083","0","523276","0214731","1","E18000006","E40000007","E92000001","E12000006","5","E14001573","E15000006","E24000005","E30000272","E16000150","E07000241","26ULGY","E00121667","26ULGY","E65000001","E01023962","E02004982","5","1A3","E00121667","E01023962","E02004982","E33027634","E38000049","E63011463","C1","8D2",51.817626,-0.212920,"E37000048","","E23000027",30011,"E56000035","E54000025","E00121667","E01023962","E02004982"
"AL8 7EP","AL8  7EP","AL8 7EP","198001","","E10000015","E58000675","E07000241","E05011070","E43000083","0","523374","0214749","1","E18000006","E40000007","E92000001","E12000006","5","E14001573","E15000006","E24000005","E30000272","E16000150","E07000241","26ULGY","E00121664","26ULGY","E65000001","E01023962","E02004982","5","6B2","E00121664","E01023962","E02004982","E33027634","E38000049","E63011463","C1","5A1",51.817766,-0.211492,"E37000048","","E23000027",30011,"E56000035","E54000025","E00121664","E01023962","E02004982"
"AL8 7EQ","AL8  7EQ","AL8 7EQ","198001","","E10000015","E58000675","E07000241","E05011070","E43000083","0","523216","0214643","1","E18000006","E40000007","E92000001","E12000006","5","E14001573","E15000006","E24000005","E30000272","E16000150","E07000241","26ULGY","E00121667","26ULGY","E65000001","E01023962","E02004982","5","1A3","E00121667","E01023962","E02004982","E33027634","E38000049","E63011463","C1","8D2",51.816848,-0.213821,"E37000048","","E23000027",30011,"E56000035","E54000025","E00121667","E01023962","E02004982"
"AL8 7ER","AL8  7ER","AL8 7ER","199208","199507","E10000015","E58000675","E07000241","E05011070","E43000083","1","523300","0214700","8","E18000006","E40000007","E92000001","E12000006","5","E14001573","E15000006","E24000005","E30000272","E16000150","E07000241","26ULGY","E00121667","26ULGY","E65000001","E01023962","E02004982","5","1A3","E00121667","E01023962","E02004982","E33027634","E38000049","E63011463","C1","8D2",51.817335,-0.212607,"E37000048","","E23000027",30011,"E56000035","E54000025","E00121667","E01023962","E02004982"
"AL8 7ES","AL8  7ES","AL8 7ES","199512","199912","E10000015","E58000622","E07000241","E05011070","E43000083","1","523603","0213953","6","E18000006","E40000007","E92000001","E12000006","5","E14001573","E15000006","E24000005","E30000272","E16000150","E07000241","26ULGY","E00121674","26ULGY","E65000001","E01023959","E02004982","5","4B3","E00121674","E01023959","E02004982","E33027634","E38000049","E63011463","C1","6A1",51.810555,-0.208480,"E37000048","","E23000027",32657,"E56000035","E54000025","E00121674","E01023959","E02004982"
"AL8 7EW","AL8  7EW","AL8 7EW","198001","","E10000015","E58000675","E07000241","E05011070","E43000083","0","523251","0214776","1","E18000006","E40000007","E92000001","E12000006","5","E14001573","E15000006","E24000005","E30000272","E16000150","E07000241","26ULGY","E00121667","26ULGY","E65000001","E01023962","E02004982","5","1A3","E00121667","E01023962","E02004982","E33027634","E38000049","E63011463","C1","8D2",51.818036,-0.213266,"E37000048","","E23000027",30011,"E56000035","E54000025","E00121667","E01023962","E02004982"
"AL8 7FT","AL8  7FT","AL8 7FT","199912","200112","E10000015","E58000623","E07000241","E05011069","E43000083","1","524487","0213299","1","E18000006","E40000007","E92000001","E12000006","5","E14001573","E15000006","E24000005","E30000272","E16000150","E07000241","26ULGX","E00121637","26ULGX","E65000001","E01023954","E02004986","5","5B2","E00121637","E01023954","E02004986","E33024496","E38000049","E63011463","C1","7A3",51.804482,-0.195898,"E37000048","","E23000027",7164,"E56000035","E54000025","E00190264","E01035604","E02004986"
"AL8 7HA","AL8  7HA","AL8 7HA","198001","","E10000015","E58000675","E07000241","E05011070","E43000083","0","524213","0214110","1","E18000006","E40000007","E92000001","E12000006","5","E14001573","E15000006","E24000005","E30000272","E16000150","E07000241","26ULGY","E00121671","26ULGY","E65000001","E01023961","E02004982","5","1A3","E00121671","E01023961","E02004982","E33027634","E38000049","E63011463","C1","8D2",51.811838,-0.199556,"E37000048","","E23000027",19963,"E56000035","E54000025","E00121671","E01023961","E02004982"
"AL8 7HB","AL8  7HB","AL8 7HB","198001","","E10000015","E58000675","E07000241","E05011070","E43000083","0","524058","0214161","1","E18000006","E40000007","E92000001","E12000006","5","E14001573","E15000006","E24000005","E30000272","E16000150","E07000241","26ULGY","E00121669","26ULGY","E65000001","E01023961","E02004982","5","5B2","E00121669","E01023961","E02004982","E33027634","E38000049","E63011463","C1","7A3",51.812324,-0.201809,"E37000048","","E23000027",19963,"E56000035","E54000025","E00121669","E01023961","E02004982"
"AL8 7HD","AL8  7HD","AL8 7HD","198001","","E10000015","E58000675","E07000241","E05011070","E43000083","0","523931","0214195","1","E18000006","E40000007","E92000001","E12000006","5","E14001573","E15000006","E24000005","E30000272","E16000150","E07000241","26ULGY","E00121670","26ULGY","E65000001","E01023961","E02004982","5","1C1","E00121670","E01023961","E02004982","E33027634","E38000049","E63011463","C1","8C1",51.812657,-0.203638,"E37000048","","E23000027",19963,"E56000035","E54000025","E00121670","E01023961","E02004982"
"AL8 7HE","AL8  7HE","AL8 7HE","198001","","E10000015","E58000675","E07000241","E05011070","E43000083","0","523926","0214383","1","E18000006","E40000007","E92000001","E12000006","5","E14001573","E15000006","E24000005","E30000272","E16000150","E07000241","26ULGY","E00121666","26ULGY","E65000001","E01023960","E02004982","5","1A3","E00121666","E01023960","E02004982","E33027634","E38000049","E63011463","C1","4A1",51.814355,-0.203619,"E37000048","","E23000027",21489,"E56000035","E54000025","E00121666","E01023960","E02004982"
"AL8 7HF","AL8  7HF","AL8 7HF","198001","","E10000015","E58000675","E07000241","E05011070","E43000083","0","524040","0214664","1","E18000006","E40000007","E92000001","E12000006","5","E14001573","E15000006","E24000005","E30000272","E16000150","E07000241","26ULGY","E00121662","26ULGY","E65000001","E01023960","E02004982","5","1A2","E00121662","E01023960","E02004982","E33027633","E38000049","E63011463","C1","8A1",51.816848,-0.201890,"E37000048","","E23000027",21489,"E56000035","E54000025","E00121662","E01023960","E02004982"
"AL8 7HG","AL8  7HG","AL8 7HG","198001","","E10000015","E58000675","E07000241","E05011070","E43000083","0","524112","0214647","1","E18000006","E40000007","E92000001","E12000006","5","E14001573","E15000006","E24000005","E30000272","E16000150","E07000241","26ULGY","E00121662","26ULGY","E65000001","E01023960","E02004982","5","1A2","E00121662","E01023960","E02004982","E33027633","E38000049","E63011463","C1","8A1",51.816686,-0.200828,"E37000048","","E23000027",21489,"E56000035","E54000025","E00121662","E01023960","E02004982"
"AL8 7HH","AL8  7HH","AL8 7HH","198001","","E10000015","E58000675","E07000241","E05011070","E43000083","0","524033","0214475","1","E18000006","E40000007","E92000001","E12000006","5","E14001573","E15000006","E24000005","E30000272","E16000150","E07000241","26ULGY","E00121662","26ULGY","E65000001","E01023960","E02004982","5","1A2","E00121662","E01023960","E02004982","E33027633","E38000049","E63011463","C1","8A1",51.815158,-0.202035,"E37000048","","E23000027",21489,"E56000035","E54000025","E00121662","E01023960","E02004982"
"AL8 7HJ","AL8  7HJ","AL8 7HJ","198001","","E10000015","E58000675","E07000241","E05011070","E43000083","0","524020","0214357","1","E18000006","E40000007","E92000001","E12000006","5","E14001573","E15000006","E24000005","E30000272","E16000150","E07000241","26ULGY","E00121670","26ULGY","E65000001","E01023961","E02004982","5","1C1","E00121670","E01023961","E02004982","E33027634","E38000049","E63011463","C1","8C1",51.814100,-0.202266,"E37000048","","E23000027",19963,"E56000035","E54000025","E00121670","E01023961","E02004982"
"AL8 7HL","AL8  7HL","AL8 7HL","198001","","E10000015","E58000675","E07000241","E05011070","E43000083","0","523919","0214333","1","E18000006","E40000007","E92000001","E12000006","5","E14001573","E15000006","E24000005","E30000272","E16000150","E07000241","26ULGY","E00121666","26ULGY","E65000001","E01023960","E02004982","5","1A3","E00121666","E01023960","E02004982","E33027634","E38000049","E63011463","C1","4A1",51.813907,-0.203739,"E37000048","","E23000027",21489,"E56000035","E54000025","E00121666","E01023960","E02004982"
"AL8 7HN","AL8  7HN","AL8 7HN","198001","","E10000015","E58000675","E07000241","E05011070","E43000083","0","523902","0214266","1","E18000006","E40000007","E92000001","E12000006","5","E14001573","E15000006","E24000005","E30000272","E16000150","E07000241","26ULGY","E00121670","26ULGY","E65000001","E01023961","E02004982","5","1C1","E00121670","E01023961","E02004982","E33027634","E38000049","E63011463","C1","8C1",51.813309,-0.204009,"E37000048","","E23000027",19963,"E56000035","E54000025","E00121670","E01023961","E02004982"
"AL8 7HP","AL8  7HP","AL8 7HP","198001","","E10000015","E58000622","E07000241","E05011070","E43000083","0","523831","0214108","1","E18000006","E40000007","E92000001","E12000006","5","E14001573","E15000006","E24000005","E30000272","E16000150","E07000241","26ULGY","E00121672","26ULGY","E65000001","E01023960","E02004982","5","4B4","E00121672","E01023960","E02004982","E33027634","E38000049","E63011463","C1","6B1",51.811904,-0.205095,"E37000048","","E23000027",21489,"E56000035","E54000025","E00121672","E01023960","E02004982"
"AL8 7HQ","AL8  7HQ","AL8 7HQ","198001","","E10000015","E58000675","E07000241","E05011070","E43000083","0","524086","0214572","1","E18000006","E40000007","E92000001","E12000006","5","E14001573","E15000006","E24000005","E30000272","E16000150","E07000241","26ULGY","E00121662","26ULGY","E65000001","E01023960","E02004982","5","1A2","E00121662","E01023960","E02004982","E33027633","E38000049","E63011463","C1","8A1",51.816018,-0.201232,"E37000048","","E23000027",21489,"E56000035","E54000025","E00121662","E01023960","E02004982"
"AL8 7HR","AL8  7HR","AL8 7HR","198001","","E10000015","E58000622","E07000241","E05011070","E43000083","0","523798","0214066","1","E18000006","E40000007","E92000001","E12000006","5","E14001573","E15000006","E24000005","E30000272","E16000150","E07000241","26ULGY","E00121672","26ULGY","E65000001","E01023960","E02004982","5","4B4","E00121672","E01023960","E02004982","E33027634","E38000049","E63011463","C1","6B1",51.811534,-0.205588,"E37000048","","E23000027",21489,"E56000035","E54000025","E00121672","E01023960","E02004982"
"AL8 7HS","AL8  7HS","AL8 7HS","198001","","E10000015","E58000622","E07000241","E05011070","E43000083","0","523747","0213995","1","E18000006","E40000007","E92000001","E12000006","5","E14001573","E15000006","E24000005","E30000272","E16000150","E07000241","26ULGY","E00121672","26ULGY","E65000001","E01023960","E02004982","5","4B4","E00121672","E01023960","E02004982","E33027634","E38000049","E63011463","C1","6B1",51.810908,-0.206353,"E37000048","","E23000027",21489,"E56000035","E54000025","E00121672","E01023960","E02004982"
"AL8 7HT","AL8  7HT","AL8 7HT","198001","","E10000015","E58000622","E07000241","E05011070","E43000083","0","523646","0214040","1","E18000006","E40000007","E92000001","E12000006","5","E14001573","E15000006","E24000005","E30000272","E16000150","E07000241","26ULGY","E00121672","26ULGY","E65000001","E01023960","E02004982","5","4B4","E00121672","E01023960","E02004982","E33027634","E38000049","E63011463","C1","6B1",51.811334,-0.207801,"E37000048","","E23000027",21489,"E56000035","E54000025","E00121672","E01023960","E02004982"
"AL8 7HU","AL8  7HU","AL8 7HU","198001","","E10000015","E58000622","E07000241","E05011070","E43000083","0","523631","0214079","1","E18000006","E40000007","E92000001","E12000006","5","E14001573","E15000006","E24000005","E30000272","E16000150","E07000241","26ULGY","E00121672","26ULGY","E65000001","E01023960","E02004982","5","4B4","E00121672","E01023960","E02004982","E33027634","E38000049","E63011463","C1","6B1",51.811688,-0.208005,"E37000048","","E23000027",21489,"E56000035","E54000025","E00121672","E01023960","E02004982"
"AL8 7HW","AL8  7HW","AL8 7HW","198001","","E10000015","E58000675","E07000241","E05011070","E43000083","0","523983","0214272","1","E18000006","E40000007","E92000001","E12000006","5","E14001573","E15000006","E24000005","E30000272","E16000150","E07000241","26ULGY","E00121670","26ULGY","E65000001","E01023961","E02004982","5","1C1","E00121670","E01023961","E02004982","E33027634","E38000049","E63011463","C1","8C1",51.813345,-0.202833,"E37000048","","E23000027",19963,"E56000035","E54000025","E00121670","E01023961","E02004982"
"AL8 7HX","AL8  7HX","AL8 7HX","198001","","E10000015","E58000622","E07000241","E05011070","E43000083","0","523655","0213995","1","E18000006","E40000007","E92000001","E12000006","5","E14001573","E15000006","E24000005","E30000272","E16000150","E07000241","26ULGY","E00121674","26ULGY","E65000001","E01023959","E02004982","5","4B3","E00121674","E01023959","E02004982","E33027634","E38000049","E63011463","C1","6A1",51.810928,-0.207687,"E37000048","","E23000027",32657,"E56000035","E54000025","E00121674","E01023959","E02004982"
"AL8 7HY","AL8  7HY","AL8 7HY","198001","","E10000015","E58000622","E07000241","E05011070","E43000083","0","523782","0213961","1","E18000006","E40000007","E92000001","E12000006","5","E14001573","E15000006","E24000005","E30000272","E16000150","E07000241","26ULGY","E00121672","26ULGY","E65000001","E01023960","E02004982","5","4B4","E00121672","E01023960","E02004982","E33027634","E38000049","E63011463","C1","6B1",51.810594,-0.205858,"E37000048","","E23000027",21489,"E56000035","E54000025","E00121672","E01023960","E02004982"
"AL8 7HZ","AL8  7HZ","AL8 7HZ","198001","","E10000015","E58000622","E07000241","E05011070","E43000083","0","523886","0213957","1","E18000006","E40000007","E92000001","E12000006","5","E14001573","E15000006","E24000005","E30000272","E16000150","E07000241","26ULGY","E00121672","26ULGY","E65000001","E01023960","E02004982","5","4B4","E00121672","E01023960","E02004982","E33027634","E38000049","E63011463","C1","6B1",51.810535,-0.204352,"E37000048","","E23000027",21489,"E56000035","E54000025","E00121672","E01023960","E02004982"
"AL8 7JA","AL8  7JA","AL8 7JA","198001","","E10000015","E58000622","E07000241","E05011070","E43000083","0","523911","0214031","1","E18000006","E40000007","E92000001","E12000006","5","E14001573","E15000006","E24000005","E30000272","E16000150","E07000241","26ULGY","E00121673","26ULGY","E65000001","E01023961","E02004982","5","6D1","E00121673","E01023961","E02004982","E33027634","E38000049","E63011463","C1","5A2",51.811188,-0.203986,"E37000048","","E23000027",19963,"E56000035","E54000025","E00121673","E01023961","E02004982"
"AL8 7JB","AL8  7JB","AL8 7JB","198001","","E10000015","E58000622","E07000241","E05011070","E43000083","0","523878","0214112","1","E18000006","E40000007","E92000001","E12000006","5","E14001573","E15000006","E24000005","E30000272","E16000150","E07000241","26ULGY","E00121670","26ULGY","E65000001","E01023961","E02004982","5","1C1","E00121670","E01023961","E02004982","E33027634","E38000049","E63011463","C1","8C1",51.811930,-0.204412,"E37000048","","E23000027",19963,"E56000035","E54000025","E00121670","E01023961","E02004982"
"AL8 7JD","AL8  7JD","AL8 7JD","198001","","E10000015","E58000622","E07000241","E05011070","E43000083","0","523918","0214113","1","E18000006","E40000007","E92000001","E12000006","5","E14001573","E15000006","E24000005","E30000272","E16000150","E07000241","26ULGY","E00121670","26ULGY","E65000001","E01023961","E02004982","5","1C1","E00121670","E01023961","E02004982","E33027634","E38000049","E63011463","C1","8C1",51.811923,-0.203856,"E37000048","","E23000027",19963,"E56000035","E54000025","E00121670","E01023961","E02004982"
"AL8 7JE","AL8  7JE","AL8 7JE","198001","","E10000015","E58000622","E07000241","E05011070","E43000083","0","524123","0214057","1","E18000006","E40000007","E92000001","E12000006","5","E14001573","E15000006","E24000005","E30000272","E16000150","E07000241","26ULGY","E00121671","26ULGY","E65000001","E01023961","E02004982","5","1A3","E00121671","E01023961","E02004982","E33027634","E38000049","E63011463","C1","8D2",51.811381,-0.200880,"E37000048","","E23000027",19963,"E56000035","E54000025","E00121671","E01023961","E02004982"
"AL8 7JL","AL8  7JL","AL8 7JL","198607","199212","E10000015","E58000622","E07000241","E05011070","E43000083","1","523900","0213800","8","E18000006","E40000007","E92000001","E12000006","5","E14001573","E15000006","E24000005","E30000272","E16000150","E07000241","26ULGY","E00121657","26ULGY","E65000001","E01023959","E02004982","5","4D2","E00121657","E01023959","E02004982","E33027634","E38000049","E63011463","C1","5A2",51.809115,-0.204228,"E37000048","","E23000027",32657,"E56000035","E54000025","E00121657","E01023959","E02004982"
"AL8 7JN","AL8  7JN","AL8 7JN","198001","199612","E10000015","E58000622","E07000241","E05011070","E43000083","1","523700","0213500","8","E18000006","E40000007","E92000001","E12000006","5","E14001573","E15000006","E24000005","E30000272","E16000150","E07000241","26ULGY","E00121657","26ULGY","E65000001","E01023959","E02004982","5","4D2","E00121657","E01023959","E02004982","E33027634","E38000049","E63011463","C1","5A2",51.806463,-0.207235,"E37000048","","E23000027",32657,"E56000035","E54000025","E00121657","E01023959","E02004982"
"AL8 7JP","AL8  7JP","AL8 7JP","198001","","E10000015","E58000622","E07000241","E05011070","E43000083","0","523665","0213628","1","E18000006","E40000007","E92000001","E12000006","5","E14001573","E15000006","E24000005","E30000272","E16000150","E07000241","26ULGY","E00121656","26ULGY","E65000001","E01023959","E02004982","5","4D1","E00121656","E01023959","E02004982","E33027634","E38000049","E63011463","C1","6A2",51.807628,-0.207673,"E37000048","","E23000027",32657,"E56000035","E54000025","E00121656","E01023959","E02004982"
"AL8 7JQ","AL8  7JQ","AL8 7JQ","199712","","E10000015","E58000622","E07000241","E05011070","E43000083","0","523674","0213514","1","E18000006","E40000007","E92000001","E12000006","5","E14001573","E15000006","E24000005","E30000272","E16000150","E07000241","26ULGY","E00121657","26ULGY","E65000001","E01023959","E02004982","5","4D2","E00121657","E01023959","E02004982","E33027634","E38000049","E63011463","C1","5A2",51.806601,-0.207583,"E37000048","","E23000027",32657,"E56000035","E54000025","E00121657","E01023959","E02004982"
"AL8 7JR","AL8  7JR","AL8 7JR","198001","199501","E10000015","E58000622","E07000241","E05011070","E43000083","1","523600","0213700","8","E18000006","E40000007","E92000001","E12000006","5","E14001573","E15000006","E24000005","E30000272","E16000150","E07000241","26ULGY","E00121674","26ULGY","E65000001","E01023959","E02004982","5","4B3","E00121674","E01023959","E02004982","E33027634","E38000049","E63011463","C1","6A1",51.808282,-0.208613,"E37000048","","E23000027",32657,"E56000035","E54000025","E00121674","E01023959","E02004982"
"AL8 7JS","AL8  7JS","AL8 7JS","198001","","E10000015","E58000622","E07000241","E05011070","E43000083","0","523496","0213632","1","E18000006","E40000007","E92000001","E12000006","5","E14001573","E15000006","E24000005","E30000272","E16000150","E07000241","26ULGY","E00121656","26ULGY","E65000001","E01023959","E02004982","5","4D1","E00121656","E01023959","E02004982","E33027634","E38000049","E63011463","C1","6A2",51.807701,-0.210121,"E37000048","","E23000027",32657,"E56000035","E54000025","E00121656","E01023959","E02004982"
"AL8 7JT","AL8  7JT","AL8 7JT","198001","","E10000015","E58000622","E07000241","E05011070","E43000083","0","523584","0213761","1","E18000006","E40000007","E92000001","E12000006","5","E14001573","E15000006","E24000005","E30000272","E16000150","E07000241","26ULGY","E00121674","26ULGY","E65000001","E01023959","E02004982","5","4B3","E00121674","E01023959","E02004982","E33027634","E38000049","E63011463","C1","6A1",51.808841,-0.208800,"E37000048","","E23000027",32657,"E56000035","E54000025","E00121674","E01023959","E02004982"
"AL8 7JU","AL8  7JU","AL8 7JU","198001","","E10000015","E58000622","E07000241","E05011070","E43000083","0","523609","0213704","1","E18000006","E40000007","E92000001","E12000006","5","E14001573","E15000006","E24000005","E30000272","E16000150","E07000241","26ULGY","E00121674","26ULGY","E65000001","E01023959","E02004982","5","4B3","E00121674","E01023959","E02004982","E33027634","E38000049","E63011463","C1","6A1",51.808323,-0.208458,"E37000048","","E23000027",32657,"E56000035","E54000025","E00121674","E01023959","E02004982"
"AL8 7JW","AL8  7JW","AL8 7JW","198001","","E10000015","E58000622","E07000241","E05011070","E43000083","0","523606","0213589","1","E18000006","E40000007","E92000001","E12000006","5","E14001573","E15000006","E24000005","E30000272","E16000150","E07000241","26ULGY","E00121656","26ULGY","E65000001","E01023959","E02004982","5","4D1","E00121656","E01023959","E02004982","E33027634","E38000049","E63011463","C1","6A2",51.807290,-0.208542,"E37000048","","E23000027",32657,"E56000035","E54000025","E00121656","E01023959","E02004982"
"AL8 7JX","AL8  7JX","AL8 7JX","198001","","E10000015","E58000622","E07000241","E05011070","E43000083","0","523517","0213518","1","E18000006","E40000007","E92000001","E12000006","5","E14001573","E15000006","E24000005","E30000272","E16000150","E07000241","26ULGY","E00121656","26ULGY","E65000001","E01023959","E02004982","5","4D1","E00121656","E01023959","E02004982","E33027634","E38000049","E63011463","C1","6A2",51.806672,-0.209857,"E37000048","","E23000027",32657,"E56000035","E54000025","E00121656","E01023959","E02004982"
"AL8 7JY","AL8  7JY","AL8 7JY","198001","","E10000015","E58000622","E07000241","E05011070","E43000083","0","523477","0213559","1","E18000006","E40000007","E92000001","E12000006","5","E14001573","E15000006","E24000005","E30000272","E16000150","E07000241","26ULGY","E00121656","26ULGY","E65000001","E01023959","E02004982","5","4D1","E00121656","E01023959","E02004982","E33027634","E38000049","E63011463","C1","6A2",51.807049,-0.210423,"E37000048","","E23000027",32657,"E56000035","E54000025","E00121656","E01023959","E02004982"
"AL8 7JZ","AL8  7JZ","AL8 7JZ","198001","","E10000015","E58000622","E07000241","E05011070","E43000083","0","523354","0213456","1","E18000006","E40000007","E92000001","E12000006","5","E14001573","E15000006","E24000005","E30000272","E16000150","E07000241","26ULGY","E00121656","26ULGY","E65000001","E01023959","E02004982","5","4D1","E00121656","E01023959","E02004982","E33027634","E38000049","E63011463","C1","6A2",51.806144,-0.212266,"E37000048","","E23000027",32657,"E56000035","E54000025","E00121656","E01023959","E02004982"
"AL8 7LA","AL8  7LA","AL8 7LA","198001","","E10000015","E58000622","E07000241","E05011070","E43000083","0","523198","0213469","1","E18000006","E40000007","E92000001","E12000006","5","E14001573","E15000006","E24000005","E30000272","E16000150","E07000241","26ULGY","E00121656","26ULGY","E65000001","E01023959","E02004982","5","4D1","E00121656","E01023959","E02004982","E33027634","E38000049","E63011463","C1","6A2",51.806302,-0.214499,"E37000048","","E23000027",32657,"E56000035","E54000025","E00121656","E01023959","E02004982"
"AL8 7LB","AL8  7LB","AL8 7LB","198001","","E10000015","E58000622","E07000241","E05011070","E43000083","0","523355","0213563","1","E18000006","E40000007","E92000001","E12000006","5","E14001573","E15000006","E24000005","E30000272","E16000150","E07000241","26ULGY","E00121656","26ULGY","E65000001","E01023959","E02004982","5","4D1","E00121656","E01023959","E02004982","E33027634","E38000049","E63011463","C1","6A2",51.807112,-0.212190,"E37000048","","E23000027",32657,"E56000035","E54000025","E00121656","E01023959","E02004982"
"AL8 7LD","AL8  7LD","AL8 7LD","198001","","E10000015","E58000622","E07000241","E05011070","E43000083","0","523372","0213508","1","E18000006","E40000007","E92000001","E12000006","5","E14001573","E15000006","E24000005","E30000272","E16000150","E07000241","26ULGY","E00121656","26ULGY","E65000001","E01023959","E02004982","5","4D1","E00121656","E01023959","E02004982","E33027634","E38000049","E63011463","C1","6A2",51.806614,-0.211963,"E37000048","","E23000027",32657,"E56000035","E54000025","E00121656","E01023959","E02004982"
"AL8 7LE","AL8  7LE","AL8 7LE","198001","","E10000015","E58000622","E07000241","E05011070","E43000083","0","523407","0213631","1","E18000006","E40000007","E92000001","E12000006","5","E14001573","E15000006","E24000005","E30000272","E16000150","E07000241","26ULGY","E00121656","26ULGY","E65000001","E01023959","E02004982","5","4D1","E00121656","E01023959","E02004982","E33027634","E38000049","E63011463","C1","6A2",51.807711,-0.211412,"E37000048","","E23000027",32657,"E56000035","E54000025","E00121656","E01023959","E02004982"
"AL8 7LF","AL8  7LF","AL8 7LF","198001","","E10000015","E58000622","E07000241","E05011070","E43000083","0","523458","0213790","1","E18000006","E40000007","E92000001","E12000006","5","E14001573","E15000006","E24000005","E30000272","E16000150","E07000241","26ULGY","E00121674","26ULGY","E65000001","E01023959","E02004982","5","4B3","E00121674","E01023959","E02004982","E33027634","E38000049","E63011463","C1","6A1",51.809129,-0.210616,"E37000048","","E23000027",32657,"E56000035","E54000025","E00121674","E01023959","E02004982"
"AL8 7LG","AL8  7LG","AL8 7LG","198001","","E10000015","E58000622","E07000241","E05011070","E43000083","0","523318","0213638","1","E18000006","E40000007","E92000001","E12000006","5","E14001573","E15000006","E24000005","E30000272","E16000150","E07000241","26ULGY","E00121656","26ULGY","E65000001","E01023959","E02004982","5","4D1","E00121656","E01023959","E02004982","E33027634","E38000049","E63011463","C1","6A2",51.807794,-0.212700,"E37000048","","E23000027",32657,"E56000035","E54000025","E00121656","E01023959","E02004982"
"AL8 7LH","AL8  7LH","AL8 7LH","198001","","E10000015","E58000622","E07000241","E05011070","E43000083","0","523436","0213701","1","E18000006","E40000007","E92000001","E12000006","5","E14001573","E15000006","E24000005","E30000272","E16000150","E07000241","26ULGY","E00121674","26ULGY","E65000001","E01023959","E02004982","5","4B3","E00121674","E01023959","E02004982","E33027634","E38000049","E63011463","C1","6A1",51.808334,-0.210967,"E37000048","","E23000027",32657,"E56000035","E54000025","E00121674","E01023959","E02004982"
"AL8 7LJ","AL8  7LJ","AL8 7LJ","198001","","E10000015","E58000622","E07000241","E05011070","E43000083","0","523397","0213845","1","E18000006","E40000007","E92000001","E12000006","5","E14001573","E15000006","E24000005","E30000272","E16000150","E07000241","26ULGY","E00121674","26ULGY","E65000001","E01023959","E02004982","5","4B3","E00121674","E01023959","E02004982","E33027634","E38000049","E63011463","C1","6A1",51.809637,-0.211481,"E37000048","","E23000027",32657,"E56000035","E54000025","E00121674","E01023959","E02004982"
"AL8 7LL","AL8  7LL","AL8 7LL","200106","200404","E10000015","E58000623","E07000241","E05011069","E43000083","1","524487","0213299","1","E18000006","E40000007","E92000001","E12000006","5","E14001573","E15000006","E24000005","E30000272","E16000150","E07000241","26ULGX","E00121637","26ULGX","E65000001","E01023954","E02004986","5","5B2","E00121637","E01023954","E02004986","E33024496","E38000049","E63011463","C1","7A3",51.804482,-0.195898,"E37000048","","E23000027",7164,"E56000035","E54000025","E00190264","E01035604","E02004986"
"AL8 7LN","AL8  7LN","AL8 7LN","198301","199012","E10000015","E58000622","E07000241","E05011070","E43000083","1","523300","0213600","8","E18000006","E40000007","E92000001","E12000006","5","E14001573","E15000006","E24000005","E30000272","E16000150","E07000241","26ULGY","E00121656","26ULGY","E65000001","E01023959","E02004982","5","4D1","E00121656","E01023959","E02004982","E33027634","E38000049","E63011463","C1","6A2",51.807450,-0.212998,"E37000048","","E23000027",32657,"E56000035","E54000025","E00121656","E01023959","E02004982"
"AL8 7LT","AL8  7LT","AL8 7LT","198001","200006","E10000015","E58000675","E07000241","E05011072","E04004822","0","524096","0215102","1","E18000006","E40000007","E92000001","E12000006","5","E14001573","E15000006","E24000005","E30000272","E16000150","E07000241","26ULHB","E00121709","26ULHB","E65000001","E01023971","E02004980","5","4A2","E00121709","E01023971","E02004980","E33027624","E38000049","E63011463","C1","6A1",51.820772,-0.200921,"E37000048","","E23000027",32577,"E56000035","E54000025","E00121709","E01023971","E02004980"
"AL8 7LU","AL8  7LU","AL8 7LU","198001","","E10000015","E58000675","E07000241","E05011070","E43000083","0","523963","0215315","1","E18000006","E40000007","E92000001","E12000006","5","E14001573","E15000006","E24000005","E30000272","E16000150","E07000241","26ULGY","E00121658","26ULGY","E65000001","E01023962","E02004982","5","4B4","E00121658","E01023962","E02004982","E33027633","E38000049","E63011463","C1","6A2",51.822722,-0.202750,"E37000048","","E23000027",30011,"E56000035","E54000025","E00121658","E01023962","E02004982"
"AL8 7LW","AL8  7LW","AL8 7LW","199706","","E10000015","E58000675","E07000241","E05011070","E43000083","1","523540","0215221","1","E18000006","E40000007","E92000001","E12000006","5","E14001573","E15000006","E24000005","E30000272","E16000150","E07000241","26ULGY","E00121658","26ULGY","E65000001","E01023962","E02004982","5","4B4","E00121658","E01023962","E02004982","E33027633","E38000049","E63011463","C1","6A2",51.821964,-0.208941,"E37000048","","E23000027",30011,"E56000035","E54000025","E00121658","E01023962","E02004982"
"AL8 7LX","AL8  7LX","AL8 7LX","198001","","E10000015","E58000675","E07000241","E05011070","E43000083","0","523998","0215065","1","E18000006","E40000007","E92000001","E12000006","5","E14001573","E15000006","E24000005","E30000272","E16000150","E07000241","26ULGY","E00121659","26ULGY","E65000001","E01023962","E02004982","5","4A2","E00121659","E01023962","E02004982","E33027633","E38000049","E63011463","C1","6B2",51.820468,-0.202331,"E37000048","","E23000027",30011,"E56000035","E54000025","E00121659","E01023962","E02004982"
"AL8 7LY","AL8  7LY","AL8 7LY","198001","","E10000015","E58000675","E07000241","E05011070","E43000083","0","523882","0215139","1","E18000006","E40000007","E92000001","E12000006","5","E14001573","E15000006","E24000005","E30000272","E16000150","E07000241","26ULGY","E00121659","26ULGY","E65000001","E01023962","E02004982","5","4A2","E00121659","E01023962","E02004982","E33027633","E38000049","E63011463","C1","6B2",51.821158,-0.203987,"E37000048","","E23000027",30011,"E56000035","E54000025","E00121659","E01023962","E02004982"
"AL8 7LZ","AL8  7LZ","AL8 7LZ","198001","","E10000015","E58000675","E07000241","E05011070","E43000083","0","523865","0215022","1","E18000006","E40000007","E92000001","E12000006","5","E14001573","E15000006","E24000005","E30000272","E16000150","E07000241","26ULGY","E00121659","26ULGY","E65000001","E01023962","E02004982","5","4A2","E00121659","E01023962","E02004982","E33027633","E38000049","E63011463","C1","6B2",51.820111,-0.204275,"E37000048","","E23000027",30011,"E56000035","E54000025","E00121659","E01023962","E02004982"
"AL8 7NA","AL8  7NA","AL8 7NA","198001","","E10000015","E58000675","E07000241","E05011070","E43000083","0","523751","0215116","1","E18000006","E40000007","E92000001","E12000006","5","E14001573","E15000006","E24000005","E30000272","E16000150","E07000241","26ULGY","E00121658","26ULGY","E65000001","E01023962","E02004982","5","4B4","E00121658","E01023962","E02004982","E33027633","E38000049","E63011463","C1","6A2",51.820981,-0.205895,"E37000048","","E23000027",30011,"E56000035","E54000025","E00121658","E01023962","E02004982"
"AL8 7NB","AL8  7NB","AL8 7NB","198001","","E10000015","E58000675","E07000241","E05011070","E43000083","0","523740","0215015","1","E18000006","E40000007","E92000001","E12000006","5","E14001573","E15000006","E24000005","E30000272","E16000150","E07000241","26ULGY","E00121659","26ULGY","E65000001","E01023962","E02004982","5","4A2","E00121659","E01023962","E02004982","E33027633","E38000049","E63011463","C1","6B2",51.820076,-0.206090,"E37000048","","E23000027",30011,"E56000035","E54000025","E00121659","E01023962","E02004982"
"AL8 7ND","AL8  7ND","AL8 7ND","198001","","E10000015","E58000675","E07000241","E05011070","E43000083","0","523935","0214983","1","E18000006","E40000007","E92000001","E12000006","5","E14001573","E15000006","E24000005","E30000272","E16000150","E07000241","26ULGY","E00121659","26ULGY","E65000001","E01023962","E02004982","5","4A2","E00121659","E01023962","E02004982","E33027633","E38000049","E63011463","C1","6B2",51.819745,-0.203274,"E37000048","","E23000027",30011,"E56000035","E54000025","E00121659","E01023962","E02004982"
"AL8 7NE","AL8  7NE","AL8 7NE","199412","201101","E10000015","E58000623","E07000241","E05011069","E43000083","1","524487","0213299","1","E18000006","E40000007","E92000001","E12000006","5","E14001573","E15000006","E24000005","E30000272","E16000150","E07000241","26ULGX","E00121637","26ULGX","E65000001","E01023954","E02004986","5","5B2","E00121637","E01023954","E02004986","E33024496","E38000049","E63011463","C1","7A3",51.804482,-0.195898,"E37000048","","E23000027",7164,"E56000035","E54000025","E00190264","E01035604","E02004986"
"AL8 7NF","AL8  7NF","AL8 7NF","198001","","E10000015","E58000675","E07000241","E05011070","E43000083","0","523778","0214946","1","E18000006","E40000007","E92000001","E12000006","5","E14001573","E15000006","E24000005","E30000272","E16000150","E07000241","26ULGY","E00121659","26ULGY","E65000001","E01023962","E02004982","5","4A2","E00121659","E01023962","E02004982","E33027633","E38000049","E63011463","C1","6B2",51.819447,-0.205564,"E37000048","","E23000027",30011,"E56000035","E54000025","E00121659","E01023962","E02004982"
"AL8 7NG","AL8  7NG","AL8 7NG","198001","","E10000015","E58000675","E07000241","E05011070","E43000083","0","523742","0214977","1","E18000006","E40000007","E92000001","E12000006","5","E14001573","E15000006","E24000005","E30000272","E16000150","E07000241","26ULGY","E00121659","26ULGY","E65000001","E01023962","E02004982","5","4A2","E00121659","E01023962","E02004982","E33027633","E38000049","E63011463","C1","6B2",51.819734,-0.206075,"E37000048","","E23000027",30011,"E56000035","E54000025","E00121659","E01023962","E02004982"
"AL8 7NH","AL8  7NH","AL8 7NH","198001","","E10000015","E58000675","E07000241","E05011070","E43000083","0","523488","0214713","1","E18000006","E40000007","E92000001","E12000006","5","E14001573","E15000006","E24000005","E30000272","E16000150","E07000241","26ULGY","E00121658","26ULGY","E65000001","E01023962","E02004982","5","4B4","E00121658","E01023962","E02004982","E33027633","E38000049","E63011463","C1","6A2",51.817417,-0.209852,"E37000048","","E23000027",30011,"E56000035","E54000025","E00121658","E01023962","E02004982"
"AL8 7NJ","AL8  7NJ","AL8 7NJ","198001","","E10000015","E58000675","E07000241","E05011070","E43000083","0","523458","0214965","1","E18000006","E40000007","E92000001","E12000006","5","E14001573","E15000006","E24000005","E30000272","E16000150","E07000241","26ULGY","E00121658","26ULGY","E65000001","E01023962","E02004982","5","4B4","E00121658","E01023962","E02004982","E33027633","E38000049","E63011463","C1","6A2",51.819689,-0.210198,"E37000048","","E23000027",30011,"E56000035","E54000025","E00121658","E01023962","E02004982"
"AL8 7NL","AL8  7NL","AL8 7NL","198001","","E10000015","E58000675","E07000241","E05011070","E43000083","1","523380","0214986","1","E18000006","E40000007","E92000001","E12000006","5","E14001573","E15000006","E24000005","E30000272","E16000150","E07000241","26ULGY","E00121658","26ULGY","E65000001","E01023962","E02004982","5","4B4","E00121658","E01023962","E02004982","E33027633","E38000049","E63011463","C1","6A2",51.819888,-0.211345,"E37000048","","E23000027",30011,"E56000035","E54000025","E00121658","E01023962","E02004982"
"AL8 7NN","AL8  7NN","AL8 7NN","198001","","E10000015","E58000675","E07000241","E05011070","E43000083","0","523586","0215060","1","E18000006","E40000007","E92000001","E12000006","5","E14001573","E15000006","E24000005","E30000272","E16000150","E07000241","26ULGY","E00121658","26ULGY","E65000001","E01023962","E02004982","5","4B4","E00121658","E01023962","E02004982","E33027633","E38000049","E63011463","C1","6A2",51.820514,-0.208308,"E37000048","","E23000027",30011,"E56000035","E54000025","E00121658","E01023962","E02004982"
"AL8 7NP","AL8  7NP","AL8 7NP","199002","199405","E10000015","E58000675","E07000241","E05011070","E43000083","1","523700","0215100","8","E18000006","E40000007","E92000001","E12000006","5","E14001573","E15000006","E24000005","E30000272","E16000150","E07000241","26ULGY","E00121658","26ULGY","E65000001","E01023962","E02004982","5","4B4","E00121658","E01023962","E02004982","E33027633","E38000049","E63011463","C1","6A2",51.820841,-0.206664,"E37000048","","E23000027",30011,"E56000035","E54000025","E00121658","E01023962","E02004982"
"AL8 7NQ","AL8  7NQ","AL8 7NQ","198001","","E10000015","E58000675","E07000241","E05011070","E43000083","0","523492","0214916","1","E18000006","E40000007","E92000001","E12000006","5","E14001573","E15000006","E24000005","E30000272","E16000150","E07000241","26ULGY","E00121658","26ULGY","E65000001","E01023962","E02004982","5","4B4","E00121658","E01023962","E02004982","E33027633","E38000049","E63011463","C1","6A2",51.819241,-0.209722,"E37000048","","E23000027",30011,"E56000035","E54000025","E00121658","E01023962","E02004982"
"AL8 7NR","AL8  7NR","AL8 7NR","198001","","E10000015","E58000675","E07000241","E05011070","E43000083","0","523865","0215209","1","E18000006","E40000007","E92000001","E12000006","5","E14001573","E15000006","E24000005","E30000272","E16000150","E07000241","26ULGY","E00121659","26ULGY","E65000001","E01023962","E02004982","5","4A2","E00121659","E01023962","E02004982","E33027633","E38000049","E63011463","C1","6B2",51.821791,-0.204209,"E37000048","","E23000027",30011,"E56000035","E54000025","E00121659","E01023962","E02004982"
"AL8 7NS","AL8  7NS","AL8 7NS","198001","","E10000015","E58000675","E07000241","E05011070","E43000083","0","523920","0215242","1","E18000006","E40000007","E92000001","E12000006","5","E14001573","E15000006","E24000005","E30000272","E16000150","E07000241","26ULGY","E00121659","26ULGY","E65000001","E01023962","E02004982","5","4A2","E00121659","E01023962","E02004982","E33027633","E38000049","E63011463","C1","6B2",51.822076,-0.203399,"E37000048","","E23000027",30011,"E56000035","E54000025","E00121659","E01023962","E02004982"
"AL8 7NT","AL8  7NT","AL8 7NT","198001","199706","E10000015","E58000675","E07000241","E05011070","E43000083","0","523700","0214800","8","E18000006","E40000007","E92000001","E12000006","5","E14001573","E15000006","E24000005","E30000272","E16000150","E07000241","26ULGY","E00121660","26ULGY","E65000001","E01023960","E02004982","5","1A3","E00121660","E01023960","E02004982","E33027633","E38000049","E63011463","C1","8D2",51.818145,-0.206771,"E37000048","","E23000027",21489,"E56000035","E54000025","E00121660","E01023960","E02004982"
"AL8 7NU","AL8  7NU","AL8 7NU","200809","","E10000015","E58000622","E07000241","E05011070","E43000083","0","524037","0213787","1","E18000006","E40000007","E92000001","E12000006","5","E14001573","E15000006","E24000005","E30000272","E16000150","E07000241","26ULGY","E00121655","26ULGY","E65000001","E01023959","E02004982","5","4A2","E00121655","E01023959","E02004982","E33027634","E38000049","E63011463","C1","5A2",51.808967,-0.202247,"E37000048","","E23000027",32657,"E56000035","E54000025","E00121655","E01023959","E02004982"
"AL8 7NW","AL8  7NW","AL8 7NW","198001","","E10000015","E58000675","E07000241","E05011070","E43000083","0","523835","0215265","1","E18000006","E40000007","E92000001","E12000006","5","E14001573","E15000006","E24000005","E30000272","E16000150","E07000241","26ULGY","E00121658","26ULGY","E65000001","E01023962","E02004982","5","4B4","E00121658","E01023962","E02004982","E33027633","E38000049","E63011463","C1","6A2",51.822301,-0.204624,"E37000048","","E23000027",30011,"E56000035","E54000025","E00121658","E01023962","E02004982"
"AL8 7NX","AL8  7NX","AL8 7NX","199002","","E10000015","E58000675","E07000241","E05011070","E43000083","0","523744","0214866","1","E18000006","E40000007","E92000001","E12000006","5","E14001573","E15000006","E24000005","E30000272","E16000150","E07000241","26ULGY","E00121660","26ULGY","E65000001","E01023960","E02004982","5","1A3","E00121660","E01023960","E02004982","E33027633","E38000049","E63011463","C1","8D2",51.818736,-0.206086,"E37000048","","E23000027",21489,"E56000035","E54000025","E00121660","E01023960","E02004982"
"AL8 7PA","AL8  7PA","AL8 7PA","198001","","E10000015","E58000622","E07000241","E05011070","E43000083","0","523829","0213668","1","E18000006","E40000007","E92000001","E12000006","5","E14001573","E15000006","E24000005","E30000272","E16000150","E07000241","26ULGY","E00121657","26ULGY","E65000001","E01023959","E02004982","5","4D2","E00121657","E01023959","E02004982","E33027634","E38000049","E63011463","C1","5A2",51.807951,-0.205281,"E37000048","","E23000027",32657,"E56000035","E54000025","E00121657","E01023959","E02004982"
"AL8 7PB","AL8  7PB","AL8 7PB","198001","","E10000015","E58000622","E07000241","E05011070","E43000083","0","523809","0213751","1","E18000006","E40000007","E92000001","E12000006","5","E14001573","E15000006","E24000005","E30000272","E16000150","E07000241","26ULGY","E00121673","26ULGY","E65000001","E01023961","E02004982","5","6D1","E00121673","E01023961","E02004982","E33027634","E38000049","E63011463","C1","5A2",51.808701,-0.205541,"E37000048","","E23000027",19963,"E56000035","E54000025","E00121673","E01023961","E02004982"
"AL8 7PD","AL8  7PD","AL8 7PD","198001","","E10000015","E58000622","E07000241","E05011070","E43000083","0","523763","0213617","1","E18000006","E40000007","E92000001","E12000006","5","E14001573","E15000006","E24000005","E30000272","E16000150","E07000241","26ULGY","E00121656","26ULGY","E65000001","E01023959","E02004982","5","4D1","E00121656","E01023959","E02004982","E33027634","E38000049","E63011463","C1","6A2",51.807507,-0.206256,"E37000048","","E23000027",32657,"E56000035","E54000025","E00121656","E01023959","E02004982"
"AL8 7PE","AL8  7PE","AL8 7PE","198001","","E10000015","E58000622","E07000241","E05011070","E43000083","0","523929","0213518","1","E18000006","E40000007","E92000001","E12000006","5","E14001573","E15000006","E24000005","E30000272","E16000150","E07000241","26ULGY","E00121657","26ULGY","E65000001","E01023959","E02004982","5","4D2","E00121657","E01023959","E02004982","E33027634","E38000049","E63011463","C1","5A2",51.806581,-0.203885,"E37000048","","E23000027",32657,"E56000035","E54000025","E00121657","E01023959","E02004982"
"AL8 7PF","AL8  7PF","AL8 7PF","198001","","E10000015","E58000622","E07000241","E05011070","E43000083","0","523879","0213497","1","E18000006","E40000007","E92000001","E12000006","5","E14001573","E15000006","E24000005","E30000272","E16000150","E07000241","26ULGY","E00121657","26ULGY","E65000001","E01023959","E02004982","5","4D2","E00121657","E01023959","E02004982","E33027634","E38000049","E63011463","C1","5A2",51.806403,-0.204617,"E37000048","","E23000027",32657,"E56000035","E54000025","E00121657","E01023959","E02004982"
"AL8 7PG","AL8  7PG","AL8 7PG","198001","","E10000015","E58000622","E07000241","E05011070","E43000083","0","523878","0213593","1","E18000006","E40000007","E92000001","E12000006","5","E14001573","E15000006","E24000005","E30000272","E16000150","E07000241","26ULGY","E00121657","26ULGY","E65000001","E01023959","E02004982","5","4D2","E00121657","E01023959","E02004982","E33027634","E38000049","E63011463","C1","5A2",51.807266,-0.204597,"E37000048","","E23000027",32657,"E56000035","E54000025","E00121657","E01023959","E02004982"
"AL8 7PH","AL8  7PH","AL8 7PH","198001","","E10000015","E58000622","E07000241","E05011070","E43000083","0","523959","0213401","1","E18000006","E40000007","E92000001","E12000006","5","E14001573","E15000006","E24000005","E30000272","E16000150","E07000241","26ULGY","E00121655","26ULGY","E65000001","E01023959","E02004982","5","4A2","E00121655","E01023959","E02004982","E33027634","E38000049","E63011463","C1","5A2",51.805522,-0.203492,"E37000048","","E23000027",32657,"E56000035","E54000025","E00121655","E01023959","E02004982"
"AL8 7PJ","AL8  7PJ","AL8 7PJ","198001","","E10000015","E58000622","E07000241","E05011070","E43000083","0","523996","0213541","1","E18000006","E40000007","E92000001","E12000006","5","E14001573","E15000006","E24000005","E30000272","E16000150","E07000241","26ULGY","E00121657","26ULGY","E65000001","E01023959","E02004982","5","4D2","E00121657","E01023959","E02004982","E33027634","E38000049","E63011463","C1","5A2",51.806772,-0.202905,"E37000048","","E23000027",32657,"E56000035","E54000025","E00121657","E01023959","E02004982"
"AL8 7PL","AL8  7PL","AL8 7PL","198001","","E10000015","E58000622","E07000241","E05011070","E43000083","0","524044","0213721","1","E18000006","E40000007","E92000001","E12000006","5","E14001573","E15000006","E24000005","E30000272","E16000150","E07000241","26ULGY","E00121655","26ULGY","E65000001","E01023959","E02004982","5","4A2","E00121655","E01023959","E02004982","E33027634","E38000049","E63011463","C1","5A2",51.808379,-0.202145,"E37000048","","E23000027",32657,"E56000035","E54000025","E00121655","E01023959","E02004982"
"AL8 7PN","AL8  7PN","AL8 7PN","198001","","E10000015","E58000622","E07000241","E05011070","E43000083","0","523950","0213731","1","E18000006","E40000007","E92000001","E12000006","5","E14001573","E15000006","E24000005","E30000272","E16000150","E07000241","26ULGY","E00121657","26ULGY","E65000001","E01023959","E02004982","5","4D2","E00121657","E01023959","E02004982","E33027634","E38000049","E63011463","C1","5A2",51.808490,-0.203504,"E37000048","","E23000027",32657,"E56000035","E54000025","E00121657","E01023959","E02004982"
"AL8 7PP","AL8  7PP","AL8 7PP","198001","","E10000015","E58000622","E07000241","E05011070","E43000083","0","523959","0213839","1","E18000006","E40000007","E92000001","E12000006","5","E14001573","E15000006","E24000005","E30000272","E16000150","E07000241","26ULGY","E00121673","26ULGY","E65000001","E01023961","E02004982","5","6D1","E00121673","E01023961","E02004982","E33027634","E38000049","E63011463","C1","5A2",51.809459,-0.203335,"E37000048","","E23000027",19963,"E56000035","E54000025","E00121673","E01023961","E02004982"
"AL8 7PQ","AL8  7PQ","AL8 7PQ","198001","","E10000015","E58000622","E07000241","E05011070","E43000083","0","523953","0213618","1","E18000006","E40000007","E92000001","E12000006","5","E14001573","E15000006","E24000005","E30000272","E16000150","E07000241","26ULGY","E00121657","26ULGY","E65000001","E01023959","E02004982","5","4D2","E00121657","E01023959","E02004982","E33027634","E38000049","E63011463","C1","5A2",51.807474,-0.203501,"E37000048","","E23000027",32657,"E56000035","E54000025","E00121657","E01023959","E02004982"
"AL8 7PR","AL8  7PR","AL8 7PR","198001","","E10000015","E58000622","E07000241","E05011070","E43000083","0","524061","0213841","1","E18000006","E40000007","E92000001","E12000006","5","E14001573","E15000006","E24000005","E30000272","E16000150","E07000241","26ULGY","E00121673","26ULGY","E65000001","E01023961","E02004982","5","6D1","E00121673","E01023961","E02004982","E33027634","E38000049","E63011463","C1","5A2",51.809447,-0.201880,"E37000048","","E23000027",19963,"E56000035","E54000025","E00121673","E01023961","E02004982"
"AL8 7PS","AL8  7PS","AL8 7PS","198001","","E10000015","E58000622","E07000241","E05011070","E43000083","0","524097","0213895","1","E18000006","E40000007","E92000001","E12000006","5","E14001573","E15000006","E24000005","E30000272","E16000150","E07000241","26ULGY","E00121673","26ULGY","E65000001","E01023961","E02004982","5","6D1","E00121673","E01023961","E02004982","E33027634","E38000049","E63011463","C1","5A2",51.809931,-0.201315,"E37000048","","E23000027",19963,"E56000035","E54000025","E00121673","E01023961","E02004982"
"AL8 7PT","AL8  7PT","AL8 7PT","198001","","E10000015","E58000622","E07000241","E05011070","E43000083","0","524150","0213790","1","E18000006","E40000007","E92000001","E12000006","5","E14001573","E15000006","E24000005","E30000272","E16000150","E07000241","26ULGY","E00121671","26ULGY","E65000001","E01023961","E02004982","5","1A3","E00121671","E01023961","E02004982","E33027634","E38000049","E63011463","C1","8D2",51.808976,-0.200584,"E37000048","","E23000027",19963,"E56000035","E54000025","E00121671","E01023961","E02004982"
"AL8 7PU","AL8  7PU","AL8 7PU","198001","","E10000015","E58000622","E07000241","E05011070","E43000083","0","524141","0213938","1","E18000006","E40000007","E92000001","E12000006","5","E14001573","E15000006","E24000005","E30000272","E16000150","E07000241","26ULGY","E00121671","26ULGY","E65000001","E01023961","E02004982","5","1A3","E00121671","E01023961","E02004982","E33027634","E38000049","E63011463","C1","8D2",51.810308,-0.200661,"E37000048","","E23000027",19963,"E56000035","E54000025","E00121671","E01023961","E02004982"
"AL8 7PW","AL8  7PW","AL8 7PW","198001","","E10000015","E58000622","E07000241","E05011070","E43000083","0","524103","0213771","1","E18000006","E40000007","E92000001","E12000006","5","E14001573","E15000006","E24000005","E30000272","E16000150","E07000241","26ULGY","E00121655","26ULGY","E65000001","E01023959","E02004982","5","4A2","E00121655","E01023959","E02004982","E33027634","E38000049","E63011463","C1","5A2",51.808816,-0.201272,"E37000048","","E23000027",32657,"E56000035","E54000025","E00121655","E01023959","E02004982"
"AL8 7PX","AL8  7PX","AL8 7PX","198001","","E10000015","E58000622","E07000241","E05011070","E43000083","0","524183","0213905","1","E18000006","E40000007","E92000001","E12000006","5","E14001573","E15000006","E24000005","E30000272","E16000150","E07000241","26ULGY","E00121671","26ULGY","E65000001","E01023961","E02004982","5","1A3","E00121671","E01023961","E02004982","E33027634","E38000049","E63011463","C1","8D2",51.810002,-0.200064,"E37000048","","E23000027",19963,"E56000035","E54000025","E00121671","E01023961","E02004982"
"AL8 7PY","AL8  7PY","AL8 7PY","198001","","E10000015","E58000622","E07000241","E05011070","E43000083","0","524007","0213987","1","E18000006","E40000007","E92000001","E12000006","5","E14001573","E15000006","E24000005","E30000272","E16000150","E07000241","26ULGY","E00121673","26ULGY","E65000001","E01023961","E02004982","5","6D1","E00121673","E01023961","E02004982","E33027634","E38000049","E63011463","C1","5A2",51.810778,-0.202587,"E37000048","","E23000027",19963,"E56000035","E54000025","E00121673","E01023961","E02004982"
"AL8 7PZ","AL8  7PZ","AL8 7PZ","199002","","E10000015","E58000622","E07000241","E05011070","E43000083","0","523818","0213524","1","E18000006","E40000007","E92000001","E12000006","5","E14001573","E15000006","E24000005","E30000272","E16000150","E07000241","26ULGY","E00121657","26ULGY","E65000001","E01023959","E02004982","5","4D2","E00121657","E01023959","E02004982","E33027634","E38000049","E63011463","C1","5A2",51.806653,-0.205516,"E37000048","","E23000027",32657,"E56000035","E54000025","E00121657","E01023959","E02004982"
"AL8 7QA","AL8  7QA","AL8 7QA","199208","","E10000015","E58000622","E07000241","E05011070","E43000083","0","524089","0213574","1","E18000006","E40000007","E92000001","E12000006","5","E14001573","E15000006","E24000005","E30000272","E16000150","E07000241","26ULGY","E00121655","26ULGY","E65000001","E01023959","E02004982","5","4A2","E00121655","E01023959","E02004982","E33027634","E38000049","E63011463","C1","5A2",51.807048,-0.201545,"E37000048","","E23000027",32657,"E56000035","E54000025","E00121655","E01023959","E02004982"
"AL8 7QB","AL8  7QB","AL8 7QB","199208","","E10000015","E58000622","E07000241","E05011070","E43000083","0","524050","0213571","1","E18000006","E40000007","E92000001","E12000006","5","E14001573","E15000006","E24000005","E30000272","E16000150","E07000241","26ULGY","E00121655","26ULGY","E65000001","E01023959","E02004982","5","4A2","E00121655","E01023959","E02004982","E33027634","E38000049","E63011463","C1","5A2",51.807030,-0.202112,"E37000048","","E23000027",32657,"E56000035","E54000025","E00121655","E01023959","E02004982"
"AL8 7QF","AL8  7QF","AL8 7QF","198203","199012","E10000015","E58000675","E07000241","E05011070","E43000083","1","523800","0214400","8","E18000006","E40000007","E92000001","E12000006","5","E14001573","E15000006","E24000005","E30000272","E16000150","E07000241","26ULGY","E00121666","26ULGY","E65000001","E01023960","E02004982","5","1A3","E00121666","E01023960","E02004982","E33027634","E38000049","E63011463","C1","4A1",51.814529,-0.205464,"E37000048","","E23000027",21489,"E56000035","E54000025","E00121666","E01023960","E02004982"
"AL8 7QG","AL8  7QG","AL8 7QG","198001","","E10000015","E58000675","E07000241","E05011070","E43000083","0","523855","0214456","1","E18000006","E40000007","E92000001","E12000006","5","E14001573","E15000006","E24000005","E30000272","E16000150","E07000241","26ULGY","E00121666","26ULGY","E65000001","E01023960","E02004982","5","1A3","E00121666","E01023960","E02004982","E33027634","E38000049","E63011463","C1","4A1",51.815020,-0.204647,"E37000048","","E23000027",21489,"E56000035","E54000025","E00121666","E01023960","E02004982"
"AL8 7QH","AL8  7QH","AL8 7QH","198001","","E10000015","E58000675","E07000241","E05011070","E43000083","0","523765","0214476","1","E18000006","E40000007","E92000001","E12000006","5","E14001573","E15000006","E24000005","E30000272","E16000150","E07000241","26ULGY","E00121666","26ULGY","E65000001","E01023960","E02004982","5","1A3","E00121666","E01023960","E02004982","E33027634","E38000049","E63011463","C1","4A1",51.815226,-0.205920,"E37000048","","E23000027",21489,"E56000035","E54000025","E00121666","E01023960","E02004982"
"AL8 7QJ","AL8  7QJ","AL8 7QJ","198001","","E10000015","E58000675","E07000241","E05011070","E43000083","0","523766","0214527","1","E18000006","E40000007","E92000001","E12000006","5","E14001573","E15000006","E24000005","E30000272","E16000150","E07000241","26ULGY","E00121666","26ULGY","E65000001","E01023960","E02004982","5","1A3","E00121666","E01023960","E02004982","E33027634","E38000049","E63011463","C1","4A1",51.815684,-0.205888,"E37000048","","E23000027",21489,"E56000035","E54000025","E00121666","E01023960","E02004982"
"AL8 7QL","AL8  7QL","AL8 7QL","198001","","E10000015","E58000675","E07000241","E05011070","E43000083","0","523816","0214615","1","E18000006","E40000007","E92000001","E12000006","5","E14001573","E15000006","E24000005","E30000272","E16000150","E07000241","26ULGY","E00121660","26ULGY","E65000001","E01023960","E02004982","5","1A3","E00121660","E01023960","E02004982","E33027633","E38000049","E63011463","C1","8D2",51.816464,-0.205131,"E37000048","","E23000027",21489,"E56000035","E54000025","E00121660","E01023960","E02004982"
"AL8 7QN","AL8  7QN","AL8 7QN","198001","","E10000015","E58000675","E07000241","E05011070","E43000083","0","523807","0214568","1","E18000006","E40000007","E92000001","E12000006","5","E14001573","E15000006","E24000005","E30000272","E16000150","E07000241","26ULGY","E00121660","26ULGY","E65000001","E01023960","E02004982","5","1A3","E00121660","E01023960","E02004982","E33027633","E38000049","E63011463","C1","8D2",51.816044,-0.205279,"E37000048","","E23000027",21489,"E56000035","E54000025","E00121660","E01023960","E02004982"
"AL8 7QP","AL8  7QP","AL8 7QP","198001","","E10000015","E58000675","E07000241","E05011070","E43000083","0","523596","0214435","1","E18000006","E40000007","E92000001","E12000006","5","E14001573","E15000006","E24000005","E30000272","E16000150","E07000241","26ULGY","E00121666","26ULGY","E65000001","E01023960","E02004982","5","1A3","E00121666","E01023960","E02004982","E33027634","E38000049","E63011463","C1","4A1",51.814895,-0.208385,"E37000048","","E23000027",21489,"E56000035","E54000025","E00121666","E01023960","E02004982"
"AL8 7QQ","AL8  7QQ","AL8 7QQ","198001","199507","E10000015","E58000675","E07000241","E05011070","E43000083","1","523800","0214400","8","E18000006","E40000007","E92000001","E12000006","5","E14001573","E15000006","E24000005","E30000272","E16000150","E07000241","26ULGY","E00121666","26ULGY","E65000001","E01023960","E02004982","5","1A3","E00121666","E01023960","E02004982","E33027634","E38000049","E63011463","C1","4A1",51.814529,-0.205464,"E37000048","","E23000027",21489,"E56000035","E54000025","E00121666","E01023960","E02004982"
"AL8 7QR","AL8  7QR","AL8 7QR","198001","","E10000015","E58000675","E07000241","E05011070","E43000083","0","523439","0214471","1","E18000006","E40000007","E92000001","E12000006","5","E14001573","E15000006","E24000005","E30000272","E16000150","E07000241","26ULGY","E00121664","26ULGY","E65000001","E01023962","E02004982","5","6B2","E00121664","E01023962","E02004982","E33027634","E38000049","E63011463","C1","5A1",51.815253,-0.210649,"E37000048","","E23000027",30011,"E56000035","E54000025","E00121664","E01023962","E02004982"
"AL8 7QS","AL8  7QS","AL8 7QS","198001","","E10000015","E58000675","E07000241","E05011070","E43000083","0","523503","0214606","1","E18000006","E40000007","E92000001","E12000006","5","E14001573","E15000006","E24000005","E30000272","E16000150","E07000241","26ULGY","E00121664","26ULGY","E65000001","E01023962","E02004982","5","6B2","E00121664","E01023962","E02004982","E33027634","E38000049","E63011463","C1","5A1",51.816452,-0.209673,"E37000048","","E23000027",30011,"E56000035","E54000025","E00121664","E01023962","E02004982"
"AL8 7QT","AL8  7QT","AL8 7QT","198001","","E10000015","E58000675","E07000241","E05011070","E43000083","0","523603","0214641","1","E18000006","E40000007","E92000001","E12000006","5","E14001573","E15000006","E24000005","E30000272","E16000150","E07000241","26ULGY","E00121665","26ULGY","E65000001","E01023962","E02004982","5","1B2","E00121665","E01023962","E02004982","E33027634","E38000049","E63011463","C1","8D2",51.816745,-0.208210,"E37000048","","E23000027",30011,"E56000035","E54000025","E00121665","E01023962","E02004982"
"AL8 7QU","AL8  7QU","AL8 7QU","198001","","E10000015","E58000675","E07000241","E05011070","E43000083","0","523629","0214567","1","E18000006","E40000007","E92000001","E12000006","5","E14001573","E15000006","E24000005","E30000272","E16000150","E07000241","26ULGY","E00121665","26ULGY","E65000001","E01023962","E02004982","5","1B2","E00121665","E01023962","E02004982","E33027634","E38000049","E63011463","C1","8D2",51.816074,-0.207860,"E37000048","","E23000027",30011,"E56000035","E54000025","E00121665","E01023962","E02004982"
"AL8 7QW","AL8  7QW","AL8 7QW","198001","","E10000015","E58000675","E07000241","E05011070","E43000083","0","523739","0214616","1","E18000006","E40000007","E92000001","E12000006","5","E14001573","E15000006","E24000005","E30000272","E16000150","E07000241","26ULGY","E00121660","26ULGY","E65000001","E01023960","E02004982","5","1A3","E00121660","E01023960","E02004982","E33027633","E38000049","E63011463","C1","8D2",51.816490,-0.206247,"E37000048","","E23000027",21489,"E56000035","E54000025","E00121660","E01023960","E02004982"
"AL8 7QX","AL8  7QX","AL8 7QX","198001","","E10000015","E58000675","E07000241","E05011070","E43000083","0","523519","0214560","1","E18000006","E40000007","E92000001","E12000006","5","E14001573","E15000006","E24000005","E30000272","E16000150","E07000241","26ULGY","E00121665","26ULGY","E65000001","E01023962","E02004982","5","1B2","E00121665","E01023962","E02004982","E33027634","E38000049","E63011463","C1","8D2",51.816035,-0.209457,"E37000048","","E23000027",30011,"E56000035","E54000025","E00121665","E01023962","E02004982"
"AL8 7QY","AL8  7QY","AL8 7QY","198001","","E10000015","E58000675","E07000241","E05011070","E43000083","0","523575","0214490","1","E18000006","E40000007","E92000001","E12000006","5","E14001573","E15000006","E24000005","E30000272","E16000150","E07000241","26ULGY","E00121665","26ULGY","E65000001","E01023962","E02004982","5","1B2","E00121665","E01023962","E02004982","E33027634","E38000049","E63011463","C1","8D2",51.815394,-0.208670,"E37000048","","E23000027",30011,"E56000035","E54000025","E00121665","E01023962","E02004982"
"AL8 7QZ","AL8  7QZ","AL8 7QZ","198001","","E10000015","E58000675","E07000241","E05011070","E43000083","0","523678","0214547","1","E18000006","E40000007","E92000001","E12000006","5","E14001573","E15000006","E24000005","E30000272","E16000150","E07000241","26ULGY","E00121665","26ULGY","E65000001","E01023962","E02004982","5","1B2","E00121665","E01023962","E02004982","E33027634","E38000049","E63011463","C1","8D2",51.815883,-0.207156,"E37000048","","E23000027",30011,"E56000035","E54000025","E00121665","E01023962","E02004982"
"AL8 7RA","AL8  7RA","AL8 7RA","198001","","E10000015","E58000675","E07000241","E05011070","E43000083","0","523640","0214668","1","E18000006","E40000007","E92000001","E12000006","5","E14001573","E15000006","E24000005","E30000272","E16000150","E07000241","26ULGY","E00121665","26ULGY","E65000001","E01023962","E02004982","5","1B2","E00121665","E01023962","E02004982","E33027634","E38000049","E63011463","C1","8D2",51.816979,-0.207664,"E37000048","","E23000027",30011,"E56000035","E54000025","E00121665","E01023962","E02004982"
"AL8 7RB","AL8  7RB","AL8 7RB","198001","","E10000015","E58000675","E07000241","E05011070","E43000083","0","523720","0214713","1","E18000006","E40000007","E92000001","E12000006","5","E14001573","E15000006","E24000005","E30000272","E16000150","E07000241","26ULGY","E00121660","26ULGY","E65000001","E01023960","E02004982","5","1A3","E00121660","E01023960","E02004982","E33027633","E38000049","E63011463","C1","8D2",51.817366,-0.206488,"E37000048","","E23000027",21489,"E56000035","E54000025","E00121660","E01023960","E02004982"
"AL8 7RD","AL8  7RD","AL8 7RD","198001","","E10000015","E58000675","E07000241","E05011070","E43000083","0","524027","0214767","1","E18000006","E40000007","E92000001","E12000006","5","E14001573","E15000006","E24000005","E30000272","E16000150","E07000241","26ULGY","E00121660","26ULGY","E65000001","E01023960","E02004982","5","1A3","E00121660","E01023960","E02004982","E33027633","E38000049","E63011463","C1","8D2",51.817783,-0.202017,"E37000048","","E23000027",21489,"E56000035","E54000025","E00121660","E01023960","E02004982"
"AL8 7RE","AL8  7RE","AL8 7RE","198001","","E10000015","E58000675","E07000241","E05011070","E43000083","0","524135","0214695","1","E18000006","E40000007","E92000001","E12000006","5","E14001573","E15000006","E24000005","E30000272","E16000150","E07000241","26ULGY","E00121662","26ULGY","E65000001","E01023960","E02004982","5","1A2","E00121662","E01023960","E02004982","E33027633","E38000049","E63011463","C1","8A1",51.817112,-0.200477,"E37000048","","E23000027",21489,"E56000035","E54000025","E00121662","E01023960","E02004982"
"AL8 7RF","AL8  7RF","AL8 7RF","198001","","E10000015","E58000675","E07000241","E05011070","E43000083","0","523965","0214730","1","E18000006","E40000007","E92000001","E12000006","5","E14001573","E15000006","E24000005","E30000272","E16000150","E07000241","26ULGY","E00121662","26ULGY","E65000001","E01023960","E02004982","5","1A2","E00121662","E01023960","E02004982","E33027633","E38000049","E63011463","C1","8A1",51.817465,-0.202930,"E37000048","","E23000027",21489,"E56000035","E54000025","E00121662","E01023960","E02004982"
"AL8 7RG","AL8  7RG","AL8 7RG","198001","","E10000015","E58000675","E07000241","E05011070","E43000083","0","523979","0214692","1","E18000006","E40000007","E92000001","E12000006","5","E14001573","E15000006","E24000005","E30000272","E16000150","E07000241","26ULGY","E00121662","26ULGY","E65000001","E01023960","E02004982","5","1A2","E00121662","E01023960","E02004982","E33027633","E38000049","E63011463","C1","8A1",51.817113,-0.202764,"E37000048","","E23000027",21489,"E56000035","E54000025","E00121662","E01023960","E02004982"
"AL8 7RH","AL8  7RH","AL8 7RH","198001","","E10000015","E58000675","E07000241","E05011070","E43000083","0","523942","0214491","1","E18000006","E40000007","E92000001","E12000006","5","E14001573","E15000006","E24000005","E30000272","E16000150","E07000241","26ULGY","E00121666","26ULGY","E65000001","E01023960","E02004982","5","1A3","E00121666","E01023960","E02004982","E33027634","E38000049","E63011463","C1","4A1",51.815315,-0.203373,"E37000048","","E23000027",21489,"E56000035","E54000025","E00121666","E01023960","E02004982"
"AL8 7RJ","AL8  7RJ","AL8 7RJ","198001","","E10000015","E58000675","E07000241","E05011070","E43000083","0","523899","0214426","1","E18000006","E40000007","E92000001","E12000006","5","E14001573","E15000006","E24000005","E30000272","E16000150","E07000241","26ULGY","E00121666","26ULGY","E65000001","E01023960","E02004982","5","1A3","E00121666","E01023960","E02004982","E33027634","E38000049","E63011463","C1","4A1",51.814747,-0.203995,"E37000048","","E23000027",21489,"E56000035","E54000025","E00121666","E01023960","E02004982"
"AL8 7RL","AL8  7RL","AL8 7RL","200504","","E10000015","E58000675","E07000241","E05011070","E43000083","0","523927","0214454","1","E18000006","E40000007","E92000001","E12000006","5","E14001573","E15000006","E24000005","E30000272","E16000150","E07000241","26ULGY","E00121666","26ULGY","E65000001","E01023960","E02004982","5","1A3","E00121666","E01023960","E02004982","E33027634","E38000049","E63011463","C1","4A1",51.814986,-0.203603,"E37000048","","E23000027",21489,"E56000035","E54000025","E00121666","E01023960","E02004982"
"AL8 7RN","AL8  7RN","AL8 7RN","198106","199012","E10000015","E58000622","E07000241","E05011070","E43000083","1","523700","0213600","8","E18000006","E40000007","E92000001","E12000006","5","E14001573","E15000006","E24000005","E30000272","E16000150","E07000241","26ULGY","E00121656","26ULGY","E65000001","E01023959","E02004982","5","4D1","E00121656","E01023959","E02004982","E33027634","E38000049","E63011463","C1","6A2",51.807362,-0.207199,"E37000048","","E23000027",32657,"E56000035","E54000025","E00121656","E01023959","E02004982"
"AL8 7RQ","AL8  7RQ","AL8 7RQ","198001","","E10000015","E58000675","E07000241","E05011070","E43000083","0","523862","0214604","1","E18000006","E40000007","E92000001","E12000006","5","E14001573","E15000006","E24000005","E30000272","E16000150","E07000241","26ULGY","E00121660","26ULGY","E65000001","E01023960","E02004982","5","1A3","E00121660","E01023960","E02004982","E33027633","E38000049","E63011463","C1","8D2",51.816355,-0.204468,"E37000048","","E23000027",21489,"E56000035","E54000025","E00121660","E01023960","E02004982"
"AL8 7RT","AL8  7RT","AL8 7RT","198001","","E10000015","E58000622","E07000241","E05011070","E43000083","0","523712","0213723","1","E18000006","E40000007","E92000001","E12000006","5","E14001573","E15000006","E24000005","E30000272","E16000150","E07000241","26ULGY","E00121674","26ULGY","E65000001","E01023959","E02004982","5","4B3","E00121674","E01023959","E02004982","E33027634","E38000049","E63011463","C1","6A1",51.808471,-0.206958,"E37000048","","E23000027",32657,"E56000035","E54000025","E00121674","E01023959","E02004982"
"AL8 7RU","AL8  7RU","AL8 7RU","198001","","E10000015","E58000622","E07000241","E05011070","E43000083","0","523749","0213766","1","E18000006","E40000007","E92000001","E12000006","5","E14001573","E15000006","E24000005","E30000272","E16000150","E07000241","26ULGY","E00121674","26ULGY","E65000001","E01023959","E02004982","5","4B3","E00121674","E01023959","E02004982","E33027634","E38000049","E63011463","C1","6A1",51.808849,-0.206406,"E37000048","","E23000027",32657,"E56000035","E54000025","E00121674","E01023959","E02004982"
"AL8 7RX","AL8  7RX","AL8 7RX","198001","","E10000015","E58000622","E07000241","E05011070","E43000083","0","523786","0213852","1","E18000006","E40000007","E92000001","E12000006","5","E14001573","E15000006","E24000005","E30000272","E16000150","E07000241","26ULGY","E00121673","26ULGY","E65000001","E01023961","E02004982","5","6D1","E00121673","E01023961","E02004982","E33027634","E38000049","E63011463","C1","5A2",51.809614,-0.205839,"E37000048","","E23000027",19963,"E56000035","E54000025","E00121673","E01023961","E02004982"
"AL8 7RY","AL8  7RY","AL8 7RY","198001","","E10000015","E58000622","E07000241","E05011070","E43000083","0","523931","0213847","1","E18000006","E40000007","E92000001","E12000006","5","E14001573","E15000006","E24000005","E30000272","E16000150","E07000241","26ULGY","E00121673","26ULGY","E65000001","E01023961","E02004982","5","6D1","E00121673","E01023961","E02004982","E33027634","E38000049","E63011463","C1","5A2",51.809537,-0.203738,"E37000048","","E23000027",19963,"E56000035","E54000025","E00121673","E01023961","E02004982"
"AL8 7RZ","AL8  7RZ","AL8 7RZ","198001","","E10000015","E58000622","E07000241","E05011070","E43000083","0","523784","0213893","1","E18000006","E40000007","E92000001","E12000006","5","E14001573","E15000006","E24000005","E30000272","E16000150","E07000241","26ULGY","E00121673","26ULGY","E65000001","E01023961","E02004982","5","6D1","E00121673","E01023961","E02004982","E33027634","E38000049","E63011463","C1","5A2",51.809983,-0.205853,"E37000048","","E23000027",19963,"E56000035","E54000025","E00121673","E01023961","E02004982"
"AL8 7SA","AL8  7SA","AL8 7SA","200106","200305","E10000015","E58000623","E07000241","E05011069","E43000083","1","524487","0213299","1","E18000006","E40000007","E92000001","E12000006","5","E14001573","E15000006","E24000005","E30000272","E16000150","E07000241","26ULGX","E00121637","26ULGX","E65000001","E01023954","E02004986","5","5B2","E00121637","E01023954","E02004986","E33024496","E38000049","E63011463","C1","7A3",51.804482,-0.195898,"E37000048","","E23000027",7164,"E56000035","E54000025","E00190264","E01035604","E02004986"
"AL8 7SB","AL8  7SB","AL8 7SB","198001","","E10000015","E58000622","E07000241","E05011070","E43000083","0","523593","0213964","1","E18000006","E40000007","E92000001","E12000006","5","E14001573","E15000006","E24000005","E30000272","E16000150","E07000241","26ULGY","E00121674","26ULGY","E65000001","E01023959","E02004982","5","4B3","E00121674","E01023959","E02004982","E33027634","E38000049","E63011463","C1","6A1",51.810663,-0.208597,"E37000048","","E23000027",32657,"E56000035","E54000025","E00121674","E01023959","E02004982"
"AL8 7SD","AL8  7SD","AL8 7SD","198001","","E10000015","E58000622","E07000241","E05011070","E43000083","0","523558","0213885","1","E18000006","E40000007","E92000001","E12000006","5","E14001573","E15000006","E24000005","E30000272","E16000150","E07000241","26ULGY","E00121674","26ULGY","E65000001","E01023959","E02004982","5","4B3","E00121674","E01023959","E02004982","E33027634","E38000049","E63011463","C1","6A1",51.809954,-0.209156,"E37000048","","E23000027",32657,"E56000035","E54000025","E00121674","E01023959","E02004982"
"AL8 7SE","AL8  7SE","AL8 7SE","198001","","E10000015","E58000622","E07000241","E05011070","E43000083","0","523643","0213939","1","E18000006","E40000007","E92000001","E12000006","5","E14001573","E15000006","E24000005","E30000272","E16000150","E07000241","26ULGY","E00121674","26ULGY","E65000001","E01023959","E02004982","5","4B3","E00121674","E01023959","E02004982","E33027634","E38000049","E63011463","C1","6A1",51.810427,-0.207881,"E37000048","","E23000027",32657,"E56000035","E54000025","E00121674","E01023959","E02004982"
"AL8 7SF","AL8  7SF","AL8 7SF","198001","","E10000015","E58000622","E07000241","E05011070","E43000083","0","523516","0214085","1","E18000006","E40000007","E92000001","E12000006","5","E14001573","E15000006","E24000005","E30000272","E16000150","E07000241","26ULGY","E00121672","26ULGY","E65000001","E01023960","E02004982","5","4B4","E00121672","E01023960","E02004982","E33027634","E38000049","E63011463","C1","6B1",51.811767,-0.209670,"E37000048","","E23000027",21489,"E56000035","E54000025","E00121672","E01023960","E02004982"
"AL8 7SG","AL8  7SG","AL8 7SG","198001","","E10000015","E58000622","E07000241","E05011070","E43000083","0","523653","0214120","1","E18000006","E40000007","E92000001","E12000006","5","E14001573","E15000006","E24000005","E30000272","E16000150","E07000241","26ULGY","E00121672","26ULGY","E65000001","E01023960","E02004982","5","4B4","E00121672","E01023960","E02004982","E33027634","E38000049","E63011463","C1","6B1",51.812052,-0.207671,"E37000048","","E23000027",21489,"E56000035","E54000025","E00121672","E01023960","E02004982"
"AL8 7SH","AL8  7SH","AL8 7SH","198001","","E10000015","E58000622","E07000241","E05011070","E43000083","0","523608","0214193","1","E18000006","E40000007","E92000001","E12000006","5","E14001573","E15000006","E24000005","E30000272","E16000150","E07000241","26ULGY","E00121672","26ULGY","E65000001","E01023960","E02004982","5","4B4","E00121672","E01023960","E02004982","E33027634","E38000049","E63011463","C1","6B1",51.812718,-0.208298,"E37000048","","E23000027",21489,"E56000035","E54000025","E00121672","E01023960","E02004982"
"AL8 7SJ","AL8  7SJ","AL8 7SJ","198001","","E10000015","E58000622","E07000241","E05011070","E43000083","0","523710","0214176","1","E18000006","E40000007","E92000001","E12000006","5","E14001573","E15000006","E24000005","E30000272","E16000150","E07000241","26ULGY","E00121672","26ULGY","E65000001","E01023960","E02004982","5","4B4","E00121672","E01023960","E02004982","E33027634","E38000049","E63011463","C1","6B1",51.812542,-0.206825,"E37000048","","E23000027",21489,"E56000035","E54000025","E00121672","E01023960","E02004982"
"AL8 7SL","AL8  7SL","AL8 7SL","198001","","E10000015","E58000622","E07000241","E05011070","E43000083","0","523732","0214058","1","E18000006","E40000007","E92000001","E12000006","5","E14001573","E15000006","E24000005","E30000272","E16000150","E07000241","26ULGY","E00121672","26ULGY","E65000001","E01023960","E02004982","5","4B4","E00121672","E01023960","E02004982","E33027634","E38000049","E63011463","C1","6B1",51.811477,-0.206548,"E37000048","","E23000027",21489,"E56000035","E54000025","E00121672","E01023960","E02004982"
"AL8 7SN","AL8  7SN","AL8 7SN","198607","","E10000015","E58000675","E07000241","E05011070","E43000083","0","524336","0214647","1","E18000006","E40000007","E92000001","E12000006","5","E14001573","E15000006","E24000005","E30000272","E16000150","E07000241","26ULGY","E00121663","26ULGY","E65000001","E01023960","E02004982","5","1C3","E00121663","E01023960","E02004982","E33027633","E38000049","E63011463","C1","8D2",51.816630,-0.197604,"E37000048","","E23000027",21489,"E56000035","E54000025","E00121663","E01023960","E02004982"
"AL8 7SQ","AL8  7SQ","AL8 7SQ","198001","","E10000015","E58000622","E07000241","E05011070","E43000083","0","523565","0214179","1","E18000006","E40000007","E92000001","E12000006","5","E14001573","E15000006","E24000005","E30000272","E16000150","E07000241","26ULGY","E00121672","26ULGY","E65000001","E01023960","E02004982","5","4B4","E00121672","E01023960","E02004982","E33027634","E38000049","E63011463","C1","6B1",51.812601,-0.208926,"E37000048","","E23000027",21489,"E56000035","E54000025","E00121672","E01023960","E02004982"
"AL8 7SR","AL8  7SR","AL8 7SR","198001","","E10000015","E58000623","E07000241","E05011060","E43000083","0","522364","0213068","1","E18000006","E40000007","E92000001","E12000006","5","E14001573","E15000006","E24000005","E30000272","E16000150","E07000241","26ULGL","E00121438","26ULGL","E65000001","E01023919","E02004985","5","4B4","E00121438","E01023919","E02004985","E33027641","E38000049","","C1","6A4",51.802881,-0.226731,"E37000048","","E23000027",32599,"E56000035","E54000025","E00121438","E01023919","E02004985"
"AL8 7SS","AL8  7SS","AL8 7SS","198001","199412","E10000015","E58000628","E07000241","E05011064","E04004819","1","522100","0213100","8","E18000006","E40000007","E92000001","E12000006","5","E14001573","E15000006","E24000005","E30000272","E16000150","E07000241","26ULGP","E00121520","26ULGP","E65000001","E01023928","E02004981","5","6B2","E00121520","E01033313","E02004981","E33027628","E38000049","","C1","5B3",51.803220,-0.230570,"E37000048","","E23000027",28266,"E56000035","E54000025","E00121520","E01033313","E02004981"
"AL8 7ST","AL8  7ST","AL8 7ST","198607","","E10000015","E58000675","E07000241","E05011070","E43000083","0","524305","0214600","1","E18000006","E40000007","E92000001","E12000006","5","E14001573","E15000006","E24000005","E30000272","E16000150","E07000241","26ULGY","E00121663","26ULGY","E65000001","E01023960","E02004982","5","1C3","E00121663","E01023960","E02004982","E33027633","E38000049","E63011463","C1","8D2",51.816221,-0.198046,"E37000048","","E23000027",21489,"E56000035","E54000025","E00121663","E01023960","E02004982"
"AL8 7SU","AL8  7SU","AL8 7SU","198001","","E10000015","E58000622","E07000241","E05011070","E43000083","0","523040","0214302","1","E18000006","E40000007","E92000001","E12000006","5","E14001573","E15000006","E24000005","E30000272","E16000150","E07000241","26ULGY","E00121661","26ULGY","E65000001","E01023959","E02004982","8","4A2","E00121661","E01023959","E02004982","E33027634","E38000049","","F1","6A1",51.813822,-0.216494,"E37000048","","E23000027",32657,"E56000035","E54000025","E00121661","E01023959","E02004982"
"AL8 7SW","AL8  7SW","AL8 7SW","198704","199012","E10000015","E58000628","E07000241","E05011064","E04004819","1","521800","0211900","8","E18000006","E40000007","E92000001","E12000006","5","E14001573","E15000006","E24000005","E30000272","E16000150","E07000241","26ULGP","E00121521","26ULGP","E65000001","E01023928","E02004981","8","3C2","E00173254","E01033313","E02004981","E33027629","E38000049","","C1","5B2",51.792501,-0.235340,"E37000048","","E23000027",28266,"E56000035","E54000025","E00173254","E01033313","E02004981"
"AL8 7SX","AL8  7SX","AL8 7SX","198001","199012","E10000015","E58000622","E07000241","E05011070","E43000083","1","523000","0214200","8","E18000006","E40000007","E92000001","E12000006","5","E14001573","E15000006","E24000005","E30000272","E16000150","E07000241","26ULGY","E00121661","26ULGY","E65000001","E01023959","E02004982","8","4A2","E00121661","E01023959","E02004982","E33027634","E38000049","","F1","6A1",51.812908,-0.217134,"E37000048","","E23000027",32657,"E56000035","E54000025","E00121661","E01023959","E02004982"
"AL8 7TA","AL8  7TA","AL8 7TA","198001","","E10000015","E58000628","E07000241","E05011064","E04004819","0","522549","0210979","1","E18000006","E40000007","E92000001","E12000006","5","E14001573","E15000006","E24000005","E30000272","E16000150","E07000241","26ULGP","E00121521","26ULGP","E65000001","E01023928","E02004981","8","3C2","E00173254","E01033313","E02004981","E33027629","E38000049","","C1","5B2",51.784067,-0.224786,"E37000048","","E23000027",28266,"E56000035","E54000025","E00173254","E01033313","E02004981"
"AL8 7TB","AL8  7TB","AL8 7TB","198001","201906","E10000015","E58000628","E07000241","E05011064","E04004819","0","522552","0211047","1","E18000006","E40000007","E92000001","E12000006","5","E14001573","E15000006","E24000005","E30000272","E16000150","E07000241","26ULGP","E00121521","26ULGP","E65000001","E01023928","E02004981","8","3C2","E00173253","E01033313","E02004981","E33027628","E38000049","","C1","6A1",51.784671,-0.224743,"E37000048","","E23000027",28266,"E56000035","E54000025","E00173253","E01033313","E02004981"
"AL8 7TD","AL8  7TD","AL8 7TD","198001","","E10000015","E58000628","E07000241","E05011064","E04004819","0","522577","0210819","1","E18000006","E40000007","E92000001","E12000006","5","E14001573","E15000006","E24000005","E30000272","E16000150","E07000241","26ULGP","E00121521","26ULGP","E65000001","E01023928","E02004981","8","3C2","E00173254","E01033313","E02004981","E33027629","E38000049","","C1","5B2",51.782617,-0.224461,"E37000048","","E23000027",28266,"E56000035","E54000025","E00173254","E01033313","E02004981"
"AL8 7TE","AL8  7TE","AL8 7TE","198001","","E10000015","E58000628","E07000241","E05011064","E04004819","0","522558","0210873","1","E18000006","E40000007","E92000001","E12000006","5","E14001573","E15000006","E24000005","E30000272","E16000150","E07000241","26ULGP","E00121521","26ULGP","E65000001","E01023928","E02004981","8","3C2","E00173254","E01033313","E02004981","E33027629","E38000049","","C1","5B2",51.783112,-0.224693,"E37000048","","E23000027",28266,"E56000035","E54000025","E00173254","E01033313","E02004981"
"AL8 7TF","AL8  7TF","AL8 7TF","198001","","E10000015","E58000628","E07000241","E05011064","E04004819","0","522545","0210905","1","E18000006","E40000007","E92000001","E12000006","5","E14001573","E15000006","E24000005","E30000272","E16000150","E07000241","26ULGP","E00121521","26ULGP","E65000001","E01023928","E02004981","8","3C2","E00173254","E01033313","E02004981","E33027629","E38000049","","C1","5B2",51.783403,-0.224870,"E37000048","","E23000027",28266,"E56000035","E54000025","E00173254","E01033313","E02004981"
"AL8 7TG","AL8  7TG","AL8 7TG","198001","","E10000015","E58000628","E07000241","E05011064","E04004819","0","522514","0210947","1","E18000006","E40000007","E92000001","E12000006","5","E14001573","E15000006","E24000005","E30000272","E16000150","E07000241","26ULGP","E00121521","26ULGP","E65000001","E01023928","E02004981","8","3C2","E00173253","E01033313","E02004981","E33027628","E38000049","","C1","6A1",51.783787,-0.225304,"E37000048","","E23000027",28266,"E56000035","E54000025","E00173253","E01033313","E02004981"
"AL8 7TH","AL8  7TH","AL8 7TH","198001","","E10000015","E58000628","E07000241","E05011064","E04004819","0","522420","0211221","1","E18000006","E40000007","E92000001","E12000006","5","E14001573","E15000006","E24000005","E30000272","E16000150","E07000241","26ULGP","E00121521","26ULGP","E65000001","E01023928","E02004981","8","3C2","E00173253","E01033313","E02004981","E33027628","E38000049","","C1","6A1",51.786270,-0.226570,"E37000048","","E23000027",28266,"E56000035","E54000025","E00173253","E01033313","E02004981"
"AL8 7TJ","AL8  7TJ","AL8 7TJ","198001","","E10000015","E58000628","E07000241","E05011064","E04004819","0","522346","0211546","1","E18000006","E40000007","E92000001","E12000006","5","E14001573","E15000006","E24000005","E30000272","E16000150","E07000241","26ULGP","E00121521","26ULGP","E65000001","E01023928","E02004981","8","3C2","E00173253","E01033313","E02004981","E33027628","E38000049","","C1","6A1",51.789207,-0.227528,"E37000048","","E23000027",28266,"E56000035","E54000025","E00173253","E01033313","E02004981"
"AL8 7TL","AL8  7TL","AL8 7TL","198001","","E10000015","E58000628","E07000241","E05011064","E04004819","0","522365","0211952","1","E18000006","E40000007","E92000001","E12000006","5","E14001573","E15000006","E24000005","E30000272","E16000150","E07000241","26ULGP","E00121520","26ULGP","E65000001","E01023928","E02004981","5","6B2","E00121520","E01033313","E02004981","E33027628","E38000049","E63011463","C1","5B3",51.792845,-0.227134,"E37000048","","E23000027",28266,"E56000035","E54000025","E00121520","E01033313","E02004981"
"AL8 7TN","AL8  7TN","AL8 7TN","198001","","E10000015","E58000628","E07000241","E05011064","E04004819","0","522188","0212436","1","E18000006","E40000007","E92000001","E12000006","5","E14001573","E15000006","E24000005","E30000272","E16000150","E07000241","26ULGP","E00121520","26ULGP","E65000001","E01023928","E02004981","5","6B2","E00121520","E01033313","E02004981","E33027628","E38000049","E63011463","C1","5B3",51.797240,-0.229505,"E37000048","","E23000027",28266,"E56000035","E54000025","E00121520","E01033313","E02004981"
"AL8 7TP","AL8  7TP","AL8 7TP","198001","","E10000015","E58000628","E07000241","E05011064","E04004819","0","522067","0212330","1","E18000006","E40000007","E92000001","E12000006","5","E14001573","E15000006","E24000005","E30000272","E16000150","E07000241","26ULGP","E00121520","26ULGP","E65000001","E01023928","E02004981","5","6B2","E00121520","E01033313","E02004981","E33027628","E38000049","E63011463","C1","5B3",51.796313,-0.231296,"E37000048","","E23000027",28266,"E56000035","E54000025","E00121520","E01033313","E02004981"
"AL8 7TQ","AL8  7TQ","AL8 7TQ","198001","","E10000015","E58000628","E07000241","E05011064","E04004819","0","522524","0211092","1","E18000006","E40000007","E92000001","E12000006","5","E14001573","E15000006","E24000005","E30000272","E16000150","E07000241","26ULGP","E00121521","26ULGP","E65000001","E01023928","E02004981","8","3C2","E00173253","E01033313","E02004981","E33027628","E38000049","","C1","6A1",51.785088,-0.225108,"E37000048","","E23000027",28266,"E56000035","E54000025","E00173253","E01033313","E02004981"
"AL8 7TR","AL8  7TR","AL8 7TR","198001","","E10000015","E58000628","E07000241","E05011064","E04004819","0","521942","0212292","1","E18000006","E40000007","E92000001","E12000006","5","E14001573","E15000006","E24000005","E30000272","E16000150","E07000241","26ULGP","E00121520","26ULGP","E65000001","E01023928","E02004981","5","6B2","E00121520","E01033313","E02004981","E33027628","E38000049","E63011463","C1","5B3",51.795999,-0.233121,"E37000048","","E23000027",28266,"E56000035","E54000025","E00121520","E01033313","E02004981"
"AL8 7TS","AL8  7TS","AL8 7TS","198001","","E10000015","E58000628","E07000241","E05011064","E04004819","0","521607","0212110","1","E18000006","E40000007","E92000001","E12000006","5","E14001573","E15000006","E24000005","E30000272","E16000150","E07000241","26ULGP","E00121521","26ULGP","E65000001","E01023928","E02004981","8","3C2","E00173254","E01033313","E02004981","E33027629","E38000049","","C1","5B2",51.794436,-0.238040,"E37000048","","E23000027",28266,"E56000035","E54000025","E00173254","E01033313","E02004981"
"AL8 7TT","AL8  7TT","AL8 7TT","198001","","E10000015","E58000628","E07000241","E05011064","E04004819","0","521830","0211988","1","E18000006","E40000007","E92000001","E12000006","5","E14001573","E15000006","E24000005","E30000272","E16000150","E07000241","26ULGP","E00121521","26ULGP","E65000001","E01023928","E02004981","8","3C2","E00173254","E01033313","E02004981","E33027629","E38000049","E63011463","C1","5B2",51.793292,-0.234851,"E37000048","","E23000027",28266,"E56000035","E54000025","E00173254","E01033313","E02004981"
"AL8 7TU","AL8  7TU","AL8 7TU","198001","","E10000015","E58000628","E07000241","E05011064","E04004819","0","522155","0211482","1","E18000006","E40000007","E92000001","E12000006","5","E14001573","E15000006","E24000005","E30000272","E16000150","E07000241","26ULGP","E00121521","26ULGP","E65000001","E01023928","E02004981","8","3C2","E00173253","E01033313","E02004981","E33027628","E38000049","","C1","6A1",51.788673,-0.230318,"E37000048","","E23000027",28266,"E56000035","E54000025","E00173253","E01033313","E02004981"
"AL8 7TW","AL8  7TW","AL8 7TW","200504","","E10000015","E58000628","E07000241","E05011064","E04004819","0","521902","0212413","1","E18000006","E40000007","E92000001","E12000006","5","E14001573","E15000006","E24000005","E30000272","E16000150","E07000241","26ULGP","E00121520","26ULGP","E65000001","E01023928","E02004981","5","6B2","E00121520","E01033313","E02004981","E33027628","E38000049","E63011463","C1","5B3",51.797095,-0.233658,"E37000048","","E23000027",28266,"E56000035","E54000025","E00121520","E01033313","E02004981"
"AL8 7TX","AL8  7TX","AL8 7TX","198001","","E10000015","E58000628","E07000241","E05011064","E04004819","0","522333","0211363","1","E18000006","E40000007","E92000001","E12000006","5","E14001573","E15000006","E24000005","E30000272","E16000150","E07000241","26ULGP","E00121521","26ULGP","E65000001","E01023928","E02004981","8","3C2","E00173253","E01033313","E02004981","E33027628","E38000049","","C1","6A1",51.787565,-0.227781,"E37000048","","E23000027",28266,"E56000035","E54000025","E00173253","E01033313","E02004981"
"AL8 7TY","AL8  7TY","AL8 7TY","198001","","E10000015","E58000628","E07000241","E05011064","E04004819","0","522343","0211249","1","E18000006","E40000007","E92000001","E12000006","5","E14001573","E15000006","E24000005","E30000272","E16000150","E07000241","26ULGP","E00121521","26ULGP","E65000001","E01023928","E02004981","8","3C2","E00173253","E01033313","E02004981","E33027628","E38000049","","C1","6A1",51.786538,-0.227676,"E37000048","","E23000027",28266,"E56000035","E54000025","E00173253","E01033313","E02004981"
"AL8 7TZ","AL8  7TZ","AL8 7TZ","198402","201502","E10000015","E58000628","E07000241","E05011064","E04004819","1","521910","0212416","1","E18000006","E40000007","E92000001","E12000006","5","E14001573","E15000006","E24000005","E30000272","E16000150","E07000241","26ULGP","E00121520","26ULGP","E65000001","E01023928","E02004981","5","6B2","E00121520","E01033313","E02004981","E33027628","E38000049","E63011463","C1","5B3",51.797114,-0.233565,"E37000048","","E23000027",28266,"E56000035","E54000025","E00121520","E01033313","E02004981"
"AL8 7WA","AL8  7WA","AL8 7WA","200112","200604","E10000015","E58000623","E07000241","E05011069","E43000083","1","524487","0213299","1","E18000006","E40000007","E92000001","E12000006","5","E14001573","E15000006","E24000005","E30000272","E16000150","E07000241","26ULGX","E00121637","26ULGX","E65000001","E01023954","E02004986","5","5B2","E00121637","E01023954","E02004986","E33024496","E38000049","E63011463","C1","7A3",51.804482,-0.195898,"E37000048","","E23000027",7164,"E56000035","E54000025","E00190264","E01035604","E02004986"
"AL8 7WB","AL8  7WB","AL8 7WB","200206","200808","E10000015","E58000623","E07000241","E05011069","E43000083","1","524487","0213299","1","E18000006","E40000007","E92000001","E12000006","5","E14001573","E15000006","E24000005","E30000272","E16000150","E07000241","26ULGX","E00121637","26ULGX","E65000001","E01023954","E02004986","5","5B2","E00121637","E01023954","E02004986","E33024496","E38000049","E63011463","C1","7A3",51.804482,-0.195898,"E37000048","","E23000027",7164,"E56000035","E54000025","E00190264","E01035604","E02004986"
"AL8 7WD","AL8  7WD","AL8 7WD","200206","201703","E10000015","E58000623","E07000241","E05011069","E43000083","1","524487","0213299","1","E18000006","E40000007","E92000001","E12000006","5","E14001573","E15000006","E24000005","E30000272","E16000150","E07000241","26ULGX","E00121637","26ULGX","E65000001","E01023954","E02004986","5","5B2","E00121637","E01023954","E02004986","E33024496","E38000049","E63011463","C1","7A3",51.804482,-0.195898,"E37000048","","E23000027",7164,"E56000035","E54000025","E00190264","E01035604","E02004986"
"AL8 7WE","AL8  7WE","AL8 7WE","200408","201811","E10000015","E58000623","E07000241","E05011069","E43000083","1","524487","0213299","1","E18000006","E40000007","E92000001","E12000006","5","E14001573","E15000006","E24000005","E30000272","E16000150","E07000241","26ULGX","E00121637","26ULGX","E65000001","E01023954","E02004986","5","5B2","E00121637","E01023954","E02004986","E33024496","E38000049","E63011463","C1","7A3",51.804482,-0.195898,"E37000048","","E23000027",7164,"E56000035","E54000025","E00190264","E01035604","E02004986"
"AL8 7WG","AL8  7WG","AL8 7WG","200206","200605","E10000015","E58000623","E07000241","E05011069","E43000083","1","524487","0213299","5","E18000006","E40000007","E92000001","E12000006","5","E14001573","E15000006","E24000005","E30000272","E16000150","E07000241","26ULGX","E00121637","26ULGX","E65000001","E01023954","E02004986","5","5B2","E00121637","E01023954","E02004986","E33024496","E38000049","E63011463","C1","7A3",51.804482,-0.195898,"E37000048","","E23000027",7164,"E56000035","E54000025","E00190264","E01035604","E02004986"
"AL8 7WJ","AL8  7WJ","AL8 7WJ","200706","200707","E10000015","E58000623","E07000241","E05011069","E43000083","1","524487","0213299","1","E18000006","E40000007","E92000001","E12000006","5","E14001573","E15000006","E24000005","E30000272","E16000150","E07000241","26ULGX","E00121637","26ULGX","E65000001","E01023954","E02004986","5","5B2","E00121637","E01023954","E02004986","E33024496","E38000049","E63011463","C1","7A3",51.804482,-0.195898,"E37000048","","E23000027",7164,"E56000035","E54000025","E00190264","E01035604","E02004986"
"AL8 7XA","AL8  7XA","AL8 7XA","198001","","E10000015","E58000628","E07000241","E05011064","E04004819","0","522341","0210922","1","E18000006","E40000007","E92000001","E12000006","5","E14001573","E15000006","E24000005","E30000272","E16000150","E07000241","26ULGP","E00121521","26ULGP","E65000001","E01023928","E02004981","8","3C2","E00173253","E01033313","E02004981","E33027628","E38000049","","C1","6A1",51.783600,-0.227820,"E37000048","","E23000027",28266,"E56000035","E54000025","E00173253","E01033313","E02004981"
"AL8 7XB","AL8  7XB","AL8 7XB","198001","","E10000015","E58000628","E07000241","E05011064","E04004819","0","521721","0211451","1","E18000006","E40000007","E92000001","E12000006","5","E14001573","E15000006","E24000005","E30000272","E16000150","E07000241","26ULGP","E00121521","26ULGP","E65000001","E01023928","E02004981","8","3C2","E00173254","E01033313","E02004981","E33027629","E38000049","","C1","5B2",51.788489,-0.236618,"E37000048","","E23000027",28266,"E56000035","E54000025","E00173254","E01033313","E02004981"
"AL8 7XD","AL8  7XD","AL8 7XD","198001","","E10000015","E58000628","E07000241","E05011064","E04004819","0","521086","0211833","1","E18000006","E40000007","E92000001","E12000006","5","E14001573","E15000006","E24000005","E30000272","E16000150","E07000241","26ULGP","E00121521","26ULGP","E65000001","E01023928","E02004981","8","3C2","E00173254","E01033313","E02004981","E33027629","E38000049","","C1","5B2",51.792060,-0.245687,"E37000048","","E23000027",28266,"E56000035","E54000025","E00173254","E01033313","E02004981"
"AL8 7XE","AL8  7XE","AL8 7XE","198001","","E10000015","E58000628","E07000241","E05011064","E04004819","0","520783","0212288","1","E18000006","E40000007","E92000001","E12000006","5","E14001573","E15000006","E24000005","E30000272","E16000150","E07000241","26ULGP","E00121521","26ULGP","E65000001","E01023928","E02004981","8","3C2","E00173254","E01033313","E02004981","E33027629","E38000049","","C1","5B2",51.796214,-0.249920,"E37000048","","E23000027",28266,"E56000035","E54000025","E00173254","E01033313","E02004981"
"AL8 7XF","AL8  7XF","AL8 7XF","198001","","E10000015","E58000628","E07000241","E05011064","E04004819","0","521171","0212915","1","E18000006","E40000007","E92000001","E12000006","5","E14001573","E15000006","E24000005","E30000272","E16000150","E07000241","26ULGP","E00121521","26ULGP","E65000001","E01023928","E02004981","8","3C2","E00173254","E01033313","E02004981","E33027629","E38000049","","C1","5B2",51.801759,-0.244102,"E37000048","","E23000027",28266,"E56000035","E54000025","E00173254","E01033313","E02004981"
"AL8 7XG","AL8  7XG","AL8 7XG","198001","","E10000015","E58000628","E07000241","E05011064","E04004819","0","521175","0212914","1","E18000006","E40000007","E92000001","E12000006","5","E14001573","E15000006","E24000005","E30000272","E16000150","E07000241","26ULGP","E00121521","26ULGP","E65000001","E01023928","E02004981","8","3C2","E00173254","E01033313","E02004981","E33027629","E38000049","","C1","5B2",51.801756,-0.244020,"E37000048","","E23000027",28266,"E56000035","E54000025","E00173254","E01033313","E02004981"
"AL8 7XH","AL8  7XH","AL8 7XH","198001","","E10000015","E58000628","E07000241","E05011064","E04004819","0","521237","0213195","1","E18000006","E40000007","E92000001","E12000006","5","E14001573","E15000006","E24000005","E30000272","E16000150","E07000241","26ULGP","E00121521","26ULGP","E65000001","E01023928","E02004981","8","3C2","E00173254","E01033313","E02004981","E33027629","E38000049","","C1","5B2",51.804268,-0.243023,"E37000048","","E23000027",28266,"E56000035","E54000025","E00173254","E01033313","E02004981"
"AL8 7XJ","AL8  7XJ","AL8 7XJ","199208","199405","E10000015","E58000628","E07000241","E05011064","E04004819","1","521200","0213100","8","E18000006","E40000007","E92000001","E12000006","5","E14001573","E15000006","E24000005","E30000272","E16000150","E07000241","26ULGP","E00121521","26ULGP","E65000001","E01023928","E02004981","8","3C2","E00173254","E01033313","E02004981","E33027629","E38000049","","C1","5B2",51.803415,-0.243617,"E37000048","","E23000027",28266,"E56000035","E54000025","E00173254","E01033313","E02004981"
"AL8 7XN","AL8  7XN","AL8 7XN","200307","200509","E10000015","E58000628","E07000241","E05011064","E04004819","1","521237","0213195","5","E18000006","E40000007","E92000001","E12000006","5","E14001573","E15000006","E24000005","E30000272","E16000150","E07000241","26ULGP","E00121521","26ULGP","E65000001","E01023928","E02004981","8","3C2","E00173254","E01033313","E02004981","E33027629","E38000049","","C1","5B2",51.804261,-0.243047,"E37000048","","E23000027",28266,"E56000035","E54000025","E00173254","E01033313","E02004981"
"AL8 7XP","AL8  7XP","AL8 7XP","200606","200607","E10000015","E58000628","E07000241","E05011064","E04004819","1","521237","0213195","5","E18000006","E40000007","E92000001","E12000006","5","E14001573","E15000006","E24000005","E30000272","E16000150","E07000241","26ULGP","E00121521","26ULGP","E65000001","E01023928","E02004981","8","3C2","E00173254","E01033313","E02004981","E33027629","E38000049","","C1","5B2",51.804261,-0.243047,"E37000048","","E23000027",28266,"E56000035","E54000025","E00173254","E01033313","E02004981"
"AL8 7XQ","AL8  7XQ","AL8 7XQ","198001","199906","E10000015","E58000628","E07000241","E05011064","E04004819","0","521200","0213000","8","E18000006","E40000007","E92000001","E12000006","5","E14001573","E15000006","E24000005","E30000272","E16000150","E07000241","26ULGP","E00121521","26ULGP","E65000001","E01023928","E02004981","8","3C2","E00173254","E01033313","E02004981","E33027629","E38000049","","C1","5B2",51.802517,-0.243651,"E37000048","","E23000027",28266,"E56000035","E54000025","E00173254","E01033313","E02004981"
"AL8 7XT","AL8  7XT","AL8 7XT","200401","200809","E10000015","E58000623","E07000241","E05011069","E43000083","1","524487","0213299","1","E18000006","E40000007","E92000001","E12000006","5","E14001573","E15000006","E24000005","E30000272","E16000150","E07000241","26ULGX","E00121637","26ULGX","E65000001","E01023954","E02004986","5","5B2","E00121637","E01023954","E02004986","E33024496","E38000049","E63011463","C1","7A3",51.804482,-0.195898,"E37000048","","E23000027",7164,"E56000035","E54000025","E00190264","E01035604","E02004986"
"AL8 7XZ","AL8  7XZ","AL8 7XZ","200209","201710","E10000015","E58000623","E07000241","E05011069","E43000083","1","524487","0213299","1","E18000006","E40000007","E92000001","E12000006","5","E14001573","E15000006","E24000005","E30000272","E16000150","E07000241","26ULGX","E00121637","26ULGX","E65000001","E01023954","E02004986","5","5B2","E00121637","E01023954","E02004986","E33024496","E38000049","E63011463","C1","7A3",51.804482,-0.195898,"E37000048","","E23000027",7164,"E56000035","E54000025","E00190264","E01035604","E02004986"
"AL8 7YZ","AL8  7YZ","AL8 7YZ","200012","200402","E10000015","E58000623","E07000241","E05011069","E43000083","1","524487","0213299","1","E18000006","E40000007","E92000001","E12000006","5","E14001573","E15000006","E24000005","E30000272","E16000150","E07000241","26ULGX","E00121637","26ULGX","E65000001","E01023954","E02004986","5","5B2","E00121637","E01023954","E02004986","E33024496","E38000049","E63011463","C1","7A3",51.804482,-0.195898,"E37000048","","E23000027",7164,"E56000035","E54000025","E00190264","E01035604","E02004986"
"AL8 7ZD","AL8  7ZD","AL8 7ZD","199712","199906","E10000015","E58000622","E07000241","E05011070","E43000083","1","523603","0213953","6","E18000006","E40000007","E92000001","E12000006","5","E14001573","E15000006","E24000005","E30000272","E16000150","E07000241","26ULGY","E00121674","26ULGY","E65000001","E01023959","E02004982","5","4B3","E00121674","E01023959","E02004982","E33027634","E38000049","E63011463","C1","6A1",51.810555,-0.208480,"E37000048","","E23000027",32657,"E56000035","E54000025","E00121674","E01023959","E02004982"
"AL8 7ZE","AL8  7ZE","AL8 7ZE","199806","199912","E10000015","E58000622","E07000241","E05011070","E43000083","1","523603","0213953","6","E18000006","E40000007","E92000001","E12000006","5","E14001573","E15000006","E24000005","E30000272","E16000150","E07000241","26ULGY","E00121674","26ULGY","E65000001","E01023959","E02004982","5","4B3","E00121674","E01023959","E02004982","E33027634","E38000049","E63011463","C1","6A1",51.810555,-0.208480,"E37000048","","E23000027",32657,"E56000035","E54000025","E00121674","E01023959","E02004982"
"AL8 7ZF","AL8  7ZF","AL8 7ZF","199906","199912","E10000015","E58000622","E07000241","E05011070","E43000083","1","523603","0213953","6","E18000006","E40000007","E92000001","E12000006","5","E14001573","E15000006","E24000005","E30000272","E16000150","E07000241","26ULGY","E00121674","26ULGY","E65000001","E01023959","E02004982","5","4B3","E00121674","E01023959","E02004982","E33027634","E38000049","E63011463","C1","6A1",51.810555,-0.208480,"E37000048","","E23000027",32657,"E56000035","E54000025","E00121674","E01023959","E02004982"
"AL8 7ZG","AL8  7ZG","AL8 7ZG","199906","200904","E10000015","E58000623","E07000241","E05011069","E43000083","1","524487","0213299","1","E18000006","E40000007","E92000001","E12000006","5","E14001573","E15000006","E24000005","E30000272","E16000150","E07000241","26ULGX","E00121637","26ULGX","E65000001","E01023954","E02004986","5","5B2","E00121637","E01023954","E02004986","E33024496","E38000049","E63011463","C1","7A3",51.804482,-0.195898,"E37000048","","E23000027",7164,"E56000035","E54000025","E00190264","E01035604","E02004986"
"AL8 7ZH","AL8  7ZH","AL8 7ZH","199906","200006","E10000015","E58000622","E07000241","E05011070","E43000083","1","523603","0213953","6","E18000006","E40000007","E92000001","E12000006","5","E14001573","E15000006","E24000005","E30000272","E16000150","E07000241","26ULGY","E00121674","26ULGY","E65000001","E01023959","E02004982","5","4B3","E00121674","E01023959","E02004982","E33027634","E38000049","E63011463","C1","6A1",51.810555,-0.208480,"E37000048","","E23000027",32657,"E56000035","E54000025","E00121674","E01023959","E02004982"
"AL8 7ZJ","AL8  7ZJ","AL8 7ZJ","199912","200311","E10000015","E58000623","E07000241","E05011069","E43000083","1","524487","0213299","1","E18000006","E40000007","E92000001","E12000006","5","E14001573","E15000006","E24000005","E30000272","E16000150","E07000241","26ULGX","E00121637","26ULGX","E65000001","E01023954","E02004986","5","5B2","E00121637","E01023954","E02004986","E33024496","E38000049","E63011463","C1","7A3",51.804482,-0.195898,"E37000048","","E23000027",7164,"E56000035","E54000025","E00190264","E01035604","E02004986"
"AL8 7ZL","AL8  7ZL","AL8 7ZL","199912","200104","E10000015","E58000622","E07000241","E05011070","E43000083","1","523603","0213953","6","E18000006","E40000007","E92000001","E12000006","5","E14001573","E15000006","E24000005","E30000272","E16000150","E07000241","26ULGY","E00121674","26ULGY","E65000001","E01023959","E02004982","5","4B3","E00121674","E01023959","E02004982","E33027634","E38000049","E63011463","C1","6A1",51.810555,-0.208480,"E37000048","","E23000027",32657,"E56000035","E54000025","E00121674","E01023959","E02004982"
"AL8 7ZN","AL8  7ZN","AL8 7ZN","200006","200601","E10000015","E58000623","E07000241","E05011069","E43000083","1","524487","0213299","1","E18000006","E40000007","E92000001","E12000006","5","E14001573","E15000006","E24000005","E30000272","E16000150","E07000241","26ULGX","E00121637","26ULGX","E65000001","E01023954","E02004986","5","5B2","E00121637","E01023954","E02004986","E33024496","E38000049","E63011463","C1","7A3",51.804482,-0.195898,"E37000048","","E23000027",7164,"E56000035","E54000025","E00190264","E01035604","E02004986"
"AL8 7ZP","AL8  7ZP","AL8 7ZP","200403","200905","E10000015","E58000623","E07000241","E05011069","E43000083","1","524487","0213299","1","E18000006","E40000007","E92000001","E12000006","5","E14001573","E15000006","E24000005","E30000272","E16000150","E07000241","26ULGX","E00121637","26ULGX","E65000001","E01023954","E02004986","5","5B2","E00121637","E01023954","E02004986","E33024496","E38000049","E63011463","C1","7A3",51.804482,-0.195898,"E37000048","","E23000027",7164,"E56000035","E54000025","E00190264","E01035604","E02004986"
"AL8 7ZQ","AL8  7ZQ","AL8 7ZQ","200302","201002","E10000015","E58000623","E07000241","E05011069","E43000083","1","524487","0213299","1","E18000006","E40000007","E92000001","E12000006","5","E14001573","E15000006","E24000005","E30000272","E16000150","E07000241","26ULGX","E00121637","26ULGX","E65000001","E01023954","E02004986","5","5B2","E00121637","E01023954","E02004986","E33024496","E38000049","E63011463","C1","7A3",51.804482,-0.195898,"E37000048","","E23000027",7164,"E56000035","E54000025","E00190264","E01035604","E02004986"
"AL8 7ZR","AL8  7ZR","AL8 7ZR","200307","200812","E10000015","E58000623","E07000241","E05011069","E43000083","1","524487","0213299","1","E18000006","E40000007","E92000001","E12000006","5","E14001573","E15000006","E24000005","E30000272","E16000150","E07000241","26ULGX","E00121637","26ULGX","E65000001","E01023954","E02004986","5","5B2","E00121637","E01023954","E02004986","E33024496","E38000049","E63011463","C1","7A3",51.804482,-0.195898,"E37000048","","E23000027",7164,"E56000035","E54000025","E00190264","E01035604","E02004986"
"AL8 7ZS","AL8  7ZS","AL8 7ZS","200212","200307","E10000015","E58000623","E07000241","E05011069","E43000083","1","524487","0213299","5","E18000006","E40000007","E92000001","E12000006","5","E14001573","E15000006","E24000005","E30000272","E16000150","E07000241","26ULGX","E00121637","26ULGX","E65000001","E01023954","E02004986","5","5B2","E00121637","E01023954","E02004986","E33024496","E38000049","E63011463","C1","7A3",51.804482,-0.195898,"E37000048","","E23000027",7164,"E56000035","E54000025","E00190264","E01035604","E02004986"
"AL8 7ZT","AL8  7ZT","AL8 7ZT","200012","200111","E10000015","E58000623","E07000241","E05011069","E43000083","1","524487","0213299","1","E18000006","E40000007","E92000001","E12000006","5","E14001573","E15000006","E24000005","E30000272","E16000150","E07000241","26ULGX","E00121637","26ULGX","E65000001","E01023954","E02004986","5","5B2","E00121637","E01023954","E02004986","E33024496","E38000049","E63011463","C1","7A3",51.804482,-0.195898,"E37000048","","E23000027",7164,"E56000035","E54000025","E00190264","E01035604","E02004986"
"AL8 7ZU","AL8  7ZU","AL8 7ZU","200012","200302","E10000015","E58000623","E07000241","E05011069","E43000083","1","524487","0213299","1","E18000006","E40000007","E92000001","E12000006","5","E14001573","E15000006","E24000005","E30000272","E16000150","E07000241","26ULGX","E00121637","26ULGX","E65000001","E01023954","E02004986","5","5B2","E00121637","E01023954","E02004986","E33024496","E38000049","E63011463","C1","7A3",51.804482,-0.195898,"E37000048","","E23000027",7164,"E56000035","E54000025","E00190264","E01035604","E02004986"
"AL8 7ZW","AL8  7ZW","AL8 7ZW","200006","200705","E10000015","E58000623","E07000241","E05011069","E43000083","1","524487","0213299","1","E18000006","E40000007","E92000001","E12000006","5","E14001573","E15000006","E24000005","E30000272","E16000150","E07000241","26ULGX","E00121637","26ULGX","E65000001","E01023954","E02004986","5","5B2","E00121637","E01023954","E02004986","E33024496","E38000049","E63011463","C1","7A3",51.804482,-0.195898,"E37000048","","E23000027",7164,"E56000035","E54000025","E00190264","E01035604","E02004986"
"AL8 7ZX","AL8  7ZX","AL8 7ZX","200006","200107","E10000015","E58000622","E07000241","E05011070","E43000083","1","523603","0213953","6","E18000006","E40000007","E92000001","E12000006","5","E14001573","E15000006","E24000005","E30000272","E16000150","E07000241","26ULGY","E00121674","26ULGY","E65000001","E01023959","E02004982","5","4B3","E00121674","E01023959","E02004982","E33027634","E38000049","E63011463","C1","6A1",51.810555,-0.208480,"E37000048","","E23000027",32657,"E56000035","E54000025","E00121674","E01023959","E02004982"
"AL8 7ZY","AL8  7ZY","AL8 7ZY","199806","200108","E10000015","E58000623","E07000241","E05011069","E43000083","1","524487","0213299","1","E18000006","E40000007","E92000001","E12000006","5","E14001573","E15000006","E24000005","E30000272","E16000150","E07000241","26ULGX","E00121637","26ULGX","E65000001","E01023954","E02004986","5","5B2","E00121637","E01023954","E02004986","E33024496","E38000049","E63011463","C1","7A3",51.804482,-0.195898,"E37000048","","E23000027",7164,"E56000035","E54000025","E00190264","E01035604","E02004986"
"AL8 7ZZ","AL8  7ZZ","AL8 7ZZ","199712","199812","E10000015","E58000622","E07000241","E05011070","E43000083","1","523603","0213953","6","E18000006","E40000007","E92000001","E12000006","5","E14001573","E15000006","E24000005","E30000272","E16000150","E07000241","26ULGY","E00121674","26ULGY","E65000001","E01023959","E02004982","5","4B3","E00121674","E01023959","E02004982","E33027634","E38000049","E63011463","C1","6A1",51.810555,-0.208480,"E37000048","","E23000027",32657,"E56000035","E54000025","E00121674","E01023959","E02004982"
"AL9 5AA","AL9  5AA","AL9 5AA","200106","200601","E10000015","E58000628","E07000241","E05011061","E04004819","1","522507","0208780","1","E18000006","E40000007","E92000001","E12000006","5","E14001573","E15000006","E24000005","E30000272","E16000150","E07000241","26ULGM","E00121461","26ULGM","E65000001","E01023920","E02004991","5","2A2","E00121461","E01023920","E02004991","E33024486","E38000049","E63011549","C1","3A2",51.764308,-0.226194,"E37000048","","E23000027",6540,"E56000035","E54000025","E00121461","E01023920","E02004991"
"AL9 5AB","AL9  5AB","AL9 5AB","198001","","E10000015","E58000627","E07000241","E05011062","E04004819","0","523242","0208752","1","E18000006","E40000007","E92000001","E12000006","5","E14001573","E15000006","E24000005","E30000272","E16000150","E07000241","26ULGN","E00121486","26ULGN","E65000001","E01023926","E02004990","5","2B2","E00121486","E01023926","E02004990","E33024489","E38000049","E63011549","C1","4A2",51.763895,-0.215559,"E37000048","","E23000027",29833,"E56000035","E54000025","E00121486","E01023926","E02004990"
"AL9 5AD","AL9  5AD","AL9 5AD","198001","","E10000015","E58000627","E07000241","E05011062","E04004819","0","523351","0208635","1","E18000006","E40000007","E92000001","E12000006","5","E14001573","E15000006","E24000005","E30000272","E16000150","E07000241","26ULGN","E00121486","26ULGN","E65000001","E01023926","E02004990","5","2B2","E00121486","E01023926","E02004990","E33024489","E38000049","E63011549","C1","4A2",51.762826,-0.213998,"E37000048","","E23000027",29833,"E56000035","E54000025","E00121486","E01023926","E02004990"
"AL9 5AE","AL9  5AE","AL9 5AE","198001","","E10000015","E58000627","E07000241","E05011062","E04004819","0","523307","0208733","1","E18000006","E40000007","E92000001","E12000006","5","E14001573","E15000006","E24000005","E30000272","E16000150","E07000241","26ULGN","E00121486","26ULGN","E65000001","E01023926","E02004990","5","2B2","E00121486","E01023926","E02004990","E33024489","E38000049","E63011549","C1","4A2",51.763716,-0.214600,"E37000048","","E23000027",29833,"E56000035","E54000025","E00121486","E01023926","E02004990"
"AL9 5AF","AL9  5AF","AL9 5AF","198001","","E10000015","E58000627","E07000241","E05011062","E04004819","0","523283","0208635","1","E18000006","E40000007","E92000001","E12000006","5","E14001573","E15000006","E24000005","E30000272","E16000150","E07000241","26ULGN","E00121483","26ULGN","E65000001","E01023925","E02004990","5","6D2","E00121483","E01023925","E02004990","E33027661","E38000049","E63011549","C1","5B2",51.762835,-0.215007,"E37000048","","E23000027",10810,"E56000035","E54000025","E00121483","E01023925","E02004990"
"AL9 5AG","AL9  5AG","AL9 5AG","198001","199512","E10000015","E58000627","E07000241","E05011062","E04004819","1","523300","0208600","8","E18000006","E40000007","E92000001","E12000006","5","E14001573","E15000006","E24000005","E30000272","E16000150","E07000241","26ULGN","E00121483","26ULGN","E65000001","E01023925","E02004990","5","6D2","E00121483","E01023925","E02004990","E33027661","E38000049","E63011549","C1","5B2",51.762517,-0.214773,"E37000048","","E23000027",10810,"E56000035","E54000025","E00121483","E01023925","E02004990"
"AL9 5AH","AL9  5AH","AL9 5AH","198001","","E10000015","E58000627","E07000241","E05011062","E04004819","0","523456","0208563","1","E18000006","E40000007","E92000001","E12000006","5","E14001573","E15000006","E24000005","E30000272","E16000150","E07000241","26ULGN","E00121483","26ULGN","E65000001","E01023925","E02004990","5","6D2","E00121483","E01023925","E02004990","E33027661","E38000049","E63011549","C1","5B2",51.762155,-0.212503,"E37000048","","E23000027",10810,"E56000035","E54000025","E00121483","E01023925","E02004990"
"AL9 5AJ","AL9  5AJ","AL9 5AJ","198001","","E10000015","E58000627","E07000241","E05011062","E04004819","0","523524","0208590","1","E18000006","E40000007","E92000001","E12000006","5","E14001573","E15000006","E24000005","E30000272","E16000150","E07000241","26ULGN","E00121483","26ULGN","E65000001","E01023925","E02004990","5","6D2","E00121483","E01023925","E02004990","E33027661","E38000049","E63011549","C1","5B2",51.762383,-0.211508,"E37000048","","E23000027",10810,"E56000035","E54000025","E00121483","E01023925","E02004990"
"AL9 5AL","AL9  5AL","AL9 5AL","198001","","E10000015","E58000627","E07000241","E05011062","E04004819","0","523530","0208523","1","E18000006","E40000007","E92000001","E12000006","5","E14001573","E15000006","E24000005","E30000272","E16000150","E07000241","26ULGN","E00121483","26ULGN","E65000001","E01023925","E02004990","5","6D2","E00121483","E01023925","E02004990","E33027661","E38000049","E63011549","C1","5B2",51.761780,-0.211445,"E37000048","","E23000027",10810,"E56000035","E54000025","E00121483","E01023925","E02004990"
"AL9 5AN","AL9  5AN","AL9 5AN","198001","","E10000015","E58000627","E07000241","E05011062","E04004819","0","523424","0208554","1","E18000006","E40000007","E92000001","E12000006","5","E14001573","E15000006","E24000005","E30000272","E16000150","E07000241","26ULGN","E00121483","26ULGN","E65000001","E01023925","E02004990","5","6D2","E00121483","E01023925","E02004990","E33027661","E38000049","E63011549","C1","5B2",51.762082,-0.212969,"E37000048","","E23000027",10810,"E56000035","E54000025","E00121483","E01023925","E02004990"
"AL9 5AP","AL9  5AP","AL9 5AP","198001","","E10000015","E58000627","E07000241","E05011062","E04004819","0","523426","0208463","1","E18000006","E40000007","E92000001","E12000006","5","E14001573","E15000006","E24000005","E30000272","E16000150","E07000241","26ULGN","E00121483","26ULGN","E65000001","E01023925","E02004990","5","6D2","E00121483","E01023925","E02004990","E33027661","E38000049","E63011549","C1","5B2",51.761263,-0.212973,"E37000048","","E23000027",10810,"E56000035","E54000025","E00121483","E01023925","E02004990"
"AL9 5AQ","AL9  5AQ","AL9 5AQ","198001","199606","E10000015","E58000627","E07000241","E05011062","E04004819","1","523300","0208600","8","E18000006","E40000007","E92000001","E12000006","5","E14001573","E15000006","E24000005","E30000272","E16000150","E07000241","26ULGN","E00121483","26ULGN","E65000001","E01023925","E02004990","5","6D2","E00121483","E01023925","E02004990","E33027661","E38000049","E63011549","C1","5B2",51.762517,-0.214773,"E37000048","","E23000027",10810,"E56000035","E54000025","E00121483","E01023925","E02004990"
"AL9 5AR","AL9  5AR","AL9 5AR","198001","","E10000015","E58000627","E07000241","E05011062","E04004819","0","523443","0208432","1","E18000006","E40000007","E92000001","E12000006","5","E14001573","E15000006","E24000005","E30000272","E16000150","E07000241","26ULGN","E00121483","26ULGN","E65000001","E01023925","E02004990","5","6D2","E00121483","E01023925","E02004990","E33027661","E38000049","E63011549","C1","5B2",51.760981,-0.212738,"E37000048","","E23000027",10810,"E56000035","E54000025","E00121483","E01023925","E02004990"
"AL9 5AS","AL9  5AS","AL9 5AS","198001","","E10000015","E58000627","E07000241","E05011062","E04004819","0","523369","0208500","1","E18000006","E40000007","E92000001","E12000006","5","E14001573","E15000006","E24000005","E30000272","E16000150","E07000241","26ULGN","E00121483","26ULGN","E65000001","E01023925","E02004990","5","6D2","E00121483","E01023925","E02004990","E33027661","E38000049","E63011549","C1","5B2",51.761608,-0.213785,"E37000048","","E23000027",10810,"E56000035","E54000025","E00121483","E01023925","E02004990"
"AL9 5AT","AL9  5AT","AL9 5AT","198001","","E10000015","E58000627","E07000241","E05011062","E04004819","0","523376","0208653","1","E18000006","E40000007","E92000001","E12000006","5","E14001573","E15000006","E24000005","E30000272","E16000150","E07000241","26ULGN","E00121486","26ULGN","E65000001","E01023926","E02004990","5","2B2","E00121486","E01023926","E02004990","E33024489","E38000049","E63011549","C1","4A2",51.762982,-0.213629,"E37000048","","E23000027",29833,"E56000035","E54000025","E00121486","E01023926","E02004990"
"AL9 5AU","AL9  5AU","AL9 5AU","198001","200110","E10000015","E58000627","E07000241","E05011062","E04004819","1","523380","0208644","3","E18000006","E40000007","E92000001","E12000006","5","E14001573","E15000006","E24000005","E30000272","E16000150","E07000241","26ULGN","E00121486","26ULGN","E65000001","E01023926","E02004990","5","2B2","E00121486","E01023926","E02004990","E33024489","E38000049","E63011549","C1","4A2",51.762894,-0.213599,"E37000048","","E23000027",29833,"E56000035","E54000025","E00121486","E01023926","E02004990"
"AL9 5AW","AL9  5AW","AL9 5AW","198001","","E10000015","E58000627","E07000241","E05011062","E04004819","0","523383","0208503","1","E18000006","E40000007","E92000001","E12000006","5","E14001573","E15000006","E24000005","E30000272","E16000150","E07000241","26ULGN","E00121483","26ULGN","E65000001","E01023925","E02004990","5","6D2","E00121483","E01023925","E02004990","E33027661","E38000049","E63011549","C1","5B2",51.761632,-0.213581,"E37000048","","E23000027",10810,"E56000035","E54000025","E00121483","E01023925","E02004990"
"AL9 5AX","AL9  5AX","AL9 5AX","198001","","E10000015","E58000627","E07000241","E05011062","E04004819","0","523386","0208615","1","E18000006","E40000007","E92000001","E12000006","5","E14001573","E15000006","E24000005","E30000272","E16000150","E07000241","26ULGN","E00121483","26ULGN","E65000001","E01023925","E02004990","5","6D2","E00121483","E01023925","E02004990","E33027661","E38000049","E63011549","C1","5B2",51.762632,-0.213522,"E37000048","","E23000027",10810,"E56000035","E54000025","E00121483","E01023925","E02004990"
"AL9 5AY","AL9  5AY","AL9 5AY","198001","","E10000015","E58000627","E07000241","E05011062","E04004819","0","523436","0208666","1","E18000006","E40000007","E92000001","E12000006","5","E14001573","E15000006","E24000005","E30000272","E16000150","E07000241","26ULGN","E00121483","26ULGN","E65000001","E01023925","E02004990","5","6D2","E00121483","E01023925","E02004990","E33027661","E38000049","E63011549","C1","5B2",51.763085,-0.212756,"E37000048","","E23000027",10810,"E56000035","E54000025","E00121483","E01023925","E02004990"
"AL9 5AZ","AL9  5AZ","AL9 5AZ","198001","","E10000015","E58000627","E07000241","E05011062","E04004819","0","523428","0208708","1","E18000006","E40000007","E92000001","E12000006","5","E14001573","E15000006","E24000005","E30000272","E16000150","E07000241","26ULGN","E00121500","26ULGN","E65000001","E01023926","E02004990","5","6D1","E00121500","E01023926","E02004990","E33027663","E38000049","E63011549","C1","5A3",51.763465,-0.212857,"E37000048","","E23000027",29833,"E56000035","E54000025","E00121500","E01023926","E02004990"
"AL9 5BA","AL9  5BA","AL9 5BA","198001","","E10000015","E58000627","E07000241","E05011062","E04004819","0","523410","0208733","1","E18000006","E40000007","E92000001","E12000006","5","E14001573","E15000006","E24000005","E30000272","E16000150","E07000241","26ULGN","E00121500","26ULGN","E65000001","E01023926","E02004990","5","6D1","E00121500","E01023926","E02004990","E33027663","E38000049","E63011549","C1","5A3",51.763688,-0.213132,"E37000048","","E23000027",29833,"E56000035","E54000025","E00121500","E01023926","E02004990"
"AL9 5BB","AL9  5BB","AL9 5BB","198106","","E10000015","E58000627","E07000241","E05011062","E04004819","0","523404","0208709","1","E18000006","E40000007","E92000001","E12000006","5","E14001573","E15000006","E24000005","E30000272","E16000150","E07000241","26ULGN","E00121486","26ULGN","E65000001","E01023926","E02004990","5","2B2","E00121486","E01023926","E02004990","E33024489","E38000049","E63011549","C1","4A2",51.763473,-0.213228,"E37000048","","E23000027",29833,"E56000035","E54000025","E00121486","E01023926","E02004990"
"AL9 5BD","AL9  5BD","AL9 5BD","198001","","E10000015","E58000627","E07000241","E05011062","E04004819","0","523446","0208826","1","E18000006","E40000007","E92000001","E12000006","5","E14001573","E15000006","E24000005","E30000272","E16000150","E07000241","26ULGN","E00121496","26ULGN","E65000001","E01023926","E02004990","5","6D1","E00121496","E01023926","E02004990","E33027663","E38000049","E63011549","C1","4C3",51.764521,-0.212554,"E37000048","","E23000027",29833,"E56000035","E54000025","E00121496","E01023926","E02004990"
"AL9 5BE","AL9  5BE","AL9 5BE","201612","","E10000015","E58000627","E07000241","E05011062","E04004819","0","523350","0208605","1","E18000006","E40000007","E92000001","E12000006","5","E14001573","E15000006","E24000005","E30000272","E16000150","E07000241","26ULGN","E00121483","26ULGN","E65000001","E01023925","E02004990","5","6D2","E00121483","E01023925","E02004990","E33027661","E38000049","E63011549","C1","5B2",51.762556,-0.214023,"E37000048","","E23000027",10810,"E56000035","E54000025","E00121483","E01023925","E02004990"
"AL9 5BF","AL9  5BF","AL9 5BF","200106","200207","E10000015","E58000628","E07000241","E05011061","E04004819","1","522507","0208780","1","E18000006","E40000007","E92000001","E12000006","5","E14001573","E15000006","E24000005","E30000272","E16000150","E07000241","26ULGM","E00121461","26ULGM","E65000001","E01023920","E02004991","5","2A2","E00121461","E01023920","E02004991","E33024486","E38000049","E63011549","C1","3A2",51.764308,-0.226194,"E37000048","","E23000027",6540,"E56000035","E54000025","E00121461","E01023920","E02004991"
"AL9 5BG","AL9  5BG","AL9 5BG","198001","","E10000015","E58000627","E07000241","E05011062","E04004819","0","523379","0208560","1","E18000006","E40000007","E92000001","E12000006","5","E14001573","E15000006","E24000005","E30000272","E16000150","E07000241","26ULGN","E00121483","26ULGN","E65000001","E01023925","E02004990","5","6D2","E00121483","E01023925","E02004990","E33027661","E38000049","E63011549","C1","5B2",51.762140,-0.213643,"E37000048","","E23000027",10810,"E56000035","E54000025","E00121483","E01023925","E02004990"
"AL9 5BH","AL9  5BH","AL9 5BH","198001","199412","E10000015","E58000627","E07000241","E05011062","E04004819","1","523300","0208600","8","E18000006","E40000007","E92000001","E12000006","5","E14001573","E15000006","E24000005","E30000272","E16000150","E07000241","26ULGN","E00121483","26ULGN","E65000001","E01023925","E02004990","5","6D2","E00121483","E01023925","E02004990","E33027661","E38000049","E63011549","C1","5B2",51.762517,-0.214773,"E37000048","","E23000027",10810,"E56000035","E54000025","E00121483","E01023925","E02004990"
"AL9 5BJ","AL9  5BJ","AL9 5BJ","198001","200309","E10000015","E58000627","E07000241","E05011062","E04004819","1","523351","0208636","1","E18000006","E40000007","E92000001","E12000006","5","E14001573","E15000006","E24000005","E30000272","E16000150","E07000241","26ULGN","E00121483","26ULGN","E65000001","E01023925","E02004990","5","6D2","E00121483","E01023925","E02004990","E33027661","E38000049","E63011549","C1","5B2",51.762829,-0.214021,"E37000048","","E23000027",10810,"E56000035","E54000025","E00121483","E01023925","E02004990"
"AL9 5BL","AL9  5BL","AL9 5BL","200212","","E10000015","E58000627","E07000241","E05011062","E04004819","0","523306","0208947","1","E18000006","E40000007","E92000001","E12000006","5","E14001573","E15000006","E24000005","E30000272","E16000150","E07000241","26ULGN","E00121500","26ULGN","E65000001","E01023926","E02004990","5","6D1","E00121500","E01023926","E02004990","E33027663","E38000049","E63011549","C1","5A3",51.765634,-0.214563,"E37000048","","E23000027",29833,"E56000035","E54000025","E00121500","E01023926","E02004990"
"AL9 5BN","AL9  5BN","AL9 5BN","199007","199606","E10000015","E58000627","E07000241","E05011062","E04004819","1","523300","0208800","8","E18000006","E40000007","E92000001","E12000006","5","E14001573","E15000006","E24000005","E30000272","E16000150","E07000241","26ULGN","E00121486","26ULGN","E65000001","E01023926","E02004990","5","2B2","E00121486","E01023926","E02004990","E33024489","E38000049","E63011549","C1","4A2",51.764314,-0.214702,"E37000048","","E23000027",29833,"E56000035","E54000025","E00121486","E01023926","E02004990"
"AL9 5BP","AL9  5BP","AL9 5BP","200106","200602","E10000015","E58000628","E07000241","E05011061","E04004819","1","522507","0208780","1","E18000006","E40000007","E92000001","E12000006","5","E14001573","E15000006","E24000005","E30000272","E16000150","E07000241","26ULGM","E00121461","26ULGM","E65000001","E01023920","E02004991","5","2A2","E00121461","E01023920","E02004991","E33024486","E38000049","E63011549","C1","3A2",51.764308,-0.226194,"E37000048","","E23000027",6540,"E56000035","E54000025","E00121461","E01023920","E02004991"
"AL9 5BQ","AL9  5BQ","AL9 5BQ","200106","200806","E10000015","E58000628","E07000241","E05011061","E04004819","1","522507","0208780","1","E18000006","E40000007","E92000001","E12000006","5","E14001573","E15000006","E24000005","E30000272","E16000150","E07000241","26ULGM","E00121461","26ULGM","E65000001","E01023920","E02004991","5","2A2","E00121461","E01023920","E02004991","E33024486","E38000049","E63011549","C1","3A2",51.764308,-0.226194,"E37000048","","E23000027",6540,"E56000035","E54000025","E00121461","E01023920","E02004991"
"AL9 5BS","AL9  5BS","AL9 5BS","199912","201307","E10000015","E58000627","E07000241","E05011062","E04004819","1","523258","0209192","1","E18000006","E40000007","E92000001","E12000006","5","E14001573","E15000006","E24000005","E30000272","E16000150","E07000241","26ULGN","E00121495","26ULGN","E65000001","E01023926","E02004990","5","6D1","E00121495","E01023926","E02004990","E33027662","E38000049","E63011549","C1","5A2",51.767846,-0.215171,"E37000048","","E23000027",29833,"E56000035","E54000025","E00121495","E01023926","E02004990"
"AL9 5BT","AL9  5BT","AL9 5BT","201612","","E10000015","E58000627","E07000241","E05011062","E04004819","0","523343","0208584","1","E18000006","E40000007","E92000001","E12000006","5","E14001573","E15000006","E24000005","E30000272","E16000150","E07000241","26ULGN","E00121483","26ULGN","E65000001","E01023925","E02004990","5","6D2","E00121483","E01023925","E02004990","E33027661","E38000049","E63011549","C1","5B2",51.762369,-0.214132,"E37000048","","E23000027",10810,"E56000035","E54000025","E00121483","E01023925","E02004990"
"AL9 5BU","AL9  5BU","AL9 5BU","200112","200601","E10000015","E58000628","E07000241","E05011061","E04004819","1","522507","0208780","1","E18000006","E40000007","E92000001","E12000006","5","E14001573","E15000006","E24000005","E30000272","E16000150","E07000241","26ULGM","E00121461","26ULGM","E65000001","E01023920","E02004991","5","2A2","E00121461","E01023920","E02004991","E33024486","E38000049","E63011549","C1","3A2",51.764308,-0.226194,"E37000048","","E23000027",6540,"E56000035","E54000025","E00121461","E01023920","E02004991"
"AL9 5BW","AL9  5BW","AL9 5BW","200801","","E10000015","E58000627","E07000241","E05011062","E04004819","0","523292","0209121","1","E18000006","E40000007","E92000001","E12000006","5","E14001573","E15000006","E24000005","E30000272","E16000150","E07000241","26ULGN","E00121496","26ULGN","E65000001","E01023926","E02004990","5","6D1","E00121496","E01023926","E02004990","E33027663","E38000049","E63011549","C1","4C3",51.767200,-0.214704,"E37000048","","E23000027",29833,"E56000035","E54000025","E00121496","E01023926","E02004990"
"AL9 5BX","AL9  5BX","AL9 5BX","198607","","E10000015","E58000627","E07000241","E05011062","E04004819","0","523600","0209859","1","E18000006","E40000007","E92000001","E12000006","5","E14001573","E15000006","E24000005","E30000272","E16000150","E07000241","26ULGN","E00121494","26ULGN","E65000001","E01023926","E02004990","5","4B3","E00121494","E01023926","E02004990","E33027663","E38000049","E63011549","C1","6A1",51.773771,-0.209956,"E37000048","","E23000027",29833,"E56000035","E54000025","E00121494","E01023926","E02004990"
"AL9 5BY","AL9  5BY","AL9 5BY","198510","","E10000015","E58000627","E07000241","E05011062","E04004819","0","523322","0209991","1","E18000006","E40000007","E92000001","E12000006","5","E14001573","E15000006","E24000005","E30000272","E16000150","E07000241","26ULGN","E00121492","26ULGN","E65000001","E01023925","E02004990","8","3C2","E00173212","E01023925","E02004990","E33027660","E38000049","E63011549","F1","5B3",51.775012,-0.213961,"E37000048","","E23000027",10810,"E56000035","E54000025","E00190298","E01023925","E02004990"
"AL9 5BZ","AL9  5BZ","AL9 5BZ","198607","","E10000015","E58000627","E07000241","E05011062","E04004819","0","523476","0209909","1","E18000006","E40000007","E92000001","E12000006","5","E14001573","E15000006","E24000005","E30000272","E16000150","E07000241","26ULGN","E00121493","26ULGN","E65000001","E01023926","E02004990","5","4B3","E00121493","E01023926","E02004990","E33027662","E38000049","E63011549","C1","6A1",51.774247,-0.211734,"E37000048","","E23000027",29833,"E56000035","E54000025","E00121493","E01023926","E02004990"
"AL9 5DA","AL9  5DA","AL9 5DA","198106","","E10000015","E58000627","E07000241","E05011062","E04004819","0","523239","0209241","1","E18000006","E40000007","E92000001","E12000006","5","E14001573","E15000006","E24000005","E30000272","E16000150","E07000241","26ULGN","E00121495","26ULGN","E65000001","E01023926","E02004990","5","6D1","E00121495","E01023926","E02004990","E33027662","E38000049","E63011549","C1","5A2",51.768296,-0.215405,"E37000048","","E23000027",29833,"E56000035","E54000025","E00121495","E01023926","E02004990"
"AL9 5DB","AL9  5DB","AL9 5DB","201907","","E10000015","E58000627","E07000241","E05011062","E04004819","0","523311","0209189","1","E18000006","E40000007","E92000001","E12000006","5","E14001573","E15000006","E24000005","E30000272","E16000150","E07000241","26ULGN","E00121495","26ULGN","E65000001","E01023926","E02004990","5","6D1","E00121495","E01023926","E02004990","E33027662","E38000049","E63011549","C1","5A2",51.767813,-0.214380,"E37000048","","E23000027",29833,"E56000035","E54000025","E00121495","E01023926","E02004990"
"AL9 5DD","AL9  5DD","AL9 5DD","199002","200309","E10000015","E58000627","E07000241","E05011062","E04004819","1","523286","0208651","1","E18000006","E40000007","E92000001","E12000006","5","E14001573","E15000006","E24000005","E30000272","E16000150","E07000241","26ULGN","E00121483","26ULGN","E65000001","E01023925","E02004990","5","6D2","E00121483","E01023925","E02004990","E33027661","E38000049","E63011549","C1","5B2",51.762978,-0.214957,"E37000048","","E23000027",10810,"E56000035","E54000025","E00121483","E01023925","E02004990"
"AL9 5DE","AL9  5DE","AL9 5DE","198001","","E10000015","E58000627","E07000241","E05011062","E04004819","0","523243","0209434","1","E18000006","E40000007","E92000001","E12000006","5","E14001573","E15000006","E24000005","E30000272","E16000150","E07000241","26ULGN","E00121495","26ULGN","E65000001","E01023926","E02004990","5","6D1","E00121495","E01023926","E02004990","E33027662","E38000049","E63011549","C1","5A2",51.770030,-0.215278,"E37000048","","E23000027",29833,"E56000035","E54000025","E00121495","E01023926","E02004990"
"AL9 5DF","AL9  5DF","AL9 5DF","198001","","E10000015","E58000627","E07000241","E05011062","E04004819","0","523228","0209354","1","E18000006","E40000007","E92000001","E12000006","5","E14001573","E15000006","E24000005","E30000272","E16000150","E07000241","26ULGN","E00121495","26ULGN","E65000001","E01023926","E02004990","5","6D1","E00121495","E01023926","E02004990","E33027662","E38000049","E63011549","C1","5A2",51.769314,-0.215524,"E37000048","","E23000027",29833,"E56000035","E54000025","E00121495","E01023926","E02004990"
"AL9 5DG","AL9  5DG","AL9 5DG","199606","199712","E10000015","E58000627","E07000241","E05011062","E04004819","1","523459","0209122","6","E18000006","E40000007","E92000001","E12000006","5","E14001573","E15000006","E24000005","E30000272","E16000150","E07000241","26ULGN","E00121496","26ULGN","E65000001","E01023926","E02004990","5","6D1","E00121496","E01023926","E02004990","E33027663","E38000049","E63011549","C1","4C3",51.767173,-0.212285,"E37000048","","E23000027",29833,"E56000035","E54000025","E00121496","E01023926","E02004990"
"AL9 5DH","AL9  5DH","AL9 5DH","198001","","E10000015","E58000627","E07000241","E05011062","E04004819","0","523335","0209463","1","E18000006","E40000007","E92000001","E12000006","5","E14001573","E15000006","E24000005","E30000272","E16000150","E07000241","26ULGN","E00121496","26ULGN","E65000001","E01023926","E02004990","5","6D1","E00121496","E01023926","E02004990","E33027663","E38000049","E63011549","C1","4C3",51.770270,-0.213935,"E37000048","","E23000027",29833,"E56000035","E54000025","E00121496","E01023926","E02004990"
"AL9 5DJ","AL9  5DJ","AL9 5DJ","198001","","E10000015","E58000627","E07000241","E05011062","E04004819","0","523367","0209431","1","E18000006","E40000007","E92000001","E12000006","5","E14001573","E15000006","E24000005","E30000272","E16000150","E07000241","26ULGN","E00121496","26ULGN","E65000001","E01023926","E02004990","5","6D1","E00121496","E01023926","E02004990","E33027663","E38000049","E63011549","C1","4C3",51.769976,-0.213483,"E37000048","","E23000027",29833,"E56000035","E54000025","E00121496","E01023926","E02004990"
"AL9 5DL","AL9  5DL","AL9 5DL","198001","","E10000015","E58000627","E07000241","E05011062","E04004819","0","523316","0209737","1","E18000006","E40000007","E92000001","E12000006","5","E14001573","E15000006","E24000005","E30000272","E16000150","E07000241","26ULGN","E00121493","26ULGN","E65000001","E01023926","E02004990","5","4B3","E00121493","E01023926","E02004990","E33027662","E38000049","E63011549","C1","6A1",51.772737,-0.214113,"E37000048","","E23000027",29833,"E56000035","E54000025","E00121493","E01023926","E02004990"
"AL9 5DN","AL9  5DN","AL9 5DN","198001","","E10000015","E58000627","E07000241","E05011062","E04004819","0","523238","0209669","1","E18000006","E40000007","E92000001","E12000006","5","E14001573","E15000006","E24000005","E30000272","E16000150","E07000241","26ULGN","E00121493","26ULGN","E65000001","E01023926","E02004990","5","4B3","E00121493","E01023926","E02004990","E33027662","E38000049","E63011549","C1","6A1",51.772143,-0.215267,"E37000048","","E23000027",29833,"E56000035","E54000025","E00121493","E01023926","E02004990"
"AL9 5DP","AL9  5DP","AL9 5DP","198001","","E10000015","E58000627","E07000241","E05011062","E04004819","0","523377","0209767","1","E18000006","E40000007","E92000001","E12000006","5","E14001573","E15000006","E24000005","E30000272","E16000150","E07000241","26ULGN","E00121493","26ULGN","E65000001","E01023926","E02004990","5","4B3","E00121493","E01023926","E02004990","E33027662","E38000049","E63011549","C1","6A1",51.772987,-0.213244,"E37000048","","E23000027",29833,"E56000035","E54000025","E00121493","E01023926","E02004990"
"AL9 5DQ","AL9  5DQ","AL9 5DQ","198001","","E10000015","E58000627","E07000241","E05011062","E04004819","0","523290","0209431","1","E18000006","E40000007","E92000001","E12000006","5","E14001573","E15000006","E24000005","E30000272","E16000150","E07000241","26ULGN","E00121495","26ULGN","E65000001","E01023926","E02004990","5","6D1","E00121495","E01023926","E02004990","E33027662","E38000049","E63011549","C1","5A2",51.769993,-0.214599,"E37000048","","E23000027",29833,"E56000035","E54000025","E00121495","E01023926","E02004990"
"AL9 5DR","AL9  5DR","AL9 5DR","198001","","E10000015","E58000627","E07000241","E05011062","E04004819","0","523407","0209645","1","E18000006","E40000007","E92000001","E12000006","5","E14001573","E15000006","E24000005","E30000272","E16000150","E07000241","26ULGN","E00121494","26ULGN","E65000001","E01023926","E02004990","5","4B3","E00121494","E01023926","E02004990","E33027663","E38000049","E63011549","C1","6A1",51.771890,-0.212828,"E37000048","","E23000027",29833,"E56000035","E54000025","E00121494","E01023926","E02004990"
"AL9 5DS","AL9  5DS","AL9 5DS","198001","","E10000015","E58000627","E07000241","E05011062","E04004819","0","523412","0209584","1","E18000006","E40000007","E92000001","E12000006","5","E14001573","E15000006","E24000005","E30000272","E16000150","E07000241","26ULGN","E00121494","26ULGN","E65000001","E01023926","E02004990","5","4B3","E00121494","E01023926","E02004990","E33027663","E38000049","E63011549","C1","6A1",51.771341,-0.212777,"E37000048","","E23000027",29833,"E56000035","E54000025","E00121494","E01023926","E02004990"
"AL9 5DT","AL9  5DT","AL9 5DT","199512","199712","E10000015","E58000627","E07000241","E05011062","E04004819","1","523459","0209122","6","E18000006","E40000007","E92000001","E12000006","5","E14001573","E15000006","E24000005","E30000272","E16000150","E07000241","26ULGN","E00121496","26ULGN","E65000001","E01023926","E02004990","5","6D1","E00121496","E01023926","E02004990","E33027663","E38000049","E63011549","C1","4C3",51.767173,-0.212285,"E37000048","","E23000027",29833,"E56000035","E54000025","E00121496","E01023926","E02004990"
"AL9 5DU","AL9  5DU","AL9 5DU","198001","","E10000015","E58000627","E07000241","E05011062","E04004819","0","523579","0209745","1","E18000006","E40000007","E92000001","E12000006","5","E14001573","E15000006","E24000005","E30000272","E16000150","E07000241","26ULGN","E00121494","26ULGN","E65000001","E01023926","E02004990","5","4B3","E00121494","E01023926","E02004990","E33027663","E38000049","E63011549","C1","6A1",51.772751,-0.210301,"E37000048","","E23000027",29833,"E56000035","E54000025","E00121494","E01023926","E02004990"
"AL9 5DW","AL9  5DW","AL9 5DW","198001","","E10000015","E58000627","E07000241","E05011062","E04004819","0","523221","0209848","1","E18000006","E40000007","E92000001","E12000006","5","E14001573","E15000006","E24000005","E30000272","E16000150","E07000241","26ULGN","E00121493","26ULGN","E65000001","E01023926","E02004990","5","4B3","E00121493","E01023926","E02004990","E33027662","E38000049","E63011549","C1","6A1",51.773755,-0.215450,"E37000048","","E23000027",29833,"E56000035","E54000025","E00121493","E01023926","E02004990"
"AL9 5DX","AL9  5DX","AL9 5DX","198001","","E10000015","E58000627","E07000241","E05011062","E04004819","0","523620","0209687","1","E18000006","E40000007","E92000001","E12000006","5","E14001573","E15000006","E24000005","E30000272","E16000150","E07000241","26ULGN","E00121494","26ULGN","E65000001","E01023926","E02004990","5","4B3","E00121494","E01023926","E02004990","E33027663","E38000049","E63011549","C1","6A1",51.772221,-0.209727,"E37000048","","E23000027",29833,"E56000035","E54000025","E00121494","E01023926","E02004990"
"AL9 5DY","AL9  5DY","AL9 5DY","198604","","E10000015","E58000627","E07000241","E05011062","E04004819","0","523470","0209795","1","E18000006","E40000007","E92000001","E12000006","5","E14001573","E15000006","E24000005","E30000272","E16000150","E07000241","26ULGN","E00121494","26ULGN","E65000001","E01023926","E02004990","5","4B3","E00121494","E01023926","E02004990","E33027663","E38000049","E63011549","C1","6A1",51.773224,-0.211862,"E37000048","","E23000027",29833,"E56000035","E54000025","E00121494","E01023926","E02004990"
"AL9 5DZ","AL9  5DZ","AL9 5DZ","198001","","E10000015","E58000627","E07000241","E05011062","E04004819","0","523493","0209520","1","E18000006","E40000007","E92000001","E12000006","5","E14001573","E15000006","E24000005","E30000272","E16000150","E07000241","26ULGN","E00121494","26ULGN","E65000001","E01023926","E02004990","5","4B3","E00121494","E01023926","E02004990","E33027663","E38000049","E63011549","C1","6A1",51.770748,-0.211626,"E37000048","","E23000027",29833,"E56000035","E54000025","E00121494","E01023926","E02004990"
"AL9 5EA","AL9  5EA","AL9 5EA","198001","","E10000015","E58000627","E07000241","E05011062","E04004819","0","523429","0209338","1","E18000006","E40000007","E92000001","E12000006","5","E14001573","E15000006","E24000005","E30000272","E16000150","E07000241","26ULGN","E00121496","26ULGN","E65000001","E01023926","E02004990","5","6D1","E00121496","E01023926","E02004990","E33027663","E38000049","E63011549","C1","4C3",51.769126,-0.212618,"E37000048","","E23000027",29833,"E56000035","E54000025","E00121496","E01023926","E02004990"
"AL9 5EB","AL9  5EB","AL9 5EB","198001","","E10000015","E58000627","E07000241","E05011062","E04004819","0","523403","0209514","1","E18000006","E40000007","E92000001","E12000006","5","E14001573","E15000006","E24000005","E30000272","E16000150","E07000241","26ULGN","E00121496","26ULGN","E65000001","E01023926","E02004990","5","6D1","E00121496","E01023926","E02004990","E33027663","E38000049","E63011549","C1","4C3",51.770714,-0.212932,"E37000048","","E23000027",29833,"E56000035","E54000025","E00121496","E01023926","E02004990"
"AL9 5ED","AL9  5ED","AL9 5ED","198001","","E10000015","E58000627","E07000241","E05011062","E04004819","0","523329","0209259","1","E18000006","E40000007","E92000001","E12000006","5","E14001573","E15000006","E24000005","E30000272","E16000150","E07000241","26ULGN","E00121495","26ULGN","E65000001","E01023926","E02004990","5","6D1","E00121495","E01023926","E02004990","E33027662","E38000049","E63011549","C1","5A2",51.768438,-0.214095,"E37000048","","E23000027",29833,"E56000035","E54000025","E00121495","E01023926","E02004990"
"AL9 5EE","AL9  5EE","AL9 5EE","199002","199606","E10000015","E58000627","E07000241","E05011062","E04004819","1","523300","0209200","8","E18000006","E40000007","E92000001","E12000006","5","E14001573","E15000006","E24000005","E30000272","E16000150","E07000241","26ULGN","E00121495","26ULGN","E65000001","E01023926","E02004990","5","6D1","E00121495","E01023926","E02004990","E33027662","E38000049","E63011549","C1","5A2",51.767909,-0.214560,"E37000048","","E23000027",29833,"E56000035","E54000025","E00121495","E01023926","E02004990"
"AL9 5EF","AL9  5EF","AL9 5EF","201011","","E10000015","E58000627","E07000241","E05011062","E04004819","0","523386","0208774","1","E18000006","E40000007","E92000001","E12000006","5","E14001573","E15000006","E24000005","E30000272","E16000150","E07000241","26ULGN","E00121500","26ULGN","E65000001","E01023926","E02004990","5","6D1","E00121500","E01023926","E02004990","E33027663","E38000049","E63011549","C1","5A3",51.764061,-0.213466,"E37000048","","E23000027",29833,"E56000035","E54000025","E00121500","E01023926","E02004990"
"AL9 5EG","AL9  5EG","AL9 5EG","200410","","E10000015","E58000628","E07000241","E05011061","E04004819","0","523178","0209242","1","E18000006","E40000007","E92000001","E12000006","5","E14001573","E15000006","E24000005","E30000272","E16000150","E07000241","26ULGP","E00121515","26ULGP","E65000001","E01023930","E02004989","5","5B3","E00121515","E01023930","E02004989","E33027657","E38000049","E63011549","C1","4A3",51.768313,-0.216312,"E37000048","","E23000027",11495,"E56000035","E54000025","E00121515","E01023930","E02004989"
"AL9 5EH","AL9  5EH","AL9 5EH","201311","","E10000015","E58000627","E07000241","E05011062","E04004819","0","523359","0208740","1","E18000006","E40000007","E92000001","E12000006","5","E14001573","E15000006","E24000005","E30000272","E16000150","E07000241","26ULGN","E00121486","26ULGN","E65000001","E01023926","E02004990","5","2B2","E00121486","E01023926","E02004990","E33024489","E38000049","E63011549","C1","4A2",51.763767,-0.213845,"E37000048","","E23000027",29833,"E56000035","E54000025","E00121486","E01023926","E02004990"
"AL9 5EJ","AL9  5EJ","AL9 5EJ","199002","200203","E10000015","E58000627","E07000241","E05011062","E04004819","1","523286","0208645","1","E18000006","E40000007","E92000001","E12000006","5","E14001573","E15000006","E24000005","E30000272","E16000150","E07000241","26ULGN","E00121483","26ULGN","E65000001","E01023925","E02004990","5","6D2","E00121483","E01023925","E02004990","E33027661","E38000049","E63011549","C1","5B2",51.762924,-0.214960,"E37000048","","E23000027",10810,"E56000035","E54000025","E00121483","E01023925","E02004990"
"AL9 5EL","AL9  5EL","AL9 5EL","201404","","E10000015","E58000627","E07000241","E05011062","E04004819","0","523265","0209973","1","E18000006","E40000007","E92000001","E12000006","5","E14001573","E15000006","E24000005","E30000272","E16000150","E07000241","26ULGN","E00121492","26ULGN","E65000001","E01023925","E02004990","8","3C2","E00173212","E01023925","E02004990","E33027660","E38000049","E63011549","F1","5B3",51.774863,-0.214793,"E37000048","","E23000027",10810,"E56000035","E54000025","E00190298","E01023925","E02004990"
"AL9 5EN","AL9  5EN","AL9 5EN","199101","","E10000015","E58000627","E07000241","E05011062","E04004819","0","523246","0209113","1","E18000006","E40000007","E92000001","E12000006","5","E14001573","E15000006","E24000005","E30000272","E16000150","E07000241","26ULGN","E00121486","26ULGN","E65000001","E01023926","E02004990","5","2B2","E00121486","E01023926","E02004990","E33024488","E38000049","E63011549","C1","4A2",51.767144,-0.215349,"E37000048","","E23000027",29833,"E56000035","E54000025","E00121486","E01023926","E02004990"
"AL9 5EP","AL9  5EP","AL9 5EP","198109","","E10000015","E58000627","E07000241","E05011062","E04004819","0","523299","0208988","1","E18000006","E40000007","E92000001","E12000006","5","E14001573","E15000006","E24000005","E30000272","E16000150","E07000241","26ULGN","E00121500","26ULGN","E65000001","E01023926","E02004990","5","6D1","E00121500","E01023926","E02004990","E33027663","E38000049","E63011549","C1","5A3",51.766009,-0.214626,"E37000048","","E23000027",29833,"E56000035","E54000025","E00121500","E01023926","E02004990"
"AL9 5EQ","AL9  5EQ","AL9 5EQ","199101","200602","E10000015","E58000628","E07000241","E05011061","E04004819","1","522507","0208780","1","E18000006","E40000007","E92000001","E12000006","5","E14001573","E15000006","E24000005","E30000272","E16000150","E07000241","26ULGM","E00121461","26ULGM","E65000001","E01023920","E02004991","5","2A2","E00121461","E01023920","E02004991","E33024486","E38000049","E63011549","C1","3A2",51.764308,-0.226194,"E37000048","","E23000027",6540,"E56000035","E54000025","E00121461","E01023920","E02004991"
"AL9 5ER","AL9  5ER","AL9 5ER","198001","","E10000015","E58000627","E07000241","E05011062","E04004819","0","523310","0208816","1","E18000006","E40000007","E92000001","E12000006","5","E14001573","E15000006","E24000005","E30000272","E16000150","E07000241","26ULGN","E00121500","26ULGN","E65000001","E01023926","E02004990","5","6D1","E00121500","E01023926","E02004990","E33027663","E38000049","E63011549","C1","5A3",51.764461,-0.214527,"E37000048","","E23000027",29833,"E56000035","E54000025","E00121500","E01023926","E02004990"
"AL9 5ES","AL9  5ES","AL9 5ES","198001","","E10000015","E58000627","E07000241","E05011062","E04004819","0","523311","0208908","1","E18000006","E40000007","E92000001","E12000006","5","E14001573","E15000006","E24000005","E30000272","E16000150","E07000241","26ULGN","E00121486","26ULGN","E65000001","E01023926","E02004990","5","2B2","E00121486","E01023926","E02004990","E33024489","E38000049","E63011549","C1","4A2",51.765282,-0.214504,"E37000048","","E23000027",29833,"E56000035","E54000025","E00121486","E01023926","E02004990"
"AL9 5ET","AL9  5ET","AL9 5ET","201402","","E10000015","E58000627","E07000241","E05011062","E04004819","0","523208","0209972","1","E18000006","E40000007","E92000001","E12000006","5","E14001573","E15000006","E24000005","E30000272","E16000150","E07000241","26ULGN","E00121492","26ULGN","E65000001","E01023925","E02004990","8","3C2","E00173212","E01023925","E02004990","E33027660","E38000049","E63011549","F1","5B3",51.774867,-0.215619,"E37000048","","E23000027",10810,"E56000035","E54000025","E00190298","E01023925","E02004990"
"AL9 5EU","AL9  5EU","AL9 5EU","198001","","E10000015","E58000627","E07000241","E05011062","E04004819","0","523288","0209052","1","E18000006","E40000007","E92000001","E12000006","5","E14001573","E15000006","E24000005","E30000272","E16000150","E07000241","26ULGN","E00121496","26ULGN","E65000001","E01023926","E02004990","5","6D1","E00121496","E01023926","E02004990","E33027663","E38000049","E63011549","C1","4C3",51.766581,-0.214786,"E37000048","","E23000027",29833,"E56000035","E54000025","E00121496","E01023926","E02004990"
"AL9 5EW","AL9  5EW","AL9 5EW","199208","199912","E10000015","E58000627","E07000241","E05011062","E04004819","1","523286","0208651","1","E18000006","E40000007","E92000001","E12000006","5","E14001573","E15000006","E24000005","E30000272","E16000150","E07000241","26ULGN","E00121483","26ULGN","E65000001","E01023925","E02004990","5","6D2","E00121483","E01023925","E02004990","E33027661","E38000049","E63011549","C1","5B2",51.762978,-0.214957,"E37000048","","E23000027",10810,"E56000035","E54000025","E00121483","E01023925","E02004990"
"AL9 5EX","AL9  5EX","AL9 5EX","199405","","E10000015","E58000627","E07000241","E05011062","E04004819","0","523360","0209108","1","E18000006","E40000007","E92000001","E12000006","5","E14001573","E15000006","E24000005","E30000272","E16000150","E07000241","26ULGN","E00121496","26ULGN","E65000001","E01023926","E02004990","5","6D1","E00121496","E01023926","E02004990","E33027663","E38000049","E63011549","C1","4C3",51.767069,-0.213724,"E37000048","","E23000027",29833,"E56000035","E54000025","E00121496","E01023926","E02004990"
"AL9 5EY","AL9  5EY","AL9 5EY","198001","","E10000015","E58000627","E07000241","E05011062","E04004819","0","523423","0209165","1","E18000006","E40000007","E92000001","E12000006","5","E14001573","E15000006","E24000005","E30000272","E16000150","E07000241","26ULGN","E00121496","26ULGN","E65000001","E01023926","E02004990","5","6D1","E00121496","E01023926","E02004990","E33027663","E38000049","E63011549","C1","4C3",51.767573,-0.212767,"E37000048","","E23000027",29833,"E56000035","E54000025","E00121496","E01023926","E02004990"
"AL9 5EZ","AL9  5EZ","AL9 5EZ","198001","","E10000015","E58000627","E07000241","E05011062","E04004819","0","523450","0209116","1","E18000006","E40000007","E92000001","E12000006","5","E14001573","E15000006","E24000005","E30000272","E16000150","E07000241","26ULGN","E00121496","26ULGN","E65000001","E01023926","E02004990","5","6D1","E00121496","E01023926","E02004990","E33027663","E38000049","E63011549","C1","4C3",51.767127,-0.212393,"E37000048","","E23000027",29833,"E56000035","E54000025","E00121496","E01023926","E02004990"
"AL9 5FA","AL9  5FA","AL9 5FA","201707","","E10000015","E58000627","E07000241","E05011062","E04004819","0","523260","0208913","1","E18000006","E40000007","E92000001","E12000006","5","E14001573","E15000006","E24000005","E30000272","E16000150","E07000241","26ULGN","E00121486","26ULGN","E65000001","E01023926","E02004990","5","2B2","E00121486","E01023926","E02004990","E33024489","E38000049","E63011549","C1","4A2",51.765344,-0.215217,"E37000048","","E23000027",29833,"E56000035","E54000025","E00121486","E01023926","E02004990"
"AL9 5FB","AL9  5FB","AL9 5FB","201907","","E10000015","E58000627","E07000241","E05011062","E04004819","0","523254","0209055","1","E18000006","E40000007","E92000001","E12000006","5","E14001573","E15000006","E24000005","E30000272","E16000150","E07000241","26ULGN","E00121486","26ULGN","E65000001","E01023926","E02004990","5","2B2","E00121486","E01023926","E02004990","E33024488","E38000049","E63011549","C1","4A2",51.766621,-0.215254,"E37000048","","E23000027",29833,"E56000035","E54000025","E00121486","E01023926","E02004990"
"AL9 5FD","AL9  5FD","AL9 5FD","202106","","E10000015","E58000627","E07000241","E05011062","E04004819","0","524034","0209917","1","E18000006","E40000007","E92000001","E12000006","5","E14001573","E15000006","E24000005","E30000272","E16000150","E07000241","26ULGN","E00121492","26ULGN","E65000001","E01023925","E02004990","8","3C2","E00173212","E01023925","E02004990","E33027660","E38000049","","F1","5B3",51.774196,-0.203648,"E37000048","","E23000027",10810,"E56000035","E54000025","E00190295","E01023925","E02004990"
"AL9 5FE","AL9  5FE","AL9 5FE","202211","","E10000015","E58000627","E07000241","E05011062","E04004819","0","523286","0208659","1","E18000006","E40000007","E92000001","E12000006","5","E14001573","E15000006","E24000005","E30000272","E16000150","E07000241","26ULGN","E00121483","26ULGN","E65000001","E01023925","E02004990","5","6D2","E00121483","E01023925","E02004990","E33027661","E38000049","E63011549","C1","5B2",51.763056,-0.214931,"E37000048","","E23000027",10810,"E56000035","E54000025","E00121483","E01023925","E02004990"
"AL9 5HA","AL9  5HA","AL9 5HA","198001","","E10000015","E58000627","E07000241","E05011062","E04004819","0","523397","0209036","1","E18000006","E40000007","E92000001","E12000006","5","E14001573","E15000006","E24000005","E30000272","E16000150","E07000241","26ULGN","E00121500","26ULGN","E65000001","E01023926","E02004990","5","6D1","E00121500","E01023926","E02004990","E33027663","E38000049","E63011549","C1","5A3",51.766419,-0.213189,"E37000048","","E23000027",29833,"E56000035","E54000025","E00121500","E01023926","E02004990"
"AL9 5HB","AL9  5HB","AL9 5HB","198001","","E10000015","E58000627","E07000241","E05011062","E04004819","0","523384","0208895","1","E18000006","E40000007","E92000001","E12000006","5","E14001573","E15000006","E24000005","E30000272","E16000150","E07000241","26ULGN","E00121500","26ULGN","E65000001","E01023926","E02004990","5","6D1","E00121500","E01023926","E02004990","E33027663","E38000049","E63011549","C1","5A3",51.765155,-0.213428,"E37000048","","E23000027",29833,"E56000035","E54000025","E00121500","E01023926","E02004990"
"AL9 5HE","AL9  5HE","AL9 5HE","198001","","E10000015","E58000627","E07000241","E05011062","E04004819","0","523435","0208930","1","E18000006","E40000007","E92000001","E12000006","5","E14001573","E15000006","E24000005","E30000272","E16000150","E07000241","26ULGN","E00121500","26ULGN","E65000001","E01023926","E02004990","5","6D1","E00121500","E01023926","E02004990","E33027663","E38000049","E63011549","C1","5A3",51.765452,-0.212701,"E37000048","","E23000027",29833,"E56000035","E54000025","E00121500","E01023926","E02004990"
"AL9 5HF","AL9  5HF","AL9 5HF","198001","","E10000015","E58000627","E07000241","E05011062","E04004819","0","523525","0209254","1","E18000006","E40000007","E92000001","E12000006","5","E14001573","E15000006","E24000005","E30000272","E16000150","E07000241","26ULGN","E00121496","26ULGN","E65000001","E01023926","E02004990","5","6D1","E00121496","E01023926","E02004990","E33027663","E38000049","E63011549","C1","4C3",51.768350,-0.211258,"E37000048","","E23000027",29833,"E56000035","E54000025","E00121496","E01023926","E02004990"
"AL9 5HG","AL9  5HG","AL9 5HG","198001","","E10000015","E58000627","E07000241","E05011062","E04004819","0","523462","0209295","1","E18000006","E40000007","E92000001","E12000006","5","E14001573","E15000006","E24000005","E30000272","E16000150","E07000241","26ULGN","E00121496","26ULGN","E65000001","E01023926","E02004990","5","6D1","E00121496","E01023926","E02004990","E33027663","E38000049","E63011549","C1","4C3",51.768733,-0.212156,"E37000048","","E23000027",29833,"E56000035","E54000025","E00121496","E01023926","E02004990"
"AL9 5HH","AL9  5HH","AL9 5HH","198001","","E10000015","E58000627","E07000241","E05011062","E04004819","0","523552","0209499","1","E18000006","E40000007","E92000001","E12000006","5","E14001573","E15000006","E24000005","E30000272","E16000150","E07000241","26ULGN","E00121494","26ULGN","E65000001","E01023926","E02004990","5","4B3","E00121494","E01023926","E02004990","E33027663","E38000049","E63011549","C1","6A1",51.770546,-0.210779,"E37000048","","E23000027",29833,"E56000035","E54000025","E00121494","E01023926","E02004990"
"AL9 5HJ","AL9  5HJ","AL9 5HJ","198001","","E10000015","E58000627","E07000241","E05011062","E04004819","0","523652","0209617","1","E18000006","E40000007","E92000001","E12000006","5","E14001573","E15000006","E24000005","E30000272","E16000150","E07000241","26ULGN","E00121494","26ULGN","E65000001","E01023926","E02004990","5","4B3","E00121494","E01023926","E02004990","E33027663","E38000049","E63011549","C1","6A1",51.771584,-0.209289,"E37000048","","E23000027",29833,"E56000035","E54000025","E00121494","E01023926","E02004990"
"AL9 5HL","AL9  5HL","AL9 5HL","198001","","E10000015","E58000627","E07000241","E05011062","E04004819","0","523556","0209624","1","E18000006","E40000007","E92000001","E12000006","5","E14001573","E15000006","E24000005","E30000272","E16000150","E07000241","26ULGN","E00121494","26ULGN","E65000001","E01023926","E02004990","5","4B3","E00121494","E01023926","E02004990","E33027663","E38000049","E63011549","C1","6A1",51.771669,-0.210677,"E37000048","","E23000027",29833,"E56000035","E54000025","E00121494","E01023926","E02004990"
"AL9 5HN","AL9  5HN","AL9 5HN","198001","","E10000015","E58000627","E07000241","E05011062","E04004819","0","523538","0209693","1","E18000006","E40000007","E92000001","E12000006","5","E14001573","E15000006","E24000005","E30000272","E16000150","E07000241","26ULGN","E00121494","26ULGN","E65000001","E01023926","E02004990","5","4B3","E00121494","E01023926","E02004990","E33027663","E38000049","E63011549","C1","6A1",51.772293,-0.210913,"E37000048","","E23000027",29833,"E56000035","E54000025","E00121494","E01023926","E02004990"
"AL9 5HP","AL9  5HP","AL9 5HP","198001","199012","E10000015","E58000627","E07000241","E05011062","E04004819","1","523400","0209200","8","E18000006","E40000007","E92000001","E12000006","5","E14001573","E15000006","E24000005","E30000272","E16000150","E07000241","26ULGN","E00121496","26ULGN","E65000001","E01023926","E02004990","5","6D1","E00121496","E01023926","E02004990","E33027663","E38000049","E63011549","C1","4C3",51.767887,-0.213112,"E37000048","","E23000027",29833,"E56000035","E54000025","E00121496","E01023926","E02004990"
"AL9 5HQ","AL9  5HQ","AL9 5HQ","198001","","E10000015","E58000627","E07000241","E05011062","E04004819","0","523593","0209435","1","E18000006","E40000007","E92000001","E12000006","5","E14001573","E15000006","E24000005","E30000272","E16000150","E07000241","26ULGN","E00121494","26ULGN","E65000001","E01023926","E02004990","5","4B3","E00121494","E01023926","E02004990","E33027663","E38000049","E63011549","C1","6A1",51.769962,-0.210208,"E37000048","","E23000027",29833,"E56000035","E54000025","E00121494","E01023926","E02004990"
"AL9 5HW","AL9  5HW","AL9 5HW","198001","","E10000015","E58000627","E07000241","E05011062","E04004819","0","523705","0209732","1","E18000006","E40000007","E92000001","E12000006","5","E14001573","E15000006","E24000005","E30000272","E16000150","E07000241","26ULGN","E00121494","26ULGN","E65000001","E01023926","E02004990","5","4B3","E00121494","E01023926","E02004990","E33027663","E38000049","E63011549","C1","6A1",51.772600,-0.208505,"E37000048","","E23000027",29833,"E56000035","E54000025","E00121494","E01023926","E02004990"
"AL9 5HX","AL9  5HX","AL9 5HX","198307","","E10000015","E58000627","E07000241","E05011062","E04004819","0","523326","0208434","1","E18000006","E40000007","E92000001","E12000006","5","E14001573","E15000006","E24000005","E30000272","E16000150","E07000241","26ULGN","E00121488","26ULGN","E65000001","E01023924","E02004990","5","5B3","E00121488","E01023924","E02004990","E33027661","E38000049","E63011549","C1","3D1",51.761025,-0.214431,"E37000048","","E23000027",10771,"E56000035","E54000025","E00121488","E01023924","E02004990"
"AL9 5HY","AL9  5HY","AL9 5HY","198307","","E10000015","E58000627","E07000241","E05011062","E04004819","0","523337","0208479","1","E18000006","E40000007","E92000001","E12000006","5","E14001573","E15000006","E24000005","E30000272","E16000150","E07000241","26ULGN","E00121488","26ULGN","E65000001","E01023924","E02004990","5","5B3","E00121488","E01023924","E02004990","E33027661","E38000049","E63011549","C1","3D1",51.761421,-0.214280,"E37000048","","E23000027",10771,"E56000035","E54000025","E00121488","E01023924","E02004990"
"AL9 5HZ","AL9  5HZ","AL9 5HZ","198001","","E10000015","E58000627","E07000241","E05011062","E04004819","0","523317","0208457","1","E18000006","E40000007","E92000001","E12000006","5","E14001573","E15000006","E24000005","E30000272","E16000150","E07000241","26ULGN","E00121488","26ULGN","E65000001","E01023924","E02004990","5","5B3","E00121488","E01023924","E02004990","E33027661","E38000049","E63011549","C1","3D1",51.761233,-0.214554,"E37000048","","E23000027",10771,"E56000035","E54000025","E00121488","E01023924","E02004990"
"AL9 5JA","AL9  5JA","AL9 5JA","199812","","E10000015","E58000627","E07000241","E05011062","E04004819","0","523209","0208388","1","E18000006","E40000007","E92000001","E12000006","5","E14001573","E15000006","E24000005","E30000272","E16000150","E07000241","26ULGN","E00121488","26ULGN","E65000001","E01023924","E02004990","5","5B3","E00121488","E01023924","E02004990","E33027661","E38000049","E63011549","C1","3D1",51.760631,-0.216166,"E37000048","","E23000027",10771,"E56000035","E54000025","E00121488","E01023924","E02004990"
"AL9 5JB","AL9  5JB","AL9 5JB","198001","199512","E10000015","E58000627","E07000241","E05011062","E04004819","1","523300","0208500","8","E18000006","E40000007","E92000001","E12000006","5","E14001573","E15000006","E24000005","E30000272","E16000150","E07000241","26ULGN","E00121488","26ULGN","E65000001","E01023924","E02004990","5","5B3","E00121488","E01023924","E02004990","E33027661","E38000049","E63011549","C1","3D1",51.761618,-0.214808,"E37000048","","E23000027",10771,"E56000035","E54000025","E00121488","E01023924","E02004990"
"AL9 5JD","AL9  5JD","AL9 5JD","198001","","E10000015","E58000627","E07000241","E05011062","E04004819","0","523304","0208605","1","E18000006","E40000007","E92000001","E12000006","5","E14001573","E15000006","E24000005","E30000272","E16000150","E07000241","26ULGN","E00121483","26ULGN","E65000001","E01023925","E02004990","5","6D2","E00121483","E01023925","E02004990","E33027661","E38000049","E63011549","C1","5B2",51.762566,-0.214689,"E37000048","","E23000027",10810,"E56000035","E54000025","E00121483","E01023925","E02004990"
"AL9 5JE","AL9  5JE","AL9 5JE","198001","","E10000015","E58000627","E07000241","E05011062","E04004819","0","523308","0208503","1","E18000006","E40000007","E92000001","E12000006","5","E14001573","E15000006","E24000005","E30000272","E16000150","E07000241","26ULGN","E00121488","26ULGN","E65000001","E01023924","E02004990","5","5B3","E00121488","E01023924","E02004990","E33027661","E38000049","E63011549","C1","3D1",51.761643,-0.214691,"E37000048","","E23000027",10771,"E56000035","E54000025","E00121488","E01023924","E02004990"
"AL9 5JF","AL9  5JF","AL9 5JF","198001","","E10000015","E58000627","E07000241","E05011062","E04004819","0","523269","0208498","1","E18000006","E40000007","E92000001","E12000006","5","E14001573","E15000006","E24000005","E30000272","E16000150","E07000241","26ULGN","E00121488","26ULGN","E65000001","E01023924","E02004990","5","5B3","E00121488","E01023924","E02004990","E33027661","E38000049","E63011549","C1","3D1",51.761607,-0.215258,"E37000048","","E23000027",10771,"E56000035","E54000025","E00121488","E01023924","E02004990"
"AL9 5JG","AL9  5JG","AL9 5JG","198001","","E10000015","E58000627","E07000241","E05011062","E04004819","0","523258","0208578","1","E18000006","E40000007","E92000001","E12000006","5","E14001573","E15000006","E24000005","E30000272","E16000150","E07000241","26ULGN","E00121486","26ULGN","E65000001","E01023926","E02004990","5","2B2","E00121486","E01023926","E02004990","E33024489","E38000049","E63011549","C1","4A2",51.762334,-0.215365,"E37000048","","E23000027",29833,"E56000035","E54000025","E00121486","E01023926","E02004990"
"AL9 5JH","AL9  5JH","AL9 5JH","198001","200108","E10000015","E58000628","E07000241","E05011061","E04004819","1","523171","0209509","1","E18000006","E40000007","E92000001","E12000006","5","E14001573","E15000006","E24000005","E30000272","E16000150","E07000241","26ULGP","E00121515","26ULGP","E65000001","E01023930","E02004989","5","5B3","E00121515","E01023930","E02004989","E33027657","E38000049","E63011549","C1","4A3",51.770714,-0.216319,"E37000048","","E23000027",11495,"E56000035","E54000025","E00121515","E01023930","E02004989"
"AL9 5JJ","AL9  5JJ","AL9 5JJ","200512","","E10000015","E58000628","E07000241","E05011061","E04004819","0","522678","0210094","1","E18000006","E40000007","E92000001","E12000006","5","E14001573","E15000006","E24000005","E30000272","E16000150","E07000241","26ULGP","E00121504","26ULGP","E65000001","E01023931","E02004989","5","5B4","E00121504","E01033311","E02004989","E33027654","E38000049","E63011549","C1","7A3",51.776079,-0.223254,"E37000048","","E23000027",18334,"E56000035","E54000025","E00121504","E01033311","E02004989"
"AL9 5JL","AL9  5JL","AL9 5JL","199007","201811","E10000015","E58000628","E07000241","E05011061","E04004819","1","522503","0208775","1","E18000006","E40000007","E92000001","E12000006","5","E14001573","E15000006","E24000005","E30000272","E16000150","E07000241","26ULGM","E00121461","26ULGM","E65000001","E01023920","E02004991","5","2A2","E00121461","E01023920","E02004991","E33024486","E38000049","E63011549","C1","3A2",51.764264,-0.226254,"E37000048","","E23000027",6540,"E56000035","E54000025","E00121461","E01023920","E02004991"
"AL9 5JN","AL9  5JN","AL9 5JN","198001","","E10000015","E58000628","E07000241","E05011061","E04004819","0","523128","0209705","1","E18000006","E40000007","E92000001","E12000006","5","E14001573","E15000006","E24000005","E30000272","E16000150","E07000241","26ULGP","E00121508","26ULGP","E65000001","E01023931","E02004989","5","5B2","E00121508","E01033311","E02004989","E33024491","E38000049","E63011549","C1","7A3",51.772491,-0.216848,"E37000048","","E23000027",18334,"E56000035","E54000025","E00121508","E01033311","E02004989"
"AL9 5JP","AL9  5JP","AL9 5JP","199002","202301","E10000015","E58000628","E07000241","E05011061","E04004819","1","522762","0210103","1","E18000006","E40000007","E92000001","E12000006","5","E14001573","E15000006","E24000005","E30000272","E16000150","E07000241","26ULGP","E00121508","26ULGP","E65000001","E01023931","E02004989","5","5B2","E00121508","E01033311","E02004989","E33024491","E38000049","E63011549","C1","7A3",51.776142,-0.222034,"E37000048","","E23000027",18334,"E56000035","E54000025","E00121508","E01033311","E02004989"
"AL9 5JQ","AL9  5JQ","AL9 5JQ","199201","199405","E10000015","E58000627","E07000241","E05011062","E04004819","1","523200","0209000","8","E18000006","E40000007","E92000001","E12000006","5","E14001573","E15000006","E24000005","E30000272","E16000150","E07000241","26ULGN","E00121486","26ULGN","E65000001","E01023926","E02004990","5","2B2","E00121486","E01023926","E02004990","E33024488","E38000049","E63011549","C1","4A2",51.766133,-0.216079,"E37000048","","E23000027",29833,"E56000035","E54000025","E00121486","E01023926","E02004990"
"AL9 5JR","AL9  5JR","AL9 5JR","198001","200505","E10000015","E58000628","E07000241","E05011061","E04004819","1","523137","0209755","1","E18000006","E40000007","E92000001","E12000006","5","E14001573","E15000006","E24000005","E30000272","E16000150","E07000241","26ULGP","E00121508","26ULGP","E65000001","E01023931","E02004989","5","5B2","E00121508","E01033311","E02004989","E33024491","E38000049","E63011549","C1","7A3",51.772932,-0.216724,"E37000048","","E23000027",18334,"E56000035","E54000025","E00121508","E01033311","E02004989"
"AL9 5JS","AL9  5JS","AL9 5JS","199109","201404","E10000015","E58000628","E07000241","E05011061","E04004819","1","522507","0208780","1","E18000006","E40000007","E92000001","E12000006","5","E14001573","E15000006","E24000005","E30000272","E16000150","E07000241","26ULGM","E00121461","26ULGM","E65000001","E01023920","E02004991","5","2A2","E00121461","E01023920","E02004991","E33024486","E38000049","E63011549","C1","3A2",51.764308,-0.226194,"E37000048","","E23000027",6540,"E56000035","E54000025","E00121461","E01023920","E02004991"
"AL9 5JT","AL9  5JT","AL9 5JT","198001","202109","E10000015","E58000628","E07000241","E05011061","E04004819","1","523146","0209678","1","E18000006","E40000007","E92000001","E12000006","5","E14001573","E15000006","E24000005","E30000272","E16000150","E07000241","26ULGP","E00121508","26ULGP","E65000001","E01023931","E02004989","5","5B2","E00121508","E01033311","E02004989","E33024491","E38000049","E63011549","C1","7A3",51.772238,-0.216621,"E37000048","","E23000027",18334,"E56000035","E54000025","E00121508","E01033311","E02004989"
"AL9 5JU","AL9  5JU","AL9 5JU","199002","201110","E10000015","E58000628","E07000241","E05011061","E04004819","1","522668","0210092","1","E18000006","E40000007","E92000001","E12000006","5","E14001573","E15000006","E24000005","E30000272","E16000150","E07000241","26ULGP","E00121504","26ULGP","E65000001","E01023931","E02004989","5","5B4","E00121504","E01033311","E02004989","E33027654","E38000049","E63011549","C1","7A3",51.776063,-0.223399,"E37000048","","E23000027",18334,"E56000035","E54000025","E00121504","E01033311","E02004989"
"AL9 5JW","AL9  5JW","AL9 5JW","198001","202301","E10000015","E58000628","E07000241","E05011061","E04004819","1","523102","0209816","1","E18000006","E40000007","E92000001","E12000006","5","E14001573","E15000006","E24000005","E30000272","E16000150","E07000241","26ULGP","E00121508","26ULGP","E65000001","E01023931","E02004989","5","5B2","E00121508","E01033311","E02004989","E33024491","E38000049","E63011549","C1","7A3",51.773488,-0.217210,"E37000048","","E23000027",18334,"E56000035","E54000025","E00121508","E01033311","E02004989"
"AL9 5JX","AL9  5JX","AL9 5JX","198001","","E10000015","E58000628","E07000241","E05011061","E04004819","0","523008","0210059","1","E18000006","E40000007","E92000001","E12000006","5","E14001573","E15000006","E24000005","E30000272","E16000150","E07000241","26ULGP","E00121508","26ULGP","E65000001","E01023931","E02004989","5","5B2","E00121508","E01033311","E02004989","E33024491","E38000049","E63011549","C1","7A3",51.775699,-0.218461,"E37000048","","E23000027",18334,"E56000035","E54000025","E00121508","E01033311","E02004989"
"AL9 5JY","AL9  5JY","AL9 5JY","199002","","E10000015","E58000628","E07000241","E05011061","E04004819","1","522874","0210127","1","E18000006","E40000007","E92000001","E12000006","5","E14001573","E15000006","E24000005","E30000272","E16000150","E07000241","26ULGP","E00121508","26ULGP","E65000001","E01023931","E02004989","5","5B2","E00121508","E01033311","E02004989","E33024491","E38000049","E63011549","C1","7A3",51.776333,-0.220403,"E37000048","","E23000027",18334,"E56000035","E54000025","E00121508","E01033311","E02004989"
"AL9 5JZ","AL9  5JZ","AL9 5JZ","200112","201212","E10000015","E58000628","E07000241","E05011061","E04004819","1","523171","0209509","1","E18000006","E40000007","E92000001","E12000006","5","E14001573","E15000006","E24000005","E30000272","E16000150","E07000241","26ULGP","E00121515","26ULGP","E65000001","E01023930","E02004989","5","5B3","E00121515","E01023930","E02004989","E33027657","E38000049","E63011549","C1","4A3",51.770714,-0.216319,"E37000048","","E23000027",11495,"E56000035","E54000025","E00121515","E01023930","E02004989"
"AL9 5LA","AL9  5LA","AL9 5LA","199612","200602","E10000015","E58000628","E07000241","E05011061","E04004819","1","522507","0208780","1","E18000006","E40000007","E92000001","E12000006","5","E14001573","E15000006","E24000005","E30000272","E16000150","E07000241","26ULGM","E00121461","26ULGM","E65000001","E01023920","E02004991","5","2A2","E00121461","E01023920","E02004991","E33024486","E38000049","E63011549","C1","3A2",51.764308,-0.226194,"E37000048","","E23000027",6540,"E56000035","E54000025","E00121461","E01023920","E02004991"
"AL9 5LB","AL9  5LB","AL9 5LB","199208","200608","E10000015","E58000628","E07000241","E05011061","E04004819","1","522507","0208780","1","E18000006","E40000007","E92000001","E12000006","5","E14001573","E15000006","E24000005","E30000272","E16000150","E07000241","26ULGM","E00121461","26ULGM","E65000001","E01023920","E02004991","5","2A2","E00121461","E01023920","E02004991","E33024486","E38000049","E63011549","C1","3A2",51.764308,-0.226194,"E37000048","","E23000027",6540,"E56000035","E54000025","E00121461","E01023920","E02004991"
"AL9 5LD","AL9  5LD","AL9 5LD","200704","202105","E10000015","E58000628","E07000241","E05011061","E04004819","1","522503","0208775","1","E18000006","E40000007","E92000001","E12000006","5","E14001573","E15000006","E24000005","E30000272","E16000150","E07000241","26ULGM","E00121461","26ULGM","E65000001","E01023920","E02004991","5","2A2","E00121461","E01023920","E02004991","E33024486","E38000049","E63011549","C1","3A2",51.764264,-0.226254,"E37000048","","E23000027",6540,"E56000035","E54000025","E00121461","E01023920","E02004991"
"AL9 5LE","AL9  5LE","AL9 5LE","199405","200302","E10000015","E58000628","E07000241","E05011061","E04004819","1","522507","0208780","1","E18000006","E40000007","E92000001","E12000006","5","E14001573","E15000006","E24000005","E30000272","E16000150","E07000241","26ULGM","E00121461","26ULGM","E65000001","E01023920","E02004991","5","2A2","E00121461","E01023920","E02004991","E33024486","E38000049","E63011549","C1","3A2",51.764308,-0.226194,"E37000048","","E23000027",6540,"E56000035","E54000025","E00121461","E01023920","E02004991"
"AL9 5LF","AL9  5LF","AL9 5LF","199512","199812","E10000015","E58000627","E07000241","E05011062","E04004819","1","523459","0209122","6","E18000006","E40000007","E92000001","E12000006","5","E14001573","E15000006","E24000005","E30000272","E16000150","E07000241","26ULGN","E00121496","26ULGN","E65000001","E01023926","E02004990","5","6D1","E00121496","E01023926","E02004990","E33027663","E38000049","E63011549","C1","4C3",51.767173,-0.212285,"E37000048","","E23000027",29833,"E56000035","E54000025","E00121496","E01023926","E02004990"
"AL9 5LP","AL9  5LP","AL9 5LP","198001","","E10000015","E58000628","E07000241","E05011061","E04004819","0","523130","0209539","1","E18000006","E40000007","E92000001","E12000006","5","E14001573","E15000006","E24000005","E30000272","E16000150","E07000241","26ULGP","E00121515","26ULGP","E65000001","E01023930","E02004989","5","5B3","E00121515","E01023930","E02004989","E33027657","E38000049","E63011549","C1","4A3",51.770998,-0.216878,"E37000048","","E23000027",11495,"E56000035","E54000025","E00121515","E01023930","E02004989"
"AL9 5LR","AL9  5LR","AL9 5LR","198001","","E10000015","E58000628","E07000241","E05011061","E04004819","0","523047","0209781","1","E18000006","E40000007","E92000001","E12000006","5","E14001573","E15000006","E24000005","E30000272","E16000150","E07000241","26ULGP","E00121508","26ULGP","E65000001","E01023931","E02004989","5","5B2","E00121508","E01033311","E02004989","E33024491","E38000049","E63011549","C1","7A3",51.773192,-0.217994,"E37000048","","E23000027",18334,"E56000035","E54000025","E00121508","E01033311","E02004989"
"AL9 5LS","AL9  5LS","AL9 5LS","199405","200308","E10000015","E58000628","E07000241","E05011061","E04004819","1","522507","0208780","1","E18000006","E40000007","E92000001","E12000006","5","E14001573","E15000006","E24000005","E30000272","E16000150","E07000241","26ULGM","E00121461","26ULGM","E65000001","E01023920","E02004991","5","2A2","E00121461","E01023920","E02004991","E33024486","E38000049","E63011549","C1","3A2",51.764308,-0.226194,"E37000048","","E23000027",6540,"E56000035","E54000025","E00121461","E01023920","E02004991"
"AL9 5LZ","AL9  5LZ","AL9 5LZ","198001","","E10000015","E58000627","E07000241","E05011062","E04004819","0","523737","0209567","1","E18000006","E40000007","E92000001","E12000006","5","E14001573","E15000006","E24000005","E30000272","E16000150","E07000241","26ULGN","E00121494","26ULGN","E65000001","E01023926","E02004990","5","4B3","E00121494","E01023926","E02004990","E33027663","E38000049","E63011549","C1","6A1",51.771116,-0.208075,"E37000048","","E23000027",29833,"E56000035","E54000025","E00121494","E01023926","E02004990"
"AL9 5NA","AL9  5NA","AL9 5NA","198001","","E10000015","E58000627","E07000241","E05011062","E04004819","0","523881","0209243","1","E18000006","E40000007","E92000001","E12000006","5","E14001573","E15000006","E24000005","E30000272","E16000150","E07000241","26ULGN","E00121492","26ULGN","E65000001","E01023925","E02004990","8","3C2","E00173212","E01023925","E02004990","E33027660","E38000049","","F1","5B3",51.768173,-0.206105,"E37000048","","E23000027",10810,"E56000035","E54000025","E00190295","E01023925","E02004990"
"AL9 5NB","AL9  5NB","AL9 5NB","198001","","E10000015","E58000627","E07000241","E05011062","E04004819","0","523547","0208638","1","E18000006","E40000007","E92000001","E12000006","5","E14001573","E15000006","E24000005","E30000272","E16000150","E07000241","26ULGN","E00121500","26ULGN","E65000001","E01023926","E02004990","5","6D1","E00121500","E01023926","E02004990","E33027663","E38000049","E63011549","C1","5A3",51.762809,-0.211158,"E37000048","","E23000027",29833,"E56000035","E54000025","E00121500","E01023926","E02004990"
"AL9 5ND","AL9  5ND","AL9 5ND","198001","199706","E10000015","E58000627","E07000241","E05011062","E04004819","0","523500","0208500","8","E18000006","E40000007","E92000001","E12000006","5","E14001573","E15000006","E24000005","E30000272","E16000150","E07000241","26ULGN","E00121483","26ULGN","E65000001","E01023925","E02004990","5","6D2","E00121483","E01023925","E02004990","E33027661","E38000049","E63011549","C1","5B2",51.761574,-0.211912,"E37000048","","E23000027",10810,"E56000035","E54000025","E00121483","E01023925","E02004990"
"AL9 5NE","AL9  5NE","AL9 5NE","198001","","E10000015","E58000627","E07000241","E05011062","E04004819","0","523546","0208485","1","E18000006","E40000007","E92000001","E12000006","5","E14001573","E15000006","E24000005","E30000272","E16000150","E07000241","26ULGN","E00121500","26ULGN","E65000001","E01023926","E02004990","5","6D1","E00121500","E01023926","E02004990","E33027663","E38000049","E63011549","C1","5A3",51.761435,-0.211227,"E37000048","","E23000027",29833,"E56000035","E54000025","E00121500","E01023926","E02004990"
"AL9 5NF","AL9  5NF","AL9 5NF","198001","","E10000015","E58000627","E07000241","E05011062","E04004819","0","523715","0208395","1","E18000006","E40000007","E92000001","E12000006","5","E14001573","E15000006","E24000005","E30000272","E16000150","E07000241","26ULGN","E00121500","26ULGN","E65000001","E01023926","E02004990","5","6D1","E00121500","E01023926","E02004990","E33027663","E38000049","","C1","5A3",51.760588,-0.208812,"E37000048","","E23000027",29833,"E56000035","E54000025","E00121500","E01023926","E02004990"
"AL9 5NG","AL9  5NG","AL9 5NG","198001","","E10000015","E58000627","E07000241","E05011062","E04004819","0","523510","0208176","1","E18000006","E40000007","E92000001","E12000006","5","E14001573","E15000006","E24000005","E30000272","E16000150","E07000241","26ULGN","E00121492","26ULGN","E65000001","E01023925","E02004990","8","3C2","E00173212","E01023925","E02004990","E33027660","E38000049","E63011549","F1","5B3",51.758665,-0.211858,"E37000048","","E23000027",10810,"E56000035","E54000025","E00190295","E01023925","E02004990"
"AL9 5NH","AL9  5NH","AL9 5NH","198001","","E10000015","E58000627","E07000241","E05011062","E04004819","0","523537","0207682","1","E18000006","E40000007","E92000001","E12000006","5","E14001573","E15000006","E24000005","E30000272","E16000150","E07000241","26ULGN","E00121492","26ULGN","E65000001","E01023925","E02004990","8","3C2","E00173212","E01023925","E02004990","E33027660","E38000049","","F1","5B3",51.754220,-0.211643,"E37000048","","E23000027",10810,"E56000035","E54000025","E00190295","E01023925","E02004990"
"AL9 5NJ","AL9  5NJ","AL9 5NJ","198001","","E10000015","E58000627","E07000241","E05011062","E04004819","0","523470","0207548","1","E18000006","E40000007","E92000001","E12000006","5","E14001573","E15000006","E24000005","E30000272","E16000150","E07000241","26ULGN","E00121492","26ULGN","E65000001","E01023925","E02004990","8","3C2","E00173212","E01023925","E02004990","E33027660","E38000049","","F1","5B3",51.753030,-0.212661,"E37000048","","E23000027",10810,"E56000035","E54000025","E00190295","E01023925","E02004990"
"AL9 5NL","AL9  5NL","AL9 5NL","198001","","E10000015","E58000627","E07000241","E05011062","E04004819","0","523184","0207869","1","E18000006","E40000007","E92000001","E12000006","5","E14001573","E15000006","E24000005","E30000272","E16000150","E07000241","26ULGN","E00121492","26ULGN","E65000001","E01023925","E02004990","8","3C2","E00173212","E01023925","E02004990","E33027660","E38000049","","F1","5B3",51.755978,-0.216688,"E37000048","","E23000027",10810,"E56000035","E54000025","E00190295","E01023925","E02004990"
"AL9 5NN","AL9  5NN","AL9 5NN","198001","","E10000015","E58000627","E07000241","E05011062","E04004819","0","523068","0207951","1","E18000006","E40000007","E92000001","E12000006","5","E14001573","E15000006","E24000005","E30000272","E16000150","E07000241","26ULGN","E00121492","26ULGN","E65000001","E01023925","E02004990","8","3C2","E00173212","E01023925","E02004990","E33027660","E38000049","","F1","5B3",51.756741,-0.218339,"E37000048","","E23000027",10810,"E56000035","E54000025","E00190295","E01023925","E02004990"
"AL9 5NP","AL9  5NP","AL9 5NP","198001","199706","E10000015","E58000627","E07000241","E05011062","E04004819","0","523200","0210000","8","E18000006","E40000007","E92000001","E12000006","5","E14001573","E15000006","E24000005","E30000272","E16000150","E07000241","26ULGN","E00121492","26ULGN","E65000001","E01023925","E02004990","8","3C2","E00173212","E01023925","E02004990","E33027660","E38000049","E63011549","F1","5B3",51.775120,-0.215725,"E37000048","","E23000027",10810,"E56000035","E54000025","E00190298","E01023925","E02004990"
"AL9 5NQ","AL9  5NQ","AL9 5NQ","198001","","E10000015","E58000627","E07000241","E05011062","E04004819","1","523659","0208376","1","E18000006","E40000007","E92000001","E12000006","5","E14001573","E15000006","E24000005","E30000272","E16000150","E07000241","26ULGN","E00121500","26ULGN","E65000001","E01023926","E02004990","5","6D1","E00121500","E01023926","E02004990","E33027663","E38000049","","C1","5A3",51.760425,-0.209653,"E37000048","","E23000027",29833,"E56000035","E54000025","E00121500","E01023926","E02004990"
"AL9 5NR","AL9  5NR","AL9 5NR","198504","201008","E10000015","E58000627","E07000241","E05011062","E04004819","1","523285","0209988","1","E18000006","E40000007","E92000001","E12000006","5","E14001573","E15000006","E24000005","E30000272","E16000150","E07000241","26ULGN","E00121492","26ULGN","E65000001","E01023925","E02004990","8","3C2","E00173212","E01023925","E02004990","E33027660","E38000049","E63011549","F1","5B3",51.774993,-0.214498,"E37000048","","E23000027",10810,"E56000035","E54000025","E00190298","E01023925","E02004990"
"AL9 5NS","AL9  5NS","AL9 5NS","198001","199706","E10000015","E58000627","E07000241","E05011062","E04004819","0","523400","0209800","8","E18000006","E40000007","E92000001","E12000006","5","E14001573","E15000006","E24000005","E30000272","E16000150","E07000241","26ULGN","E00121493","26ULGN","E65000001","E01023926","E02004990","5","4B3","E00121493","E01023926","E02004990","E33027662","E38000049","E63011549","C1","6A1",51.773279,-0.212899,"E37000048","","E23000027",29833,"E56000035","E54000025","E00121493","E01023926","E02004990"
"AL9 5NT","AL9  5NT","AL9 5NT","198001","","E10000015","E58000627","E07000241","E05011062","E04004819","0","523893","0210008","1","E18000006","E40000007","E92000001","E12000006","5","E14001573","E15000006","E24000005","E30000272","E16000150","E07000241","26ULGN","E00121492","26ULGN","E65000001","E01023925","E02004990","8","3C2","E00173212","E01023925","E02004990","E33027660","E38000049","","F1","5B3",51.775039,-0.205683,"E37000048","","E23000027",10810,"E56000035","E54000025","E00190298","E01023925","E02004990"
"AL9 5NU","AL9  5NU","AL9 5NU","198001","","E10000015","E58000627","E07000241","E05011062","E04004819","0","524014","0210204","1","E18000006","E40000007","E92000001","E12000006","5","E14001573","E15000006","E24000005","E30000272","E16000150","E07000241","26ULGN","E00121492","26ULGN","E65000001","E01023925","E02004990","8","3C2","E00173212","E01023925","E02004990","E33027660","E38000049","","F1","5B3",51.776780,-0.203835,"E37000048","","E23000027",10810,"E56000035","E54000025","E00190298","E01023925","E02004990"
"AL9 5NW","AL9  5NW","AL9 5NW","198001","","E10000015","E58000627","E07000241","E05011062","E04004819","0","523012","0207965","1","E18000006","E40000007","E92000001","E12000006","5","E14001573","E15000006","E24000005","E30000272","E16000150","E07000241","26ULGN","E00121492","26ULGN","E65000001","E01023925","E02004990","8","3C2","E00173212","E01023925","E02004990","E33027660","E38000049","","F1","5B3",51.756879,-0.219145,"E37000048","","E23000027",10810,"E56000035","E54000025","E00190295","E01023925","E02004990"
"AL9 5NX","AL9  5NX","AL9 5NX","198001","","E10000015","E58000627","E07000241","E05011062","E04004819","0","524079","0209970","1","E18000006","E40000007","E92000001","E12000006","5","E14001573","E15000006","E24000005","E30000272","E16000150","E07000241","26ULGN","E00121492","26ULGN","E65000001","E01023925","E02004990","8","3C2","E00173212","E01023925","E02004990","E33027660","E38000049","","F1","5B3",51.774662,-0.202977,"E37000048","","E23000027",10810,"E56000035","E54000025","E00190320","E01023925","E02004990"
"AL9 5NY","AL9  5NY","AL9 5NY","198001","","E10000015","E58000627","E07000241","E05011062","E04004819","0","524057","0209809","1","E18000006","E40000007","E92000001","E12000006","5","E14001573","E15000006","E24000005","E30000272","E16000150","E07000241","26ULGN","E00121492","26ULGN","E65000001","E01023925","E02004990","8","3C2","E00173212","E01023925","E02004990","E33027660","E38000049","","F1","5B3",51.773220,-0.203354,"E37000048","","E23000027",10810,"E56000035","E54000025","E00190295","E01023925","E02004990"
"AL9 5NZ","AL9  5NZ","AL9 5NZ","198001","","E10000015","E58000627","E07000241","E05011062","E04004819","0","524088","0209825","1","E18000006","E40000007","E92000001","E12000006","5","E14001573","E15000006","E24000005","E30000272","E16000150","E07000241","26ULGN","E00121492","26ULGN","E65000001","E01023925","E02004990","8","3C2","E00173212","E01023925","E02004990","E33027660","E38000049","","F1","5B3",51.773357,-0.202899,"E37000048","","E23000027",10810,"E56000035","E54000025","E00190320","E01023925","E02004990"
"AL9 5PA","AL9  5PA","AL9 5PA","198001","","E10000015","E58000627","E07000241","E05011062","E04004819","0","524095","0209729","1","E18000006","E40000007","E92000001","E12000006","5","E14001573","E15000006","E24000005","E30000272","E16000150","E07000241","26ULGN","E00121492","26ULGN","E65000001","E01023925","E02004990","8","3C2","E00173212","E01023925","E02004990","E33027660","E38000049","","F1","5B3",51.772493,-0.202832,"E37000048","","E23000027",10810,"E56000035","E54000025","E00190295","E01023925","E02004990"
"AL9 5PB","AL9  5PB","AL9 5PB","198001","","E10000015","E58000627","E07000241","E05011062","E04004819","0","523993","0209791","1","E18000006","E40000007","E92000001","E12000006","5","E14001573","E15000006","E24000005","E30000272","E16000150","E07000241","26ULGN","E00121492","26ULGN","E65000001","E01023925","E02004990","8","3C2","E00173212","E01023925","E02004990","E33027660","E38000049","","F1","5B3",51.773067,-0.204312,"E37000048","","E23000027",10810,"E56000035","E54000025","E00190295","E01023925","E02004990"
"AL9 5PD","AL9  5PD","AL9 5PD","198001","","E10000015","E58000627","E07000241","E05011062","E04004819","0","524003","0209773","1","E18000006","E40000007","E92000001","E12000006","5","E14001573","E15000006","E24000005","E30000272","E16000150","E07000241","26ULGN","E00121492","26ULGN","E65000001","E01023925","E02004990","8","3C2","E00173212","E01023925","E02004990","E33027660","E38000049","","F1","5B3",51.772909,-0.204149,"E37000048","","E23000027",10810,"E56000035","E54000025","E00190295","E01023925","E02004990"
"AL9 5PE","AL9  5PE","AL9 5PE","198001","","E10000015","E58000627","E07000241","E05011062","E04004819","0","524552","0209900","1","E18000006","E40000007","E92000001","E12000006","5","E14001573","E15000006","E24000005","E30000272","E16000150","E07000241","26ULGN","E00121491","26ULGN","E65000001","E01023925","E02004990","5","4A1","E00173212","E01023925","E02004990","E33027660","E38000049","","F1","5B3",51.773922,-0.196175,"E37000048","","E23000027",10810,"E56000035","E54000025","E00190320","E01023925","E02004990"
"AL9 5PF","AL9  5PF","AL9 5PF","198001","","E10000015","E58000627","E07000241","E05011062","E04004819","0","524818","0209921","1","E18000006","E40000007","E92000001","E12000006","5","E14001573","E15000006","E24000005","E30000272","E16000150","E07000241","26ULGN","E00121491","26ULGN","E65000001","E01023925","E02004990","5","4A1","E00173212","E01023925","E02004990","E33027660","E38000049","","F1","5B3",51.774058,-0.192290,"E37000048","","E23000027",10810,"E56000035","E54000025","E00190295","E01023925","E02004990"
"AL9 5PG","AL9  5PG","AL9 5PG","198001","","E10000015","E58000627","E07000241","E05011062","E04004819","0","525008","0209720","1","E18000006","E40000007","E92000001","E12000006","5","E14001573","E15000006","E24000005","E30000272","E16000150","E07000241","26ULGN","E00121492","26ULGN","E65000001","E01023925","E02004990","8","3C2","E00173212","E01023925","E02004990","E33027660","E38000049","","F1","5B3",51.772209,-0.189610,"E37000048","","E23000027",10810,"E56000035","E54000025","E00190295","E01023925","E02004990"
"AL9 5PH","AL9  5PH","AL9 5PH","198001","","E10000015","E58000627","E07000241","E05011062","E04004819","0","525281","0208898","1","E18000006","E40000007","E92000001","E12000006","5","E14001573","E15000006","E24000005","E30000272","E16000150","E07000241","26ULGN","E00121492","26ULGN","E65000001","E01023925","E02004990","8","3C2","E00173212","E01023925","E02004990","E33027660","E38000049","","F1","5B3",51.764761,-0.185952,"E37000048","","E23000027",10810,"E56000035","E54000025","E00190295","E01023925","E02004990"
"AL9 5PJ","AL9  5PJ","AL9 5PJ","198001","","E10000015","E58000627","E07000241","E05011062","E04004819","0","524259","0209359","1","E18000006","E40000007","E92000001","E12000006","5","E14001573","E15000006","E24000005","E30000272","E16000150","E07000241","26ULGN","E00121492","26ULGN","E65000001","E01023925","E02004990","8","3C2","E00173212","E01023925","E02004990","E33027660","E38000049","","F1","5B3",51.769132,-0.200589,"E37000048","","E23000027",10810,"E56000035","E54000025","E00190295","E01023925","E02004990"
"AL9 5PL","AL9  5PL","AL9 5PL","198001","","E10000015","E58000627","E07000241","E05011062","E04004819","0","523478","0208883","1","E18000006","E40000007","E92000001","E12000006","5","E14001573","E15000006","E24000005","E30000272","E16000150","E07000241","26ULGN","E00121496","26ULGN","E65000001","E01023926","E02004990","5","6D1","E00121496","E01023926","E02004990","E33027663","E38000049","E63011549","C1","4C3",51.765026,-0.212070,"E37000048","","E23000027",29833,"E56000035","E54000025","E00121496","E01023926","E02004990"
"AL9 5PN","AL9  5PN","AL9 5PN","198001","201008","E10000015","E58000627","E07000241","E05011062","E04004819","1","523285","0209988","1","E18000006","E40000007","E92000001","E12000006","5","E14001573","E15000006","E24000005","E30000272","E16000150","E07000241","26ULGN","E00121492","26ULGN","E65000001","E01023925","E02004990","8","3C2","E00173212","E01023925","E02004990","E33027660","E38000049","E63011549","F1","5B3",51.774993,-0.214498,"E37000048","","E23000027",10810,"E56000035","E54000025","E00190298","E01023925","E02004990"
"AL9 5PP","AL9  5PP","AL9 5PP","199301","199405","E10000015","E58000627","E07000241","E05011062","E04004819","1","523300","0209900","8","E18000006","E40000007","E92000001","E12000006","5","E14001573","E15000006","E24000005","E30000272","E16000150","E07000241","26ULGN","E00121492","26ULGN","E65000001","E01023925","E02004990","8","3C2","E00173212","E01023925","E02004990","E33027660","E38000049","E63011549","F1","5B3",51.774199,-0.214312,"E37000048","","E23000027",10810,"E56000035","E54000025","E00190298","E01023925","E02004990"
"AL9 5PQ","AL9  5PQ","AL9 5PQ","198001","","E10000015","E58000629","E07000241","E05011058","E04004818","0","525466","0209287","1","E18000006","E40000007","E92000001","E12000006","5","E14001573","E15000006","E24000005","E30000272","E16000150","E07000241","26ULGN","E00121482","26ULGN","E65000001","E01023925","E02004990","8","6B3","E00173212","E01023925","E02004990","E33027660","E38000049","","F1","5B3",51.768215,-0.183132,"E37000048","","E23000027",10810,"E56000035","E54000025","E00190295","E01023925","E02004990"
"AL9 5PR","AL9  5PR","AL9 5PR","199308","199412","E10000015","E58000627","E07000241","E05011062","E04004819","1","523300","0209900","8","E18000006","E40000007","E92000001","E12000006","5","E14001573","E15000006","E24000005","E30000272","E16000150","E07000241","26ULGN","E00121492","26ULGN","E65000001","E01023925","E02004990","8","3C2","E00173212","E01023925","E02004990","E33027660","E38000049","E63011549","F1","5B3",51.774199,-0.214312,"E37000048","","E23000027",10810,"E56000035","E54000025","E00190298","E01023925","E02004990"
"AL9 5PS","AL9  5PS","AL9 5PS","199507","200602","E10000015","E58000628","E07000241","E05011061","E04004819","1","522507","0208780","1","E18000006","E40000007","E92000001","E12000006","5","E14001573","E15000006","E24000005","E30000272","E16000150","E07000241","26ULGM","E00121461","26ULGM","E65000001","E01023920","E02004991","5","2A2","E00121461","E01023920","E02004991","E33024486","E38000049","E63011549","C1","3A2",51.764308,-0.226194,"E37000048","","E23000027",6540,"E56000035","E54000025","E00121461","E01023920","E02004991"
"AL9 5PT","AL9  5PT","AL9 5PT","199507","199806","E10000015","E58000627","E07000241","E05011062","E04004819","1","523459","0209122","6","E18000006","E40000007","E92000001","E12000006","5","E14001573","E15000006","E24000005","E30000272","E16000150","E07000241","26ULGN","E00121496","26ULGN","E65000001","E01023926","E02004990","5","6D1","E00121496","E01023926","E02004990","E33027663","E38000049","E63011549","C1","4C3",51.767173,-0.212285,"E37000048","","E23000027",29833,"E56000035","E54000025","E00121496","E01023926","E02004990"
"AL9 5PU","AL9  5PU","AL9 5PU","199806","201008","E10000015","E58000627","E07000241","E05011062","E04004819","1","523322","0209925","1","E18000006","E40000007","E92000001","E12000006","5","E14001573","E15000006","E24000005","E30000272","E16000150","E07000241","26ULGN","E00121492","26ULGN","E65000001","E01023925","E02004990","8","3C2","E00173212","E01023925","E02004990","E33027660","E38000049","E63011549","F1","5B3",51.774419,-0.213984,"E37000048","","E23000027",10810,"E56000035","E54000025","E00190298","E01023925","E02004990"
"AL9 5PW","AL9  5PW","AL9 5PW","199201","199606","E10000015","E58000627","E07000241","E05011062","E04004819","1","523300","0209900","8","E18000006","E40000007","E92000001","E12000006","5","E14001573","E15000006","E24000005","E30000272","E16000150","E07000241","26ULGN","E00121492","26ULGN","E65000001","E01023925","E02004990","8","3C2","E00173212","E01023925","E02004990","E33027660","E38000049","E63011549","F1","5B3",51.774199,-0.214312,"E37000048","","E23000027",10810,"E56000035","E54000025","E00190298","E01023925","E02004990"
"AL9 5RB","AL9  5RB","AL9 5RB","198001","","E10000015","E58000629","E07000241","E05011058","E04004818","0","526159","0210267","1","E18000006","E40000007","E92000001","E12000006","5","E14001573","E15000006","E24000005","E30000272","E16000150","E07000241","26ULGN","E00121482","26ULGN","E65000001","E01023925","E02004990","8","6B3","E00173212","E01023925","E02004990","E33027660","E38000049","","F1","5B3",51.776867,-0.172738,"E37000048","","E23000027",10810,"E56000035","E54000025","E00190320","E01023925","E02004990"
"AL9 5RD","AL9  5RD","AL9 5RD","198001","199706","E10000015","E58000629","E07000241","E05011058","E04004818","0","527300","0210800","8","E18000006","E40000007","E92000001","E12000006","5","E14001573","E15000006","E24000005","E30000272","E16000150","E07000241","26ULGN","E00121482","26ULGN","E65000001","E01023925","E02004990","8","6B3","E00173212","E01023925","E02004990","E33027660","E38000049","","F1","5B3",51.781393,-0.156039,"E37000048","","E23000027",10810,"E56000035","E54000025","E00190320","E01023925","E02004990"
"AL9 5RE","AL9  5RE","AL9 5RE","198001","","E10000015","E58000629","E07000241","E05011058","E04004818","0","527158","0210241","1","E18000006","E40000007","E92000001","E12000006","5","E14001573","E15000006","E24000005","E30000272","E16000150","E07000241","26ULGN","E00121482","26ULGN","E65000001","E01023925","E02004990","8","6B3","E00173212","E01023925","E02004990","E33027660","E38000049","","F1","5B3",51.776407,-0.158275,"E37000048","","E23000027",10810,"E56000035","E54000025","E00190320","E01023925","E02004990"
"AL9 5RF","AL9  5RF","AL9 5RF","198001","","E10000015","E58000629","E07000241","E05011058","E04004818","0","527410","0210000","1","E18000006","E40000007","E92000001","E12000006","5","E14001573","E15000006","E24000005","E30000272","E16000150","E07000241","26ULGN","E00121482","26ULGN","E65000001","E01023925","E02004990","8","6B3","E00173212","E01023925","E02004990","E33027660","E38000049","","F1","5B3",51.774184,-0.154712,"E37000048","","E23000027",10810,"E56000035","E54000025","E00190320","E01023925","E02004990"
"AL9 5RG","AL9  5RG","AL9 5RG","198001","","E10000015","E58000629","E07000241","E05011058","E04004818","0","527504","0209897","1","E18000006","E40000007","E92000001","E12000006","5","E14001573","E15000006","E24000005","E30000272","E16000150","E07000241","26ULGN","E00121482","26ULGN","E65000001","E01023925","E02004990","8","6B3","E00173212","E01023925","E02004990","E33027660","E38000049","","F1","5B3",51.773231,-0.153414,"E37000048","","E23000027",10810,"E56000035","E54000025","E00190295","E01023925","E02004990"
"AL9 5RH","AL9  5RH","AL9 5RH","198001","","E10000015","E58000627","E07000241","E05011062","E04004819","0","525047","0207691","1","E18000006","E40000007","E92000001","E12000006","5","E14001573","E15000006","E24000005","E30000272","E16000150","E07000241","26ULGN","E00121492","26ULGN","E65000001","E01023925","E02004990","8","3C2","E00173212","E01023925","E02004990","E33027660","E38000049","","F1","5B3",51.753961,-0.189799,"E37000048","","E23000027",10810,"E56000035","E54000025","E00190295","E01023925","E02004990"
"AL9 5RJ","AL9  5RJ","AL9 5RJ","199007","199405","E10000015","E58000627","E07000241","E05011062","E04004819","1","525000","0207600","8","E18000006","E40000007","E92000001","E12000006","5","E14001573","E15000006","E24000005","E30000272","E16000150","E07000241","26ULGN","E00121492","26ULGN","E65000001","E01023925","E02004990","8","3C2","E00173212","E01023925","E02004990","E33027660","E38000049","","F1","5B3",51.753153,-0.190512,"E37000048","","E23000027",10810,"E56000035","E54000025","E00190295","E01023925","E02004990"
"AL9 5RL","AL9  5RL","AL9 5RL","200808","","E10000015","E58000629","E07000241","E05011058","E04004818","0","527564","0210471","1","E18000006","E40000007","E92000001","E12000006","5","E14001573","E15000006","E24000005","E30000272","E16000150","E07000241","26ULGN","E00121482","26ULGN","E65000001","E01023925","E02004990","8","6B3","E00173212","E01023925","E02004990","E33027660","E38000049","","F1","5B3",51.778382,-0.152308,"E37000048","","E23000027",10810,"E56000035","E54000025","E00190320","E01023925","E02004990"
"AL9 5RQ","AL9  5RQ","AL9 5RQ","198001","","E10000015","E58000629","E07000241","E05011058","E04004818","0","525987","0208355","1","E18000006","E40000007","E92000001","E12000006","5","E14001573","E15000006","E24000005","E30000272","E16000150","E07000241","26ULGN","E00121480","26ULGN","E65000001","E01023925","E02004990","7","4D1","E00121480","E01023925","E02004990","E33027660","E38000049","","E1","5B1",51.759723,-0.175923,"E37000048","","E23000027",10810,"E56000035","E54000025","E00121480","E01023925","E02004990"
"AL9 5SA","AL9  5SA","AL9 5SA","198001","","E10000015","E58000627","E07000241","E05011062","E04004819","0","522903","0207283","1","E18000006","E40000007","E92000001","E12000006","5","E14001573","E15000006","E24000005","E30000272","E16000150","E07000241","26ULGN","E00121492","26ULGN","E65000001","E01023925","E02004990","8","3C2","E00173212","E01023925","E02004990","E33027660","E38000049","","F1","5B3",51.750773,-0.220965,"E37000048","","E23000027",10810,"E56000035","E54000025","E00190295","E01023925","E02004990"
"AL9 5SB","AL9  5SB","AL9 5SB","198001","","E10000015","E58000629","E07000241","E05011058","E04004819","0","523635","0206247","1","E18000006","E40000007","E92000001","E12000006","5","E14001573","E15000006","E24000005","E30000272","E16000150","E07000241","26ULGJ","E00121397","26ULGJ","E65000001","E01023910","E02004994","8","3C2","E00121397","E01023910","E02004994","E33027675","E38000049","E63011583","F1","1B2",51.741302,-0.210734,"E37000048","","E23000027",24126,"E56000035","E54000025","E00121397","E01023910","E02004994"
"AL9 5SD","AL9  5SD","AL9 5SD","198001","","E10000015","E58000630","E07000241","E05011071","E04012223","0","523521","0206282","1","E18000006","E40000007","E92000001","E12000006","5","E14001573","E15000006","E24000005","E30000272","E16000150","E07000241","26ULGZ","E00121678","26ULGZ","E65000001","E01023964","E02004993","7","4D2","E00121678","E01023964","E02004993","E33027672","E38000049","","F1","1B2",51.741637,-0.212395,"E37000048","","E23000027",23695,"E56000035","E54000025","E00121678","E01035608","E02007092"
"AL9 5SE","AL9  5SE","AL9 5SE","199002","199812","E10000015","E58000627","E07000241","E05011062","E04004819","1","523459","0209122","6","E18000006","E40000007","E92000001","E12000006","5","E14001573","E15000006","E24000005","E30000272","E16000150","E07000241","26ULGN","E00121496","26ULGN","E65000001","E01023926","E02004990","5","6D1","E00121496","E01023926","E02004990","E33027663","E38000049","E63011549","C1","4C3",51.767173,-0.212285,"E37000048","","E23000027",29833,"E56000035","E54000025","E00121496","E01023926","E02004990"
"AL9 5SF","AL9  5SF","AL9 5SF","198001","","E10000015","E58000630","E07000241","E05011071","E04012223","0","523935","0205836","1","E18000006","E40000007","E92000001","E12000006","5","E14001573","E15000006","E24000005","E30000272","E16000150","E07000241","26ULGZ","E00121678","26ULGZ","E65000001","E01023964","E02004993","7","4D2","E00121678","E01023964","E02004993","E33027672","E38000049","","F1","1B2",51.737542,-0.206538,"E37000048","","E23000027",23695,"E56000035","E54000025","E00121678","E01035608","E02007092"
"AL9 5SG","AL9  5SG","AL9 5SG","198106","199012","E10000015","E58000630","E07000241","E05011071","E04012223","1","523900","0205800","8","E18000006","E40000007","E92000001","E12000006","5","E14001573","E15000006","E24000005","E30000272","E16000150","E07000241","26ULGZ","E00121678","26ULGZ","E65000001","E01023964","E02004993","7","4D2","E00121678","E01023964","E02004993","E33027672","E38000049","","F1","1B2",51.737222,-0.207080,"E37000048","","E23000027",23695,"E56000035","E54000025","E00121678","E01035608","E02007092"
"AL9 5WA","AL9  5WA","AL9 5WA","200112","200806","E10000015","E58000628","E07000241","E05011061","E04004819","1","522507","0208780","1","E18000006","E40000007","E92000001","E12000006","5","E14001573","E15000006","E24000005","E30000272","E16000150","E07000241","26ULGM","E00121461","26ULGM","E65000001","E01023920","E02004991","5","2A2","E00121461","E01023920","E02004991","E33024486","E38000049","E63011549","C1","3A2",51.764308,-0.226194,"E37000048","","E23000027",6540,"E56000035","E54000025","E00121461","E01023920","E02004991"
"AL9 5WB","AL9  5WB","AL9 5WB","200206","200408","E10000015","E58000630","E07000241","E05011071","E04012223","1","523935","0205836","5","E18000006","E40000007","E92000001","E12000006","5","E14001573","E15000006","E24000005","E30000272","E16000150","E07000241","26ULGZ","E00121678","26ULGZ","E65000001","E01023964","E02004993","7","4D2","E00121678","E01023964","E02004993","E33027672","E38000049","","F1","1B2",51.737537,-0.206561,"E37000048","","E23000027",23695,"E56000035","E54000025","E00121678","E01035608","E02007092"
"AL9 5WG","AL9  5WG","AL9 5WG","200207","200307","E10000015","E58000630","E07000241","E05011071","E04012223","1","523935","0205836","5","E18000006","E40000007","E92000001","E12000006","5","E14001573","E15000006","E24000005","E30000272","E16000150","E07000241","26ULGZ","E00121678","26ULGZ","E65000001","E01023964","E02004993","7","4D2","E00121678","E01023964","E02004993","E33027672","E38000049","","F1","1B2",51.737537,-0.206561,"E37000048","","E23000027",23695,"E56000035","E54000025","E00121678","E01035608","E02007092"
"AL9 5XN","AL9  5XN","AL9 5XN","200301","200806","E10000015","E58000628","E07000241","E05011061","E04004819","1","522507","0208780","1","E18000006","E40000007","E92000001","E12000006","5","E14001573","E15000006","E24000005","E30000272","E16000150","E07000241","26ULGM","E00121461","26ULGM","E65000001","E01023920","E02004991","5","2A2","E00121461","E01023920","E02004991","E33024486","E38000049","E63011549","C1","3A2",51.764308,-0.226194,"E37000048","","E23000027",6540,"E56000035","E54000025","E00121461","E01023920","E02004991"
"AL9 5ZD","AL9  5ZD","AL9 5ZD","199806","199906","E10000015","E58000627","E07000241","E05011062","E04004819","1","523459","0209122","6","E18000006","E40000007","E92000001","E12000006","5","E14001573","E15000006","E24000005","E30000272","E16000150","E07000241","26ULGN","E00121496","26ULGN","E65000001","E01023926","E02004990","5","6D1","E00121496","E01023926","E02004990","E33027663","E38000049","E63011549","C1","4C3",51.767173,-0.212285,"E37000048","","E23000027",29833,"E56000035","E54000025","E00121496","E01023926","E02004990"
"AL9 5ZE","AL9  5ZE","AL9 5ZE","199806","200904","E10000015","E58000628","E07000241","E05011061","E04004819","1","522507","0208780","1","E18000006","E40000007","E92000001","E12000006","5","E14001573","E15000006","E24000005","E30000272","E16000150","E07000241","26ULGM","E00121461","26ULGM","E65000001","E01023920","E02004991","5","2A2","E00121461","E01023920","E02004991","E33024486","E38000049","E63011549","C1","3A2",51.764308,-0.226194,"E37000048","","E23000027",6540,"E56000035","E54000025","E00121461","E01023920","E02004991"
"AL9 5ZF","AL9  5ZF","AL9 5ZF","199812","200408","E10000015","E58000628","E07000241","E05011061","E04004819","1","522507","0208780","1","E18000006","E40000007","E92000001","E12000006","5","E14001573","E15000006","E24000005","E30000272","E16000150","E07000241","26ULGM","E00121461","26ULGM","E65000001","E01023920","E02004991","5","2A2","E00121461","E01023920","E02004991","E33024486","E38000049","E63011549","C1","3A2",51.764308,-0.226194,"E37000048","","E23000027",6540,"E56000035","E54000025","E00121461","E01023920","E02004991"
"AL9 5ZG","AL9  5ZG","AL9 5ZG","199906","200305","E10000015","E58000628","E07000241","E05011061","E04004819","1","522507","0208780","1","E18000006","E40000007","E92000001","E12000006","5","E14001573","E15000006","E24000005","E30000272","E16000150","E07000241","26ULGM","E00121461","26ULGM","E65000001","E01023920","E02004991","5","2A2","E00121461","E01023920","E02004991","E33024486","E38000049","E63011549","C1","3A2",51.764308,-0.226194,"E37000048","","E23000027",6540,"E56000035","E54000025","E00121461","E01023920","E02004991"
"AL9 5ZH","AL9  5ZH","AL9 5ZH","199912","200107","E10000015","E58000627","E07000241","E05011062","E04004819","1","523459","0209122","6","E18000006","E40000007","E92000001","E12000006","5","E14001573","E15000006","E24000005","E30000272","E16000150","E07000241","26ULGN","E00121496","26ULGN","E65000001","E01023926","E02004990","5","6D1","E00121496","E01023926","E02004990","E33027663","E38000049","E63011549","C1","4C3",51.767173,-0.212285,"E37000048","","E23000027",29833,"E56000035","E54000025","E00121496","E01023926","E02004990"
"AL9 5ZJ","AL9  5ZJ","AL9 5ZJ","200405","201007","E10000015","E58000628","E07000241","E05011061","E04004819","1","522507","0208780","1","E18000006","E40000007","E92000001","E12000006","5","E14001573","E15000006","E24000005","E30000272","E16000150","E07000241","26ULGM","E00121461","26ULGM","E65000001","E01023920","E02004991","5","2A2","E00121461","E01023920","E02004991","E33024486","E38000049","E63011549","C1","3A2",51.764308,-0.226194,"E37000048","","E23000027",6540,"E56000035","E54000025","E00121461","E01023920","E02004991"
"AL9 5ZL","AL9  5ZL","AL9 5ZL","200407","200601","E10000015","E58000628","E07000241","E05011061","E04004819","1","522507","0208780","1","E18000006","E40000007","E92000001","E12000006","5","E14001573","E15000006","E24000005","E30000272","E16000150","E07000241","26ULGM","E00121461","26ULGM","E65000001","E01023920","E02004991","5","2A2","E00121461","E01023920","E02004991","E33024486","E38000049","E63011549","C1","3A2",51.764308,-0.226194,"E37000048","","E23000027",6540,"E56000035","E54000025","E00121461","E01023920","E02004991"
"AL9 5ZN","AL9  5ZN","AL9 5ZN","200302","200604","E10000015","E58000628","E07000241","E05011061","E04004819","1","522507","0208780","1","E18000006","E40000007","E92000001","E12000006","5","E14001573","E15000006","E24000005","E30000272","E16000150","E07000241","26ULGM","E00121461","26ULGM","E65000001","E01023920","E02004991","5","2A2","E00121461","E01023920","E02004991","E33024486","E38000049","E63011549","C1","3A2",51.764308,-0.226194,"E37000048","","E23000027",6540,"E56000035","E54000025","E00121461","E01023920","E02004991"
"AL9 5ZQ","AL9  5ZQ","AL9 5ZQ","200309","200602","E10000015","E58000628","E07000241","E05011061","E04004819","1","522507","0208780","1","E18000006","E40000007","E92000001","E12000006","5","E14001573","E15000006","E24000005","E30000272","E16000150","E07000241","26ULGM","E00121461","26ULGM","E65000001","E01023920","E02004991","5","2A2","E00121461","E01023920","E02004991","E33024486","E38000049","E63011549","C1","3A2",51.764308,-0.226194,"E37000048","","E23000027",6540,"E56000035","E54000025","E00121461","E01023920","E02004991"
"AL9 5ZS","AL9  5ZS","AL9 5ZS","200012","200112","E10000015","E58000628","E07000241","E05011061","E04004819","1","522507","0208780","1","E18000006","E40000007","E92000001","E12000006","5","E14001573","E15000006","E24000005","E30000272","E16000150","E07000241","26ULGM","E00121461","26ULGM","E65000001","E01023920","E02004991","5","2A2","E00121461","E01023920","E02004991","E33024486","E38000049","E63011549","C1","3A2",51.764308,-0.226194,"E37000048","","E23000027",6540,"E56000035","E54000025","E00121461","E01023920","E02004991"
"AL9 5ZT","AL9  5ZT","AL9 5ZT","200012","200203","E10000015","E58000628","E07000241","E05011061","E04004819","1","522507","0208780","1","E18000006","E40000007","E92000001","E12000006","5","E14001573","E15000006","E24000005","E30000272","E16000150","E07000241","26ULGM","E00121461","26ULGM","E65000001","E01023920","E02004991","5","2A2","E00121461","E01023920","E02004991","E33024486","E38000049","E63011549","C1","3A2",51.764308,-0.226194,"E37000048","","E23000027",6540,"E56000035","E54000025","E00121461","E01023920","E02004991"
"AL9 5ZU","AL9  5ZU","AL9 5ZU","200012","200806","E10000015","E58000628","E07000241","E05011061","E04004819","1","522507","0208780","1","E18000006","E40000007","E92000001","E12000006","5","E14001573","E15000006","E24000005","E30000272","E16000150","E07000241","26ULGM","E00121461","26ULGM","E65000001","E01023920","E02004991","5","2A2","E00121461","E01023920","E02004991","E33024486","E38000049","E63011549","C1","3A2",51.764308,-0.226194,"E37000048","","E23000027",6540,"E56000035","E54000025","E00121461","E01023920","E02004991"
"AL9 5ZW","AL9  5ZW","AL9 5ZW","200006","200101","E10000015","E58000627","E07000241","E05011062","E04004819","1","523459","0209122","6","E18000006","E40000007","E92000001","E12000006","5","E14001573","E15000006","E24000005","E30000272","E16000150","E07000241","26ULGN","E00121496","26ULGN","E65000001","E01023926","E02004990","5","6D1","E00121496","E01023926","E02004990","E33027663","E38000049","E63011549","C1","4C3",51.767173,-0.212285,"E37000048","","E23000027",29833,"E56000035","E54000025","E00121496","E01023926","E02004990"
"AL9 5ZX","AL9  5ZX","AL9 5ZX","200006","200107","E10000015","E58000627","E07000241","E05011062","E04004819","1","523459","0209122","6","E18000006","E40000007","E92000001","E12000006","5","E14001573","E15000006","E24000005","E30000272","E16000150","E07000241","26ULGN","E00121496","26ULGN","E65000001","E01023926","E02004990","5","6D1","E00121496","E01023926","E02004990","E33027663","E38000049","E63011549","C1","4C3",51.767173,-0.212285,"E37000048","","E23000027",29833,"E56000035","E54000025","E00121496","E01023926","E02004990"
"AL9 5ZY","AL9  5ZY","AL9 5ZY","200006","200104","E10000015","E58000627","E07000241","E05011062","E04004819","1","523459","0209122","6","E18000006","E40000007","E92000001","E12000006","5","E14001573","E15000006","E24000005","E30000272","E16000150","E07000241","26ULGN","E00121496","26ULGN","E65000001","E01023926","E02004990","5","6D1","E00121496","E01023926","E02004990","E33027663","E38000049","E63011549","C1","4C3",51.767173,-0.212285,"E37000048","","E23000027",29833,"E56000035","E54000025","E00121496","E01023926","E02004990"
"AL9 6AA","AL9  6AA","AL9 6AA","198001","","E10000015","E58000638","E07000242","E05015368","E04004740","0","528254","0209242","1","E18000006","E40000007","E92000001","E12000006","5","E14001393","E15000006","E24000005","E30000272","E16000150","E07000242","26UDGY","E00119293","26UDGY","E65000001","E01023486","E02004887","8","4D1","E00119293","E01023486","E02004887","E33027220","E38000049","","F1","6A4",51.767174,-0.142792,"E37000048","","E23000027",24565,"E56000035","E54000025","E00119293","E01023486","E02004887"
"AL9 6AB","AL9  6AB","AL9 6AB","198001","","E10000015","E58000629","E07000241","E05011058","E04004818","0","527679","0209747","1","E18000006","E40000007","E92000001","E12000006","5","E14001573","E15000006","E24000005","E30000272","E16000150","E07000241","26ULGN","E00121482","26ULGN","E65000001","E01023925","E02004990","8","6B3","E00173212","E01023925","E02004990","E33027660","E38000049","","F1","5B3",51.771849,-0.150909,"E37000048","","E23000027",10810,"E56000035","E54000025","E00190295","E01023925","E02004990"
"AL9 6AD","AL9  6AD","AL9 6AD","198001","","E10000015","E58000629","E07000241","E05011058","E04004818","0","527482","0209752","1","E18000006","E40000007","E92000001","E12000006","5","E14001573","E15000006","E24000005","E30000272","E16000150","E07000241","26ULGN","E00121482","26ULGN","E65000001","E01023925","E02004990","8","6B3","E00173212","E01023925","E02004990","E33027660","E38000049","","F1","5B3",51.771939,-0.153761,"E37000048","","E23000027",10810,"E56000035","E54000025","E00190295","E01023925","E02004990"
"AL9 6AE","AL9  6AE","AL9 6AE","198001","","E10000015","E58000629","E07000241","E05011058","E04004818","0","527471","0209676","1","E18000006","E40000007","E92000001","E12000006","5","E14001573","E15000006","E24000005","E30000272","E16000150","E07000241","26ULGN","E00121482","26ULGN","E65000001","E01023925","E02004990","8","6B3","E00173212","E01023925","E02004990","E33027660","E38000049","","F1","5B3",51.771258,-0.153948,"E37000048","","E23000027",10810,"E56000035","E54000025","E00190295","E01023925","E02004990"
"AL9 6AF","AL9  6AF","AL9 6AF","198001","","E10000015","E58000629","E07000241","E05011058","E04004818","0","527291","0209619","1","E18000006","E40000007","E92000001","E12000006","5","E14001573","E15000006","E24000005","E30000272","E16000150","E07000241","26ULGN","E00121482","26ULGN","E65000001","E01023925","E02004990","8","6B3","E00173212","E01023925","E02004990","E33027660","E38000049","","F1","5B3",51.770787,-0.156576,"E37000048","","E23000027",10810,"E56000035","E54000025","E00190295","E01023925","E02004990"
"AL9 6AG","AL9  6AG","AL9 6AG","198001","","E10000015","E58000629","E07000241","E05011058","E04004818","0","527475","0209385","1","E18000006","E40000007","E92000001","E12000006","5","E14001573","E15000006","E24000005","E30000272","E16000150","E07000241","26ULGN","E00121482","26ULGN","E65000001","E01023925","E02004990","8","6B3","E00173212","E01023925","E02004990","E33027660","E38000049","","F1","5B3",51.768642,-0.153997,"E37000048","","E23000027",10810,"E56000035","E54000025","E00190295","E01023925","E02004990"
"AL9 6AH","AL9  6AH","AL9 6AH","198001","","E10000015","E58000629","E07000241","E05011058","E04004818","0","527544","0209039","1","E18000006","E40000007","E92000001","E12000006","5","E14001573","E15000006","E24000005","E30000272","E16000150","E07000241","26ULGN","E00121480","26ULGN","E65000001","E01023925","E02004990","7","4D1","E00121480","E01023925","E02004990","E33027660","E38000049","E63011537","E1","5B1",51.765517,-0.153124,"E37000048","","E23000027",10810,"E56000035","E54000025","E00121480","E01023925","E02004990"
"AL9 6AJ","AL9  6AJ","AL9 6AJ","198001","","E10000015","E58000629","E07000241","E05011058","E04004818","0","527460","0208981","1","E18000006","E40000007","E92000001","E12000006","5","E14001573","E15000006","E24000005","E30000272","E16000150","E07000241","26ULGN","E00121480","26ULGN","E65000001","E01023925","E02004990","7","4D1","E00121480","E01023925","E02004990","E33027660","E38000049","E63011537","E1","5B1",51.765015,-0.154362,"E37000048","","E23000027",10810,"E56000035","E54000025","E00121480","E01023925","E02004990"
"AL9 6AL","AL9  6AL","AL9 6AL","198001","","E10000015","E58000629","E07000241","E05011058","E04004818","0","527447","0208751","1","E18000006","E40000007","E92000001","E12000006","5","E14001573","E15000006","E24000005","E30000272","E16000150","E07000241","26ULGN","E00121481","26ULGN","E65000001","E01023925","E02004990","7","1C1","E00121481","E01023925","E02004990","E33027660","E38000049","E63011537","E1","8C1",51.762951,-0.154635,"E37000048","","E23000027",10810,"E56000035","E54000025","E00121481","E01023925","E02004990"
"AL9 6AN","AL9  6AN","AL9 6AN","198001","","E10000015","E58000629","E07000241","E05011058","E04004818","0","527437","0208830","1","E18000006","E40000007","E92000001","E12000006","5","E14001573","E15000006","E24000005","E30000272","E16000150","E07000241","26ULGN","E00121482","26ULGN","E65000001","E01023925","E02004990","8","6B3","E00173212","E01023925","E02004990","E33027660","E38000049","E63011537","F1","5B3",51.763663,-0.154751,"E37000048","","E23000027",10810,"E56000035","E54000025","E00190295","E01023925","E02004990"
"AL9 6AP","AL9  6AP","AL9 6AP","198001","","E10000015","E58000629","E07000241","E05011058","E04004818","0","527449","0208674","1","E18000006","E40000007","E92000001","E12000006","5","E14001573","E15000006","E24000005","E30000272","E16000150","E07000241","26ULGN","E00121481","26ULGN","E65000001","E01023925","E02004990","7","1C1","E00121481","E01023925","E02004990","E33027660","E38000049","E63011537","E1","8C1",51.762259,-0.154634,"E37000048","","E23000027",10810,"E56000035","E54000025","E00121481","E01023925","E02004990"
"AL9 6AQ","AL9  6AQ","AL9 6AQ","198001","","E10000015","E58000629","E07000241","E05011058","E04004818","0","527540","0209317","1","E18000006","E40000007","E92000001","E12000006","5","E14001573","E15000006","E24000005","E30000272","E16000150","E07000241","26ULGN","E00121482","26ULGN","E65000001","E01023925","E02004990","8","6B3","E00173212","E01023925","E02004990","E33027660","E38000049","","F1","5B3",51.768017,-0.153080,"E37000048","","E23000027",10810,"E56000035","E54000025","E00190295","E01023925","E02004990"
"AL9 6AR","AL9  6AR","AL9 6AR","198001","","E10000015","E58000629","E07000241","E05011058","E04004818","0","527404","0208743","1","E18000006","E40000007","E92000001","E12000006","5","E14001573","E15000006","E24000005","E30000272","E16000150","E07000241","26ULGN","E00121480","26ULGN","E65000001","E01023925","E02004990","7","4D1","E00121480","E01023925","E02004990","E33027660","E38000049","E63011537","E1","5B1",51.762889,-0.155261,"E37000048","","E23000027",10810,"E56000035","E54000025","E00121480","E01023925","E02004990"
"AL9 6AS","AL9  6AS","AL9 6AS","198001","","E10000015","E58000629","E07000241","E05011058","E04004818","0","527397","0208769","1","E18000006","E40000007","E92000001","E12000006","5","E14001573","E15000006","E24000005","E30000272","E16000150","E07000241","26ULGN","E00121482","26ULGN","E65000001","E01023925","E02004990","8","6B3","E00173212","E01023925","E02004990","E33027660","E38000049","E63011537","F1","5B3",51.763119,-0.155378,"E37000048","","E23000027",10810,"E56000035","E54000025","E00190295","E01023925","E02004990"
"AL9 6AT","AL9  6AT","AL9 6AT","198001","","E10000015","E58000629","E07000241","E05011058","E04004818","0","527373","0208809","1","E18000006","E40000007","E92000001","E12000006","5","E14001573","E15000006","E24000005","E30000272","E16000150","E07000241","26ULGN","E00121482","26ULGN","E65000001","E01023925","E02004990","8","6B3","E00173212","E01023925","E02004990","E33027660","E38000049","E63011537","F1","5B3",51.763489,-0.155685,"E37000048","","E23000027",10810,"E56000035","E54000025","E00190295","E01023925","E02004990"
"AL9 6AU","AL9  6AU","AL9 6AU","198001","","E10000015","E58000629","E07000241","E05011058","E04004818","0","527320","0208804","1","E18000006","E40000007","E92000001","E12000006","5","E14001573","E15000006","E24000005","E30000272","E16000150","E07000241","26ULGN","E00121480","26ULGN","E65000001","E01023925","E02004990","7","4D1","E00121480","E01023925","E02004990","E33027660","E38000049","E63011537","E1","5B1",51.763456,-0.156455,"E37000048","","E23000027",10810,"E56000035","E54000025","E00121480","E01023925","E02004990"
"AL9 6AW","AL9  6AW","AL9 6AW","198001","","E10000015","E58000629","E07000241","E05011058","E04004818","0","527417","0208764","1","E18000006","E40000007","E92000001","E12000006","5","E14001573","E15000006","E24000005","E30000272","E16000150","E07000241","26ULGN","E00121480","26ULGN","E65000001","E01023925","E02004990","7","4D1","E00121480","E01023925","E02004990","E33027660","E38000049","E63011537","E1","5B1",51.763075,-0.155065,"E37000048","","E23000027",10810,"E56000035","E54000025","E00121480","E01023925","E02004990"
"AL9 6AX","AL9  6AX","AL9 6AX","198001","","E10000015","E58000629","E07000241","E05011058","E04004818","0","527010","0208781","1","E18000006","E40000007","E92000001","E12000006","5","E14001573","E15000006","E24000005","E30000272","E16000150","E07000241","26ULGN","E00121480","26ULGN","E65000001","E01023925","E02004990","7","4D1","E00121480","E01023925","E02004990","E33027660","E38000049","E63011537","E1","5B1",51.763315,-0.160978,"E37000048","","E23000027",10810,"E56000035","E54000025","E00121480","E01023925","E02004990"
"AL9 6AY","AL9  6AY","AL9 6AY","198001","","E10000015","E58000629","E07000241","E05011058","E04004818","0","527181","0208773","1","E18000006","E40000007","E92000001","E12000006","5","E14001573","E15000006","E24000005","E30000272","E16000150","E07000241","26ULGN","E00121480","26ULGN","E65000001","E01023925","E02004990","7","4D1","E00121480","E01023925","E02004990","E33027660","E38000049","E63011537","E1","5B1",51.763209,-0.158479,"E37000048","","E23000027",10810,"E56000035","E54000025","E00121480","E01023925","E02004990"
"AL9 6AZ","AL9  6AZ","AL9 6AZ","198001","","E10000015","E58000629","E07000241","E05011058","E04004818","0","526348","0208501","1","E18000006","E40000007","E92000001","E12000006","5","E14001573","E15000006","E24000005","E30000272","E16000150","E07000241","26ULGN","E00121480","26ULGN","E65000001","E01023925","E02004990","7","4D1","E00121480","E01023925","E02004990","E33027660","E38000049","","E1","5B1",51.760953,-0.170642,"E37000048","","E23000027",10810,"E56000035","E54000025","E00121480","E01023925","E02004990"
"AL9 6BA","AL9  6BA","AL9 6BA","198001","","E10000015","E58000629","E07000241","E05011058","E04004818","0","526281","0208354","1","E18000006","E40000007","E92000001","E12000006","5","E14001573","E15000006","E24000005","E30000272","E16000150","E07000241","26ULGN","E00121480","26ULGN","E65000001","E01023925","E02004990","7","4D1","E00121480","E01023925","E02004990","E33027660","E38000049","","E1","5B1",51.759642,-0.171691,"E37000048","","E23000027",10810,"E56000035","E54000025","E00121480","E01023925","E02004990"
"AL9 6BB","AL9  6BB","AL9 6BB","199208","199501","E10000015","E58000629","E07000241","E05011058","E04004818","1","526200","0208300","8","E18000006","E40000007","E92000001","E12000006","5","E14001573","E15000006","E24000005","E30000272","E16000150","E07000241","26ULGN","E00121480","26ULGN","E65000001","E01023925","E02004990","7","4D1","E00121480","E01023925","E02004990","E33027660","E38000049","","E1","5B1",51.759175,-0.172883,"E37000048","","E23000027",10810,"E56000035","E54000025","E00121480","E01023925","E02004990"
"AL9 6BD","AL9  6BD","AL9 6BD","199301","199712","E10000015","E58000629","E07000241","E05011058","E04004819","1","526730","0206776","6","E18000006","E40000007","E92000001","E12000006","5","E14001573","E15000006","E24000005","E30000272","E16000150","E07000241","26ULGJ","E00121397","26ULGJ","E65000001","E01023910","E02004994","8","3C2","E00121397","E01023910","E02004994","E33027675","E38000049","","F1","1B2",51.745360,-0.165763,"E37000048","","E23000027",24126,"E56000035","E54000025","E00121397","E01023910","E02004994"
"AL9 6BE","AL9  6BE","AL9 6BE","199501","199812","E10000015","E58000629","E07000241","E05011058","E04004819","1","526730","0206777","6","E18000006","E40000007","E92000001","E12000006","5","E14001573","E15000006","E24000005","E30000272","E16000150","E07000241","26ULGJ","E00121397","26ULGJ","E65000001","E01023910","E02004994","8","3C2","E00121397","E01023910","E02004994","E33027675","E38000049","","F1","1B2",51.745369,-0.165763,"E37000048","","E23000027",24126,"E56000035","E54000025","E00121397","E01023910","E02004994"
"AL9 6BH","AL9  6BH","AL9 6BH","200112","201107","E10000015","E58000628","E07000241","E05011061","E04004819","1","522507","0208780","1","E18000006","E40000007","E92000001","E12000006","5","E14001573","E15000006","E24000005","E30000272","E16000150","E07000241","26ULGM","E00121461","26ULGM","E65000001","E01023920","E02004991","5","2A2","E00121461","E01023920","E02004991","E33024486","E38000049","E63011549","C1","3A2",51.764308,-0.226194,"E37000048","","E23000027",6540,"E56000035","E54000025","E00121461","E01023920","E02004991"
"AL9 6BJ","AL9  6BJ","AL9 6BJ","199612","200602","E10000015","E58000628","E07000241","E05011061","E04004819","1","522507","0208780","1","E18000006","E40000007","E92000001","E12000006","5","E14001573","E15000006","E24000005","E30000272","E16000150","E07000241","26ULGM","E00121461","26ULGM","E65000001","E01023920","E02004991","5","2A2","E00121461","E01023920","E02004991","E33024486","E38000049","E63011549","C1","3A2",51.764308,-0.226194,"E37000048","","E23000027",6540,"E56000035","E54000025","E00121461","E01023920","E02004991"
"AL9 6BL","AL9  6BL","AL9 6BL","201005","","E10000015","E58000629","E07000241","E05011058","E04004819","0","524849","0206014","1","E18000006","E40000007","E92000001","E12000006","5","E14001573","E15000006","E24000005","E30000272","E16000150","E07000241","26ULGJ","E00121397","26ULGJ","E65000001","E01023910","E02004994","8","3C2","E00121397","E01023910","E02004994","E33027675","E38000049","","F1","1B2",51.738934,-0.193267,"E37000048","","E23000027",24126,"E56000035","E54000025","E00121397","E01023910","E02004994"
"AL9 6BN","AL9  6BN","AL9 6BN","201602","","E10000015","E58000629","E07000241","E05011058","E04004818","0","527315","0206852","1","E18000006","E40000007","E92000001","E12000006","5","E14001573","E15000006","E24000005","E30000272","E16000150","E07000241","26ULGN","E00121480","26ULGN","E65000001","E01023925","E02004990","7","4D1","E00121480","E01023925","E02004990","E33027660","E38000049","","E1","5B1",51.745911,-0.157267,"E37000048","","E23000027",10810,"E56000035","E54000025","E00121480","E01023925","E02004990"
"AL9 6BP","AL9  6BP","AL9 6BP","201508","","E10000015","E58000629","E07000241","E05011058","E04004818","0","527407","0208843","1","E18000006","E40000007","E92000001","E12000006","5","E14001573","E15000006","E24000005","E30000272","E16000150","E07000241","26ULGN","E00121480","26ULGN","E65000001","E01023925","E02004990","7","4D1","E00121480","E01023925","E02004990","E33027660","E38000049","E63011537","E1","5B1",51.763787,-0.155180,"E37000048","","E23000027",10810,"E56000035","E54000025","E00121480","E01023925","E02004990"
"AL9 6BQ","AL9  6BQ","AL9 6BQ","199512","199712","E10000015","E58000629","E07000241","E05011058","E04004819","1","526730","0206776","6","E18000006","E40000007","E92000001","E12000006","5","E14001573","E15000006","E24000005","E30000272","E16000150","E07000241","26ULGJ","E00121397","26ULGJ","E65000001","E01023910","E02004994","8","3C2","E00121397","E01023910","E02004994","E33027675","E38000049","","F1","1B2",51.745360,-0.165763,"E37000048","","E23000027",24126,"E56000035","E54000025","E00121397","E01023910","E02004994"
"AL9 6BS","AL9  6BS","AL9 6BS","202406","","E10000015","E99999999","E07000241","E05011058","E04004819","0","526756","0205806","1","E18000006","E40000007","E92000001","E12000006","5","E14001573","E15000006","E24000005","E30000272","E16000150","E07000241","26ULGJ","E00121397","26ULGJ","E65000001","E01023910","E02004994","8","3C2","E00121397","E01023910","E02004994","E33027675","E38000049","","F1","1B2",51.736642,-0.165716,"E37000048","","E23000027",24126,"E56000035","E54000025","E00121397","E01023910","E02004994"
"AL9 6DA","AL9  6DA","AL9 6DA","198001","","E10000015","E58000630","E07000241","E05011071","E04012223","0","525134","0205444","1","E18000006","E40000007","E92000001","E12000006","5","E14001573","E15000006","E24000005","E30000272","E16000150","E07000241","26ULGZ","E00121678","26ULGZ","E65000001","E01023964","E02004993","7","4D2","E00121678","E01023964","E02004993","E33027672","E38000049","E63011606","F1","1B2",51.733753,-0.189324,"E37000048","","E23000027",23695,"E56000035","E54000025","E00121678","E01035608","E02007092"
"AL9 6DB","AL9  6DB","AL9 6DB","198001","","E10000015","E58000630","E07000241","E05011071","E04012223","0","525216","0205478","1","E18000006","E40000007","E92000001","E12000006","5","E14001573","E15000006","E24000005","E30000272","E16000150","E07000241","26ULGZ","E00121678","26ULGZ","E65000001","E01023964","E02004993","7","4D2","E00121678","E01023964","E02004993","E33027672","E38000049","E63011606","F1","1B2",51.734040,-0.188125,"E37000048","","E23000027",23695,"E56000035","E54000025","E00121678","E01035608","E02007092"
"AL9 6DD","AL9  6DD","AL9 6DD","200106","","E10000015","E58000629","E07000241","E05011058","E04004819","0","524982","0206922","1","E18000006","E40000007","E92000001","E12000006","5","E14001573","E15000006","E24000005","E30000272","E16000150","E07000241","26ULGJ","E00121397","26ULGJ","E65000001","E01023910","E02004994","8","3C2","E00121397","E01023910","E02004994","E33027675","E38000049","","F1","1B2",51.747065,-0.191016,"E37000048","","E23000027",24126,"E56000035","E54000025","E00121397","E01023910","E02004994"
"AL9 6DE","AL9  6DE","AL9 6DE","198001","","E10000015","E58000630","E07000241","E05011071","E04012223","0","525232","0205605","1","E18000006","E40000007","E92000001","E12000006","5","E14001573","E15000006","E24000005","E30000272","E16000150","E07000241","26ULGZ","E00121678","26ULGZ","E65000001","E01023964","E02004993","7","4D2","E00121678","E01023964","E02004993","E33027672","E38000049","E63011606","F1","1B2",51.735178,-0.187847,"E37000048","","E23000027",23695,"E56000035","E54000025","E00121678","E01035608","E02007092"
"AL9 6DF","AL9  6DF","AL9 6DF","198001","","E10000015","E58000630","E07000241","E05011071","E04012223","0","525279","0205628","1","E18000006","E40000007","E92000001","E12000006","5","E14001573","E15000006","E24000005","E30000272","E16000150","E07000241","26ULGZ","E00121678","26ULGZ","E65000001","E01023964","E02004993","7","4D2","E00121678","E01023964","E02004993","E33027672","E38000049","E63011606","F1","1B2",51.735374,-0.187159,"E37000048","","E23000027",23695,"E56000035","E54000025","E00121678","E01035608","E02007092"
"AL9 6DG","AL9  6DG","AL9 6DG","198001","","E10000015","E58000630","E07000241","E05011071","E04012223","0","525272","0205737","1","E18000006","E40000007","E92000001","E12000006","5","E14001573","E15000006","E24000005","E30000272","E16000150","E07000241","26ULGZ","E00121678","26ULGZ","E65000001","E01023964","E02004993","7","4D2","E00121678","E01023964","E02004993","E33027672","E38000049","E63011606","F1","1B2",51.736355,-0.187221,"E37000048","","E23000027",23695,"E56000035","E54000025","E00121678","E01035608","E02007092"
"AL9 6DH","AL9  6DH","AL9 6DH","198001","","E10000015","E58000629","E07000241","E05011058","E04004819","0","524983","0206243","1","E18000006","E40000007","E92000001","E12000006","5","E14001573","E15000006","E24000005","E30000272","E16000150","E07000241","26ULGJ","E00121397","26ULGJ","E65000001","E01023910","E02004994","8","3C2","E00121397","E01023910","E02004994","E33027675","E38000049","","F1","1B2",51.740967,-0.191222,"E37000048","","E23000027",24126,"E56000035","E54000025","E00121397","E01023910","E02004994"
"AL9 6DJ","AL9  6DJ","AL9 6DJ","198001","","E10000015","E58000629","E07000241","E05011058","E04004819","0","524573","0206321","1","E18000006","E40000007","E92000001","E12000006","5","E14001573","E15000006","E24000005","E30000272","E16000150","E07000241","26ULGJ","E00121397","26ULGJ","E65000001","E01023910","E02004994","8","3C2","E00121397","E01023910","E02004994","E33027675","E38000049","","F1","1B2",51.741759,-0.197129,"E37000048","","E23000027",24126,"E56000035","E54000025","E00121397","E01023910","E02004994"
"AL9 6DL","AL9  6DL","AL9 6DL","198001","","E10000015","E58000629","E07000241","E05011058","E04004819","0","524831","0206750","1","E18000006","E40000007","E92000001","E12000006","5","E14001573","E15000006","E24000005","E30000272","E16000150","E07000241","26ULGJ","E00121397","26ULGJ","E65000001","E01023910","E02004994","8","3C2","E00121397","E01023910","E02004994","E33027675","E38000049","","F1","1B2",51.745557,-0.193241,"E37000048","","E23000027",24126,"E56000035","E54000025","E00121397","E01023910","E02004994"
"AL9 6DN","AL9  6DN","AL9 6DN","198001","","E10000015","E58000629","E07000241","E05011058","E04004819","0","524998","0206887","1","E18000006","E40000007","E92000001","E12000006","5","E14001573","E15000006","E24000005","E30000272","E16000150","E07000241","26ULGJ","E00121397","26ULGJ","E65000001","E01023910","E02004994","8","3C2","E00121397","E01023910","E02004994","E33027675","E38000049","","F1","1B2",51.746747,-0.190797,"E37000048","","E23000027",24126,"E56000035","E54000025","E00121397","E01023910","E02004994"
"AL9 6DP","AL9  6DP","AL9 6DP","198001","","E10000015","E58000629","E07000241","E05011058","E04004819","0","525518","0206747","1","E18000006","E40000007","E92000001","E12000006","5","E14001573","E15000006","E24000005","E30000272","E16000150","E07000241","26ULGJ","E00121397","26ULGJ","E65000001","E01023910","E02004994","8","3C2","E00121397","E01023910","E02004994","E33027675","E38000049","","F1","1B2",51.745377,-0.183296,"E37000048","","E23000027",24126,"E56000035","E54000025","E00121397","E01023910","E02004994"
"AL9 6DQ","AL9  6DQ","AL9 6DQ","198001","","E10000015","E58000629","E07000241","E05011058","E04004819","0","525098","0206119","1","E18000006","E40000007","E92000001","E12000006","5","E14001573","E15000006","E24000005","E30000272","E16000150","E07000241","26ULGJ","E00121397","26ULGJ","E65000001","E01023910","E02004994","8","3C2","E00121397","E01023910","E02004994","E33027675","E38000049","","F1","1B2",51.739827,-0.189602,"E37000048","","E23000027",24126,"E56000035","E54000025","E00121397","E01023910","E02004994"
"AL9 6DR","AL9  6DR","AL9 6DR","198001","","E10000015","E58000629","E07000241","E05011058","E04004819","0","525400","0206802","1","E18000006","E40000007","E92000001","E12000006","5","E14001573","E15000006","E24000005","E30000272","E16000150","E07000241","26ULGJ","E00121397","26ULGJ","E65000001","E01023910","E02004994","8","3C2","E00121397","E01023910","E02004994","E33027675","E38000049","","F1","1B2",51.745898,-0.184984,"E37000048","","E23000027",24126,"E56000035","E54000025","E00121397","E01023910","E02004994"
"AL9 6DS","AL9  6DS","AL9 6DS","198001","","E10000015","E58000629","E07000241","E05011058","E04004819","0","526164","0206833","1","E18000006","E40000007","E92000001","E12000006","5","E14001573","E15000006","E24000005","E30000272","E16000150","E07000241","26ULGJ","E00121397","26ULGJ","E65000001","E01023910","E02004994","8","3C2","E00121397","E01023910","E02004994","E33027675","E38000049","","F1","1B2",51.746005,-0.173912,"E37000048","","E23000027",24126,"E56000035","E54000025","E00121397","E01023910","E02004994"
"AL9 6DU","AL9  6DU","AL9 6DU","198001","","E10000015","E58000627","E07000241","E05011062","E04004819","0","525957","0207630","1","E18000006","E40000007","E92000001","E12000006","5","E14001573","E15000006","E24000005","E30000272","E16000150","E07000241","26ULGN","E00121492","26ULGN","E65000001","E01023925","E02004990","8","3C2","E00173212","E01023925","E02004990","E33027660","E38000049","","F1","5B3",51.753209,-0.176645,"E37000048","","E23000027",10810,"E56000035","E54000025","E00190295","E01023925","E02004990"
"AL9 6DW","AL9  6DW","AL9 6DW","198001","","E10000015","E58000629","E07000241","E05011058","E04004819","0","525205","0206873","1","E18000006","E40000007","E92000001","E12000006","5","E14001573","E15000006","E24000005","E30000272","E16000150","E07000241","26ULGJ","E00121397","26ULGJ","E65000001","E01023910","E02004994","8","3C2","E00121397","E01023910","E02004994","E33027675","E38000049","","F1","1B2",51.746579,-0.187782,"E37000048","","E23000027",24126,"E56000035","E54000025","E00121397","E01023910","E02004994"
"AL9 6DX","AL9  6DX","AL9 6DX","198001","","E10000015","E58000629","E07000241","E05011058","E04004819","0","526566","0206847","1","E18000006","E40000007","E92000001","E12000006","5","E14001573","E15000006","E24000005","E30000272","E16000150","E07000241","26ULGJ","E00121397","26ULGJ","E65000001","E01023910","E02004994","8","3C2","E00121397","E01023910","E02004994","E33027675","E38000049","","F1","1B2",51.746040,-0.168087,"E37000048","","E23000027",24126,"E56000035","E54000025","E00121397","E01023910","E02004994"
"AL9 6DY","AL9  6DY","AL9 6DY","198001","199812","E10000015","E58000629","E07000241","E05011058","E04004819","0","526687","0206913","1","E18000006","E40000007","E92000001","E12000006","5","E14001573","E15000006","E24000005","E30000272","E16000150","E07000241","26ULGJ","E00121397","26ULGJ","E65000001","E01023910","E02004994","8","3C2","E00121397","E01023910","E02004994","E33027675","E38000049","","F1","1B2",51.746601,-0.166336,"E37000048","","E23000027",24126,"E56000035","E54000025","E00121397","E01023910","E02004994"
"AL9 6DZ","AL9  6DZ","AL9 6DZ","198001","","E10000015","E58000629","E07000241","E05011058","E04004818","0","526794","0206744","1","E18000006","E40000007","E92000001","E12000006","5","E14001573","E15000006","E24000005","E30000272","E16000150","E07000241","26ULGN","E00121480","26ULGN","E65000001","E01023925","E02004990","7","4D1","E00121480","E01023925","E02004990","E33027660","E38000049","","E1","5B1",51.745063,-0.164824,"E37000048","","E23000027",10810,"E56000035","E54000025","E00121480","E01023925","E02004990"
"AL9 6EA","AL9  6EA","AL9 6EA","198001","","E10000015","E58000629","E07000241","E05011058","E04004819","0","526251","0206809","1","E18000006","E40000007","E92000001","E12000006","5","E14001573","E15000006","E24000005","E30000272","E16000150","E07000241","26ULGJ","E00121397","26ULGJ","E65000001","E01023910","E02004994","8","3C2","E00121397","E01023910","E02004994","E33027675","E38000049","","F1","1B2",51.745769,-0.172662,"E37000048","","E23000027",24126,"E56000035","E54000025","E00121397","E01023910","E02004994"
"AL9 6EB","AL9  6EB","AL9 6EB","198001","","E10000015","E58000629","E07000241","E05011058","E04004819","0","526743","0206756","1","E18000006","E40000007","E92000001","E12000006","5","E14001573","E15000006","E24000005","E30000272","E16000150","E07000241","26ULGJ","E00121397","26ULGJ","E65000001","E01023910","E02004994","8","3C2","E00121397","E01023910","E02004994","E33027675","E38000049","","F1","1B2",51.745182,-0.165558,"E37000048","","E23000027",24126,"E56000035","E54000025","E00121397","E01023910","E02004994"
"AL9 6ED","AL9  6ED","AL9 6ED","198001","199012","E10000015","E58000629","E07000241","E05011058","E04004819","1","526500","0205900","8","E18000006","E40000007","E92000001","E12000006","5","E14001573","E15000006","E24000005","E30000272","E16000150","E07000241","26ULGJ","E00121397","26ULGJ","E65000001","E01023910","E02004994","8","3C2","E00121397","E01023910","E02004994","E33027675","E38000049","","F1","1B2",51.737540,-0.169411,"E37000048","","E23000027",24126,"E56000035","E54000025","E00121397","E01023910","E02004994"
"AL9 6EE","AL9  6EE","AL9 6EE","198001","","E10000015","E58000629","E07000241","E05011058","E04004819","0","526585","0205865","1","E18000006","E40000007","E92000001","E12000006","5","E14001573","E15000006","E24000005","E30000272","E16000150","E07000241","26ULGJ","E00121397","26ULGJ","E65000001","E01023910","E02004994","8","3C2","E00121397","E01023910","E02004994","E33027675","E38000049","","F1","1B2",51.737211,-0.168170,"E37000048","","E23000027",24126,"E56000035","E54000025","E00121397","E01023910","E02004994"
"AL9 6EF","AL9  6EF","AL9 6EF","198001","","E10000015","E58000629","E07000241","E05011058","E04004819","0","526219","0205693","1","E18000006","E40000007","E92000001","E12000006","5","E14001573","E15000006","E24000005","E30000272","E16000150","E07000241","26ULGJ","E00121397","26ULGJ","E65000001","E01023910","E02004994","8","3C2","E00121397","E01023910","E02004994","E33027675","E38000049","","F1","1B2",51.735743,-0.173553,"E37000048","","E23000027",24126,"E56000035","E54000025","E00121397","E01023910","E02004994"
"AL9 6EG","AL9  6EG","AL9 6EG","198001","","E10000015","E58000629","E07000241","E05011058","E04004819","0","525140","0206164","1","E18000006","E40000007","E92000001","E12000006","5","E14001573","E15000006","E24000005","E30000272","E16000150","E07000241","26ULGJ","E00121397","26ULGJ","E65000001","E01023910","E02004994","8","3C2","E00121397","E01023910","E02004994","E33027675","E38000049","","F1","1B2",51.740222,-0.188978,"E37000048","","E23000027",24126,"E56000035","E54000025","E00121397","E01023910","E02004994"
"AL9 6EH","AL9  6EH","AL9 6EH","198001","","E10000015","E58000629","E07000241","E05011058","E04004819","0","525730","0205996","1","E18000006","E40000007","E92000001","E12000006","5","E14001573","E15000006","E24000005","E30000272","E16000150","E07000241","26ULGJ","E00121397","26ULGJ","E65000001","E01023910","E02004994","8","3C2","E00121397","E01023910","E02004994","E33027675","E38000049","","F1","1B2",51.738580,-0.180498,"E37000048","","E23000027",24126,"E56000035","E54000025","E00121397","E01023910","E02004994"
"AL9 6EJ","AL9  6EJ","AL9 6EJ","198203","199405","E10000015","E58000629","E07000241","E05011058","E04004819","1","525700","0206350","8","E18000006","E40000007","E92000001","E12000006","5","E14001573","E15000006","E24000005","E30000272","E16000150","E07000241","26ULGJ","E00121397","26ULGJ","E65000001","E01023910","E02004994","8","3C2","E00121397","E01023910","E02004994","E33027675","E38000049","","F1","1B2",51.741764,-0.180828,"E37000048","","E23000027",24126,"E56000035","E54000025","E00121397","E01023910","E02004994"
"AL9 6EL","AL9  6EL","AL9 6EL","198604","199012","E10000015","E58000629","E07000241","E05011058","E04004819","1","525700","0206700","8","E18000006","E40000007","E92000001","E12000006","5","E14001573","E15000006","E24000005","E30000272","E16000150","E07000241","26ULGJ","E00121397","26ULGJ","E65000001","E01023910","E02004994","8","3C2","E00121397","E01023910","E02004994","E33027675","E38000049","","F1","1B2",51.744909,-0.180702,"E37000048","","E23000027",24126,"E56000035","E54000025","E00121397","E01023910","E02004994"
"AL9 6EQ","AL9  6EQ","AL9 6EQ","198001","200411","E10000015","E58000629","E07000241","E05011058","E04004819","0","526676","0205781","1","E18000006","E40000007","E92000001","E12000006","5","E14001573","E15000006","E24000005","E30000272","E16000150","E07000241","26ULGJ","E00121397","26ULGJ","E65000001","E01023910","E02004994","8","3C2","E00121397","E01023910","E02004994","E33027675","E38000049","","F1","1B2",51.736431,-0.166907,"E37000048","","E23000027",24126,"E56000035","E54000025","E00121397","E01023910","E02004994"
"AL9 6EY","AL9  6EY","AL9 6EY","199412","200408","E10000015","E58000628","E07000241","E05011061","E04004819","1","522507","0208780","1","E18000006","E40000007","E92000001","E12000006","5","E14001573","E15000006","E24000005","E30000272","E16000150","E07000241","26ULGM","E00121461","26ULGM","E65000001","E01023920","E02004991","5","2A2","E00121461","E01023920","E02004991","E33024486","E38000049","E63011549","C1","3A2",51.764308,-0.226194,"E37000048","","E23000027",6540,"E56000035","E54000025","E00121461","E01023920","E02004991"
"AL9 6GH","AL9  6GH","AL9 6GH","200801","","E10000015","E58000629","E07000241","E05011058","E04004818","0","527638","0207695","1","E18000006","E40000007","E92000001","E12000006","5","E14001573","E15000006","E24000005","E30000272","E16000150","E07000241","26ULGN","E00121480","26ULGN","E65000001","E01023925","E02004990","7","4D1","E00121480","E01023925","E02004990","E33027660","E38000049","","E1","5B1",51.753413,-0.152281,"E37000048","","E23000027",10810,"E56000035","E54000025","E00121480","E01023925","E02004990"
"AL9 6GJ","AL9  6GJ","AL9 6GJ","200801","","E10000015","E58000629","E07000241","E05011058","E04004818","0","527680","0207632","1","E18000006","E40000007","E92000001","E12000006","5","E14001573","E15000006","E24000005","E30000272","E16000150","E07000241","26ULGN","E00121480","26ULGN","E65000001","E01023925","E02004990","7","4D1","E00121480","E01023925","E02004990","E33027660","E38000049","","E1","5B1",51.752837,-0.151696,"E37000048","","E23000027",10810,"E56000035","E54000025","E00121480","E01023925","E02004990"
"AL9 6GL","AL9  6GL","AL9 6GL","200801","","E10000015","E58000629","E07000241","E05011058","E04004818","0","527707","0207361","1","E18000006","E40000007","E92000001","E12000006","5","E14001573","E15000006","E24000005","E30000272","E16000150","E07000241","26ULGN","E00121480","26ULGN","E65000001","E01023925","E02004990","7","4D1","E00121480","E01023925","E02004990","E33027660","E38000049","","E1","5B1",51.750396,-0.151405,"E37000048","","E23000027",10810,"E56000035","E54000025","E00121480","E01023925","E02004990"
"AL9 6GZ","AL9  6GZ","AL9 6GZ","200509","","E10000015","E58000629","E07000241","E05011058","E04004818","0","527365","0207911","1","E18000006","E40000007","E92000001","E12000006","5","E14001573","E15000006","E24000005","E30000272","E16000150","E07000241","26ULGN","E00121480","26ULGN","E65000001","E01023925","E02004990","7","4D1","E00121480","E01023925","E02004990","E33027660","E38000049","E63011537","E1","5B1",51.755416,-0.156155,"E37000048","","E23000027",10810,"E56000035","E54000025","E00121480","E01023925","E02004990"
"AL9 6HA","AL9  6HA","AL9 6HA","198001","","E10000015","E58000629","E07000241","E05011058","E04004818","0","527459","0208644","1","E18000006","E40000007","E92000001","E12000006","5","E14001573","E15000006","E24000005","E30000272","E16000150","E07000241","26ULGN","E00121480","26ULGN","E65000001","E01023925","E02004990","7","4D1","E00121480","E01023925","E02004990","E33027660","E38000049","E63011537","E1","5B1",51.761987,-0.154500,"E37000048","","E23000027",10810,"E56000035","E54000025","E00121480","E01023925","E02004990"
"AL9 6HB","AL9  6HB","AL9 6HB","198001","","E10000015","E58000629","E07000241","E05011058","E04004818","0","527516","0208633","1","E18000006","E40000007","E92000001","E12000006","5","E14001573","E15000006","E24000005","E30000272","E16000150","E07000241","26ULGN","E00121480","26ULGN","E65000001","E01023925","E02004990","7","4D1","E00121480","E01023925","E02004990","E33027660","E38000049","E63011537","E1","5B1",51.761875,-0.153679,"E37000048","","E23000027",10810,"E56000035","E54000025","E00121480","E01023925","E02004990"
"AL9 6HD","AL9  6HD","AL9 6HD","198001","","E10000015","E58000629","E07000241","E05011058","E04004818","0","527588","0208646","1","E18000006","E40000007","E92000001","E12000006","5","E14001573","E15000006","E24000005","E30000272","E16000150","E07000241","26ULGN","E00121481","26ULGN","E65000001","E01023925","E02004990","7","1C1","E00121481","E01023925","E02004990","E33027660","E38000049","E63011537","E1","8C1",51.761975,-0.152631,"E37000048","","E23000027",10810,"E56000035","E54000025","E00121481","E01023925","E02004990"
"AL9 6HE","AL9  6HE","AL9 6HE","198001","","E10000015","E58000629","E07000241","E05011058","E04004818","0","527661","0208652","1","E18000006","E40000007","E92000001","E12000006","5","E14001573","E15000006","E24000005","E30000272","E16000150","E07000241","26ULGN","E00121481","26ULGN","E65000001","E01023925","E02004990","7","1C1","E00121481","E01023925","E02004990","E33027660","E38000049","E63011537","E1","8C1",51.762013,-0.151572,"E37000048","","E23000027",10810,"E56000035","E54000025","E00121481","E01023925","E02004990"
"AL9 6HF","AL9  6HF","AL9 6HF","198001","199906","E10000015","E58000629","E07000241","E05011058","E04004818","0","527708","0208654","3","E18000006","E40000007","E92000001","E12000006","5","E14001573","E15000006","E24000005","E30000272","E16000150","E07000241","26ULGN","E00121481","26ULGN","E65000001","E01023925","E02004990","7","1C1","E00121481","E01023925","E02004990","E33027660","E38000049","E63011537","E1","8C1",51.762015,-0.150916,"E37000048","","E23000027",10810,"E56000035","E54000025","E00121481","E01023925","E02004990"
"AL9 6HG","AL9  6HG","AL9 6HG","198001","","E10000015","E58000629","E07000241","E05011058","E04004818","0","527522","0208697","1","E18000006","E40000007","E92000001","E12000006","5","E14001573","E15000006","E24000005","E30000272","E16000150","E07000241","26ULGN","E00121481","26ULGN","E65000001","E01023925","E02004990","7","1C1","E00121481","E01023925","E02004990","E33027660","E38000049","E63011537","E1","8C1",51.762449,-0.153569,"E37000048","","E23000027",10810,"E56000035","E54000025","E00121481","E01023925","E02004990"
"AL9 6HH","AL9  6HH","AL9 6HH","198001","","E10000015","E58000629","E07000241","E05011058","E04004818","0","527728","0208793","1","E18000006","E40000007","E92000001","E12000006","5","E14001573","E15000006","E24000005","E30000272","E16000150","E07000241","26ULGN","E00121482","26ULGN","E65000001","E01023925","E02004990","8","6B3","E00173212","E01023925","E02004990","E33027660","E38000049","E63011537","F1","5B3",51.763265,-0.150550,"E37000048","","E23000027",10810,"E56000035","E54000025","E00190295","E01023925","E02004990"
"AL9 6HJ","AL9  6HJ","AL9 6HJ","198001","","E10000015","E58000629","E07000241","E05011058","E04004818","0","527739","0208694","1","E18000006","E40000007","E92000001","E12000006","5","E14001573","E15000006","E24000005","E30000272","E16000150","E07000241","26ULGN","E00121481","26ULGN","E65000001","E01023925","E02004990","7","1C1","E00121481","E01023925","E02004990","E33027660","E38000049","E63011537","E1","8C1",51.762372,-0.150427,"E37000048","","E23000027",10810,"E56000035","E54000025","E00121481","E01023925","E02004990"
"AL9 6HL","AL9  6HL","AL9 6HL","198001","","E10000015","E58000629","E07000241","E05011058","E04004818","0","527615","0208472","1","E18000006","E40000007","E92000001","E12000006","5","E14001573","E15000006","E24000005","E30000272","E16000150","E07000241","26ULGN","E00121480","26ULGN","E65000001","E01023925","E02004990","7","4D1","E00121480","E01023925","E02004990","E33027660","E38000049","E63011537","E1","5B1",51.760406,-0.152304,"E37000048","","E23000027",10810,"E56000035","E54000025","E00121480","E01023925","E02004990"
"AL9 6HN","AL9  6HN","AL9 6HN","198001","","E10000015","E58000638","E07000242","E05015368","E04004740","0","528265","0208381","1","E18000006","E40000007","E92000001","E12000006","5","E14001393","E15000006","E24000005","E30000272","E16000150","E07000242","26UDGY","E00119293","26UDGY","E65000001","E01023486","E02004887","8","4D1","E00119293","E01023486","E02004887","E33027220","E38000049","","F1","6A4",51.759439,-0.142925,"E37000048","","E23000027",24565,"E56000035","E54000025","E00119293","E01023486","E02004887"
"AL9 6HP","AL9  6HP","AL9 6HP","202111","","E10000015","E58000629","E07000241","E05011058","E04004818","0","527532","0208033","1","E18000006","E40000007","E92000001","E12000006","5","E14001573","E15000006","E24000005","E30000272","E16000150","E07000241","26ULGN","E00121480","26ULGN","E65000001","E01023925","E02004990","7","4D1","E00121480","E01023925","E02004990","E33027660","E38000049","E63011537","E1","5B1",51.756479,-0.153667,"E37000048","","E23000027",10810,"E56000035","E54000025","E00121480","E01023925","E02004990"
"AL9 6HQ","AL9  6HQ","AL9 6HQ","198001","","E10000015","E58000629","E07000241","E05011058","E04004818","0","527627","0208713","1","E18000006","E40000007","E92000001","E12000006","5","E14001573","E15000006","E24000005","E30000272","E16000150","E07000241","26ULGN","E00121481","26ULGN","E65000001","E01023925","E02004990","7","1C1","E00121481","E01023925","E02004990","E33027660","E38000049","E63011537","E1","8C1",51.762569,-0.152042,"E37000048","","E23000027",10810,"E56000035","E54000025","E00121481","E01023925","E02004990"
"AL9 6HR","AL9  6HR","AL9 6HR","198001","201507","E10000015","E58000629","E07000241","E05011058","E04004818","0","527317","0206857","1","E18000006","E40000007","E92000001","E12000006","5","E14001573","E15000006","E24000005","E30000272","E16000150","E07000241","26ULGN","E00121480","26ULGN","E65000001","E01023925","E02004990","7","4D1","E00121480","E01023925","E02004990","E33027660","E38000049","","E1","5B1",51.745955,-0.157236,"E37000048","","E23000027",10810,"E56000035","E54000025","E00121480","E01023925","E02004990"
"AL9 6HS","AL9  6HS","AL9 6HS","198001","","E10000015","E58000629","E07000241","E05011058","E04004818","0","527477","0208481","1","E18000006","E40000007","E92000001","E12000006","5","E14001573","E15000006","E24000005","E30000272","E16000150","E07000241","26ULGN","E00121480","26ULGN","E65000001","E01023925","E02004990","7","4D1","E00121480","E01023925","E02004990","E33027660","E38000049","E63011537","E1","5B1",51.760518,-0.154299,"E37000048","","E23000027",10810,"E56000035","E54000025","E00121480","E01023925","E02004990"
"AL9 6HT","AL9  6HT","AL9 6HT","198001","","E10000015","E58000629","E07000241","E05011058","E04004818","0","527476","0208167","1","E18000006","E40000007","E92000001","E12000006","5","E14001573","E15000006","E24000005","E30000272","E16000150","E07000241","26ULGN","E00121480","26ULGN","E65000001","E01023925","E02004990","7","4D1","E00121480","E01023925","E02004990","E33027660","E38000049","E63011537","E1","5B1",51.757696,-0.154429,"E37000048","","E23000027",10810,"E56000035","E54000025","E00121480","E01023925","E02004990"
"AL9 6HU","AL9  6HU","AL9 6HU","198001","","E10000015","E58000629","E07000241","E05011058","E04004818","0","527354","0207776","1","E18000006","E40000007","E92000001","E12000006","5","E14001573","E15000006","E24000005","E30000272","E16000150","E07000241","26ULGN","E00121480","26ULGN","E65000001","E01023925","E02004990","7","4D1","E00121480","E01023925","E02004990","E33027660","E38000049","E63011537","E1","5B1",51.754210,-0.156339,"E37000048","","E23000027",10810,"E56000035","E54000025","E00121480","E01023925","E02004990"
"AL9 6HW","AL9  6HW","AL9 6HW","198001","","E10000015","E58000629","E07000241","E05011058","E04004818","0","527504","0208464","1","E18000006","E40000007","E92000001","E12000006","5","E14001573","E15000006","E24000005","E30000272","E16000150","E07000241","26ULGN","E00121480","26ULGN","E65000001","E01023925","E02004990","7","4D1","E00121480","E01023925","E02004990","E33027660","E38000049","E63011537","E1","5B1",51.760354,-0.153940,"E37000048","","E23000027",10810,"E56000035","E54000025","E00121480","E01023925","E02004990"
"AL9 6HX","AL9  6HX","AL9 6HX","198001","200212","E10000015","E58000629","E07000241","E05011058","E04004818","1","527374","0207917","1","E18000006","E40000007","E92000001","E12000006","5","E14001573","E15000006","E24000005","E30000272","E16000150","E07000241","26ULGN","E00121480","26ULGN","E65000001","E01023925","E02004990","7","4D1","E00121480","E01023925","E02004990","E33027660","E38000049","E63011537","E1","5B1",51.755468,-0.156023,"E37000048","","E23000027",10810,"E56000035","E54000025","E00121480","E01023925","E02004990"
"AL9 6HY","AL9  6HY","AL9 6HY","198001","","E10000015","E58000629","E07000241","E05011058","E04004818","0","527421","0207443","1","E18000006","E40000007","E92000001","E12000006","5","E14001573","E15000006","E24000005","E30000272","E16000150","E07000241","26ULGN","E00121480","26ULGN","E65000001","E01023925","E02004990","7","4D1","E00121480","E01023925","E02004990","E33027660","E38000049","","E1","5B1",51.751202,-0.155491,"E37000048","","E23000027",10810,"E56000035","E54000025","E00121480","E01023925","E02004990"
"AL9 6HZ","AL9  6HZ","AL9 6HZ","198001","","E10000015","E58000629","E07000241","E05011058","E04004818","0","527580","0208665","1","E18000006","E40000007","E92000001","E12000006","5","E14001573","E15000006","E24000005","E30000272","E16000150","E07000241","26ULGN","E00121481","26ULGN","E65000001","E01023925","E02004990","7","1C1","E00121481","E01023925","E02004990","E33027660","E38000049","E63011537","E1","8C1",51.762148,-0.152740,"E37000048","","E23000027",10810,"E56000035","E54000025","E00121481","E01023925","E02004990"
"AL9 6JA","AL9  6JA","AL9 6JA","198001","","E10000015","E58000629","E07000241","E05011058","E04004818","0","527593","0207475","1","E18000006","E40000007","E92000001","E12000006","5","E14001573","E15000006","E24000005","E30000272","E16000150","E07000241","26ULGN","E00121480","26ULGN","E65000001","E01023925","E02004990","7","4D1","E00121480","E01023925","E02004990","E33027660","E38000049","","E1","5B1",51.751451,-0.152989,"E37000048","","E23000027",10810,"E56000035","E54000025","E00121480","E01023925","E02004990"
"AL9 6JB","AL9  6JB","AL9 6JB","198001","","E10000015","E58000629","E07000241","E05011058","E04004818","0","527771","0207069","1","E18000006","E40000007","E92000001","E12000006","5","E14001573","E15000006","E24000005","E30000272","E16000150","E07000241","26ULGN","E00121480","26ULGN","E65000001","E01023925","E02004990","7","4D1","E00121480","E01023925","E02004990","E33027660","E38000049","","E1","5B1",51.747757,-0.150585,"E37000048","","E23000027",10810,"E56000035","E54000025","E00121480","E01023925","E02004990"
"AL9 6JD","AL9  6JD","AL9 6JD","198001","","E10000015","E58000629","E07000241","E05011058","E04004818","0","527408","0207391","1","E18000006","E40000007","E92000001","E12000006","5","E14001573","E15000006","E24000005","E30000272","E16000150","E07000241","26ULGN","E00121480","26ULGN","E65000001","E01023925","E02004990","7","4D1","E00121480","E01023925","E02004990","E33027660","E38000049","","E1","5B1",51.750738,-0.155698,"E37000048","","E23000027",10810,"E56000035","E54000025","E00121480","E01023925","E02004990"
"AL9 6JE","AL9  6JE","AL9 6JE","198001","","E10000015","E58000629","E07000241","E05011058","E04004818","0","526863","0206889","1","E18000006","E40000007","E92000001","E12000006","5","E14001573","E15000006","E24000005","E30000272","E16000150","E07000241","26ULGN","E00121480","26ULGN","E65000001","E01023925","E02004990","7","4D1","E00121480","E01023925","E02004990","E33027660","E38000049","","E1","5B1",51.746350,-0.163772,"E37000048","","E23000027",10810,"E56000035","E54000025","E00121480","E01023925","E02004990"
"AL9 6JF","AL9  6JF","AL9 6JF","198001","","E10000015","E58000629","E07000241","E05011058","E04004818","0","527116","0206616","1","E18000006","E40000007","E92000001","E12000006","5","E14001573","E15000006","E24000005","E30000272","E16000150","E07000241","26ULGN","E00121480","26ULGN","E65000001","E01023925","E02004990","7","4D1","E00121480","E01023925","E02004990","E33027660","E38000049","","E1","5B1",51.743840,-0.160209,"E37000048","","E23000027",10810,"E56000035","E54000025","E00121480","E01023925","E02004990"
"AL9 6JG","AL9  6JG","AL9 6JG","198001","","E10000015","E58000629","E07000241","E05011058","E04004819","0","526924","0206472","1","E18000006","E40000007","E92000001","E12000006","5","E14001573","E15000006","E24000005","E30000272","E16000150","E07000241","26ULGJ","E00121397","26ULGJ","E65000001","E01023910","E02004994","8","3C2","E00121397","E01023910","E02004994","E33027675","E38000049","","F1","1B2",51.742589,-0.163042,"E37000048","","E23000027",24126,"E56000035","E54000025","E00121397","E01023910","E02004994"
"AL9 6JH","AL9  6JH","AL9 6JH","201606","","E10000015","E58000629","E07000241","E05011058","E04004819","0","526724","0206255","1","E18000006","E40000007","E92000001","E12000006","5","E14001573","E15000006","E24000005","E30000272","E16000150","E07000241","26ULGJ","E00121397","26ULGJ","E65000001","E01023910","E02004994","8","3C2","E00121397","E01023910","E02004994","E33027675","E38000049","","F1","1B2",51.740684,-0.166016,"E37000048","","E23000027",24126,"E56000035","E54000025","E00121397","E01023910","E02004994"
"AL9 6JJ","AL9  6JJ","AL9 6JJ","198001","","E10000015","E58000629","E07000241","E05011058","E04004819","0","527178","0205849","1","E18000006","E40000007","E92000001","E12000006","5","E14001573","E15000006","E24000005","E30000272","E16000150","E07000241","26ULGJ","E00121397","26ULGJ","E65000001","E01023910","E02004994","8","3C2","E00121397","E01023910","E02004994","E33027675","E38000049","","F1","1B2",51.736933,-0.159592,"E37000048","","E23000027",24126,"E56000035","E54000025","E00121397","E01023910","E02004994"
"AL9 6JL","AL9  6JL","AL9 6JL","198001","","E10000015","E58000629","E07000241","E05011058","E04004819","0","526808","0205654","1","E18000006","E40000007","E92000001","E12000006","5","E14001573","E15000006","E24000005","E30000272","E16000150","E07000241","26ULGJ","E00121397","26ULGJ","E65000001","E01023910","E02004994","8","3C2","E00121397","E01023910","E02004994","E33027675","E38000049","","F1","1B2",51.735264,-0.165019,"E37000048","","E23000027",24126,"E56000035","E54000025","E00121397","E01023910","E02004994"
"AL9 6JN","AL9  6JN","AL9 6JN","198001","","E10000015","E58000629","E07000241","E05011058","E04004819","0","527317","0205503","1","E18000006","E40000007","E92000001","E12000006","5","E14001573","E15000006","E24000005","E30000272","E16000150","E07000241","26ULGJ","E00121397","26ULGJ","E65000001","E01023910","E02004994","8","3C2","E00121397","E01023910","E02004994","E33027675","E38000049","","F1","1B2",51.733792,-0.157707,"E37000048","","E23000027",24126,"E56000035","E54000025","E00121397","E01023910","E02004994"
"AL9 6JP","AL9  6JP","AL9 6JP","198001","","E10000015","E58000629","E07000241","E05011058","E04004819","0","526762","0206714","1","E18000006","E40000007","E92000001","E12000006","5","E14001573","E15000006","E24000005","E30000272","E16000150","E07000241","26ULGJ","E00121397","26ULGJ","E65000001","E01023910","E02004994","8","3C2","E00121397","E01023910","E02004994","E33027675","E38000049","","F1","1B2",51.744800,-0.165298,"E37000048","","E23000027",24126,"E56000035","E54000025","E00121397","E01023910","E02004994"
"AL9 6JQ","AL9  6JQ","AL9 6JQ","198001","","E10000015","E58000629","E07000241","E05011058","E04004819","0","526892","0206425","1","E18000006","E40000007","E92000001","E12000006","5","E14001573","E15000006","E24000005","E30000272","E16000150","E07000241","26ULGJ","E00121397","26ULGJ","E65000001","E01023910","E02004994","8","3C2","E00121397","E01023910","E02004994","E33027675","E38000049","","F1","1B2",51.742174,-0.163522,"E37000048","","E23000027",24126,"E56000035","E54000025","E00121397","E01023910","E02004994"
"AL9 6JR","AL9  6JR","AL9 6JR","198001","","E10000015","E58000629","E07000241","E05011058","E04004818","0","527632","0208650","1","E18000006","E40000007","E92000001","E12000006","5","E14001573","E15000006","E24000005","E30000272","E16000150","E07000241","26ULGN","E00121481","26ULGN","E65000001","E01023925","E02004990","7","1C1","E00121481","E01023925","E02004990","E33027660","E38000049","E63011537","E1","8C1",51.761996,-0.152018,"E37000048","","E23000027",10810,"E56000035","E54000025","E00121481","E01023925","E02004990"
"AL9 6JS","AL9  6JS","AL9 6JS","198001","","E10000015","E58000629","E07000241","E05011058","E04004818","0","527732","0207183","1","E18000006","E40000007","E92000001","E12000006","5","E14001573","E15000006","E24000005","E30000272","E16000150","E07000241","26ULGN","E00121480","26ULGN","E65000001","E01023925","E02004990","7","4D1","E00121480","E01023925","E02004990","E33027660","E38000049","","E1","5B1",51.748795,-0.151084,"E37000048","","E23000027",10810,"E56000035","E54000025","E00121480","E01023925","E02004990"
"AL9 6JT","AL9  6JT","AL9 6JT","198001","199507","E10000015","E58000629","E07000241","E05011058","E04004818","1","527600","0207600","8","E18000006","E40000007","E92000001","E12000006","5","E14001573","E15000006","E24000005","E30000272","E16000150","E07000241","26ULGN","E00121480","26ULGN","E65000001","E01023925","E02004990","7","4D1","E00121480","E01023925","E02004990","E33027660","E38000049","","E1","5B1",51.752568,-0.152866,"E37000048","","E23000027",10810,"E56000035","E54000025","E00121480","E01023925","E02004990"
"AL9 6JW","AL9  6JW","AL9 6JW","198001","","E10000015","E58000629","E07000241","E05011058","E04004819","0","526439","0205353","1","E18000006","E40000007","E92000001","E12000006","5","E14001573","E15000006","E24000005","E30000272","E16000150","E07000241","26ULGJ","E00121397","26ULGJ","E65000001","E01023910","E02004994","8","3C2","E00121397","E01023910","E02004994","E33027675","E38000049","","F1","1B2",51.732642,-0.170469,"E37000048","","E23000027",24126,"E56000035","E54000025","E00121397","E01023910","E02004994"
"AL9 6JX","AL9  6JX","AL9 6JX","199007","199612","E10000015","E58000629","E07000241","E05011058","E04004818","1","527100","0206800","8","E18000006","E40000007","E92000001","E12000006","5","E14001573","E15000006","E24000005","E30000272","E16000150","E07000241","26ULGN","E00121480","26ULGN","E65000001","E01023925","E02004990","7","4D1","E00121480","E01023925","E02004990","E33027660","E38000049","","E1","5B1",51.745492,-0.160398,"E37000048","","E23000027",10810,"E56000035","E54000025","E00121480","E01023925","E02004990"
"AL9 6JY","AL9  6JY","AL9 6JY","199109","","E10000015","E58000629","E07000241","E05011058","E04004819","0","526593","0205945","1","E18000006","E40000007","E92000001","E12000006","5","E14001573","E15000006","E24000005","E30000272","E16000150","E07000241","26ULGJ","E00121397","26ULGJ","E65000001","E01023910","E02004994","8","3C2","E00121397","E01023910","E02004994","E33027675","E38000049","","F1","1B2",51.737928,-0.168025,"E37000048","","E23000027",24126,"E56000035","E54000025","E00121397","E01023910","E02004994"
"AL9 6JZ","AL9  6JZ","AL9 6JZ","199806","","E10000015","E58000629","E07000241","E05011058","E04004818","0","527676","0208670","1","E18000006","E40000007","E92000001","E12000006","5","E14001573","E15000006","E24000005","E30000272","E16000150","E07000241","26ULGN","E00121481","26ULGN","E65000001","E01023925","E02004990","7","1C1","E00121481","E01023925","E02004990","E33027660","E38000049","E63011537","E1","8C1",51.762171,-0.151348,"E37000048","","E23000027",10810,"E56000035","E54000025","E00121481","E01023925","E02004990"
"AL9 6LA","AL9  6LA","AL9 6LA","198001","","E10000015","E58000629","E07000241","E05011058","E04012223","0","525915","0203843","1","E18000006","E40000007","E92000001","E12000006","5","E14001573","E15000006","E24000005","E30000272","E16000150","E07000241","26ULGJ","E00121406","26ULGJ","E65000001","E01023910","E02004994","7","4B3","E00121406","E01023910","E02004994","E33027674","E38000049","E63011606","D1","6A1",51.719190,-0.178598,"E37000048","","E23000027",24126,"E56000035","E54000025","E00121406","E01023910","E02004994"
"AL9 6LB","AL9  6LB","AL9 6LB","198001","","E10000015","E58000629","E07000241","E05011058","E04012223","0","526016","0203487","1","E18000006","E40000007","E92000001","E12000006","5","E14001573","E15000006","E24000005","E30000234","E16000150","E07000241","26ULGJ","E00121398","26ULGJ","E65000001","E01023909","E02004994","7","4B3","E00121398","E01023909","E02004994","E33027676","E38000049","E63011606","D1","6A1",51.715968,-0.177265,"E37000048","","E23000027",29661,"E56000035","E54000025","E00121398","E01023909","E02004994"
"AL9 6LE","AL9  6LE","AL9 6LE","198607","199012","E10000015","E58000629","E07000241","E05011058","E04004818","1","527100","0208800","8","E18000006","E40000007","E92000001","E12000006","5","E14001573","E15000006","E24000005","E30000272","E16000150","E07000241","26ULGN","E00121480","26ULGN","E65000001","E01023925","E02004990","7","4D1","E00121480","E01023925","E02004990","E33027660","E38000049","E63011537","E1","5B1",51.763465,-0.159667,"E37000048","","E23000027",10810,"E56000035","E54000025","E00121480","E01023925","E02004990"
"AL9 6LZ","AL9  6LZ","AL9 6LZ","201307","","E10000015","E58000629","E07000241","E05011058","E04012223","0","526811","0203567","1","E18000006","E40000007","E92000001","E12000006","5","E14001573","E15000006","E24000005","E30000234","E16000150","E07000241","26ULGJ","E00121403","26ULGJ","E65000001","E01023909","E02004994","8","2B2","E00121403","E01023909","E02004994","E33027674","E38000049","E63011606","F1","5B2",51.716508,-0.165735,"E37000048","","E23000027",29661,"E56000035","E54000025","E00121403","E01023909","E02004994"
"AL9 6NA","AL9  6NA","AL9 6NA","198001","","E10000015","E58000629","E07000241","E05011058","E04012223","0","525427","0205258","1","E18000006","E40000007","E92000001","E12000006","5","E14001573","E15000006","E24000005","E30000234","E16000150","E07000241","26ULGJ","E00121401","26ULGJ","E65000001","E01023908","E02004994","8","4D2","E00121401","E01023908","E02004994","E33027674","E38000049","E63011606","F1","6A1",51.732012,-0.185173,"E37000048","","E23000027",31254,"E56000035","E54000025","E00121401","E01023908","E02004994"
"AL9 6NB","AL9  6NB","AL9 6NB","198001","199906","E10000015","E58000629","E07000241","E05011058","E04012223","0","525600","0205000","8","E18000006","E40000007","E92000001","E12000006","5","E14001573","E15000006","E24000005","E30000234","E16000150","E07000241","26ULGJ","E00121401","26ULGJ","E65000001","E01023908","E02004994","8","4D2","E00121401","E01023908","E02004994","E33027674","E38000049","E63011606","F1","6A1",51.729654,-0.182762,"E37000048","","E23000027",31254,"E56000035","E54000025","E00121401","E01023908","E02004994"
"AL9 6ND","AL9  6ND","AL9 6ND","198001","","E10000015","E58000629","E07000241","E05011058","E04012223","0","525574","0205215","1","E18000006","E40000007","E92000001","E12000006","5","E14001573","E15000006","E24000005","E30000234","E16000150","E07000241","26ULGJ","E00121401","26ULGJ","E65000001","E01023908","E02004994","8","4D2","E00121401","E01023908","E02004994","E33027674","E38000049","E63011606","F1","6A1",51.731592,-0.183061,"E37000048","","E23000027",31254,"E56000035","E54000025","E00121401","E01023908","E02004994"
"AL9 6NE","AL9  6NE","AL9 6NE","198001","","E10000015","E58000629","E07000241","E05011058","E04012223","0","525967","0204929","1","E18000006","E40000007","E92000001","E12000006","5","E14001573","E15000006","E24000005","E30000272","E16000150","E07000241","26ULGJ","E00121400","26ULGJ","E65000001","E01023910","E02004994","7","4B3","E00121400","E01023910","E02004994","E33027674","E38000049","E63011606","F1","6A1",51.728934,-0.177477,"E37000048","","E23000027",24126,"E56000035","E54000025","E00121400","E01023910","E02004994"
"AL9 6NF","AL9  6NF","AL9 6NF","198001","","E10000015","E58000629","E07000241","E05011058","E04012223","0","526021","0204544","1","E18000006","E40000007","E92000001","E12000006","5","E14001573","E15000006","E24000005","E30000272","E16000150","E07000241","26ULGJ","E00121400","26ULGJ","E65000001","E01023910","E02004994","7","4B3","E00121400","E01023910","E02004994","E33027674","E38000049","E63011606","F1","6A1",51.725466,-0.176811,"E37000048","","E23000027",24126,"E56000035","E54000025","E00121400","E01023910","E02004994"
"AL9 6NG","AL9  6NG","AL9 6NG","198001","","E10000015","E58000629","E07000241","E05011058","E04012223","0","526139","0204567","1","E18000006","E40000007","E92000001","E12000006","5","E14001573","E15000006","E24000005","E30000272","E16000150","E07000241","26ULGJ","E00121400","26ULGJ","E65000001","E01023910","E02004994","7","4B3","E00121400","E01023910","E02004994","E33027674","E38000049","E63011606","F1","6A1",51.725646,-0.175095,"E37000048","","E23000027",24126,"E56000035","E54000025","E00121400","E01023910","E02004994"
"AL9 6NH","AL9  6NH","AL9 6NH","198001","","E10000015","E58000629","E07000241","E05011058","E04004819","0","526308","0204927","1","E18000006","E40000007","E92000001","E12000006","5","E14001573","E15000006","E24000005","E30000272","E16000150","E07000241","26ULGJ","E00121397","26ULGJ","E65000001","E01023910","E02004994","8","3C2","E00121397","E01023910","E02004994","E33027675","E38000049","E63011606","F1","1B2",51.728843,-0.172519,"E37000048","","E23000027",24126,"E56000035","E54000025","E00121397","E01023910","E02004994"
"AL9 6NJ","AL9  6NJ","AL9 6NJ","198001","","E10000015","E58000629","E07000241","E05011058","E04012223","0","526051","0203902","1","E18000006","E40000007","E92000001","E12000006","5","E14001573","E15000006","E24000005","E30000234","E16000150","E07000241","26ULGJ","E00121403","26ULGJ","E65000001","E01023909","E02004994","8","2B2","E00121403","E01023909","E02004994","E33027674","E38000049","","F1","5B2",51.719690,-0.176609,"E37000048","","E23000027",29661,"E56000035","E54000025","E00121403","E01023909","E02004994"
"AL9 6NL","AL9  6NL","AL9 6NL","198001","","E10000015","E58000629","E07000241","E05011058","E04012223","0","526410","0203740","1","E18000006","E40000007","E92000001","E12000006","5","E14001573","E15000006","E24000005","E30000234","E16000150","E07000241","26ULGJ","E00121403","26ULGJ","E65000001","E01023909","E02004994","8","2B2","E00121403","E01023909","E02004994","E33027674","E38000049","E63011606","F1","5B2",51.718153,-0.171473,"E37000048","","E23000027",29661,"E56000035","E54000025","E00121403","E01023909","E02004994"
"AL9 6NN","AL9  6NN","AL9 6NN","198001","","E10000015","E58000629","E07000241","E05011058","E04012223","0","526435","0203841","1","E18000006","E40000007","E92000001","E12000006","5","E14001573","E15000006","E24000005","E30000234","E16000150","E07000241","26ULGJ","E00121403","26ULGJ","E65000001","E01023909","E02004994","8","2B2","E00121403","E01023909","E02004994","E33027674","E38000049","E63011606","F1","5B2",51.719051,-0.171099,"E37000048","","E23000027",29661,"E56000035","E54000025","E00121403","E01023909","E02004994"
"AL9 6NP","AL9  6NP","AL9 6NP","198001","","E10000015","E58000629","E07000241","E05011058","E04012223","0","526543","0203747","1","E18000006","E40000007","E92000001","E12000006","5","E14001573","E15000006","E24000005","E30000234","E16000150","E07000241","26ULGJ","E00121403","26ULGJ","E65000001","E01023909","E02004994","8","2B2","E00121403","E01023909","E02004994","E33027674","E38000049","E63011606","F1","5B2",51.718182,-0.169570,"E37000048","","E23000027",29661,"E56000035","E54000025","E00121403","E01023909","E02004994"
"AL9 6NQ","AL9  6NQ","AL9 6NQ","198001","","E10000015","E58000629","E07000241","E05011058","E04012223","0","526384","0204787","1","E18000006","E40000007","E92000001","E12000006","5","E14001573","E15000006","E24000005","E30000272","E16000150","E07000241","26ULGJ","E00121400","26ULGJ","E65000001","E01023910","E02004994","7","4B3","E00121400","E01023910","E02004994","E33027674","E38000049","E63011606","F1","6A1",51.727568,-0.171470,"E37000048","","E23000027",24126,"E56000035","E54000025","E00121400","E01023910","E02004994"
"AL9 6NR","AL9  6NR","AL9 6NR","198001","","E10000015","E58000629","E07000241","E05011058","E04012223","0","527099","0203496","1","E18000006","E40000007","E92000001","E12000006","5","E14001573","E15000006","E24000005","E30000234","E16000150","E07000241","26ULGJ","E00121403","26ULGJ","E65000001","E01023909","E02004994","8","2B2","E00121403","E01023909","E02004994","E33027674","E38000049","E63011606","F1","5B2",51.715805,-0.161594,"E37000048","","E23000027",29661,"E56000035","E54000025","E00121403","E01023909","E02004994"
"AL9 6NS","AL9  6NS","AL9 6NS","198001","","E10000015","E58000629","E07000241","E05011058","E04012223","1","526770","0203393","1","E18000006","E40000007","E92000001","E12000006","5","E14001573","E15000006","E24000005","E30000234","E16000150","E07000241","26ULGJ","E00121403","26ULGJ","E65000001","E01023909","E02004994","8","2B2","E00121403","E01023909","E02004994","E33027674","E38000049","E63011606","F1","5B2",51.714950,-0.166415,"E37000048","","E23000027",29661,"E56000035","E54000025","E00121403","E01023909","E02004994"
"AL9 6NT","AL9  6NT","AL9 6NT","198001","","E10000015","E58000629","E07000241","E05011058","E04012223","0","526716","0203610","1","E18000006","E40000007","E92000001","E12000006","5","E14001573","E15000006","E24000005","E30000234","E16000150","E07000241","26ULGJ","E00121403","26ULGJ","E65000001","E01023909","E02004994","8","2B2","E00121403","E01023909","E02004994","E33027674","E38000049","E63011606","F1","5B2",51.716916,-0.167093,"E37000048","","E23000027",29661,"E56000035","E54000025","E00121403","E01023909","E02004994"
"AL9 6NU","AL9  6NU","AL9 6NU","199712","200807","E10000015","E58000629","E07000241","E05011058","E04004819","0","526919","0206444","1","E18000006","E40000007","E92000001","E12000006","5","E14001573","E15000006","E24000005","E30000272","E16000150","E07000241","26ULGJ","E00121397","26ULGJ","E65000001","E01023910","E02004994","8","3C2","E00121397","E01023910","E02004994","E33027675","E38000049","","F1","1B2",51.742334,-0.163148,"E37000048","","E23000027",24126,"E56000035","E54000025","E00121397","E01023910","E02004994"
"AL9 6NW","AL9  6NW","AL9 6NW","198510","","E10000015","E58000629","E07000241","E05011058","E04012223","0","526549","0203678","1","E18000006","E40000007","E92000001","E12000006","5","E14001573","E15000006","E24000005","E30000234","E16000150","E07000241","26ULGJ","E00121403","26ULGJ","E65000001","E01023909","E02004994","8","2B2","E00121403","E01023909","E02004994","E33027674","E38000049","E63011606","F1","5B2",51.717561,-0.169509,"E37000048","","E23000027",29661,"E56000035","E54000025","E00121403","E01023909","E02004994"
"AL9 6NX","AL9  6NX","AL9 6NX","199101","","E10000015","E58000629","E07000241","E05011058","E04012223","0","527019","0203237","1","E18000006","E40000007","E92000001","E12000006","5","E14001573","E15000006","E24000005","E30000234","E16000150","E07000241","26ULGJ","E00121403","26ULGJ","E65000001","E01023909","E02004994","8","2B2","E00121403","E01023909","E02004994","E33027674","E38000049","E63011606","F1","5B2",51.713496,-0.162845,"E37000048","","E23000027",29661,"E56000035","E54000025","E00121403","E01023909","E02004994"
"AL9 6NY","AL9  6NY","AL9 6NY","199208","","E10000015","E58000629","E07000241","E05011058","E04012223","0","526641","0203525","1","E18000006","E40000007","E92000001","E12000006","5","E14001573","E15000006","E24000005","E30000234","E16000150","E07000241","26ULGJ","E00121403","26ULGJ","E65000001","E01023909","E02004994","8","2B2","E00121403","E01023909","E02004994","E33027674","E38000049","E63011606","F1","5B2",51.716169,-0.168209,"E37000048","","E23000027",29661,"E56000035","E54000025","E00121403","E01023909","E02004994"
"AL9 6NZ","AL9  6NZ","AL9 6NZ","200006","","E10000015","E58000629","E07000241","E05011058","E04012223","0","526501","0203788","1","E18000006","E40000007","E92000001","E12000006","5","E14001573","E15000006","E24000005","E30000234","E16000150","E07000241","26ULGJ","E00121403","26ULGJ","E65000001","E01023909","E02004994","8","2B2","E00121403","E01023909","E02004994","E33027674","E38000049","E63011606","F1","5B2",51.718560,-0.170163,"E37000048","","E23000027",29661,"E56000035","E54000025","E00121403","E01023909","E02004994"
"AL9 6PR","AL9  6PR","AL9 6PR","198001","","E10000015","E58000629","E07000241","E05011058","E04012223","0","525970","0204353","1","E18000006","E40000007","E92000001","E12000006","5","E14001573","E15000006","E24000005","E30000272","E16000150","E07000241","26ULGJ","E00121400","26ULGJ","E65000001","E01023910","E02004994","7","4B3","E00121400","E01023910","E02004994","E33027674","E38000049","E63011606","F1","6A1",51.723761,-0.177618,"E37000048","","E23000027",24126,"E56000035","E54000025","E00121400","E01023910","E02004994"
"AL9 6PS","AL9  6PS","AL9 6PS","198001","","E10000015","E58000629","E07000241","E05011058","E04012223","0","525942","0204520","1","E18000006","E40000007","E92000001","E12000006","5","E14001573","E15000006","E24000005","E30000272","E16000150","E07000241","26ULGJ","E00121400","26ULGJ","E65000001","E01023910","E02004994","7","4B3","E00121400","E01023910","E02004994","E33027674","E38000049","E63011606","F1","6A1",51.725268,-0.177963,"E37000048","","E23000027",24126,"E56000035","E54000025","E00121400","E01023910","E02004994"
"AL9 6PT","AL9  6PT","AL9 6PT","198001","","E10000015","E58000629","E07000241","E05011058","E04012223","0","525763","0204862","1","E18000006","E40000007","E92000001","E12000006","5","E14001573","E15000006","E24000005","E30000234","E16000150","E07000241","26ULGJ","E00121401","26ULGJ","E65000001","E01023908","E02004994","8","4D2","E00121401","E01023908","E02004994","E33027674","E38000049","E63011606","F1","6A1",51.728382,-0.180430,"E37000048","","E23000027",31254,"E56000035","E54000025","E00121401","E01023908","E02004994"
"AL9 6PU","AL9  6PU","AL9 6PU","199002","199112","E10000015","E58000629","E07000241","E05011058","E04012223","1","525900","0204600","8","E18000006","E40000007","E92000001","E12000006","5","E14001573","E15000006","E24000005","E30000272","E16000150","E07000241","26ULGJ","E00121400","26ULGJ","E65000001","E01023910","E02004994","7","4B3","E00121400","E01023910","E02004994","E33027674","E38000049","E63011606","F1","6A1",51.725993,-0.178565,"E37000048","","E23000027",24126,"E56000035","E54000025","E00121400","E01023910","E02004994"
"AL9 6WA","AL9  6WA","AL9 6WA","200206","","E10000015","E58000628","E07000241","E05011061","E04004819","1","522503","0208775","1","E18000006","E40000007","E92000001","E12000006","5","E14001573","E15000006","E24000005","E30000272","E16000150","E07000241","26ULGM","E00121461","26ULGM","E65000001","E01023920","E02004991","5","2A2","E00121461","E01023920","E02004991","E33024486","E38000049","E63011549","C1","3A2",51.764264,-0.226254,"E37000048","","E23000027",6540,"E56000035","E54000025","E00121461","E01023920","E02004991"
"AL9 6WJ","AL9  6WJ","AL9 6WJ","200207","200408","E10000015","E58000629","E07000241","E05011058","E04012223","1","525771","0204845","5","E18000006","E40000007","E92000001","E12000006","5","E14001573","E15000006","E24000005","E30000234","E16000150","E07000241","26ULGJ","E00121401","26ULGJ","E65000001","E01023908","E02004994","8","4D2","E00121401","E01023908","E02004994","E33027674","E38000049","E63011606","F1","6A1",51.728223,-0.180343,"E37000048","","E23000027",31254,"E56000035","E54000025","E00121401","E01023908","E02004994"
"AL9 6ZD","AL9  6ZD","AL9 6ZD","199812","200006","E10000015","E58000629","E07000241","E05011058","E04004819","1","526591","0206743","6","E18000006","E40000007","E92000001","E12000006","5","E14001573","E15000006","E24000005","E30000272","E16000150","E07000241","26ULGJ","E00121397","26ULGJ","E65000001","E01023910","E02004994","8","3C2","E00121397","E01023910","E02004994","E33027675","E38000049","","F1","1B2",51.745095,-0.167787,"E37000048","","E23000027",24126,"E56000035","E54000025","E00121397","E01023910","E02004994"
"AL9 6ZE","AL9  6ZE","AL9 6ZE","199812","200111","E10000015","E58000628","E07000241","E05011061","E04004819","1","522507","0208780","1","E18000006","E40000007","E92000001","E12000006","5","E14001573","E15000006","E24000005","E30000272","E16000150","E07000241","26ULGM","E00121461","26ULGM","E65000001","E01023920","E02004991","5","2A2","E00121461","E01023920","E02004991","E33024486","E38000049","E63011549","C1","3A2",51.764308,-0.226194,"E37000048","","E23000027",6540,"E56000035","E54000025","E00121461","E01023920","E02004991"
"AL9 6ZF","AL9  6ZF","AL9 6ZF","200907","201206","E10000015","E58000628","E07000241","E05011061","E04004819","1","522507","0208780","1","E18000006","E40000007","E92000001","E12000006","5","E14001573","E15000006","E24000005","E30000272","E16000150","E07000241","26ULGM","E00121461","26ULGM","E65000001","E01023920","E02004991","5","2A2","E00121461","E01023920","E02004991","E33024486","E38000049","E63011549","C1","3A2",51.764308,-0.226194,"E37000048","","E23000027",6540,"E56000035","E54000025","E00121461","E01023920","E02004991"
"AL9 6ZG","AL9  6ZG","AL9 6ZG","199912","200006","E10000015","E58000629","E07000241","E05011058","E04004819","1","526591","0206743","6","E18000006","E40000007","E92000001","E12000006","5","E14001573","E15000006","E24000005","E30000272","E16000150","E07000241","26ULGJ","E00121397","26ULGJ","E65000001","E01023910","E02004994","8","3C2","E00121397","E01023910","E02004994","E33027675","E38000049","","F1","1B2",51.745095,-0.167787,"E37000048","","E23000027",24126,"E56000035","E54000025","E00121397","E01023910","E02004994"
"AL9 6ZH","AL9  6ZH","AL9 6ZH","200306","201407","E10000015","E58000628","E07000241","E05011061","E04004819","1","522507","0208780","1","E18000006","E40000007","E92000001","E12000006","5","E14001573","E15000006","E24000005","E30000272","E16000150","E07000241","26ULGM","E00121461","26ULGM","E65000001","E01023920","E02004991","5","2A2","E00121461","E01023920","E02004991","E33024486","E38000049","E63011549","C1","3A2",51.764308,-0.226194,"E37000048","","E23000027",6540,"E56000035","E54000025","E00121461","E01023920","E02004991"
"AL9 6ZJ","AL9  6ZJ","AL9 6ZJ","200209","201210","E10000015","E58000628","E07000241","E05011061","E04004819","1","522507","0208780","1","E18000006","E40000007","E92000001","E12000006","5","E14001573","E15000006","E24000005","E30000272","E16000150","E07000241","26ULGM","E00121461","26ULGM","E65000001","E01023920","E02004991","5","2A2","E00121461","E01023920","E02004991","E33024486","E38000049","E63011549","C1","3A2",51.764308,-0.226194,"E37000048","","E23000027",6540,"E56000035","E54000025","E00121461","E01023920","E02004991"
"AL9 6ZQ","AL9  6ZQ","AL9 6ZQ","200305","200311","E10000015","E58000628","E07000241","E05011061","E04004819","1","522507","0208780","5","E18000006","E40000007","E92000001","E12000006","5","E14001573","E15000006","E24000005","E30000272","E16000150","E07000241","26ULGM","E00121461","26ULGM","E65000001","E01023920","E02004991","5","2A2","E00121461","E01023920","E02004991","E33024486","E38000049","E63011549","C1","3A2",51.764308,-0.226194,"E37000048","","E23000027",6540,"E56000035","E54000025","E00121461","E01023920","E02004991"
"AL9 6ZX","AL9  6ZX","AL9 6ZX","200402","201105","E10000015","E58000628","E07000241","E05011061","E04004819","1","522507","0208780","1","E18000006","E40000007","E92000001","E12000006","5","E14001573","E15000006","E24000005","E30000272","E16000150","E07000241","26ULGM","E00121461","26ULGM","E65000001","E01023920","E02004991","5","2A2","E00121461","E01023920","E02004991","E33024486","E38000049","E63011549","C1","3A2",51.764308,-0.226194,"E37000048","","E23000027",6540,"E56000035","E54000025","E00121461","E01023920","E02004991"
"AL9 6ZY","AL9  6ZY","AL9 6ZY","201802","202004","E10000015","E58000628","E07000241","E05011061","E04004819","1","522503","0208775","1","E18000006","E40000007","E92000001","E12000006","5","E14001573","E15000006","E24000005","E30000272","E16000150","E07000241","26ULGM","E00121461","26ULGM","E65000001","E01023920","E02004991","5","2A2","E00121461","E01023920","E02004991","E33024486","E38000049","E63011549","C1","3A2",51.764270,-0.226230,"E37000048","","E23000027",6540,"E56000035","E54000025","E00121461","E01023920","E02004991"
"AL9 7AA","AL9  7AA","AL9 7AA","198001","","E10000015","E58000629","E07000241","E05011058","E04012223","0","525370","0204194","1","E18000006","E40000007","E92000001","E12000006","5","E14001573","E15000006","E24000005","E30000234","E16000150","E07000241","26ULGJ","E00121405","26ULGJ","E65000001","E01023908","E02004994","8","4B3","E00121405","E01023908","E02004994","E33027674","E38000049","E63011606","F1","6A1",51.722467,-0.186357,"E37000048","","E23000027",31254,"E56000035","E54000025","E00121405","E01023908","E02004994"
"AL9 7AB","AL9  7AB","AL9 7AB","198001","","E10000015","E58000629","E07000241","E05011058","E04012223","0","525313","0204182","1","E18000006","E40000007","E92000001","E12000006","5","E14001573","E15000006","E24000005","E30000234","E16000150","E07000241","26ULGJ","E00121405","26ULGJ","E65000001","E01023908","E02004994","8","4B3","E00121405","E01023908","E02004994","E33027674","E38000049","E63011606","F1","6A1",51.722372,-0.187186,"E37000048","","E23000027",31254,"E56000035","E54000025","E00121405","E01023908","E02004994"
"AL9 7AD","AL9  7AD","AL9 7AD","198001","","E10000015","E58000629","E07000241","E05011058","E04012223","0","525344","0204059","1","E18000006","E40000007","E92000001","E12000006","5","E14001573","E15000006","E24000005","E30000234","E16000150","E07000241","26ULGJ","E00121405","26ULGJ","E65000001","E01023908","E02004994","8","4B3","E00121405","E01023908","E02004994","E33027674","E38000049","E63011606","F1","6A1",51.721259,-0.186782,"E37000048","","E23000027",31254,"E56000035","E54000025","E00121405","E01023908","E02004994"
"AL9 7AE","AL9  7AE","AL9 7AE","198001","","E10000015","E58000629","E07000241","E05011058","E04012223","0","525600","0203943","1","E18000006","E40000007","E92000001","E12000006","5","E14001573","E15000006","E24000005","E30000234","E16000150","E07000241","26ULGJ","E00121398","26ULGJ","E65000001","E01023909","E02004994","7","4B3","E00121398","E01023909","E02004994","E33027676","E38000049","E63011606","D1","6A1",51.720160,-0.183120,"E37000048","","E23000027",29661,"E56000035","E54000025","E00121398","E01023909","E02004994"
"AL9 7AF","AL9  7AF","AL9 7AF","198001","","E10000015","E58000629","E07000241","E05011058","E04012223","0","525648","0203861","1","E18000006","E40000007","E92000001","E12000006","5","E14001573","E15000006","E24000005","E30000234","E16000150","E07000241","26ULGJ","E00121398","26ULGJ","E65000001","E01023909","E02004994","7","4B3","E00121398","E01023909","E02004994","E33027676","E38000049","E63011606","D1","6A1",51.719412,-0.182455,"E37000048","","E23000027",29661,"E56000035","E54000025","E00121398","E01023909","E02004994"
"AL9 7AG","AL9  7AG","AL9 7AG","198001","","E10000015","E58000629","E07000241","E05011058","E04012223","0","525709","0204009","1","E18000006","E40000007","E92000001","E12000006","5","E14001573","E15000006","E24000005","E30000234","E16000150","E07000241","26ULGJ","E00121398","26ULGJ","E65000001","E01023909","E02004994","7","4B3","E00121398","E01023909","E02004994","E33027676","E38000049","E63011606","D1","6A1",51.720728,-0.181519,"E37000048","","E23000027",29661,"E56000035","E54000025","E00121398","E01023909","E02004994"
"AL9 7AH","AL9  7AH","AL9 7AH","198001","","E10000015","E58000629","E07000241","E05011058","E04012223","0","525597","0204098","1","E18000006","E40000007","E92000001","E12000006","5","E14001573","E15000006","E24000005","E30000272","E16000150","E07000241","26ULGJ","E00121406","26ULGJ","E65000001","E01023910","E02004994","7","4B3","E00121406","E01023910","E02004994","E33027674","E38000049","E63011606","D1","6A1",51.721553,-0.183107,"E37000048","","E23000027",24126,"E56000035","E54000025","E00121406","E01023910","E02004994"
"AL9 7AJ","AL9  7AJ","AL9 7AJ","198001","","E10000015","E58000629","E07000241","E05011058","E04012223","0","525758","0203967","1","E18000006","E40000007","E92000001","E12000006","5","E14001573","E15000006","E24000005","E30000234","E16000150","E07000241","26ULGJ","E00121398","26ULGJ","E65000001","E01023909","E02004994","7","4B3","E00121398","E01023909","E02004994","E33027676","E38000049","E63011606","D1","6A1",51.720340,-0.180825,"E37000048","","E23000027",29661,"E56000035","E54000025","E00121398","E01023909","E02004994"
"AL9 7AL","AL9  7AL","AL9 7AL","198106","","E10000015","E58000629","E07000241","E05011058","E04012223","0","525879","0204135","1","E18000006","E40000007","E92000001","E12000006","5","E14001573","E15000006","E24000005","E30000272","E16000150","E07000241","26ULGJ","E00121406","26ULGJ","E65000001","E01023910","E02004994","7","4B3","E00121406","E01023910","E02004994","E33027674","E38000049","E63011606","D1","6A1",51.721822,-0.179014,"E37000048","","E23000027",24126,"E56000035","E54000025","E00121406","E01023910","E02004994"
"AL9 7AN","AL9  7AN","AL9 7AN","198106","","E10000015","E58000629","E07000241","E05011058","E04012223","0","525857","0203991","1","E18000006","E40000007","E92000001","E12000006","5","E14001573","E15000006","E24000005","E30000272","E16000150","E07000241","26ULGJ","E00121406","26ULGJ","E65000001","E01023910","E02004994","7","4B3","E00121406","E01023910","E02004994","E33027674","E38000049","E63011606","D1","6A1",51.720533,-0.179384,"E37000048","","E23000027",24126,"E56000035","E54000025","E00121406","E01023910","E02004994"
"AL9 7AP","AL9  7AP","AL9 7AP","199208","199712","E10000015","E58000630","E07000241","E05011071","E04012223","1","523822","0204652","6","E18000006","E40000007","E92000001","E12000006","5","E14001573","E15000006","E24000005","E30000272","E16000150","E07000241","26ULGZ","E00121688","26ULGZ","E65000001","E01023964","E02004993","8","3C1","E00121688","E01023964","E02004993","E33027669","E38000049","","E1","5A1",51.726922,-0.208617,"E37000048","","E23000027",23695,"E56000035","E54000025","E00121688","E01035608","E02007092"
"AL9 7AQ","AL9  7AQ","AL9 7AQ","198001","","E10000015","E58000629","E07000241","E05011058","E04012223","0","525514","0204071","1","E18000006","E40000007","E92000001","E12000006","5","E14001573","E15000006","E24000005","E30000234","E16000150","E07000241","26ULGJ","E00121398","26ULGJ","E65000001","E01023909","E02004994","7","4B3","E00121398","E01023909","E02004994","E33027676","E38000049","E63011606","D1","6A1",51.721329,-0.184318,"E37000048","","E23000027",29661,"E56000035","E54000025","E00121398","E01023909","E02004994"
"AL9 7AR","AL9  7AR","AL9 7AR","199002","201307","E10000015","E58000628","E07000241","E05011061","E04004819","1","522507","0208780","1","E18000006","E40000007","E92000001","E12000006","5","E14001573","E15000006","E24000005","E30000272","E16000150","E07000241","26ULGM","E00121461","26ULGM","E65000001","E01023920","E02004991","5","2A2","E00121461","E01023920","E02004991","E33024486","E38000049","E63011549","C1","3A2",51.764308,-0.226194,"E37000048","","E23000027",6540,"E56000035","E54000025","E00121461","E01023920","E02004991"
"AL9 7AS","AL9  7AS","AL9 7AS","199405","199806","E10000015","E58000630","E07000241","E05011071","E04012223","1","523822","0204652","6","E18000006","E40000007","E92000001","E12000006","5","E14001573","E15000006","E24000005","E30000272","E16000150","E07000241","26ULGZ","E00121688","26ULGZ","E65000001","E01023964","E02004993","8","3C1","E00121688","E01023964","E02004993","E33027669","E38000049","","E1","5A1",51.726922,-0.208617,"E37000048","","E23000027",23695,"E56000035","E54000025","E00121688","E01035608","E02007092"
"AL9 7AT","AL9  7AT","AL9 7AT","198001","","E10000015","E58000629","E07000241","E05011058","E04012223","1","525314","0204704","1","E18000006","E40000007","E92000001","E12000006","5","E14001573","E15000006","E24000005","E30000234","E16000150","E07000241","26ULGJ","E00121401","26ULGJ","E65000001","E01023908","E02004994","8","4D2","E00121401","E01023908","E02004994","E33027674","E38000049","E63011606","F1","6A1",51.727058,-0.187008,"E37000048","","E23000027",31254,"E56000035","E54000025","E00121401","E01023908","E02004994"
"AL9 7AU","AL9  7AU","AL9 7AU","198001","","E10000015","E58000629","E07000241","E05011058","E04012223","0","525323","0204738","1","E18000006","E40000007","E92000001","E12000006","5","E14001573","E15000006","E24000005","E30000234","E16000150","E07000241","26ULGJ","E00121401","26ULGJ","E65000001","E01023908","E02004994","8","4D2","E00121401","E01023908","E02004994","E33027674","E38000049","E63011606","F1","6A1",51.727366,-0.186842,"E37000048","","E23000027",31254,"E56000035","E54000025","E00121401","E01023908","E02004994"
"AL9 7AW","AL9  7AW","AL9 7AW","199507","200009","E10000015","E58000630","E07000241","E05011071","E04012223","1","523823","0204652","6","E18000006","E40000007","E92000001","E12000006","5","E14001573","E15000006","E24000005","E30000272","E16000150","E07000241","26ULGZ","E00121688","26ULGZ","E65000001","E01023964","E02004993","8","3C1","E00121688","E01023964","E02004993","E33027669","E38000049","","E1","5A1",51.726922,-0.208602,"E37000048","","E23000027",23695,"E56000035","E54000025","E00121688","E01035608","E02007092"
"AL9 7AX","AL9  7AX","AL9 7AX","198001","","E10000015","E58000629","E07000241","E05011058","E04012223","0","525311","0204822","1","E18000006","E40000007","E92000001","E12000006","5","E14001573","E15000006","E24000005","E30000234","E16000150","E07000241","26ULGJ","E00121401","26ULGJ","E65000001","E01023908","E02004994","8","4D2","E00121401","E01023908","E02004994","E33027674","E38000049","E63011606","F1","6A1",51.728124,-0.186985,"E37000048","","E23000027",31254,"E56000035","E54000025","E00121401","E01023908","E02004994"
"AL9 7AY","AL9  7AY","AL9 7AY","198001","","E10000015","E58000629","E07000241","E05011058","E04012223","0","525304","0205113","1","E18000006","E40000007","E92000001","E12000006","5","E14001573","E15000006","E24000005","E30000234","E16000150","E07000241","26ULGJ","E00121401","26ULGJ","E65000001","E01023908","E02004994","8","4D2","E00121401","E01023908","E02004994","E33027674","E38000049","E63011606","F1","6A1",51.730740,-0.186982,"E37000048","","E23000027",31254,"E56000035","E54000025","E00121401","E01023908","E02004994"
"AL9 7AZ","AL9  7AZ","AL9 7AZ","198001","","E10000015","E58000630","E07000241","E05011071","E04012223","0","524900","0205369","1","E18000006","E40000007","E92000001","E12000006","5","E14001573","E15000006","E24000005","E30000272","E16000150","E07000241","26ULGZ","E00121678","26ULGZ","E65000001","E01023964","E02004993","7","4D2","E00121678","E01023964","E02004993","E33027672","E38000049","E63011606","F1","1B2",51.733131,-0.192737,"E37000048","","E23000027",23695,"E56000035","E54000025","E00121678","E01035608","E02007092"
"AL9 7BA","AL9  7BA","AL9 7BA","198001","","E10000015","E58000630","E07000241","E05011071","E04012223","0","524475","0205392","1","E18000006","E40000007","E92000001","E12000006","5","E14001573","E15000006","E24000005","E30000272","E16000150","E07000241","26ULGZ","E00121678","26ULGZ","E65000001","E01023964","E02004993","7","4D2","E00121678","E01023964","E02004993","E33027672","E38000049","","F1","1B2",51.733432,-0.198880,"E37000048","","E23000027",23695,"E56000035","E54000025","E00121678","E01035608","E02007092"
"AL9 7BB","AL9  7BB","AL9 7BB","198001","","E10000015","E58000630","E07000241","E05011071","E04012223","0","524389","0205211","1","E18000006","E40000007","E92000001","E12000006","5","E14001573","E15000006","E24000005","E30000272","E16000150","E07000241","26ULGZ","E00121678","26ULGZ","E65000001","E01023964","E02004993","7","4D2","E00121678","E01023964","E02004993","E33027672","E38000049","","F1","1B2",51.731820,-0.200212,"E37000048","","E23000027",23695,"E56000035","E54000025","E00121678","E01035608","E02007092"
"AL9 7BD","AL9  7BD","AL9 7BD","198001","","E10000015","E58000629","E07000241","E05011058","E04012223","0","525628","0204967","1","E18000006","E40000007","E92000001","E12000006","5","E14001573","E15000006","E24000005","E30000234","E16000150","E07000241","26ULGJ","E00121401","26ULGJ","E65000001","E01023908","E02004994","8","4D2","E00121401","E01023908","E02004994","E33027674","E38000049","E63011606","F1","6A1",51.729356,-0.182346,"E37000048","","E23000027",31254,"E56000035","E54000025","E00121401","E01023908","E02004994"
"AL9 7BE","AL9  7BE","AL9 7BE","199512","200210","E10000015","E58000628","E07000241","E05011061","E04004819","1","522507","0208780","1","E18000006","E40000007","E92000001","E12000006","5","E14001573","E15000006","E24000005","E30000272","E16000150","E07000241","26ULGM","E00121461","26ULGM","E65000001","E01023920","E02004991","5","2A2","E00121461","E01023920","E02004991","E33024486","E38000049","E63011549","C1","3A2",51.764308,-0.226194,"E37000048","","E23000027",6540,"E56000035","E54000025","E00121461","E01023920","E02004991"
"AL9 7BF","AL9  7BF","AL9 7BF","200106","200207","E10000015","E58000628","E07000241","E05011061","E04004819","1","522507","0208780","1","E18000006","E40000007","E92000001","E12000006","5","E14001573","E15000006","E24000005","E30000272","E16000150","E07000241","26ULGM","E00121461","26ULGM","E65000001","E01023920","E02004991","5","2A2","E00121461","E01023920","E02004991","E33024486","E38000049","E63011549","C1","3A2",51.764308,-0.226194,"E37000048","","E23000027",6540,"E56000035","E54000025","E00121461","E01023920","E02004991"
"AL9 7BG","AL9  7BG","AL9 7BG","199405","199507","E10000015","E58000629","E07000241","E05011058","E04012223","1","525300","0204800","8","E18000006","E40000007","E92000001","E12000006","5","E14001573","E15000006","E24000005","E30000234","E16000150","E07000241","26ULGJ","E00121401","26ULGJ","E65000001","E01023908","E02004994","8","4D2","E00121401","E01023908","E02004994","E33027674","E38000049","E63011606","F1","6A1",51.727924,-0.187176,"E37000048","","E23000027",31254,"E56000035","E54000025","E00121401","E01023908","E02004994"
"AL9 7BH","AL9  7BH","AL9 7BH","199412","199812","E10000015","E58000630","E07000241","E05011071","E04012223","1","523823","0204652","6","E18000006","E40000007","E92000001","E12000006","5","E14001573","E15000006","E24000005","E30000272","E16000150","E07000241","26ULGZ","E00121688","26ULGZ","E65000001","E01023964","E02004993","8","3C1","E00121688","E01023964","E02004993","E33027669","E38000049","","E1","5A1",51.726922,-0.208602,"E37000048","","E23000027",23695,"E56000035","E54000025","E00121688","E01035608","E02007092"
"AL9 7BJ","AL9  7BJ","AL9 7BJ","199501","199512","E10000015","E58000629","E07000241","E05011058","E04012223","1","525700","0204600","8","E18000006","E40000007","E92000001","E12000006","5","E14001573","E15000006","E24000005","E30000234","E16000150","E07000241","26ULGJ","E00121401","26ULGJ","E65000001","E01023908","E02004994","8","4D2","E00121401","E01023908","E02004994","E33027674","E38000049","E63011606","F1","6A1",51.726037,-0.181459,"E37000048","","E23000027",31254,"E56000035","E54000025","E00121401","E01023908","E02004994"
"AL9 7BL","AL9  7BL","AL9 7BL","198001","","E10000015","E58000629","E07000241","E05011058","E04012223","0","525686","0204742","1","E18000006","E40000007","E92000001","E12000006","5","E14001573","E15000006","E24000005","E30000234","E16000150","E07000241","26ULGJ","E00121401","26ULGJ","E65000001","E01023908","E02004994","8","4D2","E00121401","E01023908","E02004994","E33027674","E38000049","E63011606","F1","6A1",51.727321,-0.181587,"E37000048","","E23000027",31254,"E56000035","E54000025","E00121401","E01023908","E02004994"
"AL9 7BN","AL9  7BN","AL9 7BN","198001","","E10000015","E58000629","E07000241","E05011058","E04012223","1","525545","0204751","1","E18000006","E40000007","E92000001","E12000006","5","E14001573","E15000006","E24000005","E30000234","E16000150","E07000241","26ULGJ","E00121401","26ULGJ","E65000001","E01023908","E02004994","8","4D2","E00121401","E01023908","E02004994","E33027674","E38000049","E63011606","F1","6A1",51.727429,-0.183648,"E37000048","","E23000027",31254,"E56000035","E54000025","E00121401","E01023908","E02004994"
"AL9 7BP","AL9  7BP","AL9 7BP","198001","","E10000015","E58000629","E07000241","E05011058","E04012223","0","525814","0204475","1","E18000006","E40000007","E92000001","E12000006","5","E14001573","E15000006","E24000005","E30000272","E16000150","E07000241","26ULGJ","E00121400","26ULGJ","E65000001","E01023910","E02004994","7","4B3","E00121400","E01023910","E02004994","E33027674","E38000049","E63011606","F1","6A1",51.724893,-0.179831,"E37000048","","E23000027",24126,"E56000035","E54000025","E00121400","E01023910","E02004994"
"AL9 7BQ","AL9  7BQ","AL9 7BQ","199412","199507","E10000015","E58000629","E07000241","E05011058","E04012223","1","525700","0204600","8","E18000006","E40000007","E92000001","E12000006","5","E14001573","E15000006","E24000005","E30000234","E16000150","E07000241","26ULGJ","E00121401","26ULGJ","E65000001","E01023908","E02004994","8","4D2","E00121401","E01023908","E02004994","E33027674","E38000049","E63011606","F1","6A1",51.726037,-0.181459,"E37000048","","E23000027",31254,"E56000035","E54000025","E00121401","E01023908","E02004994"
"AL9 7BS","AL9  7BS","AL9 7BS","198001","","E10000015","E58000629","E07000241","E05011058","E04012223","0","525861","0204531","1","E18000006","E40000007","E92000001","E12000006","5","E14001573","E15000006","E24000005","E30000272","E16000150","E07000241","26ULGJ","E00121400","26ULGJ","E65000001","E01023910","E02004994","7","4B3","E00121400","E01023910","E02004994","E33027674","E38000049","E63011606","F1","6A1",51.725385,-0.179131,"E37000048","","E23000027",24126,"E56000035","E54000025","E00121400","E01023910","E02004994"
"AL9 7BT","AL9  7BT","AL9 7BT","198001","","E10000015","E58000629","E07000241","E05011058","E04012223","0","525718","0204235","1","E18000006","E40000007","E92000001","E12000006","5","E14001573","E15000006","E24000005","E30000272","E16000150","E07000241","26ULGJ","E00121400","26ULGJ","E65000001","E01023910","E02004994","7","4B3","E00121400","E01023910","E02004994","E33027674","E38000049","E63011606","F1","6A1",51.722757,-0.181307,"E37000048","","E23000027",24126,"E56000035","E54000025","E00121400","E01023910","E02004994"
"AL9 7BU","AL9  7BU","AL9 7BU","198001","","E10000015","E58000629","E07000241","E05011058","E04012223","0","525466","0204280","1","E18000006","E40000007","E92000001","E12000006","5","E14001573","E15000006","E24000005","E30000234","E16000150","E07000241","26ULGJ","E00121405","26ULGJ","E65000001","E01023908","E02004994","8","4B3","E00121405","E01023908","E02004994","E33027674","E38000049","E63011606","F1","6A1",51.723218,-0.184937,"E37000048","","E23000027",31254,"E56000035","E54000025","E00121405","E01023908","E02004994"
"AL9 7BW","AL9  7BW","AL9 7BW","198001","","E10000015","E58000629","E07000241","E05011058","E04012223","0","525706","0204814","1","E18000006","E40000007","E92000001","E12000006","5","E14001573","E15000006","E24000005","E30000234","E16000150","E07000241","26ULGJ","E00121401","26ULGJ","E65000001","E01023908","E02004994","8","4D2","E00121401","E01023908","E02004994","E33027674","E38000049","E63011606","F1","6A1",51.727963,-0.181272,"E37000048","","E23000027",31254,"E56000035","E54000025","E00121401","E01023908","E02004994"
"AL9 7BX","AL9  7BX","AL9 7BX","198001","","E10000015","E58000629","E07000241","E05011058","E04012223","0","525557","0204193","1","E18000006","E40000007","E92000001","E12000006","5","E14001573","E15000006","E24000005","E30000272","E16000150","E07000241","26ULGJ","E00121406","26ULGJ","E65000001","E01023910","E02004994","7","4B3","E00121406","E01023910","E02004994","E33027674","E38000049","E63011606","D1","6A1",51.722416,-0.183652,"E37000048","","E23000027",24126,"E56000035","E54000025","E00121406","E01023910","E02004994"
"AL9 7BY","AL9  7BY","AL9 7BY","198001","","E10000015","E58000629","E07000241","E05011058","E04012223","0","525852","0204229","1","E18000006","E40000007","E92000001","E12000006","5","E14001573","E15000006","E24000005","E30000272","E16000150","E07000241","26ULGJ","E00121406","26ULGJ","E65000001","E01023910","E02004994","7","4B3","E00121406","E01023910","E02004994","E33027674","E38000049","E63011606","D1","6A1",51.722673,-0.179370,"E37000048","","E23000027",24126,"E56000035","E54000025","E00121406","E01023910","E02004994"
"AL9 7BZ","AL9  7BZ","AL9 7BZ","198001","","E10000015","E58000629","E07000241","E05011058","E04012223","0","525948","0204311","1","E18000006","E40000007","E92000001","E12000006","5","E14001573","E15000006","E24000005","E30000272","E16000150","E07000241","26ULGJ","E00121400","26ULGJ","E65000001","E01023910","E02004994","7","4B3","E00121400","E01023910","E02004994","E33027674","E38000049","E63011606","F1","6A1",51.723389,-0.177952,"E37000048","","E23000027",24126,"E56000035","E54000025","E00121400","E01023910","E02004994"
"AL9 7DA","AL9  7DA","AL9 7DA","199412","199612","E10000015","E58000630","E07000241","E05011071","E04012223","1","523100","0205400","8","E18000006","E40000007","E92000001","E12000006","5","E14001573","E15000006","E24000005","E30000272","E16000150","E07000241","26ULGZ","E00121685","26ULGZ","E65000001","E01023963","E02004993","5","5B3","E00121685","E01023963","E02004993","E33027670","E38000049","E63011583","C1","4A2",51.733803,-0.218801,"E37000048","","E23000027",22000,"E56000035","E54000025","E00121685","E01023963","E02007092"
"AL9 7DB","AL9  7DB","AL9 7DB","199606","200101","E10000015","E58000629","E07000241","E05011058","E04012223","1","524119","0204627","6","E18000006","E40000007","E92000001","E12000006","5","E14001573","E15000006","E24000005","E30000234","E16000150","E07000241","26ULGJ","E00121402","26ULGJ","E65000001","E01023908","E02004994","7","4B2","E00121402","E01023908","E02004994","E33027673","E38000049","E63011606","E1","6B1",51.726632,-0.204328,"E37000048","","E23000027",31254,"E56000035","E54000025","E00121402","E01023908","E02004994"
"AL9 7DD","AL9  7DD","AL9 7DD","199706","199712","E10000015","E58000630","E07000241","E05011071","E04012223","1","523822","0204652","6","E18000006","E40000007","E92000001","E12000006","5","E14001573","E15000006","E24000005","E30000272","E16000150","E07000241","26ULGZ","E00121688","26ULGZ","E65000001","E01023964","E02004993","8","3C1","E00121688","E01023964","E02004993","E33027669","E38000049","","E1","5A1",51.726922,-0.208617,"E37000048","","E23000027",23695,"E56000035","E54000025","E00121688","E01035608","E02007092"
"AL9 7DE","AL9  7DE","AL9 7DE","199612","199812","E10000015","E58000630","E07000241","E05011071","E04012223","1","523823","0204652","6","E18000006","E40000007","E92000001","E12000006","5","E14001573","E15000006","E24000005","E30000272","E16000150","E07000241","26ULGZ","E00121688","26ULGZ","E65000001","E01023964","E02004993","8","3C1","E00121688","E01023964","E02004993","E33027669","E38000049","","E1","5A1",51.726922,-0.208602,"E37000048","","E23000027",23695,"E56000035","E54000025","E00121688","E01035608","E02007092"
"AL9 7DF","AL9  7DF","AL9 7DF","198301","","E10000015","E58000630","E07000241","E05011071","E04012223","0","523138","0205404","1","E18000006","E40000007","E92000001","E12000006","5","E14001573","E15000006","E24000005","E30000272","E16000150","E07000241","26ULGZ","E00121685","26ULGZ","E65000001","E01023963","E02004993","5","5B3","E00121685","E01023963","E02004993","E33027670","E38000049","E63011583","C1","4A2",51.733831,-0.218249,"E37000048","","E23000027",22000,"E56000035","E54000025","E00121685","E01023963","E02007092"
"AL9 7DG","AL9  7DG","AL9 7DG","198301","","E10000015","E58000630","E07000241","E05011071","E04012223","0","523158","0205433","1","E18000006","E40000007","E92000001","E12000006","5","E14001573","E15000006","E24000005","E30000272","E16000150","E07000241","26ULGZ","E00121687","26ULGZ","E65000001","E01023964","E02004993","5","6D1","E00121687","E01023964","E02004993","E33027671","E38000049","E63011583","C1","5A2",51.734087,-0.217950,"E37000048","","E23000027",23695,"E56000035","E54000025","E00121687","E01035608","E02007092"
"AL9 7DH","AL9  7DH","AL9 7DH","198001","","E10000015","E58000630","E07000241","E05011071","E04012223","0","523268","0205474","1","E18000006","E40000007","E92000001","E12000006","5","E14001573","E15000006","E24000005","E30000272","E16000150","E07000241","26ULGZ","E00121684","26ULGZ","E65000001","E01023963","E02004993","5","1A2","E00121684","E01023963","E02004993","E33027672","E38000049","E63011583","C1","8D2",51.734431,-0.216343,"E37000048","","E23000027",22000,"E56000035","E54000025","E00121684","E01023963","E02007092"
"AL9 7DJ","AL9  7DJ","AL9 7DJ","198001","","E10000015","E58000630","E07000241","E05011071","E04012223","0","523245","0205396","1","E18000006","E40000007","E92000001","E12000006","5","E14001573","E15000006","E24000005","E30000272","E16000150","E07000241","26ULGZ","E00121684","26ULGZ","E65000001","E01023963","E02004993","5","1A2","E00121684","E01023963","E02004993","E33027672","E38000049","E63011583","C1","8D2",51.733735,-0.216704,"E37000048","","E23000027",22000,"E56000035","E54000025","E00121684","E01023963","E02007092"
"AL9 7DL","AL9  7DL","AL9 7DL","198001","","E10000015","E58000630","E07000241","E05011071","E04012223","0","523179","0205391","1","E18000006","E40000007","E92000001","E12000006","5","E14001573","E15000006","E24000005","E30000272","E16000150","E07000241","26ULGZ","E00121687","26ULGZ","E65000001","E01023964","E02004993","5","6D1","E00121687","E01023964","E02004993","E33027671","E38000049","E63011583","C1","5A2",51.733709,-0.217638,"E37000048","","E23000027",23695,"E56000035","E54000025","E00121687","E01035608","E02007092"
"AL9 7DN","AL9  7DN","AL9 7DN","198001","","E10000015","E58000630","E07000241","E05011071","E04012223","0","523086","0205296","1","E18000006","E40000007","E92000001","E12000006","5","E14001573","E15000006","E24000005","E30000272","E16000150","E07000241","26ULGZ","E00121687","26ULGZ","E65000001","E01023964","E02004993","5","6D1","E00121687","E01023964","E02004993","E33027671","E38000049","E63011583","C1","5A2",51.732876,-0.219018,"E37000048","","E23000027",23695,"E56000035","E54000025","E00121687","E01035608","E02007092"
"AL9 7DP","AL9  7DP","AL9 7DP","198001","199012","E10000015","E58000630","E07000241","E05011071","E04012223","0","523000","0205200","8","E18000006","E40000007","E92000001","E12000006","5","E14001573","E15000006","E24000005","E30000272","E16000150","E07000241","26ULGZ","E00121687","26ULGZ","E65000001","E01023964","E02004993","5","6D1","E00121687","E01023964","E02004993","E33027671","E38000049","E63011583","C1","5A2",51.732028,-0.220319,"E37000048","","E23000027",23695,"E56000035","E54000025","E00121687","E01035608","E02007092"
"AL9 7DQ","AL9  7DQ","AL9 7DQ","198001","","E10000015","E58000630","E07000241","E05011071","E04012223","0","523325","0205534","1","E18000006","E40000007","E92000001","E12000006","5","E14001573","E15000006","E24000005","E30000272","E16000150","E07000241","26ULGZ","E00121684","26ULGZ","E65000001","E01023963","E02004993","5","1A2","E00121684","E01023963","E02004993","E33027672","E38000049","E63011583","C1","8D2",51.734958,-0.215497,"E37000048","","E23000027",22000,"E56000035","E54000025","E00121684","E01023963","E02007092"
"AL9 7DR","AL9  7DR","AL9 7DR","198001","","E10000015","E58000630","E07000241","E05011071","E04012223","0","522722","0204917","1","E18000006","E40000007","E92000001","E12000006","5","E14001573","E15000006","E24000005","E30000272","E16000150","E07000241","26ULGZ","E00121688","26ULGZ","E65000001","E01023964","E02004993","8","3C1","E00121688","E01023964","E02004993","E33027669","E38000049","","E1","5A1",51.729550,-0.224419,"E37000048","","E23000027",23695,"E56000035","E54000025","E00121688","E01035608","E02007092"
"AL9 7DS","AL9  7DS","AL9 7DS","198001","","E10000015","E58000630","E07000241","E05011071","E04012223","0","523104","0205379","1","E18000006","E40000007","E92000001","E12000006","5","E14001573","E15000006","E24000005","E30000272","E16000150","E07000241","26ULGZ","E00121685","26ULGZ","E65000001","E01023963","E02004993","5","5B3","E00121685","E01023963","E02004993","E33027670","E38000049","E63011583","C1","4A2",51.733613,-0.218750,"E37000048","","E23000027",22000,"E56000035","E54000025","E00121685","E01023963","E02007092"
"AL9 7DT","AL9  7DT","AL9 7DT","199812","202011","E10000015","E58000628","E07000241","E05011061","E04004819","1","522503","0208775","1","E18000006","E40000007","E92000001","E12000006","5","E14001573","E15000006","E24000005","E30000272","E16000150","E07000241","26ULGM","E00121461","26ULGM","E65000001","E01023920","E02004991","5","2A2","E00121461","E01023920","E02004991","E33024486","E38000049","E63011549","C1","3A2",51.764264,-0.226254,"E37000048","","E23000027",6540,"E56000035","E54000025","E00121461","E01023920","E02004991"
"AL9 7DU","AL9  7DU","AL9 7DU","198001","","E10000015","E58000630","E07000241","E05011071","E04012223","0","523171","0205450","1","E18000006","E40000007","E92000001","E12000006","5","E14001573","E15000006","E24000005","E30000272","E16000150","E07000241","26ULGZ","E00121685","26ULGZ","E65000001","E01023963","E02004993","5","5B3","E00121685","E01023963","E02004993","E33027670","E38000049","E63011583","C1","4A2",51.734237,-0.217756,"E37000048","","E23000027",22000,"E56000035","E54000025","E00121685","E01023963","E02007092"
"AL9 7DW","AL9  7DW","AL9 7DW","198001","","E10000015","E58000630","E07000241","E05011071","E04012223","0","523073","0205355","1","E18000006","E40000007","E92000001","E12000006","5","E14001573","E15000006","E24000005","E30000272","E16000150","E07000241","26ULGZ","E00121685","26ULGZ","E65000001","E01023963","E02004993","5","5B3","E00121685","E01023963","E02004993","E33027670","E38000049","E63011583","C1","4A2",51.733409,-0.219185,"E37000048","","E23000027",22000,"E56000035","E54000025","E00121685","E01023963","E02007092"
"AL9 7DX","AL9  7DX","AL9 7DX","198001","200704","E10000015","E58000630","E07000241","E05011071","E04012223","1","523158","0205464","1","E18000006","E40000007","E92000001","E12000006","5","E14001573","E15000006","E24000005","E30000272","E16000150","E07000241","26ULGZ","E00121685","26ULGZ","E65000001","E01023963","E02004993","5","5B3","E00121685","E01023963","E02004993","E33027670","E38000049","E63011583","C1","4A2",51.734365,-0.217939,"E37000048","","E23000027",22000,"E56000035","E54000025","E00121685","E01023963","E02007092"
"AL9 7DY","AL9  7DY","AL9 7DY","198001","","E10000015","E58000630","E07000241","E05011071","E04012223","0","523113","0205496","1","E18000006","E40000007","E92000001","E12000006","5","E14001573","E15000006","E24000005","E30000272","E16000150","E07000241","26ULGZ","E00121685","26ULGZ","E65000001","E01023963","E02004993","5","5B3","E00121685","E01023963","E02004993","E33027670","E38000049","E63011583","C1","4A2",51.734663,-0.218579,"E37000048","","E23000027",22000,"E56000035","E54000025","E00121685","E01023963","E02007092"
"AL9 7DZ","AL9  7DZ","AL9 7DZ","198001","","E10000015","E58000630","E07000241","E05011071","E04012223","0","522983","0205407","1","E18000006","E40000007","E92000001","E12000006","5","E14001573","E15000006","E24000005","E30000272","E16000150","E07000241","26ULGZ","E00121685","26ULGZ","E65000001","E01023963","E02004993","5","5B3","E00121685","E01023963","E02004993","E33027670","E38000049","E63011583","C1","4A2",51.733896,-0.220469,"E37000048","","E23000027",22000,"E56000035","E54000025","E00121685","E01023963","E02007092"
"AL9 7EA","AL9  7EA","AL9 7EA","198001","","E10000015","E58000630","E07000241","E05011071","E04012223","0","522930","0205422","1","E18000006","E40000007","E92000001","E12000006","5","E14001573","E15000006","E24000005","E30000272","E16000150","E07000241","26ULGZ","E00121683","26ULGZ","E65000001","E01023963","E02004993","5","1C1","E00121683","E01023963","E02004993","E33024506","E38000049","E63011583","C1","8D2",51.734043,-0.221231,"E37000048","","E23000027",22000,"E56000035","E54000025","E00121683","E01023963","E02007092"
"AL9 7EB","AL9  7EB","AL9 7EB","198001","","E10000015","E58000630","E07000241","E05011071","E04012223","0","522882","0205438","1","E18000006","E40000007","E92000001","E12000006","5","E14001573","E15000006","E24000005","E30000272","E16000150","E07000241","26ULGZ","E00121683","26ULGZ","E65000001","E01023963","E02004993","5","1C1","E00121683","E01023963","E02004993","E33024506","E38000049","E63011583","C1","8D2",51.734197,-0.221920,"E37000048","","E23000027",22000,"E56000035","E54000025","E00121683","E01023963","E02007092"
"AL9 7ED","AL9  7ED","AL9 7ED","198001","","E10000015","E58000630","E07000241","E05011071","E04012223","0","523039","0205455","1","E18000006","E40000007","E92000001","E12000006","5","E14001573","E15000006","E24000005","E30000272","E16000150","E07000241","26ULGZ","E00121685","26ULGZ","E65000001","E01023963","E02004993","5","5B3","E00121685","E01023963","E02004993","E33027670","E38000049","E63011583","C1","4A2",51.734311,-0.219664,"E37000048","","E23000027",22000,"E56000035","E54000025","E00121685","E01023963","E02007092"
"AL9 7EE","AL9  7EE","AL9 7EE","198001","","E10000015","E58000630","E07000241","E05011071","E04012223","0","522999","0205287","1","E18000006","E40000007","E92000001","E12000006","5","E14001573","E15000006","E24000005","E30000272","E16000150","E07000241","26ULGZ","E00121687","26ULGZ","E65000001","E01023964","E02004993","5","6D1","E00121687","E01023964","E02004993","E33027671","E38000049","E63011583","C1","5A2",51.732814,-0.220280,"E37000048","","E23000027",23695,"E56000035","E54000025","E00121687","E01035608","E02007092"
"AL9 7EF","AL9  7EF","AL9 7EF","198001","","E10000015","E58000630","E07000241","E05011071","E04012223","0","522626","0204922","1","E18000006","E40000007","E92000001","E12000006","5","E14001573","E15000006","E24000005","E30000272","E16000150","E07000241","26ULGZ","E00121688","26ULGZ","E65000001","E01023964","E02004993","8","3C1","E00121688","E01023964","E02004993","E33027669","E38000049","","E1","5A1",51.729616,-0.225807,"E37000048","","E23000027",23695,"E56000035","E54000025","E00121688","E01035608","E02007092"
"AL9 7EG","AL9  7EG","AL9 7EG","199812","","E10000015","E58000630","E07000241","E05011071","E04012223","0","522374","0205024","1","E18000006","E40000007","E92000001","E12000006","5","E14001573","E15000006","E24000005","E30000272","E16000150","E07000241","26ULGZ","E00121688","26ULGZ","E65000001","E01023964","E02004993","8","3C1","E00121688","E01023964","E02004993","E33027669","E38000049","","E1","5A1",51.730587,-0.229418,"E37000048","","E23000027",23695,"E56000035","E54000025","E00121688","E01035608","E02007092"
"AL9 7EH","AL9  7EH","AL9 7EH","198307","201307","E10000015","E58000628","E07000241","E05011061","E04004819","1","522507","0208780","1","E18000006","E40000007","E92000001","E12000006","5","E14001573","E15000006","E24000005","E30000272","E16000150","E07000241","26ULGM","E00121461","26ULGM","E65000001","E01023920","E02004991","5","2A2","E00121461","E01023920","E02004991","E33024486","E38000049","E63011549","C1","3A2",51.764308,-0.226194,"E37000048","","E23000027",6540,"E56000035","E54000025","E00121461","E01023920","E02004991"
"AL9 7EJ","AL9  7EJ","AL9 7EJ","198402","199512","E10000015","E58000630","E07000241","E05011071","E04012223","1","522900","0205400","8","E18000006","E40000007","E92000001","E12000006","5","E14001573","E15000006","E24000005","E30000272","E16000150","E07000241","26ULGZ","E00121683","26ULGZ","E65000001","E01023963","E02004993","5","1C1","E00121683","E01023963","E02004993","E33024506","E38000049","E63011583","C1","8D2",51.733847,-0.221696,"E37000048","","E23000027",22000,"E56000035","E54000025","E00121683","E01023963","E02007092"
"AL9 7EL","AL9  7EL","AL9 7EL","198504","","E10000015","E58000630","E07000241","E05011071","E04012223","0","523064","0205206","1","E18000006","E40000007","E92000001","E12000006","5","E14001573","E15000006","E24000005","E30000272","E16000150","E07000241","26ULGZ","E00121687","26ULGZ","E65000001","E01023964","E02004993","5","6D1","E00121687","E01023964","E02004993","E33027671","E38000049","E63011583","C1","5A2",51.732067,-0.219390,"E37000048","","E23000027",23695,"E56000035","E54000025","E00121687","E01035608","E02007092"
"AL9 7EN","AL9  7EN","AL9 7EN","198504","","E10000015","E58000630","E07000241","E05011071","E04012223","0","522476","0204887","1","E18000006","E40000007","E92000001","E12000006","5","E14001573","E15000006","E24000005","E30000272","E16000150","E07000241","26ULGZ","E00121688","26ULGZ","E65000001","E01023964","E02004993","8","3C1","E00121688","E01023964","E02004993","E33027669","E38000049","","E1","5A1",51.729329,-0.228013,"E37000048","","E23000027",23695,"E56000035","E54000025","E00121688","E01035608","E02007092"
"AL9 7EP","AL9  7EP","AL9 7EP","199208","199405","E10000015","E58000630","E07000241","E05011071","E04012223","1","522400","0204900","8","E18000006","E40000007","E92000001","E12000006","5","E14001573","E15000006","E24000005","E30000272","E16000150","E07000241","26ULGZ","E00121688","26ULGZ","E65000001","E01023964","E02004993","8","3C1","E00121688","E01023964","E02004993","E33027669","E38000049","","E1","5A1",51.729463,-0.229108,"E37000048","","E23000027",23695,"E56000035","E54000025","E00121688","E01035608","E02007092"
"AL9 7EQ","AL9  7EQ","AL9 7EQ","200106","200602","E10000015","E58000628","E07000241","E05011061","E04004819","1","522507","0208780","1","E18000006","E40000007","E92000001","E12000006","5","E14001573","E15000006","E24000005","E30000272","E16000150","E07000241","26ULGM","E00121461","26ULGM","E65000001","E01023920","E02004991","5","2A2","E00121461","E01023920","E02004991","E33024486","E38000049","E63011549","C1","3A2",51.764308,-0.226194,"E37000048","","E23000027",6540,"E56000035","E54000025","E00121461","E01023920","E02004991"
"AL9 7ER","AL9  7ER","AL9 7ER","199507","200602","E10000015","E58000628","E07000241","E05011061","E04004819","1","522507","0208780","1","E18000006","E40000007","E92000001","E12000006","5","E14001573","E15000006","E24000005","E30000272","E16000150","E07000241","26ULGM","E00121461","26ULGM","E65000001","E01023920","E02004991","5","2A2","E00121461","E01023920","E02004991","E33024486","E38000049","E63011549","C1","3A2",51.764308,-0.226194,"E37000048","","E23000027",6540,"E56000035","E54000025","E00121461","E01023920","E02004991"
"AL9 7ES","AL9  7ES","AL9 7ES","201805","","E10000015","E58000629","E07000241","E05011058","E04012223","0","524118","0204223","1","E18000006","E40000007","E92000001","E12000006","5","E14001573","E15000006","E24000005","E30000234","E16000150","E07000241","26ULGJ","E00121402","26ULGJ","E65000001","E01023908","E02004994","7","4B2","E00121402","E01023908","E02004994","E33027673","E38000049","E63011606","E1","6B1",51.723006,-0.204463,"E37000048","","E23000027",31254,"E56000035","E54000025","E00121402","E01023908","E02004994"
"AL9 7ET","AL9  7ET","AL9 7ET","199512","199712","E10000015","E58000630","E07000241","E05011071","E04012223","1","523822","0204652","6","E18000006","E40000007","E92000001","E12000006","5","E14001573","E15000006","E24000005","E30000272","E16000150","E07000241","26ULGZ","E00121688","26ULGZ","E65000001","E01023964","E02004993","8","3C1","E00121688","E01023964","E02004993","E33027669","E38000049","","E1","5A1",51.726922,-0.208617,"E37000048","","E23000027",23695,"E56000035","E54000025","E00121688","E01035608","E02007092"
"AL9 7EU","AL9  7EU","AL9 7EU","202306","","E10000015","E58000629","E07000241","E05011058","E04012223","0","524212","0204021","1","E18000006","E40000007","E92000001","E12000006","5","E14001573","E15000006","E24000005","E30000234","E16000150","E07000241","26ULGJ","E00121409","26ULGJ","E65000001","E01023911","E02004994","6","4B3","E00121409","E01023911","E02004994","E33027676","E38000049","E63011606","D1","6A3",51.721170,-0.203175,"E37000048","","E23000027",29021,"E56000035","E54000025","E00121409","E01023911","E02004994"
"AL9 7EW","AL9  7EW","AL9 7EW","200206","","E10000015","E58000630","E07000241","E05011071","E04012223","0","523151","0205296","1","E18000006","E40000007","E92000001","E12000006","5","E14001573","E15000006","E24000005","E30000272","E16000150","E07000241","26ULGZ","E00121687","26ULGZ","E65000001","E01023964","E02004993","5","6D1","E00121687","E01023964","E02004993","E33027671","E38000049","E63011583","C1","5A2",51.732862,-0.218077,"E37000048","","E23000027",23695,"E56000035","E54000025","E00121687","E01035608","E02007092"
"AL9 7EX","AL9  7EX","AL9 7EX","202309","","E10000015","E58000630","E07000241","E05011071","E04012223","0","523150","0206194","1","E18000006","E40000007","E92000001","E12000006","5","E14001573","E15000006","E24000005","E30000272","E16000150","E07000241","26ULGZ","E00121681","26ULGZ","E65000001","E01023963","E02004993","5","6A2","E00121681","E01023963","E02004993","E33027670","E38000049","E63011583","C1","6B1",51.740932,-0.217774,"E37000048","","E23000027",22000,"E56000035","E54000025","E00121681","E01023963","E02007092"
"AL9 7EZ","AL9  7EZ","AL9 7EZ","199612","199812","E10000015","E58000630","E07000241","E05011071","E04012223","1","523823","0204652","6","E18000006","E40000007","E92000001","E12000006","5","E14001573","E15000006","E24000005","E30000272","E16000150","E07000241","26ULGZ","E00121688","26ULGZ","E65000001","E01023964","E02004993","8","3C1","E00121688","E01023964","E02004993","E33027669","E38000049","","E1","5A1",51.726922,-0.208602,"E37000048","","E23000027",23695,"E56000035","E54000025","E00121688","E01035608","E02007092"
"AL9 7FA","AL9  7FA","AL9 7FA","201406","","E10000015","E58000630","E07000241","E05011071","E04012223","0","523137","0205562","1","E18000006","E40000007","E92000001","E12000006","5","E14001573","E15000006","E24000005","E30000272","E16000150","E07000241","26ULGZ","E00121675","26ULGZ","E65000001","E01023963","E02004993","5","6B2","E00121675","E01023963","E02004993","E33027670","E38000049","E63011583","C1","5B3",51.735255,-0.218186,"E37000048","","E23000027",22000,"E56000035","E54000025","E00121675","E01023963","E02007092"
"AL9 7HA","AL9  7HA","AL9 7HA","198001","199012","E10000015","E58000630","E07000241","E05011071","E04012223","1","522700","0206300","8","E18000006","E40000007","E92000001","E12000006","5","E14001573","E15000006","E24000005","E30000272","E16000150","E07000241","26ULGZ","E00121683","26ULGZ","E65000001","E01023963","E02004993","5","1C1","E00121683","E01023963","E02004993","E33024506","E38000049","E63011583","C1","8D2",51.741979,-0.224273,"E37000048","","E23000027",22000,"E56000035","E54000025","E00121683","E01023963","E02007092"
"AL9 7HB","AL9  7HB","AL9 7HB","199308","","E10000015","E58000630","E07000241","E05011071","E04012223","0","523192","0206113","1","E18000006","E40000007","E92000001","E12000006","5","E14001573","E15000006","E24000005","E30000272","E16000150","E07000241","26ULGZ","E00121681","26ULGZ","E65000001","E01023963","E02004993","5","6A2","E00121681","E01023963","E02004993","E33027670","E38000049","E63011583","C1","6B1",51.740195,-0.217195,"E37000048","","E23000027",22000,"E56000035","E54000025","E00121681","E01023963","E02007092"
"AL9 7HD","AL9  7HD","AL9 7HD","199109","199712","E10000015","E58000630","E07000241","E05011071","E04012223","1","523822","0204652","6","E18000006","E40000007","E92000001","E12000006","5","E14001573","E15000006","E24000005","E30000272","E16000150","E07000241","26ULGZ","E00121688","26ULGZ","E65000001","E01023964","E02004993","8","3C1","E00121688","E01023964","E02004993","E33027669","E38000049","","E1","5A1",51.726922,-0.208617,"E37000048","","E23000027",23695,"E56000035","E54000025","E00121688","E01035608","E02007092"
"AL9 7HE","AL9  7HE","AL9 7HE","198607","200306","E10000015","E58000630","E07000241","E05011071","E04012223","1","523400","0205900","5","E18000006","E40000007","E92000001","E12000006","5","E14001573","E15000006","E24000005","E30000272","E16000150","E07000241","26ULGZ","E00121680","26ULGZ","E65000001","E01023963","E02004993","5","1A2","E00121680","E01023963","E02004993","E33024504","E38000049","E63011583","C1","8A1",51.738230,-0.214282,"E37000048","","E23000027",22000,"E56000035","E54000025","E00121680","E01023963","E02007092"
"AL9 7HF","AL9  7HF","AL9 7HF","198001","","E10000015","E58000630","E07000241","E05011071","E04012223","0","523396","0205814","1","E18000006","E40000007","E92000001","E12000006","5","E14001573","E15000006","E24000005","E30000272","E16000150","E07000241","26ULGZ","E00121680","26ULGZ","E65000001","E01023963","E02004993","5","1A2","E00121680","E01023963","E02004993","E33024505","E38000049","E63011583","C1","8A1",51.737459,-0.214370,"E37000048","","E23000027",22000,"E56000035","E54000025","E00121680","E01023963","E02007092"
"AL9 7HG","AL9  7HG","AL9 7HG","198001","199012","E10000015","E58000630","E07000241","E05011071","E04012223","1","523400","0205800","8","E18000006","E40000007","E92000001","E12000006","5","E14001573","E15000006","E24000005","E30000272","E16000150","E07000241","26ULGZ","E00121680","26ULGZ","E65000001","E01023963","E02004993","5","1A2","E00121680","E01023963","E02004993","E33024505","E38000049","E63011583","C1","8A1",51.737332,-0.214317,"E37000048","","E23000027",22000,"E56000035","E54000025","E00121680","E01023963","E02007092"
"AL9 7HH","AL9  7HH","AL9 7HH","198109","199501","E10000015","E58000630","E07000241","E05011071","E04012223","1","523500","0205700","8","E18000006","E40000007","E92000001","E12000006","5","E14001573","E15000006","E24000005","E30000272","E16000150","E07000241","26ULGZ","E00121682","26ULGZ","E65000001","E01023963","E02004993","5","1C1","E00121682","E01023963","E02004993","E33027672","E38000049","E63011583","C1","8C1",51.736411,-0.212905,"E37000048","","E23000027",22000,"E56000035","E54000025","E00121682","E01023963","E02007092"
"AL9 7HJ","AL9  7HJ","AL9 7HJ","198704","","E10000015","E58000630","E07000241","E05011071","E04012223","0","523038","0205601","1","E18000006","E40000007","E92000001","E12000006","5","E14001573","E15000006","E24000005","E30000272","E16000150","E07000241","26ULGZ","E00121675","26ULGZ","E65000001","E01023963","E02004993","5","6B2","E00121675","E01023963","E02004993","E33027670","E38000049","E63011583","C1","5B3",51.735623,-0.219627,"E37000048","","E23000027",22000,"E56000035","E54000025","E00121675","E01023963","E02007092"
"AL9 7HL","AL9  7HL","AL9 7HL","198704","199612","E10000015","E58000629","E07000241","E05011058","E04012223","1","525700","0203800","8","E18000006","E40000007","E92000001","E12000006","5","E14001573","E15000006","E24000005","E30000234","E16000150","E07000241","26ULGJ","E00121398","26ULGJ","E65000001","E01023909","E02004994","7","4B3","E00121398","E01023909","E02004994","E33027676","E38000049","E63011606","D1","6A1",51.718848,-0.181748,"E37000048","","E23000027",29661,"E56000035","E54000025","E00121398","E01023909","E02004994"
"AL9 7HN","AL9  7HN","AL9 7HN","198001","","E10000015","E58000630","E07000241","E05011071","E04012223","0","523240","0206107","1","E18000006","E40000007","E92000001","E12000006","5","E14001573","E15000006","E24000005","E30000272","E16000150","E07000241","26ULGZ","E00121681","26ULGZ","E65000001","E01023963","E02004993","5","6A2","E00121681","E01023963","E02004993","E33027670","E38000049","E63011583","C1","6B1",51.740131,-0.216502,"E37000048","","E23000027",22000,"E56000035","E54000025","E00121681","E01023963","E02007092"
"AL9 7HP","AL9  7HP","AL9 7HP","198704","199912","E10000015","E58000630","E07000241","E05011071","E04012223","1","523100","0205800","8","E18000006","E40000007","E92000001","E12000006","5","E14001573","E15000006","E24000005","E30000272","E16000150","E07000241","26ULGZ","E00121680","26ULGZ","E65000001","E01023963","E02004993","5","1A2","E00121680","E01023963","E02004993","E33024504","E38000049","E63011583","C1","8A1",51.737398,-0.218660,"E37000048","","E23000027",22000,"E56000035","E54000025","E00121680","E01023963","E02007092"
"AL9 7HQ","AL9  7HQ","AL9 7HQ","198001","199405","E10000015","E58000630","E07000241","E05011071","E04012223","1","523300","0205700","8","E18000006","E40000007","E92000001","E12000006","5","E14001573","E15000006","E24000005","E30000272","E16000150","E07000241","26ULGZ","E00121680","26ULGZ","E65000001","E01023963","E02004993","5","1A2","E00121680","E01023963","E02004993","E33024505","E38000049","E63011583","C1","8A1",51.736455,-0.215800,"E37000048","","E23000027",22000,"E56000035","E54000025","E00121680","E01023963","E02007092"
"AL9 7HR","AL9  7HR","AL9 7HR","198803","","E10000015","E58000630","E07000241","E05011071","E04012223","0","522930","0205563","1","E18000006","E40000007","E92000001","E12000006","5","E14001573","E15000006","E24000005","E30000272","E16000150","E07000241","26ULGZ","E00121683","26ULGZ","E65000001","E01023963","E02004993","5","1C1","E00121683","E01023963","E02004993","E33024506","E38000049","E63011583","C1","8D2",51.735310,-0.221181,"E37000048","","E23000027",22000,"E56000035","E54000025","E00121683","E01023963","E02007092"
"AL9 7HS","AL9  7HS","AL9 7HS","198001","199112","E10000015","E58000630","E07000241","E05011071","E04012223","0","523100","0206200","8","E18000006","E40000007","E92000001","E12000006","5","E14001573","E15000006","E24000005","E30000272","E16000150","E07000241","26ULGZ","E00121681","26ULGZ","E65000001","E01023963","E02004993","5","6A2","E00121681","E01023963","E02004993","E33027670","E38000049","E63011583","C1","6B1",51.740992,-0.218518,"E37000048","","E23000027",22000,"E56000035","E54000025","E00121681","E01023963","E02007092"
"AL9 7HT","AL9  7HT","AL9 7HT","198001","","E10000015","E58000630","E07000241","E05011071","E04012223","0","523502","0205973","1","E18000006","E40000007","E92000001","E12000006","5","E14001573","E15000006","E24000005","E30000272","E16000150","E07000241","26ULGZ","E00121678","26ULGZ","E65000001","E01023964","E02004993","7","4D2","E00121678","E01023964","E02004993","E33027672","E38000049","E63011583","F1","1B2",51.738869,-0.212757,"E37000048","","E23000027",23695,"E56000035","E54000025","E00121678","E01035608","E02007092"
"AL9 7HU","AL9  7HU","AL9 7HU","198001","199405","E10000015","E58000630","E07000241","E05011071","E04012223","0","523400","0206100","8","E18000006","E40000007","E92000001","E12000006","5","E14001573","E15000006","E24000005","E30000272","E16000150","E07000241","26ULGZ","E00121678","26ULGZ","E65000001","E01023964","E02004993","7","4D2","E00121678","E01023964","E02004993","E33027672","E38000049","","F1","1B2",51.740028,-0.214211,"E37000048","","E23000027",23695,"E56000035","E54000025","E00121678","E01035608","E02007092"
"AL9 7HW","AL9  7HW","AL9 7HW","198001","200505","E10000015","E58000630","E07000241","E05011071","E04012223","1","523241","0206111","1","E18000006","E40000007","E92000001","E12000006","5","E14001573","E15000006","E24000005","E30000272","E16000150","E07000241","26ULGZ","E00121681","26ULGZ","E65000001","E01023963","E02004993","5","6A2","E00121681","E01023963","E02004993","E33027670","E38000049","E63011583","C1","6B1",51.740162,-0.216509,"E37000048","","E23000027",22000,"E56000035","E54000025","E00121681","E01023963","E02007092"
"AL9 7HX","AL9  7HX","AL9 7HX","198001","","E10000015","E58000630","E07000241","E05011071","E04012223","0","523508","0206034","1","E18000006","E40000007","E92000001","E12000006","5","E14001573","E15000006","E24000005","E30000272","E16000150","E07000241","26ULGZ","E00121678","26ULGZ","E65000001","E01023964","E02004993","7","4D2","E00121678","E01023964","E02004993","E33027672","E38000049","E63011583","F1","1B2",51.739416,-0.212648,"E37000048","","E23000027",23695,"E56000035","E54000025","E00121678","E01035608","E02007092"
"AL9 7HY","AL9  7HY","AL9 7HY","198001","199012","E10000015","E58000630","E07000241","E05011071","E04012223","1","523100","0206300","8","E18000006","E40000007","E92000001","E12000006","5","E14001573","E15000006","E24000005","E30000272","E16000150","E07000241","26ULGZ","E00121681","26ULGZ","E65000001","E01023963","E02004993","5","6A2","E00121681","E01023963","E02004993","E33027670","E38000049","E63011583","C1","6B1",51.741891,-0.218483,"E37000048","","E23000027",22000,"E56000035","E54000025","E00121681","E01023963","E02007092"
"AL9 7HZ","AL9  7HZ","AL9 7HZ","198001","","E10000015","E58000630","E07000241","E05011071","E04012223","0","523564","0206022","1","E18000006","E40000007","E92000001","E12000006","5","E14001573","E15000006","E24000005","E30000272","E16000150","E07000241","26ULGZ","E00121678","26ULGZ","E65000001","E01023964","E02004993","7","4D2","E00121678","E01023964","E02004993","E33027672","E38000049","E63011583","F1","1B2",51.739295,-0.211842,"E37000048","","E23000027",23695,"E56000035","E54000025","E00121678","E01035608","E02007092"
"AL9 7JA","AL9  7JA","AL9 7JA","198001","","E10000015","E58000630","E07000241","E05011071","E04012223","0","523822","0205683","1","E18000006","E40000007","E92000001","E12000006","5","E14001573","E15000006","E24000005","E30000272","E16000150","E07000241","26ULGZ","E00121678","26ULGZ","E65000001","E01023964","E02004993","7","4D2","E00121678","E01023964","E02004993","E33027672","E38000049","E63011583","F1","1B2",51.736192,-0.208228,"E37000048","","E23000027",23695,"E56000035","E54000025","E00121678","E01035608","E02007092"
"AL9 7JB","AL9  7JB","AL9 7JB","198307","","E10000015","E58000630","E07000241","E05011071","E04012223","1","523396","0205814","1","E18000006","E40000007","E92000001","E12000006","5","E14001573","E15000006","E24000005","E30000272","E16000150","E07000241","26ULGZ","E00121680","26ULGZ","E65000001","E01023963","E02004993","5","1A2","E00121680","E01023963","E02004993","E33024505","E38000049","E63011583","C1","8A1",51.737459,-0.214370,"E37000048","","E23000027",22000,"E56000035","E54000025","E00121680","E01023963","E02007092"
"AL9 7JD","AL9  7JD","AL9 7JD","198301","200604","E10000015","E58000628","E07000241","E05011061","E04004819","1","522507","0208780","1","E18000006","E40000007","E92000001","E12000006","5","E14001573","E15000006","E24000005","E30000272","E16000150","E07000241","26ULGM","E00121461","26ULGM","E65000001","E01023920","E02004991","5","2A2","E00121461","E01023920","E02004991","E33024486","E38000049","E63011549","C1","3A2",51.764308,-0.226194,"E37000048","","E23000027",6540,"E56000035","E54000025","E00121461","E01023920","E02004991"
"AL9 7JE","AL9  7JE","AL9 7JE","199002","","E10000015","E58000630","E07000241","E05011071","E04012223","0","523441","0205655","1","E18000006","E40000007","E92000001","E12000006","5","E14001573","E15000006","E24000005","E30000272","E16000150","E07000241","26ULGZ","E00121682","26ULGZ","E65000001","E01023963","E02004993","5","1C1","E00121682","E01023963","E02004993","E33027672","E38000049","E63011583","C1","8C1",51.736020,-0.213775,"E37000048","","E23000027",22000,"E56000035","E54000025","E00121682","E01023963","E02007092"
"AL9 7JF","AL9  7JF","AL9 7JF","199301","199712","E10000015","E58000630","E07000241","E05011071","E04012223","1","523822","0204652","6","E18000006","E40000007","E92000001","E12000006","5","E14001573","E15000006","E24000005","E30000272","E16000150","E07000241","26ULGZ","E00121688","26ULGZ","E65000001","E01023964","E02004993","8","3C1","E00121688","E01023964","E02004993","E33027669","E38000049","","E1","5A1",51.726922,-0.208617,"E37000048","","E23000027",23695,"E56000035","E54000025","E00121688","E01035608","E02007092"
"AL9 7JG","AL9  7JG","AL9 7JG","199308","200211","E10000015","E58000628","E07000241","E05011061","E04004819","1","522507","0208780","1","E18000006","E40000007","E92000001","E12000006","5","E14001573","E15000006","E24000005","E30000272","E16000150","E07000241","26ULGM","E00121461","26ULGM","E65000001","E01023920","E02004991","5","2A2","E00121461","E01023920","E02004991","E33024486","E38000049","E63011549","C1","3A2",51.764308,-0.226194,"E37000048","","E23000027",6540,"E56000035","E54000025","E00121461","E01023920","E02004991"
"AL9 7JH","AL9  7JH","AL9 7JH","199512","200806","E10000015","E58000628","E07000241","E05011061","E04004819","1","522507","0208780","1","E18000006","E40000007","E92000001","E12000006","5","E14001573","E15000006","E24000005","E30000272","E16000150","E07000241","26ULGM","E00121461","26ULGM","E65000001","E01023920","E02004991","5","2A2","E00121461","E01023920","E02004991","E33024486","E38000049","E63011549","C1","3A2",51.764308,-0.226194,"E37000048","","E23000027",6540,"E56000035","E54000025","E00121461","E01023920","E02004991"
"AL9 7JJ","AL9  7JJ","AL9 7JJ","199208","199812","E10000015","E58000630","E07000241","E05011071","E04012223","0","523400","0205600","8","E18000006","E40000007","E92000001","E12000006","5","E14001573","E15000006","E24000005","E30000272","E16000150","E07000241","26ULGZ","E00121684","26ULGZ","E65000001","E01023963","E02004993","5","1A2","E00121684","E01023963","E02004993","E33027672","E38000049","E63011583","C1","8D2",51.735534,-0.214388,"E37000048","","E23000027",22000,"E56000035","E54000025","E00121684","E01023963","E02007092"
"AL9 7JL","AL9  7JL","AL9 7JL","199412","","E10000015","E58000630","E07000241","E05011071","E04012223","0","523278","0205939","1","E18000006","E40000007","E92000001","E12000006","5","E14001573","E15000006","E24000005","E30000272","E16000150","E07000241","26ULGZ","E00121681","26ULGZ","E65000001","E01023963","E02004993","5","6A2","E00121681","E01023963","E02004993","E33027670","E38000049","E63011583","C1","6B1",51.738613,-0.216011,"E37000048","","E23000027",22000,"E56000035","E54000025","E00121681","E01023963","E02007092"
"AL9 7JN","AL9  7JN","AL9 7JN","200610","200707","E10000015","E58000628","E07000241","E05011061","E04004819","1","522507","0208780","1","E18000006","E40000007","E92000001","E12000006","5","E14001573","E15000006","E24000005","E30000272","E16000150","E07000241","26ULGM","E00121461","26ULGM","E65000001","E01023920","E02004991","5","2A2","E00121461","E01023920","E02004991","E33024486","E38000049","E63011549","C1","3A2",51.764308,-0.226194,"E37000048","","E23000027",6540,"E56000035","E54000025","E00121461","E01023920","E02004991"
"AL9 7JQ","AL9  7JQ","AL9 7JQ","199507","199812","E10000015","E58000630","E07000241","E05011071","E04012223","1","523823","0204652","6","E18000006","E40000007","E92000001","E12000006","5","E14001573","E15000006","E24000005","E30000272","E16000150","E07000241","26ULGZ","E00121688","26ULGZ","E65000001","E01023964","E02004993","8","3C1","E00121688","E01023964","E02004993","E33027669","E38000049","","E1","5A1",51.726922,-0.208602,"E37000048","","E23000027",23695,"E56000035","E54000025","E00121688","E01035608","E02007092"
"AL9 7JT","AL9  7JT","AL9 7JT","200507","200703","E10000015","E58000628","E07000241","E05011061","E04004819","0","522507","0208780","5","E18000006","E40000007","E92000001","E12000006","5","E14001573","E15000006","E24000005","E30000272","E16000150","E07000241","26ULGM","E00121461","26ULGM","E65000001","E01023920","E02004991","5","2A2","E00121461","E01023920","E02004991","E33024486","E38000049","E63011549","C1","3A2",51.764308,-0.226194,"E37000048","","E23000027",6540,"E56000035","E54000025","E00121461","E01023920","E02004991"
"AL9 7LA","AL9  7LA","AL9 7LA","199201","","E10000015","E58000629","E07000241","E05011058","E04012223","0","525302","0204349","1","E18000006","E40000007","E92000001","E12000006","5","E14001573","E15000006","E24000005","E30000234","E16000150","E07000241","26ULGJ","E00121405","26ULGJ","E65000001","E01023908","E02004994","8","4B3","E00121405","E01023908","E02004994","E33027674","E38000049","","F1","6A1",51.723875,-0.187286,"E37000048","","E23000027",31254,"E56000035","E54000025","E00121405","E01023908","E02004994"
"AL9 7LB","AL9  7LB","AL9 7LB","200208","200605","E10000015","E58000630","E07000241","E05011071","E04012223","1","523162","0206112","1","E18000006","E40000007","E92000001","E12000006","5","E14001573","E15000006","E24000005","E30000272","E16000150","E07000241","26ULGZ","E00121681","26ULGZ","E65000001","E01023963","E02004993","5","6A2","E00121681","E01023963","E02004993","E33027670","E38000049","E63011583","C1","6B1",51.740188,-0.217652,"E37000048","","E23000027",22000,"E56000035","E54000025","E00121681","E01023963","E02007092"
"AL9 7LD","AL9  7LD","AL9 7LD","199208","","E10000015","E58000630","E07000241","E05011071","E04012223","0","523307","0205843","1","E18000006","E40000007","E92000001","E12000006","5","E14001573","E15000006","E24000005","E30000272","E16000150","E07000241","26ULGZ","E00121680","26ULGZ","E65000001","E01023963","E02004993","5","1A2","E00121680","E01023963","E02004993","E33024505","E38000049","E63011583","C1","8A1",51.737739,-0.215648,"E37000048","","E23000027",22000,"E56000035","E54000025","E00121680","E01023963","E02007092"
"AL9 7LE","AL9  7LE","AL9 7LE","198001","","E10000015","E58000630","E07000241","E05011071","E04012223","0","523175","0205823","1","E18000006","E40000007","E92000001","E12000006","5","E14001573","E15000006","E24000005","E30000272","E16000150","E07000241","26ULGZ","E00121680","26ULGZ","E65000001","E01023963","E02004993","5","1A2","E00121680","E01023963","E02004993","E33024504","E38000049","E63011583","C1","8A1",51.737593,-0.217543,"E37000048","","E23000027",22000,"E56000035","E54000025","E00121680","E01023963","E02007092"
"AL9 7LF","AL9  7LF","AL9 7LF","198001","","E10000015","E58000630","E07000241","E05011071","E04012223","0","523152","0205933","1","E18000006","E40000007","E92000001","E12000006","5","E14001573","E15000006","E24000005","E30000272","E16000150","E07000241","26ULGZ","E00121681","26ULGZ","E65000001","E01023963","E02004993","5","6A2","E00121681","E01023963","E02004993","E33027670","E38000049","E63011583","C1","6B1",51.738586,-0.217837,"E37000048","","E23000027",22000,"E56000035","E54000025","E00121681","E01023963","E02007092"
"AL9 7LG","AL9  7LG","AL9 7LG","198001","","E10000015","E58000630","E07000241","E05011071","E04012223","0","523246","0205997","1","E18000006","E40000007","E92000001","E12000006","5","E14001573","E15000006","E24000005","E30000272","E16000150","E07000241","26ULGZ","E00121681","26ULGZ","E65000001","E01023963","E02004993","5","6A2","E00121681","E01023963","E02004993","E33027670","E38000049","E63011583","C1","6B1",51.739141,-0.216454,"E37000048","","E23000027",22000,"E56000035","E54000025","E00121681","E01023963","E02007092"
"AL9 7LH","AL9  7LH","AL9 7LH","198001","","E10000015","E58000630","E07000241","E05011071","E04012223","0","522979","0205857","1","E18000006","E40000007","E92000001","E12000006","5","E14001573","E15000006","E24000005","E30000272","E16000150","E07000241","26ULGZ","E00121681","26ULGZ","E65000001","E01023963","E02004993","5","6A2","E00121681","E01023963","E02004993","E33027670","E38000049","E63011583","C1","6B1",51.737941,-0.220368,"E37000048","","E23000027",22000,"E56000035","E54000025","E00121681","E01023963","E02007092"
"AL9 7LJ","AL9  7LJ","AL9 7LJ","198001","","E10000015","E58000630","E07000241","E05011071","E04012223","0","523126","0205844","1","E18000006","E40000007","E92000001","E12000006","5","E14001573","E15000006","E24000005","E30000272","E16000150","E07000241","26ULGZ","E00121680","26ULGZ","E65000001","E01023963","E02004993","5","1A2","E00121680","E01023963","E02004993","E33024504","E38000049","E63011583","C1","8A1",51.737787,-0.218268,"E37000048","","E23000027",22000,"E56000035","E54000025","E00121680","E01023963","E02007092"
"AL9 7LL","AL9  7LL","AL9 7LL","198001","","E10000015","E58000630","E07000241","E05011071","E04012223","0","523124","0205736","1","E18000006","E40000007","E92000001","E12000006","5","E14001573","E15000006","E24000005","E30000272","E16000150","E07000241","26ULGZ","E00121680","26ULGZ","E65000001","E01023963","E02004993","5","1A2","E00121680","E01023963","E02004993","E33024505","E38000049","E63011583","C1","8A1",51.736822,-0.218312,"E37000048","","E23000027",22000,"E56000035","E54000025","E00121680","E01023963","E02007092"
"AL9 7LN","AL9  7LN","AL9 7LN","198001","","E10000015","E58000630","E07000241","E05011071","E04012223","0","523106","0205714","1","E18000006","E40000007","E92000001","E12000006","5","E14001573","E15000006","E24000005","E30000272","E16000150","E07000241","26ULGZ","E00121680","26ULGZ","E65000001","E01023963","E02004993","5","1A2","E00121680","E01023963","E02004993","E33024505","E38000049","E63011583","C1","8A1",51.736628,-0.218581,"E37000048","","E23000027",22000,"E56000035","E54000025","E00121680","E01023963","E02007092"
"AL9 7LP","AL9  7LP","AL9 7LP","198001","","E10000015","E58000630","E07000241","E05011071","E04012223","0","523204","0205684","1","E18000006","E40000007","E92000001","E12000006","5","E14001573","E15000006","E24000005","E30000272","E16000150","E07000241","26ULGZ","E00121680","26ULGZ","E65000001","E01023963","E02004993","5","1A2","E00121680","E01023963","E02004993","E33024505","E38000049","E63011583","C1","8A1",51.736337,-0.217173,"E37000048","","E23000027",22000,"E56000035","E54000025","E00121680","E01023963","E02007092"
"AL9 7LQ","AL9  7LQ","AL9 7LQ","198001","","E10000015","E58000630","E07000241","E05011071","E04012223","0","523039","0205915","1","E18000006","E40000007","E92000001","E12000006","5","E14001573","E15000006","E24000005","E30000272","E16000150","E07000241","26ULGZ","E00121681","26ULGZ","E65000001","E01023963","E02004993","5","6A2","E00121681","E01023963","E02004993","E33027670","E38000049","E63011583","C1","6B1",51.738449,-0.219479,"E37000048","","E23000027",22000,"E56000035","E54000025","E00121681","E01023963","E02007092"
"AL9 7LR","AL9  7LR","AL9 7LR","198001","","E10000015","E58000630","E07000241","E05011071","E04012223","0","523039","0205703","1","E18000006","E40000007","E92000001","E12000006","5","E14001573","E15000006","E24000005","E30000272","E16000150","E07000241","26ULGZ","E00121675","26ULGZ","E65000001","E01023963","E02004993","5","6B2","E00121675","E01023963","E02004993","E33027670","E38000049","E63011583","C1","5B3",51.736544,-0.219554,"E37000048","","E23000027",22000,"E56000035","E54000025","E00121675","E01023963","E02007092"
"AL9 7LS","AL9  7LS","AL9 7LS","198001","","E10000015","E58000630","E07000241","E05011071","E04012223","0","522968","0205786","1","E18000006","E40000007","E92000001","E12000006","5","E14001573","E15000006","E24000005","E30000272","E16000150","E07000241","26ULGZ","E00121681","26ULGZ","E65000001","E01023963","E02004993","5","6A2","E00121681","E01023963","E02004993","E33027670","E38000049","E63011583","C1","6B1",51.737306,-0.220553,"E37000048","","E23000027",22000,"E56000035","E54000025","E00121681","E01023963","E02007092"
"AL9 7LT","AL9  7LT","AL9 7LT","198001","","E10000015","E58000630","E07000241","E05011071","E04012223","0","522995","0205708","1","E18000006","E40000007","E92000001","E12000006","5","E14001573","E15000006","E24000005","E30000272","E16000150","E07000241","26ULGZ","E00121681","26ULGZ","E65000001","E01023963","E02004993","5","6A2","E00121681","E01023963","E02004993","E33027670","E38000049","E63011583","C1","6B1",51.736599,-0.220189,"E37000048","","E23000027",22000,"E56000035","E54000025","E00121681","E01023963","E02007092"
"AL9 7LU","AL9  7LU","AL9 7LU","198001","","E10000015","E58000630","E07000241","E05011071","E04012223","0","522931","0205751","1","E18000006","E40000007","E92000001","E12000006","5","E14001573","E15000006","E24000005","E30000272","E16000150","E07000241","26ULGZ","E00121681","26ULGZ","E65000001","E01023963","E02004993","5","6A2","E00121681","E01023963","E02004993","E33027670","E38000049","E63011583","C1","6B1",51.736999,-0.221101,"E37000048","","E23000027",22000,"E56000035","E54000025","E00121681","E01023963","E02007092"
"AL9 7LW","AL9  7LW","AL9 7LW","198001","","E10000015","E58000630","E07000241","E05011071","E04012223","0","523272","0205723","1","E18000006","E40000007","E92000001","E12000006","5","E14001573","E15000006","E24000005","E30000272","E16000150","E07000241","26ULGZ","E00121680","26ULGZ","E65000001","E01023963","E02004993","5","1A2","E00121680","E01023963","E02004993","E33024505","E38000049","E63011583","C1","8A1",51.736673,-0.216175,"E37000048","","E23000027",22000,"E56000035","E54000025","E00121680","E01023963","E02007092"
"AL9 7LX","AL9  7LX","AL9 7LX","199412","199712","E10000015","E58000630","E07000241","E05011071","E04012223","1","523822","0204652","6","E18000006","E40000007","E92000001","E12000006","5","E14001573","E15000006","E24000005","E30000272","E16000150","E07000241","26ULGZ","E00121688","26ULGZ","E65000001","E01023964","E02004993","8","3C1","E00121688","E01023964","E02004993","E33027669","E38000049","","E1","5A1",51.726922,-0.208617,"E37000048","","E23000027",23695,"E56000035","E54000025","E00121688","E01035608","E02007092"
"AL9 7LY","AL9  7LY","AL9 7LY","198001","","E10000015","E58000630","E07000241","E05011071","E04012223","0","522865","0205813","1","E18000006","E40000007","E92000001","E12000006","5","E14001573","E15000006","E24000005","E30000272","E16000150","E07000241","26ULGZ","E00121681","26ULGZ","E65000001","E01023963","E02004993","5","6A2","E00121681","E01023963","E02004993","E33027670","E38000049","E63011583","C1","6B1",51.737566,-0.222056,"E37000048","","E23000027",22000,"E56000035","E54000025","E00121681","E01023963","E02007092"
"AL9 7LZ","AL9  7LZ","AL9 7LZ","198001","","E10000015","E58000630","E07000241","E05011071","E04012223","0","522788","0205794","1","E18000006","E40000007","E92000001","E12000006","5","E14001573","E15000006","E24000005","E30000272","E16000150","E07000241","26ULGZ","E00121683","26ULGZ","E65000001","E01023963","E02004993","5","1C1","E00121683","E01023963","E02004993","E33024506","E38000049","E63011583","C1","8D2",51.737417,-0.223155,"E37000048","","E23000027",22000,"E56000035","E54000025","E00121683","E01023963","E02007092"
"AL9 7NA","AL9  7NA","AL9 7NA","198001","","E10000015","E58000630","E07000241","E05011071","E04012223","0","522800","0205753","1","E18000006","E40000007","E92000001","E12000006","5","E14001573","E15000006","E24000005","E30000272","E16000150","E07000241","26ULGZ","E00121681","26ULGZ","E65000001","E01023963","E02004993","5","6A2","E00121681","E01023963","E02004993","E33027670","E38000049","E63011583","C1","6B1",51.737046,-0.222996,"E37000048","","E23000027",22000,"E56000035","E54000025","E00121681","E01023963","E02007092"
"AL9 7NB","AL9  7NB","AL9 7NB","198001","","E10000015","E58000630","E07000241","E05011071","E04012223","0","522899","0205726","1","E18000006","E40000007","E92000001","E12000006","5","E14001573","E15000006","E24000005","E30000272","E16000150","E07000241","26ULGZ","E00121681","26ULGZ","E65000001","E01023963","E02004993","5","6A2","E00121681","E01023963","E02004993","E33027670","E38000049","E63011583","C1","6B1",51.736781,-0.221573,"E37000048","","E23000027",22000,"E56000035","E54000025","E00121681","E01023963","E02007092"
"AL9 7ND","AL9  7ND","AL9 7ND","198001","","E10000015","E58000630","E07000241","E05011071","E04012223","0","522803","0205688","1","E18000006","E40000007","E92000001","E12000006","5","E14001573","E15000006","E24000005","E30000272","E16000150","E07000241","26ULGZ","E00121683","26ULGZ","E65000001","E01023963","E02004993","5","1C1","E00121683","E01023963","E02004993","E33024506","E38000049","E63011583","C1","8D2",51.736461,-0.222976,"E37000048","","E23000027",22000,"E56000035","E54000025","E00121683","E01023963","E02007092"
"AL9 7NE","AL9  7NE","AL9 7NE","198001","","E10000015","E58000630","E07000241","E05011071","E04012223","0","522938","0205592","1","E18000006","E40000007","E92000001","E12000006","5","E14001573","E15000006","E24000005","E30000272","E16000150","E07000241","26ULGZ","E00121675","26ULGZ","E65000001","E01023963","E02004993","5","6B2","E00121675","E01023963","E02004993","E33027670","E38000049","E63011583","C1","5B3",51.735564,-0.221078,"E37000048","","E23000027",22000,"E56000035","E54000025","E00121675","E01023963","E02007092"
"AL9 7NF","AL9  7NF","AL9 7NF","198001","","E10000015","E58000630","E07000241","E05011071","E04012223","0","523150","0205526","1","E18000006","E40000007","E92000001","E12000006","5","E14001573","E15000006","E24000005","E30000272","E16000150","E07000241","26ULGZ","E00121675","26ULGZ","E65000001","E01023963","E02004993","5","6B2","E00121675","E01023963","E02004993","E33027670","E38000049","E63011583","C1","5B3",51.734929,-0.218010,"E37000048","","E23000027",22000,"E56000035","E54000025","E00121675","E01023963","E02007092"
"AL9 7NG","AL9  7NG","AL9 7NG","198001","","E10000015","E58000630","E07000241","E05011071","E04012223","0","523281","0205596","1","E18000006","E40000007","E92000001","E12000006","5","E14001573","E15000006","E24000005","E30000272","E16000150","E07000241","26ULGZ","E00121684","26ULGZ","E65000001","E01023963","E02004993","5","1A2","E00121684","E01023963","E02004993","E33027672","E38000049","E63011583","C1","8D2",51.735525,-0.216112,"E37000048","","E23000027",22000,"E56000035","E54000025","E00121684","E01023963","E02007092"
"AL9 7NH","AL9  7NH","AL9 7NH","198307","","E10000015","E58000630","E07000241","E05011071","E04012223","0","523083","0205626","1","E18000006","E40000007","E92000001","E12000006","5","E14001573","E15000006","E24000005","E30000272","E16000150","E07000241","26ULGZ","E00121675","26ULGZ","E65000001","E01023963","E02004993","5","6B2","E00121675","E01023963","E02004993","E33027670","E38000049","E63011583","C1","5B3",51.735838,-0.218967,"E37000048","","E23000027",22000,"E56000035","E54000025","E00121675","E01023963","E02007092"
"AL9 7NJ","AL9  7NJ","AL9 7NJ","198307","","E10000015","E58000630","E07000241","E05011071","E04012223","0","523141","0205613","1","E18000006","E40000007","E92000001","E12000006","5","E14001573","E15000006","E24000005","E30000272","E16000150","E07000241","26ULGZ","E00121675","26ULGZ","E65000001","E01023963","E02004993","5","6B2","E00121675","E01023963","E02004993","E33027670","E38000049","E63011583","C1","5B3",51.735713,-0.218110,"E37000048","","E23000027",22000,"E56000035","E54000025","E00121675","E01023963","E02007092"
"AL9 7NL","AL9  7NL","AL9 7NL","200006","","E10000015","E58000630","E07000241","E05011071","E04012223","0","523088","0205577","1","E18000006","E40000007","E92000001","E12000006","5","E14001573","E15000006","E24000005","E30000272","E16000150","E07000241","26ULGZ","E00121675","26ULGZ","E65000001","E01023963","E02004993","5","6B2","E00121675","E01023963","E02004993","E33027670","E38000049","E63011583","C1","5B3",51.735401,-0.218890,"E37000048","","E23000027",22000,"E56000035","E54000025","E00121675","E01023963","E02007092"
"AL9 7NN","AL9  7NN","AL9 7NN","198504","","E10000015","E58000630","E07000241","E05011071","E04012223","0","523665","0205574","1","E18000006","E40000007","E92000001","E12000006","5","E14001573","E15000006","E24000005","E30000272","E16000150","E07000241","26ULGZ","E00121686","26ULGZ","E65000001","E01023963","E02004993","5","6D1","E00121686","E01023963","E02004993","E33027671","E38000049","E63011583","C1","5A3",51.735247,-0.210539,"E37000048","","E23000027",22000,"E56000035","E54000025","E00121686","E01023963","E02007092"
"AL9 7NP","AL9  7NP","AL9 7NP","198001","","E10000015","E58000630","E07000241","E05011071","E04012223","0","523654","0205322","1","E18000006","E40000007","E92000001","E12000006","5","E14001573","E15000006","E24000005","E30000272","E16000150","E07000241","26ULGZ","E00121676","26ULGZ","E65000001","E01023964","E02004993","5","4C2","E00121676","E01023964","E02004993","E33027671","E38000049","E63011583","C1","6B2",51.732985,-0.210788,"E37000048","","E23000027",23695,"E56000035","E54000025","E00121676","E01035608","E02007092"
"AL9 7NQ","AL9  7NQ","AL9 7NQ","199412","199712","E10000015","E58000630","E07000241","E05011071","E04012223","1","523822","0204652","6","E18000006","E40000007","E92000001","E12000006","5","E14001573","E15000006","E24000005","E30000272","E16000150","E07000241","26ULGZ","E00121688","26ULGZ","E65000001","E01023964","E02004993","8","3C1","E00121688","E01023964","E02004993","E33027669","E38000049","","E1","5A1",51.726922,-0.208617,"E37000048","","E23000027",23695,"E56000035","E54000025","E00121688","E01035608","E02007092"
"AL9 7NR","AL9  7NR","AL9 7NR","198001","","E10000015","E58000630","E07000241","E05011071","E04012223","0","523620","0205326","1","E18000006","E40000007","E92000001","E12000006","5","E14001573","E15000006","E24000005","E30000272","E16000150","E07000241","26ULGZ","E00121676","26ULGZ","E65000001","E01023964","E02004993","5","4C2","E00121676","E01023964","E02004993","E33027671","E38000049","E63011583","C1","6B2",51.733028,-0.211278,"E37000048","","E23000027",23695,"E56000035","E54000025","E00121676","E01035608","E02007092"
"AL9 7NS","AL9  7NS","AL9 7NS","198001","","E10000015","E58000630","E07000241","E05011071","E04012223","0","523588","0205548","1","E18000006","E40000007","E92000001","E12000006","5","E14001573","E15000006","E24000005","E30000272","E16000150","E07000241","26ULGZ","E00121682","26ULGZ","E65000001","E01023963","E02004993","5","1C1","E00121682","E01023963","E02004993","E33027672","E38000049","E63011583","C1","8C1",51.735030,-0.211663,"E37000048","","E23000027",22000,"E56000035","E54000025","E00121682","E01023963","E02007092"
"AL9 7NT","AL9  7NT","AL9 7NT","199002","","E10000015","E58000630","E07000241","E05011071","E04012223","0","523380","0205881","1","E18000006","E40000007","E92000001","E12000006","5","E14001573","E15000006","E24000005","E30000272","E16000150","E07000241","26ULGZ","E00121680","26ULGZ","E65000001","E01023963","E02004993","5","1A2","E00121680","E01023963","E02004993","E33024504","E38000049","E63011583","C1","8A1",51.738064,-0.214578,"E37000048","","E23000027",22000,"E56000035","E54000025","E00121680","E01023963","E02007092"
"AL9 7NU","AL9  7NU","AL9 7NU","198001","","E10000015","E58000630","E07000241","E05011071","E04012223","0","523548","0205530","1","E18000006","E40000007","E92000001","E12000006","5","E14001573","E15000006","E24000005","E30000272","E16000150","E07000241","26ULGZ","E00121682","26ULGZ","E65000001","E01023963","E02004993","5","1C1","E00121682","E01023963","E02004993","E33027672","E38000049","E63011583","C1","8C1",51.734877,-0.212248,"E37000048","","E23000027",22000,"E56000035","E54000025","E00121682","E01023963","E02007092"
"AL9 7NW","AL9  7NW","AL9 7NW","198301","","E10000015","E58000630","E07000241","E05011071","E04012223","0","523682","0205513","1","E18000006","E40000007","E92000001","E12000006","5","E14001573","E15000006","E24000005","E30000272","E16000150","E07000241","26ULGZ","E00121686","26ULGZ","E65000001","E01023963","E02004993","5","6D1","E00121686","E01023963","E02004993","E33027671","E38000049","E63011583","C1","5A3",51.734695,-0.210315,"E37000048","","E23000027",22000,"E56000035","E54000025","E00121686","E01023963","E02007092"
"AL9 7NX","AL9  7NX","AL9 7NX","198001","","E10000015","E58000630","E07000241","E05011071","E04012223","0","523580","0205197","1","E18000006","E40000007","E92000001","E12000006","5","E14001573","E15000006","E24000005","E30000272","E16000150","E07000241","26ULGZ","E00121676","26ULGZ","E65000001","E01023964","E02004993","5","4C2","E00121676","E01023964","E02004993","E33027671","E38000049","E63011583","C1","6B2",51.731878,-0.211903,"E37000048","","E23000027",23695,"E56000035","E54000025","E00121676","E01035608","E02007092"
"AL9 7NY","AL9  7NY","AL9 7NY","198001","","E10000015","E58000630","E07000241","E05011071","E04012223","0","523769","0205288","1","E18000006","E40000007","E92000001","E12000006","5","E14001573","E15000006","E24000005","E30000272","E16000150","E07000241","26ULGZ","E00121676","26ULGZ","E65000001","E01023964","E02004993","5","4C2","E00121676","E01023964","E02004993","E33027671","E38000049","E63011583","C1","6B2",51.732654,-0.209135,"E37000048","","E23000027",23695,"E56000035","E54000025","E00121676","E01035608","E02007092"
"AL9 7NZ","AL9  7NZ","AL9 7NZ","198001","","E10000015","E58000630","E07000241","E05011071","E04012223","0","523712","0205296","1","E18000006","E40000007","E92000001","E12000006","5","E14001573","E15000006","E24000005","E30000272","E16000150","E07000241","26ULGZ","E00121686","26ULGZ","E65000001","E01023963","E02004993","5","6D1","E00121686","E01023963","E02004993","E33027671","E38000049","E63011583","C1","5A3",51.732738,-0.209958,"E37000048","","E23000027",22000,"E56000035","E54000025","E00121686","E01023963","E02007092"
"AL9 7PA","AL9  7PA","AL9 7PA","198001","","E10000015","E58000630","E07000241","E05011071","E04012223","0","523732","0205399","1","E18000006","E40000007","E92000001","E12000006","5","E14001573","E15000006","E24000005","E30000272","E16000150","E07000241","26ULGZ","E00121686","26ULGZ","E65000001","E01023963","E02004993","5","6D1","E00121686","E01023963","E02004993","E33027671","E38000049","E63011583","C1","5A3",51.733660,-0.209632,"E37000048","","E23000027",22000,"E56000035","E54000025","E00121686","E01023963","E02007092"
"AL9 7PB","AL9  7PB","AL9 7PB","198001","","E10000015","E58000630","E07000241","E05011071","E04012223","0","523762","0205417","1","E18000006","E40000007","E92000001","E12000006","5","E14001573","E15000006","E24000005","E30000272","E16000150","E07000241","26ULGZ","E00121676","26ULGZ","E65000001","E01023964","E02004993","5","4C2","E00121676","E01023964","E02004993","E33027671","E38000049","E63011583","C1","6B2",51.733815,-0.209191,"E37000048","","E23000027",23695,"E56000035","E54000025","E00121676","E01035608","E02007092"
"AL9 7PD","AL9  7PD","AL9 7PD","198001","","E10000015","E58000630","E07000241","E05011071","E04012223","0","523612","0205176","1","E18000006","E40000007","E92000001","E12000006","5","E14001573","E15000006","E24000005","E30000272","E16000150","E07000241","26ULGZ","E00121676","26ULGZ","E65000001","E01023964","E02004993","5","4C2","E00121676","E01023964","E02004993","E33027671","E38000049","E63011583","C1","6B2",51.731682,-0.211447,"E37000048","","E23000027",23695,"E56000035","E54000025","E00121676","E01035608","E02007092"
"AL9 7PE","AL9  7PE","AL9 7PE","198001","","E10000015","E58000630","E07000241","E05011071","E04012223","0","523781","0205222","1","E18000006","E40000007","E92000001","E12000006","5","E14001573","E15000006","E24000005","E30000272","E16000150","E07000241","26ULGZ","E00121676","26ULGZ","E65000001","E01023964","E02004993","5","4C2","E00121676","E01023964","E02004993","E33027671","E38000049","E63011583","C1","6B2",51.732054,-0.209008,"E37000048","","E23000027",23695,"E56000035","E54000025","E00121676","E01035608","E02007092"
"AL9 7PF","AL9  7PF","AL9 7PF","198001","","E10000015","E58000630","E07000241","E05011071","E04012223","0","523657","0205072","1","E18000006","E40000007","E92000001","E12000006","5","E14001573","E15000006","E24000005","E30000272","E16000150","E07000241","26ULGZ","E00121676","26ULGZ","E65000001","E01023964","E02004993","5","4C2","E00121676","E01023964","E02004993","E33027671","E38000049","E63011583","C1","6B2",51.730737,-0.210833,"E37000048","","E23000027",23695,"E56000035","E54000025","E00121676","E01035608","E02007092"
"AL9 7PG","AL9  7PG","AL9 7PG","198001","","E10000015","E58000630","E07000241","E05011071","E04012223","0","523474","0205185","1","E18000006","E40000007","E92000001","E12000006","5","E14001573","E15000006","E24000005","E30000272","E16000150","E07000241","26ULGZ","E00121687","26ULGZ","E65000001","E01023964","E02004993","5","6D1","E00121687","E01023964","E02004993","E33027671","E38000049","E63011583","C1","5A2",51.731789,-0.213464,"E37000048","","E23000027",23695,"E56000035","E54000025","E00121687","E01035608","E02007092"
"AL9 7PH","AL9  7PH","AL9 7PH","198001","","E10000015","E58000630","E07000241","E05011071","E04012223","0","523534","0205249","1","E18000006","E40000007","E92000001","E12000006","5","E14001573","E15000006","E24000005","E30000272","E16000150","E07000241","26ULGZ","E00121676","26ULGZ","E65000001","E01023964","E02004993","5","4C2","E00121676","E01023964","E02004993","E33027671","E38000049","E63011583","C1","6B2",51.732355,-0.212550,"E37000048","","E23000027",23695,"E56000035","E54000025","E00121676","E01035608","E02007092"
"AL9 7PJ","AL9  7PJ","AL9 7PJ","198001","","E10000015","E58000630","E07000241","E05011071","E04012223","0","523177","0205335","1","E18000006","E40000007","E92000001","E12000006","5","E14001573","E15000006","E24000005","E30000272","E16000150","E07000241","26ULGZ","E00121687","26ULGZ","E65000001","E01023964","E02004993","5","6D1","E00121687","E01023964","E02004993","E33027671","E38000049","E63011583","C1","5A2",51.733207,-0.217687,"E37000048","","E23000027",23695,"E56000035","E54000025","E00121687","E01035608","E02007092"
"AL9 7PL","AL9  7PL","AL9 7PL","198001","","E10000015","E58000630","E07000241","E05011071","E04012223","0","523415","0205286","1","E18000006","E40000007","E92000001","E12000006","5","E14001573","E15000006","E24000005","E30000272","E16000150","E07000241","26ULGZ","E00121687","26ULGZ","E65000001","E01023964","E02004993","5","6D1","E00121687","E01023964","E02004993","E33027671","E38000049","E63011583","C1","5A2",51.732714,-0.214260,"E37000048","","E23000027",23695,"E56000035","E54000025","E00121687","E01035608","E02007092"
"AL9 7PN","AL9  7PN","AL9 7PN","198001","","E10000015","E58000630","E07000241","E05011071","E04012223","0","523238","0205349","1","E18000006","E40000007","E92000001","E12000006","5","E14001573","E15000006","E24000005","E30000272","E16000150","E07000241","26ULGZ","E00121687","26ULGZ","E65000001","E01023964","E02004993","5","6D1","E00121687","E01023964","E02004993","E33027671","E38000049","E63011583","C1","5A2",51.733319,-0.216799,"E37000048","","E23000027",23695,"E56000035","E54000025","E00121687","E01035608","E02007092"
"AL9 7PP","AL9  7PP","AL9 7PP","198001","","E10000015","E58000630","E07000241","E05011071","E04012223","0","523340","0205392","1","E18000006","E40000007","E92000001","E12000006","5","E14001573","E15000006","E24000005","E30000272","E16000150","E07000241","26ULGZ","E00121682","26ULGZ","E65000001","E01023963","E02004993","5","1C1","E00121682","E01023963","E02004993","E33027672","E38000049","E63011583","C1","8C1",51.733683,-0.215308,"E37000048","","E23000027",22000,"E56000035","E54000025","E00121682","E01023963","E02007092"
"AL9 7PQ","AL9  7PQ","AL9 7PQ","198001","","E10000015","E58000630","E07000241","E05011071","E04012223","0","523533","0205215","1","E18000006","E40000007","E92000001","E12000006","5","E14001573","E15000006","E24000005","E30000272","E16000150","E07000241","26ULGZ","E00121676","26ULGZ","E65000001","E01023964","E02004993","5","4C2","E00121676","E01023964","E02004993","E33027671","E38000049","E63011583","C1","6B2",51.732050,-0.212577,"E37000048","","E23000027",23695,"E56000035","E54000025","E00121676","E01035608","E02007092"
"AL9 7PR","AL9  7PR","AL9 7PR","198001","","E10000015","E58000630","E07000241","E05011071","E04012223","0","523351","0205496","1","E18000006","E40000007","E92000001","E12000006","5","E14001573","E15000006","E24000005","E30000272","E16000150","E07000241","26ULGZ","E00121684","26ULGZ","E65000001","E01023963","E02004993","5","1A2","E00121684","E01023963","E02004993","E33027672","E38000049","E63011583","C1","8D2",51.734615,-0.215112,"E37000048","","E23000027",22000,"E56000035","E54000025","E00121684","E01023963","E02007092"
"AL9 7PS","AL9  7PS","AL9 7PS","198001","","E10000015","E58000630","E07000241","E05011071","E04012223","0","523448","0205591","1","E18000006","E40000007","E92000001","E12000006","5","E14001573","E15000006","E24000005","E30000272","E16000150","E07000241","26ULGZ","E00121684","26ULGZ","E65000001","E01023963","E02004993","5","1A2","E00121684","E01023963","E02004993","E33027672","E38000049","E63011583","C1","8D2",51.735448,-0.213674,"E37000048","","E23000027",22000,"E56000035","E54000025","E00121684","E01023963","E02007092"
"AL9 7PT","AL9  7PT","AL9 7PT","198001","","E10000015","E58000630","E07000241","E05011071","E04012223","0","523507","0205426","1","E18000006","E40000007","E92000001","E12000006","5","E14001573","E15000006","E24000005","E30000272","E16000150","E07000241","26ULGZ","E00121682","26ULGZ","E65000001","E01023963","E02004993","5","1C1","E00121682","E01023963","E02004993","E33027672","E38000049","E63011583","C1","8C1",51.733952,-0.212878,"E37000048","","E23000027",22000,"E56000035","E54000025","E00121682","E01023963","E02007092"
"AL9 7PU","AL9  7PU","AL9 7PU","198001","","E10000015","E58000630","E07000241","E05011071","E04012223","0","523536","0205321","1","E18000006","E40000007","E92000001","E12000006","5","E14001573","E15000006","E24000005","E30000272","E16000150","E07000241","26ULGZ","E00121676","26ULGZ","E65000001","E01023964","E02004993","5","4C2","E00121676","E01023964","E02004993","E33027671","E38000049","E63011583","C1","6B2",51.733002,-0.212496,"E37000048","","E23000027",23695,"E56000035","E54000025","E00121676","E01035608","E02007092"
"AL9 7PW","AL9  7PW","AL9 7PW","198001","","E10000015","E58000630","E07000241","E05011071","E04012223","0","523350","0205330","1","E18000006","E40000007","E92000001","E12000006","5","E14001573","E15000006","E24000005","E30000272","E16000150","E07000241","26ULGZ","E00121682","26ULGZ","E65000001","E01023963","E02004993","5","1C1","E00121682","E01023963","E02004993","E33027672","E38000049","E63011583","C1","8C1",51.733124,-0.215185,"E37000048","","E23000027",22000,"E56000035","E54000025","E00121682","E01023963","E02007092"
"AL9 7PX","AL9  7PX","AL9 7PX","198001","","E10000015","E58000630","E07000241","E05011071","E04012223","0","523352","0205459","1","E18000006","E40000007","E92000001","E12000006","5","E14001573","E15000006","E24000005","E30000272","E16000150","E07000241","26ULGZ","E00121684","26ULGZ","E65000001","E01023963","E02004993","5","1A2","E00121684","E01023963","E02004993","E33027672","E38000049","E63011583","C1","8D2",51.734283,-0.215110,"E37000048","","E23000027",22000,"E56000035","E54000025","E00121684","E01023963","E02007092"
"AL9 7PY","AL9  7PY","AL9 7PY","198001","","E10000015","E58000630","E07000241","E05011071","E04012223","0","523455","0205402","1","E18000006","E40000007","E92000001","E12000006","5","E14001573","E15000006","E24000005","E30000272","E16000150","E07000241","26ULGZ","E00121682","26ULGZ","E65000001","E01023963","E02004993","5","1C1","E00121682","E01023963","E02004993","E33027672","E38000049","E63011583","C1","8C1",51.733748,-0.213640,"E37000048","","E23000027",22000,"E56000035","E54000025","E00121682","E01023963","E02007092"
"AL9 7PZ","AL9  7PZ","AL9 7PZ","198106","","E10000015","E58000630","E07000241","E05011071","E04012223","0","523420","0205345","1","E18000006","E40000007","E92000001","E12000006","5","E14001573","E15000006","E24000005","E30000272","E16000150","E07000241","26ULGZ","E00121687","26ULGZ","E65000001","E01023964","E02004993","5","6D1","E00121687","E01023964","E02004993","E33027671","E38000049","E63011583","C1","5A2",51.733243,-0.214166,"E37000048","","E23000027",23695,"E56000035","E54000025","E00121687","E01035608","E02007092"
"AL9 7QA","AL9  7QA","AL9 7QA","198109","","E10000015","E58000630","E07000241","E05011071","E04012223","0","523421","0205358","1","E18000006","E40000007","E92000001","E12000006","5","E14001573","E15000006","E24000005","E30000272","E16000150","E07000241","26ULGZ","E00121682","26ULGZ","E65000001","E01023963","E02004993","5","1C1","E00121682","E01023963","E02004993","E33027672","E38000049","E63011583","C1","8C1",51.733355,-0.214170,"E37000048","","E23000027",22000,"E56000035","E54000025","E00121682","E01023963","E02007092"
"AL9 7QB","AL9  7QB","AL9 7QB","199208","199405","E10000015","E58000630","E07000241","E05011071","E04012223","1","524000","0204800","8","E18000006","E40000007","E92000001","E12000006","5","E14001573","E15000006","E24000005","E30000272","E16000150","E07000241","26ULGZ","E00121676","26ULGZ","E65000001","E01023964","E02004993","5","4C2","E00121676","E01023964","E02004993","E33027671","E38000049","","C1","6B2",51.728213,-0.205988,"E37000048","","E23000027",23695,"E56000035","E54000025","E00121676","E01035608","E02007092"
"AL9 7QF","AL9  7QF","AL9 7QF","198504","199412","E10000015","E58000629","E07000241","E05011058","E04012223","1","524600","0204200","8","E18000006","E40000007","E92000001","E12000006","5","E14001573","E15000006","E24000005","E30000234","E16000150","E07000241","26ULGJ","E00121404","26ULGJ","E65000001","E01023909","E02004994","6","4B3","E00121404","E01023909","E02004994","E33027676","E38000049","E63011606","D1","6A1",51.722688,-0.197520,"E37000048","","E23000027",29661,"E56000035","E54000025","E00121404","E01023909","E02004994"
"AL9 7QG","AL9  7QG","AL9 7QG","198001","","E10000015","E58000629","E07000241","E05011058","E04012223","0","525043","0204315","1","E18000006","E40000007","E92000001","E12000006","5","E14001573","E15000006","E24000005","E30000234","E16000150","E07000241","26ULGJ","E00121405","26ULGJ","E65000001","E01023908","E02004994","8","4B3","E00121405","E01023908","E02004994","E33027674","E38000049","E63011606","F1","6A1",51.723627,-0.191046,"E37000048","","E23000027",31254,"E56000035","E54000025","E00121405","E01023908","E02004994"
"AL9 7QH","AL9  7QH","AL9 7QH","198001","","E10000015","E58000629","E07000241","E05011058","E04012223","0","524533","0204166","1","E18000006","E40000007","E92000001","E12000006","5","E14001573","E15000006","E24000005","E30000234","E16000150","E07000241","26ULGJ","E00121404","26ULGJ","E65000001","E01023909","E02004994","6","4B3","E00121404","E01023909","E02004994","E33027676","E38000049","E63011606","D1","6A1",51.722402,-0.198479,"E37000048","","E23000027",29661,"E56000035","E54000025","E00121404","E01023909","E02004994"
"AL9 7QJ","AL9  7QJ","AL9 7QJ","198001","","E10000015","E58000629","E07000241","E05011058","E04012223","0","524595","0204127","1","E18000006","E40000007","E92000001","E12000006","5","E14001573","E15000006","E24000005","E30000234","E16000150","E07000241","26ULGJ","E00121404","26ULGJ","E65000001","E01023909","E02004994","6","4B3","E00121404","E01023909","E02004994","E33027676","E38000049","E63011606","D1","6A1",51.722037,-0.197595,"E37000048","","E23000027",29661,"E56000035","E54000025","E00121404","E01023909","E02004994"
"AL9 7QL","AL9  7QL","AL9 7QL","198001","200109","E10000015","E58000629","E07000241","E05011058","E04012223","1","524478","0204092","1","E18000006","E40000007","E92000001","E12000006","5","E14001573","E15000006","E24000005","E30000234","E16000150","E07000241","26ULGJ","E00121404","26ULGJ","E65000001","E01023909","E02004994","6","4B3","E00121404","E01023909","E02004994","E33027676","E38000049","E63011606","D1","6A1",51.721744,-0.199324,"E37000048","","E23000027",29661,"E56000035","E54000025","E00121404","E01023909","E02004994"
"AL9 7QN","AL9  7QN","AL9 7QN","198001","","E10000015","E58000629","E07000241","E05011058","E04012223","0","524440","0204022","1","E18000006","E40000007","E92000001","E12000006","5","E14001573","E15000006","E24000005","E30000234","E16000150","E07000241","26ULGJ","E00121404","26ULGJ","E65000001","E01023909","E02004994","6","4B3","E00121404","E01023909","E02004994","E33027676","E38000049","E63011606","D1","6A1",51.721128,-0.199876,"E37000048","","E23000027",29661,"E56000035","E54000025","E00121404","E01023909","E02004994"
"AL9 7QP","AL9  7QP","AL9 7QP","198001","199501","E10000015","E58000629","E07000241","E05011058","E04012223","1","524300","0204100","8","E18000006","E40000007","E92000001","E12000006","5","E14001573","E15000006","E24000005","E30000234","E16000150","E07000241","26ULGJ","E00121407","26ULGJ","E65000001","E01023908","E02004994","7","2B1","E00121407","E01023908","E02004994","E33027673","E38000049","E63011606","D1","5B1",51.721856,-0.201897,"E37000048","","E23000027",31254,"E56000035","E54000025","E00121407","E01023908","E02004994"
"AL9 7QQ","AL9  7QQ","AL9 7QQ","198001","","E10000015","E58000629","E07000241","E05011058","E04012223","0","525067","0204256","1","E18000006","E40000007","E92000001","E12000006","5","E14001573","E15000006","E24000005","E30000234","E16000150","E07000241","26ULGJ","E00121405","26ULGJ","E65000001","E01023908","E02004994","8","4B3","E00121405","E01023908","E02004994","E33027674","E38000049","E63011606","F1","6A1",51.723092,-0.190719,"E37000048","","E23000027",31254,"E56000035","E54000025","E00121405","E01023908","E02004994"
"AL9 7QR","AL9  7QR","AL9 7QR","198001","","E10000015","E58000629","E07000241","E05011058","E04012223","0","524301","0204150","1","E18000006","E40000007","E92000001","E12000006","5","E14001573","E15000006","E24000005","E30000234","E16000150","E07000241","26ULGJ","E00121407","26ULGJ","E65000001","E01023908","E02004994","7","2B1","E00121407","E01023908","E02004994","E33027673","E38000049","E63011606","D1","5B1",51.722305,-0.201864,"E37000048","","E23000027",31254,"E56000035","E54000025","E00121407","E01023908","E02004994"
"AL9 7QS","AL9  7QS","AL9 7QS","198001","","E10000015","E58000629","E07000241","E05011058","E04012223","0","524298","0204080","1","E18000006","E40000007","E92000001","E12000006","5","E14001573","E15000006","E24000005","E30000234","E16000150","E07000241","26ULGJ","E00121407","26ULGJ","E65000001","E01023908","E02004994","7","2B1","E00121407","E01023908","E02004994","E33027673","E38000049","E63011606","D1","5B1",51.721681,-0.201910,"E37000048","","E23000027",31254,"E56000035","E54000025","E00121407","E01023908","E02004994"
"AL9 7QT","AL9  7QT","AL9 7QT","198001","","E10000015","E58000629","E07000241","E05011058","E04012223","0","524240","0204073","1","E18000006","E40000007","E92000001","E12000006","5","E14001573","E15000006","E24000005","E30000234","E16000150","E07000241","26ULGJ","E00121407","26ULGJ","E65000001","E01023908","E02004994","7","2B1","E00121407","E01023908","E02004994","E33027673","E38000049","E63011606","D1","5B1",51.721631,-0.202751,"E37000048","","E23000027",31254,"E56000035","E54000025","E00121407","E01023908","E02004994"
"AL9 7QU","AL9  7QU","AL9 7QU","199405","200806","E10000015","E58000628","E07000241","E05011061","E04004819","1","522507","0208780","1","E18000006","E40000007","E92000001","E12000006","5","E14001573","E15000006","E24000005","E30000272","E16000150","E07000241","26ULGM","E00121461","26ULGM","E65000001","E01023920","E02004991","5","2A2","E00121461","E01023920","E02004991","E33024486","E38000049","E63011549","C1","3A2",51.764308,-0.226194,"E37000048","","E23000027",6540,"E56000035","E54000025","E00121461","E01023920","E02004991"
"AL9 7QW","AL9  7QW","AL9 7QW","198001","","E10000015","E58000629","E07000241","E05011058","E04012223","0","524259","0204156","1","E18000006","E40000007","E92000001","E12000006","5","E14001573","E15000006","E24000005","E30000234","E16000150","E07000241","26ULGJ","E00121407","26ULGJ","E65000001","E01023908","E02004994","7","2B1","E00121407","E01023908","E02004994","E33027673","E38000049","E63011606","D1","5B1",51.722372,-0.202447,"E37000048","","E23000027",31254,"E56000035","E54000025","E00121407","E01023908","E02004994"
"AL9 7QX","AL9  7QX","AL9 7QX","198001","","E10000015","E58000629","E07000241","E05011058","E04012223","0","524360","0204356","1","E18000006","E40000007","E92000001","E12000006","5","E14001573","E15000006","E24000005","E30000234","E16000150","E07000241","26ULGJ","E00121407","26ULGJ","E65000001","E01023908","E02004994","7","2B1","E00121407","E01023908","E02004994","E33027673","E38000049","E63011606","D1","5B1",51.724147,-0.200914,"E37000048","","E23000027",31254,"E56000035","E54000025","E00121407","E01023908","E02004994"
"AL9 7QY","AL9  7QY","AL9 7QY","198001","","E10000015","E58000629","E07000241","E05011058","E04012223","0","524318","0204379","1","E18000006","E40000007","E92000001","E12000006","5","E14001573","E15000006","E24000005","E30000234","E16000150","E07000241","26ULGJ","E00121402","26ULGJ","E65000001","E01023908","E02004994","7","4B2","E00121402","E01023908","E02004994","E33027673","E38000049","E63011606","E1","6B1",51.724363,-0.201514,"E37000048","","E23000027",31254,"E56000035","E54000025","E00121402","E01023908","E02004994"
"AL9 7QZ","AL9  7QZ","AL9 7QZ","198001","","E10000015","E58000629","E07000241","E05011058","E04012223","0","524334","0204593","1","E18000006","E40000007","E92000001","E12000006","5","E14001573","E15000006","E24000005","E30000234","E16000150","E07000241","26ULGJ","E00121402","26ULGJ","E65000001","E01023908","E02004994","7","4B2","E00121402","E01023908","E02004994","E33027673","E38000049","E63011606","E1","6B1",51.726283,-0.201206,"E37000048","","E23000027",31254,"E56000035","E54000025","E00121402","E01023908","E02004994"
"AL9 7RA","AL9  7RA","AL9 7RA","198106","199012","E10000015","E58000629","E07000241","E05011058","E04012223","1","524200","0204000","8","E18000006","E40000007","E92000001","E12000006","5","E14001573","E15000006","E24000005","E30000234","E16000150","E07000241","26ULGJ","E00121409","26ULGJ","E65000001","E01023911","E02004994","6","4B3","E00121409","E01023911","E02004994","E33027676","E38000049","E63011606","D1","6A3",51.720979,-0.203379,"E37000048","","E23000027",29021,"E56000035","E54000025","E00121409","E01023911","E02004994"
"AL9 7RB","AL9  7RB","AL9 7RB","200906","202305","E10000015","E58000628","E07000241","E05011061","E04004819","1","522503","0208775","1","E18000006","E40000007","E92000001","E12000006","5","E14001573","E15000006","E24000005","E30000272","E16000150","E07000241","26ULGM","E00121461","26ULGM","E65000001","E01023920","E02004991","5","2A2","E00121461","E01023920","E02004991","E33024486","E38000049","E63011549","C1","3A2",51.764264,-0.226254,"E37000048","","E23000027",6540,"E56000035","E54000025","E00121461","E01023920","E02004991"
"AL9 7RL","AL9  7RL","AL9 7RL","198001","","E10000015","E58000629","E07000241","E05011058","E04012223","0","525193","0204000","1","E18000006","E40000007","E92000001","E12000006","5","E14001573","E15000006","E24000005","E30000234","E16000150","E07000241","26ULGJ","E00121408","26ULGJ","E65000001","E01023909","E02004994","6","4B3","E00121408","E01023909","E02004994","E33027676","E38000049","E63011606","D1","6A1",51.720763,-0.188988,"E37000048","","E23000027",29661,"E56000035","E54000025","E00121408","E01023909","E02004994"
"AL9 7RN","AL9  7RN","AL9 7RN","198001","","E10000015","E58000629","E07000241","E05011058","E04012223","0","525195","0203956","1","E18000006","E40000007","E92000001","E12000006","5","E14001573","E15000006","E24000005","E30000234","E16000150","E07000241","26ULGJ","E00121408","26ULGJ","E65000001","E01023909","E02004994","6","4B3","E00121408","E01023909","E02004994","E33027676","E38000049","E63011606","D1","6A1",51.720367,-0.188975,"E37000048","","E23000027",29661,"E56000035","E54000025","E00121408","E01023909","E02004994"
"AL9 7RP","AL9  7RP","AL9 7RP","198001","","E10000015","E58000629","E07000241","E05011058","E04012223","0","525172","0204128","1","E18000006","E40000007","E92000001","E12000006","5","E14001573","E15000006","E24000005","E30000234","E16000150","E07000241","26ULGJ","E00121405","26ULGJ","E65000001","E01023908","E02004994","8","4B3","E00121405","E01023908","E02004994","E33027674","E38000049","E63011606","F1","6A1",51.721918,-0.189246,"E37000048","","E23000027",31254,"E56000035","E54000025","E00121405","E01023908","E02004994"
"AL9 7RR","AL9  7RR","AL9 7RR","198001","","E10000015","E58000629","E07000241","E05011058","E04012223","0","525091","0204181","1","E18000006","E40000007","E92000001","E12000006","5","E14001573","E15000006","E24000005","E30000234","E16000150","E07000241","26ULGJ","E00121405","26ULGJ","E65000001","E01023908","E02004994","8","4B3","E00121405","E01023908","E02004994","E33027674","E38000049","E63011606","F1","6A1",51.722412,-0.190399,"E37000048","","E23000027",31254,"E56000035","E54000025","E00121405","E01023908","E02004994"
"AL9 7RS","AL9  7RS","AL9 7RS","198001","","E10000015","E58000629","E07000241","E05011058","E04012223","0","524985","0204187","1","E18000006","E40000007","E92000001","E12000006","5","E14001573","E15000006","E24000005","E30000234","E16000150","E07000241","26ULGJ","E00121405","26ULGJ","E65000001","E01023908","E02004994","8","4B3","E00121405","E01023908","E02004994","E33027674","E38000049","E63011606","F1","6A1",51.722490,-0.191931,"E37000048","","E23000027",31254,"E56000035","E54000025","E00121405","E01023908","E02004994"
"AL9 7RT","AL9  7RT","AL9 7RT","198001","","E10000015","E58000629","E07000241","E05011058","E04012223","0","524878","0204135","1","E18000006","E40000007","E92000001","E12000006","5","E14001573","E15000006","E24000005","E30000234","E16000150","E07000241","26ULGJ","E00121408","26ULGJ","E65000001","E01023909","E02004994","6","4B3","E00121408","E01023909","E02004994","E33027676","E38000049","E63011606","D1","6A1",51.722046,-0.193498,"E37000048","","E23000027",29661,"E56000035","E54000025","E00121408","E01023909","E02004994"
"AL9 7RU","AL9  7RU","AL9 7RU","198001","","E10000015","E58000629","E07000241","E05011058","E04012223","0","524669","0204037","1","E18000006","E40000007","E92000001","E12000006","5","E14001573","E15000006","E24000005","E30000234","E16000150","E07000241","26ULGJ","E00121404","26ULGJ","E65000001","E01023909","E02004994","6","4B3","E00121404","E01023909","E02004994","E33027676","E38000049","E63011606","D1","6A1",51.721212,-0.196557,"E37000048","","E23000027",29661,"E56000035","E54000025","E00121404","E01023909","E02004994"
"AL9 7RW","AL9  7RW","AL9 7RW","198001","","E10000015","E58000629","E07000241","E05011058","E04012223","0","525149","0204081","1","E18000006","E40000007","E92000001","E12000006","5","E14001573","E15000006","E24000005","E30000234","E16000150","E07000241","26ULGJ","E00121408","26ULGJ","E65000001","E01023909","E02004994","6","4B3","E00121408","E01023909","E02004994","E33027676","E38000049","E63011606","D1","6A1",51.721501,-0.189596,"E37000048","","E23000027",29661,"E56000035","E54000025","E00121408","E01023909","E02004994"
"AL9 7RX","AL9  7RX","AL9 7RX","198001","","E10000015","E58000629","E07000241","E05011058","E04012223","0","524587","0204045","1","E18000006","E40000007","E92000001","E12000006","5","E14001573","E15000006","E24000005","E30000234","E16000150","E07000241","26ULGJ","E00121404","26ULGJ","E65000001","E01023909","E02004994","6","4B3","E00121404","E01023909","E02004994","E33027676","E38000049","E63011606","D1","6A1",51.721302,-0.197740,"E37000048","","E23000027",29661,"E56000035","E54000025","E00121404","E01023909","E02004994"
"AL9 7RY","AL9  7RY","AL9 7RY","198001","","E10000015","E58000629","E07000241","E05011058","E04012223","0","524538","0203887","1","E18000006","E40000007","E92000001","E12000006","5","E14001573","E15000006","E24000005","E30000234","E16000150","E07000241","26ULGJ","E00121408","26ULGJ","E65000001","E01023909","E02004994","6","4B3","E00121408","E01023909","E02004994","E33027676","E38000049","E63011606","D1","6A1",51.719893,-0.198506,"E37000048","","E23000027",29661,"E56000035","E54000025","E00121408","E01023909","E02004994"
"AL9 7RZ","AL9  7RZ","AL9 7RZ","198001","","E10000015","E58000629","E07000241","E05011058","E04012223","0","524552","0203844","1","E18000006","E40000007","E92000001","E12000006","5","E14001573","E15000006","E24000005","E30000234","E16000150","E07000241","26ULGJ","E00121408","26ULGJ","E65000001","E01023909","E02004994","6","4B3","E00121408","E01023909","E02004994","E33027676","E38000049","E63011606","D1","6A1",51.719504,-0.198319,"E37000048","","E23000027",29661,"E56000035","E54000025","E00121408","E01023909","E02004994"
"AL9 7SA","AL9  7SA","AL9 7SA","198001","","E10000015","E58000629","E07000241","E05011058","E04012223","0","524471","0203670","1","E18000006","E40000007","E92000001","E12000006","5","E14001573","E15000006","E24000005","E30000234","E16000150","E07000241","26ULGJ","E00121410","26ULGJ","E65000001","E01023908","E02004994","6","4D2","E00121410","E01023908","E02004994","E33027676","E38000049","E63011606","D1","6A1",51.717958,-0.199553,"E37000048","","E23000027",31254,"E56000035","E54000025","E00121410","E01023908","E02004994"
"AL9 7SB","AL9  7SB","AL9 7SB","198001","","E10000015","E58000629","E07000241","E05011058","E04012223","0","524372","0204010","1","E18000006","E40000007","E92000001","E12000006","5","E14001573","E15000006","E24000005","E30000234","E16000150","E07000241","26ULGJ","E00121404","26ULGJ","E65000001","E01023909","E02004994","6","4B3","E00121404","E01023909","E02004994","E33027676","E38000049","E63011606","D1","6A1",51.721035,-0.200864,"E37000048","","E23000027",29661,"E56000035","E54000025","E00121404","E01023909","E02004994"
"AL9 7SD","AL9  7SD","AL9 7SD","198001","199501","E10000015","E58000630","E07000241","E05011071","E04012223","1","524000","0204000","8","E18000006","E40000007","E92000001","E12000006","5","E14001573","E15000006","E24000005","E30000272","E16000150","E07000241","26ULGZ","E00121676","26ULGZ","E65000001","E01023964","E02004993","5","4C2","E00121676","E01023964","E02004993","E33027671","E38000049","","C1","6B2",51.721023,-0.206273,"E37000048","","E23000027",23695,"E56000035","E54000025","E00121676","E01035608","E02007092"
"AL9 7SE","AL9  7SE","AL9 7SE","200801","","E10000015","E58000630","E07000241","E05011071","E04012223","0","523999","0204540","1","E18000006","E40000007","E92000001","E12000006","5","E14001573","E15000006","E24000005","E30000272","E16000150","E07000241","26ULGZ","E00121676","26ULGZ","E65000001","E01023964","E02004993","5","4C2","E00121676","E01023964","E02004993","E33027671","E38000049","E63011606","C1","6B2",51.725881,-0.206073,"E37000048","","E23000027",23695,"E56000035","E54000025","E00121676","E01035608","E02007092"
"AL9 7SL","AL9  7SL","AL9 7SL","199812","","E10000015","E58000630","E07000241","E05011071","E04012223","0","523598","0204628","1","E18000006","E40000007","E92000001","E12000006","5","E14001573","E15000006","E24000005","E30000272","E16000150","E07000241","26ULGZ","E00121688","26ULGZ","E65000001","E01023964","E02004993","8","3C1","E00121688","E01023964","E02004993","E33027669","E38000049","","E1","5A1",51.726760,-0.211844,"E37000048","","E23000027",23695,"E56000035","E54000025","E00121688","E01035608","E02007092"
"AL9 7SN","AL9  7SN","AL9 7SN","198307","","E10000015","E58000630","E07000241","E05011071","E04012223","1","523823","0204652","1","E18000006","E40000007","E92000001","E12000006","5","E14001573","E15000006","E24000005","E30000272","E16000150","E07000241","26ULGZ","E00121688","26ULGZ","E65000001","E01023964","E02004993","8","3C1","E00121688","E01023964","E02004993","E33027669","E38000049","","E1","5A1",51.726922,-0.208602,"E37000048","","E23000027",23695,"E56000035","E54000025","E00121688","E01035608","E02007092"
"AL9 7SP","AL9  7SP","AL9 7SP","198001","199612","E10000015","E58000630","E07000241","E05011071","E04012223","0","523400","0205100","8","E18000006","E40000007","E92000001","E12000006","5","E14001573","E15000006","E24000005","E30000272","E16000150","E07000241","26ULGZ","E00121687","26ULGZ","E65000001","E01023964","E02004993","5","6D1","E00121687","E01023964","E02004993","E33027671","E38000049","E63011583","C1","5A2",51.731041,-0.214565,"E37000048","","E23000027",23695,"E56000035","E54000025","E00121687","E01035608","E02007092"
"AL9 7SR","AL9  7SR","AL9 7SR","198001","199707","E10000015","E58000630","E07000241","E05011071","E04012223","1","523500","0205200","8","E18000006","E40000007","E92000001","E12000006","5","E14001573","E15000006","E24000005","E30000272","E16000150","E07000241","26ULGZ","E00121687","26ULGZ","E65000001","E01023964","E02004993","5","6D1","E00121687","E01023964","E02004993","E33027671","E38000049","E63011583","C1","5A2",51.731918,-0.213082,"E37000048","","E23000027",23695,"E56000035","E54000025","E00121687","E01035608","E02007092"
"AL9 7SS","AL9  7SS","AL9 7SS","201803","","E10000015","E58000629","E07000241","E05011058","E04012223","0","524140","0204153","5","E18000006","E40000007","E92000001","E12000006","5","E14001573","E15000006","E24000005","E30000234","E16000150","E07000241","26ULGJ","E00121407","26ULGJ","E65000001","E01023908","E02004994","7","2B1","E00121407","E01023908","E02004994","E33027673","E38000049","E63011606","D1","5B1",51.722372,-0.204170,"E37000048","","E23000027",31254,"E56000035","E54000025","E00121407","E01023908","E02004994"
"AL9 7ST","AL9  7ST","AL9 7ST","198001","","E10000015","E58000629","E07000241","E05011058","E04012223","0","524140","0204153","1","E18000006","E40000007","E92000001","E12000006","5","E14001573","E15000006","E24000005","E30000234","E16000150","E07000241","26ULGJ","E00121407","26ULGJ","E65000001","E01023908","E02004994","7","2B1","E00121407","E01023908","E02004994","E33027673","E38000049","E63011606","D1","5B1",51.722372,-0.204170,"E37000048","","E23000027",31254,"E56000035","E54000025","E00121407","E01023908","E02004994"
"AL9 7SU","AL9  7SU","AL9 7SU","198001","","E10000015","E58000629","E07000241","E05011058","E04012223","0","524164","0204072","1","E18000006","E40000007","E92000001","E12000006","5","E14001573","E15000006","E24000005","E30000234","E16000150","E07000241","26ULGJ","E00121407","26ULGJ","E65000001","E01023908","E02004994","7","2B1","E00121407","E01023908","E02004994","E33027673","E38000049","E63011606","D1","5B1",51.721639,-0.203851,"E37000048","","E23000027",31254,"E56000035","E54000025","E00121407","E01023908","E02004994"
"AL9 7SW","AL9  7SW","AL9 7SW","198001","","E10000015","E58000630","E07000241","E05011071","E04012223","0","523707","0204871","1","E18000006","E40000007","E92000001","E12000006","5","E14001573","E15000006","E24000005","E30000272","E16000150","E07000241","26ULGZ","E00121688","26ULGZ","E65000001","E01023964","E02004993","8","3C1","E00121688","E01023964","E02004993","E33027669","E38000049","E63011583","E1","5A1",51.728920,-0.210181,"E37000048","","E23000027",23695,"E56000035","E54000025","E00121688","E01035608","E02007092"
"AL9 7SX","AL9  7SX","AL9 7SX","198001","","E10000015","E58000629","E07000241","E05011058","E04012223","0","524504","0203371","1","E18000006","E40000007","E92000001","E12000006","5","E14001573","E15000006","E24000005","E30000234","E16000150","E07000241","26ULGJ","E00121409","26ULGJ","E65000001","E01023911","E02004994","6","4B3","E00121409","E01023911","E02004994","E33027676","E38000049","E63011606","D1","6A3",51.715264,-0.199182,"E37000048","","E23000027",29021,"E56000035","E54000025","E00121409","E01023911","E02004994"
"AL9 7SY","AL9  7SY","AL9 7SY","198001","200512","E10000015","E58000630","E07000241","E05011071","E04012223","0","523500","0203100","5","E18000006","E40000007","E92000001","E12000006","5","E14001573","E15000006","E24000005","E30000272","E16000150","E07000241","26ULGZ","E00121677","26ULGZ","E65000001","E01023964","E02004993","7","4D1","E00121677","E01023964","E02004993","E33027671","E38000049","E63011633","E1","5B2",51.713046,-0.213826,"E37000048","","E23000027",23695,"E56000035","E54000025","E00121677","E01035608","E02007092"
"AL9 7SZ","AL9  7SZ","AL9 7SZ","198001","","E10000015","E58000630","E07000241","E05011071","E04012223","0","523580","0203154","1","E18000006","E40000007","E92000001","E12000006","5","E14001573","E15000006","E24000005","E30000272","E16000150","E07000241","26ULGZ","E00121677","26ULGZ","E65000001","E01023964","E02004993","7","4D1","E00121677","E01023964","E02004993","E33027671","E38000049","E63011633","E1","5B2",51.713518,-0.212627,"E37000048","","E23000027",23695,"E56000035","E54000025","E00121677","E01035608","E02007092"
"AL9 7TA","AL9  7TA","AL9 7TA","198001","","E10000015","E58000630","E07000241","E05011071","E04012223","0","523708","0203164","1","E18000006","E40000007","E92000001","E12000006","5","E14001573","E15000006","E24000005","E30000272","E16000150","E07000241","26ULGZ","E00121677","26ULGZ","E65000001","E01023964","E02004993","7","4D1","E00121677","E01023964","E02004993","E33027671","E38000049","E63011633","E1","5B2",51.713575,-0.210795,"E37000048","","E23000027",23695,"E56000035","E54000025","E00121677","E01035608","E02007092"
"AL9 7TB","AL9  7TB","AL9 7TB","198001","","E10000015","E58000630","E07000241","E05011071","E04012223","0","523419","0203100","1","E18000006","E40000007","E92000001","E12000006","5","E14001573","E15000006","E24000005","E30000272","E16000150","E07000241","26ULGZ","E00121677","26ULGZ","E65000001","E01023964","E02004993","7","4D1","E00121677","E01023964","E02004993","E33027671","E38000049","E63011633","E1","5B2",51.713068,-0.214975,"E37000048","","E23000027",23695,"E56000035","E54000025","E00121677","E01035608","E02007092"
"AL9 7TD","AL9  7TD","AL9 7TD","198001","","E10000015","E58000630","E07000241","E05011071","E04012223","0","523310","0203203","1","E18000006","E40000007","E92000001","E12000006","5","E14001573","E15000006","E24000005","E30000272","E16000150","E07000241","26ULGZ","E00121677","26ULGZ","E65000001","E01023964","E02004993","7","4D1","E00121677","E01023964","E02004993","E33027671","E38000049","E63011633","E1","5B2",51.714017,-0.216516,"E37000048","","E23000027",23695,"E56000035","E54000025","E00121677","E01035608","E02007092"
"AL9 7TE","AL9  7TE","AL9 7TE","198001","","E10000015","E58000630","E07000241","E05011071","E04012223","0","523515","0203145","1","E18000006","E40000007","E92000001","E12000006","5","E14001573","E15000006","E24000005","E30000272","E16000150","E07000241","26ULGZ","E00121677","26ULGZ","E65000001","E01023964","E02004993","7","4D1","E00121677","E01023964","E02004993","E33027671","E38000049","E63011633","E1","5B2",51.713451,-0.213570,"E37000048","","E23000027",23695,"E56000035","E54000025","E00121677","E01035608","E02007092"
"AL9 7TF","AL9  7TF","AL9 7TF","198001","","E10000015","E58000630","E07000241","E05011071","E04012223","0","523482","0203232","1","E18000006","E40000007","E92000001","E12000006","5","E14001573","E15000006","E24000005","E30000272","E16000150","E07000241","26ULGZ","E00121677","26ULGZ","E65000001","E01023964","E02004993","7","4D1","E00121677","E01023964","E02004993","E33027671","E38000049","E63011633","E1","5B2",51.714240,-0.214017,"E37000048","","E23000027",23695,"E56000035","E54000025","E00121677","E01035608","E02007092"
"AL9 7TG","AL9  7TG","AL9 7TG","198001","","E10000015","E58000630","E07000241","E05011071","E04012223","0","522937","0203253","1","E18000006","E40000007","E92000001","E12000006","5","E14001573","E15000006","E24000005","E30000272","E16000150","E07000241","26ULGZ","E00121677","26ULGZ","E65000001","E01023964","E02004993","7","4D1","E00121677","E01023964","E02004993","E33027671","E38000049","","E1","5B2",51.714548,-0.221894,"E37000048","","E23000027",23695,"E56000035","E54000025","E00121677","E01035608","E02007092"
"AL9 7TH","AL9  7TH","AL9 7TH","198001","","E10000015","E58000630","E07000241","E05011071","E04012223","0","522729","0204248","1","E18000006","E40000007","E92000001","E12000006","5","E14001573","E15000006","E24000005","E30000272","E16000150","E07000241","26ULGZ","E00121688","26ULGZ","E65000001","E01023964","E02004993","8","3C1","E00121688","E01023964","E02004993","E33027669","E38000049","","E1","5A1",51.723536,-0.224553,"E37000048","","E23000027",23695,"E56000035","E54000025","E00121688","E01035608","E02007092"
"AL9 7TJ","AL9  7TJ","AL9 7TJ","198001","","E10000015","E58000630","E07000241","E05011071","E04012223","0","522707","0204316","1","E18000006","E40000007","E92000001","E12000006","5","E14001573","E15000006","E24000005","E30000272","E16000150","E07000241","26ULGZ","E00121688","26ULGZ","E65000001","E01023964","E02004993","8","3C1","E00121688","E01023964","E02004993","E33027669","E38000049","","E1","5A1",51.724152,-0.224848,"E37000048","","E23000027",23695,"E56000035","E54000025","E00121688","E01035608","E02007092"
"AL9 7TL","AL9  7TL","AL9 7TL","200006","","E10000015","E58000630","E07000241","E05011071","E04012223","0","523525","0203302","1","E18000006","E40000007","E92000001","E12000006","5","E14001573","E15000006","E24000005","E30000272","E16000150","E07000241","26ULGZ","E00121677","26ULGZ","E65000001","E01023964","E02004993","7","4D1","E00121677","E01023964","E02004993","E33027671","E38000049","E63011633","E1","5B2",51.714860,-0.213370,"E37000048","","E23000027",23695,"E56000035","E54000025","E00121677","E01035608","E02007092"
"AL9 7TN","AL9  7TN","AL9 7TN","198001","","E10000015","E58000630","E07000241","E05011071","E04012223","0","522184","0204478","1","E18000006","E40000007","E92000001","E12000006","5","E14001573","E15000006","E24000005","E30000272","E16000150","E07000241","26ULGZ","E00121688","26ULGZ","E65000001","E01023964","E02004993","8","3C1","E00121688","E01023964","E02004993","E33027669","E38000049","","E1","5A1",51.725722,-0.232359,"E37000048","","E23000027",23695,"E56000035","E54000025","E00121688","E01035608","E02007092"
"AL9 7TP","AL9  7TP","AL9 7TP","200401","","E10000015","E58000630","E07000241","E05011071","E04012223","0","522670","0204218","1","E18000006","E40000007","E92000001","E12000006","5","E14001573","E15000006","E24000005","E30000272","E16000150","E07000241","26ULGZ","E00121688","26ULGZ","E65000001","E01023964","E02004993","8","3C1","E00121688","E01023964","E02004993","E33027669","E38000049","","E1","5A1",51.723275,-0.225440,"E37000048","","E23000027",23695,"E56000035","E54000025","E00121688","E01035608","E02007092"
"AL9 7TQ","AL9  7TQ","AL9 7TQ","198607","200302","E10000015","E58000628","E07000241","E05011061","E04004819","1","522507","0208780","1","E18000006","E40000007","E92000001","E12000006","5","E14001573","E15000006","E24000005","E30000272","E16000150","E07000241","26ULGM","E00121461","26ULGM","E65000001","E01023920","E02004991","5","2A2","E00121461","E01023920","E02004991","E33024486","E38000049","E63011549","C1","3A2",51.764308,-0.226194,"E37000048","","E23000027",6540,"E56000035","E54000025","E00121461","E01023920","E02004991"
"AL9 7TR","AL9  7TR","AL9 7TR","198001","","E10000015","E58000630","E07000241","E05011071","E04012223","0","521804","0204097","1","E18000006","E40000007","E92000001","E12000006","5","E14001573","E15000006","E24000005","E30000272","E16000150","E07000241","26ULGZ","E00121688","26ULGZ","E65000001","E01023964","E02004993","8","3C1","E00121688","E01023964","E02004993","E33027669","E38000049","","E1","5A1",51.722381,-0.237991,"E37000048","","E23000027",23695,"E56000035","E54000025","E00121688","E01035608","E02007092"
"AL9 7TS","AL9  7TS","AL9 7TS","198001","","E10000015","E58000630","E07000241","E05011071","E04012223","0","522869","0204303","1","E18000006","E40000007","E92000001","E12000006","5","E14001573","E15000006","E24000005","E30000272","E16000150","E07000241","26ULGZ","E00121688","26ULGZ","E65000001","E01023964","E02004993","8","3C1","E00121688","E01023964","E02004993","E33027669","E38000049","","E1","5A1",51.724000,-0.222508,"E37000048","","E23000027",23695,"E56000035","E54000025","E00121688","E01035608","E02007092"
"AL9 7TT","AL9  7TT","AL9 7TT","198001","","E10000015","E58000630","E07000241","E05011071","E04012223","0","522934","0204165","1","E18000006","E40000007","E92000001","E12000006","5","E14001573","E15000006","E24000005","E30000272","E16000150","E07000241","26ULGZ","E00121688","26ULGZ","E65000001","E01023964","E02004993","8","3C1","E00121688","E01023964","E02004993","E33027669","E38000049","","E1","5A1",51.722745,-0.221616,"E37000048","","E23000027",23695,"E56000035","E54000025","E00121688","E01035608","E02007092"
"AL9 7TU","AL9  7TU","AL9 7TU","198001","","E10000015","E58000630","E07000241","E05011071","E04012223","0","523184","0203651","1","E18000006","E40000007","E92000001","E12000006","5","E14001573","E15000006","E24000005","E30000272","E16000150","E07000241","26ULGZ","E00121688","26ULGZ","E65000001","E01023964","E02004993","8","3C1","E00121688","E01023964","E02004993","E33027669","E38000049","","E1","5A1",51.718071,-0.218180,"E37000048","","E23000027",23695,"E56000035","E54000025","E00121688","E01035608","E02007092"
"AL9 7TW","AL9  7TW","AL9 7TW","198001","","E10000015","E58000630","E07000241","E05011071","E04012223","0","521993","0204829","1","E18000006","E40000007","E92000001","E12000006","5","E14001573","E15000006","E24000005","E30000272","E16000150","E07000241","26ULGZ","E00121688","26ULGZ","E65000001","E01023964","E02004993","8","3C1","E00121688","E01023964","E02004993","E33027669","E38000049","","E1","5A1",51.728918,-0.235000,"E37000048","","E23000027",23695,"E56000035","E54000025","E00121688","E01035608","E02007092"
"AL9 7TX","AL9  7TX","AL9 7TX","198001","","E10000015","E58000630","E07000241","E05011071","E04012223","0","522993","0203764","1","E18000006","E40000007","E92000001","E12000006","5","E14001573","E15000006","E24000005","E30000272","E16000150","E07000241","26ULGZ","E00121688","26ULGZ","E65000001","E01023964","E02004993","8","3C1","E00121688","E01023964","E02004993","E33027669","E38000049","","E1","5A1",51.719129,-0.220904,"E37000048","","E23000027",23695,"E56000035","E54000025","E00121688","E01035608","E02007092"
"AL9 7TY","AL9  7TY","AL9 7TY","198001","","E10000015","E58000630","E07000241","E05011071","E04012223","0","523033","0203276","1","E18000006","E40000007","E92000001","E12000006","5","E14001573","E15000006","E24000005","E30000272","E16000150","E07000241","26ULGZ","E00121677","26ULGZ","E65000001","E01023964","E02004993","7","4D1","E00121677","E01023964","E02004993","E33027671","E38000049","","E1","5B2",51.714734,-0.220497,"E37000048","","E23000027",23695,"E56000035","E54000025","E00121677","E01035608","E02007092"
"AL9 7UG","AL9  7UG","AL9 7UG","198001","","E10000015","E58000629","E07000241","E05011058","E04012223","0","524172","0203850","1","E18000006","E40000007","E92000001","E12000006","5","E14001573","E15000006","E24000005","E30000234","E16000150","E07000241","26ULGJ","E00121409","26ULGJ","E65000001","E01023911","E02004994","6","4B3","E00121409","E01023911","E02004994","E33027676","E38000049","E63011606","D1","6A3",51.719642,-0.203815,"E37000048","","E23000027",29021,"E56000035","E54000025","E00121409","E01023911","E02004994"
"AL9 7UH","AL9  7UH","AL9 7UH","198001","","E10000015","E58000629","E07000241","E05011058","E04012223","0","524297","0203845","1","E18000006","E40000007","E92000001","E12000006","5","E14001573","E15000006","E24000005","E30000234","E16000150","E07000241","26ULGJ","E00121410","26ULGJ","E65000001","E01023908","E02004994","6","4D2","E00121410","E01023908","E02004994","E33027676","E38000049","E63011606","D1","6A1",51.719569,-0.202008,"E37000048","","E23000027",31254,"E56000035","E54000025","E00121410","E01023908","E02004994"
"AL9 7UJ","AL9  7UJ","AL9 7UJ","198001","","E10000015","E58000629","E07000241","E05011058","E04012223","0","524338","0203812","1","E18000006","E40000007","E92000001","E12000006","5","E14001573","E15000006","E24000005","E30000234","E16000150","E07000241","26ULGJ","E00121410","26ULGJ","E65000001","E01023908","E02004994","6","4D2","E00121410","E01023908","E02004994","E33027676","E38000049","E63011606","D1","6A1",51.719264,-0.201426,"E37000048","","E23000027",31254,"E56000035","E54000025","E00121410","E01023908","E02004994"
"AL9 7UL","AL9  7UL","AL9 7UL","198001","","E10000015","E58000629","E07000241","E05011058","E04012223","0","524296","0203638","1","E18000006","E40000007","E92000001","E12000006","5","E14001573","E15000006","E24000005","E30000234","E16000150","E07000241","26ULGJ","E00121409","26ULGJ","E65000001","E01023911","E02004994","6","4B3","E00121409","E01023911","E02004994","E33027676","E38000049","E63011606","D1","6A3",51.717709,-0.202096,"E37000048","","E23000027",29021,"E56000035","E54000025","E00121409","E01023911","E02004994"
"AL9 7UN","AL9  7UN","AL9 7UN","198001","","E10000015","E58000629","E07000241","E05011058","E04012223","0","524431","0203595","1","E18000006","E40000007","E92000001","E12000006","5","E14001573","E15000006","E24000005","E30000234","E16000150","E07000241","26ULGJ","E00121409","26ULGJ","E65000001","E01023911","E02004994","6","4B3","E00121409","E01023911","E02004994","E33027676","E38000049","E63011606","D1","6A3",51.717293,-0.200158,"E37000048","","E23000027",29021,"E56000035","E54000025","E00121409","E01023911","E02004994"
"AL9 7UP","AL9  7UP","AL9 7UP","198001","","E10000015","E58000629","E07000241","E05011058","E04012223","0","524308","0204005","1","E18000006","E40000007","E92000001","E12000006","5","E14001573","E15000006","E24000005","E30000234","E16000150","E07000241","26ULGJ","E00121410","26ULGJ","E65000001","E01023908","E02004994","6","4D2","E00121410","E01023908","E02004994","E33027676","E38000049","E63011606","D1","6A1",51.721005,-0.201792,"E37000048","","E23000027",31254,"E56000035","E54000025","E00121410","E01023908","E02004994"
"AL9 7UQ","AL9  7UQ","AL9 7UQ","198001","","E10000015","E58000629","E07000241","E05011058","E04012223","0","524211","0203837","1","E18000006","E40000007","E92000001","E12000006","5","E14001573","E15000006","E24000005","E30000234","E16000150","E07000241","26ULGJ","E00121409","26ULGJ","E65000001","E01023911","E02004994","6","4B3","E00121409","E01023911","E02004994","E33027676","E38000049","E63011606","D1","6A3",51.719516,-0.203255,"E37000048","","E23000027",29021,"E56000035","E54000025","E00121409","E01023911","E02004994"
"AL9 7UR","AL9  7UR","AL9 7UR","198001","","E10000015","E58000629","E07000241","E05011058","E04012223","0","524155","0204337","1","E18000006","E40000007","E92000001","E12000006","5","E14001573","E15000006","E24000005","E30000234","E16000150","E07000241","26ULGJ","E00121402","26ULGJ","E65000001","E01023908","E02004994","7","4B2","E00121402","E01023908","E02004994","E33027673","E38000049","E63011606","E1","6B1",51.724022,-0.203887,"E37000048","","E23000027",31254,"E56000035","E54000025","E00121402","E01023908","E02004994"
"AL9 7UT","AL9  7UT","AL9 7UT","198001","","E10000015","E58000629","E07000241","E05011058","E04012223","0","524178","0204587","1","E18000006","E40000007","E92000001","E12000006","5","E14001573","E15000006","E24000005","E30000234","E16000150","E07000241","26ULGJ","E00121402","26ULGJ","E65000001","E01023908","E02004994","7","4B2","E00121402","E01023908","E02004994","E33027673","E38000049","E63011606","E1","6B1",51.726264,-0.203466,"E37000048","","E23000027",31254,"E56000035","E54000025","E00121402","E01023908","E02004994"
"AL9 7UU","AL9  7UU","AL9 7UU","198001","","E10000015","E58000629","E07000241","E05011058","E04012223","0","524195","0204365","1","E18000006","E40000007","E92000001","E12000006","5","E14001573","E15000006","E24000005","E30000234","E16000150","E07000241","26ULGJ","E00121402","26ULGJ","E65000001","E01023908","E02004994","7","4B2","E00121402","E01023908","E02004994","E33027673","E38000049","E63011606","E1","6B1",51.724265,-0.203299,"E37000048","","E23000027",31254,"E56000035","E54000025","E00121402","E01023908","E02004994"
"AL9 7UW","AL9  7UW","AL9 7UW","198001","","E10000015","E58000629","E07000241","E05011058","E04012223","0","524423","0203810","1","E18000006","E40000007","E92000001","E12000006","5","E14001573","E15000006","E24000005","E30000234","E16000150","E07000241","26ULGJ","E00121410","26ULGJ","E65000001","E01023908","E02004994","6","4D2","E00121410","E01023908","E02004994","E33027676","E38000049","E63011606","D1","6A1",51.719227,-0.200197,"E37000048","","E23000027",31254,"E56000035","E54000025","E00121410","E01023908","E02004994"
"AL9 7UX","AL9  7UX","AL9 7UX","198001","","E10000015","E58000629","E07000241","E05011058","E04012223","0","524251","0204340","1","E18000006","E40000007","E92000001","E12000006","5","E14001573","E15000006","E24000005","E30000234","E16000150","E07000241","26ULGJ","E00121402","26ULGJ","E65000001","E01023908","E02004994","7","4B2","E00121402","E01023908","E02004994","E33027673","E38000049","E63011606","E1","6B1",51.724028,-0.202497,"E37000048","","E23000027",31254,"E56000035","E54000025","E00121402","E01023908","E02004994"
"AL9 7WA","AL9  7WA","AL9 7WA","200112","200207","E10000015","E58000629","E07000241","E05011058","E04012223","1","524253","0204340","5","E18000006","E40000007","E92000001","E12000006","5","E14001573","E15000006","E24000005","E30000234","E16000150","E07000241","26ULGJ","E00121402","26ULGJ","E65000001","E01023908","E02004994","7","4B2","E00121402","E01023908","E02004994","E33027673","E38000049","E63011606","E1","6B1",51.724023,-0.202491,"E37000048","","E23000027",31254,"E56000035","E54000025","E00121402","E01023908","E02004994"
"AL9 7WB","AL9  7WB","AL9 7WB","200112","200302","E10000015","E58000629","E07000241","E05011058","E04012223","1","524253","0204340","5","E18000006","E40000007","E92000001","E12000006","5","E14001573","E15000006","E24000005","E30000234","E16000150","E07000241","26ULGJ","E00121402","26ULGJ","E65000001","E01023908","E02004994","7","4B2","E00121402","E01023908","E02004994","E33027673","E38000049","E63011606","E1","6B1",51.724023,-0.202491,"E37000048","","E23000027",31254,"E56000035","E54000025","E00121402","E01023908","E02004994"
"AL9 7WD","AL9  7WD","AL9 7WD","200205","200306","E10000015","E58000629","E07000241","E05011058","E04012223","1","524253","0204340","5","E18000006","E40000007","E92000001","E12000006","5","E14001573","E15000006","E24000005","E30000234","E16000150","E07000241","26ULGJ","E00121402","26ULGJ","E65000001","E01023908","E02004994","7","4B2","E00121402","E01023908","E02004994","E33027673","E38000049","E63011606","E1","6B1",51.724023,-0.202491,"E37000048","","E23000027",31254,"E56000035","E54000025","E00121402","E01023908","E02004994"
"AL9 7WX","AL9  7WX","AL9 7WX","200410","200911","E10000015","E58000628","E07000241","E05011061","E04004819","1","522507","0208780","1","E18000006","E40000007","E92000001","E12000006","5","E14001573","E15000006","E24000005","E30000272","E16000150","E07000241","26ULGM","E00121461","26ULGM","E65000001","E01023920","E02004991","5","2A2","E00121461","E01023920","E02004991","E33024486","E38000049","E63011549","C1","3A2",51.764308,-0.226194,"E37000048","","E23000027",6540,"E56000035","E54000025","E00121461","E01023920","E02004991"
"AL9 7WY","AL9  7WY","AL9 7WY","200408","201209","E10000015","E58000628","E07000241","E05011061","E04004819","1","522507","0208780","1","E18000006","E40000007","E92000001","E12000006","5","E14001573","E15000006","E24000005","E30000272","E16000150","E07000241","26ULGM","E00121461","26ULGM","E65000001","E01023920","E02004991","5","2A2","E00121461","E01023920","E02004991","E33024486","E38000049","E63011549","C1","3A2",51.764308,-0.226194,"E37000048","","E23000027",6540,"E56000035","E54000025","E00121461","E01023920","E02004991"
"AL9 7WZ","AL9  7WZ","AL9 7WZ","200408","200511","E10000015","E58000628","E07000241","E05011061","E04004819","1","522507","0208780","1","E18000006","E40000007","E92000001","E12000006","5","E14001573","E15000006","E24000005","E30000272","E16000150","E07000241","26ULGM","E00121461","26ULGM","E65000001","E01023920","E02004991","5","2A2","E00121461","E01023920","E02004991","E33024486","E38000049","E63011549","C1","3A2",51.764308,-0.226194,"E37000048","","E23000027",6540,"E56000035","E54000025","E00121461","E01023920","E02004991"
"AL9 7XA","AL9  7XA","AL9 7XA","200208","200310","E10000015","E58000629","E07000241","E05011058","E04012223","1","524253","0204340","5","E18000006","E40000007","E92000001","E12000006","5","E14001573","E15000006","E24000005","E30000234","E16000150","E07000241","26ULGJ","E00121402","26ULGJ","E65000001","E01023908","E02004994","7","4B2","E00121402","E01023908","E02004994","E33027673","E38000049","E63011606","E1","6B1",51.724023,-0.202491,"E37000048","","E23000027",31254,"E56000035","E54000025","E00121402","E01023908","E02004994"
"AL9 7XN","AL9  7XN","AL9 7XN","200208","200402","E10000015","E58000629","E07000241","E05011058","E04012223","1","524253","0204340","5","E18000006","E40000007","E92000001","E12000006","5","E14001573","E15000006","E24000005","E30000234","E16000150","E07000241","26ULGJ","E00121402","26ULGJ","E65000001","E01023908","E02004994","7","4B2","E00121402","E01023908","E02004994","E33027673","E38000049","E63011606","E1","6B1",51.724023,-0.202491,"E37000048","","E23000027",31254,"E56000035","E54000025","E00121402","E01023908","E02004994"
"AL9 7XQ","AL9  7XQ","AL9 7XQ","200307","200806","E10000015","E58000628","E07000241","E05011061","E04004819","1","522507","0208780","1","E18000006","E40000007","E92000001","E12000006","5","E14001573","E15000006","E24000005","E30000272","E16000150","E07000241","26ULGM","E00121461","26ULGM","E65000001","E01023920","E02004991","5","2A2","E00121461","E01023920","E02004991","E33024486","E38000049","E63011549","C1","3A2",51.764308,-0.226194,"E37000048","","E23000027",6540,"E56000035","E54000025","E00121461","E01023920","E02004991"
"AL9 7XS","AL9  7XS","AL9 7XS","200211","200605","E10000015","E58000628","E07000241","E05011061","E04004819","1","522507","0208780","1","E18000006","E40000007","E92000001","E12000006","5","E14001573","E15000006","E24000005","E30000272","E16000150","E07000241","26ULGM","E00121461","26ULGM","E65000001","E01023920","E02004991","5","2A2","E00121461","E01023920","E02004991","E33024486","E38000049","E63011549","C1","3A2",51.764308,-0.226194,"E37000048","","E23000027",6540,"E56000035","E54000025","E00121461","E01023920","E02004991"
"AL9 7YZ","AL9  7YZ","AL9 7YZ","198803","","E10000015","E58000630","E07000241","E05011071","E04012223","0","522875","0205590","1","E18000006","E40000007","E92000001","E12000006","5","E14001573","E15000006","E24000005","E30000272","E16000150","E07000241","26ULGZ","E00121683","26ULGZ","E65000001","E01023963","E02004993","5","1C1","E00121683","E01023963","E02004993","E33024506","E38000049","E63011583","C1","8D2",51.735565,-0.221968,"E37000048","","E23000027",22000,"E56000035","E54000025","E00121683","E01023963","E02007092"
"AL9 7ZD","AL9  7ZD","AL9 7ZD","199712","199906","E10000015","E58000630","E07000241","E05011071","E04012223","1","523823","0204652","6","E18000006","E40000007","E92000001","E12000006","5","E14001573","E15000006","E24000005","E30000272","E16000150","E07000241","26ULGZ","E00121688","26ULGZ","E65000001","E01023964","E02004993","8","3C1","E00121688","E01023964","E02004993","E33027669","E38000049","","E1","5A1",51.726922,-0.208602,"E37000048","","E23000027",23695,"E56000035","E54000025","E00121688","E01035608","E02007092"
"AL9 7ZE","AL9  7ZE","AL9 7ZE","199712","200006","E10000015","E58000630","E07000241","E05011071","E04012223","1","523823","0204652","6","E18000006","E40000007","E92000001","E12000006","5","E14001573","E15000006","E24000005","E30000272","E16000150","E07000241","26ULGZ","E00121688","26ULGZ","E65000001","E01023964","E02004993","8","3C1","E00121688","E01023964","E02004993","E33027669","E38000049","","E1","5A1",51.726922,-0.208602,"E37000048","","E23000027",23695,"E56000035","E54000025","E00121688","E01035608","E02007092"
"AL9 7ZF","AL9  7ZF","AL9 7ZF","200707","202101","E10000015","E58000628","E07000241","E05011061","E04004819","1","522503","0208775","1","E18000006","E40000007","E92000001","E12000006","5","E14001573","E15000006","E24000005","E30000272","E16000150","E07000241","26ULGM","E00121461","26ULGM","E65000001","E01023920","E02004991","5","2A2","E00121461","E01023920","E02004991","E33024486","E38000049","E63011549","C1","3A2",51.764264,-0.226254,"E37000048","","E23000027",6540,"E56000035","E54000025","E00121461","E01023920","E02004991"
"AL9 7ZG","AL9  7ZG","AL9 7ZG","199806","200204","E10000015","E58000628","E07000241","E05011061","E04004819","1","522507","0208780","1","E18000006","E40000007","E92000001","E12000006","5","E14001573","E15000006","E24000005","E30000272","E16000150","E07000241","26ULGM","E00121461","26ULGM","E65000001","E01023920","E02004991","5","2A2","E00121461","E01023920","E02004991","E33024486","E38000049","E63011549","C1","3A2",51.764308,-0.226194,"E37000048","","E23000027",6540,"E56000035","E54000025","E00121461","E01023920","E02004991"
"AL9 7ZH","AL9  7ZH","AL9 7ZH","199806","200101","E10000015","E58000629","E07000241","E05011058","E04012223","1","524119","0204627","6","E18000006","E40000007","E92000001","E12000006","5","E14001573","E15000006","E24000005","E30000234","E16000150","E07000241","26ULGJ","E00121402","26ULGJ","E65000001","E01023908","E02004994","7","4B2","E00121402","E01023908","E02004994","E33027673","E38000049","E63011606","E1","6B1",51.726632,-0.204328,"E37000048","","E23000027",31254,"E56000035","E54000025","E00121402","E01023908","E02004994"
"AL9 7ZJ","AL9  7ZJ","AL9 7ZJ","200408","200610","E10000015","E58000628","E07000241","E05011061","E04004819","1","522507","0208780","1","E18000006","E40000007","E92000001","E12000006","5","E14001573","E15000006","E24000005","E30000272","E16000150","E07000241","26ULGM","E00121461","26ULGM","E65000001","E01023920","E02004991","5","2A2","E00121461","E01023920","E02004991","E33024486","E38000049","E63011549","C1","3A2",51.764308,-0.226194,"E37000048","","E23000027",6540,"E56000035","E54000025","E00121461","E01023920","E02004991"
"AL9 7ZL","AL9  7ZL","AL9 7ZL","201406","201507","E10000015","E58000628","E07000241","E05011061","E04004819","1","522507","0208780","1","E18000006","E40000007","E92000001","E12000006","5","E14001573","E15000006","E24000005","E30000272","E16000150","E07000241","26ULGM","E00121461","26ULGM","E65000001","E01023920","E02004991","5","2A2","E00121461","E01023920","E02004991","E33024486","E38000049","E63011549","C1","3A2",51.764308,-0.226194,"E37000048","","E23000027",6540,"E56000035","E54000025","E00121461","E01023920","E02004991"
"AL9 7ZN","AL9  7ZN","AL9 7ZN","200401","200603","E10000015","E58000628","E07000241","E05011061","E04004819","1","522507","0208780","1","E18000006","E40000007","E92000001","E12000006","5","E14001573","E15000006","E24000005","E30000272","E16000150","E07000241","26ULGM","E00121461","26ULGM","E65000001","E01023920","E02004991","5","2A2","E00121461","E01023920","E02004991","E33024486","E38000049","E63011549","C1","3A2",51.764308,-0.226194,"E37000048","","E23000027",6540,"E56000035","E54000025","E00121461","E01023920","E02004991"
"AL9 7ZP","AL9  7ZP","AL9 7ZP","199806","199912","E10000015","E58000630","E07000241","E05011071","E04012223","1","522800","0205500","8","E18000006","E40000007","E92000001","E12000006","5","E14001573","E15000006","E24000005","E30000272","E16000150","E07000241","26ULGZ","E00121683","26ULGZ","E65000001","E01023963","E02004993","5","1C1","E00121683","E01023963","E02004993","E33024506","E38000049","E63011583","C1","8D2",51.734767,-0.223108,"E37000048","","E23000027",22000,"E56000035","E54000025","E00121683","E01023963","E02007092"
"AL9 7ZQ","AL9  7ZQ","AL9 7ZQ","200310","200602","E10000015","E58000628","E07000241","E05011061","E04004819","1","522507","0208780","1","E18000006","E40000007","E92000001","E12000006","5","E14001573","E15000006","E24000005","E30000272","E16000150","E07000241","26ULGM","E00121461","26ULGM","E65000001","E01023920","E02004991","5","2A2","E00121461","E01023920","E02004991","E33024486","E38000049","E63011549","C1","3A2",51.764308,-0.226194,"E37000048","","E23000027",6540,"E56000035","E54000025","E00121461","E01023920","E02004991"
"AL9 7ZR","AL9  7ZR","AL9 7ZR","199906","200408","E10000015","E58000628","E07000241","E05011061","E04004819","1","522507","0208780","1","E18000006","E40000007","E92000001","E12000006","5","E14001573","E15000006","E24000005","E30000272","E16000150","E07000241","26ULGM","E00121461","26ULGM","E65000001","E01023920","E02004991","5","2A2","E00121461","E01023920","E02004991","E33024486","E38000049","E63011549","C1","3A2",51.764308,-0.226194,"E37000048","","E23000027",6540,"E56000035","E54000025","E00121461","E01023920","E02004991"
"AL9 7ZS","AL9  7ZS","AL9 7ZS","200012","200203","E10000015","E58000628","E07000241","E05011061","E04004819","1","522507","0208780","1","E18000006","E40000007","E92000001","E12000006","5","E14001573","E15000006","E24000005","E30000272","E16000150","E07000241","26ULGM","E00121461","26ULGM","E65000001","E01023920","E02004991","5","2A2","E00121461","E01023920","E02004991","E33024486","E38000049","E63011549","C1","3A2",51.764308,-0.226194,"E37000048","","E23000027",6540,"E56000035","E54000025","E00121461","E01023920","E02004991"
"AL9 7ZT","AL9  7ZT","AL9 7ZT","200012","200310","E10000015","E58000628","E07000241","E05011061","E04004819","1","522507","0208780","1","E18000006","E40000007","E92000001","E12000006","5","E14001573","E15000006","E24000005","E30000272","E16000150","E07000241","26ULGM","E00121461","26ULGM","E65000001","E01023920","E02004991","5","2A2","E00121461","E01023920","E02004991","E33024486","E38000049","E63011549","C1","3A2",51.764308,-0.226194,"E37000048","","E23000027",6540,"E56000035","E54000025","E00121461","E01023920","E02004991"
"AL9 7ZU","AL9  7ZU","AL9 7ZU","201005","201509","E10000015","E58000628","E07000241","E05011061","E04004819","1","522507","0208780","1","E18000006","E40000007","E92000001","E12000006","5","E14001573","E15000006","E24000005","E30000272","E16000150","E07000241","26ULGM","E00121461","26ULGM","E65000001","E01023920","E02004991","5","2A2","E00121461","E01023920","E02004991","E33024486","E38000049","E63011549","C1","3A2",51.764308,-0.226194,"E37000048","","E23000027",6540,"E56000035","E54000025","E00121461","E01023920","E02004991"
"AL9 7ZW","AL9  7ZW","AL9 7ZW","200606","200607","E10000015","E58000628","E07000241","E05011061","E04004819","1","522507","0208780","1","E18000006","E40000007","E92000001","E12000006","5","E14001573","E15000006","E24000005","E30000272","E16000150","E07000241","26ULGM","E00121461","26ULGM","E65000001","E01023920","E02004991","5","2A2","E00121461","E01023920","E02004991","E33024486","E38000049","E63011549","C1","3A2",51.764308,-0.226194,"E37000048","","E23000027",6540,"E56000035","E54000025","E00121461","E01023920","E02004991"
"AL9 7ZX","AL9  7ZX","AL9 7ZX","199912","200311","E10000015","E58000628","E07000241","E05011061","E04004819","1","522507","0208780","1","E18000006","E40000007","E92000001","E12000006","5","E14001573","E15000006","E24000005","E30000272","E16000150","E07000241","26ULGM","E00121461","26ULGM","E65000001","E01023920","E02004991","5","2A2","E00121461","E01023920","E02004991","E33024486","E38000049","E63011549","C1","3A2",51.764308,-0.226194,"E37000048","","E23000027",6540,"E56000035","E54000025","E00121461","E01023920","E02004991"
"AL9 7ZY","AL9  7ZY","AL9 7ZY","199912","200211","E10000015","E58000628","E07000241","E05011061","E04004819","1","522507","0208780","1","E18000006","E40000007","E92000001","E12000006","5","E14001573","E15000006","E24000005","E30000272","E16000150","E07000241","26ULGM","E00121461","26ULGM","E65000001","E01023920","E02004991","5","2A2","E00121461","E01023920","E02004991","E33024486","E38000049","E63011549","C1","3A2",51.764308,-0.226194,"E37000048","","E23000027",6540,"E56000035","E54000025","E00121461","E01023920","E02004991"
"AL9 7ZZ","AL9  7ZZ","AL9 7ZZ","199912","200101","E10000015","E58000629","E07000241","E05011058","E04012223","1","524119","0204627","6","E18000006","E40000007","E92000001","E12000006","5","E14001573","E15000006","E24000005","E30000234","E16000150","E07000241","26ULGJ","E00121402","26ULGJ","E65000001","E01023908","E02004994","7","4B2","E00121402","E01023908","E02004994","E33027673","E38000049","E63011606","E1","6B1",51.726632,-0.204328,"E37000048","","E23000027",31254,"E56000035","E54000025","E00121402","E01023908","E02004994"
